Day	Month	Year	Tmin(c)	Tmax(c)	Prcp(mm)	Et0(mm)
1	1	2018	-31.12	-15.1	0.0	0.1569935706444488
2	1	2018	-20.04	-6.16	0.0	0.2757353609876894
3	1	2018	-15.81	-5.2	0.0	0.261269369315832
4	1	2018	-14.74	-7.7	0.0	0.1783414083730309
5	1	2018	-13.71	-8.77	0.0	0.1298316438815754
6	1	2018	-13.96	-1.14	0.0	0.3557892912043841
7	1	2018	-9.75	0.72	0.0	0.3545146248414443
8	1	2018	-10.18	-2.79	0.0	0.2409009432344592
9	1	2018	-14.63	-3.5	0.0	0.2968204211468964
10	1	2018	-25.45	-15.27	0.0	0.1391676541790097
11	1	2018	-30.67	-22.27	0.0	0.0769342814765621
12	1	2018	-31.79	-20.79	0.0	0.0969219726528267
13	1	2018	-28.04	-10.76	0.0	0.21837116154383
14	1	2018	-24.6	-10.72	0.0	0.212268331785551
15	1	2018	-30.39	-16.9	0.0	0.1379534494373882
16	1	2018	-20.09	-4.25	0.0	0.3283329351630541
17	1	2018	-10.06	5.2	0.0	0.5744950051335879
18	1	2018	-8.37	7.11	0.0	0.6525861892047594
19	1	2018	-5.27	3.59	0.0	0.3766040234226276
20	1	2018	-8.42	-0.28	0.0	0.3010475591611215
21	1	2018	-11.63	-3.55	0.0	0.2558736938052587
22	1	2018	-10.71	-0.64	0.0	0.3397306117623555
23	1	2018	-8.84	-3.19	0.0	0.2040898546663121
24	1	2018	-9.76	-5.25	0.0	0.154806710246568
25	1	2018	-11.14	-4.44	6.52	0.2089253169085799
26	1	2018	-13.7	-8.94	2.73	0.1274612172000959
27	1	2018	-22.56	-13.08	0.0	0.1656087373242205
28	1	2018	-25.48	-16.73	0.22	0.124976331757017
29	1	2018	-25.99	-7.53	1.15	0.2856163500728946
30	1	2018	-12.54	1.76	0.56	0.5118489922793641
31	1	2018	-24.79	-13.07	0.0	0.1850289438620041
1	2	2018	-28.67	-17.63	0.0	0.1327087507667878
2	2	2018	-22.51	-18.73	0.99	0.0633570078543607
3	2	2018	-28.17	-21.72	0.0	0.0763570000913219
4	2	2018	-27.57	-17.23	0.0	0.1357675145216301
5	2	2018	-25.4	-15.88	0.0	0.1449656627698587
6	2	2018	-27.15	-17.16	0.0	0.1361679717743443
7	2	2018	-29.31	-16.63	0.0	0.1535760781303203
8	2	2018	-27.88	-17.88	0.0	0.1306663343789703
9	2	2018	-28.39	-15.5	0.0	0.1689496384750044
10	2	2018	-19.77	-9.09	0.0	0.2482077625795073
11	2	2018	-29.15	-15.55	0.0	0.171994717771643
12	2	2018	-31.74	-13.68	0.0	0.2005628716766933
13	2	2018	-17.27	1.83	0.0	0.6517539047497533
14	2	2018	-16.97	1.14	0.15	0.6347269577146036
15	2	2018	-29.44	-13.97	0.0	0.199755368316275
16	2	2018	-21.15	-6.26	0.0	0.3813629658404778
17	2	2018	-19.26	-11.04	0.0	0.1968890340705644
18	2	2018	-24.21	-13.58	0.0	0.1908628664598373
19	2	2018	-28.61	-14.8	0.0	0.1901229212316745
20	2	2018	-25.07	-12.95	0.0	0.2173052196074889
21	2	2018	-31.25	-11.46	0.0	0.2555961569268937
22	2	2018	-24.23	-6.9	0.0	0.3845608218843231
23	2	2018	-21.18	-5.85	0.0	0.4231531820237584
24	2	2018	-16.07	-2.07	0.0	0.5636631154373837
25	2	2018	-16.44	-2.82	0.0	0.5347943318609607
26	2	2018	-16.29	-5.09	0.0	0.427969048720398
27	2	2018	-15.25	-2.98	0.0	0.5272202563557868
28	2	2018	-14.58	-0.07	0.0	0.6811061738978296
1	3	2018	-17.98	-4.58	0.0	0.4917019110568063
2	3	2018	-16.84	-5.73	0.0	0.4311882116729312
3	3	2018	-9.64	-4.58	2.61	0.1956336115672156
4	3	2018	-11.12	-5.05	4.3	0.2206255941778268
5	3	2018	-12.97	-8.8	0.0	0.1484440369756747
6	3	2018	-17.61	-6.69	0.0	0.4160031271600168
7	3	2018	-24.0	-7.64	0.0	0.4136495399504509
8	3	2018	-23.97	-7.79	0.0	0.4119152240202841
9	3	2018	-15.07	-4.36	0.0	0.5118771060905422
10	3	2018	-12.31	-1.25	0.0	0.6615240773817295
11	3	2018	-14.76	1.64	0.0	0.8452181925607228
12	3	2018	-16.26	-0.71	0.0	0.7307126228876862
13	3	2018	-15.72	0.75	0.0	0.8090198877586797
14	3	2018	-15.49	-0.36	0.0	0.7650696090221274
15	3	2018	-11.6	-3.49	0.0	0.5129960797072423
16	3	2018	-7.75	0.93	0.0	0.760575673516215
17	3	2018	-4.31	-0.55	1.18	0.3062554795807889
18	3	2018	-7.35	-0.91	0.0	0.5602928272789622
19	3	2018	-8.57	-1.5	0.0	0.5872914500392348
20	3	2018	-7.08	1.02	0.0	0.7816697632546681
21	3	2018	-10.94	2.11	0.0	0.9760481439177936
22	3	2018	-10.24	1.0	0.0	0.9062754793268536
23	3	2018	-4.39	0.1	3.43	0.3395510596039853
24	3	2018	-6.64	3.07	0.0	0.9833756621740788
25	3	2018	-6.94	1.35	0.45	0.8431511288013636
26	3	2018	-8.8	2.89	0.0	1.0393918575224468
27	3	2018	-11.6	-1.42	0.29	0.7725796412066309
28	3	2018	-17.32	-4.17	0.0	0.6601859670420185
29	3	2018	-21.8	-9.08	0.0	0.4538685490962708
30	3	2018	-24.63	-12.19	0.0	0.3566585784325885
31	3	2018	-21.93	-8.93	0.0	0.4762765538856748
1	4	2018	-19.3	-5.66	0.0	0.6191121522117391
2	4	2018	-21.72	-5.77	0.0	0.6018576396813282
3	4	2018	-18.72	-5.52	0.0	0.6288649310487849
4	4	2018	-19.24	-3.87	0.0	0.7019660933135526
5	4	2018	-19.6	-9.85	0.0	0.4214744123810555
6	4	2018	-23.44	-9.21	0.0	0.4783375892986085
7	4	2018	-23.01	-5.71	0.0	0.6098944589183707
8	4	2018	-14.12	-3.13	0.0	0.7614470463731612
9	4	2018	-9.54	-0.5	0.0	0.8751266564031618
10	4	2018	-12.1	4.86	0.0	1.1943715217201014
11	4	2018	-4.25	-0.1	1.76	0.5280031054278249
12	4	2018	-7.89	-1.66	0.0	0.676770817704819
13	4	2018	-9.37	1.16	0.0	1.0542697316655845
14	4	2018	-3.47	5.22	0.0	1.275795678885359
15	4	2018	-4.9	5.85	0.0	1.3343574839791823
16	4	2018	-1.16	4.63	0.0	1.0102357648941924
17	4	2018	-1.47	1.78	4.31	0.3167779568398248
18	4	2018	-4.97	9.3	0.0	1.551944639082549
19	4	2018	-2.19	11.79	0.0	1.7191691199079355
20	4	2018	-0.48	16.3	0.0	2.00833074760355
21	4	2018	0.89	17.77	0.34	2.1117340845810224
22	4	2018	3.93	13.21	0.0	1.758115868725582
23	4	2018	-0.29	13.14	0.0	1.8138511032059657
24	4	2018	-1.11	20.8	0.0	2.260567006010602
25	4	2018	2.31	17.39	0.0	2.027702858253629
26	4	2018	-1.0	21.39	0.0	2.2230899310108088
27	4	2018	-1.25	16.37	0.0	1.9468510867806008
28	4	2018	1.68	26.44	0.0	2.5482917127528544
29	4	2018	5.33	20.34	0.79	2.220093945472672
30	4	2018	-0.04	11.99	0.0	1.6694512842920572
1	5	2018	-2.44	16.91	0.0	1.9755582224078752
2	5	2018	1.15	18.45	0.24	2.1074580482818877
3	5	2018	4.85	20.95	0.0	2.28061985520329
4	5	2018	2.17	23.32	0.0	2.4183515580536628
5	5	2018	3.33	24.24	0.0	2.4866318012389654
6	5	2018	4.4	27.5	0.0	2.6911377963552843
7	5	2018	9.11	26.75	0.0	2.666959910220052
8	5	2018	6.77	17.57	3.96	1.846888592921339
9	5	2018	1.66	13.83	0.0	1.7895830390253824
10	5	2018	-0.03	10.41	2.01	1.4490651759011766
11	5	2018	3.45	11.16	0.94	1.5344599189919332
12	5	2018	1.27	21.04	0.0	2.29639535280398
13	5	2018	6.35	26.47	0.0	2.6710413052625537
14	5	2018	2.54	24.91	0.0	2.5446210858913028
15	5	2018	10.24	31.61	0.0	3.001823611967903
16	5	2018	9.06	26.72	1.62	2.666010437221633
17	5	2018	6.53	13.78	1.83	1.5107238194284986
18	5	2018	2.43	19.12	0.0	2.1612626658385863
19	5	2018	2.73	22.53	0.0	2.398407813144095
20	5	2018	3.8	25.56	0.0	2.604185776179434
21	5	2018	10.99	30.47	0.0	2.9274564745706595
22	5	2018	10.17	27.54	0.0	2.71732759115243
23	5	2018	10.46	30.32	2.6	2.677183481113226
24	5	2018	13.14	26.23	9.67	2.352678674519349
25	5	2018	10.99	25.66	0.0	2.559603560433633
26	5	2018	9.53	29.07	3.71	2.6177805539730636
27	5	2018	8.97	25.42	0.0	2.5927821473885007
28	5	2018	8.38	31.28	0.0	3.0225545839794674
29	5	2018	13.48	25.38	0.0	2.4635801972177704
30	5	2018	9.1	22.41	6.47	1.9720948845785344
31	5	2018	9.4	13.65	0.0	0.5573651703433173
1	6	2018	8.04	12.59	6.09	0.4363160136480251
2	6	2018	6.68	17.0	0.0	1.6761413970420007
3	6	2018	6.71	23.73	0.0	2.543207470251331
4	6	2018	9.32	26.61	2.68	2.4360664697574164
5	6	2018	8.73	20.55	0.0	2.1283800061920357
6	6	2018	5.58	27.58	0.0	2.8279495693368784
7	6	2018	8.39	27.31	0.0	2.8078180673923927
8	6	2018	13.85	24.38	0.0	2.2151174589650067
9	6	2018	13.77	30.26	1.64	2.955057755696448
10	6	2018	12.36	25.5	0.0	2.520748679252456
11	6	2018	7.51	17.4	1.16	1.6899157326366705
12	6	2018	7.75	20.57	0.0	2.178260736477322
13	6	2018	6.88	25.9	0.0	2.730562723869964
14	6	2018	8.37	24.4	0.82	2.6096491702796745
15	6	2018	9.49	23.64	0.0	2.50630292577472
16	6	2018	6.59	22.18	0.0	2.452839747371057
17	6	2018	7.8	25.68	0.0	2.7125316042365144
18	6	2018	8.53	27.88	0.0	2.869979150125474
19	6	2018	9.6	28.47	0.0	2.9089487497955178
20	6	2018	11.14	30.29	0.0	3.0285389037604133
21	6	2018	12.09	30.43	0.0	3.027673855121966
22	6	2018	13.85	29.92	5.92	2.6238062857210056
23	6	2018	13.17	26.92	0.0	2.6851977426230156
24	6	2018	16.37	26.96	15.36	1.869612660698448
25	6	2018	14.85	30.41	0.0	2.846202594612005
26	6	2018	12.38	24.81	0.0	2.255791015794908
27	6	2018	6.73	25.31	0.0	2.637032851573266
28	6	2018	7.28	23.9	0.0	2.4698776617526623
29	6	2018	8.98	24.51	0.0	2.460441406801501
30	6	2018	10.87	25.14	10.88	1.952351338418842
1	7	2018	10.87	19.8	9.16	1.0551125910215742
2	7	2018	8.15	22.34	1.77	2.0124706032909323
3	7	2018	7.78	20.94	2.67	1.4736131027139414
4	7	2018	10.82	19.22	2.62	0.8892222378644891
5	7	2018	7.95	25.64	0.0	2.3687561593054065
6	7	2018	13.61	32.79	0.0	2.863433580689692
7	7	2018	14.2	30.71	0.0	2.597872559113274
8	7	2018	10.46	23.67	0.0	1.9499830207466415
9	7	2018	8.46	27.16	0.0	2.4901385463257055
10	7	2018	13.58	29.67	11.81	2.018377154272629
11	7	2018	14.76	24.87	0.76	1.5221742785936283
12	7	2018	15.28	28.01	0.0	1.9835703616593696
13	7	2018	14.81	30.47	0.0	2.390880741201714
14	7	2018	11.95	21.59	0.0	1.3445980509414193
15	7	2018	8.79	23.43	0.0	1.9596364346823527
16	7	2018	7.0	25.82	0.0	2.310438826666628
17	7	2018	10.06	34.03	0.0	2.9587135040337875
18	7	2018	15.4	29.48	0.0	2.20385724687383
19	7	2018	13.49	27.85	0.0	2.1635234476027247
20	7	2018	13.14	28.96	0.0	2.3364166775677684
21	7	2018	16.7	25.64	0.0	1.3785919625817569
22	7	2018	12.18	22.73	0.4	1.5420560909006369
23	7	2018	10.89	22.36	0.0	1.633910427374521
24	7	2018	8.84	22.42	0.0	1.8304474605544705
25	7	2018	8.69	22.52	0.0	1.850733925323016
26	7	2018	7.14	23.61	0.0	2.06319298834926
27	7	2018	10.13	25.18	0.0	2.0623738300087644
28	7	2018	9.15	27.24	0.0	2.333539129823509
29	7	2018	8.64	29.18	0.0	2.5200295155145978
30	7	2018	12.19	32.54	0.0	2.68915757261045
31	7	2018	11.41	24.39	0.0	1.7918798388352546
1	8	2018	8.31	27.26	0.58	2.3131574801632135
2	8	2018	14.3	29.85	12.0	1.8032401507121616
3	8	2018	13.29	27.41	0.0	1.8968160033706651
4	8	2018	12.86	23.67	3.26	1.1051272002080264
5	8	2018	13.0	23.3	0.0	1.3069413232147422
6	8	2018	11.3	29.06	0.0	2.214669265093461
7	8	2018	12.76	29.33	0.0	2.159617290357433
8	8	2018	11.63	29.21	0.0	2.209643267714315
9	8	2018	12.44	33.29	0.0	2.5565311453307245
10	8	2018	14.0	37.66	0.0	2.8409914527918207
11	8	2018	14.17	30.61	0.0	2.142417527741676
12	8	2018	12.04	21.98	0.0	1.1581559559342889
13	8	2018	7.54	16.76	0.78	0.92205769910646
14	8	2018	3.62	27.47	0.0	2.235188789123749
15	8	2018	10.23	28.01	0.0	2.070980759135008
16	8	2018	9.43	26.19	0.0	1.9351886805296332
17	8	2018	9.73	30.18	0.0	2.288118981150412
18	8	2018	10.37	23.73	0.0	1.5442863714746098
19	8	2018	3.65	23.7	0.0	1.8986661722781104
20	8	2018	4.27	23.51	0.0	1.8430609360328452
21	8	2018	4.99	27.63	0.0	2.1430973240451534
22	8	2018	10.6	30.89	0.0	2.2281499520126813
23	8	2018	8.08	23.93	0.0	1.7052821002241578
24	8	2018	7.32	19.36	0.0	1.2067327536196666
25	8	2018	7.12	17.76	0.0	1.0309626078508376
26	8	2018	6.89	17.21	6.66	0.8448321897487843
27	8	2018	7.94	13.99	4.43	0.5109276698189029
28	8	2018	6.83	17.74	0.0	1.01149988108972
29	8	2018	6.52	26.9	0.0	2.014440273806456
30	8	2018	9.15	22.89	1.14	1.4578513544040652
31	8	2018	7.25	20.08	0.0	1.296937034316414
1	9	2018	6.02	19.88	0.0	1.3557371144369934
2	9	2018	2.93	20.4	0.0	1.5525215020288428
3	9	2018	4.87	19.68	0.0	1.3895272845494522
4	9	2018	1.99	13.62	0.0	0.9173684856874816
5	9	2018	-1.08	21.62	0.0	1.7041314641175072
6	9	2018	2.82	24.14	0.0	1.8115588361964383
7	9	2018	7.05	24.04	0.0	1.6418411124464565
8	9	2018	11.27	23.64	1.39	1.2966947585889663
9	9	2018	8.86	20.8	0.0	1.1577567649204905
10	9	2018	3.54	18.28	1.24	1.2574590993465904
11	9	2018	5.96	16.36	0.0	0.8732202496204411
12	9	2018	3.5	14.75	8.54	0.7943736910400542
13	9	2018	4.13	11.5	0.0	0.5858861341600189
14	9	2018	2.15	8.21	0.0	0.4521971608384019
15	9	2018	5.4	10.98	1.36	0.4628525960799961
16	9	2018	5.25	8.94	9.82	0.2793235936913039
17	9	2018	3.73	10.6	0.0	0.5456258355206871
18	9	2018	3.6	10.23	0.0	0.5273837923964866
19	9	2018	1.77	15.38	0.0	1.002761889867096
20	9	2018	3.62	13.16	3.99	0.6857254746298306
21	9	2018	0.12	5.63	1.97	0.392041121096474
22	9	2018	-0.57	1.83	2.91	0.1521178890953936
23	9	2018	-0.3	2.18	0.68	0.1767237815365926
24	9	2018	-0.18	11.52	0.17	0.8150662127622784
25	9	2018	1.78	13.54	0.0	0.8670274903706364
26	9	2018	2.24	16.29	0.0	1.022819547619389
27	9	2018	-2.47	7.36	0.0	0.6210722305637265
28	9	2018	-4.45	7.39	0.0	0.6876883673862937
29	9	2018	-4.16	6.63	0.0	0.6329585835476732
30	9	2018	-7.83	4.36	0.0	0.6315812620359342
1	10	2018	-1.74	3.44	1.33	0.3318770318493232
2	10	2018	-1.83	5.59	0.0	0.4764774957020147
3	10	2018	-3.22	6.8	0.0	0.6042181321835809
4	10	2018	-5.39	6.67	0.0	0.6571854459401909
5	10	2018	-4.61	8.43	0.0	0.727362652493432
6	10	2018	-6.54	12.49	0.0	0.977334117147142
7	10	2018	-3.26	12.5	0.0	0.9227887043583224
8	10	2018	-3.34	0.95	0.0	0.2524621037578552
9	10	2018	-6.42	3.48	0.0	0.5095967076976031
10	10	2018	-10.38	5.04	0.0	0.6482857140049222
11	10	2018	-10.09	6.29	0.0	0.693395682216625
12	10	2018	-3.92	5.86	8.39	0.501443085274434
13	10	2018	-4.66	0.12	0.0	0.2565900171534837
14	10	2018	-8.55	3.67	0.0	0.5480446267408926
15	10	2018	-0.11	13.69	0.0	0.8427768048824492
16	10	2018	-2.91	9.63	0.0	0.6936795160905705
17	10	2018	-1.54	20.9	0.0	1.2653394017988833
18	10	2018	0.54	18.95	0.0	1.1031236548233905
19	10	2018	-4.26	13.31	0.0	0.8852910261578496
20	10	2018	-9.17	15.02	0.0	0.9976126064053408
21	10	2018	-2.44	13.89	0.0	0.866703453106744
22	10	2018	-6.89	10.23	0.0	0.7632698239655218
23	10	2018	-5.14	15.62	0.0	0.9789355700980736
24	10	2018	-2.25	18.16	0.0	1.0554807088668616
25	10	2018	-1.97	14.06	0.0	0.8392375746809607
26	10	2018	-3.72	10.66	0.0	0.7038463158219616
27	10	2018	-2.41	12.7	0.0	0.7713571858743126
28	10	2018	-5.23	9.12	0.0	0.6555229684344094
29	10	2018	0.91	7.6	0.0	0.3760953362587793
30	10	2018	-1.11	6.68	0.0	0.4074399271695969
31	10	2018	-3.35	9.32	0.0	0.6119576976997038
1	11	2018	-2.3	4.48	0.81	0.3337067498977344
2	11	2018	-2.33	0.23	0.0	0.1249156168299128
3	11	2018	-4.44	1.65	0.0	0.2721115996738191
4	11	2018	-1.81	4.15	2.04	0.2815703736060368
5	11	2018	-8.66	0.72	3.06	0.3421921338006385
6	11	2018	-13.02	-8.24	0.0	0.1415349885256528
7	11	2018	-14.23	-9.44	0.0	0.1315851612942862
8	11	2018	-18.44	-9.95	0.0	0.1899960951071233
9	11	2018	-21.12	-5.97	1.72	0.3079951140946972
10	11	2018	-10.24	-4.7	0.42	0.1887697705916415
11	11	2018	-12.22	-6.46	0.0	0.1766816479014487
12	11	2018	-14.09	-6.6	0.0	0.2102586007897096
13	11	2018	-8.81	2.68	0.0	0.4311788493803655
14	11	2018	-5.14	4.26	0.0	0.409478573742184
15	11	2018	-4.44	1.65	0.0	0.2683728171267405
16	11	2018	-19.91	-6.49	0.0	0.282314133290674
17	11	2018	-21.13	-6.41	0.0	0.2902204975622717
18	11	2018	-14.19	-8.55	0.58	0.1531001912805878
19	11	2018	-17.47	-0.28	0.0	0.42418131876284
20	11	2018	-6.79	-0.19	0.0	0.262202121031567
21	11	2018	-6.0	-1.14	0.0	0.1986728039173155
22	11	2018	-4.5	4.24	0.0	0.3870150025739546
23	11	2018	-5.67	1.54	0.0	0.3031552976753999
24	11	2018	-9.17	-5.05	0.0	0.1447102168960735
25	11	2018	-9.05	-5.51	0.0	0.1245133533618473
26	11	2018	-7.73	-4.19	0.63	0.1334479264945295
27	11	2018	-6.36	-3.77	0.0	0.1044254545425316
28	11	2018	-7.74	-4.84	0.47	0.109012271259567
29	11	2018	-5.59	-2.35	0.0	0.1352746156596134
30	11	2018	-7.21	-3.9	0.0	0.1281716332582055
1	12	2018	-7.86	-5.05	0.0	0.1053045118583056
2	12	2018	-9.79	-4.76	0.0	0.1728642743884301
3	12	2018	-12.98	-5.99	0.35	0.2043946256739749
4	12	2018	-12.98	-7.17	0.39	0.1686505204938968
5	12	2018	-13.87	-6.26	0.0	0.2117710825660932
6	12	2018	-17.24	-8.22	0.0	0.2080995269816537
7	12	2018	-20.08	-8.68	0.0	0.2247978798908994
8	12	2018	-19.38	-7.38	0.0	0.2474501792380539
9	12	2018	-15.94	-4.98	0.0	0.2734773045131857
10	12	2018	-16.65	-1.45	0.0	0.3715920097477561
11	12	2018	-9.32	0.09	0.0	0.326436203941038
12	12	2018	-6.92	0.79	0.0	0.2974897996802513
13	12	2018	-10.27	1.71	0.0	0.3981095742351194
14	12	2018	-9.48	4.45	0.0	0.4812304936861744
15	12	2018	-3.68	5.98	0.0	0.4255533693771967
16	12	2018	-13.33	-4.04	0.0	0.2618430046960686
17	12	2018	-8.56	3.08	0.0	0.4169529809036286
18	12	2018	-7.59	3.74	0.0	0.4231912606269841
19	12	2018	-5.6	0.53	0.0	0.2487918844073905
20	12	2018	-9.96	1.78	0.0	0.3944003903137598
21	12	2018	-4.57	4.06	0.18	0.3665589646965886
22	12	2018	-9.5	-2.95	0.0	0.2212263990190793
23	12	2018	-17.6	-6.87	0.0	0.2401896156565495
24	12	2018	-16.93	-9.37	0.0	0.1721425550576338
25	12	2018	-18.24	-10.8	0.0	0.1562936768557248
26	12	2018	-14.53	-8.17	0.0	0.1642476373775395
27	12	2018	-22.47	-9.08	0.0	0.2281234283928376
28	12	2018	-22.33	-4.83	0.0	0.3127908625458243
29	12	2018	-14.06	-5.05	0.91	0.2417011660635144
30	12	2018	-21.21	-12.27	0.16	0.1576046228588079
31	12	2018	-29.88	-16.99	0.0	0.1323078105216056
1	1	2019	-25.32	-2.01	0.65	0.371063019944759
2	1	2019	-11.97	3.53	0.0	0.4789886471299698
3	1	2019	-5.35	3.2	0.0	0.3459406365488408
4	1	2019	-8.56	-0.54	0.0	0.2808011333547686
5	1	2019	-8.05	-3.21	0.0	0.1698138023031386
6	1	2019	-6.55	0.11	0.53	0.2544713570316564
7	1	2019	-14.7	-2.09	1.33	0.3364190281074364
8	1	2019	-23.01	-14.21	0.0	0.1380113891140074
9	1	2019	-24.92	-10.79	0.68	0.2094962680406872
10	1	2019	-16.35	-9.81	0.0	0.1517705120468683
11	1	2019	-15.53	-10.6	0.0	0.1178570713007522
12	1	2019	-15.06	-3.5	0.0	0.3036324377500659
13	1	2019	-13.18	-1.89	0.0	0.32784892439075
14	1	2019	-10.7	-3.16	0.0	0.2427311987536554
15	1	2019	-22.07	-5.8	0.0	0.2995004416377325
16	1	2019	-22.53	-16.25	0.0	0.1000873338056658
17	1	2019	-27.99	-16.73	0.0	0.1331719041970859
18	1	2019	-31.51	-19.9	0.0	0.1070073589830536
19	1	2019	-25.82	-16.57	1.58	0.1245907449284336
20	1	2019	-19.46	-12.14	0.0	0.1463996916902592
21	1	2019	-18.82	-7.94	0.0	0.2361227351996219
22	1	2019	-17.08	-4.09	0.0	0.3188093027315409
23	1	2019	-23.9	-6.67	0.0	0.293789691996431
24	1	2019	-29.33	-12.22	0.0	0.203889767423139
25	1	2019	-22.51	-8.25	0.0	0.2592664261050033
26	1	2019	-13.79	-2.38	2.74	0.3210928886167322
27	1	2019	-9.33	4.51	0.76	0.548308783274281
28	1	2019	-23.93	-10.68	0.0	0.2208316708044737
29	1	2019	-31.31	-22.91	0.0	0.0780452281279095
30	1	2019	-25.22	-15.27	0.69	0.1477658845251412
31	1	2019	-16.98	-3.6	0.45	0.3447302798303054
1	2	2019	-19.5	-10.07	0.94	0.2049085572373662
2	2	2019	-24.08	-17.82	1.25	0.0977087988985263
3	2	2019	-25.94	-22.69	0.0	0.0425528473551755
4	2	2019	-25.37	-22.35	1.75	0.0412696160747857
5	2	2019	-33.79	-23.02	0.0	0.089893349152197
6	2	2019	-37.64	-25.38	0.0	0.0772876647855841
7	2	2019	-38.51	-24.95	0.0	0.0815717447244347
8	2	2019	-37.96	-25.88	0.0	0.0746951449626211
9	2	2019	-34.45	-23.21	0.0	0.0915342414435973
10	2	2019	-34.02	-22.39	0.0	0.0987260139910874
11	2	2019	-28.48	-17.27	1.48	0.1444586402074215
12	2	2019	-32.51	-21.59	0.0	0.1044806639091826
13	2	2019	-30.47	-21.23	0.0	0.1012788962535132
14	2	2019	-33.12	-19.65	0.0	0.1289357228053302
15	2	2019	-32.96	-19.18	0.9	0.1346721305251875
16	2	2019	-20.88	-13.59	1.73	0.1547464429015194
17	2	2019	-19.57	-13.94	0.7	0.1285667999284575
18	2	2019	-28.17	-17.64	0.0	0.1439575874714825
19	2	2019	-28.67	-12.8	0.0	0.222475971709996
20	2	2019	-23.5	-10.87	0.76	0.2445387676523617
21	2	2019	-24.16	-12.63	0.0	0.2132661808251035
22	2	2019	-27.06	-12.37	0.0	0.2319824115632082
23	2	2019	-23.62	-14.15	0.0	0.1813256877111544
24	2	2019	-31.25	-21.41	0.0	0.1109907485468966
25	2	2019	-33.12	-18.83	0.0	0.1483933421544221
26	2	2019	-31.16	-16.93	0.0	0.1720478273798959
27	2	2019	-18.6	-6.97	0.0	0.3806163330357885
28	2	2019	-18.38	-10.23	0.38	0.2352020303052452
1	3	2019	-27.1	-16.16	0.0	0.174983611861664
2	3	2019	-33.71	-21.27	0.0	0.1250907455491934
3	3	2019	-24.95	-15.74	0.0	0.1706941977999809
4	3	2019	-19.41	-10.25	0.0	0.272828520821556
5	3	2019	-18.23	-8.54	0.0	0.3311404437786708
6	3	2019	-25.38	-13.28	0.0	0.2416053777042579
7	3	2019	-24.46	-9.4	0.0	0.35337488275594
8	3	2019	-16.9	-6.88	0.0	0.3992936785758048
9	3	2019	-16.0	-6.4	0.0	0.4149643265832701
10	3	2019	-22.26	-6.91	0.0	0.4481420345174431
11	3	2019	-16.24	-0.23	0.0	0.7372299911680653
12	3	2019	-4.7	3.2	0.0	0.7799758476058086
13	3	2019	-4.73	2.87	0.0	0.7678544132370781
14	3	2019	-10.29	1.41	0.0	0.8498301361737816
15	3	2019	-12.77	1.46	0.0	0.8720718855697951
16	3	2019	-10.3	2.3	0.0	0.9260405780355226
17	3	2019	-12.24	3.4	0.0	0.997193290086112
18	3	2019	-4.27	4.78	0.0	1.00464616038992
19	3	2019	-4.15	8.05	0.0	1.3092236382343776
20	3	2019	-3.12	11.01	0.0	1.4747065819497804
21	3	2019	-2.28	11.06	0.0	1.488407581921657
22	3	2019	-2.51	13.76	0.0	1.6351359657554505
23	3	2019	-1.8	11.13	0.0	1.50205384038518
24	3	2019	-6.13	2.17	0.0	0.867735105347138
25	3	2019	-7.63	5.89	0.0	1.210432245859229
26	3	2019	-1.05	14.85	2.6	1.6134254877082883
27	3	2019	-1.89	4.48	0.0	0.9036259742024876
28	3	2019	-6.16	7.16	0.0	1.2989578837249045
29	3	2019	-4.39	4.51	0.0	1.1162810180981286
30	3	2019	-5.75	12.62	0.0	1.5859180177645913
31	3	2019	-4.11	5.18	0.0	1.1866637495602923
1	4	2019	-3.7	9.28	1.21	1.441867505130871
2	4	2019	-6.97	2.71	0.0	1.045340267867111
3	4	2019	-7.86	10.13	0.0	1.454480916336332
4	4	2019	-1.93	10.46	0.0	1.5215207074585233
5	4	2019	-4.95	8.75	0.0	1.4220529401452922
6	4	2019	0.96	6.13	0.0	0.9192686447468648
7	4	2019	0.52	16.53	0.0	1.9153422317188895
8	4	2019	-2.73	16.71	0.0	1.8922885518674684
9	4	2019	-4.46	8.49	0.0	1.424765192422589
10	4	2019	-6.29	9.45	0.0	1.4739081048765448
11	4	2019	-6.36	9.15	0.0	1.458920948733181
12	4	2019	-8.33	10.28	0.0	1.4931880267802031
13	4	2019	-4.47	15.33	0.0	1.8170136942144948
14	4	2019	2.69	16.41	0.07	1.874459463933376
15	4	2019	-0.36	12.93	1.22	1.663105746229941
16	4	2019	-3.26	13.57	0.0	1.6969844245113843
17	4	2019	0.55	15.77	0.0	1.8494530694389817
18	4	2019	-0.94	17.68	0.0	1.9575084900523116
19	4	2019	6.36	19.73	0.0	2.093029830944885
20	4	2019	2.11	17.01	0.0	1.9406750664547476
21	4	2019	-1.88	14.27	0.0	1.7672384245960608
22	4	2019	-0.81	22.12	0.0	2.224736198571323
23	4	2019	7.27	20.05	0.0	2.112658319062312
24	4	2019	0.2	17.25	0.0	1.965640054430408
25	4	2019	-2.4	12.35	0.0	1.657272823846787
26	4	2019	-5.74	12.68	0.0	1.6523893872748812
27	4	2019	-3.3	10.88	0.0	1.5654540744505052
28	4	2019	-4.86	6.04	0.0	1.2671726286704588
29	4	2019	-8.95	9.23	0.0	1.4399728105151803
30	4	2019	-5.71	11.12	1.61	1.5776585068162603
1	5	2019	-7.38	9.92	1.14	1.5506948280596498
2	5	2019	-3.27	9.58	0.0	1.4902522857370464
3	5	2019	-4.9	11.61	0.0	1.6210012879571976
4	5	2019	-5.58	8.98	0.0	1.462440547363928
5	5	2019	-6.57	6.26	0.0	1.3012247564299744
6	5	2019	-6.4	12.16	0.0	1.644440078738343
7	5	2019	0.58	14.04	0.0	1.7831574348933668
8	5	2019	-4.91	12.43	0.0	1.6836413932646894
9	5	2019	-0.39	15.63	1.42	1.9060079594420312
10	5	2019	3.72	17.99	1.83	2.05514396643002
11	5	2019	3.65	16.48	0.0	1.945008630191951
12	5	2019	3.07	24.18	0.0	2.4930175133991455
13	5	2019	4.31	21.99	0.0	2.358113794792693
14	5	2019	1.66	20.88	0.52	2.280271664051218
15	5	2019	4.13	16.18	0.0	1.9220312917297824
16	5	2019	-1.36	15.31	0.0	1.9096871027826992
17	5	2019	-0.76	17.83	0.0	2.0793518353140885
18	5	2019	1.51	16.18	0.0	1.9693473133298849
19	5	2019	-1.25	17.09	0.0	2.0349370865954497
20	5	2019	1.14	20.19	0.0	2.2526732635314115
21	5	2019	2.84	22.38	0.0	2.4065557630439978
22	5	2019	5.14	24.25	0.0	2.5434885195587165
23	5	2019	5.33	24.57	0.0	2.565390851016398
24	5	2019	6.16	24.23	2.29	2.325939859395822
25	5	2019	4.55	13.61	4.47	1.5963021310570955
26	5	2019	-0.09	18.24	0.0	2.135121160950767
27	5	2019	2.58	23.48	0.0	2.4962618870817255
28	5	2019	6.6	28.41	0.0	2.8366144774890727
29	5	2019	10.3	31.11	0.0	3.015168114225468
30	5	2019	10.92	32.22	0.0	3.0879524489320245
31	5	2019	5.73	20.78	0.0	2.287472343488261
1	6	2019	4.8	24.63	0.0	2.5819129660092663
2	6	2019	10.46	32.47	0.0	3.110749268660473
3	6	2019	8.05	33.91	0.0	3.194780588398186
4	6	2019	10.67	24.72	0.44	2.49836046730869
5	6	2019	10.16	24.63	0.0	2.5104538892767896
6	6	2019	14.08	26.1	2.69	2.3304913064562514
7	6	2019	8.96	21.55	0.0	2.2787012643771622
8	6	2019	4.33	16.31	1.42	1.9464058751627116
9	6	2019	3.63	18.7	0.0	2.157595096820679
10	6	2019	3.64	23.74	0.44	2.5303776413806847
11	6	2019	6.44	21.03	0.35	2.303683503202743
12	6	2019	6.28	23.53	1.3	2.5099345354191582
13	6	2019	8.69	28.77	0.0	2.8832940059943186
14	6	2019	11.47	22.97	1.87	2.3322939595248418
15	6	2019	10.29	17.26	3.41	1.4555663581617575
16	6	2019	9.74	17.9	0.0	1.9241469578530117
17	6	2019	5.15	22.96	0.0	2.4927480426166
18	6	2019	8.72	26.9	0.0	2.761499177519911
19	6	2019	11.04	25.18	12.1	2.3687816532379378
20	6	2019	9.2	14.99	18.42	0.8248662319301663
21	6	2019	6.49	20.0	23.83	1.728727563554988
22	6	2019	11.53	16.83	12.87	0.5652009716654403
23	6	2019	10.12	22.08	0.36	1.790804758374897
24	6	2019	9.39	20.33	2.49	1.236853875924639
25	6	2019	10.11	19.97	3.5	1.1142791633501925
26	6	2019	8.11	23.33	0.0	2.1296120717221263
27	6	2019	9.94	26.02	9.55	1.9146506419374336
28	6	2019	14.71	23.86	2.6	1.088954485879165
29	6	2019	12.96	25.87	0.0	2.035674110293997
30	6	2019	10.16	22.73	0.0	1.852118701436993
1	7	2019	8.38	28.55	2.77	2.176139451632757
2	7	2019	6.0	21.03	0.0	1.9454004902699216
3	7	2019	9.66	20.19	0.0	1.5440588909066184
4	7	2019	6.77	21.58	0.0	1.9855774916806943
5	7	2019	11.33	20.3	0.93	1.3435545337150936
6	7	2019	12.56	25.27	0.72	2.015027347344153
7	7	2019	15.09	27.51	0.0	2.0743380544048287
8	7	2019	13.8	24.19	0.0	1.6802904579022828
9	7	2019	10.62	23.82	0.0	1.983002153922548
10	7	2019	9.15	26.33	0.0	2.3727864650817643
11	7	2019	13.55	23.59	0.0	1.6205028548772225
12	7	2019	9.27	25.07	0.0	2.2334016869502435
13	7	2019	11.9	27.85	9.24	1.9402987126113815
14	7	2019	14.78	26.88	10.07	1.5285254965533297
15	7	2019	13.08	24.56	0.91	1.7205491103364063
16	7	2019	10.3	20.09	6.12	1.05027307743627
17	7	2019	13.87	22.49	0.24	1.2198323350576197
18	7	2019	10.88	25.33	2.42	1.6057476779532005
19	7	2019	10.14	17.96	9.55	0.8550225414917884
20	7	2019	10.31	23.01	0.0	1.691838811467084
21	7	2019	12.08	24.81	0.0	1.763284981993644
22	7	2019	11.2	27.07	0.0	2.0861717218789364
23	7	2019	14.08	29.55	0.0	2.14873892255766
24	7	2019	15.2	29.53	3.2	1.6224889233336943
25	7	2019	12.53	17.31	4.23	0.5395267269972807
26	7	2019	13.86	24.92	0.0	1.4987613046874246
27	7	2019	12.4	31.13	0.0	2.354212518471904
28	7	2019	9.5	20.12	0.5	1.2677669404455132
29	7	2019	5.32	23.31	0.0	1.913007447416111
30	7	2019	12.09	28.84	2.64	1.7169318321692135
31	7	2019	12.32	25.33	3.4	1.3641707618572176
1	8	2019	13.14	31.04	3.04	1.831065630279665
2	8	2019	15.45	32.61	0.0	2.213455453464231
3	8	2019	15.54	27.68	0.0	1.589050768759835
4	8	2019	10.34	25.37	0.0	1.767689428198159
5	8	2019	10.72	27.88	0.0	1.9954007853726312
6	8	2019	10.21	20.83	1.47	1.2101775167606696
7	8	2019	4.34	21.83	0.0	1.7026407247718598
8	8	2019	5.48	23.16	0.0	1.7660207127252157
9	8	2019	9.94	24.58	2.58	1.3900301085648956
10	8	2019	7.47	20.59	0.0	1.3561859227260098
11	8	2019	5.8	21.58	0.0	1.5695052358673087
12	8	2019	10.07	18.66	0.0	0.9621433713692226
13	8	2019	7.07	22.65	0.0	1.5919682872768766
14	8	2019	9.61	24.76	0.0	1.6339878108244728
15	8	2019	9.34	26.0	0.0	1.7612635757831492
16	8	2019	10.38	21.97	0.0	1.2468397828775784
17	8	2019	4.74	17.81	0.0	1.2167714188922545
18	8	2019	2.47	20.69	0.0	1.5570654260199048
19	8	2019	3.75	20.38	0.0	1.463092641356418
20	8	2019	3.3	24.06	0.0	1.7745876808757728
21	8	2019	5.67	26.41	0.0	1.874042787078376
22	8	2019	12.16	27.29	7.7	1.4041351612386224
23	8	2019	9.22	21.87	0.0	1.262099239538872
24	8	2019	12.44	27.85	1.48	1.5836398910162184
25	8	2019	11.24	21.65	8.58	0.9655830543238936
26	8	2019	8.71	19.35	0.0	1.0453658702255737
27	8	2019	8.76	19.43	0.0	1.0440480983239395
28	8	2019	7.1	24.12	0.54	1.5326751999847694
29	8	2019	6.31	20.35	0.0	1.2652340600848095
30	8	2019	4.22	19.02	0.95	1.2520170714414969
31	8	2019	7.18	21.6	1.27	1.311877762634509
1	9	2019	6.18	22.22	8.63	1.2632125604972753
2	9	2019	10.59	20.63	1.96	1.0018963879966103
3	9	2019	7.25	25.33	0.0	1.5768679202497338
4	9	2019	9.25	21.21	1.1	1.1387164252627238
5	9	2019	8.07	22.9	0.0	1.339568375063255
6	9	2019	5.38	22.15	0.0	1.3975218402661125
7	9	2019	6.94	22.42	0.0	1.3454331050991124
8	9	2019	7.42	21.35	0.0	1.231329274719411
9	9	2019	9.04	15.09	1.77	0.5709273585843546
10	9	2019	8.36	11.5	6.85	0.2683735597008577
11	9	2019	8.83	12.84	2.98	0.3423330068824468
12	9	2019	7.28	16.21	0.0	0.8038154567412702
13	9	2019	3.82	22.71	0.0	1.4510244407884991
14	9	2019	8.62	23.83	0.0	1.3418028311769794
15	9	2019	8.53	27.07	0.0	1.5702441913300729
16	9	2019	9.27	31.5	0.0	1.8283642323455325
17	9	2019	13.05	26.28	0.13	1.2645331701849438
18	9	2019	10.95	21.93	2.21	0.932045591248664
19	9	2019	9.46	21.32	2.12	0.969822808170526
20	9	2019	9.04	21.2	0.0	1.0789339097277593
21	9	2019	4.93	18.44	0.0	1.0705499985116207
22	9	2019	5.03	25.85	0.0	1.563099401046447
23	9	2019	8.01	20.7	1.85	1.0757860648940047
24	9	2019	5.33	17.17	0.0	0.9372859862658774
25	9	2019	2.36	15.75	1.07	0.9611677081280958
26	9	2019	1.55	10.09	7.93	0.5488669978297922
27	9	2019	0.86	7.75	0.0	0.4730028528204097
28	9	2019	0.83	6.09	0.0	0.3590557715230766
29	9	2019	0.23	5.11	6.83	0.2971804117664361
30	9	2019	0.42	1.83	4.59	0.092979508838207
1	10	2019	0.24	4.78	0.0	0.3056227007255733
2	10	2019	-3.15	10.57	0.0	0.8039374943980594
3	10	2019	-1.47	12.01	0.0	0.8357643790557319
4	10	2019	1.91	10.99	0.0	0.6389792626875217
5	10	2019	-1.32	13.65	0.0	0.9148476430414404
6	10	2019	2.99	15.81	0.0	0.9043762328927828
7	10	2019	2.36	20.21	0.0	1.1838071726182735
8	10	2019	-2.33	8.25	0.27	0.6248038468732364
9	10	2019	-6.87	3.33	0.0	0.4972849916901755
10	10	2019	-9.35	4.24	0.0	0.5878607631387126
11	10	2019	-8.91	6.96	0.0	0.693321999393105
12	10	2019	-8.31	7.65	0.0	0.7101089917358122
13	10	2019	-9.36	9.68	0.0	0.8057246516323022
14	10	2019	-1.55	4.09	1.13	0.3227865676944531
15	10	2019	-2.68	6.16	0.0	0.4886530227102815
16	10	2019	-0.78	11.93	0.0	0.7474856622771671
17	10	2019	0.56	18.32	0.0	1.0573437733075466
18	10	2019	-0.66	15.58	0.0	0.9322815654603186
19	10	2019	-1.53	14.17	0.0	0.8718161511252884
20	10	2019	-4.44	7.16	0.0	0.5804344185879511
21	10	2019	-6.89	8.89	0.0	0.7106102965245215
22	10	2019	-5.81	6.61	0.0	0.5832082921957222
23	10	2019	-5.67	4.21	0.0	0.4634185222816859
24	10	2019	-5.9	7.95	0.0	0.6401802112327476
25	10	2019	-0.81	16.73	1.39	0.9601449318401852
26	10	2019	-6.04	3.0	0.69	0.4188841793521427
27	10	2019	-9.14	-3.81	3.74	0.1946694913328848
28	10	2019	-8.74	-4.11	1.9	0.182064736787018
29	10	2019	-12.16	-5.04	0.0	0.239077468075558
30	10	2019	-17.57	0.01	0.0	0.4682010576276166
31	10	2019	-2.69	3.64	0.8	0.3213369051183365
1	11	2019	-3.35	4.27	0.0	0.3773016464836746
2	11	2019	-5.41	4.82	0.99	0.4678415041036347
3	11	2019	-5.77	1.55	0.0	0.32418858086766
4	11	2019	-12.9	-4.59	0.0	0.2617972906206656
5	11	2019	-15.84	-5.27	0.94	0.2879024110796693
6	11	2019	-20.16	-8.4	0.0	0.2509655253959123
7	11	2019	-20.71	-4.91	0.0	0.3354126654312259
8	11	2019	-7.08	2.8	0.6	0.4084343072823469
9	11	2019	-13.79	-1.37	0.82	0.3752726872307539
10	11	2019	-20.8	-11.44	0.0	0.1838453109687065
11	11	2019	-22.6	-9.18	0.0	0.2444105600311028
12	11	2019	-14.78	-2.07	0.0	0.3614570416963952
13	11	2019	-15.47	-0.6	0.0	0.4105649529380182
14	11	2019	-7.75	-0.19	0.0	0.2927669092676023
15	11	2019	-6.27	2.36	2.65	0.3416026474902483
16	11	2019	-1.26	2.12	1.77	0.1697077822800138
17	11	2019	-2.19	4.98	0.0	0.350716787538158
18	11	2019	-0.72	7.4	0.0	0.4201746513781475
19	11	2019	-4.45	1.21	0.0	0.250000772596901
20	11	2019	-6.23	-1.19	0.0	0.2058502453714617
21	11	2019	-6.0	4.03	0.0	0.4192515108535218
22	11	2019	-5.45	5.54	0.0	0.4683325548799378
23	11	2019	-1.37	10.83	0.0	0.5948421810051481
24	11	2019	-1.99	3.84	1.55	0.2778732264923821
25	11	2019	-5.66	-0.51	0.59	0.2091180339180081
26	11	2019	-10.12	-2.21	0.35	0.2678687848924306
27	11	2019	-7.79	-5.47	0.0	0.0852006941639528
28	11	2019	-8.33	-5.09	1.83	0.116051267919513
29	11	2019	-9.56	-5.48	0.0	0.1387247503133193
30	11	2019	-10.64	-7.35	0.0	0.1048633275797435
1	12	2019	-13.44	-6.47	0.0	0.1965401935025519
2	12	2019	-15.26	-2.22	0.0	0.3432551329910909
3	12	2019	-8.16	3.61	0.0	0.4361165472036772
4	12	2019	-8.31	-0.19	0.0	0.2954806028447793
5	12	2019	-15.34	-4.9	0.0	0.2679514669503652
6	12	2019	-12.39	-5.77	0.0	0.1944571055602164
7	12	2019	-13.56	-5.77	0.0	0.2168197842434739
8	12	2019	-22.85	-12.44	0.0	0.169974325369698
9	12	2019	-25.14	-10.28	0.0	0.2180277112424326
10	12	2019	-27.32	-16.01	0.0	0.1373010778360177
11	12	2019	-27.58	-17.47	0.0	0.1187138901404283
12	12	2019	-19.99	-12.24	0.4	0.1472848031210828
13	12	2019	-26.15	-14.2	0.0	0.1581748482290948
14	12	2019	-28.64	-12.01	0.0	0.1956998554708929
15	12	2019	-20.68	-8.92	0.0	0.2208237037286834
16	12	2019	-15.91	-4.38	0.0	0.2847539015236123
17	12	2019	-15.84	-4.7	0.0	0.2750868214007276
18	12	2019	-11.55	0.41	0.0	0.3707143302450174
19	12	2019	-11.57	-3.83	0.0	0.2343680985518677
20	12	2019	-12.02	2.73	0.0	0.4511932815886242
21	12	2019	-12.54	-2.46	0.0	0.293845152509579
22	12	2019	-11.02	-1.08	0.0	0.3126738019850387
23	12	2019	-8.48	-4.49	0.0	0.1373053515475073
24	12	2019	-7.92	-5.35	3.81	0.0870739193679178
25	12	2019	-9.59	-2.54	0.0	0.2351952238227641
26	12	2019	-15.98	-7.15	0.0	0.2127797018342361
27	12	2019	-16.55	-7.44	0.0	0.2129844775596726
28	12	2019	-16.68	-7.09	0.0	0.2231037051248252
29	12	2019	-19.63	-6.29	0.0	0.2695714167684523
30	12	2019	-17.31	-6.79	0.0	0.2375499372815249
31	12	2019	-13.75	-0.51	0.0	0.3703231146200039
1	1	2020	-9.78	-1.84	0.0	0.2658620322815108
2	1	2020	-8.53	-2.46	0.0	0.2142842088445093
3	1	2020	-11.76	-4.32	0.0	0.2256458479845594
4	1	2020	-8.18	3.81	0.0	0.4408922326147725
5	1	2020	-12.39	-2.96	0.0	0.2811483379132182
6	1	2020	-17.99	-2.28	0.0	0.3607792868636533
7	1	2020	-26.82	-17.3	0.42	0.1181256944731272
8	1	2020	-20.16	-10.03	0.37	0.1969788474294226
9	1	2020	-25.71	-16.1	0.0	0.1295771186837504
10	1	2020	-31.51	-17.73	0.19	0.129806176015013
11	1	2020	-21.03	-11.23	1.82	0.1813077845775266
12	1	2020	-26.11	-13.71	0.0	0.1695784446207878
13	1	2020	-30.59	-24.66	0.49	0.0536180223086434
14	1	2020	-34.69	-26.32	0.0	0.0573477283853747
15	1	2020	-37.01	-28.92	0.0	0.0458001604810871
16	1	2020	-37.51	-19.6	0.0	0.1151000037479952
17	1	2020	-22.36	-18.67	5.02	0.0562600875897481
18	1	2020	-27.56	-22.19	0.0	0.0613886840273541
19	1	2020	-29.46	-17.56	0.0	0.1307710410299217
20	1	2020	-20.69	-0.84	0.0	0.4180519120789692
21	1	2020	-12.18	1.5	0.0	0.4392405958657482
22	1	2020	-13.52	-3.92	0.0	0.2854208333990154
23	1	2020	-11.04	-3.96	0.0	0.2375641936737693
24	1	2020	-8.69	-0.44	0.0	0.3136004884317903
25	1	2020	-5.35	1.05	0.0	0.2829379930610831
26	1	2020	-8.0	-2.92	0.0	0.1981626909090314
27	1	2020	-7.6	-2.3	0.0	0.2120450541313591
28	1	2020	-4.29	-1.54	0.0	0.1271197246756918
29	1	2020	-9.24	-3.44	2.53	0.2049142807639325
30	1	2020	-11.08	-0.92	0.0	0.3564327544938718
31	1	2020	-10.7	2.23	0.0	0.4655081357747178
1	2	2020	-8.05	5.63	0.0	0.5569293691978295
2	2	2020	-12.07	-0.08	0.0	0.4062503903626395
3	2	2020	-20.67	-11.06	0.0	0.1997387215695464
4	2	2020	-20.9	-5.66	0.0	0.3261439375535597
5	2	2020	-13.83	-6.58	0.17	0.2241522486812946
6	2	2020	-16.56	-10.5	0.13	0.1598650401292893
7	2	2020	-13.75	-3.35	0.0	0.3322982627055999
8	2	2020	-13.96	-3.58	0.0	0.36469958265857
9	2	2020	-15.46	-3.26	0.0	0.4114225182735402
10	2	2020	-10.42	-3.64	0.0	0.2590775753437331
11	2	2020	-15.57	-2.9	0.0	0.4512432089911925
12	2	2020	-31.85	-17.46	0.0	0.1532630222512321
13	2	2020	-30.56	-7.34	0.0	0.3112778882058153
14	2	2020	-13.43	-3.53	0.0	0.4064992358031347
15	2	2020	-22.46	-13.06	0.0	0.1868739086789044
16	2	2020	-16.69	-6.89	0.43	0.3196447111106414
17	2	2020	-23.09	-11.17	0.0	0.2435157954617985
18	2	2020	-30.93	-18.83	0.0	0.1388364344285114
19	2	2020	-30.84	-10.92	0.0	0.2649631611773002
20	2	2020	-16.47	1.68	0.0	0.7129213818431616
21	2	2020	-12.13	1.03	0.0	0.7025073392785124
22	2	2020	-9.31	2.12	0.0	0.7423745707142743
23	2	2020	-12.64	-0.54	0.0	0.6349818067239819
24	2	2020	-15.13	-2.97	0.0	0.5368117893523704
25	2	2020	-19.1	-4.73	0.0	0.4837625031380648
26	2	2020	-14.59	-0.95	0.0	0.6416772019529834
27	2	2020	-10.99	3.16	0.0	0.8517128208437442
28	2	2020	-8.97	5.06	0.0	0.9630385145809992
29	2	2020	-7.44	6.3	1.16	1.0444065404808869
1	3	2020	-11.08	-1.99	0.0	0.5358412673439161
2	3	2020	-6.1	2.74	0.0	0.7541312768170699
3	3	2020	-9.02	2.39	0.0	0.8316868754543291
4	3	2020	-3.89	2.88	2.08	0.49736838381241
5	3	2020	-7.99	2.37	0.0	0.8352364350086704
6	3	2020	-3.31	8.69	0.0	1.2637810984087476
7	3	2020	-13.13	-2.41	0.03	0.6152225793451453
8	3	2020	-18.21	-10.68	0.0	0.2523472923978543
9	3	2020	-20.12	-0.87	0.0	0.6968505895384568
10	3	2020	-13.38	4.53	0.0	1.0157133786970478
11	3	2020	-5.41	3.55	0.0	0.8898010523211255
12	3	2020	-11.54	-3.65	0.0	0.5059718370714972
13	3	2020	-18.42	-10.91	0.0	0.2654143984625774
14	3	2020	-17.5	-10.04	0.96	0.3007996562847371
15	3	2020	-16.33	-8.3	0.0	0.3792860030503
16	3	2020	-20.11	-2.1	0.0	0.698424296166142
17	3	2020	-15.42	-4.86	0.0	0.5804538302433401
18	3	2020	-19.8	-7.72	0.0	0.4818791516098102
19	3	2020	-20.24	-6.31	0.0	0.5488630287333738
20	3	2020	-19.0	-0.72	0.0	0.7904824861710619
21	3	2020	-11.91	1.7	0.0	0.9763052324293636
22	3	2020	-12.5	4.83	0.0	1.1003130931411151
23	3	2020	-9.16	3.88	0.62	1.1008618330753948
24	3	2020	-9.22	-1.39	1.17	0.7243108433156715
25	3	2020	-15.36	-1.63	0.0	0.8203679858665013
26	3	2020	-15.03	4.37	0.0	1.0583433046976034
27	3	2020	-5.4	5.45	0.0	1.2088836728132082
28	3	2020	-4.57	5.91	0.0	1.239216209040371
29	3	2020	-5.8	10.89	0.0	1.5088771733300426
30	3	2020	-5.19	4.03	1.53	1.1401721400781402
31	3	2020	-12.23	-3.55	2.52	0.5667354610001702
1	4	2020	-16.64	-12.23	0.89	0.1694486082613398
2	4	2020	-18.49	-10.6	0.0	0.3631371352778598
3	4	2020	-20.22	-4.98	0.0	0.6642503920187723
4	4	2020	-15.34	-6.78	2.1	0.4231485614289883
5	4	2020	-10.91	-2.4	0.24	0.725558713829395
6	4	2020	-9.33	0.95	6.65	0.8113976826540317
7	4	2020	-12.01	3.6	0.0	1.1205387423119653
8	4	2020	-8.02	0.15	0.0	0.7962679234370881
9	4	2020	-14.65	4.57	0.0	1.1436732803195897
10	4	2020	-3.55	6.17	0.0	1.267162551375235
11	4	2020	-9.0	-1.47	0.0	0.7183633959977082
12	4	2020	-10.58	-4.79	0.0	0.4594282481288906
13	4	2020	-12.85	-5.44	0.0	0.5439123272092418
14	4	2020	-15.25	2.69	0.0	1.0767457708048864
15	4	2020	-9.73	1.2	0.0	1.0397177512027846
16	4	2020	-5.69	5.11	0.0	1.2880775718853614
17	4	2020	-2.29	11.42	0.0	1.6901050785475005
18	4	2020	-3.9	4.54	0.0	1.2388761308843046
19	4	2020	-3.6	13.59	0.0	1.8259733037929635
20	4	2020	-1.54	9.22	0.0	1.556880540534679
21	4	2020	-1.91	21.09	0.0	2.273352804072708
22	4	2020	0.39	16.01	0.0	2.0229099632180296
23	4	2020	-0.1	18.13	0.0	2.149001961214727
24	4	2020	-1.18	14.13	2.08	1.730089203216047
25	4	2020	-2.23	18.84	0.0	2.1656087756602913
26	4	2020	1.91	13.64	2.96	1.7014633660138112
27	4	2020	-1.36	17.97	0.0	2.137902590976753
28	4	2020	1.96	18.26	0.0	2.1919978487859906
29	4	2020	1.17	22.41	0.0	2.440040836413279
30	4	2020	6.45	27.96	0.0	2.8324591120192446
1	5	2020	3.86	18.27	0.0	2.16883191895834
2	5	2020	-1.26	17.94	0.0	2.1338824984899336
3	5	2020	-0.76	18.21	2.59	1.9647696364145837
4	5	2020	4.11	14.9	0.0	1.8817508505715683
5	5	2020	-1.09	18.35	0.0	2.163733897532624
6	5	2020	0.73	20.91	0.0	2.342130200388433
7	5	2020	0.56	17.99	0.0	2.076839486857062
8	5	2020	0.32	18.37	4.75	1.9250899740570244
9	5	2020	-1.12	6.71	2.18	0.8444841280089157
10	5	2020	-3.75	9.68	0.0	1.5346276530813046
11	5	2020	-6.08	10.41	0.0	1.5745010169774016
12	5	2020	-3.11	14.5	0.0	1.8413429434337871
13	5	2020	0.54	12.87	0.0	1.7175194334354862
14	5	2020	-1.74	19.82	0.0	2.1845574988097844
15	5	2020	-3.5	14.24	0.0	1.8244970114927517
16	5	2020	0.78	25.2	0.0	2.539309525233259
17	5	2020	10.3	26.83	0.0	2.6560393559231725
18	5	2020	8.91	24.71	0.0	2.5111111225345115
19	5	2020	11.23	25.93	0.0	2.5662589036298233
20	5	2020	9.45	17.07	21.08	1.2629217712728231
21	5	2020	9.1	22.03	0.0	2.153978865993865
22	5	2020	5.82	20.91	0.0	2.215953801092104
23	5	2020	4.42	14.97	0.0	1.5185519344419196
24	5	2020	4.99	20.23	0.0	2.1942636589712867
25	5	2020	6.74	26.13	0.0	2.685517973035867
26	5	2020	10.82	21.1	2.92	1.4899063576555145
27	5	2020	6.94	17.51	0.33	1.6811392820398516
28	5	2020	4.23	18.31	0.0	2.005140955501364
29	5	2020	5.01	18.24	0.0	1.970118564459216
30	5	2020	6.65	25.39	0.0	2.6668579310255347
31	5	2020	11.55	30.83	0.0	3.023878845532302
1	6	2020	12.14	25.29	0.4	2.491721827864849
2	6	2020	8.09	24.7	0.0	2.614563122691947
3	6	2020	9.46	19.76	0.0	1.8890472703273056
4	6	2020	6.25	17.37	0.0	1.84043579519188
5	6	2020	4.9	19.43	0.0	2.2216902885897016
6	6	2020	9.81	15.65	20.29	0.7420074374414922
7	6	2020	9.08	16.23	17.44	0.8120553606005531
8	6	2020	6.61	14.8	0.0	1.077387055850877
9	6	2020	4.59	20.96	0.0	2.109509043191777
10	6	2020	7.66	22.64	0.0	2.1598196558517015
11	6	2020	5.77	21.08	0.0	2.0821496279862184
12	6	2020	7.89	27.98	0.0	2.702475972167345
13	6	2020	14.75	30.35	0.0	2.6753147743266488
14	6	2020	12.68	24.44	5.9	1.590713445112525
15	6	2020	8.63	21.77	3.0	1.5868145320129745
16	6	2020	9.33	23.99	28.35	1.782734715582394
17	6	2020	8.57	16.69	7.92	0.8509286845555951
18	6	2020	7.2	16.28	0.0	1.1184776603301754
19	6	2020	6.71	17.42	0.0	1.348142939363835
20	6	2020	6.45	16.73	0.0	1.278495139364673
21	6	2020	4.06	18.51	0.0	1.7055670835023184
22	6	2020	6.44	23.98	0.0	2.1640539074637744
23	6	2020	10.49	28.19	0.0	2.4129053557688542
24	6	2020	14.73	26.07	0.65	1.7847346994327788
25	6	2020	14.38	26.41	0.0	1.8760051013609704
26	6	2020	11.4	30.02	5.25	2.0849047584614233
27	6	2020	13.92	21.18	0.0	0.9826315951191136
28	6	2020	12.75	20.74	0.0	1.0776783497240212
29	6	2020	14.76	19.89	0.0	0.7261900358893861
30	6	2020	13.85	20.6	13.88	0.8186773519636816
1	7	2020	14.68	24.14	0.59	1.4456747268992114
2	7	2020	11.46	23.97	2.5	1.4375160067066828
3	7	2020	10.35	26.09	0.0	2.1520456075392618
4	7	2020	12.26	29.52	0.0	2.4030554092201757
5	7	2020	12.16	23.59	0.0	1.669891346788167
6	7	2020	11.11	24.79	3.62	1.5540538435901203
7	7	2020	12.64	28.68	6.49	1.8328698413547808
8	7	2020	14.32	20.39	2.68	0.7270748243514831
9	7	2020	12.57	22.48	0.0	1.3778556425823003
10	7	2020	9.83	23.9	3.62	1.4947252239100048
11	7	2020	10.34	25.44	0.0	2.0008674103186603
12	7	2020	12.7	25.57	0.68	1.831603041094255
13	7	2020	10.47	20.16	1.77	1.27497396728606
14	7	2020	10.88	21.6	3.89	1.1788344343231365
15	7	2020	12.06	23.1	0.0	1.5220263726711871
16	7	2020	9.95	25.57	1.02	2.0143530393587197
17	7	2020	13.73	25.14	0.0	1.6088429829773805
18	7	2020	11.39	22.04	0.54	1.4070957969551308
19	7	2020	10.44	23.2	0.0	1.6611487696208396
20	7	2020	12.05	23.75	3.83	1.2819507759191195
21	7	2020	9.65	25.52	0.0	1.9629218591803024
22	7	2020	14.67	30.71	0.0	2.1806109958527906
23	7	2020	17.32	29.36	0.0	1.7506243016221528
24	7	2020	15.03	26.78	0.0	1.6470599960962793
25	7	2020	11.84	21.09	0.0	1.1855389952284645
26	7	2020	10.94	24.79	0.0	1.7961198198314612
27	7	2020	9.28	27.65	0.0	2.1618243959632863
28	7	2020	11.05	31.03	0.0	2.3636089212957065
29	7	2020	15.3	33.24	0.0	2.325156749068207
30	7	2020	15.77	32.06	0.0	2.143461816289373
31	7	2020	13.2	26.59	0.0	1.6897030019098838
1	8	2020	9.17	28.32	0.0	2.1356440399160412
2	8	2020	10.67	28.41	0.0	2.0678093556403274
3	8	2020	14.36	29.71	0.78	1.94245842164628
4	8	2020	11.97	27.15	0.0	1.8204283406853643
5	8	2020	8.76	29.29	0.0	2.1940281644478743
6	8	2020	11.45	33.76	0.0	2.446113284966755
7	8	2020	12.88	25.05	0.0	1.4201570167222497
8	8	2020	11.94	25.03	3.65	1.2913959565776123
9	8	2020	9.04	21.91	0.0	1.366424287238887
10	8	2020	8.15	23.77	0.0	1.642303069864609
11	8	2020	8.39	24.45	0.0	1.6846073963667354
12	8	2020	11.96	27.95	0.0	1.7961551555243769
13	8	2020	7.97	24.84	0.0	1.7155382612939762
14	8	2020	7.46	24.31	0.0	1.6750218594591078
15	8	2020	7.77	24.86	0.0	1.7010354264861698
16	8	2020	8.59	28.9	0.0	2.0163615869195053
17	8	2020	11.31	34.68	0.0	2.363930115869805
18	8	2020	11.79	35.54	0.0	2.3925405739840193
19	8	2020	13.37	33.3	0.0	2.184039418049604
20	8	2020	13.64	32.58	0.0	2.080237314461903
21	8	2020	14.26	26.85	0.0	1.344297237517717
22	8	2020	10.22	31.4	0.0	2.126153409496812
23	8	2020	6.95	27.97	0.0	1.9461907977641095
24	8	2020	9.43	28.51	5.95	1.579194147092289
25	8	2020	11.79	25.03	0.0	1.3104408745410576
26	8	2020	8.4	25.2	0.0	1.5620411852980272
27	8	2020	6.73	21.42	10.85	1.165508782374997
28	8	2020	6.76	22.68	0.0	1.388828194925302
29	8	2020	8.27	30.51	0.0	1.982477325613703
30	8	2020	6.26	16.17	0.0	0.8592034504279742
31	8	2020	3.36	18.86	0.0	1.227715339449467
1	9	2020	8.77	21.8	0.0	1.1864917704648787
2	9	2020	7.24	16.45	7.53	0.7356142257841404
3	9	2020	4.79	21.33	0.0	1.3405968270141446
4	9	2020	4.13	23.28	0.0	1.499712488267248
5	9	2020	7.5	28.92	0.0	1.8421547595305536
6	9	2020	6.89	17.07	0.0	0.8759990413520917
7	9	2020	-0.29	10.27	0.0	0.7306679103221599
8	9	2020	-4.83	15.41	0.0	1.189703288962518
9	9	2020	3.57	20.27	0.0	1.277826444543077
10	9	2020	3.69	25.96	0.0	1.7195667428872463
11	9	2020	8.08	30.55	0.0	1.910593723831488
12	9	2020	5.19	15.94	0.0	0.851605726254826
13	9	2020	-1.31	14.67	0.0	1.0330074267563398
14	9	2020	5.47	16.1	0.0	0.8436906006354129
15	9	2020	3.4	13.46	0.0	0.7521677908940034
16	9	2020	-1.27	14.11	0.0	1.061238991123527
17	9	2020	2.05	17.45	0.0	1.2045953061138464
18	9	2020	-0.5	23.98	0.0	1.735662996053856
19	9	2020	6.3	26.61	0.0	1.7825181191643014
20	9	2020	12.19	20.02	9.8	0.6590646222693286
21	9	2020	7.95	23.06	0.0	1.3090661515968327
22	9	2020	7.06	20.65	0.0	1.1183073492200273
23	9	2020	8.51	21.64	0.0	1.1109977348171711
24	9	2020	8.27	24.02	0.0	1.3515450733245131
25	9	2020	4.89	21.88	0.0	1.3479539131073437
26	9	2020	7.9	15.45	0.91	0.6146737050287726
27	9	2020	4.7	15.29	0.19	0.7872195019905379
28	9	2020	0.71	22.42	0.0	1.4721349253285074
29	9	2020	6.66	18.54	0.0	0.9495152742143256
30	9	2020	0.53	12.54	0.0	0.7727832448342193
1	10	2020	-4.48	11.15	0.0	0.8642272923121492
2	10	2020	0.4	16.78	0.0	1.1048001902096365
3	10	2020	-0.95	15.58	0.0	1.04736818473005
4	10	2020	4.68	22.83	0.43	1.397332360239573
5	10	2020	7.9	18.82	0.0	0.8447380845181732
6	10	2020	6.02	18.15	0.0	0.9537338536401972
7	10	2020	-0.57	15.49	0.0	1.054340575451145
8	10	2020	7.15	21.43	1.44	1.2017842227696438
9	10	2020	1.36	10.38	0.0	0.5680793525141317
10	10	2020	2.65	25.13	0.0	1.6288233687505131
11	10	2020	3.97	15.36	0.0	0.806842990654681
12	10	2020	-3.6	12.26	0.0	0.8944973068596188
13	10	2020	-0.13	10.63	0.0	0.6390887357912406
14	10	2020	-5.81	6.51	0.0	0.5841071500741429
15	10	2020	-6.28	5.6	0.0	0.548265552652524
16	10	2020	-10.31	3.01	0.0	0.5147957575927552
17	10	2020	-12.52	-0.82	0.0	0.4007918002660842
18	10	2020	-5.71	-2.38	0.0	0.150154697688853
19	10	2020	-6.84	-0.61	0.85	0.2787156156763677
20	10	2020	-7.1	-1.84	0.4	0.2298231772154188
21	10	2020	-8.63	0.61	0.0	0.3850302381539809
22	10	2020	-13.22	-2.27	0.0	0.3663007489305542
23	10	2020	-13.93	-3.6	0.0	0.3295288144035379
24	10	2020	-7.64	-4.46	0.0	0.1327938052070617
25	10	2020	-11.23	-2.2	0.0	0.3276713208764738
26	10	2020	-13.56	2.84	0.2	0.5427771815134947
27	10	2020	-3.47	11.65	0.45	0.8178970092548893
28	10	2020	-4.96	3.81	0.28	0.4067463198736897
29	10	2020	-5.25	6.4	0.48	0.5338128415293483
30	10	2020	-0.79	10.83	0.0	0.6272452896257552
31	10	2020	-7.05	0.93	0.0	0.3323298774925642
1	11	2020	-7.24	13.84	0.0	0.898354435786849
2	11	2020	0.21	16.91	0.0	0.9371947549543472
3	11	2020	0.4	15.64	0.0	0.8369681936026198
4	11	2020	-1.7	13.42	0.0	0.7681227625890781
5	11	2020	0.65	16.8	0.0	0.8783779126320843
6	11	2020	-3.27	6.23	0.21	0.4521323556994189
7	11	2020	-3.3	0.85	4.62	0.1836955833612089
8	11	2020	-10.2	-3.35	17.69	0.2282295630370668
9	11	2020	-19.39	-9.73	0.0	0.2093973619820239
10	11	2020	-16.54	-6.38	0.0	0.260074283537175
11	11	2020	-18.97	-6.03	1.05	0.2933411927513588
12	11	2020	-24.27	-10.27	0.0	0.2297572102778202
13	11	2020	-13.28	-0.84	0.0	0.380127910139446
14	11	2020	-10.55	-1.28	0.87	0.31878574618417
15	11	2020	-11.04	-6.27	0.0	0.1545089947419941
16	11	2020	-8.84	-5.9	0.0	0.1051409706545164
17	11	2020	-7.6	-1.4	0.0	0.2396174833367502
18	11	2020	-5.1	3.44	0.0	0.3702328483923751
19	11	2020	-12.98	-4.48	4.27	0.2412497503192176
20	11	2020	-18.98	-10.93	0.0	0.1684645460994054
21	11	2020	-19.29	-5.16	0.0	0.3055550437954309
22	11	2020	-17.82	-8.6	0.0	0.2076772452105685
23	11	2020	-11.96	-5.4	0.0	0.1992985278578832
24	11	2020	-9.69	-3.36	0.0	0.2146167331884118
25	11	2020	-9.59	1.61	0.97	0.3913853682517876
26	11	2020	-13.12	-1.5	0.0	0.3417752920500961
27	11	2020	-10.25	0.11	0.0	0.3480949897960915
28	11	2020	-10.94	-1.47	0.13	0.3056672646392247
29	11	2020	-16.12	-3.79	0.0	0.3079077528844032
30	11	2020	-9.89	1.57	0.0	0.3906363059016141
1	12	2020	-8.91	2.77	0.0	0.4163136959956486
2	12	2020	-11.41	-1.98	0.0	0.2954433248907174
3	12	2020	-8.21	2.14	0.0	0.3791988805174186
4	12	2020	-7.03	2.26	0.0	0.3573108649423816
5	12	2020	-8.02	1.41	0.0	0.3470774403460626
6	12	2020	-10.32	-0.27	0.0	0.3321822760133498
7	12	2020	-9.0	3.1	0.0	0.42710997280363
8	12	2020	-5.03	3.76	0.0	0.3654903218588028
9	12	2020	-6.66	1.41	0.0	0.3110926250058665
10	12	2020	-13.41	-4.45	0.0	0.2494807609964487
11	12	2020	-12.9	-4.34	0.0	0.2443226636675304
12	12	2020	-12.12	-3.66	0.0	0.251252793803579
13	12	2020	-28.99	-13.35	0.0	0.1774091109826889
14	12	2020	-30.29	-16.01	0.29	0.1447663615568614
15	12	2020	-20.59	-11.53	0.0	0.1658163187138253
16	12	2020	-18.04	-6.66	0.0	0.2476290118310873
17	12	2020	-16.55	1.21	0.94	0.4399926969125753
18	12	2020	-23.23	-6.02	0.0	0.2895338471156925
19	12	2020	-13.99	4.07	0.06	0.5099688349391681
20	12	2020	-8.03	2.43	0.0	0.3768560947516193
21	12	2020	-9.0	-0.52	0.55	0.2896097298645936
22	12	2020	-14.62	-5.17	1.8	0.2439933789889797
23	12	2020	-18.37	-9.71	0.0	0.1789720089319698
24	12	2020	-14.72	-0.56	0.0	0.3761923884259495
25	12	2020	-14.3	-3.18	0.0	0.2955444041674064
26	12	2020	-13.41	-6.09	0.22	0.1980268014665075
27	12	2020	-16.36	-7.19	0.19	0.2145311410026728
28	12	2020	-19.41	-9.03	0.0	0.2057735639333924
29	12	2020	-17.18	-6.56	0.0	0.2410687400536746
30	12	2020	-19.93	-9.68	0.0	0.1972290639248105
1	1	2021	-16.64	-5.38	0.0	0.2670034451912958
2	1	2021	-11.1	3.61	0.0	0.4738122879581671
3	1	2021	-4.32	3.45	0.0	0.3313766484418294
4	1	2021	-11.26	-2.07	0.0	0.287386391214198
5	1	2021	-11.3	-0.89	0.0	0.3271363413147591
6	1	2021	-12.39	1.64	0.0	0.4260047948668231
7	1	2021	-10.42	0.47	0.0	0.3598704879178691
8	1	2021	-13.91	-3.71	0.0	0.2818897040270707
9	1	2021	-14.81	-5.72	0.0	0.2380729579942201
10	1	2021	-15.53	-6.92	0.0	0.2163544583000871
11	1	2021	-14.03	-2.49	0.0	0.3220464332885277
12	1	2021	-10.2	-0.54	0.0	0.3248519718779263
13	1	2021	-8.39	5.96	4.7	0.5145024223879454
14	1	2021	-6.7	-0.31	0.0	0.2507845479257872
15	1	2021	-14.49	-5.73	0.0	0.2369525920261175
16	1	2021	-11.06	-0.09	0.0	0.3600037034438042
17	1	2021	-11.86	-2.42	2.71	0.2840087723805458
18	1	2021	-11.95	0.05	0.0	0.3812489405645581
19	1	2021	-14.35	2.64	0.0	0.4906987657757769
20	1	2021	-6.53	3.06	0.0	0.3923228300824157
21	1	2021	-13.42	-6.6	0.27	0.1969058936759433
22	1	2021	-10.53	-4.88	1.61	0.189596348667586
23	1	2021	-29.09	-10.09	0.0	0.2359914298274821
24	1	2021	-34.07	-24.85	0.0	0.069466925038336
25	1	2021	-32.04	-24.34	0.0	0.0666131820251199
26	1	2021	-30.17	-20.42	0.0	0.1009823267647839
27	1	2021	-23.82	-14.91	0.0	0.143751936363847
28	1	2021	-18.22	-11.23	0.0	0.1586873435907967
29	1	2021	-15.6	-9.97	0.0	0.1475164274822022
30	1	2021	-14.16	-10.21	0.0	0.1110335313468347
31	1	2021	-16.81	-10.4	0.0	0.1600970845214853
1	2	2021	-13.29	-3.24	0.0	0.315662293642527
2	2	2021	-11.0	-1.99	0.0	0.3189096735984488
3	2	2021	-19.72	-10.17	0.0	0.2098311046473495
4	2	2021	-21.29	-15.72	0.0	0.1072310220120595
5	2	2021	-29.11	-17.85	0.0	0.136098452851191
6	2	2021	-36.15	-26.44	0.0	0.0672798399954114
7	2	2021	-38.43	-29.29	0.0	0.0521785531769076
8	2	2021	-37.82	-26.44	0.0	0.0712258334677728
9	2	2021	-28.65	-25.39	0.0	0.0370848869900054
10	2	2021	-34.77	-27.0	0.0	0.0600702221332152
11	2	2021	-38.01	-28.09	0.12	0.0611210273186589
12	2	2021	-32.56	-23.44	0.0	0.0870856403216273
13	2	2021	-37.84	-24.95	0.0	0.0849989700453311
14	2	2021	-35.26	-22.3	0.0	0.1058135991806598
15	2	2021	-31.5	-18.65	0.0	0.1407978556725639
16	2	2021	-26.59	-17.02	0.0	0.1458363066789481
17	2	2021	-23.91	-16.01	0.0	0.1439056887642231
18	2	2021	-26.65	-14.0	0.0	0.2001782640183649
19	2	2021	-23.44	-4.41	0.0	0.4374259593667319
20	2	2021	-12.02	-3.27	0.0	0.4216710284692282
21	2	2021	-13.53	3.25	0.0	0.7796958896258044
22	2	2021	-4.32	4.46	0.0	0.7568045180913072
23	2	2021	-8.98	-0.5	0.0	0.5403901906361303
24	2	2021	-10.99	-2.0	0.0	0.5076619000431757
25	2	2021	-11.62	0.34	0.0	0.6758994321626965
26	2	2021	-17.96	-3.06	0.0	0.5432098132644017
27	2	2021	-24.5	-13.65	0.0	0.215017479926278
28	2	2021	-22.38	-12.81	0.0	0.2194956095444916
1	3	2021	-17.5	1.89	0.0	0.7518175245472687
2	3	2021	-8.14	1.63	0.0	0.719329902681098
3	3	2021	-12.97	0.72	0.0	0.7756113296893493
4	3	2021	-11.49	0.6	0.0	0.769568769724649
5	3	2021	-8.06	3.42	0.0	0.9268123430727628
6	3	2021	-0.86	6.35	0.0	0.9143894288871044
7	3	2021	-4.26	4.52	0.0	0.933627830967784
8	3	2021	-6.49	3.32	0.0	0.916579360496612
9	3	2021	-6.39	-1.23	0.0	0.4313810201145173
10	3	2021	-10.26	0.3	0.0	0.793492493778807
11	3	2021	-18.37	-3.75	0.0	0.6121509951352458
12	3	2021	-9.83	4.3	0.0	1.0590062870736368
13	3	2021	-7.87	5.84	0.0	1.1513617407461318
14	3	2021	-1.61	8.15	0.0	1.2728619786117807
15	3	2021	-2.47	6.76	0.0	1.1754489841359086
16	3	2021	-9.85	0.12	0.0	0.8128730040439153
17	3	2021	-7.79	8.48	0.0	1.290519308135086
18	3	2021	-3.08	13.04	0.0	1.5666736827141543
19	3	2021	-0.47	17.23	0.0	1.809965995488317
20	3	2021	-1.68	12.92	0.0	1.5791307568555908
21	3	2021	-5.01	3.37	0.0	0.979055083702903
22	3	2021	-6.37	7.87	0.65	1.2996438790583598
23	3	2021	-8.5	-0.13	0.0	0.7991915032537992
24	3	2021	-5.41	8.37	0.0	1.3437731825328274
25	3	2021	-5.27	3.21	0.0	1.0141912962872888
26	3	2021	-9.8	2.17	0.0	1.0225100715705135
27	3	2021	-8.97	6.65	0.0	1.2403116724079566
28	3	2021	-0.37	18.2	0.0	1.9283274509049169
29	3	2021	-9.41	6.5	3.93	1.148215613985388
30	3	2021	-14.21	-5.3	0.0	0.588870571677081
31	3	2021	-15.13	8.5	0.0	1.2217976095010443
1	4	2021	-1.66	16.29	0.0	1.8361827724315989
2	4	2021	-0.42	12.43	0.0	1.6247370951934772
3	4	2021	-1.43	13.85	0.0	1.7131465660933525
4	4	2021	-0.29	17.61	0.0	1.9393744677163016
5	4	2021	-3.08	12.0	0.0	1.601111335592925
6	4	2021	-3.06	16.7	0.0	1.8060028124871028
7	4	2021	-1.22	21.54	0.0	2.0841825233038667
8	4	2021	1.64	15.64	0.84	1.7777159589168885
9	4	2021	-6.37	11.52	0.0	1.5042169706577986
10	4	2021	-1.22	13.94	0.0	1.6807724805209272
11	4	2021	-1.79	4.29	1.55	0.8653168964630041
12	4	2021	-2.98	4.57	0.0	1.0333934765831994
13	4	2021	-2.81	4.62	0.0	1.0374714223129975
14	4	2021	-2.45	8.69	0.0	1.385844723713456
15	4	2021	-3.73	14.49	0.0	1.725812734312161
16	4	2021	-5.26	15.56	0.0	1.764836871766838
17	4	2021	-0.41	20.07	0.0	2.0820783687713553
18	4	2021	-2.96	7.47	0.0	1.3203379541163138
19	4	2021	-6.75	4.84	0.0	1.1870799310780658
20	4	2021	-9.4	10.01	0.0	1.4384964050731277
21	4	2021	-3.94	18.48	0.0	1.9636588182436816
22	4	2021	-5.2	7.93	0.0	1.363715059210822
23	4	2021	-12.65	5.46	0.0	1.1829002521514436
24	4	2021	-10.14	7.17	0.0	1.295853438528395
25	4	2021	-5.81	12.07	0.0	1.6021406381319652
26	4	2021	-2.31	15.21	0.0	1.8165781997916792
27	4	2021	-4.17	10.75	0.0	1.5442087412429797
28	4	2021	-2.6	14.56	0.0	1.786429736359105
29	4	2021	-3.64	11.06	0.0	1.5680945277058116
30	4	2021	2.58	26.04	0.0	2.528382138862218
1	5	2021	4.9	20.26	0.0	2.170592907686005
2	5	2021	1.05	13.03	0.0	1.6862924664815522
3	5	2021	-5.93	10.11	0.0	1.5203840941063835
4	5	2021	-5.91	14.39	0.0	1.7673854461936098
5	5	2021	-3.83	17.34	0.0	1.965423682039618
6	5	2021	-1.3	17.02	0.0	1.978319821287469
7	5	2021	0.53	17.54	0.0	2.0267515513670635
8	5	2021	2.61	15.82	0.0	1.896129871394155
9	5	2021	-3.56	16.22	0.0	1.924562164730222
10	5	2021	-2.11	18.71	0.0	2.091333276330447
11	5	2021	0.41	20.38	0.0	2.216473952026998
12	5	2021	2.99	21.1	0.0	2.2708212829871384
13	5	2021	1.42	22.43	0.0	2.3505255658447792
14	5	2021	3.81	22.83	0.0	2.3853531182862904
15	5	2021	3.28	24.07	0.0	2.470910507336919
16	5	2021	8.22	25.74	0.0	2.577645500177006
17	5	2021	8.27	32.8	0.0	3.058024981101793
18	5	2021	11.11	28.81	0.0	2.77040313632945
19	5	2021	1.41	12.87	0.0	1.6782392455277193
20	5	2021	-0.95	4.83	1.02	0.9770042849696854
21	5	2021	-1.17	6.9	0.0	1.2902146663066305
22	5	2021	-1.96	12.32	0.0	1.7003898588409871
23	5	2021	7.05	18.08	16.76	1.869479061455648
24	5	2021	9.25	12.05	16.81	0.4275077622785279
25	5	2021	2.11	10.03	0.0	1.1598176889146927
26	5	2021	-0.14	14.09	0.0	1.8481317244082307
27	5	2021	1.58	19.78	0.0	2.2510222256476493
28	5	2021	7.99	22.2	0.01	2.3814330143609608
29	5	2021	6.44	21.01	0.0	2.315250266129486
30	5	2021	1.79	23.23	0.0	2.4930930449538997
31	5	2021	8.74	27.52	0.0	2.7968756750489847
1	6	2021	8.74	27.07	0.0	2.761718582506858
2	6	2021	11.73	32.28	0.0	3.1115487449661403
3	6	2021	12.97	35.68	0.0	3.3324966563655853
4	6	2021	15.27	28.85	0.0	2.7635438419505176
5	6	2021	10.88	27.82	1.28	2.8024215024528076
6	6	2021	8.46	20.04	3.35	1.8281763743675796
7	6	2021	8.97	22.72	0.0	2.4237376401178516
8	6	2021	5.16	23.42	0.0	2.5371295057895153
9	6	2021	12.05	20.21	4.29	1.3949742801850462
10	6	2021	14.19	22.58	12.87	1.480993844714131
11	6	2021	10.95	20.29	0.0	1.7454259137365036
12	6	2021	6.69	24.07	0.0	2.6111499591912395
13	6	2021	6.61	27.46	0.0	2.850623152029702
14	6	2021	13.47	32.08	0.0	3.144070301436156
15	6	2021	17.59	33.91	2.0	3.1975897512949856
16	6	2021	12.17	24.81	0.0	2.42777560012429
17	6	2021	7.21	22.63	0.0	2.4556192352897366
18	6	2021	8.32	18.32	0.0	1.755312503861518
19	6	2021	6.8	21.13	0.0	2.282143498031879
20	6	2021	5.98	18.08	0.0	1.9143701406575633
21	6	2021	1.63	24.63	0.0	2.6265628006785047
22	6	2021	10.43	30.67	1.25	3.063363336870722
23	6	2021	12.65	24.3	0.0	2.2007624576533944
24	6	2021	8.57	25.66	0.0	2.658532615537022
25	6	2021	9.96	27.54	0.0	2.80812507192714
26	6	2021	12.92	29.47	0.0	2.899719283526794
27	6	2021	11.95	28.8	0.0	2.8632255746785114
28	6	2021	10.44	29.95	0.0	2.9875687810728815
29	6	2021	13.38	33.65	0.0	3.223059332537274
30	6	2021	15.24	35.12	0.0	3.300193439317756
1	7	2021	16.45	35.68	0.0	3.316739227812201
2	7	2021	19.01	39.43	0.0	3.533596686081398
3	7	2021	17.3	31.15	1.82	2.849279458369192
4	7	2021	13.2	26.65	0.77	2.5109570506397207
5	7	2021	13.38	23.91	0.0	2.025030789994182
6	7	2021	10.87	20.71	0.0	1.7597728035599818
7	7	2021	12.89	28.1	0.0	2.7327657815671644
8	7	2021	12.63	29.04	0.0	2.874782733193796
9	7	2021	12.21	31.61	0.0	3.0729401215957477
10	7	2021	13.57	33.86	0.0	3.2058444007233633
11	7	2021	15.45	32.0	0.0	3.0126803103320112
12	7	2021	11.72	27.99	0.0	2.744510292944497
13	7	2021	9.79	28.83	0.0	2.870517908484941
14	7	2021	11.91	31.24	0.0	3.020807203024771
15	7	2021	14.4	35.02	0.0	3.252095309973812
16	7	2021	16.59	29.73	0.0	2.5687676048473684
17	7	2021	16.53	34.61	0.0	3.1703249983627844
18	7	2021	14.1	25.59	0.0	2.1307714983889543
19	7	2021	14.02	20.49	0.5	1.0778023871646132
20	7	2021	15.55	27.08	0.0	2.2096963126645393
21	7	2021	14.76	30.8	0.0	2.8584440448633135
22	7	2021	13.06	33.56	0.0	3.143832638178276
23	7	2021	6.56	28.41	0.0	2.8089321687899584
24	7	2021	10.14	28.71	0.0	2.79432670902002
25	7	2021	10.49	27.31	2.61	2.181459338079401
26	7	2021	12.32	27.57	0.0	2.5103073318166027
27	7	2021	12.21	33.05	0.0	3.078208235868064
28	7	2021	12.23	29.7	0.0	2.7497299769191117
29	7	2021	12.18	33.89	1.23	3.123227279569381
30	7	2021	11.79	31.09	0.0	2.8754689238027407
31	7	2021	11.23	31.44	0.0	2.914059169672844
1	8	2021	12.21	33.41	0.0	3.0553873652386443
2	8	2021	15.75	35.11	0.0	3.0808502798659454
3	8	2021	18.46	28.5	0.0	1.8317644124045849
4	8	2021	13.89	26.81	0.0	2.141503472900248
5	8	2021	11.0	30.78	0.0	2.7854558086111605
6	8	2021	15.81	33.52	0.0	2.839790468857957
7	8	2021	15.53	27.62	4.14	1.6179028041804786
8	8	2021	12.63	21.55	0.0	1.299473538961205
9	8	2021	11.08	19.97	3.86	0.9495813183328592
10	8	2021	10.38	23.37	3.37	1.4800797081168673
11	8	2021	10.26	25.99	0.0	2.150563496008142
12	8	2021	8.8	23.42	0.0	1.9297763695865189
13	8	2021	8.47	30.21	0.0	2.6144775853059703
14	8	2021	15.18	37.19	0.0	3.0093120591236393
15	8	2021	15.9	31.71	0.0	2.386716578550512
16	8	2021	14.54	25.45	0.0	1.605843775479469
17	8	2021	10.34	19.06	1.27	1.0731900082879453
18	8	2021	9.98	19.32	0.0	1.1424604776312337
19	8	2021	8.03	20.8	0.0	1.569678852531315
20	8	2021	9.41	19.61	0.0	1.2566090779001695
21	8	2021	5.86	22.07	1.84	1.850830259882526
22	8	2021	9.89	15.52	4.5	0.517207156974803
23	8	2021	7.4	16.41	21.18	1.0015113540886484
24	8	2021	7.6	15.24	0.0	0.8468579705695244
25	8	2021	3.55	20.44	0.0	1.820200947485189
26	8	2021	6.79	22.39	9.01	1.5472234265300673
27	8	2021	12.13	18.93	0.0	0.7481846815113345
28	8	2021	10.19	24.49	0.0	1.8338242781343843
29	8	2021	7.71	26.18	0.0	2.109601830821673
30	8	2021	9.43	29.63	0.0	2.3345801184404453
31	8	2021	11.67	27.02	5.95	1.6217464964042436
1	9	2021	8.7	21.46	0.34	1.495771306960917
2	9	2021	9.25	17.91	0.0	0.9309033334720516
3	9	2021	9.19	21.27	0.0	1.405525234842551
4	9	2021	5.45	22.67	0.0	1.766701637097639
5	9	2021	7.12	29.28	0.0	2.2489830609250197
6	9	2021	8.94	22.96	3.94	1.3046709757010593
7	9	2021	7.41	23.55	0.0	1.7043439975729142
8	9	2021	4.95	25.67	0.0	1.963401361909642
9	9	2021	10.42	27.91	0.0	2.075386411742211
10	9	2021	8.26	21.58	0.57	1.5198469778807475
11	9	2021	4.33	15.35	0.0	1.0607566633922303
12	9	2021	2.06	20.0	0.0	1.6168350031784322
13	9	2021	6.78	21.26	0.0	1.546390917901894
14	9	2021	3.48	23.46	0.0	1.841657363278886
15	9	2021	7.07	18.53	0.0	1.198330552558169
16	9	2021	3.2	14.35	0.85	0.9890115210042162
17	9	2021	-1.57	18.36	0.0	1.488020200726327
18	9	2021	11.02	32.93	0.0	2.291126833141493
19	9	2021	6.68	19.3	0.0	1.219601298630814
20	9	2021	1.46	17.92	0.0	1.3407077317943925
21	9	2021	1.49	22.37	0.0	1.6622830408495377
22	9	2021	6.66	26.17	0.0	1.80811381621768
23	9	2021	3.17	15.96	0.0	1.0182578453155708
24	9	2021	-0.73	19.06	0.0	1.412580863100411
25	9	2021	6.49	25.37	0.0	1.687718916143348
26	9	2021	3.05	24.62	0.0	1.6974985342101163
27	9	2021	7.92	29.43	0.0	1.9104224507791243
28	9	2021	6.41	29.55	0.0	1.9352286911797083
29	9	2021	6.89	21.12	0.0	1.195078251556251
30	9	2021	2.26	24.68	0.0	1.6464240310677487
1	10	2021	5.37	23.37	0.0	1.4408523650997993
2	10	2021	-0.09	20.96	0.0	1.4093833001058784
3	10	2021	3.84	23.3	0.0	1.4648610437834184
4	10	2021	1.11	17.79	0.0	1.1151371530963952
5	10	2021	4.55	20.94	0.0	1.2188229335178076
6	10	2021	3.92	26.88	0.0	1.6736678601837816
7	10	2021	2.66	14.39	0.0	0.7577289331526694
8	10	2021	0.28	17.18	0.0	1.05140840354318
9	10	2021	-2.55	19.56	0.0	1.271318404817094
10	10	2021	-1.44	17.06	0.0	1.06975455662911
11	10	2021	-1.38	7.94	0.0	0.5117963927638209
12	10	2021	-6.61	9.1	0.0	0.7190567714192134
13	10	2021	-4.14	6.32	4.54	0.4841303607186138
14	10	2021	-1.25	5.42	1.15	0.360273489951542
15	10	2021	-3.84	13.86	0.0	0.8917062165977417
16	10	2021	-1.85	17.26	0.0	1.0236057798640674
17	10	2021	1.88	23.18	0.0	1.2808505478264998
18	10	2021	0.34	13.29	0.0	0.7376948374135904
19	10	2021	-6.18	7.36	0.0	0.6054472080701747
20	10	2021	-7.4	8.13	0.0	0.6625952332127168
21	10	2021	-4.15	8.44	0.0	0.6030081502761665
22	10	2021	-5.89	9.57	0.0	0.6959166494827803
23	10	2021	-1.51	7.59	0.48	0.4723091655934239
24	10	2021	2.68	5.99	0.0	0.198481963424182
25	10	2021	4.38	8.86	2.21	0.2675286529438672
26	10	2021	1.44	10.04	0.0	0.4938440090970478
27	10	2021	-1.42	12.03	0.0	0.7040951416273752
28	10	2021	-2.78	11.21	0.0	0.6965435971478576
29	10	2021	-0.39	9.01	0.0	0.5047942079015115
30	10	2021	-5.32	5.17	0.0	0.4671691104932921
31	10	2021	-8.33	4.14	0.0	0.4907153601262957
1	11	2021	-8.49	2.51	0.0	0.4261882766098919
2	11	2021	-10.42	7.08	0.0	0.6354708772013387
3	11	2021	-9.97	8.74	0.0	0.6926758271120995
4	11	2021	-3.95	13.39	0.0	0.8088300055391268
5	11	2021	0.53	13.21	0.0	0.6893103111901939
6	11	2021	-4.34	8.57	0.0	0.5868658792839074
7	11	2021	-6.96	9.71	0.0	0.685565121549651
8	11	2021	-7.53	8.57	0.0	0.6437347433785342
9	11	2021	-10.44	7.99	0.0	0.6531815859491173
10	11	2021	-2.56	3.5	4.61	0.273073435554222
11	11	2021	-7.08	-1.77	0.0	0.2042659206745436
12	11	2021	-8.71	-4.8	0.0	0.13752731642444
13	11	2021	-11.66	2.66	0.0	0.4657155484940667
14	11	2021	-7.69	0.31	0.0	0.3020472735241176
15	11	2021	-1.89	3.21	1.53	0.2438470950446514
16	11	2021	-4.03	5.56	11.28	0.4100871270987816
17	11	2021	-11.6	-4.02	0.0	0.2357029162002199
18	11	2021	-13.81	-1.89	0.0	0.3403768488995986
19	11	2021	-12.11	-1.88	0.0	0.3144193065762302
20	11	2021	-11.72	-0.14	0.0	0.3645596231593028
21	11	2021	-18.85	-4.79	0.0	0.3066778552874755
22	11	2021	-7.46	2.92	0.0	0.3945454745597032
23	11	2021	-11.21	2.48	0.0	0.4414666522774119
24	11	2021	-15.91	-9.58	0.0	0.1496789152598448
25	11	2021	-11.84	-0.7	0.0	0.3414406403811356
26	11	2021	-6.07	5.65	0.0	0.4675570248321418
27	11	2021	-9.18	2.55	0.0	0.4080896726777269
28	11	2021	-7.04	1.87	0.0	0.3362485828451173
29	11	2021	-6.27	4.95	0.0	0.4405287144574623
30	11	2021	-7.77	3.83	0.0	0.4264497862532146
1	12	2021	-2.52	6.76	0.0	0.4204215423566339
2	12	2021	-6.71	1.55	3.0	0.3068707763004583
3	12	2021	-11.38	-3.14	0.0	0.2540198544437809
4	12	2021	-14.55	-5.8	0.0	0.2292075689487731
5	12	2021	-23.64	-10.75	0.0	0.2037251671922466
6	12	2021	-25.64	-14.27	0.0	0.1542861179832698
7	12	2021	-22.34	-11.39	0.0	0.1838427099887497
8	12	2021	-15.77	1.27	1.13	0.4408157615817966
9	12	2021	-13.47	-1.55	0.0	0.3365173416110664
10	12	2021	-16.09	-4.17	0.0	0.2915378355907548
11	12	2021	-11.35	3.84	0.0	0.4812554057741451
12	12	2021	-9.8	0.61	0.0	0.3465568120082027
13	12	2021	-13.58	-4.29	0.0	0.2538716319492102
14	12	2021	-10.57	-2.11	0.0	0.2679119061105644
15	12	2021	-22.54	-11.04	0.0	0.1893846168269994
16	12	2021	-26.4	-18.55	0.55	0.0948474912405634
17	12	2021	-26.8	-18.34	0.0	0.1001297984883248
18	12	2021	-28.93	-13.66	0.0	0.1716188148052429
19	12	2021	-19.85	-12.03	0.0	0.1458014392619445
20	12	2021	-22.24	-11.62	0.0	0.1761966738152412
21	12	2021	-18.89	-8.85	0.0	0.203656300198878
22	12	2021	-14.3	-7.49	1.61	0.1744519046535151
23	12	2021	-16.69	-4.9	1.53	0.2768120077887424
24	12	2021	-26.66	-14.33	0.0	0.1560428192265061
25	12	2021	-30.52	-23.23	0.57	0.0646392735063649
26	12	2021	-27.88	-24.36	4.45	0.0343216672578605
27	12	2021	-34.56	-25.64	0.0	0.0596670996401522
28	12	2021	-35.87	-27.13	0.0	0.0524868179325093
29	12	2021	-35.71	-26.82	0.0	0.0542990262238013
30	12	2021	-38.6	-28.41	0.0	0.0503592115969324
31	12	2021	-36.07	-28.31	0.0	0.0451944917495079
1	1	2022	-35.24	-24.29	0.0	0.0714054672382614
2	1	2022	-26.49	-2.04	0.0	0.3677971356294956
3	1	2022	-18.05	-6.63	5.05	0.2397528723964581
4	1	2022	-23.47	-13.31	1.57	0.154784999011053
5	1	2022	-32.49	-19.56	0.0	0.1089149388890822
6	1	2022	-35.98	-26.69	0.0	0.0556602229619716
7	1	2022	-24.38	-7.07	1.53	0.2741640442722038
8	1	2022	-24.89	-16.18	0.0	0.1189542712163202
9	1	2022	-29.93	-18.93	0.0	0.1093701436317566
10	1	2022	-21.68	-0.11	0.0	0.4233501867541547
11	1	2022	-14.78	2.38	0.0	0.4721004163175158
12	1	2022	-2.53	5.03	0.0	0.3441749347369877
13	1	2022	-6.41	4.42	3.11	0.4127986181463416
14	1	2022	-6.97	0.83	0.0	0.2962447394732245
15	1	2022	-4.23	5.04	0.0	0.4000705054466674
16	1	2022	-5.26	4.68	0.0	0.4133899531944054
17	1	2022	-6.34	3.57	0.98	0.3950134461251749
18	1	2022	-19.39	1.75	0.0	0.4786449955044952
19	1	2022	-27.44	-15.59	0.0	0.1465309754772801
20	1	2022	-23.13	-1.94	1.69	0.3901048929585366
21	1	2022	-9.82	2.78	2.11	0.4243012737674539
22	1	2022	-7.4	4.9	1.16	0.4818696587288859
23	1	2022	-9.24	5.01	0.0	0.5204837852283999
24	1	2022	-11.53	1.06	0.0	0.411344250602046
25	1	2022	-21.2	-3.96	0.0	0.3480182346776078
26	1	2022	-10.03	2.52	0.0	0.4440080774491921
27	1	2022	-7.81	2.13	0.0	0.3859004932003277
28	1	2022	-12.96	-0.09	0.0	0.3992631035742667
29	1	2022	-10.51	1.04	0.0	0.4026613553274444
30	1	2022	-5.15	4.66	0.0	0.432564073992423
31	1	2022	-12.76	2.25	4.19	0.4596977482953893
1	2	2022	-26.79	-19.38	0.0	0.0947399945624935
2	2	2022	-34.36	-25.06	0.0	0.0698474913729203
3	2	2022	-32.46	-22.04	0.0	0.0932521247435768
4	2	2022	-33.69	-13.41	2.8	0.184611833009839
5	2	2022	-18.87	-11.89	0.37	0.1534892525981022
6	2	2022	-19.96	0.43	0.0	0.478370057740309
7	2	2022	-6.27	4.34	0.0	0.467912796397876
8	2	2022	-4.52	3.55	0.0	0.3816871562440906
9	2	2022	-8.44	2.81	1.62	0.4593936152503191
10	2	2022	-10.34	5.44	0.67	0.6016759027840592
11	2	2022	-18.93	-14.08	0.0	0.1072315118198501
12	2	2022	-17.18	-8.59	0.0	0.2231401558282976
13	2	2022	-16.19	1.53	0.0	0.5196396069123872
14	2	2022	-19.91	-10.64	1.22	0.2076389411387975
15	2	2022	-16.28	-7.13	0.87	0.255934544028134
16	2	2022	-26.47	-16.04	0.0	0.1560347925837289
17	2	2022	-28.63	-9.03	0.73	0.2832931263750167
18	2	2022	-21.96	-9.65	0.56	0.2570418720157866
19	2	2022	-18.34	2.96	0.43	0.5871882226032319
20	2	2022	-23.1	-16.56	0.0	0.1195975646139424
21	2	2022	-29.01	-20.23	0.0	0.1108295856208553
22	2	2022	-32.14	-20.83	0.0	0.1184519653506119
23	2	2022	-30.64	-18.33	0.0	0.1473708372042916
24	2	2022	-27.61	-16.74	0.0	0.1605152000315844
25	2	2022	-26.81	-8.32	0.0	0.3133203943628561
26	2	2022	-12.88	-3.0	0.0	0.3618558090849557
27	2	2022	-12.29	-8.18	0.0	0.1496556236811116
28	2	2022	-12.53	-7.93	0.0	0.1681567409391866
1	3	2022	-10.53	-6.85	0.0	0.1506553876661772
2	3	2022	-19.69	-9.21	0.0	0.2740126716855377
3	3	2022	-20.92	-10.17	3.88	0.2398347644855016
4	3	2022	-12.07	-8.28	4.79	0.133885935698089
5	3	2022	-16.81	-9.29	0.0	0.2346315345411405
6	3	2022	-17.73	-4.2	0.0	0.4175920716840008
7	3	2022	-15.14	1.89	1.51	0.624348075777684
8	3	2022	-18.05	-7.97	0.0	0.3062966567585541
9	3	2022	-24.21	-15.16	0.0	0.1863851660989126
10	3	2022	-24.04	-13.21	0.0	0.2303405808066258
11	3	2022	-30.91	-11.16	0.0	0.281227182179964
12	3	2022	-15.86	3.18	0.0	0.71592282221169
13	3	2022	-13.7	-4.06	0.0	0.3827938994591767
14	3	2022	-11.37	-2.64	0.0	0.3923214836764612
15	3	2022	-8.67	2.61	0.0	0.6304656027929983
16	3	2022	-6.08	3.65	0.0	0.6154080854998322
17	3	2022	-7.71	4.76	0.0	0.770414809741116
18	3	2022	-3.55	5.24	0.0	0.6368461095661667
19	3	2022	-6.01	5.12	0.0	0.7713339367836123
20	3	2022	-2.75	3.34	2.63	0.3792165445640202
21	3	2022	-0.72	4.69	0.66	0.4199116454409947
22	3	2022	-3.36	6.47	0.0	0.814430240230264
23	3	2022	-2.1	10.25	0.0	1.1176060303420623
24	3	2022	-1.39	6.12	2.87	0.5109450809909428
25	3	2022	-8.64	-0.52	0.0	0.5022785081831506
26	3	2022	-10.43	-4.23	0.0	0.3277170508816889
27	3	2022	-8.57	5.59	0.0	1.0004856704094585
28	3	2022	-2.42	5.04	1.82	0.7870924917322156
29	3	2022	-5.72	1.59	0.0	0.6228327095007213
30	3	2022	-7.63	7.92	0.0	1.216358517629157
31	3	2022	-1.73	5.74	3.31	0.6157149908915489
1	4	2022	-4.47	3.93	0.0	0.784776737357954
2	4	2022	-7.32	4.81	0.0	0.9971462944333158
3	4	2022	-3.05	10.88	0.0	1.4111297383673491
4	4	2022	-0.14	14.79	0.0	1.7551884593418563
5	4	2022	0.03	7.92	1.67	1.029492886892306
6	4	2022	-2.17	6.62	0.31	1.0360202999642
7	4	2022	-3.13	10.96	0.0	1.5097528552063846
8	4	2022	-1.52	17.87	0.0	2.0117890898761077
9	4	2022	0.13	12.31	0.0	1.594895047686825
10	4	2022	-4.2	4.42	0.69	0.9422103294438254
11	4	2022	-8.82	-3.8	0.0	0.330744067771248
12	4	2022	-9.66	-4.86	0.0	0.2935676621782443
13	4	2022	-9.45	-3.61	0.0	0.4260808533101951
14	4	2022	-7.74	-2.15	0.0	0.4885911626827513
15	4	2022	-8.62	-0.69	0.0	0.735629379569763
16	4	2022	-8.28	2.92	0.0	1.073694468725784
17	4	2022	-8.41	4.43	0.0	1.1980274014345729
18	4	2022	-8.39	9.51	0.0	1.535735256041304
19	4	2022	-1.82	4.63	2.05	0.6961075644818655
20	4	2022	-4.88	2.58	0.0	0.884514999040717
21	4	2022	-8.95	6.55	0.0	1.367580277690182
22	4	2022	-1.57	4.22	0.9	0.8620692866632198
23	4	2022	0.52	11.09	0.0	1.7165044361208384
24	4	2022	-2.76	11.24	0.0	1.736386564224034
25	4	2022	-3.05	10.22	0.0	1.6708337841361711
26	4	2022	-2.19	13.89	0.0	1.9060830568893417
27	4	2022	1.06	15.3	0.0	2.0182542337862683
28	4	2022	0.32	18.15	0.0	2.191136929359661
29	4	2022	-0.08	17.04	0.0	2.1236291718812104
30	4	2022	0.61	17.92	0.0	2.1845494167295505
1	5	2022	0.27	14.29	0.0	1.9443978977442344
2	5	2022	-0.22	19.1	0.0	2.247718450568183
3	5	2022	3.44	19.94	0.0	2.337617559664078
4	5	2022	-0.1	23.88	0.0	2.52291201543934
5	5	2022	8.68	27.66	1.66	2.857117413646879
6	5	2022	9.32	23.15	1.61	2.4327324779871105
7	5	2022	4.29	15.44	0.0	1.910534351289425
8	5	2022	1.79	14.72	0.0	1.9013097194259068
9	5	2022	-0.15	16.96	0.0	2.054417100373748
10	5	2022	3.48	13.85	1.32	1.8065719003833196
11	5	2022	-0.73	19.29	0.0	2.1882604710019145
12	5	2022	3.2	22.06	0.0	2.395728816500322
13	5	2022	4.48	12.54	13.35	1.1917525930965256
14	5	2022	3.59	17.09	0.0	2.0043733860866557
15	5	2022	2.17	20.53	0.0	2.292066400614369
16	5	2022	3.73	18.57	0.9	2.152822135718414
17	5	2022	7.61	17.63	3.54	1.4535710621750846
18	5	2022	7.83	15.5	1.54	1.3604633095416925
19	5	2022	1.69	11.13	5.14	1.0325536840139786
20	5	2022	1.55	7.99	0.0	0.7677423525313138
21	5	2022	-1.27	15.24	0.0	1.8949248035990536
22	5	2022	1.09	17.47	0.0	2.0619971585702093
23	5	2022	2.24	23.07	0.0	2.4794447579678285
24	5	2022	4.69	24.87	0.0	2.612469823827841
25	5	2022	5.65	24.71	0.0	2.603494562646247
26	5	2022	5.39	24.07	0.0	2.5610287938333793
27	5	2022	6.81	23.01	0.0	2.474391929807677
28	5	2022	8.83	23.94	0.0	2.520063546368837
29	5	2022	8.56	20.12	0.0	2.0237790059127967
30	5	2022	7.44	16.96	0.0	1.6298387354850266
31	5	2022	3.56	19.15	0.0	2.205393068634978
1	6	2022	2.06	19.4	0.0	2.2604914030039818
2	6	2022	5.09	21.49	0.0	2.4062098883385645
3	6	2022	1.98	23.36	0.0	2.5303658326605043
4	6	2022	3.43	25.04	0.0	2.6520689510919984
5	6	2022	6.97	20.36	0.0	2.2932934402923637
6	6	2022	6.59	21.7	0.0	2.4107081169846474
7	6	2022	7.94	22.54	0.0	2.4563689979432124
8	6	2022	6.93	25.39	0.0	2.6908745243621297
9	6	2022	11.12	23.68	1.95	2.4713040162464948
10	6	2022	9.77	24.91	3.01	2.3424018959692505
11	6	2022	8.23	24.06	0.0	2.5873314896322532
12	6	2022	7.93	23.6	0.0	2.5485374594765813
13	6	2022	10.63	22.02	7.51	1.8466987966876809
14	6	2022	8.32	18.71	0.0	1.8552327537893636
15	6	2022	6.45	16.11	3.02	1.2788863341378236
16	6	2022	10.14	21.07	0.0	2.033322039543618
17	6	2022	10.49	28.44	0.0	2.9017264128518514
18	6	2022	18.22	31.34	0.0	2.8559888303632968
19	6	2022	15.76	21.4	1.52	1.1127785898321998
20	6	2022	14.83	20.45	14.65	0.7696649255347534
21	6	2022	11.66	22.11	0.0	1.882187884723568
22	6	2022	11.02	28.38	4.46	2.3451800475382947
23	6	2022	11.15	25.22	7.89	1.976713792331359
24	6	2022	9.16	17.9	3.02	1.0564558985129249
25	6	2022	9.26	21.87	3.85	1.62406258604542
26	6	2022	8.72	24.71	0.0	2.403294694278306
27	6	2022	9.8	22.03	0.0	1.996414767233098
28	6	2022	7.96	22.52	0.0	2.1952476867194832
29	6	2022	11.99	24.29	0.0	2.112738990343652
30	6	2022	9.22	22.73	0.0	2.1631383534537685
1	7	2022	6.48	23.02	0.0	2.343855263086089
2	7	2022	9.51	21.1	0.86	1.9048044240209911
3	7	2022	10.22	23.27	0.0	2.1760613354761302
4	7	2022	12.2	21.96	0.0	1.7675371383877898
5	7	2022	11.33	17.68	3.21	0.736442408826242
6	7	2022	12.43	23.49	0.0	2.0270734403932744
7	7	2022	10.94	23.54	6.49	1.744539703428429
8	7	2022	16.35	31.37	1.26	2.7542528190344795
9	7	2022	16.67	28.98	1.54	2.366363282141873
10	7	2022	13.29	24.81	0.0	2.0738476608074548
11	7	2022	11.25	26.62	0.0	2.4819018877151335
12	7	2022	10.71	29.9	0.0	2.8139668638655535
13	7	2022	16.24	32.51	5.78	2.3004944567800463
14	7	2022	13.71	27.53	0.0	2.334592136911332
15	7	2022	16.41	32.8	0.0	2.76649050995795
16	7	2022	15.6	35.22	0.0	3.030490772344946
17	7	2022	15.89	29.44	15.52	1.872966936271086
18	7	2022	13.95	29.28	12.92	1.9007995546859329
19	7	2022	16.04	28.41	5.6	1.521223773935954
20	7	2022	12.18	24.69	0.0	1.7624194608800456
21	7	2022	10.7	27.65	0.0	2.2317266293815297
22	7	2022	11.35	24.0	0.0	1.7374841591219692
23	7	2022	8.81	21.13	0.0	1.578106912672944
24	7	2022	7.46	28.03	0.33	2.375030364088446
25	7	2022	14.19	20.93	0.0	0.8675604845680035
26	7	2022	10.08	23.68	0.0	1.778155090146282
27	7	2022	7.72	25.05	0.0	2.070039773913079
28	7	2022	8.0	28.03	0.0	2.3231695335900504
29	7	2022	12.78	34.11	0.0	2.6639016613937176
30	7	2022	14.85	23.05	3.63	0.9094926582083108
31	7	2022	13.78	25.51	2.21	1.2499432861408353
1	8	2022	14.41	25.73	19.06	1.2211467690534727
2	8	2022	12.47	22.77	1.65	1.2307776021882793
3	8	2022	7.79	24.51	0.0	1.840951043288397
4	8	2022	12.53	32.23	0.0	2.3216414213360608
5	8	2022	8.75	17.66	0.0	0.9675198529805408
6	8	2022	5.02	23.34	0.0	1.8239709940522657
7	8	2022	12.76	29.4	0.0	1.9895276055137563
8	8	2022	10.87	32.09	0.0	2.335097822276396
9	8	2022	9.0	24.78	0.0	1.7128027295691772
10	8	2022	8.94	24.96	0.0	1.7248853876683714
11	8	2022	15.24	25.9	0.0	1.2587327591473996
12	8	2022	11.38	30.81	0.0	2.211456195805406
13	8	2022	14.98	32.37	5.15	1.7437256953784843
14	8	2022	15.0	29.12	0.0	1.7080383833856865
15	8	2022	11.94	29.21	0.0	1.9676129667979716
16	8	2022	13.67	33.65	0.0	2.2953678434600495
17	8	2022	15.52	28.35	1.98	1.5390514682173155
18	8	2022	12.16	29.41	0.0	1.9627857301444884
19	8	2022	10.35	29.64	0.0	2.068889727976736
20	8	2022	15.21	32.54	0.0	2.040793580157967
21	8	2022	12.49	34.22	0.0	2.3383610998371487
22	8	2022	15.58	24.61	0.0	1.0198046818111324
23	8	2022	12.48	27.02	0.0	1.597831503285134
24	8	2022	10.02	27.24	0.0	1.7797875839449462
25	8	2022	10.56	29.58	0.0	1.9585530072145712
26	8	2022	11.91	28.46	3.9	1.4746029775681695
27	8	2022	13.79	30.76	2.6	1.5483454816011135
28	8	2022	12.19	21.44	0.0	0.9621874619827168
29	8	2022	8.59	27.3	0.0	1.777966468096549
30	8	2022	9.8	32.34	0.0	2.13110479755015
31	8	2022	12.58	35.28	0.0	2.2281990900444915
1	9	2022	12.88	31.31	0.0	1.8366229480516305
2	9	2022	5.43	26.68	0.0	1.7810702255012352
3	9	2022	11.11	35.38	0.0	2.238675789530319
4	9	2022	15.07	34.67	0.0	1.9506267599694769
5	9	2022	11.67	30.68	0.0	1.7774464202230245
6	9	2022	8.09	24.53	0.0	1.416278592449021
7	9	2022	8.91	34.39	0.0	2.171974298650944
8	9	2022	6.33	18.69	0.0	1.0272598934343138
9	9	2022	3.0	16.41	0.0	1.013768996223001
10	9	2022	1.26	23.48	0.0	1.5638946401470708
11	9	2022	7.43	32.27	0.0	2.015780086586669
12	9	2022	8.12	22.53	0.0	1.213205052189852
13	9	2022	6.92	15.81	0.61	0.7320310194390142
14	9	2022	6.73	15.49	0.0	0.7167827004048831
15	9	2022	4.14	18.24	0.0	1.069176402307097
16	9	2022	9.83	20.29	0.0	0.9148962192930152
17	9	2022	7.44	21.77	0.0	1.16958051757227
18	9	2022	5.63	22.41	0.0	1.292932732247305
19	9	2022	7.24	16.25	3.56	0.6741753621712505
20	9	2022	4.73	13.49	0.0	0.6686441233344087
21	9	2022	-0.24	17.12	0.0	1.122736678022872
22	9	2022	1.79	20.77	0.0	1.3175863476887772
23	9	2022	5.58	20.12	0.0	1.1046063100375487
24	9	2022	5.25	21.14	0.0	1.2003673179444647
25	9	2022	1.69	21.52	0.0	1.364022633147902
26	9	2022	6.52	22.77	0.0	1.2498153657963704
27	9	2022	4.97	25.05	0.0	1.4877896278195355
28	9	2022	7.67	29.13	0.0	1.6825582460192758
29	9	2022	7.05	29.02	0.0	1.6810187750461842
30	9	2022	11.5	22.34	0.0	0.9174578565912862
1	10	2022	8.47	21.19	0.0	0.9996433635385006
2	10	2022	4.78	21.34	0.0	1.1689089761773743
3	10	2022	6.04	22.14	0.0	1.171462379356747
4	10	2022	6.02	25.72	0.0	1.4290521089151051
5	10	2022	1.9	11.42	0.0	0.6191238237523355
6	10	2022	-5.84	9.99	0.0	0.7833654099241103
7	10	2022	-2.16	19.8	0.0	1.2427757518148483
8	10	2022	2.7	23.2	0.0	1.3436943255706275
9	10	2022	2.78	21.87	0.0	1.2309198246695066
10	10	2022	2.77	24.84	0.1	1.4210150133461694
11	10	2022	4.81	15.8	0.0	0.756070327222523
12	10	2022	2.49	11.03	0.0	0.5458449096794415
13	10	2022	-0.03	13.7	0.0	0.8057016464911083
14	10	2022	-3.48	14.77	0.0	0.9440008708713404
15	10	2022	-2.88	9.31	0.0	0.6386390349196214
16	10	2022	-4.17	7.47	0.0	0.5760970992665606
17	10	2022	-2.99	16.26	0.0	1.076937447709695
18	10	2022	0.12	21.0	0.0	1.3512948408408885
19	10	2022	1.52	20.96	0.0	1.300451492295033
20	10	2022	3.07	15.2	0.0	0.7555179358571169
21	10	2022	-0.6	11.93	0.0	0.686310383962339
22	10	2022	-4.79	11.23	0.65	0.77414512131337
23	10	2022	-0.17	4.66	5.2	0.2477888295811686
24	10	2022	-2.05	1.54	0.74	0.1803303806561405
25	10	2022	-2.27	4.04	0.0	0.3162611957642794
26	10	2022	-4.82	7.02	0.0	0.5471012678526999
27	10	2022	-0.32	11.55	0.0	0.6471622430861997
28	10	2022	-1.46	10.17	0.0	0.6076708274966649
29	10	2022	-2.96	13.17	0.0	0.79822040302234
30	10	2022	-1.72	15.23	0.0	0.8837864651475186
31	10	2022	-1.27	9.08	0.0	0.5849458992390666
1	11	2022	-0.45	7.27	0.73	0.4082978260675676
2	11	2022	-2.69	1.67	1.01	0.2089083701955421
3	11	2022	-7.97	-1.72	0.0	0.2398435536743697
4	11	2022	-10.29	1.4	0.39	0.4291078941643553
5	11	2022	-5.86	1.88	4.34	0.3175611528002834
6	11	2022	-13.25	-5.02	0.0	0.2494250598362232
7	11	2022	-17.42	-7.72	2.83	0.2242107230977486
8	11	2022	-18.7	-5.91	0.0	0.2962054822825935
9	11	2022	-24.84	-14.8	0.0	0.1532257676188212
10	11	2022	-25.85	-14.63	0.0	0.1616387316852799
11	11	2022	-22.05	-11.57	0.0	0.1911464187921297
12	11	2022	-22.17	-11.06	0.67	0.2020919092276492
13	11	2022	-13.32	-6.72	0.0	0.1933115129558409
14	11	2022	-11.3	-5.91	0.77	0.173405403422464
15	11	2022	-12.25	-3.9	0.0	0.2612717799243457
16	11	2022	-10.58	-2.57	0.04	0.2727050942969261
17	11	2022	-16.05	-9.66	0.0	0.1600395912419748
18	11	2022	-15.16	-6.09	0.0	0.2444182792879699
19	11	2022	-13.31	-4.93	0.0	0.2475941111877733
20	11	2022	-12.51	0.8	0.0	0.417353674179264
21	11	2022	-11.96	1.38	0.98	0.4283259919044527
22	11	2022	-6.8	1.53	0.0	0.3344888264680766
23	11	2022	-6.24	1.83	0.0	0.3297378985869648
24	11	2022	-7.85	2.7	0.0	0.4019984915520755
25	11	2022	-1.51	5.98	0.0	0.3684460891205067
26	11	2022	-5.76	2.73	0.0	0.3512490380742166
27	11	2022	-5.39	1.85	2.2	0.2902310310640676
28	11	2022	-9.7	-4.56	4.45	0.1666261901156546
29	11	2022	-16.77	-9.28	0.77	0.1761791470870663
30	11	2022	-21.71	-14.96	1.19	0.1159002540466094
1	12	2022	-25.2	-15.7	0.39	0.133076942844024
2	12	2022	-30.53	-22.58	0.0	0.0739564982864545
3	12	2022	-25.45	-11.08	0.0	0.2071876784136562
4	12	2022	-15.58	-3.07	0.0	0.3211380393717239
5	12	2022	-26.16	-14.35	0.8	0.1570838179353288
6	12	2022	-34.37	-22.0	0.0	0.0905532101464408
7	12	2022	-34.45	-10.74	0.0	0.2063592500337552
8	12	2022	-16.83	-6.93	0.0	0.2305709622507744
9	12	2022	-13.28	-3.33	0.0	0.2808646207138681
10	12	2022	-18.76	-7.7	0.0	0.2315230005095039
11	12	2022	-10.57	-4.86	1.46	0.179940551493157
12	12	2022	-12.47	-6.75	1.69	0.163059479468067
13	12	2022	-16.18	-11.6	0.0	0.1044746807841225
14	12	2022	-17.28	-8.24	0.0	0.2022864047586804
15	12	2022	-17.27	-9.87	0.0	0.1631077936152355
16	12	2022	-21.13	-14.25	0.0	0.118651526198629
17	12	2022	-20.93	-14.44	0.0	0.112751561763922
18	12	2022	-26.23	-20.39	0.0	0.0700704100478944
19	12	2022	-29.2	-24.08	1.25	0.0488575848431536
20	12	2022	-35.03	-26.91	0.0	0.052005372046311
21	12	2022	-33.63	-26.34	0.65	0.0515095067571401
22	12	2022	-31.86	-24.45	0.0	0.0603734714717004
23	12	2022	-35.56	-21.8	0.0	0.0928853804491078
24	12	2022	-24.34	-14.04	8.05	0.1453695819845146
25	12	2022	-16.42	-11.5	1.85	0.1117812221361376
26	12	2022	-14.94	-4.46	0.0	0.2715498860922649
27	12	2022	-13.32	-6.42	7.81	0.1837381657481586
28	12	2022	-16.73	-11.64	0.89	0.1138136587021883
29	12	2022	-15.95	-10.9	0.0	0.118600271054093
30	12	2022	-18.09	-10.17	0.0	0.1688982709125621
31	12	2022	-20.76	-12.75	0.0	0.1452624867110549
1	1	2023	-21.11	-7.85	0.0	0.2441766882309561
2	1	2023	-16.75	-6.88	0.0	0.229291268866167
3	1	2023	-15.9	-6.09	0.0	0.2391196377480394
4	1	2023	-19.74	-9.65	0.0	0.1973621178733414
5	1	2023	-20.3	-10.9	0.0	0.1768027162906502
6	1	2023	-17.67	-8.7	0.0	0.1974592423106297
7	1	2023	-15.67	-5.59	0.0	0.2511382720792408
8	1	2023	-15.88	-5.53	0.0	0.2561379413657647
9	1	2023	-15.9	-6.5	0.0	0.2313963665925049
10	1	2023	-17.52	-10.08	0.0	0.1645231435130559
11	1	2023	-14.39	-9.21	0.0	0.1347887969798074
12	1	2023	-15.46	-9.0	0.0	0.1607022070879695
13	1	2023	-15.45	-7.29	0.0	0.2064545673705641
14	1	2023	-13.15	-7.34	0.0	0.1646910535681807
15	1	2023	-9.05	-7.22	0.0	0.0631317494356299
16	1	2023	-9.82	-6.74	0.0	0.1024290889270434
17	1	2023	-11.25	-8.43	0.0	0.0872893401190527
18	1	2023	-8.58	-4.45	0.44	0.1514215957238552
19	1	2023	-9.67	-3.8	0.0	0.2076043330952987
20	1	2023	-14.73	-5.19	0.0	0.2643744715651994
21	1	2023	-13.64	-2.31	0.0	0.3362163732153331
22	1	2023	-8.05	1.51	0.66	0.404267723338418
23	1	2023	-12.97	-1.11	0.42	0.3893630207511753
24	1	2023	-12.07	-4.11	0.0	0.2573407536902184
25	1	2023	-8.52	-1.31	2.71	0.2634724424356147
26	1	2023	-7.59	3.85	1.1	0.5640971560874569
27	1	2023	-20.86	-5.22	0.0	0.3287607509278293
28	1	2023	-25.1	-18.21	0.0	0.1019201345764349
29	1	2023	-27.22	-19.09	0.0	0.1055825110999858
30	1	2023	-27.37	-18.62	0.0	0.1137208578358581
31	1	2023	-25.36	-15.34	0.32	0.1528868368754794
1	2	2023	-25.67	-13.97	0.25	0.1778998305905032
2	2	2023	-31.85	-18.93	0.0	0.1283799386314199
3	2	2023	-19.95	-5.12	0.0	0.3597126944379343
4	2	2023	-9.17	-1.9	0.32	0.32384479290072
5	2	2023	-10.36	0.68	0.0	0.531966022606875
6	2	2023	-5.5	1.78	0.0	0.4521376150867234
7	2	2023	-6.58	2.49	0.0	0.5733033974984667
8	2	2023	-10.5	-0.57	0.0	0.4928136001823004
9	2	2023	-14.96	-3.77	0.0	0.412045366793198
10	2	2023	-10.7	4.34	0.0	0.7650773296477246
11	2	2023	-6.74	0.98	0.0	0.4886312867488467
12	2	2023	-8.03	0.77	0.0	0.5369001577619935
13	2	2023	-5.24	2.89	0.0	0.6015400874111414
14	2	2023	-17.96	-4.39	0.0	0.435591671128635
15	2	2023	-18.74	-11.88	0.0	0.1690104013946132
16	2	2023	-22.1	-3.5	0.0	0.4662476452725538
17	2	2023	-9.87	-1.05	0.0	0.4886730027852143
18	2	2023	-13.68	-5.25	0.58	0.3440466427913063
19	2	2023	-14.43	-9.61	2.24	0.1400565691294009
20	2	2023	-23.3	-12.79	0.0	0.2125696259170777
21	2	2023	-29.01	-19.76	0.0	0.120453100748379
22	2	2023	-33.14	-26.13	0.0	0.0650428894868203
23	2	2023	-31.88	-21.51	0.0	0.1121256503321194
24	2	2023	-31.84	-19.96	0.0	0.1316909149927033
25	2	2023	-29.77	-13.36	0.0	0.2364141524613756
26	2	2023	-19.6	-7.36	0.0	0.3953891361391297
27	2	2023	-16.6	-7.89	0.0	0.3330600423796118
28	2	2023	-22.94	-11.82	0.0	0.2685808926873026
1	3	2023	-22.79	-7.55	0.0	0.4071133055028535
2	3	2023	-13.64	-0.79	0.0	0.6864048821759937
3	3	2023	-11.32	-1.33	0.0	0.6337569772613671
4	3	2023	-16.14	-6.75	0.0	0.411952618871909
5	3	2023	-22.71	-11.89	0.0	0.284649706413793
6	3	2023	-26.4	-14.69	0.0	0.2274621330775868
7	3	2023	-19.52	-12.8	0.0	0.1937687926181932
8	3	2023	-20.15	-14.03	0.0	0.1565043830802468
9	3	2023	-21.22	-11.39	0.0	0.3044436337470159
10	3	2023	-15.59	-6.96	0.55	0.4294212838044581
11	3	2023	-14.17	-6.44	0.0	0.4298026032761562
12	3	2023	-20.93	-8.37	0.0	0.4397745009467175
13	3	2023	-18.0	-4.74	0.0	0.5915293536639811
14	3	2023	-12.22	-1.26	1.46	0.7602279096489473
15	3	2023	-17.33	-4.76	0.0	0.6009949187673902
16	3	2023	-17.98	-7.58	0.0	0.4744436682344076
17	3	2023	-22.41	-8.64	0.0	0.4500070216757008
18	3	2023	-19.76	-1.85	0.0	0.7202207474137667
19	3	2023	-15.43	-3.8	0.0	0.6671579940275223
20	3	2023	-12.06	-5.41	0.0	0.4720771101696484
21	3	2023	-15.15	-6.91	0.0	0.4809334539302222
22	3	2023	-17.15	-6.88	0.0	0.5306323381191034
23	3	2023	-15.47	1.09	0.0	0.9154493272623404
24	3	2023	-15.05	-4.12	0.0	0.6716918915208118
25	3	2023	-20.28	-4.14	0.0	0.6638623467426855
26	3	2023	-15.81	-6.85	0.0	0.5218973309552294
27	3	2023	-21.26	-10.11	0.0	0.4313746527905132
28	3	2023	-22.59	-7.43	0.0	0.5388504006854415
29	3	2023	-18.41	-1.87	0.0	0.792319078884369
30	3	2023	-11.01	-1.34	0.0	0.839034805275057
31	3	2023	-14.33	-0.35	0.0	0.9051187899965432
1	4	2023	-10.98	0.92	0.0	0.9891162461571166
2	4	2023	-9.24	-3.73	1.16	0.5409839336871438
3	4	2023	-14.45	-8.18	0.0	0.4188754259765903
4	4	2023	-19.78	-6.61	0.0	0.620243425855711
5	4	2023	-22.24	-4.82	0.0	0.6698922854298033
6	4	2023	-20.15	-3.75	0.0	0.7328695217376969
7	4	2023	-14.08	1.39	0.0	0.9993308511508296
8	4	2023	-5.91	5.38	0.0	1.2501844899578731
9	4	2023	-1.66	6.95	0.0	1.316547175271212
10	4	2023	2.18	8.36	0.0	1.3332418417058922
11	4	2023	0.59	8.53	0.0	1.40029383666224
12	4	2023	-0.7	9.18	0.0	1.480037274236945
13	4	2023	-3.21	9.28	0.0	1.5087072052398935
14	4	2023	-0.67	10.71	0.0	1.5501116973929117
15	4	2023	-2.84	13.34	0.0	1.7053675822871148
16	4	2023	-1.19	15.48	0.0	1.8454523505893892
17	4	2023	2.98	16.72	0.0	1.9445756371769631
18	4	2023	-0.57	6.85	5.99	1.1078499998982614
19	4	2023	-3.72	0.61	5.15	0.4711034792078801
20	4	2023	-3.84	-0.88	0.46	0.3235355921932641
21	4	2023	-4.76	3.23	0.0	1.0906512913186843
22	4	2023	-3.73	7.9	0.0	1.428312644765828
23	4	2023	-5.24	10.37	0.0	1.5666628103576847
24	4	2023	-1.34	11.27	0.0	1.6463017568927525
25	4	2023	2.54	16.37	0.78	1.9785097961539044
26	4	2023	1.15	14.92	0.0	1.8873309731741903
27	4	2023	0.95	11.32	0.0	1.6426187967386716
28	4	2023	-0.77	18.88	0.0	2.117737663931788
29	4	2023	-1.45	15.96	0.0	1.948382294962304
30	4	2023	-2.24	16.16	0.0	1.9522320662933017
1	5	2023	-0.11	20.4	0.0	2.2221090597063298
2	5	2023	3.97	26.89	0.0	2.6440239546968622
3	5	2023	6.16	26.68	0.0	2.6590538288762833
4	5	2023	5.77	27.22	0.0	2.6900716277948424
5	5	2023	4.47	19.6	0.0	2.2030320971598907
6	5	2023	4.64	18.03	0.0	2.0930504956457407
7	5	2023	7.4	19.31	0.0	2.15402500208751
8	5	2023	7.7	20.1	0.0	2.2174477462271187
9	5	2023	3.67	20.98	0.0	2.317862312131848
10	5	2023	6.33	22.22	0.0	2.394340663585004
11	5	2023	5.0	22.71	0.0	2.431140257139641
12	5	2023	8.35	19.91	0.0	2.170351981744045
13	5	2023	4.6	25.1	0.0	2.5894987351246437
14	5	2023	6.53	27.2	0.0	2.732810095364252
15	5	2023	10.37	28.49	0.0	2.8150822185397697
16	5	2023	9.96	30.91	0.0	2.9831010384775327
17	5	2023	5.94	15.81	0.0	1.874139375125322
18	5	2023	3.5	16.98	0.0	2.0270919742341627
19	5	2023	1.09	26.61	0.0	2.645919594802719
20	5	2023	10.08	25.6	0.0	2.587036470122359
21	5	2023	6.92	24.18	0.0	2.518309317737209
22	5	2023	11.86	30.74	2.11	2.7049931452528773
23	5	2023	11.5	23.05	0.53	2.3199160621281214
24	5	2023	9.18	20.36	14.49	2.0044822049139617
25	5	2023	11.99	16.42	0.76	1.035249106171278
26	5	2023	10.78	20.06	0.0	2.082008653834073
27	5	2023	8.22	19.17	2.75	1.8717279983454609
28	5	2023	12.76	22.18	0.0	2.214903736733468
29	5	2023	10.0	26.89	0.0	2.7344008501818986
30	5	2023	10.58	28.91	0.0	2.884259467426575
31	5	2023	11.6	31.52	0.0	3.0668191715349384
1	6	2023	14.71	28.33	1.52	2.7539116672398634
2	6	2023	13.26	23.39	0.0	2.3470138728507
3	6	2023	16.38	26.71	18.9	2.2816613737062643
4	6	2023	15.45	31.01	0.0	2.997079082119088
5	6	2023	17.31	33.47	0.0	3.147787863325776
6	6	2023	15.53	27.39	0.0	2.5790262142735796
7	6	2023	11.93	29.0	0.0	2.914287898192333
8	6	2023	13.2	29.92	0.0	2.965567167143212
9	6	2023	10.78	25.26	0.0	2.633710850414355
10	6	2023	9.87	25.04	0.0	2.641510401298695
11	6	2023	11.13	28.9	0.0	2.9233790416789622
12	6	2023	12.63	30.92	0.0	3.0589663416942585
13	6	2023	12.85	30.64	0.0	3.038935434338211
14	6	2023	13.55	30.15	0.0	2.990186540321006
15	6	2023	10.43	19.84	0.0	1.8980169465816443
16	6	2023	6.97	25.36	0.0	2.709894806489517
17	6	2023	12.4	22.85	0.0	2.2077658091629373
18	6	2023	7.98	25.3	19.98	2.391531787174564
19	6	2023	10.49	23.08	0.0	2.2002710587425693
20	6	2023	8.72	22.44	0.0	2.2546520223938304
21	6	2023	8.5	19.95	0.0	1.9250472780741423
22	6	2023	6.21	23.96	0.0	2.5381332156552032
23	6	2023	8.13	26.87	0.0	2.7668504472058744
24	6	2023	9.33	27.71	0.0	2.8001185657918652
25	6	2023	11.68	30.19	6.61	2.465892296534818
26	6	2023	12.22	26.43	0.0	2.401460184406781
27	6	2023	11.73	27.64	0.0	2.5825154807385373
28	6	2023	11.78	24.49	0.0	2.1432755987712806
29	6	2023	11.34	27.86	0.0	2.639918173889937
30	6	2023	13.19	29.68	0.0	2.755812847616925
1	7	2023	14.3	32.02	0.0	2.955208103930576
2	7	2023	12.08	22.49	0.0	1.7723582806742189
3	7	2023	10.45	19.94	3.69	1.1734552115137444
4	7	2023	7.89	19.01	0.0	1.6497987917871637
5	7	2023	4.76	23.83	0.0	2.41427325958805
6	7	2023	8.46	25.59	0.0	2.4686759419752997
7	7	2023	8.14	24.4	0.0	2.347577345922246
8	7	2023	8.42	27.64	0.0	2.671453236426524
9	7	2023	11.49	29.91	0.0	2.7854729925669974
10	7	2023	8.55	22.86	0.0	2.109106253180001
11	7	2023	8.95	21.98	0.0	1.9611735260646912
12	7	2023	8.89	24.74	0.0	2.3285455088685407
13	7	2023	11.26	25.55	0.0	2.2750442794272714
14	7	2023	11.01	20.66	0.0	1.5254089270194091
15	7	2023	8.62	23.58	0.0	2.194578035875188
16	7	2023	7.48	22.73	0.0	2.15823115525131
17	7	2023	7.84	26.67	2.31	2.12050236249791
18	7	2023	13.45	19.7	8.28	0.6842573179458402
19	7	2023	12.92	24.18	0.0	1.8840647726688655
20	7	2023	10.76	26.42	0.62	2.400582194118116
21	7	2023	11.22	28.28	0.0	2.570295646508064
22	7	2023	11.44	28.4	3.86	2.1086953915786895
23	7	2023	13.21	29.87	0.0	2.591356950821452
24	7	2023	15.58	33.5	0.0	2.852114444864441
25	7	2023	17.83	33.12	0.68	2.648439038422636
26	7	2023	12.07	25.75	0.0	2.1291255888594143
27	7	2023	9.67	19.91	0.0	1.4797794249433462
28	7	2023	8.56	21.66	0.0	1.8526194921218864
29	7	2023	5.92	23.62	0.0	2.2162001901251625
30	7	2023	7.34	29.58	0.0	2.695268991384338
31	7	2023	15.08	32.79	0.0	2.735998470962804
1	8	2023	11.6	31.19	7.12	2.2541404320953964
2	8	2023	11.89	30.37	0.0	2.530195964590944
3	8	2023	12.99	36.33	0.0	3.0037254607416584
4	8	2023	13.32	27.31	0.0	2.0301300538253995
5	8	2023	9.03	26.69	0.0	2.2429016273844473
6	8	2023	9.02	27.68	0.0	2.3304684236809
7	8	2023	9.59	27.45	0.0	2.27233200733377
8	8	2023	8.32	23.95	0.0	1.950517444931096
9	8	2023	11.02	20.21	7.19	0.8922577188075558
10	8	2023	12.34	23.75	6.96	1.1772942227563707
11	8	2023	12.21	20.85	0.0	1.0005067309912878
12	8	2023	9.35	24.42	2.47	1.477884102355144
13	8	2023	9.61	26.15	0.0	1.9643214475948327
14	8	2023	12.01	33.52	0.0	2.543228904048585
15	8	2023	14.02	29.86	6.14	1.6604757647016395
16	8	2023	11.26	22.83	0.0	1.3372733938759342
17	8	2023	8.07	30.8	0.0	2.3606149045279703
18	8	2023	14.15	24.37	0.0	1.168173071090009
19	8	2023	8.11	20.26	0.0	1.2603839122772096
20	8	2023	3.28	22.62	2.1	1.495627796029686
21	8	2023	12.89	19.36	11.51	0.6314240372236833
22	8	2023	13.33	16.43	3.91	0.3161994051537736
23	8	2023	13.31	22.01	0.0	0.9597130009059606
24	8	2023	10.3	22.38	0.0	1.328249707900211
25	8	2023	10.22	21.61	0.0	1.226194261113139
26	8	2023	9.03	29.06	0.0	2.107862460425003
27	8	2023	10.73	27.55	0.0	1.8637107186518955
28	8	2023	10.04	30.91	0.0	2.1904150404557745
29	8	2023	11.91	32.12	0.0	2.203854346276128
30	8	2023	14.75	28.85	0.0	1.6566166060095695
31	8	2023	13.05	21.1	7.79	0.7689664946207496
1	9	2023	12.69	26.93	0.0	1.5704505008512015
2	9	2023	12.55	28.0	0.0	1.812037270165344
3	9	2023	7.87	28.91	0.0	2.0957898062015814
4	9	2023	8.46	20.12	0.0	1.180157137482788
5	9	2023	1.51	17.52	0.0	1.337899330923785
6	9	2023	8.56	23.25	0.29	1.5172869359101968
7	9	2023	7.02	20.25	2.5	1.0631163792081295
8	9	2023	3.06	22.5	0.0	1.6435898826056228
9	9	2023	6.77	24.63	0.0	1.6722231011553326
10	9	2023	7.08	24.47	0.0	1.620737903180715
11	9	2023	6.78	21.7	0.0	1.3585301630008124
12	9	2023	8.33	27.77	0.12	1.8197295592092144
13	9	2023	10.61	23.28	0.0	1.2229408301654248
14	9	2023	7.05	18.7	0.0	1.0022382669086538
15	9	2023	5.09	22.29	0.0	1.4514747056644015
16	9	2023	6.22	29.28	0.0	1.938463321277336
17	9	2023	7.05	31.13	0.0	2.134107561596441
18	9	2023	9.23	27.02	0.0	1.7243949136617025
19	9	2023	5.6	18.83	0.0	1.1247042348637348
20	9	2023	4.31	20.22	0.0	1.3104142268614425
21	9	2023	2.46	22.05	0.0	1.504792854250025
22	9	2023	3.69	23.41	0.0	1.5514765890332998
23	9	2023	8.65	22.31	0.0	1.179154852317011
24	9	2023	10.42	23.83	0.0	1.2326135172249255
25	9	2023	6.6	26.38	0.0	1.678709007027936
26	9	2023	13.23	29.42	0.31	1.588979615370318
27	9	2023	10.25	24.0	0.0	1.226099671287445
28	9	2023	5.96	19.97	0.0	1.1037574714828968
29	9	2023	2.21	18.41	0.0	1.1461027729128916
30	9	2023	1.55	11.61	14.42	0.6114391564101992
1	10	2023	7.08	9.74	5.85	0.1950915144267212
2	10	2023	6.33	12.93	1.28	0.4985284602086299
3	10	2023	4.39	16.76	0.0	0.8812308139418275
4	10	2023	2.18	13.72	2.08	0.7114639998106324
5	10	2023	-0.34	8.83	0.0	0.55869249547034
6	10	2023	-4.59	11.67	0.0	0.8489781602080977
7	10	2023	3.48	21.78	0.0	1.2169436055889908
8	10	2023	3.12	22.62	0.0	1.2708754021034572
9	10	2023	3.79	21.82	0.0	1.1972901715553796
10	10	2023	3.61	20.42	0.0	1.1109289120046535
11	10	2023	4.42	16.82	0.0	0.8461565801619118
12	10	2023	3.12	9.98	0.0	0.4499931096323064
13	10	2023	-0.53	12.72	0.0	0.771537061606534
14	10	2023	0.33	12.5	0.0	0.7254711490613647
15	10	2023	-0.72	15.2	0.0	0.9077937446238056
16	10	2023	0.75	17.73	0.0	1.0079204948494913
17	10	2023	7.46	18.79	0.23	0.8217606839355834
18	10	2023	1.88	15.76	0.0	0.8543185172568409
19	10	2023	2.83	21.53	0.0	1.154595188074352
20	10	2023	4.0	15.9	0.0	0.7743062929654416
21	10	2023	-3.11	10.83	0.0	0.7156922481928604
22	10	2023	0.08	11.05	0.0	0.6289621747758091
23	10	2023	-4.07	2.17	1.07	0.3012584787743053
24	10	2023	-11.23	-3.69	0.8	0.2692827966850971
25	10	2023	-15.38	-4.63	0.0	0.3160506582835229
26	10	2023	-12.05	-2.97	0.0	0.3132945601870734
27	10	2023	-7.38	-2.09	0.55	0.2230358142706584
28	10	2023	-12.38	-2.85	0.4	0.3227422159597282
29	10	2023	-9.72	-0.29	0.0	0.3633905308039868
30	10	2023	-13.48	-3.53	0.0	0.3163543664644693
31	10	2023	-12.51	1.71	0.0	0.4811805793585392
1	11	2023	-8.24	-0.09	0.0	0.3266120057125027
2	11	2023	-6.53	4.02	0.0	0.4594792106537566
3	11	2023	-3.8	1.92	0.0	0.2734382868899608
4	11	2023	-4.58	3.11	2.89	0.3372572652288657
5	11	2023	0.2	1.93	0.4	0.0966666064894055
6	11	2023	0.52	3.02	0.0	0.1383401716386947
7	11	2023	0.32	2.94	1.45	0.1441701928445452
8	11	2023	-0.51	4.02	0.39	0.2415219209015243
9	11	2023	-5.11	-0.06	0.0	0.2239498339560858
10	11	2023	-7.35	2.6	0.0	0.404125384172333
11	11	2023	-2.95	7.61	0.0	0.5105092802829296
12	11	2023	-2.97	8.92	0.0	0.571185910419247
13	11	2023	-4.52	8.32	0.0	0.5776457835418461
14	11	2023	-2.73	7.73	0.0	0.5043554525635648
15	11	2023	-6.08	6.35	0.0	0.5224415131173883
16	11	2023	-9.84	4.06	0.0	0.4942832897239371
17	11	2023	-4.11	11.47	0.0	0.699524342216694
18	11	2023	-3.2	12.91	0.0	0.7446973096263587
19	11	2023	-1.85	11.17	0.0	0.632819623916231
20	11	2023	-4.18	6.09	0.0	0.4579590006132807
21	11	2023	-9.83	4.23	0.0	0.4918036756976791
22	11	2023	-11.52	-1.89	0.0	0.3053804594235773
23	11	2023	-18.37	-7.11	0.0	0.2470918238139214
24	11	2023	-12.22	2.09	0.0	0.4431917923254098
25	11	2023	-9.24	1.25	0.0	0.3676515857094625
26	11	2023	-15.35	-5.2	0.0	0.2592606276111646
27	11	2023	-8.48	1.14	0.0	0.345899624989224
28	11	2023	-5.44	6.41	0.0	0.4876948680609269
29	11	2023	-6.18	3.24	0.0	0.3732476442487253
30	11	2023	-9.4	-0.57	0.0	0.3008695127615886
1	12	2023	-14.8	-0.95	0.0	0.3688531650423899
2	12	2023	-13.42	-2.45	0.0	0.3080854821535944
3	12	2023	-15.04	-0.77	0.0	0.3745545074424993
4	12	2023	-11.1	0.72	0.0	0.3722929460964423
5	12	2023	-9.7	5.21	0.0	0.5065047302787296
6	12	2023	-4.67	5.8	0.0	0.4333944096178618
7	12	2023	-0.58	3.63	1.54	0.2005417336938813
8	12	2023	-6.56	-0.03	0.0	0.2447073495389659
9	12	2023	-9.98	-1.43	0.0	0.2755686633354282
10	12	2023	-8.69	0.46	0.0	0.3143158526004148
11	12	2023	-12.54	-1.69	0.0	0.3115973376826718
12	12	2023	-14.24	-0.34	0.0	0.3733755673659427
13	12	2023	-7.33	6.86	0.0	0.526811430892514
14	12	2023	-4.57	6.31	0.0	0.4478849588817286
15	12	2023	-5.37	4.31	0.0	0.3844308490319039
16	12	2023	-4.66	4.26	0.0	0.3636386335289048
17	12	2023	-11.14	1.34	0.0	0.3870142870742922
18	12	2023	-11.54	0.42	0.0	0.3631110384760421
19	12	2023	-5.69	-1.64	0.0	0.1548341129467916
20	12	2023	-6.85	2.47	0.0	0.3479300573587656
21	12	2023	-8.29	2.19	0.0	0.3688804168977824
22	12	2023	-7.27	7.28	0.0	0.5425450723664693
23	12	2023	-5.44	3.41	0.0	0.3502899328244176
24	12	2023	-12.55	-0.54	0.0	0.3476168941827778
25	12	2023	-11.7	1.98	0.0	0.4168158226034064
26	12	2023	-9.78	5.91	0.0	0.5274307609069832
27	12	2023	-8.97	5.17	0.0	0.4895385755308931
28	12	2023	-8.17	7.21	0.0	0.5538371194495006
29	12	2023	-9.38	1.17	0.0	0.3529183209318904
30	12	2023	-13.79	-0.24	0.0	0.3719611985980013
31	12	2023	-9.59	2.25	0.0	0.3957000532829822
