Day	Month	Year	Tmin(c)	Tmax(c)	Prcp(mm)	Et0(mm)
1	1	2018	-31.28	-13.91	0.0	0.1722014455716679
2	1	2018	-19.96	-5.18	0.0	0.2980938204415507
3	1	2018	-14.88	-3.33	0.0	0.3023591623101644
4	1	2018	-14.11	-6.49	0.0	0.2014190428469262
5	1	2018	-14.18	-7.45	0.0	0.1757623640489704
6	1	2018	-13.13	0.15	0.0	0.3871038902404262
7	1	2018	-9.06	0.97	0.0	0.3501997188856972
8	1	2018	-9.97	-2.57	0.0	0.2438178366317786
9	1	2018	-12.69	-1.59	0.0	0.3283769301443114
10	1	2018	-24.63	-15.94	0.3	0.1232945073858423
11	1	2018	-29.85	-21.94	0.0	0.0764133472919754
12	1	2018	-31.49	-20.03	0.0	0.1041297702551757
13	1	2018	-27.92	-9.27	0.0	0.2427373340753025
14	1	2018	-23.39	-9.77	0.0	0.2253241257441084
15	1	2018	-29.66	-15.97	0.0	0.148527389197748
16	1	2018	-20.78	-1.7	0.0	0.3925588446365198
17	1	2018	-9.18	4.47	0.37	0.5345018089880158
18	1	2018	-7.87	8.04	0.0	0.7047121398714
19	1	2018	-5.17	4.17	0.0	0.4017220814202533
20	1	2018	-8.27	0.37	0.0	0.3227039202272175
21	1	2018	-12.0	-2.31	0.0	0.3050361112941985
22	1	2018	-10.97	2.52	0.0	0.5013251720637355
23	1	2018	-10.78	-1.17	0.0	0.323596201063243
24	1	2018	-10.49	-3.98	0.0	0.2187779991845741
25	1	2018	-10.28	-2.86	0.0	0.2548795092641221
26	1	2018	-13.03	-7.55	0.61	0.1605165015873996
27	1	2018	-20.95	-13.13	0.0	0.1482711471112386
28	1	2018	-23.38	-15.23	0.0	0.1327186136282497
29	1	2018	-24.05	-4.33	0.0	0.3603153406148055
30	1	2018	-12.71	2.75	0.0	0.5890410581796602
31	1	2018	-24.05	-13.29	0.0	0.1764075580906209
1	2	2018	-26.83	-15.98	0.0	0.1483508114251781
2	2	2018	-22.1	-17.84	2.02	0.0695436920869511
3	2	2018	-27.68	-20.96	1.12	0.0825266667465695
4	2	2018	-28.3	-16.8	0.0	0.1455081733234865
5	2	2018	-26.17	-15.33	0.0	0.1589642817640928
6	2	2018	-27.62	-17.52	0.0	0.133282945688376
7	2	2018	-28.31	-15.1	0.0	0.1728990796730568
8	2	2018	-27.15	-17.44	0.0	0.1328469338705946
9	2	2018	-28.58	-15.74	0.0	0.165799659361774
10	2	2018	-20.66	-8.99	0.0	0.2623000619317625
11	2	2018	-28.32	-15.27	0.0	0.1737230950979252
12	2	2018	-32.07	-12.96	0.0	0.2105326436774503
13	2	2018	-18.26	1.97	0.0	0.653918267687141
14	2	2018	-15.52	1.3	1.48	0.6499655460533972
15	2	2018	-28.19	-13.5	0.0	0.2054882070747415
16	2	2018	-21.28	-4.88	0.0	0.4276120218053124
17	2	2018	-19.26	-10.4	0.0	0.215022554671864
18	2	2018	-23.26	-12.83	0.0	0.1985412781031534
19	2	2018	-27.89	-14.02	0.0	0.2034699475063374
20	2	2018	-23.69	-12.1	0.0	0.2301240285514957
21	2	2018	-30.39	-10.08	0.0	0.2865613317650582
22	2	2018	-24.6	-8.17	0.0	0.3513659045264763
23	2	2018	-20.27	-5.66	0.0	0.4316660817635875
24	2	2018	-16.31	-1.69	0.0	0.586998599998291
25	2	2018	-16.73	-1.99	0.0	0.5778575690444145
26	2	2018	-15.43	-4.73	0.0	0.4337820208118122
27	2	2018	-15.08	-2.1	0.0	0.5734273791083128
28	2	2018	-13.97	0.34	0.0	0.7038034802512583
1	3	2018	-17.74	-3.3	0.0	0.549555425210859
2	3	2018	-14.93	-4.32	0.0	0.4742513504691715
3	3	2018	-8.34	-3.99	3.08	0.178372462308563
4	3	2018	-11.06	-5.01	5.47	0.2209429653059729
5	3	2018	-14.33	-8.8	0.64	0.1848846102874492
6	3	2018	-17.7	-7.18	0.0	0.4025259444914926
7	3	2018	-23.77	-7.13	0.0	0.4376803517224496
8	3	2018	-24.0	-7.91	0.0	0.415740948304666
9	3	2018	-13.66	-2.48	0.0	0.614015681464695
10	3	2018	-12.45	-1.13	0.0	0.6869779981015152
11	3	2018	-14.17	2.34	0.0	0.8973134714166048
12	3	2018	-15.67	-0.86	0.0	0.7380089611042608
13	3	2018	-15.63	1.75	0.0	0.8692189013344809
14	3	2018	-15.39	-1.21	0.0	0.7349443440345407
15	3	2018	-10.77	-2.97	0.0	0.5370603083527683
16	3	2018	-7.3	1.56	0.0	0.8223921663273714
17	3	2018	-4.2	-0.23	2.11	0.2335531304124059
18	3	2018	-6.69	0.5	0.0	0.7088353221580256
19	3	2018	-9.12	-0.62	0.0	0.7326456763910472
20	3	2018	-7.94	1.51	0.0	0.8976515118289388
21	3	2018	-10.97	2.27	0.0	1.003800014861428
22	3	2018	-9.46	1.01	0.0	0.9158318996026366
23	3	2018	-4.83	0.76	4.15	0.4989395973075209
24	3	2018	-8.54	3.02	0.0	1.039375662512764
25	3	2018	-6.54	1.49	0.61	0.8534638401655037
26	3	2018	-7.87	3.9	0.0	1.1193511959478029
27	3	2018	-10.5	2.14	0.35	1.0212147901790571
28	3	2018	-15.45	-2.36	0.32	0.7604227843174776
29	3	2018	-20.26	-7.58	0.53	0.5160951882511333
30	3	2018	-22.86	-12.22	0.0	0.3488836046072242
31	3	2018	-21.85	-9.4	0.0	0.4668622099167708
1	4	2018	-18.95	-5.48	0.0	0.640319793643692
2	4	2018	-20.82	-5.23	0.0	0.640635926613723
3	4	2018	-17.69	-4.62	0.0	0.6852003109751236
4	4	2018	-18.59	-3.05	0.0	0.7555709058811239
5	4	2018	-19.0	-8.78	0.0	0.4797435387962273
6	4	2018	-23.47	-9.14	0.0	0.4894102084166238
7	4	2018	-21.94	-4.52	0.0	0.6748703050576171
8	4	2018	-13.09	-2.5	0.0	0.806511416873889
9	4	2018	-7.71	0.29	0.0	0.8987674712204987
10	4	2018	-11.03	6.27	0.0	1.2755794685526824
11	4	2018	-3.47	0.99	0.93	0.6493516937302195
12	4	2018	-5.6	-0.54	0.0	0.6614310237891593
13	4	2018	-6.15	1.61	0.0	1.0301810393490884
14	4	2018	-2.64	7.14	0.0	1.3996117018210985
15	4	2018	-4.01	8.42	0.0	1.4931177215245224
16	4	2018	-0.77	5.29	2.2	0.9015128438347202
17	4	2018	-1.81	2.12	4.83	0.4372068503351703
18	4	2018	-5.24	10.19	0.0	1.5998353055350596
19	4	2018	-1.77	12.61	0.0	1.7722667640031518
20	4	2018	-0.32	17.99	0.0	2.1083373446195792
21	4	2018	1.11	19.27	0.0	2.202630995960731
22	4	2018	3.25	14.04	0.0	1.8387749136927696
23	4	2018	-0.48	13.33	0.0	1.764643346391492
24	4	2018	-1.1	20.88	0.0	2.189022972338613
25	4	2018	2.75	17.36	0.0	2.026049221463891
26	4	2018	-0.74	21.75	0.0	2.250698043745782
27	4	2018	-0.76	16.74	0.0	1.9755528911368048
28	4	2018	1.62	26.97	0.0	2.578749889720982
29	4	2018	6.0	20.13	0.0	2.1984174528356673
30	4	2018	0.33	12.2	0.0	1.679829735298779
1	5	2018	-2.74	17.08	0.0	1.9817906258371396
2	5	2018	0.92	18.77	0.0	2.1256560135000413
3	5	2018	5.3	21.6	0.0	2.322168183812061
4	5	2018	3.56	23.96	0.0	2.4727721810676897
5	5	2018	4.48	24.6	0.0	2.519212879697075
6	5	2018	4.57	27.43	0.0	2.691397291938632
7	5	2018	10.51	26.81	0.0	2.6577547944676403
8	5	2018	7.77	16.59	5.88	1.6641668458538017
9	5	2018	2.81	13.87	0.0	1.7740302445597222
10	5	2018	2.29	10.47	2.23	1.1108955340670092
11	5	2018	4.03	10.42	1.04	1.122009068360946
12	5	2018	1.97	20.14	0.0	2.2486008769248196
13	5	2018	6.8	26.38	0.0	2.670680143682686
14	5	2018	3.24	25.16	0.0	2.5725199056051977
15	5	2018	10.72	31.69	0.0	3.012753378887652
16	5	2018	9.56	27.62	0.64	2.7341696280232908
17	5	2018	7.22	14.3	3.28	1.0539115904932523
18	5	2018	3.49	18.75	0.0	2.135192930399289
19	5	2018	2.6	22.39	0.0	2.396652457663528
20	5	2018	3.1	25.72	0.0	2.616489511657859
21	5	2018	10.7	30.37	0.0	2.9348642397412363
22	5	2018	10.16	27.38	0.0	2.71759530455563
23	5	2018	9.89	30.15	3.21	2.6780576108362264
24	5	2018	12.15	27.1	1.6	2.659893369322478
25	5	2018	10.6	26.83	0.0	2.6762635270654904
26	5	2018	9.84	30.12	1.54	2.940121964037756
27	5	2018	9.3	25.79	0.0	2.6253764802794897
28	5	2018	9.14	31.33	0.0	3.0345228886560585
29	5	2018	13.45	26.35	0.0	2.5705467293312685
30	5	2018	9.72	23.06	5.91	2.0551529100214885
31	5	2018	9.15	14.1	0.0	0.7529386223348615
1	6	2018	8.42	13.41	7.1	0.520472903987997
2	6	2018	7.3	18.26	0.0	1.857330971925243
3	6	2018	7.26	24.04	0.0	2.5688222468104627
4	6	2018	9.58	27.96	2.73	2.596328315292364
5	6	2018	9.19	21.04	0.0	2.2275615066448307
6	6	2018	6.19	27.63	0.0	2.8392386351768204
7	6	2018	8.52	27.95	0.0	2.856211195837046
8	6	2018	13.24	25.27	0.0	2.5065381906813684
9	6	2018	12.99	30.99	0.0	3.027032108333183
10	6	2018	12.84	24.68	0.0	2.4182830389832586
11	6	2018	7.1	17.57	0.0	1.8224428830444164
12	6	2018	7.23	22.0	0.0	2.4131819408119757
13	6	2018	7.2	26.22	0.0	2.7465433803954378
14	6	2018	8.75	24.11	0.96	2.5710807724873286
15	6	2018	9.23	23.67	0.0	2.5278771740321413
16	6	2018	7.06	21.89	0.0	2.414604416469013
17	6	2018	7.78	25.73	0.0	2.7090050062557913
18	6	2018	8.68	28.0	0.0	2.8709766813710766
19	6	2018	10.49	27.74	0.0	2.8374170719848504
20	6	2018	10.64	30.03	0.0	3.0087745490058775
21	6	2018	12.13	30.09	0.0	2.9951150770289385
22	6	2018	14.13	29.38	0.0	2.896684339270452
23	6	2018	12.78	27.41	6.35	2.5134966634874196
24	6	2018	15.64	26.8	0.0	2.5536441779534074
25	6	2018	14.22	30.08	0.0	2.9641341597586623
26	6	2018	12.22	24.67	0.0	2.5417276938699884
27	6	2018	6.91	25.45	0.0	2.715015308895478
28	6	2018	7.42	23.87	0.0	2.5888604817437955
29	6	2018	9.83	23.84	0.0	2.53966221637241
30	6	2018	12.13	24.96	5.52	2.153043185484453
1	7	2018	11.27	20.14	9.16	1.3562287226498633
2	7	2018	8.78	22.35	3.97	1.83628129426378
3	7	2018	7.22	20.73	5.85	1.7041518845643655
4	7	2018	10.98	19.42	3.15	1.0680471709188355
5	7	2018	8.03	25.14	0.0	2.5052380141480657
6	7	2018	13.93	33.09	0.0	3.113536825422311
7	7	2018	14.07	30.87	0.32	2.868754059136486
8	7	2018	10.78	24.36	1.53	2.2372715226412554
9	7	2018	8.97	27.38	0.0	2.6782288996881953
10	7	2018	13.04	29.49	7.5	2.2272549681065192
11	7	2018	14.93	25.44	0.76	1.8239091731679271
12	7	2018	14.71	28.49	0.0	2.3602571193437747
13	7	2018	14.14	31.77	0.0	2.8271129563636115
14	7	2018	12.06	21.33	0.0	1.4678251609036723
15	7	2018	8.68	24.48	0.0	2.2819965426186193
16	7	2018	6.89	26.39	0.0	2.554467448489482
17	7	2018	10.14	34.49	0.0	3.205519345092591
18	7	2018	15.57	30.25	0.0	2.5778356661199022
19	7	2018	13.77	28.15	0.0	2.43849099570302
20	7	2018	12.87	29.38	0.0	2.6593226225148614
21	7	2018	16.03	26.67	0.0	1.9429660056020563
22	7	2018	11.7	23.34	0.0	1.9197049148365568
23	7	2018	9.95	22.95	0.0	2.0304046196552465
24	7	2018	8.46	23.2	0.0	2.16034563667983
25	7	2018	8.9	22.41	0.0	2.023549308077832
26	7	2018	6.93	24.03	0.0	2.3078600450563145
27	7	2018	9.48	24.57	0.0	2.2446145128058888
28	7	2018	9.01	27.17	0.0	2.5404370452931526
29	7	2018	8.78	29.49	0.0	2.741425209681975
30	7	2018	11.85	32.42	0.0	2.9096425277358033
31	7	2018	11.61	24.83	0.0	2.042065149884565
1	8	2018	8.02	28.21	0.72	2.595456321198546
2	8	2018	14.51	30.72	5.52	2.0815713288356266
3	8	2018	13.08	28.22	3.05	1.8307233368152944
4	8	2018	13.3	23.03	1.69	1.4005940835320605
5	8	2018	13.0	23.49	0.0	1.5186004858524589
6	8	2018	10.83	29.16	0.0	2.451651818692783
7	8	2018	12.65	30.27	0.0	2.5144107353321097
8	8	2018	11.52	29.78	0.0	2.5069287889551237
9	8	2018	12.89	33.74	0.0	2.833541579151287
10	8	2018	14.14	38.37	0.0	3.1578420999067176
11	8	2018	14.79	32.88	0.0	2.623594828068018
12	8	2018	12.45	23.25	0.0	1.520821636922291
13	8	2018	8.07	17.21	0.0	1.071335045680139
14	8	2018	3.77	27.8	0.0	2.440920070484546
15	8	2018	10.78	28.57	0.0	2.334860217910974
16	8	2018	9.54	27.69	0.0	2.327125924457519
17	8	2018	9.91	31.47	0.0	2.640770474338856
18	8	2018	10.58	24.63	0.0	1.877382578482507
19	8	2018	3.78	23.85	0.0	2.0989670396980165
20	8	2018	4.88	23.73	0.0	2.0411274781788684
21	8	2018	5.22	27.53	0.0	2.3355552199380476
22	8	2018	10.45	31.17	0.0	2.528981495000717
23	8	2018	8.55	26.81	0.0	2.1843855355948114
24	8	2018	7.84	19.73	0.0	1.3806932635353235
25	8	2018	7.25	19.12	0.0	1.360852690185867
26	8	2018	7.35	18.32	4.27	0.9722581233343536
27	8	2018	7.88	13.76	6.09	0.4935613722248827
28	8	2018	6.47	18.43	0.0	1.25989626807742
29	8	2018	6.26	27.25	0.0	2.2167686567724085
30	8	2018	9.52	23.0	1.03	1.60939709642528
31	8	2018	7.3	20.13	0.0	1.4769420128213315
1	9	2018	6.46	19.89	0.0	1.501498584770559
2	9	2018	3.29	20.19	0.0	1.6830404704220825
3	9	2018	4.86	21.09	0.0	1.710918022773081
4	9	2018	2.43	14.34	0.0	1.104010173854132
5	9	2018	-0.62	21.88	0.0	1.8618978697544355
6	9	2018	3.16	24.89	0.0	2.032685034537226
7	9	2018	6.66	24.85	0.0	1.9310408353389892
8	9	2018	10.95	26.66	0.0	1.88966357155779
9	9	2018	8.27	21.89	0.0	1.5205008696298417
10	9	2018	3.46	21.01	0.82	1.6656802435952225
11	9	2018	6.02	17.19	0.0	1.0902481789374772
12	9	2018	4.09	15.0	4.84	0.7804065850358005
13	9	2018	3.9	11.59	0.91	0.6032808617361732
14	9	2018	2.58	8.44	0.0	0.4392802816709207
15	9	2018	5.69	11.37	2.67	0.4271825530693147
16	9	2018	6.08	9.81	9.43	0.287269647452425
17	9	2018	4.05	11.32	0.5	0.578797818043413
18	9	2018	4.55	11.21	0.0	0.5408140646842391
19	9	2018	1.97	15.29	0.0	1.0563949735926168
20	9	2018	3.59	12.57	0.0	0.7093659421674218
21	9	2018	0.52	7.01	2.71	0.420233708232084
22	9	2018	-0.17	1.37	8.6	0.1037078515042871
23	9	2018	-0.29	2.76	0.0	0.2145877811291378
24	9	2018	-0.27	12.34	0.92	0.8784987101812018
25	9	2018	1.82	13.69	0.87	0.8735330671397703
26	9	2018	3.22	16.17	0.0	0.9972970049305976
27	9	2018	-1.87	8.35	0.0	0.6581655999312888
28	9	2018	-3.86	7.99	0.0	0.7044420231255886
29	9	2018	-2.04	7.28	0.0	0.5949126665208144
30	9	2018	-7.8	4.43	0.49	0.6349035634172259
1	10	2018	-1.3	4.39	1.83	0.3695008304791694
2	10	2018	-1.46	4.52	1.95	0.3878353646862728
3	10	2018	-2.22	6.55	0.0	0.5518241036741148
4	10	2018	-5.54	6.54	0.0	0.6559931611982264
5	10	2018	-3.82	8.88	0.0	0.7548729742488629
6	10	2018	-5.43	12.79	0.0	1.0183591237448195
7	10	2018	-2.78	13.56	0.0	1.0242057676699912
8	10	2018	-2.51	1.41	0.26	0.2395965027305341
9	10	2018	-4.59	2.71	0.0	0.4122935990927694
10	10	2018	-8.7	5.15	0.0	0.6510300378655337
11	10	2018	-9.38	6.33	0.0	0.7112958650125818
12	10	2018	-4.37	6.48	8.8	0.5491156616990515
13	10	2018	-4.54	-0.25	0.0	0.2340960289912644
14	10	2018	-8.75	3.86	0.0	0.5647253010160063
15	10	2018	0.27	13.58	0.0	0.8432441927275546
16	10	2018	-1.18	10.12	0.0	0.6766563639509835
17	10	2018	-1.49	21.25	0.0	1.3118728330596894
18	10	2018	1.58	19.03	0.0	1.1159771094762605
19	10	2018	-3.56	13.49	0.0	0.8885283254290225
20	10	2018	-7.83	16.89	0.0	1.0882118066772948
21	10	2018	-1.87	14.09	0.0	0.8713343080997564
22	10	2018	-6.47	11.01	0.0	0.7980078204188713
23	10	2018	-4.6	16.3	0.0	1.01040760990449
24	10	2018	-2.03	19.09	0.0	1.105447281139743
25	10	2018	-1.12	15.27	0.0	0.8885363891757301
26	10	2018	-2.97	12.36	0.0	0.7771586796090474
27	10	2018	-1.44	12.96	0.0	0.7660076194059687
28	10	2018	-5.36	9.57	0.0	0.6843781583062675
29	10	2018	0.39	8.45	0.0	0.4508676573766627
30	10	2018	-1.65	6.96	0.0	0.4457133602386296
31	10	2018	-3.4	10.11	0.0	0.6563988300787089
1	11	2018	-2.63	4.66	1.15	0.3571831863051819
2	11	2018	-1.95	0.53	2.62	0.1171259159174775
3	11	2018	-4.87	1.5	0.0	0.2818621540410833
4	11	2018	-2.45	4.08	2.56	0.3034965418713891
5	11	2018	-8.6	-0.09	1.75	0.3290100492547746
6	11	2018	-12.72	-8.62	0.2	0.1232661737922352
7	11	2018	-12.68	-9.71	0.0	0.0884983990601631
8	11	2018	-18.16	-9.89	0.0	0.1891528837443938
9	11	2018	-21.91	-4.48	1.93	0.3470529459765809
10	11	2018	-10.1	-3.48	0.54	0.2305374420119565
11	11	2018	-11.47	-6.05	0.0	0.1738239438534009
12	11	2018	-15.08	-5.32	0.0	0.2661439771648175
13	11	2018	-8.01	3.87	0.0	0.4648495100493365
14	11	2018	-3.28	5.08	0.0	0.3930563753807063
15	11	2018	-3.13	2.92	0.0	0.2832727113867349
16	11	2018	-18.36	-5.3	0.0	0.3016620867862496
17	11	2018	-19.38	-5.7	0.0	0.2981846728885424
18	11	2018	-12.53	-7.25	0.52	0.1570730814595874
19	11	2018	-15.27	0.65	0.0	0.4405394363167342
20	11	2018	-6.31	1.47	0.0	0.3196847107400068
21	11	2018	-5.73	0.44	0.0	0.2586403336020011
22	11	2018	-3.29	5.7	0.0	0.4206857860717751
23	11	2018	-5.54	2.61	0.0	0.3473750651383018
24	11	2018	-8.13	-4.64	0.0	0.1294264787738455
25	11	2018	-8.02	-4.55	0.0	0.1296442198103469
26	11	2018	-6.69	-3.04	0.0	0.1458733637539536
27	11	2018	-5.18	-1.8	0.0	0.144828263960392
28	11	2018	-6.95	-3.45	0.0	0.1377639540198511
29	11	2018	-5.27	-0.82	0.0	0.1908394600508149
30	11	2018	-7.31	-3.64	0.0	0.1429130669952101
1	12	2018	-7.44	-5.13	3.27	0.0843879345950636
2	12	2018	-9.38	-4.29	0.0	0.179736496685138
3	12	2018	-13.31	-5.44	0.0	0.2283953598669911
4	12	2018	-13.63	-6.77	0.45	0.1942914659692433
5	12	2018	-13.23	-5.94	0.15	0.2113270847849283
6	12	2018	-15.15	-7.99	0.0	0.1857830430721506
7	12	2018	-19.37	-8.1	0.0	0.2331902303704865
8	12	2018	-18.55	-7.19	0.0	0.2463749985565963
9	12	2018	-15.38	-3.84	0.0	0.2995949221768657
10	12	2018	-14.92	-0.05	0.0	0.4001828318737316
11	12	2018	-8.25	0.86	0.0	0.3344741818959226
12	12	2018	-6.16	1.07	0.0	0.2907288105846869
13	12	2018	-9.99	2.81	0.0	0.4351716745859242
14	12	2018	-8.83	5.03	0.0	0.4965671428225715
15	12	2018	-3.15	5.66	0.0	0.3998201229745673
16	12	2018	-12.59	-3.41	0.0	0.2712257693367146
17	12	2018	-7.66	4.57	0.0	0.4599427152241007
18	12	2018	-5.78	4.99	0.0	0.4382749204583309
19	12	2018	-4.59	1.83	0.0	0.2747456643014134
20	12	2018	-8.7	2.54	0.0	0.402767276097782
21	12	2018	-4.46	4.22	0.0	0.3727510491817541
22	12	2018	-9.09	-3.38	0.0	0.1978548849794472
23	12	2018	-16.57	-5.72	0.6	0.2601850182042549
24	12	2018	-16.43	-8.87	0.0	0.1786851839980464
25	12	2018	-17.97	-10.1	0.0	0.170226023786957
26	12	2018	-14.64	-7.34	0.0	0.190456800167449
27	12	2018	-20.75	-8.42	0.0	0.2334076108524426
28	12	2018	-20.14	-4.61	0.0	0.3129880985401427
29	12	2018	-13.26	-3.91	1.58	0.2653468740164359
30	12	2018	-19.52	-11.5	0.8	0.1568885165246695
31	12	2018	-28.25	-16.17	0.0	0.138749614027049
1	1	2019	-25.04	-2.01	0.0	0.3734276199508304
2	1	2019	-10.37	3.79	0.0	0.4711315802345365
3	1	2019	-5.52	3.44	0.0	0.3627388216935775
4	1	2019	-8.31	1.03	0.0	0.3355688215876432
5	1	2019	-6.45	-2.2	0.0	0.1615175005105101
6	1	2019	-5.48	1.9	0.0	0.2992572301870597
7	1	2019	-14.02	-1.99	1.2	0.3333738111353149
8	1	2019	-22.05	-13.85	0.0	0.1367380558067356
9	1	2019	-23.73	-9.62	0.47	0.2271419858169404
10	1	2019	-15.31	-8.82	0.0	0.1606900757482395
11	1	2019	-17.01	-9.75	0.0	0.1647516137140362
12	1	2019	-14.61	-1.27	0.0	0.3652051255997483
13	1	2019	-12.4	-1.12	0.0	0.3425606298675709
14	1	2019	-11.37	-2.25	0.0	0.2887157365965299
15	1	2019	-18.97	-4.98	0.0	0.3053184177293218
16	1	2019	-19.49	-14.93	0.36	0.0870295118213255
17	1	2019	-26.18	-16.58	0.0	0.1268607879825551
18	1	2019	-29.13	-18.41	0.0	0.1171320411545362
19	1	2019	-22.65	-15.38	2.22	0.1136447266990995
20	1	2019	-19.17	-11.15	0.0	0.1659291127773796
21	1	2019	-18.37	-6.14	0.0	0.2779364434183584
22	1	2019	-15.91	-3.14	0.0	0.3359912823398493
23	1	2019	-22.64	-4.98	0.0	0.3285236548417256
24	1	2019	-28.71	-9.88	0.0	0.2410727829663168
25	1	2019	-22.2	-5.29	0.0	0.3232672799670688
26	1	2019	-12.66	-0.77	1.03	0.3747291526477301
27	1	2019	-7.9	4.29	1.29	0.5054283432427702
28	1	2019	-22.82	-10.22	0.0	0.225215483802166
29	1	2019	-30.23	-21.25	0.0	0.0920828548714292
30	1	2019	-23.28	-12.71	0.43	0.1812202310663884
31	1	2019	-15.21	-1.53	0.0	0.3908796524556455
1	2	2019	-18.81	-8.55	0.0	0.2356129754984855
2	2	2019	-23.1	-16.58	0.96	0.1098838054606979
3	2	2019	-25.01	-21.47	0.29	0.0501990025201309
4	2	2019	-25.68	-21.91	2.29	0.0481886925251185
5	2	2019	-33.21	-23.03	0.0	0.0885534480501883
6	2	2019	-36.9	-25.8	0.0	0.0733749366624409
7	2	2019	-37.8	-24.75	0.0	0.0830242763093375
8	2	2019	-37.07	-25.27	0.0	0.0786509799519348
9	2	2019	-33.68	-23.45	0.0	0.0876601395557963
10	2	2019	-32.62	-21.46	0.0	0.1056953531958086
11	2	2019	-28.49	-16.58	1.83	0.1556858996596011
12	2	2019	-31.98	-20.8	0.06	0.1127536138957943
13	2	2019	-29.21	-20.75	0.0	0.101499292154905
14	2	2019	-32.76	-19.84	0.0	0.1272572760893946
15	2	2019	-32.62	-18.49	1.63	0.1432691340404249
16	2	2019	-20.44	-13.73	3.19	0.1358493328019135
17	2	2019	-19.48	-13.79	1.22	0.1314747657104785
18	2	2019	-27.22	-17.71	0.59	0.1382598417341509
19	2	2019	-28.83	-11.77	0.0	0.2407826794164855
20	2	2019	-23.15	-9.47	0.0	0.2750513836320334
21	2	2019	-23.92	-12.52	0.0	0.2154097544329195
22	2	2019	-27.14	-11.88	0.0	0.2422735647301354
23	2	2019	-23.63	-13.9	0.2	0.1879247154142637
24	2	2019	-31.16	-21.0	0.0	0.1167157398665845
25	2	2019	-33.04	-18.79	0.0	0.1499206273289852
26	2	2019	-30.21	-16.93	0.0	0.1716828400583497
27	2	2019	-19.9	-8.04	0.0	0.3531601885337533
28	2	2019	-17.74	-8.78	0.0	0.2916502804998488
1	3	2019	-26.84	-15.83	0.0	0.1807708792767508
2	3	2019	-33.16	-20.73	0.0	0.1312788322546791
3	3	2019	-25.78	-15.78	0.0	0.1777901975646971
4	3	2019	-20.88	-10.63	0.0	0.2863624512739391
5	3	2019	-18.11	-8.73	0.0	0.3237856209217587
6	3	2019	-25.43	-13.43	0.0	0.2409301992494175
7	3	2019	-24.1	-8.14	0.0	0.3947872611690708
8	3	2019	-16.99	-5.84	0.0	0.4589550460925313
9	3	2019	-15.83	-5.76	0.0	0.4510108557618336
10	3	2019	-21.84	-6.72	0.0	0.4585289609096049
11	3	2019	-16.54	1.11	0.0	0.7974617732138163
12	3	2019	-3.56	3.29	0.0	0.7062290178746162
13	3	2019	-5.27	2.6	0.0	0.7649495252221117
14	3	2019	-9.85	1.28	0.0	0.8311140146088887
15	3	2019	-11.96	2.35	0.0	0.9246713125178492
16	3	2019	-9.45	3.08	0.0	0.972531973441502
17	3	2019	-11.37	4.13	0.0	1.0462021091632807
18	3	2019	-3.81	4.82	0.0	0.9804010941304072
19	3	2019	-3.79	8.85	0.0	1.3546349602814758
20	3	2019	-2.53	12.38	0.0	1.5530733315408705
21	3	2019	-2.0	11.8	0.0	1.5317534300866056
22	3	2019	-2.15	14.8	0.0	1.6955094402248236
23	3	2019	-1.8	12.85	0.0	1.5991365498158627
24	3	2019	-5.08	3.99	0.0	1.0052738154804155
25	3	2019	-7.11	5.39	0.0	1.1885869149572426
26	3	2019	-1.35	16.32	0.0	1.808816926558506
27	3	2019	-1.61	5.43	0.0	1.072759850898988
28	3	2019	-5.89	7.34	0.0	1.3089600925203382
29	3	2019	-4.55	4.75	0.0	1.165598089450899
30	3	2019	-5.9	13.98	0.0	1.6503527208142896
31	3	2019	-3.93	5.6	0.0	1.2152107406845791
1	4	2019	-3.33	9.38	1.45	1.4461211691025435
2	4	2019	-6.35	3.79	0.0	1.131076864600188
3	4	2019	-8.1	11.73	0.0	1.5268416748555629
4	4	2019	-1.55	12.41	0.0	1.637896692186944
5	4	2019	-4.49	9.34	0.0	1.453687484943689
6	4	2019	1.17	8.76	0.0	1.3701567675274415
7	4	2019	0.37	17.11	0.0	1.9463682600214671
8	4	2019	-2.91	16.9	0.0	1.8991203193158737
9	4	2019	-4.65	9.72	0.0	1.4906302363552009
10	4	2019	-5.88	9.68	0.0	1.4869704553606469
11	4	2019	-7.25	9.12	0.0	1.4448617831403583
12	4	2019	-8.35	10.8	0.0	1.516518446795832
13	4	2019	-4.8	15.67	0.0	1.827361067738145
14	4	2019	3.16	17.31	0.12	1.9236642324796351
15	4	2019	-0.73	13.7	0.0	1.7045965306986706
16	4	2019	-3.76	14.0	0.0	1.7101580858209025
17	4	2019	0.4	15.83	0.0	1.8439200709693009
18	4	2019	-0.76	17.98	0.0	1.9708059086890093
19	4	2019	5.78	20.23	0.0	2.1239704797223684
20	4	2019	2.85	17.18	0.0	1.9388767080797769
21	4	2019	-1.89	14.47	0.0	1.77194502903546
22	4	2019	-1.25	22.19	0.0	2.219165663503017
23	4	2019	6.88	20.2	0.0	2.119755113494824
24	4	2019	0.43	17.47	0.0	1.9725787918033857
25	4	2019	-2.23	12.58	0.0	1.6646354944748545
26	4	2019	-4.69	11.99	0.0	1.618861305186784
27	4	2019	-2.2	10.9	6.37	1.4457907825565843
28	4	2019	-4.92	4.78	1.93	1.1823235838231232
29	4	2019	-9.07	7.9	0.0	1.3677584877222944
30	4	2019	-5.32	10.61	3.25	1.4275243697587026
1	5	2019	-7.24	10.42	0.7	1.5786142930971454
2	5	2019	-3.37	10.27	0.53	1.5322407038379584
3	5	2019	-4.79	11.93	0.0	1.638631655169101
4	5	2019	-4.82	8.81	0.0	1.4508699180111406
5	5	2019	-7.19	6.91	0.0	1.3377951392160357
6	5	2019	-6.64	12.33	0.0	1.651294420097157
7	5	2019	0.29	14.52	0.0	1.8185158265319885
8	5	2019	-4.92	12.57	0.0	1.6920161063609538
9	5	2019	1.68	15.52	0.0	1.8887817532785256
10	5	2019	3.65	18.82	1.7	2.119611720243082
11	5	2019	2.3	16.6	0.0	1.9725435050538311
12	5	2019	2.71	24.97	0.0	2.5406562132584507
13	5	2019	4.54	21.68	0.0	2.3370219493503086
14	5	2019	2.03	22.34	0.12	2.3783881502531186
15	5	2019	5.1	18.41	0.0	2.084994807297539
16	5	2019	-0.87	16.05	0.0	1.96071084364974
17	5	2019	-0.2	17.73	0.0	2.0772061940218896
18	5	2019	0.92	15.84	0.0	1.9496553048529404
19	5	2019	-2.12	16.97	0.0	2.022684872810861
20	5	2019	-0.31	20.05	0.0	2.23385837176829
21	5	2019	1.8	21.87	0.0	2.3689004699063863
22	5	2019	4.45	24.21	0.0	2.541072223253664
23	5	2019	5.02	24.36	0.0	2.5518799859326444
24	5	2019	5.09	23.82	0.0	2.5161847660087493
25	5	2019	4.69	14.78	4.37	1.6800324912352849
26	5	2019	0.21	19.22	0.0	2.199662713962832
27	5	2019	2.16	22.78	0.0	2.4461616150043133
28	5	2019	7.01	28.0	0.0	2.807126197272623
29	5	2019	10.13	30.85	0.0	2.9942935784054634
30	5	2019	10.8	32.67	0.0	3.11521409422456
31	5	2019	5.61	21.4	0.0	2.331806878724603
1	6	2019	5.6	25.3	0.0	2.6235701844766695
2	6	2019	10.44	33.03	0.0	3.1442525635915812
3	6	2019	8.78	34.9	0.0	3.2565655791336905
4	6	2019	11.91	24.86	0.0	2.465383816090471
5	6	2019	10.21	25.05	0.0	2.539507577443481
6	6	2019	14.14	27.04	0.0	2.592533261044427
7	6	2019	8.73	21.55	0.0	2.2799349146273205
8	6	2019	4.41	16.72	0.0	1.9722074099778089
9	6	2019	3.88	19.76	0.0	2.2311996004283037
10	6	2019	3.11	23.65	0.0	2.5182616311570274
11	6	2019	6.58	21.26	0.84	2.314160825687991
12	6	2019	6.32	24.41	0.31	2.5701173372191057
13	6	2019	8.67	29.86	0.0	2.955451755711327
14	6	2019	11.4	23.13	1.29	2.3428054756193815
15	6	2019	9.97	18.94	8.34	1.873266472536614
16	6	2019	9.7	18.09	1.78	1.935207529286324
17	6	2019	5.61	22.87	0.0	2.4739731498605533
18	6	2019	8.42	27.29	0.0	2.78618753686097
19	6	2019	10.49	24.09	24.8	2.2902021513563233
20	6	2019	8.62	14.62	8.99	0.6456199653532195
21	6	2019	6.24	18.32	19.4	1.4574600233468764
22	6	2019	11.61	15.93	14.37	0.4624221091144619
23	6	2019	10.19	22.22	1.41	1.7721492278740372
24	6	2019	9.27	20.78	4.77	1.282998211668133
25	6	2019	9.53	21.11	0.0	1.6379924641075685
26	6	2019	8.02	23.99	0.0	2.1687089704236566
27	6	2019	10.83	26.07	12.4	1.8179825396499187
28	6	2019	14.27	23.58	5.33	1.0533192059686247
29	6	2019	13.23	25.63	0.0	1.8811087160277011
30	6	2019	9.9	22.4	0.0	1.754722378550273
1	7	2019	8.68	28.46	4.12	2.1018976967045613
2	7	2019	6.33	20.66	0.0	1.8158742703048392
3	7	2019	9.0	20.39	0.0	1.5767933249427166
4	7	2019	7.67	20.87	0.0	1.765116533939118
5	7	2019	11.58	20.0	0.0	1.176329926514558
6	7	2019	11.59	25.9	0.0	2.114086971399734
7	7	2019	14.27	27.51	0.0	2.0840584384003824
8	7	2019	14.08	24.06	5.61	1.1775912217092788
9	7	2019	11.23	23.67	0.0	1.8085606322387904
10	7	2019	9.42	26.51	0.0	2.2887861030689236
11	7	2019	13.72	24.24	0.0	1.6117912687513638
12	7	2019	9.88	24.78	0.0	2.0757243177909483
13	7	2019	12.11	29.09	0.0	2.422621840614442
14	7	2019	14.37	27.47	12.33	1.614593714691967
15	7	2019	12.99	24.87	0.0	1.7317244408107175
16	7	2019	10.85	19.89	13.98	0.9870833856930348
17	7	2019	13.11	22.86	1.1	1.3357205185662722
18	7	2019	11.01	25.83	1.51	1.981209872746155
19	7	2019	10.29	17.47	5.05	0.7906599459757652
20	7	2019	10.26	23.14	0.0	1.6711728600997269
21	7	2019	11.5	24.85	0.0	1.7737090614736142
22	7	2019	10.88	27.42	0.0	2.091770685733498
23	7	2019	14.12	29.61	0.0	2.0941583847513874
24	7	2019	15.62	30.62	3.43	1.6607571108685129
25	7	2019	12.01	18.8	4.85	0.7509823313331723
26	7	2019	13.26	25.64	0.0	1.6206043507131689
27	7	2019	12.32	32.13	0.0	2.41765198341053
28	7	2019	9.48	21.28	0.0	1.4092257696903066
29	7	2019	5.52	24.29	0.57	1.976016337132508
30	7	2019	11.67	29.67	0.0	2.197422447634495
31	7	2019	12.49	25.98	0.0	1.7233699997725658
1	8	2019	13.76	32.73	0.0	2.364050971775358
2	8	2019	15.76	33.88	0.0	2.334228513488887
3	8	2019	15.77	28.22	0.0	1.6367214159332553
4	8	2019	10.2	26.05	0.0	1.8537948241706577
5	8	2019	10.56	28.92	0.0	2.1125092864507575
6	8	2019	10.54	21.83	1.65	1.2755373479645915
7	8	2019	4.94	22.1	0.0	1.7049614050456847
8	8	2019	6.4	24.81	0.0	1.8773787606234016
9	8	2019	10.43	26.15	2.3	1.4819641571769782
10	8	2019	8.53	20.99	0.0	1.3067425554844307
11	8	2019	7.72	22.17	2.06	1.2934708700199713
12	8	2019	10.23	16.93	6.42	0.659515284403013
13	8	2019	7.14	21.83	0.0	1.4789934594418817
14	8	2019	9.82	24.93	0.0	1.6138291165758571
15	8	2019	10.0	25.74	0.26	1.6692276435256497
16	8	2019	10.68	21.78	0.0	1.1999069598762755
17	8	2019	4.91	18.07	0.0	1.225113920130935
18	8	2019	3.5	21.74	0.0	1.5936396427772743
19	8	2019	4.43	21.68	0.0	1.534007315854644
20	8	2019	3.57	24.06	0.0	1.755985561946509
21	8	2019	6.13	26.94	0.0	1.890022741474119
22	8	2019	12.47	26.94	2.18	1.356858780629432
23	8	2019	9.44	22.04	0.0	1.2603516190988755
24	8	2019	11.99	28.63	5.3	1.504424825176158
25	8	2019	11.33	21.26	12.65	0.9240710657383244
26	8	2019	8.87	19.99	0.0	1.0936711215929245
27	8	2019	8.39	19.52	0.0	1.0788545820689928
28	8	2019	6.91	23.61	0.9	1.5041321817828357
29	8	2019	5.89	20.11	0.0	1.2704685085865637
30	8	2019	5.33	20.28	0.0	1.3034456205431502
31	8	2019	7.4	22.23	1.39	1.35635259106604
1	9	2019	8.4	22.63	3.43	1.1971524158554874
2	9	2019	10.53	22.17	1.37	1.154659521469385
3	9	2019	7.16	25.84	0.0	1.623517488307643
4	9	2019	9.87	22.97	2.15	1.134064489676183
5	9	2019	7.98	23.04	0.0	1.3620322904915032
6	9	2019	5.44	22.48	0.0	1.4244923599814894
7	9	2019	7.21	22.96	0.0	1.3807622751318571
8	9	2019	6.8	21.68	0.0	1.293901454416239
9	9	2019	8.93	14.61	7.78	0.4836853941834266
10	9	2019	8.36	11.5	11.93	0.2689138334594429
11	9	2019	8.86	13.75	2.87	0.4165983279607487
12	9	2019	7.41	16.2	0.0	0.7953843944084769
13	9	2019	4.15	24.07	0.0	1.5338450782229411
14	9	2019	9.14	24.08	0.0	1.3374849724663191
15	9	2019	9.32	27.05	0.0	1.5408811523707002
16	9	2019	9.27	31.48	0.0	1.8319411062132456
17	9	2019	12.83	25.94	0.45	1.2511427368966106
18	9	2019	10.55	22.3	0.0	1.0836687498993864
19	9	2019	8.83	21.21	0.0	1.094519349811339
20	9	2019	8.55	21.1	0.0	1.1003243120882216
21	9	2019	4.99	18.72	0.0	1.0891185898756677
22	9	2019	5.25	25.23	0.0	1.5087111651708427
23	9	2019	8.38	20.65	0.0	1.054234271144083
24	9	2019	4.69	17.3	0.0	0.9786467272276366
25	9	2019	3.11	15.75	0.87	0.9325377091830912
26	9	2019	2.56	10.69	6.94	0.5401245257418895
27	9	2019	1.65	8.19	2.44	0.4214745825909582
28	9	2019	0.97	5.68	0.0	0.3234909357156208
29	9	2019	0.04	4.15	11.07	0.2493226585133285
30	9	2019	0.22	2.04	5.46	0.1162358367305525
1	10	2019	0.04	4.41	0.0	0.2924151116240573
2	10	2019	-3.98	9.93	0.0	0.7932717784785192
3	10	2019	-1.16	11.82	0.0	0.8189742219676268
4	10	2019	1.56	12.09	0.0	0.7314193246644518
5	10	2019	-0.87	14.04	0.0	0.9300941193442664
6	10	2019	3.72	15.91	0.0	0.8868994951288531
7	10	2019	2.86	20.32	0.0	1.1829786912211164
8	10	2019	-2.09	8.13	0.63	0.6132981441700951
9	10	2019	-6.7	2.39	0.0	0.4485756465981485
10	10	2019	-8.19	3.96	0.0	0.5571151995443345
11	10	2019	-8.71	6.77	0.0	0.6869291996217313
12	10	2019	-8.8	7.59	0.0	0.7191412998725123
13	10	2019	-8.93	9.94	0.55	0.8416633121238127
14	10	2019	-1.26	4.26	0.33	0.322870295496136
15	10	2019	-2.84	6.33	0.0	0.5089189832215335
16	10	2019	-1.12	12.96	0.0	0.8201796086098214
17	10	2019	1.37	18.94	0.0	1.0785069720653535
18	10	2019	-0.6	16.02	0.0	0.9598672846154374
19	10	2019	-1.15	14.15	0.0	0.8676492886831865
20	10	2019	-4.53	7.66	0.0	0.612815398297953
21	10	2019	-6.85	9.94	0.0	0.7612960027139988
22	10	2019	-5.84	6.75	0.0	0.5945958308787679
23	10	2019	-5.08	4.29	1.32	0.4533150153198171
24	10	2019	-4.59	9.0	0.0	0.6669260779711392
25	10	2019	-0.43	17.64	0.0	1.005110790370194
26	10	2019	-5.75	2.53	0.0	0.3802458813162648
27	10	2019	-8.51	-2.39	1.33	0.2498222067910731
28	10	2019	-9.12	-3.79	1.34	0.2086084670288596
29	10	2019	-12.35	-4.61	0.0	0.2603692708141915
30	10	2019	-17.23	0.83	0.0	0.4939539532840081
31	10	2019	-2.57	4.46	0.28	0.3613440848959565
1	11	2019	-2.94	5.31	0.0	0.4088786669161532
2	11	2019	-4.47	4.68	0.89	0.4257333242823846
3	11	2019	-4.72	2.02	0.0	0.3059524959545749
4	11	2019	-12.39	-4.31	0.0	0.2571896139435057
5	11	2019	-14.58	-4.19	1.12	0.3048311443077958
6	11	2019	-20.03	-7.85	0.0	0.2646512785539238
7	11	2019	-20.12	-3.75	0.0	0.3635575712391243
8	11	2019	-7.78	4.63	0.51	0.5039134487004522
9	11	2019	-12.84	-0.42	1.76	0.3956128168558984
10	11	2019	-20.77	-11.27	0.0	0.1878501713753975
11	11	2019	-23.39	-8.59	0.0	0.2613749713880221
12	11	2019	-15.02	-1.58	0.0	0.3803825693453052
13	11	2019	-13.62	0.96	0.0	0.4438994173657091
14	11	2019	-6.86	0.48	0.0	0.2970274986282445
15	11	2019	-4.71	3.66	3.51	0.3545824316429625
16	11	2019	-0.98	2.49	1.75	0.1765928640209943
17	11	2019	-2.12	6.34	1.51	0.4097038588051182
18	11	2019	-0.54	7.84	0.0	0.4298121715144721
19	11	2019	-4.07	0.88	0.0	0.2188456869461385
20	11	2019	-5.23	-0.38	0.0	0.2036153508036572
21	11	2019	-5.68	4.03	0.0	0.4058331932938541
22	11	2019	-5.07	6.24	0.0	0.4843874230798011
23	11	2019	-0.57	10.84	0.0	0.5768742054806612
24	11	2019	-1.91	4.45	0.78	0.3058868961542899
25	11	2019	-5.39	-0.01	0.0	0.2226836003958524
26	11	2019	-10.1	-2.06	0.37	0.2746369775168569
27	11	2019	-8.11	-5.04	0.0	0.111469417505826
28	11	2019	-8.04	-5.11	3.68	0.1017775728674753
29	11	2019	-11.14	-5.22	0.0	0.1889530205141533
30	11	2019	-10.13	-7.12	0.0	0.0989354807841531
1	12	2019	-13.45	-5.72	0.0	0.2203902090688389
2	12	2019	-13.88	-1.75	0.0	0.3443879147385432
3	12	2019	-8.01	3.9	0.0	0.446428944063627
4	12	2019	-8.81	-0.25	0.0	0.3066729436189847
5	12	2019	-13.47	-3.65	0.0	0.2795463341662605
6	12	2019	-11.98	-4.69	0.0	0.2211110369443262
7	12	2019	-12.22	-4.94	0.0	0.2184464969899703
8	12	2019	-21.1	-11.67	0.0	0.1717994863794605
9	12	2019	-24.56	-9.54	0.0	0.230567028399401
10	12	2019	-27.22	-13.31	0.0	0.1764105315757311
11	12	2019	-25.78	-16.28	0.0	0.1265864978283195
12	12	2019	-18.91	-12.13	0.0	0.1375312768336538
13	12	2019	-24.11	-13.75	0.0	0.1559402578067397
14	12	2019	-25.96	-11.42	0.23	0.2017173312071416
15	12	2019	-19.09	-8.23	0.0	0.2248804428800007
16	12	2019	-14.92	-4.83	0.0	0.2633384464863804
17	12	2019	-14.21	-3.47	0.0	0.2918795701654157
18	12	2019	-9.98	0.73	0.0	0.3596608397782074
19	12	2019	-10.62	-3.07	0.0	0.2423153753579446
20	12	2019	-11.19	4.13	0.0	0.4921157469167467
21	12	2019	-11.22	0.19	0.0	0.3606133421383259
22	12	2019	-8.76	-0.2	0.0	0.3010870113433539
23	12	2019	-6.72	-3.47	0.0	0.1227918662613546
24	12	2019	-6.86	-4.87	4.17	0.0718115939887645
25	12	2019	-9.24	-2.1	0.0	0.2451551942388374
26	12	2019	-15.39	-6.67	0.0	0.2196163580088251
27	12	2019	-15.12	-6.05	0.0	0.2320919716538634
28	12	2019	-15.94	-6.3	0.0	0.2363747462976667
29	12	2019	-19.11	-5.25	0.0	0.2925559604229621
30	12	2019	-16.28	-5.44	0.0	0.2626086991374369
31	12	2019	-12.51	0.32	0.0	0.3840963669752061
1	1	2020	-8.09	-0.92	0.0	0.2612893665971985
2	1	2020	-7.97	-2.87	0.0	0.1849763428306733
3	1	2020	-11.99	-3.95	0.0	0.2435981764252729
4	1	2020	-8.28	5.08	0.0	0.4937969678759575
5	1	2020	-11.07	-1.81	0.0	0.2972830007927547
6	1	2020	-15.55	-1.75	0.0	0.3599499818204285
7	1	2020	-24.56	-15.24	1.63	0.1358192217545379
8	1	2020	-18.28	-7.42	0.86	0.2393475256682649
9	1	2020	-24.78	-16.06	0.0	0.1247674547437909
10	1	2020	-30.37	-15.78	0.0	0.1522014483174762
11	1	2020	-18.59	-10.08	1.91	0.1820386964428935
12	1	2020	-26.08	-13.9	1.0	0.1675084478235001
13	1	2020	-30.16	-24.07	0.7	0.0573809991946666
14	1	2020	-34.72	-27.05	0.0	0.0521864677604641
15	1	2020	-36.52	-28.54	0.0	0.0473304144448964
16	1	2020	-36.55	-19.46	0.0	0.1178134329507808
17	1	2020	-22.7	-18.72	1.86	0.0630182328638787
18	1	2020	-28.07	-22.96	0.0	0.0565103743567989
19	1	2020	-29.34	-16.58	0.0	0.1439163295944521
20	1	2020	-20.22	0.47	0.0	0.4535319469711225
21	1	2020	-10.83	2.0	0.0	0.4427926232138987
22	1	2020	-12.69	-2.95	0.0	0.3047151719020853
23	1	2020	-11.51	-3.3	0.0	0.272479614741774
24	1	2020	-8.67	0.79	0.0	0.3639038927916313
25	1	2020	-5.79	1.91	0.0	0.3373620639865665
26	1	2020	-7.21	-2.51	0.0	0.1912771990637213
27	1	2020	-6.95	-0.88	0.0	0.2536342444418103
28	1	2020	-4.93	-1.33	0.0	0.163308985054065
29	1	2020	-10.89	-2.76	1.52	0.2865372899759698
30	1	2020	-10.6	-0.45	0.0	0.3668419155618257
31	1	2020	-10.23	2.94	0.0	0.4880371625038925
1	2	2020	-6.56	6.42	0.0	0.5675917464191785
2	2	2020	-10.58	0.34	0.0	0.4002814607244265
3	2	2020	-18.41	-9.05	0.0	0.2246373184975589
4	2	2020	-18.9	-3.92	0.0	0.3624929059917443
5	2	2020	-13.18	-5.16	0.59	0.2599130001696946
6	2	2020	-14.08	-9.01	0.34	0.1538680612760995
7	2	2020	-12.09	-2.61	0.0	0.3319806928191732
8	2	2020	-13.31	-2.96	0.0	0.3580540029942275
9	2	2020	-14.2	-2.4	0.45	0.4097960728513994
10	2	2020	-9.94	-3.59	0.01	0.250325698629175
11	2	2020	-14.26	-2.13	0.1	0.4474667480025088
12	2	2020	-30.16	-15.52	0.0	0.1783852630061629
13	2	2020	-29.32	-5.94	0.0	0.3400650256969575
14	2	2020	-12.69	-2.22	0.0	0.4281066256480728
15	2	2020	-19.74	-11.51	0.0	0.1939195288225694
16	2	2020	-16.32	-4.86	0.0	0.3801654862330093
17	2	2020	-21.88	-9.67	0.0	0.265830782079643
18	2	2020	-30.33	-18.3	0.0	0.1451679985045078
19	2	2020	-29.96	-9.86	0.0	0.2897704604221325
20	2	2020	-16.99	2.28	0.0	0.7327023348571874
21	2	2020	-11.28	2.08	0.0	0.7524547340357631
22	2	2020	-8.47	3.09	0.0	0.7896583859392521
23	2	2020	-11.67	1.05	0.0	0.7131065312718551
24	2	2020	-12.3	-2.47	0.0	0.5159702274341986
25	2	2020	-18.03	-3.12	0.0	0.5472094403944101
26	2	2020	-13.35	0.8	0.0	0.726536849054452
27	2	2020	-8.52	4.22	0.0	0.8989127785118187
28	2	2020	-7.42	6.24	0.0	1.0320253819641434
29	2	2020	-6.26	6.97	0.8	1.0822361263758544
1	3	2020	-10.85	-0.76	0.0	0.6100033673428514
2	3	2020	-5.87	3.39	0.0	0.7906980815281799
3	3	2020	-6.44	3.41	0.0	0.8287974919326154
4	3	2020	-2.57	3.24	0.0	0.5627036140611923
5	3	2020	-6.47	4.57	0.0	0.9608956462213624
6	3	2020	-1.69	11.15	0.0	1.4192513813759302
7	3	2020	-11.09	-0.92	0.47	0.6604111042531978
8	3	2020	-16.14	-9.2	0.0	0.257381188586496
9	3	2020	-17.4	0.76	0.0	0.7818966174791788
10	3	2020	-11.83	5.71	0.0	1.0814629285744934
11	3	2020	-4.02	4.48	0.0	0.8860782501194588
12	3	2020	-10.36	-1.32	0.0	0.6324990515020669
13	3	2020	-16.65	-10.06	0.0	0.2432494863713742
14	3	2020	-16.42	-8.39	1.36	0.3563559352489844
15	3	2020	-15.0	-7.06	0.61	0.3940147725431005
16	3	2020	-18.53	-1.86	0.0	0.7015336623642621
17	3	2020	-14.01	-2.39	0.0	0.6787458651543563
18	3	2020	-17.36	-5.91	0.0	0.5249083164811823
19	3	2020	-17.61	-5.29	0.0	0.5652498769921718
20	3	2020	-17.55	-0.05	0.0	0.8150540299896203
21	3	2020	-11.02	3.12	0.0	1.0423021228722351
22	3	2020	-10.64	6.49	0.0	1.2040379918305624
23	3	2020	-7.7	7.25	0.0	1.28062362425453
24	3	2020	-8.6	-1.45	2.35	0.5530849184826441
25	3	2020	-14.79	-0.38	0.0	0.8854376901711037
26	3	2020	-13.76	5.77	0.0	1.1407091120003496
27	3	2020	-4.34	7.1	0.0	1.30891486598077
28	3	2020	-3.57	7.85	0.0	1.3570037844499374
29	3	2020	-5.34	13.7	0.0	1.6608188260645207
30	3	2020	-3.9	4.4	1.13	1.1530960393530776
31	3	2020	-10.74	-1.92	1.47	0.8021168541011673
1	4	2020	-14.91	-11.17	0.74	0.1666388587427325
2	4	2020	-17.73	-8.58	0.0	0.4982264328030906
3	4	2020	-18.31	-2.55	0.0	0.796106029390135
4	4	2020	-12.6	-5.52	2.11	0.4471575795719832
5	4	2020	-11.17	-1.87	0.0	0.8253658203152449
6	4	2020	-8.15	1.41	4.44	0.865399314708584
7	4	2020	-10.87	4.08	0.0	1.1725880123613448
8	4	2020	-7.08	1.06	0.0	0.9515435347276258
9	4	2020	-13.5	5.97	0.0	1.2264372173070328
10	4	2020	-2.31	7.7	0.0	1.407334878621661
11	4	2020	-7.92	-1.11	0.0	0.7970045386762615
12	4	2020	-9.99	-4.03	0.0	0.6087381294491339
13	4	2020	-12.47	-4.21	0.0	0.738318774190381
14	4	2020	-15.15	3.97	0.0	1.132203995559593
15	4	2020	-9.47	2.19	0.0	1.1191264263479983
16	4	2020	-5.78	5.98	0.0	1.3429730536963107
17	4	2020	-2.04	12.98	0.0	1.789282168709481
18	4	2020	-3.38	4.81	0.0	1.2447827127991555
19	4	2020	-4.66	14.55	0.0	1.8613390212568728
20	4	2020	-1.86	11.22	0.0	1.6934313178900806
21	4	2020	-1.7	21.82	0.0	2.3180801686763957
22	4	2020	1.49	16.04	0.0	2.0229016067226273
23	4	2020	0.48	18.15	0.0	2.154608102942013
24	4	2020	-1.08	13.94	2.23	1.7173675382915623
25	4	2020	-2.15	19.37	0.0	2.196814866857089
26	4	2020	3.06	14.9	3.12	1.7728037322300565
27	4	2020	-0.95	19.71	0.0	2.243905102325446
28	4	2020	2.38	18.49	0.0	2.2055649240691926
29	4	2020	0.99	22.66	0.0	2.4509444936801614
30	4	2020	7.7	28.16	0.0	2.851963676814784
1	5	2020	4.7	18.42	0.0	2.165215304020522
2	5	2020	-1.07	18.68	0.0	2.179752999800624
3	5	2020	-0.54	18.53	2.77	1.9836456092060937
4	5	2020	3.29	15.01	0.0	1.9031392982051285
5	5	2020	-0.93	18.15	0.0	2.1494036348529133
6	5	2020	1.07	21.57	0.0	2.3007508061642925
7	5	2020	0.93	18.27	0.0	2.0931445440368512
8	5	2020	0.76	19.65	1.12	2.1807221632720326
9	5	2020	-1.21	7.42	0.47	1.31871878303075
10	5	2020	-3.21	9.91	0.0	1.54365169318209
11	5	2020	-6.25	10.74	0.0	1.5891459887596036
12	5	2020	-3.5	14.09	0.0	1.8096749925423088
13	5	2020	0.97	11.7	0.0	1.6159041602731266
14	5	2020	-1.68	19.65	0.0	2.1741026152026577
15	5	2020	-2.65	14.64	0.0	1.8530660560623249
16	5	2020	1.18	25.67	0.0	2.574230017249227
17	5	2020	9.66	27.22	0.0	2.6953791884629363
18	5	2020	8.31	25.22	0.0	2.5578871508124736
19	5	2020	10.65	26.25	0.0	2.605072573068249
20	5	2020	10.0	17.67	13.46	1.573521980706457
21	5	2020	9.6	20.84	0.0	2.1831061184908216
22	5	2020	5.39	20.75	0.0	2.2786975422760545
23	5	2020	3.93	15.37	0.0	1.8628101208108885
24	5	2020	4.33	20.07	0.0	2.24881177722208
25	5	2020	5.95	26.04	0.0	2.6797668760282916
26	5	2020	10.62	21.55	0.0	2.2312729081970817
27	5	2020	6.82	18.42	0.0	2.08003930218558
28	5	2020	3.87	18.66	0.0	2.1641358711813945
29	5	2020	5.24	19.13	0.0	2.1901744102416605
30	5	2020	7.97	26.19	0.0	2.714480147958601
31	5	2020	11.96	31.61	0.0	3.0719952917711133
1	6	2020	12.45	25.44	0.0	2.5653829071673435
2	6	2020	7.81	24.79	0.0	2.620804557675407
3	6	2020	9.92	20.66	0.0	2.2105555789347995
4	6	2020	6.17	19.12	0.0	2.1935743678405255
5	6	2020	3.78	21.02	0.0	2.380510141024485
6	6	2020	10.12	18.28	24.25	1.5229400141573617
7	6	2020	9.43	16.68	24.03	0.9517982401344478
8	6	2020	7.15	15.38	0.0	1.140352899992205
9	6	2020	5.23	20.74	1.05	2.102988216325511
10	6	2020	7.26	22.71	0.0	2.229890450300249
11	6	2020	6.4	22.74	0.0	2.277949909472456
12	6	2020	8.52	28.68	0.0	2.7962871155173508
13	6	2020	15.16	30.59	0.0	2.7295254107168216
14	6	2020	12.72	23.94	0.0	1.976641102004761
15	6	2020	7.23	22.5	0.0	2.255037315676653
16	6	2020	9.0	23.26	24.18	1.8238201062464332
17	6	2020	9.46	16.92	4.9	0.7907870494962679
18	6	2020	6.91	16.16	2.82	0.9256896635027132
19	6	2020	5.88	18.68	0.0	1.6735279307850703
20	6	2020	6.6	18.31	0.0	1.559739127168302
21	6	2020	4.37	18.88	0.0	1.79920156100703
22	6	2020	6.36	24.2	0.0	2.270664496911438
23	6	2020	10.36	28.48	0.0	2.557235120675636
24	6	2020	13.92	26.6	0.57	2.074067039525439
25	6	2020	14.68	26.1	0.0	1.891775062211696
26	6	2020	11.59	30.63	0.0	2.712590169815351
27	6	2020	13.83	21.41	0.0	1.1122363993083082
28	6	2020	13.07	20.74	0.0	1.1246347383721471
29	6	2020	14.45	19.69	1.18	0.7250316854897735
30	6	2020	13.79	20.55	7.08	0.807340402138094
1	7	2020	13.7	24.07	0.82	1.7163969399688328
2	7	2020	10.7	24.32	1.57	2.079226861877562
3	7	2020	10.14	26.67	0.0	2.369826658803827
4	7	2020	12.31	29.17	0.0	2.528189581684294
5	7	2020	12.34	23.64	0.0	1.8033615296490493
6	7	2020	10.46	25.18	0.0	2.203256744859961
7	7	2020	12.26	28.78	15.29	2.0209640898739063
8	7	2020	13.79	19.85	3.17	0.7125992972544885
9	7	2020	12.09	22.1	0.0	1.46165594207425
10	7	2020	10.03	23.0	2.91	1.451264434615655
11	7	2020	10.03	24.82	0.0	2.0495198423969723
12	7	2020	12.83	25.72	0.0	1.9439876385887709
13	7	2020	9.94	20.04	2.39	1.0896698023626885
14	7	2020	10.66	22.18	4.71	1.2787327230368353
15	7	2020	10.3	23.12	1.42	1.787165628379122
16	7	2020	10.21	25.67	0.0	2.090765214867581
17	7	2020	13.85	24.89	0.0	1.638011094658555
18	7	2020	11.61	21.98	0.62	1.4426055629840355
19	7	2020	10.23	23.23	0.0	1.7644643126990651
20	7	2020	11.24	23.92	3.25	1.3850148335722496
21	7	2020	9.68	25.72	0.0	2.066361515336461
22	7	2020	14.4	30.71	0.0	2.302559345418948
23	7	2020	17.49	28.86	0.0	1.7512877396966646
24	7	2020	14.46	27.48	0.0	1.9091173938951125
25	7	2020	11.65	21.65	0.0	1.348511423981703
26	7	2020	10.43	25.12	0.0	1.9608194150634948
27	7	2020	9.19	27.7	0.0	2.261645377189361
28	7	2020	10.84	31.19	0.0	2.4840840451465604
29	7	2020	14.41	34.34	0.0	2.5871141455450934
30	7	2020	15.74	32.28	0.0	2.2745388494943377
31	7	2020	13.23	26.92	0.0	1.8172888041929771
1	8	2020	9.01	28.3	0.0	2.227553953392712
2	8	2020	10.81	28.42	0.0	2.1548041865149528
3	8	2020	13.59	30.35	0.0	2.175567041392614
4	8	2020	11.69	27.28	0.0	1.9486599463923688
5	8	2020	9.25	29.49	0.0	2.285566535092374
6	8	2020	11.74	33.85	0.0	2.5470250729925006
7	8	2020	13.55	24.2	2.3	1.1026191444151574
8	8	2020	11.04	25.56	1.63	1.7205119176418555
9	8	2020	8.74	22.58	0.0	1.5296727945049835
10	8	2020	7.62	24.41	0.0	1.798184683002253
11	8	2020	8.78	24.48	0.0	1.7219387253954737
12	8	2020	11.65	28.38	0.0	1.9327270046941776
13	8	2020	9.07	25.12	0.0	1.736570235122585
14	8	2020	7.66	24.75	1.12	1.7684289468384684
15	8	2020	8.56	25.26	0.0	1.7519949474803411
16	8	2020	9.02	29.82	0.0	2.141507151527917
17	8	2020	11.43	34.5	0.0	2.415538269787195
18	8	2020	12.44	36.06	0.0	2.4802327981897747
19	8	2020	14.16	34.26	0.0	2.281288444052398
20	8	2020	13.2	33.82	0.0	2.2758487627298187
21	8	2020	14.08	27.68	0.0	1.5139245466547806
22	8	2020	9.92	32.06	0.0	2.239331720190483
23	8	2020	6.82	28.69	0.0	2.0505158468395814
24	8	2020	9.53	29.74	0.0	2.009650913075264
25	8	2020	12.59	26.57	0.0	1.4366447814577463
26	8	2020	10.11	25.2	0.0	1.485265604892697
27	8	2020	7.5	22.53	7.41	1.2117456006826617
28	8	2020	6.59	23.57	0.0	1.5127861885779512
29	8	2020	8.5	31.34	0.0	2.09983085461323
30	8	2020	6.27	17.69	0.0	0.9870700182518528
31	8	2020	2.28	19.31	0.0	1.305859889238076
1	9	2020	8.3	22.88	0.0	1.3015907412670755
2	9	2020	7.66	17.01	6.1	0.752885480541393
3	9	2020	5.18	21.84	0.0	1.361183616122644
4	9	2020	5.02	24.4	0.0	1.5748244841350825
5	9	2020	8.07	30.85	0.0	2.0550448094391367
6	9	2020	7.76	17.45	0.0	0.8480262268198279
7	9	2020	-0.07	10.82	0.0	0.7569756246766801
8	9	2020	-5.15	15.84	0.0	1.297814277920465
9	9	2020	3.61	21.34	0.0	1.4805847063246729
10	9	2020	4.7	26.68	0.0	1.8671049644147633
11	9	2020	7.75	30.45	0.0	2.0533843650594803
12	9	2020	6.4	16.52	2.49	0.7540917479518584
13	9	2020	-0.38	16.32	0.0	1.150132717468693
14	9	2020	5.22	15.84	0.0	0.8342929711714693
15	9	2020	3.24	14.63	0.0	0.8866765345885529
16	9	2020	-0.55	13.97	0.0	1.071571153632768
17	9	2020	1.88	18.71	0.0	1.4045316977009052
18	9	2020	-0.34	25.0	0.0	1.8816310224667576
19	9	2020	6.59	26.85	0.0	1.9021557820210797
20	9	2020	12.15	18.82	7.05	0.5600404010665971
21	9	2020	7.53	23.39	0.0	1.4748305974782194
22	9	2020	6.99	20.91	0.0	1.2485513539584272
23	9	2020	9.31	22.1	0.0	1.2045444645251542
24	9	2020	8.74	24.07	0.0	1.44002293748069
25	9	2020	5.42	22.13	0.0	1.4173103317197502
26	9	2020	7.29	15.25	0.0	0.6362937335464051
27	9	2020	4.13	15.07	0.0	0.7993862070814773
28	9	2020	0.73	23.08	0.0	1.590186726586554
29	9	2020	6.9	17.77	0.0	0.8924796606772059
30	9	2020	0.65	12.77	0.0	0.8156794298255859
1	10	2020	-4.64	12.19	0.0	0.9725837415345308
2	10	2020	0.69	18.01	0.0	1.2338502127505913
3	10	2020	-0.75	16.57	0.0	1.1545339482941095
4	10	2020	4.89	23.49	0.4	1.4943024088595207
5	10	2020	7.83	19.45	0.0	0.9446447924105228
6	10	2020	6.28	17.63	0.0	0.991029159027135
7	10	2020	0.15	15.55	0.0	1.1419964350984553
8	10	2020	7.69	22.8	2.01	1.2084170677028838
9	10	2020	1.66	10.53	0.0	0.5776656966284507
10	10	2020	2.67	26.63	0.0	1.83969417259868
11	10	2020	4.35	15.57	0.0	0.903422246302008
12	10	2020	-3.47	12.24	0.0	0.976125160045622
13	10	2020	0.11	10.77	0.0	0.747918225410067
14	10	2020	-5.22	7.07	0.0	0.6895102097769031
15	10	2020	-5.26	6.16	0.0	0.6119642634836061
16	10	2020	-8.97	3.76	0.0	0.5660343014011222
17	10	2020	-12.89	-0.22	0.0	0.4352782348671043
18	10	2020	-5.74	-2.98	0.0	0.1257786498373666
19	10	2020	-6.87	-0.64	0.0	0.2721598063133995
20	10	2020	-6.93	-1.48	0.26	0.2414841579090304
21	10	2020	-10.22	0.48	0.0	0.4486087004056014
22	10	2020	-14.0	-2.03	0.0	0.4005969884750921
23	10	2020	-13.87	-3.58	0.0	0.330805634307058
24	10	2020	-8.22	-4.98	0.0	0.131515187913149
25	10	2020	-11.47	-2.01	0.0	0.3412900338016172
26	10	2020	-14.6	3.52	0.0	0.6371838912162561
27	10	2020	-3.24	12.49	0.0	0.940720006107436
28	10	2020	-4.64	5.22	0.0	0.4716105090326579
29	10	2020	-6.19	7.76	0.06	0.7357513614190607
30	10	2020	-0.35	13.27	0.0	0.8793652477714848
31	10	2020	-6.33	2.34	0.0	0.3746986829691337
1	11	2020	-7.2	13.89	0.0	1.0046657769388916
2	11	2020	-0.01	18.67	0.0	1.1948148617179168
3	11	2020	1.42	16.66	0.0	1.0185129194250238
4	11	2020	-0.05	14.89	0.0	0.9227482954653276
5	11	2020	1.92	18.06	0.0	1.066764295394816
6	11	2020	-2.27	7.01	1.72	0.4594021075164422
7	11	2020	-2.46	1.13	1.87	0.1734447662162582
8	11	2020	-9.7	-3.08	18.89	0.2262300124823655
9	11	2020	-18.64	-9.33	0.0	0.2108872596166208
10	11	2020	-16.96	-5.91	0.0	0.2793002214974513
11	11	2020	-17.13	-6.12	1.76	0.2743922244025834
12	11	2020	-22.77	-9.14	0.0	0.2464560816429964
13	11	2020	-12.34	-0.04	0.0	0.3957367006369629
14	11	2020	-9.83	-0.82	0.54	0.3216024143858986
15	11	2020	-13.31	-6.13	0.0	0.2113988811405566
16	11	2020	-9.5	-5.63	0.0	0.134745276581013
17	11	2020	-7.46	0.16	0.0	0.2989336256044346
18	11	2020	-4.5	4.54	0.0	0.4039091712669452
19	11	2020	-12.71	-4.79	4.33	0.2275836277632175
20	11	2020	-19.88	-10.38	0.0	0.1915772664779796
21	11	2020	-18.57	-4.49	0.0	0.3188992453294771
22	11	2020	-16.88	-7.27	0.0	0.2301857249340101
23	11	2020	-11.06	-5.04	0.0	0.1911087727763772
24	11	2020	-9.67	-2.16	0.0	0.2581371407063382
25	11	2020	-8.35	2.34	0.0	0.3968452131289854
26	11	2020	-12.34	-1.18	0.0	0.3420125281592387
27	11	2020	-10.81	0.52	0.0	0.3732681499663766
28	11	2020	-10.29	-0.65	0.0	0.3228354493679326
29	11	2020	-15.78	-2.72	0.0	0.3359582080727664
30	11	2020	-8.83	1.97	0.0	0.3875579375040134
1	12	2020	-7.92	2.21	0.0	0.3780361566760323
2	12	2020	-11.17	-1.62	0.0	0.3049355784312645
3	12	2020	-7.5	2.67	0.0	0.3867753162238518
4	12	2020	-6.48	2.09	0.0	0.3395147652125698
5	12	2020	-7.31	1.97	0.0	0.3547350521479593
6	12	2020	-9.63	1.04	0.0	0.3674810516668869
7	12	2020	-8.38	3.12	0.0	0.4193291226879736
8	12	2020	-4.68	3.52	0.0	0.3474548397648992
9	12	2020	-5.76	1.8	0.0	0.3051085218261064
10	12	2020	-12.85	-3.88	0.0	0.2591236244464205
11	12	2020	-13.63	-4.59	0.0	0.2507207734639403
12	12	2020	-11.39	-3.38	0.0	0.2484531609584354
13	12	2020	-27.34	-13.43	0.0	0.1743033874365832
14	12	2020	-28.68	-14.28	0.32	0.1651856117998782
15	12	2020	-19.1	-10.51	0.0	0.1728303077447271
16	12	2020	-16.53	-4.82	0.0	0.2805486791160327
17	12	2020	-15.02	2.29	0.0	0.4660186978417635
18	12	2020	-22.76	-4.1	0.0	0.3298956361600554
19	12	2020	-12.32	4.13	0.0	0.5023507051678038
20	12	2020	-6.17	2.61	0.0	0.3436538119278544
21	12	2020	-9.15	-1.52	3.48	0.2510039055542344
22	12	2020	-13.75	-4.14	5.27	0.2540973619169042
23	12	2020	-17.3	-8.55	0.0	0.1946964413987921
24	12	2020	-14.86	0.2	0.0	0.4028005703584242
25	12	2020	-13.0	-2.8	0.0	0.2911945458034788
26	12	2020	-12.55	-5.04	0.5	0.2152907225426589
27	12	2020	-15.19	-6.71	0.0	0.2127363475212725
28	12	2020	-17.75	-8.33	0.0	0.2062560752248601
29	12	2020	-17.08	-7.91	0.0	0.208581108582309
30	12	2020	-20.53	-9.16	0.0	0.2152583235991046
1	1	2021	-16.63	-3.26	0.0	0.3243307020674294
2	1	2021	-9.89	3.84	0.0	0.4690180482440481
3	1	2021	-3.25	3.77	0.0	0.314818021850706
4	1	2021	-10.9	-1.07	0.0	0.3168880353091836
5	1	2021	-10.29	-0.14	0.0	0.3378697709963491
6	1	2021	-11.78	2.62	0.0	0.4543079867860348
7	1	2021	-9.5	0.82	0.0	0.3583362601799362
8	1	2021	-13.35	-2.97	0.0	0.2982551513723984
9	1	2021	-14.56	-5.17	0.0	0.2519871591904808
10	1	2021	-14.69	-5.61	0.0	0.2424031118344755
11	1	2021	-12.81	-1.18	0.0	0.34833436165012
12	1	2021	-8.66	0.4	0.0	0.329598219403762
13	1	2021	-6.1	5.91	5.62	0.4748475905278637
14	1	2021	-6.79	-0.65	0.0	0.2421835974661264
15	1	2021	-14.65	-5.25	0.0	0.2557360927817164
16	1	2021	-10.35	-0.68	0.0	0.3303841410946836
17	1	2021	-10.93	-1.6	1.25	0.3101647694092091
18	1	2021	-10.54	0.15	0.24	0.3656148687028839
19	1	2021	-14.38	2.44	0.0	0.4880885148666217
20	1	2021	-6.11	2.6	0.0	0.3660401886313292
21	1	2021	-12.02	-5.72	0.03	0.197744096587192
22	1	2021	-9.35	-4.62	0.36	0.1690209901497029
23	1	2021	-28.15	-9.46	0.0	0.2480451114265831
24	1	2021	-32.52	-23.26	0.0	0.0797030936515812
25	1	2021	-29.8	-22.69	0.0	0.0731327680849522
26	1	2021	-28.37	-19.5	0.0	0.1045298670217284
27	1	2021	-22.89	-14.24	0.0	0.1494452039313219
28	1	2021	-19.34	-11.09	0.0	0.1787754561656537
29	1	2021	-15.18	-9.99	0.0	0.1404927346686933
30	1	2021	-15.5	-11.06	0.0	0.1174569217145005
31	1	2021	-18.56	-9.56	0.0	0.2095199516841819
1	2	2021	-14.32	-1.39	0.0	0.3923443969858307
2	2	2021	-9.53	0.42	0.0	0.3826557801374995
3	2	2021	-19.86	-10.85	0.0	0.1973069657648691
4	2	2021	-22.61	-15.79	0.0	0.1231666867670375
5	2	2021	-28.2	-18.07	0.0	0.1302334417931635
6	2	2021	-35.54	-25.94	0.0	0.0703627437608273
7	2	2021	-37.18	-28.62	0.0	0.0542324763315828
8	2	2021	-36.97	-26.92	0.0	0.0667234358459263
9	2	2021	-28.97	-25.49	0.0	0.0392375728362634
10	2	2021	-34.02	-26.89	0.0	0.0586657763660509
11	2	2021	-37.72	-27.97	0.0	0.0619483401381177
12	2	2021	-33.05	-22.84	0.0	0.0959203616989852
13	2	2021	-37.07	-24.54	0.0	0.0882471191773008
14	2	2021	-34.9	-22.66	0.0	0.1027969018097835
15	2	2021	-30.62	-18.75	0.0	0.1385130809578081
16	2	2021	-25.97	-15.87	0.0	0.162987373709206
17	2	2021	-23.08	-15.75	0.0	0.1414399212007512
18	2	2021	-25.48	-12.93	0.0	0.2165211457252882
19	2	2021	-22.43	-2.91	0.0	0.4856481596279784
20	2	2021	-11.12	-3.02	0.0	0.4052150203091022
21	2	2021	-12.76	2.87	0.0	0.7644719139721504
22	2	2021	-3.42	4.1	0.0	0.6633571009689841
23	2	2021	-7.33	-0.17	0.0	0.4851008301992282
24	2	2021	-10.41	-1.79	0.0	0.5020078681121758
25	2	2021	-11.47	0.8	0.0	0.6971163279811573
26	2	2021	-16.79	-1.92	0.36	0.5890388294091299
27	2	2021	-24.56	-12.37	0.0	0.2499950843593213
28	2	2021	-21.86	-11.57	0.0	0.2591035767357557
1	3	2021	-16.87	3.65	0.0	0.8319928743574657
2	3	2021	-6.83	3.03	0.0	0.8008872718847552
3	3	2021	-11.37	1.94	0.0	0.8323166622008937
4	3	2021	-9.91	1.68	0.0	0.8135608141911846
5	3	2021	-6.87	4.37	0.0	0.9679714705111804
6	3	2021	-0.95	6.51	0.0	0.9396155269099716
7	3	2021	-4.49	5.03	0.0	0.9895450521455992
8	3	2021	-5.08	3.68	0.0	0.8932859205652948
9	3	2021	-5.38	-0.78	0.0	0.4031050425655476
10	3	2021	-9.33	1.28	0.0	0.8608681279362681
11	3	2021	-17.86	-2.78	0.0	0.6623373905051341
12	3	2021	-10.1	5.54	0.0	1.1143347932480263
13	3	2021	-6.97	6.19	0.0	1.1787858150832808
14	3	2021	-2.18	8.78	0.0	1.3296991202667834
15	3	2021	-1.73	7.2	0.0	1.203069618546783
16	3	2021	-8.91	0.65	0.0	0.8415277162065584
17	3	2021	-7.67	8.95	0.0	1.3171700156848931
18	3	2021	-3.08	14.37	0.0	1.6365384349914271
19	3	2021	-0.01	18.5	0.0	1.8843718661668551
20	3	2021	-1.22	12.56	0.0	1.565450653596549
21	3	2021	-5.05	3.54	0.0	1.0073947695337109
22	3	2021	-5.99	9.23	0.0	1.3720569543703816
23	3	2021	-7.82	0.66	0.42	0.8514476471423627
24	3	2021	-6.06	9.18	0.0	1.380290219054254
25	3	2021	-4.25	3.72	0.0	1.01529058049902
26	3	2021	-9.88	2.72	0.0	1.047039929435815
27	3	2021	-8.52	6.74	0.0	1.2499790909847708
28	3	2021	-0.49	18.25	0.0	1.9310928604925628
29	3	2021	-9.08	5.88	4.35	1.126441327871413
30	3	2021	-13.98	-5.28	0.0	0.5843923307229927
31	3	2021	-15.44	8.37	0.0	1.212244955977456
1	4	2021	-2.28	15.87	0.0	1.8092334625450288
2	4	2021	-0.25	12.86	0.0	1.6522434238524664
3	4	2021	-1.3	14.4	0.0	1.7469912530747802
4	4	2021	-0.95	18.2	0.0	1.9084820660396709
5	4	2021	-2.86	12.6	0.0	1.5903142078932433
6	4	2021	-3.02	16.84	0.0	1.8164635953410584
7	4	2021	-0.84	21.56	0.0	2.095021381223901
8	4	2021	1.64	15.04	1.43	1.7386838642230036
9	4	2021	-6.6	12.35	0.0	1.5439537224257056
10	4	2021	-1.13	13.63	0.0	1.6624490798699991
11	4	2021	-1.89	4.95	1.56	0.9765298161010364
12	4	2021	-3.08	3.9	0.59	0.9448638727430444
13	4	2021	-2.81	4.29	0.0	0.991653544266639
14	4	2021	-2.59	8.45	0.0	1.371082560883267
15	4	2021	-2.94	14.23	0.0	1.720886951320029
16	4	2021	-4.71	15.36	0.0	1.7662116803219272
17	4	2021	-0.73	20.81	0.0	2.121828170924487
18	4	2021	-2.84	7.5	0.0	1.322332914027685
19	4	2021	-6.74	5.1	0.0	1.2025229966030184
20	4	2021	-9.5	9.83	0.0	1.430387764963737
21	4	2021	-3.92	17.75	0.0	1.9292072496789008
22	4	2021	-5.15	7.91	0.0	1.364103228084944
23	4	2021	-12.52	5.28	0.0	1.1789927321087623
24	4	2021	-10.16	7.66	0.0	1.3224902423265248
25	4	2021	-5.62	11.98	0.0	1.6023115319631998
26	4	2021	-3.1	15.26	0.0	1.8171473214156764
27	4	2021	-4.17	13.92	0.0	1.7341303205964582
28	4	2021	-2.02	15.97	0.0	1.8763023674910153
29	4	2021	-2.62	11.53	0.0	1.596673836182401
30	4	2021	2.52	26.6	0.0	2.5613265672916157
1	5	2021	4.87	20.0	0.0	2.151664539403217
2	5	2021	0.81	14.14	0.0	1.7681267746455611
3	5	2021	-5.53	10.38	0.0	1.5378866706810594
4	5	2021	-5.05	14.98	0.0	1.8135024738021677
5	5	2021	-3.25	17.17	0.0	1.9651486505747389
6	5	2021	-0.89	17.92	0.0	2.03853676313254
7	5	2021	0.2	17.98	0.0	2.0548832944937794
8	5	2021	2.59	15.1	0.0	1.8404432634901933
9	5	2021	-4.06	16.36	0.0	1.927482343972602
10	5	2021	-2.55	18.57	0.0	2.0784899703309136
11	5	2021	0.37	20.16	0.0	2.203730014829588
12	5	2021	2.6	21.19	0.0	2.277670140212778
13	5	2021	1.56	22.51	0.0	2.3577248245251856
14	5	2021	3.01	22.99	1.32	2.3951633063708244
15	5	2021	3.36	24.74	0.0	2.5144057039914443
16	5	2021	8.1	27.84	0.0	2.7273361504273765
17	5	2021	7.56	33.02	0.0	3.066653439797412
18	5	2021	11.44	28.56	0.0	2.740513353019845
19	5	2021	1.67	13.44	0.0	1.714021616881814
20	5	2021	-0.8	4.28	1.88	0.8526973661660715
21	5	2021	-1.51	6.32	2.15	1.0554445424941936
22	5	2021	-0.93	10.91	0.0	1.5847746018251363
23	5	2021	7.01	16.53	14.88	1.7484412899823507
24	5	2021	8.44	11.64	22.54	0.4086617172838391
25	5	2021	2.25	9.84	1.68	0.9768314206656632
26	5	2021	-0.49	14.16	0.0	1.7583671555469174
27	5	2021	1.17	19.83	0.0	2.2542277243348843
28	5	2021	7.75	21.8	0.0	2.325995913452348
29	5	2021	6.72	21.01	0.0	2.2853880406654583
30	5	2021	2.05	23.52	0.0	2.5149606696390485
31	5	2021	8.53	27.4	0.0	2.79062841048144
1	6	2021	8.74	27.12	0.0	2.767393223815045
2	6	2021	12.1	32.58	0.0	3.131493809099316
3	6	2021	13.27	36.23	0.0	3.3688202792631445
4	6	2021	15.6	29.62	0.0	2.8209801551058584
5	6	2021	11.3	28.43	0.0	2.843992064881042
6	6	2021	8.73	20.84	0.0	2.1586040587378976
7	6	2021	9.27	23.03	0.0	2.4391569332133516
8	6	2021	5.73	23.69	1.52	2.555588950002325
9	6	2021	11.94	19.96	5.32	1.228457190201991
10	6	2021	13.94	21.96	9.53	1.2529918708115708
11	6	2021	10.77	20.92	0.0	1.8178391908046332
12	6	2021	6.66	24.0	0.0	2.5501851107356894
13	6	2021	6.51	27.76	0.0	2.871095285752935
14	6	2021	12.81	32.42	0.0	3.1765267078927257
15	6	2021	17.09	34.19	1.59	3.2315171229427926
16	6	2021	12.58	25.15	0.0	2.3762125861452534
17	6	2021	7.17	24.11	0.0	2.5637269865021626
18	6	2021	8.41	18.86	0.0	1.7781024404814485
19	6	2021	6.75	20.9	0.96	2.1983533114460116
20	6	2021	5.92	18.73	0.0	1.9436623864900435
21	6	2021	1.71	24.85	0.0	2.6265292743253625
22	6	2021	10.47	31.26	0.0	3.098465272672785
23	6	2021	13.16	24.44	0.0	2.078957824683204
24	6	2021	8.71	24.67	0.0	2.4750074093157677
25	6	2021	9.86	27.82	0.0	2.777111843624043
26	6	2021	13.14	29.53	0.0	2.821501430982436
27	6	2021	12.09	28.81	0.0	2.7868900150353633
28	6	2021	10.84	30.15	0.0	2.994782241145092
29	6	2021	12.93	33.6	0.0	3.2224642973776367
30	6	2021	14.7	35.01	0.0	3.2986571120860755
1	7	2021	16.01	35.89	0.0	3.3380624907307013
2	7	2021	18.56	39.79	0.0	3.5640897643850673
3	7	2021	17.19	30.27	2.71	2.115348556133638
4	7	2021	12.8	27.56	3.69	2.1138405622801093
5	7	2021	13.45	24.31	0.0	1.9573519946333988
6	7	2021	10.55	21.27	0.0	1.7835883072871073
7	7	2021	12.16	28.85	2.87	2.264324848968199
8	7	2021	13.6	28.17	0.0	2.5441667535752424
9	7	2021	12.48	30.99	0.0	2.9332582541403105
10	7	2021	13.61	33.38	0.0	3.1115749760069034
11	7	2021	15.62	31.85	0.0	2.833906529315614
12	7	2021	11.56	28.02	0.0	2.622813323252428
13	7	2021	10.0	29.49	0.0	2.847358546831262
14	7	2021	11.56	31.62	0.0	3.0015725132189788
15	7	2021	14.19	35.25	0.0	3.254061454563128
16	7	2021	16.22	30.46	0.0	2.5564942203176395
17	7	2021	16.85	35.74	0.0	3.1762445068328904
18	7	2021	13.74	26.0	0.0	2.0941291148253094
19	7	2021	14.03	21.07	0.0	1.0809417642690593
20	7	2021	15.75	28.26	0.0	2.2346620232853907
21	7	2021	15.06	31.81	0.0	2.8193283000576206
22	7	2021	13.54	33.57	0.0	3.07691124721294
23	7	2021	6.66	28.96	0.0	2.78569897993017
24	7	2021	9.96	29.16	0.0	2.727788317483211
25	7	2021	10.69	28.73	1.02	2.64608002211163
26	7	2021	12.21	27.98	0.0	2.4532058604968516
27	7	2021	12.47	34.34	0.0	3.096421741036573
28	7	2021	12.48	29.72	0.0	2.6266107004260713
29	7	2021	12.63	34.28	0.0	3.069446940727588
30	7	2021	12.23	31.26	0.0	2.7874525639201684
31	7	2021	12.15	31.78	0.0	2.832988723194372
1	8	2021	12.5	33.46	0.0	2.969579965231364
2	8	2021	16.07	35.53	0.0	3.01005632861167
3	8	2021	18.71	29.01	0.0	1.7779339585409484
4	8	2021	14.05	27.93	0.0	2.1919725326711736
5	8	2021	11.14	31.26	0.0	2.7461924462828917
6	8	2021	15.48	33.72	0.0	2.7857464865678936
7	8	2021	15.49	28.92	0.0	2.1411748855929646
8	8	2021	13.41	22.02	0.0	1.2229613860603492
9	8	2021	11.02	20.14	0.0	1.245945793993115
10	8	2021	10.66	22.0	4.15	1.2687542736400097
11	8	2021	10.96	26.14	0.0	2.1168296209893573
12	8	2021	8.98	23.82	0.0	1.9629892412760672
13	8	2021	8.52	30.26	0.0	2.6322819931746047
14	8	2021	16.27	37.54	0.0	3.020070781680284
15	8	2021	15.82	32.45	0.0	2.501062338441606
16	8	2021	14.55	25.95	0.0	1.6991907393201842
17	8	2021	10.5	19.26	2.44	0.8263625382383262
18	8	2021	10.05	18.79	1.41	1.0443038906644746
19	8	2021	7.47	20.43	0.0	1.5670141236798854
20	8	2021	9.68	19.83	1.83	1.2768458962617233
21	8	2021	5.93	22.38	2.8	1.5557051870274974
22	8	2021	9.76	15.73	7.39	0.5457134118479824
23	8	2021	7.32	17.02	12.72	1.1007349502556965
24	8	2021	7.16	15.08	0.0	0.9723004597576188
25	8	2021	3.25	20.61	0.0	1.9397602578642243
26	8	2021	7.03	21.81	0.0	1.9208759473742056
27	8	2021	12.23	21.07	0.0	1.3238044286138066
28	8	2021	10.7	24.46	0.0	2.0116023467803066
29	8	2021	7.68	26.46	0.0	2.327346802612964
30	8	2021	9.06	29.8	0.0	2.554847649874022
31	8	2021	11.93	26.2	8.67	1.712820103964411
1	9	2021	8.55	21.61	0.0	1.6717020832934475
2	9	2021	9.44	18.48	0.0	1.1282940889322517
3	9	2021	8.33	21.98	0.0	1.7043641030811916
4	9	2021	5.25	23.31	0.0	1.952383666067809
5	9	2021	7.58	29.7	0.0	2.3834987127200766
6	9	2021	9.75	22.85	1.59	1.6587862701412046
7	9	2021	7.54	23.69	0.0	1.850853213469937
8	9	2021	5.28	26.06	0.0	2.132873401459139
9	9	2021	10.12	28.51	0.0	2.3145872821620492
10	9	2021	8.33	21.92	0.0	1.7116072199880676
11	9	2021	5.68	15.1	0.0	1.0343901523038972
12	9	2021	2.44	19.29	0.0	1.6804931164052903
13	9	2021	6.94	21.58	0.0	1.7275522460388388
14	9	2021	3.94	23.74	0.0	1.9960658789431935
15	9	2021	7.72	18.67	0.0	1.3125134282263184
16	9	2021	3.32	15.41	0.0	1.2254492742926382
17	9	2021	-1.5	19.85	0.0	1.6993197794609305
18	9	2021	11.45	32.93	0.0	2.4837359568492285
19	9	2021	6.53	19.65	0.0	1.4310223281637835
20	9	2021	1.53	18.53	0.0	1.5240539924091083
21	9	2021	2.18	22.46	0.0	1.7892459809170886
22	9	2021	5.99	27.23	0.0	2.0600239654574417
23	9	2021	3.87	16.44	0.0	1.148584199298403
24	9	2021	-1.02	19.77	0.0	1.5774775019698588
25	9	2021	6.98	25.49	0.0	1.8344897776057725
26	9	2021	3.71	25.65	0.0	1.8928651621474668
27	9	2021	8.54	30.08	0.0	2.104024699108304
28	9	2021	6.4	28.15	0.0	1.986680252368576
29	9	2021	6.4	21.18	0.0	1.37369351618164
30	9	2021	2.04	24.77	0.0	1.7790256584745698
1	10	2021	5.68	23.38	0.0	1.5682409101177848
2	10	2021	0.09	21.67	0.0	1.577833897986434
3	10	2021	4.94	23.7	0.0	1.6457266289144843
4	10	2021	1.7	19.33	0.0	1.3732525332762189
5	10	2021	4.99	22.4	0.0	1.5043553176247286
6	10	2021	5.96	26.98	0.0	1.8564328962177292
7	10	2021	2.67	14.4	0.0	0.8645709594766784
8	10	2021	0.26	17.14	0.0	1.2169792769816798
9	10	2021	-1.91	19.91	0.0	1.4401497244344477
10	10	2021	-1.12	18.38	0.0	1.3105330200474223
11	10	2021	-1.97	8.91	0.0	0.5898169295693513
12	10	2021	-7.02	9.14	0.0	0.7887121607048592
13	10	2021	-4.28	6.1	3.6	0.4783237393603847
14	10	2021	-1.75	6.15	2.57	0.3968017408685662
15	10	2021	-3.87	13.86	0.0	0.955817226699062
16	10	2021	-1.24	17.84	0.0	1.145535962539686
17	10	2021	2.65	24.14	0.0	1.470294287604225
18	10	2021	1.02	13.71	0.0	0.741509590871352
19	10	2021	-5.7	7.56	0.0	0.606183854220764
20	10	2021	-7.42	8.49	0.0	0.6817719652043025
21	10	2021	-4.11	9.81	0.0	0.6728057504256854
22	10	2021	-5.66	10.09	0.0	0.7188645741965167
23	10	2021	-1.31	7.41	0.0	0.4569784018004804
24	10	2021	2.48	6.83	0.0	0.2579553453631718
25	10	2021	4.3	9.76	1.33	0.3434854750371049
26	10	2021	1.91	10.91	0.0	0.5276595516121664
27	10	2021	-0.47	12.96	0.0	0.7288765437272562
28	10	2021	-2.43	11.33	0.0	0.6965902019174236
29	10	2021	-0.1	8.77	1.62	0.4817413847435021
30	10	2021	-5.41	5.25	0.0	0.4754555698884757
31	10	2021	-8.81	4.41	0.0	0.5129459559900875
1	11	2021	-10.33	2.58	0.0	0.4654290972037404
2	11	2021	-10.5	7.45	0.0	0.653142027330679
3	11	2021	-8.96	9.62	0.0	0.720553388141534
4	11	2021	-2.99	14.69	0.0	0.8568804757607568
5	11	2021	1.48	14.08	0.0	0.7087168377136448
6	11	2021	-3.62	9.38	0.0	0.6103854345315003
7	11	2021	-6.42	10.23	0.0	0.7024303524175111
8	11	2021	-6.59	9.1	0.0	0.654550498678194
9	11	2021	-10.0	8.51	0.0	0.6717019385030362
10	11	2021	-2.34	4.01	0.84	0.3029030407746679
11	11	2021	-6.81	-1.75	0.0	0.1976742753672764
12	11	2021	-8.38	-3.72	0.0	0.1677394693126168
13	11	2021	-10.07	5.25	0.0	0.5412325425914396
14	11	2021	-6.41	1.62	0.62	0.3287410044699682
15	11	2021	-0.95	5.02	0.76	0.2978312694116107
16	11	2021	-4.45	6.56	5.49	0.4662781546377031
17	11	2021	-12.56	-4.33	0.0	0.2455519873160614
18	11	2021	-15.27	-0.96	0.0	0.3852856751520798
19	11	2021	-11.37	-1.47	0.0	0.3163963705141487
20	11	2021	-11.49	0.42	0.0	0.3813762013996189
21	11	2021	-17.05	-3.29	0.0	0.3325539530577775
22	11	2021	-6.57	4.56	0.0	0.442309177364856
23	11	2021	-10.22	3.31	0.0	0.4588669378886061
24	11	2021	-16.43	-8.96	0.0	0.1741425826346002
25	11	2021	-10.91	1.29	0.0	0.3951081266327136
26	11	2021	-3.63	6.01	0.0	0.424597245274557
27	11	2021	-7.91	2.58	0.0	0.3857998733525978
28	11	2021	-5.42	3.58	0.0	0.3654584971014345
29	11	2021	-4.55	5.34	1.17	0.4169109029301419
30	11	2021	-6.4	4.7	0.0	0.4346023609746569
1	12	2021	-0.11	6.84	0.0	0.3445446757866631
2	12	2021	-4.69	2.27	1.39	0.2884916303412463
3	12	2021	-9.54	-1.49	0.0	0.2693540645785767
4	12	2021	-12.49	-3.55	0.0	0.2595073137028218
5	12	2021	-22.86	-8.91	0.35	0.2358759580704321
6	12	2021	-24.63	-12.87	0.0	0.1727914940690334
7	12	2021	-21.24	-9.81	0.0	0.2080826317507444
8	12	2021	-14.52	2.86	1.0	0.4821772798010482
9	12	2021	-12.82	-1.55	0.0	0.3294185907247212
10	12	2021	-14.78	-3.72	0.0	0.2907268853622219
11	12	2021	-10.14	4.62	0.0	0.4969554024245216
12	12	2021	-9.36	1.33	0.0	0.3660680883443061
13	12	2021	-14.11	-3.73	0.0	0.2801127811826824
14	12	2021	-9.88	-1.74	0.0	0.2679634779855027
15	12	2021	-22.27	-11.55	0.0	0.179189570261508
16	12	2021	-25.18	-17.78	0.3	0.0974623089507129
17	12	2021	-26.29	-18.06	0.89	0.1015478078833462
18	12	2021	-28.48	-10.84	0.0	0.2127831957713689
19	12	2021	-19.23	-10.77	0.0	0.1664052014421986
20	12	2021	-20.61	-11.72	0.0	0.1613731275574502
21	12	2021	-19.15	-7.82	0.0	0.2309399956225507
22	12	2021	-14.3	-7.03	1.68	0.1886644045654391
23	12	2021	-15.48	-3.15	1.12	0.3127632254474384
24	12	2021	-25.5	-14.69	0.21	0.1464085672957709
25	12	2021	-29.64	-22.95	1.55	0.0632303531822161
26	12	2021	-27.55	-24.28	5.85	0.0327030446904969
27	12	2021	-34.69	-26.09	0.25	0.0571367285998678
28	12	2021	-36.85	-27.48	0.0	0.0529869082106924
29	12	2021	-35.04	-26.15	0.0	0.057898068891612
30	12	2021	-37.39	-27.92	0.0	0.0514736251432915
31	12	2021	-35.86	-27.9	0.0	0.0476722623909545
1	1	2022	-35.04	-23.2	0.0	0.0802388298703906
2	1	2022	-25.77	-0.85	0.0	0.3957225187142089
3	1	2022	-17.16	-5.46	4.0	0.2604991145521096
4	1	2022	-23.2	-12.36	1.93	0.1709650890072356
5	1	2022	-32.48	-19.59	0.0	0.1093581189094352
6	1	2022	-35.22	-26.1	0.0	0.0583069232867226
7	1	2022	-23.89	-7.38	1.54	0.2686560072591111
8	1	2022	-24.49	-14.88	0.0	0.1376983345726911
9	1	2022	-29.11	-17.26	0.0	0.1276016694540391
10	1	2022	-21.3	0.16	0.0	0.4325869348158125
11	1	2022	-12.72	3.44	0.0	0.4921720635901623
12	1	2022	-1.42	5.77	0.0	0.3432003014251002
13	1	2022	-5.25	4.57	2.05	0.3935078157221705
14	1	2022	-5.92	1.69	0.0	0.3046986363133481
15	1	2022	-4.18	5.03	0.0	0.4011864219614298
16	1	2022	-4.57	4.76	0.0	0.4016169941244935
17	1	2022	-5.8	4.31	0.97	0.4163515039507295
18	1	2022	-18.8	3.04	0.0	0.5161626037422498
19	1	2022	-26.23	-15.2	0.0	0.1474729849475253
20	1	2022	-22.79	-2.23	2.15	0.3725344113332585
21	1	2022	-8.96	3.02	1.4	0.4390828466581313
22	1	2022	-6.77	5.16	1.34	0.4828448990915862
23	1	2022	-7.84	5.43	0.0	0.5171507015876211
24	1	2022	-9.66	2.58	0.0	0.4398868180068473
25	1	2022	-21.28	-4.22	0.0	0.3442129905552185
26	1	2022	-9.32	2.62	0.0	0.4379618448501374
27	1	2022	-7.39	1.94	0.0	0.3707509891589435
28	1	2022	-11.59	0.98	0.0	0.4188468018076996
29	1	2022	-9.15	2.19	0.0	0.4234915682243193
30	1	2022	-4.21	5.65	0.0	0.455295925507598
31	1	2022	-12.37	3.34	3.47	0.4945934176145064
1	2	2022	-26.42	-18.38	0.0	0.1075771983860825
2	2	2022	-33.13	-24.1	0.0	0.0750320301244489
3	2	2022	-30.95	-20.7	0.0	0.1033443466478073
4	2	2022	-32.56	-9.51	6.51	0.238524447412777
5	2	2022	-16.67	-8.49	0.82	0.2095546182077633
6	2	2022	-17.84	1.29	0.0	0.5022389520080335
7	2	2022	-5.12	5.06	0.0	0.4735012110774939
8	2	2022	-4.48	2.99	0.0	0.356079787665574
9	2	2022	-8.18	2.92	0.15	0.4620230393721464
10	2	2022	-9.24	5.4	0.15	0.5889357853633537
11	2	2022	-17.82	-12.65	0.0	0.1241103320042356
12	2	2022	-16.5	-7.17	0.0	0.2561964652967528
13	2	2022	-15.55	1.9	0.0	0.5311860610142606
14	2	2022	-18.39	-9.72	1.04	0.213186889869133
15	2	2022	-15.05	-6.62	1.77	0.2525047932361893
16	2	2022	-24.72	-15.01	0.0	0.1634025536071441
17	2	2022	-26.74	-4.99	0.0	0.3658592493106173
18	2	2022	-20.21	-7.59	0.0	0.296097817443323
19	2	2022	-17.04	3.4	2.27	0.5661312758705802
20	2	2022	-22.05	-15.32	0.0	0.133462794696402
21	2	2022	-28.36	-19.98	0.0	0.1109880817342342
22	2	2022	-31.16	-20.47	0.0	0.1202023287522644
23	2	2022	-29.91	-18.05	0.0	0.1496908459252655
24	2	2022	-26.95	-16.66	0.0	0.1590097088339513
25	2	2022	-26.4	-8.08	0.0	0.3199243533462195
26	2	2022	-13.73	-2.56	0.0	0.3962263665694363
27	2	2022	-12.07	-7.31	0.0	0.1773959750264195
28	2	2022	-12.38	-7.73	0.0	0.1722790012707323
1	3	2022	-11.02	-6.79	0.0	0.170058959224169
2	3	2022	-17.26	-8.45	0.0	0.2645738667215349
3	3	2022	-18.0	-9.95	4.52	0.2105970037816924
4	3	2022	-11.17	-8.08	2.77	0.1148137703507402
5	3	2022	-17.06	-9.83	0.0	0.2235985726932428
6	3	2022	-18.0	-4.34	0.0	0.4183160837151292
7	3	2022	-15.4	2.02	0.46	0.6399395948097067
8	3	2022	-17.98	-7.86	0.0	0.3115562084989692
9	3	2022	-24.15	-14.67	0.0	0.1982541555690896
10	3	2022	-23.73	-12.37	0.0	0.2490192856811169
11	3	2022	-30.76	-10.28	0.0	0.2976272447240358
12	3	2022	-14.86	3.12	0.0	0.7239740872043476
13	3	2022	-12.54	-3.07	0.0	0.4014548866952637
14	3	2022	-11.18	-0.87	0.0	0.4790015356923001
15	3	2022	-7.13	3.98	0.0	0.6987753971278557
16	3	2022	-4.64	3.91	0.0	0.5805034793838996
17	3	2022	-6.71	5.14	0.0	0.7925247956260291
18	3	2022	-2.31	5.49	0.0	0.6052613241314274
19	3	2022	-4.48	5.76	0.0	0.8012892171555853
20	3	2022	-1.33	4.16	3.76	0.3637602555566905
21	3	2022	-0.44	5.51	0.0	0.499059318288709
22	3	2022	-2.81	7.56	0.0	0.938053937255808
23	3	2022	-1.82	12.91	0.0	1.374238787871493
24	3	2022	-1.04	7.33	1.96	0.8188801042046467
25	3	2022	-7.18	0.56	0.0	0.5352517848530557
26	3	2022	-8.88	-2.58	0.0	0.3604644536399939
27	3	2022	-6.92	7.9	0.0	1.1464333153270356
28	3	2022	-1.62	6.95	0.0	0.9781303427253882
29	3	2022	-5.49	2.29	0.0	0.7180767287791799
30	3	2022	-7.49	9.56	0.0	1.3486578391768205
31	3	2022	-0.63	5.49	1.99	0.7017670210040686
1	4	2022	-4.24	5.28	0.0	0.9623503021353615
2	4	2022	-7.29	7.03	0.0	1.1950923802494673
3	4	2022	-3.14	12.07	0.0	1.5462135313286212
4	4	2022	-1.45	16.43	0.0	1.9047050805715828
5	4	2022	-0.71	9.13	2.79	1.0249873378915613
6	4	2022	-1.53	7.3	0.79	1.092288236726305
7	4	2022	-3.45	11.51	0.0	1.5699019262604117
8	4	2022	-1.49	19.32	0.0	2.0823148417803146
9	4	2022	-0.02	12.87	0.0	1.6673975999527495
10	4	2022	-3.99	6.06	0.0	1.123497110356811
11	4	2022	-8.01	-2.27	0.0	0.443171267474294
12	4	2022	-9.59	-4.86	0.0	0.2861535524716891
13	4	2022	-9.24	-4.01	0.0	0.3637424664484752
14	4	2022	-8.05	-2.25	0.21	0.500400924324202
15	4	2022	-8.89	-1.09	0.0	0.7019682259717724
16	4	2022	-8.55	2.55	0.0	1.046051141930321
17	4	2022	-8.11	4.46	0.0	1.198460949923605
18	4	2022	-7.94	9.61	0.0	1.542608988712617
19	4	2022	-2.21	4.52	1.82	0.929311663601588
20	4	2022	-4.74	2.07	0.68	0.7922725419416585
21	4	2022	-8.64	6.48	0.0	1.3693435322835443
22	4	2022	-2.06	4.17	0.91	0.8970229972233797
23	4	2022	0.57	10.98	1.51	1.6914778020406622
24	4	2022	-2.8	12.03	0.0	1.7722917048014402
25	4	2022	-2.23	11.07	0.0	1.7138926393897862
26	4	2022	-2.24	15.31	0.0	1.9767927896307984
27	4	2022	1.33	16.01	0.0	2.0513692013731104
28	4	2022	0.47	18.26	0.0	2.187756828518043
29	4	2022	0.0	16.85	0.0	2.100989779573397
30	4	2022	0.94	17.97	0.0	2.177114669466709
1	5	2022	0.54	15.58	0.0	2.018263518428594
2	5	2022	-0.44	19.46	0.0	2.2548180554605377
3	5	2022	3.74	20.52	0.0	2.2799004310004025
4	5	2022	0.45	24.64	0.0	2.477335274125829
5	5	2022	8.32	27.81	0.0	2.759849573383574
6	5	2022	9.5	23.04	2.05	2.225591871053802
7	5	2022	4.92	15.12	6.57	1.646315687991048
8	5	2022	2.36	14.74	0.0	1.8955284671792805
9	5	2022	-0.38	16.27	0.0	2.010396460637733
10	5	2022	3.53	14.34	2.63	1.5354221909264885
11	5	2022	-0.77	19.38	0.0	2.196027584803159
12	5	2022	3.18	21.46	0.0	2.359806752269729
13	5	2022	4.75	12.31	11.71	1.035140347973074
14	5	2022	3.31	17.63	0.0	2.0388978608999944
15	5	2022	2.87	20.85	0.0	2.317524404385068
16	5	2022	4.53	20.41	0.0	2.284233983522756
17	5	2022	6.96	19.23	3.18	1.7087440716592346
18	5	2022	7.57	16.68	0.97	1.595496127848821
19	5	2022	1.78	11.3	2.63	1.0254074833715523
20	5	2022	1.42	8.53	0.0	0.872146365165787
21	5	2022	-1.08	15.02	0.0	1.8888828227020853
22	5	2022	0.68	17.21	0.0	2.0618387473298476
23	5	2022	1.79	23.23	0.0	2.4834298554344634
24	5	2022	4.59	25.16	0.0	2.629428567400556
25	5	2022	6.04	25.08	0.0	2.6264854166173275
26	5	2022	5.52	24.3	0.0	2.5751305676915037
27	5	2022	6.75	22.4	0.0	2.4255901058219917
28	5	2022	8.3	23.6	0.0	2.502449483097926
29	5	2022	8.88	21.13	0.0	2.177452759088948
30	5	2022	7.16	17.6	0.0	1.7914068672068624
31	5	2022	3.51	19.14	0.0	2.22495433216705
1	6	2022	2.1	19.75	0.0	2.2831241221442933
2	6	2022	4.47	21.78	0.0	2.427364492195659
3	6	2022	2.3	23.54	0.0	2.543503569339375
4	6	2022	3.97	25.62	0.0	2.693134933536939
5	6	2022	6.65	21.11	0.0	2.357413873490287
6	6	2022	6.66	21.65	0.0	2.3996863185940147
7	6	2022	8.34	22.18	0.0	2.411157922987094
8	6	2022	6.72	25.31	0.0	2.681523292515509
9	6	2022	11.33	24.54	4.2	2.2115359664296914
10	6	2022	10.34	26.42	1.02	2.731342601876457
11	6	2022	8.16	24.56	0.0	2.619314447260398
12	6	2022	8.39	24.42	9.34	2.2764721524335534
13	6	2022	11.16	22.04	7.6	1.6291408127635116
14	6	2022	7.58	19.57	0.0	1.923453974328173
15	6	2022	5.61	16.59	4.91	1.312525484084177
16	6	2022	11.39	20.92	0.0	1.6748098506705285
17	6	2022	10.82	29.68	0.0	2.9466767606200466
18	6	2022	17.94	31.9	0.0	2.764666589498752
19	6	2022	16.05	21.02	2.73	0.5794959288952485
20	6	2022	14.88	20.51	4.91	0.6455217714837942
21	6	2022	11.65	22.64	1.45	1.9286539383474648
22	6	2022	10.97	28.31	4.06	2.2896101000445888
23	6	2022	10.68	25.97	6.79	2.038890619421417
24	6	2022	8.74	18.1	0.0	1.432524790241358
25	6	2022	9.16	21.66	3.91	1.586881539002204
26	6	2022	8.8	24.85	0.0	2.396922688376407
27	6	2022	9.89	22.83	0.0	2.06529039537037
28	6	2022	8.94	23.01	0.2	2.160453906678753
29	6	2022	12.46	24.62	0.0	2.071967719270107
30	6	2022	9.77	23.06	0.0	2.1171411292088513
1	7	2022	7.73	24.34	0.0	2.3971824324528836
2	7	2022	9.75	22.37	0.0	2.0274033307695114
3	7	2022	10.5	23.79	0.0	2.1841899929955937
4	7	2022	12.7	20.26	0.0	1.2886970933578985
5	7	2022	12.22	17.87	2.66	0.6507385571047023
6	7	2022	12.76	24.17	0.0	2.0850431247733767
7	7	2022	12.02	24.29	2.34	1.7339711564481275
8	7	2022	16.57	32.15	2.53	2.3165537158914575
9	7	2022	16.71	29.35	1.53	2.432565577729102
10	7	2022	13.51	24.9	6.79	1.6223000195547734
11	7	2022	10.91	26.98	0.0	2.490873144315607
12	7	2022	10.49	30.5	0.0	2.825302534938456
13	7	2022	16.1	33.42	3.08	2.3484261640136705
14	7	2022	14.73	28.02	0.0	2.2830371947758676
15	7	2022	16.36	33.87	0.0	2.860102382413942
16	7	2022	15.09	35.47	0.0	3.045909311156616
17	7	2022	15.81	30.52	0.0	2.477899383537059
18	7	2022	14.1	29.5	18.22	1.9972503056205224
19	7	2022	15.69	28.66	5.34	1.6250797909163366
20	7	2022	12.54	24.7	0.0	1.7625034358544525
21	7	2022	10.69	28.2	0.0	2.3321183946146213
22	7	2022	11.24	24.62	0.0	1.8693463146711868
23	7	2022	8.62	21.57	0.0	1.6943379382241843
24	7	2022	7.68	28.8	0.0	2.4817521012000148
25	7	2022	13.7	20.74	1.33	0.8925672629296286
26	7	2022	10.27	24.23	0.0	1.869960312919258
27	7	2022	7.71	25.85	0.0	2.1878735072260302
28	7	2022	8.2	28.28	0.0	2.3795941998094334
29	7	2022	13.05	34.24	0.0	2.715623665716396
30	7	2022	15.29	24.45	2.49	1.0126992188402186
31	7	2022	13.42	26.83	3.87	1.4713981134960397
1	8	2022	14.96	26.35	0.0	1.571588303399598
2	8	2022	13.02	23.95	0.0	1.435380734080342
3	8	2022	7.92	25.43	0.0	2.028565693254161
4	8	2022	11.64	34.02	0.0	2.6331295841717357
5	8	2022	8.61	18.12	0.0	1.015209170281172
6	8	2022	4.86	23.41	0.0	1.9497330331436376
7	8	2022	12.3	29.99	0.0	2.233506701324303
8	8	2022	11.02	32.55	0.0	2.517704679972308
9	8	2022	9.44	25.63	0.0	1.9111489757737825
10	8	2022	9.87	26.48	0.0	1.9659906771143976
11	8	2022	15.85	26.45	0.0	1.3635150429281069
12	8	2022	11.59	31.66	0.0	2.456102221982285
13	8	2022	15.94	33.08	3.2	1.9033792088171912
14	8	2022	15.14	30.39	0.0	2.0383824493411593
15	8	2022	11.88	29.89	0.0	2.210425461822024
16	8	2022	13.69	34.5	0.0	2.5619786451359623
17	8	2022	15.84	29.23	0.0	1.8007567002583895
18	8	2022	12.34	29.63	0.0	2.149752351401827
19	8	2022	10.49	29.97	0.0	2.26123268989008
20	8	2022	14.47	32.53	0.0	2.2834553552641745
21	8	2022	12.47	34.72	0.0	2.5639345939254783
22	8	2022	16.0	25.48	0.0	1.1116878356412032
23	8	2022	13.34	27.24	0.0	1.709097931673731
24	8	2022	10.3	27.68	0.0	1.9657105978266352
25	8	2022	10.4	29.19	0.0	2.0927898559530314
26	8	2022	12.46	28.66	4.35	1.5536249210951572
27	8	2022	13.4	31.03	6.76	1.694236850050678
28	8	2022	12.27	21.9	0.0	0.9956436994686738
29	8	2022	8.56	27.64	0.0	1.92487895080664
30	8	2022	10.07	32.37	0.0	2.2492849974857605
31	8	2022	13.08	35.66	0.0	2.3745593829046396
1	9	2022	13.64	31.69	0.0	1.9553875080283432
2	9	2022	5.51	27.16	0.0	1.9199943773706865
3	9	2022	11.69	36.88	0.0	2.4617679400123267
4	9	2022	15.22	35.2	0.0	2.1328398431247813
5	9	2022	12.19	31.08	0.0	1.9104940786405944
6	9	2022	8.46	24.74	0.0	1.4970684964387664
7	9	2022	9.71	35.3	0.0	2.3331660108384473
8	9	2022	6.64	18.95	0.0	1.0326622409173436
9	9	2022	3.19	16.87	0.0	1.0408297344915105
10	9	2022	1.54	23.53	0.0	1.6501245035006364
11	9	2022	8.14	32.93	0.0	2.2063678607466093
12	9	2022	8.87	23.13	0.0	1.3145991944332909
13	9	2022	8.34	15.12	0.96	0.5797575473543932
14	9	2022	7.18	15.9	0.7	0.7235663754928457
15	9	2022	4.89	17.12	0.0	0.9578653538787965
16	9	2022	10.51	20.81	0.0	0.9190339461937984
17	9	2022	7.66	23.01	0.0	1.3667923591861957
18	9	2022	5.18	22.45	0.0	1.453355532835797
19	9	2022	8.13	17.04	4.82	0.6851511019254252
20	9	2022	4.4	13.86	0.0	0.718878674895375
21	9	2022	-0.55	17.26	0.0	1.2374450923139504
22	9	2022	1.74	20.15	0.0	1.4127596289327695
23	9	2022	5.05	20.57	0.0	1.299568493874192
24	9	2022	5.88	21.42	0.0	1.3506127583859693
25	9	2022	1.68	21.91	0.0	1.5312387850233342
26	9	2022	6.48	23.16	0.0	1.449281447662803
27	9	2022	5.84	25.83	0.0	1.6803836038535571
28	9	2022	8.32	30.36	0.0	1.9317359107493464
29	9	2022	7.71	30.2	0.0	1.9183754232908616
30	9	2022	11.26	23.67	0.0	1.1050145307717534
1	10	2022	8.01	20.86	0.0	1.0507196156925096
2	10	2022	5.03	21.07	0.0	1.2501313257325493
3	10	2022	6.66	22.8	0.0	1.3130445262741124
4	10	2022	7.09	26.19	0.0	1.5857273110160257
5	10	2022	2.81	11.73	0.0	0.5996955695500472
6	10	2022	-4.64	10.21	0.0	0.7729196905181472
7	10	2022	-2.41	19.94	0.0	1.3616296266898458
8	10	2022	3.08	23.17	0.0	1.4707482575946866
9	10	2022	3.11	22.5	0.0	1.455737316175194
10	10	2022	2.92	25.34	0.0	1.6402982210593204
11	10	2022	4.44	15.56	0.0	0.7657427472248317
12	10	2022	2.62	11.51	0.0	0.5737198965100747
13	10	2022	-0.07	14.41	0.0	0.9152809904846296
14	10	2022	-2.52	15.81	0.23	1.0767477123940428
15	10	2022	-2.3	9.59	0.0	0.6379281374087484
16	10	2022	-4.08	8.75	0.0	0.6418611706289054
17	10	2022	-2.88	17.36	0.0	1.2986503215014091
18	10	2022	0.67	22.06	0.0	1.6299536963900931
19	10	2022	1.94	21.47	0.0	1.5556700722859105
20	10	2022	3.27	15.54	0.0	0.9919900389159182
21	10	2022	-0.15	11.76	0.0	0.8096234300748737
22	10	2022	-4.56	11.43	2.88	0.7954071421615082
23	10	2022	-0.27	4.35	9.94	0.236399969167982
24	10	2022	-2.25	1.06	0.0	0.1662484987706767
25	10	2022	-2.4	4.06	0.0	0.3235943729616193
26	10	2022	-4.28	7.16	0.0	0.5425261808392439
27	10	2022	0.0	11.38	0.0	0.6291850446664692
28	10	2022	-0.9	10.82	0.0	0.6275403150371175
29	10	2022	-2.3	13.46	0.0	0.8712055627819091
30	10	2022	-1.3	15.37	0.0	0.99675808974305
31	10	2022	-1.01	9.15	0.0	0.5339936891940636
1	11	2022	-0.1	8.33	0.0	0.4553351884025869
2	11	2022	-2.63	1.61	0.66	0.2045439477669767
3	11	2022	-8.04	-1.94	0.0	0.2343871858514279
4	11	2022	-10.02	2.59	0.08	0.4665784775379615
5	11	2022	-5.55	3.16	8.24	0.3593646673086333
6	11	2022	-12.93	-5.61	0.0	0.2200819418310137
7	11	2022	-16.12	-7.03	4.49	0.2260207047379163
8	11	2022	-18.79	-6.25	0.0	0.2904975749416364
9	11	2022	-24.8	-15.35	0.0	0.1446309145113135
10	11	2022	-24.95	-14.79	0.0	0.1544506746981361
11	11	2022	-21.95	-11.15	0.0	0.2006866948429596
12	11	2022	-21.99	-10.69	0.93	0.2094948168080281
13	11	2022	-14.01	-5.69	0.0	0.2402217545997792
14	11	2022	-11.19	-5.25	0.68	0.1948191882289989
15	11	2022	-10.46	-3.73	0.0	0.2298103819410636
16	11	2022	-10.41	-2.32	0.25	0.2802158571939365
17	11	2022	-16.37	-10.11	0.0	0.1549328809884711
18	11	2022	-15.99	-6.49	0.0	0.247196367585871
19	11	2022	-12.85	-4.47	0.0	0.2561177309819014
20	11	2022	-12.08	0.96	0.0	0.4206812367395365
21	11	2022	-11.42	1.94	0.45	0.4435965859503316
22	11	2022	-5.89	2.13	0.0	0.3380419107520814
23	11	2022	-5.35	2.04	0.0	0.3167046259728648
24	11	2022	-7.08	3.62	0.0	0.4254229189646065
25	11	2022	-0.2	7.06	0.0	0.378362455432324
26	11	2022	-3.95	3.16	0.0	0.3198510515848821
27	11	2022	-4.34	3.03	1.65	0.325205801944394
28	11	2022	-10.49	-4.66	3.91	0.1839780170372191
29	11	2022	-16.94	-9.82	0.23	0.1666292954452029
30	11	2022	-21.54	-14.84	0.69	0.1171721493418788
1	12	2022	-24.35	-15.15	0.83	0.1370925668149362
2	12	2022	-30.03	-22.31	0.0	0.0748815229139633
3	12	2022	-24.54	-11.17	0.0	0.2039042171788937
4	12	2022	-14.8	-2.89	0.0	0.3203626958722509
5	12	2022	-25.11	-13.64	0.0	0.1645258607819325
6	12	2022	-33.8	-21.57	0.0	0.0941894121039216
7	12	2022	-34.81	-9.45	0.0	0.2220685456606606
8	12	2022	-15.82	-5.9	0.0	0.2463104177792881
9	12	2022	-11.93	-1.72	0.0	0.3115885992304055
10	12	2022	-17.85	-6.99	0.0	0.2411727199816314
11	12	2022	-10.06	-4.72	1.14	0.1735050142024014
12	12	2022	-12.68	-7.01	2.53	0.1551418943831287
13	12	2022	-16.54	-11.88	0.0	0.1051236053693463
14	12	2022	-18.3	-7.81	0.12	0.2260503029450215
15	12	2022	-17.0	-10.02	0.0	0.1571698147713276
16	12	2022	-20.75	-13.81	0.31	0.1239420965018802
17	12	2022	-20.17	-14.02	0.77	0.1126872799182922
18	12	2022	-26.0	-20.01	0.84	0.0738545331005104
19	12	2022	-30.75	-23.71	1.61	0.0623252136006595
20	12	2022	-35.51	-28.42	0.69	0.0431550461315153
21	12	2022	-33.34	-27.47	0.44	0.0417286722289755
22	12	2022	-32.31	-25.19	0.0	0.0561577313505579
23	12	2022	-35.68	-21.06	0.0	0.0998763944143633
24	12	2022	-22.9	-12.47	4.6	0.1632338218422176
25	12	2022	-16.14	-9.12	0.0	0.1670872504116674
26	12	2022	-15.15	-0.72	0.0	0.3808814046537153
27	12	2022	-11.83	-3.85	7.74	0.2332835819846494
28	12	2022	-16.1	-10.38	2.18	0.1294060931580421
29	12	2022	-14.65	-10.27	0.0	0.1106272036835329
30	12	2022	-17.18	-9.09	0.0	0.1832666258937342
31	12	2022	-19.43	-11.44	0.0	0.1582940649825736
1	1	2023	-19.34	-7.1	0.0	0.2498662136603909
2	1	2023	-15.43	-5.59	0.0	0.2479126573822821
3	1	2023	-15.18	-5.98	0.0	0.2344245039170486
4	1	2023	-18.63	-9.48	0.0	0.1912921109637436
5	1	2023	-18.73	-10.57	0.0	0.1686211717855638
6	1	2023	-17.37	-6.64	0.0	0.2452707261569285
7	1	2023	-13.86	-4.43	0.0	0.2603728249973724
8	1	2023	-14.86	-5.12	0.0	0.2557154621745377
9	1	2023	-14.7	-5.16	0.0	0.2528409743801384
10	1	2023	-16.7	-10.04	0.0	0.1550216885979919
11	1	2023	-15.24	-9.55	0.0	0.1431234793172713
12	1	2023	-14.5	-7.63	0.0	0.182399555994011
13	1	2023	-13.5	-4.47	0.0	0.2575222952308895
14	1	2023	-12.37	-5.76	0.0	0.1983517625314309
15	1	2023	-9.28	-6.96	0.0	0.0797436126712602
16	1	2023	-9.56	-6.72	0.0	0.0962633345341484
17	1	2023	-10.53	-7.65	0.0	0.0936096297054975
18	1	2023	-7.77	-3.1	0.0	0.1770731927180542
19	1	2023	-9.73	-3.73	0.0	0.208897475417594
20	1	2023	-14.38	-4.98	0.0	0.2623968447677501
21	1	2023	-12.79	-1.25	0.0	0.3546493582629191
22	1	2023	-7.24	1.42	0.42	0.3854331863902254
23	1	2023	-13.12	-0.96	0.58	0.4093581252062182
24	1	2023	-10.46	-2.79	0.0	0.2714441954753531
25	1	2023	-8.17	-0.86	2.0	0.273796166461654
26	1	2023	-8.54	3.84	1.05	0.5962781056035084
27	1	2023	-19.76	-4.28	0.0	0.3602688472349747
28	1	2023	-24.59	-18.06	0.0	0.1004297036754019
29	1	2023	-25.86	-18.75	0.0	0.1013235808412607
30	1	2023	-26.45	-17.95	0.0	0.118704874141557
31	1	2023	-23.72	-13.85	0.0	0.1692353102776086
1	2	2023	-24.17	-12.68	0.0	0.1946228205376379
2	2	2023	-28.54	-18.13	0.0	0.129856127279894
3	2	2023	-19.54	-3.26	0.0	0.4240100402989447
4	2	2023	-8.03	-0.69	0.0	0.3717372424937403
5	2	2023	-11.0	1.2	0.0	0.5813568174421295
6	2	2023	-4.97	1.7	0.0	0.4265437590835076
7	2	2023	-5.42	2.66	0.0	0.5523491457079609
8	2	2023	-9.72	-0.54	0.06	0.4871771366957781
9	2	2023	-14.18	-2.86	0.0	0.4528922840852622
10	2	2023	-10.04	4.61	0.0	0.7918455562437455
11	2	2023	-6.89	0.97	0.0	0.5090627081902752
12	2	2023	-7.99	1.19	0.0	0.5822472278452977
13	2	2023	-4.51	3.1	0.0	0.599689838448395
14	2	2023	-17.42	-4.12	0.0	0.4519789345858404
15	2	2023	-17.34	-10.76	0.0	0.1776896089631192
16	2	2023	-20.1	-2.58	0.0	0.512399392237291
17	2	2023	-9.32	-0.69	0.0	0.5101277393963402
18	2	2023	-12.99	-4.65	0.0	0.3705595780962702
19	2	2023	-13.02	-7.53	1.24	0.1906739203844084
20	2	2023	-22.06	-11.61	0.0	0.2425000827674798
21	2	2023	-27.84	-18.22	0.0	0.1381410280313453
22	2	2023	-31.75	-25.59	0.0	0.0634432218603797
23	2	2023	-29.77	-21.85	0.0	0.098393019624913
24	2	2023	-31.31	-19.77	0.0	0.1339891359466815
25	2	2023	-28.71	-12.68	0.0	0.2551731213743242
26	2	2023	-18.83	-4.67	0.0	0.5049085624626273
27	2	2023	-16.43	-7.12	0.0	0.3796668636529818
28	2	2023	-21.79	-11.55	0.0	0.2720053980754044
1	3	2023	-21.14	-6.75	0.0	0.4416858581834184
2	3	2023	-13.53	0.15	0.0	0.7456236697909473
3	3	2023	-11.01	-1.05	0.0	0.6591216576707525
4	3	2023	-15.67	-6.09	0.0	0.4471757006783026
5	3	2023	-21.64	-11.18	0.0	0.3053946999604554
6	3	2023	-25.91	-14.2	0.0	0.2422845945119904
7	3	2023	-17.86	-12.77	0.0	0.1488906367818767
8	3	2023	-19.2	-13.93	0.0	0.1433221670081376
9	3	2023	-19.96	-10.76	0.0	0.3202427091178106
10	3	2023	-14.59	-6.77	2.52	0.3288800902426747
11	3	2023	-13.17	-6.77	2.21	0.2814332647241042
12	3	2023	-19.94	-9.13	0.0	0.4136310775735826
13	3	2023	-17.71	-3.98	0.0	0.6355742139078175
14	3	2023	-11.84	-0.04	0.62	0.8489937302280228
15	3	2023	-16.0	-4.3	0.0	0.6309436089857547
16	3	2023	-15.93	-6.17	0.0	0.5355869775127998
17	3	2023	-21.51	-8.44	0.0	0.4665397633055098
18	3	2023	-19.55	-1.07	0.0	0.758525814170578
19	3	2023	-15.05	-3.44	0.0	0.6973923645318597
20	3	2023	-13.06	-5.85	0.0	0.4955548583909755
21	3	2023	-15.36	-6.85	0.0	0.5034148542989715
22	3	2023	-16.84	-6.91	0.0	0.5358676825885419
23	3	2023	-15.37	1.76	0.0	0.9449876238615476
24	3	2023	-14.73	-4.22	0.0	0.673951381286885
25	3	2023	-19.6	-4.27	0.0	0.6721423034039498
26	3	2023	-14.99	-6.61	0.0	0.5273416182243984
27	3	2023	-19.95	-9.24	0.0	0.4687781013056032
28	3	2023	-22.16	-6.61	0.0	0.5778685605238193
29	3	2023	-18.44	-1.38	0.0	0.8116529976135517
30	3	2023	-12.07	-1.93	0.0	0.8276363917955272
31	3	2023	-14.8	0.47	0.0	0.935544879309171
1	4	2023	-9.72	2.12	0.0	1.0573165769494657
2	4	2023	-8.76	-3.52	2.72	0.4055902230431576
3	4	2023	-14.06	-8.11	1.36	0.4162308564576829
4	4	2023	-19.58	-6.95	0.0	0.6136303801293711
5	4	2023	-22.82	-5.92	0.0	0.6302444132787339
6	4	2023	-20.63	-4.24	0.0	0.714859754298762
7	4	2023	-13.54	1.73	0.0	1.0252019487375703
8	4	2023	-4.58	5.81	0.0	1.277481348017672
9	4	2023	-0.2	7.54	0.0	1.3384813676385643
10	4	2023	2.36	8.84	0.0	1.3754705932448386
11	4	2023	0.63	9.58	0.0	1.484901437693561
12	4	2023	-0.16	9.1	0.0	1.470859079001163
13	4	2023	-2.53	8.23	0.0	1.4440627052103845
14	4	2023	-0.73	9.95	0.0	1.5060913834465797
15	4	2023	-2.36	13.18	0.0	1.7071850711742371
16	4	2023	-1.09	15.84	0.0	1.8724897018841584
17	4	2023	3.08	17.42	0.0	1.9970551845297173
18	4	2023	-0.24	6.93	3.27	1.1049589779182212
19	4	2023	-3.67	0.71	6.55	0.4915578366462861
20	4	2023	-4.27	-1.03	0.07	0.3447379047503782
21	4	2023	-5.14	2.74	0.0	1.039482208537997
22	4	2023	-4.26	7.46	0.0	1.4077868380365155
23	4	2023	-5.17	10.02	0.0	1.554034017220156
24	4	2023	-1.14	11.56	0.0	1.6706661574494626
25	4	2023	2.37	17.56	1.85	2.061758249740039
26	4	2023	1.38	15.58	0.0	1.9350420207535632
27	4	2023	1.61	10.88	0.0	1.6010736838921478
28	4	2023	-0.66	19.01	0.0	2.1317702365242663
29	4	2023	-1.33	16.5	0.0	1.98561991487408
30	4	2023	-2.15	16.74	0.0	1.990540369486093
1	5	2023	-0.15	20.77	0.0	2.246732384487909
2	5	2023	3.44	26.81	0.0	2.636381684112865
3	5	2023	6.04	27.37	0.0	2.7033157927707037
4	5	2023	6.09	27.69	0.0	2.7252225784856563
5	5	2023	4.64	20.22	0.0	2.2491161915934734
6	5	2023	4.44	18.01	0.0	2.095799000232225
7	5	2023	8.02	18.97	0.0	2.1110191027362326
8	5	2023	7.39	20.1	0.0	2.2255669833679277
9	5	2023	3.43	21.33	0.0	2.3416582033503586
10	5	2023	7.28	21.62	0.0	2.341768516582227
11	5	2023	5.5	22.15	0.0	2.3962093463823533
12	5	2023	8.35	19.01	0.0	2.093897934245796
13	5	2023	4.63	24.82	0.0	2.576464243667398
14	5	2023	5.9	26.74	0.0	2.704062627986772
15	5	2023	10.02	28.16	0.0	2.797299130966084
16	5	2023	9.86	31.06	0.0	2.9957437113790077
17	5	2023	6.28	17.47	0.0	2.0127017426635256
18	5	2023	3.78	16.72	0.0	2.0028355043546293
19	5	2023	1.23	26.77	0.0	2.66027888096576
20	5	2023	10.75	26.15	0.0	2.619711593301302
21	5	2023	6.81	25.4	0.0	2.6104230268675814
22	5	2023	12.68	31.43	3.28	2.7432641385928065
23	5	2023	12.13	25.03	2.58	2.2957587753808317
24	5	2023	10.56	21.8	12.57	2.0829964520753204
25	5	2023	12.2	16.23	3.45	0.5027447836220356
26	5	2023	11.02	20.24	0.0	1.9218610126231543
27	5	2023	8.14	18.32	6.09	1.547650606492506
28	5	2023	12.95	21.47	0.0	1.7946008943974956
29	5	2023	10.06	26.74	0.0	2.724229390212239
30	5	2023	10.77	29.2	1.09	2.9061377809386575
31	5	2023	11.56	31.22	0.0	3.048897263820009
1	6	2023	14.06	27.56	0.0	2.709973421224914
2	6	2023	12.81	23.33	0.0	2.2590787721878547
3	6	2023	16.38	26.65	8.44	1.974157434418747
4	6	2023	15.04	30.83	0.0	2.9987372124116787
5	6	2023	17.06	33.37	0.0	3.151751389202926
6	6	2023	15.67	27.4	0.0	2.535254804271157
7	6	2023	12.33	29.28	0.0	2.9334745979260974
8	6	2023	13.17	30.07	0.0	2.982723508046339
9	6	2023	11.26	25.9	0.0	2.681326464761548
10	6	2023	9.83	24.97	0.0	2.637733379558179
11	6	2023	10.59	29.01	0.0	2.938456853786521
12	6	2023	12.52	31.02	0.0	3.06829619203324
13	6	2023	12.82	31.42	0.0	3.0969139419587983
14	6	2023	13.08	30.04	2.52	2.6836385208554394
15	6	2023	9.78	19.06	0.0	1.8097153730646711
16	6	2023	6.84	25.45	0.0	2.717009236499759
17	6	2023	12.11	22.22	0.0	2.102852312207076
18	6	2023	7.91	25.01	17.07	2.350303633380137
19	6	2023	9.78	22.95	0.0	2.2565318664352727
20	6	2023	8.36	22.64	0.0	2.32282702476806
21	6	2023	8.41	20.34	0.0	2.0092599182813378
22	6	2023	7.07	24.13	0.0	2.553739119866864
23	6	2023	8.15	26.69	0.0	2.77048306453735
24	6	2023	9.13	27.36	0.0	2.7911866060144015
25	6	2023	10.98	30.15	4.67	2.50816330702643
26	6	2023	11.64	26.74	0.0	2.525670079141488
27	6	2023	11.22	28.67	0.0	2.7655436421769783
28	6	2023	11.47	25.41	0.0	2.3391748469648306
29	6	2023	10.57	28.1	0.0	2.73323044088517
30	6	2023	13.66	30.55	0.0	2.8630873842301936
1	7	2023	13.91	32.82	0.0	3.0887482969796096
2	7	2023	12.14	22.86	0.0	1.8725740045368369
3	7	2023	10.21	21.18	0.0	1.8268457639180604
4	7	2023	8.47	19.41	0.0	1.7303283687037156
5	7	2023	5.81	24.29	0.0	2.5127947202677148
6	7	2023	8.38	26.8	0.0	2.684036117343417
7	7	2023	8.2	25.36	0.0	2.533598921345469
8	7	2023	8.72	28.14	0.0	2.794774575997485
9	7	2023	11.48	30.81	0.0	2.968883398821471
10	7	2023	9.86	23.7	0.0	2.208837399410447
11	7	2023	9.5	22.52	0.0	2.0747019719061006
12	7	2023	9.82	24.92	0.0	2.383092057886438
13	7	2023	11.43	26.01	0.0	2.42061515313359
14	7	2023	10.88	21.95	0.0	1.8563566836813208
15	7	2023	8.4	24.58	0.0	2.4095334817794845
16	7	2023	7.91	23.67	0.0	2.3265155346043978
17	7	2023	8.63	27.37	5.0	2.2358052184148325
18	7	2023	12.4	19.91	3.97	0.874818930727704
19	7	2023	13.0	24.39	0.0	2.0040249766060123
20	7	2023	10.67	27.39	0.0	2.608312175997956
21	7	2023	11.27	29.22	0.0	2.7655415690304803
22	7	2023	11.58	29.33	0.0	2.755311730227104
23	7	2023	14.03	31.09	0.0	2.8251294159659723
24	7	2023	16.04	35.09	0.0	3.147198378838678
25	7	2023	18.25	33.86	0.0	2.889573127806747
26	7	2023	11.87	26.7	0.0	2.422472564533866
27	7	2023	9.34	21.18	0.0	1.8472691520864908
28	7	2023	8.08	21.78	0.0	2.033555492164513
29	7	2023	5.97	24.12	0.0	2.386137828388169
30	7	2023	8.46	30.26	0.0	2.8714987565411523
31	7	2023	15.44	33.16	0.0	2.9339135166209926
1	8	2023	12.27	32.3	0.0	2.947890635648452
2	8	2023	12.47	31.31	0.0	2.8242453765712288
3	8	2023	13.73	37.01	0.0	3.265903183568309
4	8	2023	13.93	27.75	0.0	2.2635788188086647
5	8	2023	9.52	27.24	0.0	2.4806007736727635
6	8	2023	9.05	27.69	0.0	2.5309473170845003
7	8	2023	9.29	28.38	0.0	2.579291173233643
8	8	2023	9.46	24.63	0.41	2.159024534055675
9	8	2023	11.56	19.81	9.15	0.8772132046024416
10	8	2023	12.21	24.58	4.76	1.437315018920312
11	8	2023	12.28	22.09	0.0	1.3466115314610658
12	8	2023	9.55	23.96	4.63	1.542760255219663
13	8	2023	9.66	26.52	0.0	2.1392326737853056
14	8	2023	12.32	33.83	0.0	2.715813849393841
15	8	2023	14.43	30.48	5.53	1.8313121408174968
16	8	2023	11.58	23.4	0.0	1.505888278727853
17	8	2023	8.5	31.66	0.0	2.54741798774902
18	8	2023	14.04	25.07	0.0	1.4190663600845297
19	8	2023	8.01	20.61	0.0	1.4215338978346763
20	8	2023	3.96	22.26	1.53	1.8341717484233415
21	8	2023	12.63	19.08	15.7	0.6237890598852054
22	8	2023	13.35	17.42	9.27	0.4066973703715823
23	8	2023	13.64	23.41	0.0	1.1576441907119392
24	8	2023	10.46	22.97	0.0	1.4812127174893532
25	8	2023	10.11	21.07	0.0	1.2463552621025318
26	8	2023	9.37	29.86	0.0	2.2922143690399297
27	8	2023	11.25	28.04	0.0	2.017088700707797
28	8	2023	10.54	31.01	0.0	2.3151549084990592
29	8	2023	12.28	32.32	0.0	2.3556786044602616
30	8	2023	14.91	28.32	0.0	1.7270683728327474
31	8	2023	12.51	21.12	4.28	0.8131424710875191
1	9	2023	13.28	27.23	0.0	1.7028869337474482
2	9	2023	12.95	28.63	0.0	1.9577530600224975
3	9	2023	8.18	30.81	0.0	2.3215120735237407
4	9	2023	9.26	20.75	0.0	1.262718103050761
5	9	2023	1.79	17.65	0.0	1.4014977244709088
6	9	2023	8.91	23.86	0.0	1.6466292549497803
7	9	2023	7.61	21.37	0.0	1.44679227860656
8	9	2023	3.3	22.68	0.0	1.7343425570157922
9	9	2023	7.49	24.37	0.0	1.7122190443724288
10	9	2023	6.95	25.02	0.0	1.7720259103342364
11	9	2023	6.68	22.83	0.0	1.5643246152279355
12	9	2023	8.48	29.07	0.0	2.0197340654514817
13	9	2023	10.86	23.24	0.16	1.3072565993874907
14	9	2023	7.31	19.93	0.0	1.2018920230705097
15	9	2023	4.61	22.58	0.0	1.5900933072411234
16	9	2023	6.52	30.47	0.0	2.119661141450091
17	9	2023	7.09	31.39	0.0	2.273252579945471
18	9	2023	9.15	27.02	0.0	1.859391493973964
19	9	2023	5.89	18.92	0.0	1.215811088666324
20	9	2023	5.14	20.44	0.0	1.3934914233333542
21	9	2023	2.7	21.75	0.0	1.5731548903311878
22	9	2023	3.99	23.34	0.0	1.6414224393581602
23	9	2023	9.63	21.39	0.0	1.1057657543996706
24	9	2023	10.56	24.41	0.0	1.4098365976428278
25	9	2023	6.66	26.44	0.0	1.7962078132582655
26	9	2023	12.61	30.0	0.0	1.82598301362129
27	9	2023	10.26	23.71	0.0	1.311932193328747
28	9	2023	5.7	19.92	0.0	1.2155847911436104
29	9	2023	2.32	18.51	1.17	1.2374211517477232
30	9	2023	2.11	10.86	16.0	0.5415471991881733
1	10	2023	7.31	9.73	5.73	0.181357670298364
2	10	2023	6.71	13.94	2.44	0.5123094938234413
3	10	2023	4.91	16.75	0.0	0.8602420530988162
4	10	2023	2.72	14.42	1.12	0.7936216065941107
5	10	2023	-0.83	8.89	0.0	0.5846721109217653
6	10	2023	-4.81	11.83	0.0	0.8654122005744527
7	10	2023	4.25	21.79	0.0	1.199696026780564
8	10	2023	3.23	23.28	0.0	1.3289922429414005
9	10	2023	3.94	22.74	0.0	1.2537463125628483
10	10	2023	3.47	21.26	0.0	1.1720255953926484
11	10	2023	4.68	16.93	0.0	0.8461709124978087
12	10	2023	2.16	10.79	0.0	0.5528700096597473
13	10	2023	-1.92	12.97	0.0	0.8288752612149262
14	10	2023	-0.25	12.86	0.0	0.7682829847784659
15	10	2023	-0.36	16.18	0.0	0.95666058604557
16	10	2023	1.4	18.31	0.0	1.0273531332274273
17	10	2023	7.93	19.94	0.0	0.8825641055493181
18	10	2023	2.78	15.89	0.0	0.8341698026877139
19	10	2023	3.83	21.87	0.0	1.1522260708642085
20	10	2023	3.95	15.42	0.0	0.7494321773076262
21	10	2023	-2.99	11.17	0.0	0.7333865081484784
22	10	2023	1.26	10.83	0.0	0.5731734520337178
23	10	2023	-3.91	2.54	2.44	0.2959073205724983
24	10	2023	-11.46	-4.11	0.0	0.2531043577513828
25	10	2023	-15.7	-5.05	0.0	0.3006821639219991
26	10	2023	-13.05	-4.08	0.0	0.2880303791884377
27	10	2023	-7.98	-2.87	0.41	0.2099197247766416
28	10	2023	-10.81	-2.78	0.42	0.2931688742358687
29	10	2023	-8.97	-0.32	0.0	0.346439417070489
30	10	2023	-13.43	-3.88	0.0	0.3053121387995123
31	10	2023	-13.12	2.26	0.0	0.510280551131826
1	11	2023	-8.75	-0.02	0.0	0.344882254012498
2	11	2023	-6.31	3.92	0.0	0.4517921005526508
3	11	2023	-5.28	1.6	0.0	0.3124318777099213
4	11	2023	-5.27	3.6	1.46	0.4041210504430808
5	11	2023	-0.06	2.34	0.9	0.1309532881031679
6	11	2023	0.81	3.11	0.0	0.1300192526880802
7	11	2023	0.35	3.13	3.66	0.1453619635286513
8	11	2023	-0.62	4.44	0.24	0.2706170781697418
9	11	2023	-5.76	0.4	0.0	0.2679335127745093
10	11	2023	-7.29	3.44	0.0	0.4388055216531173
11	11	2023	-2.48	8.71	0.0	0.5535347913084593
12	11	2023	-2.84	9.16	0.0	0.5818330937570074
13	11	2023	-3.76	9.29	0.0	0.6082462207491928
14	11	2023	-2.15	8.24	0.0	0.5158385062137781
15	11	2023	-5.52	6.61	0.0	0.5252501524440789
16	11	2023	-9.37	3.99	0.0	0.4884729010247539
17	11	2023	-3.6	12.15	0.0	0.7246251538952792
18	11	2023	-2.87	13.83	0.0	0.7842556351802819
19	11	2023	-1.36	12.2	0.0	0.6740993033788012
20	11	2023	-4.22	6.2	0.0	0.4665859955589612
21	11	2023	-9.66	7.37	0.0	0.6068185532117518
22	11	2023	-9.86	-0.91	0.0	0.3087097965985272
23	11	2023	-17.34	-6.53	0.0	0.2526121354465857
24	11	2023	-12.3	1.48	0.0	0.4264328918494282
25	11	2023	-8.68	1.4	0.0	0.3641650908552263
26	11	2023	-14.95	-4.55	0.27	0.2778832779255487
27	11	2023	-8.49	1.26	0.0	0.3577829960097098
28	11	2023	-4.76	6.09	0.0	0.4602132851058797
29	11	2023	-6.03	3.28	0.0	0.3729486554218926
30	11	2023	-9.96	-0.89	0.0	0.3030203896095777
1	12	2023	-14.78	-0.11	0.0	0.3953225857010249
2	12	2023	-12.55	-0.52	0.0	0.3569117855968004
3	12	2023	-14.19	0.17	0.0	0.3959242317920873
4	12	2023	-9.15	0.63	0.0	0.336647748366394
5	12	2023	-9.15	7.5	0.0	0.5859000591437613
6	12	2023	-4.07	6.71	0.0	0.4597608113528056
7	12	2023	-0.3	3.23	1.13	0.1702529528922666
8	12	2023	-6.62	0.27	0.0	0.2589103259878437
9	12	2023	-9.66	-0.96	0.0	0.2861657925961481
10	12	2023	-8.23	1.19	0.0	0.3327206707295175
11	12	2023	-12.16	-1.35	0.0	0.3181706375163496
12	12	2023	-13.92	0.74	0.0	0.4050131448658691
13	12	2023	-6.86	8.25	0.0	0.5771038676990956
14	12	2023	-4.2	6.82	0.0	0.4633323493986579
15	12	2023	-5.24	4.52	0.0	0.3915813641653328
16	12	2023	-4.02	4.33	0.0	0.350886621295743
17	12	2023	-10.3	1.73	0.0	0.3898588716397296
18	12	2023	-11.01	1.82	0.0	0.4038548882927566
19	12	2023	-3.77	-0.74	0.0	0.1260785116788017
20	12	2023	-5.72	5.03	0.0	0.425733364713809
21	12	2023	-7.08	3.16	0.0	0.3823649315221489
22	12	2023	-6.28	9.57	0.0	0.6204368678618861
23	12	2023	-5.74	3.23	0.0	0.3528725223916344
24	12	2023	-12.44	0.24	0.0	0.3726408745612136
25	12	2023	-11.07	3.73	0.0	0.4697061467799829
26	12	2023	-9.59	6.71	0.0	0.5568905590837262
27	12	2023	-8.4	5.8	0.0	0.5071787407966115
28	12	2023	-8.19	9.2	0.0	0.6331252376161094
29	12	2023	-8.78	2.9	0.0	0.4058892134298182
30	12	2023	-13.29	0.59	0.0	0.3937133070693426
31	12	2023	-9.28	3.93	0.0	0.4524491677554326
