Day	Month	Year	Tmin(c)	Tmax(c)	Prcp(mm)	Et0(mm)
1	1	2018	-32.14	-14.27	0.0	0.1696498880849166
2	1	2018	-22.24	-4.74	0.0	0.3201054337422482
3	1	2018	-13.85	-1.58	0.0	0.3443275712856851
4	1	2018	-13.73	-4.61	0.0	0.2518158411117639
5	1	2018	-13.42	-5.15	0.0	0.2306772780242714
6	1	2018	-10.63	2.93	0.0	0.4513977237034191
7	1	2018	-7.91	1.5	0.0	0.3489691017116645
8	1	2018	-9.67	-0.8	0.0	0.3020954606304636
9	1	2018	-10.32	1.43	0.0	0.3961465020245928
10	1	2018	-23.82	-15.63	0.66	0.1230411729581268
11	1	2018	-28.96	-21.88	0.0	0.0726036412512912
12	1	2018	-31.64	-21.06	0.0	0.0947195260835759
13	1	2018	-27.07	-7.11	0.0	0.2829473065311738
14	1	2018	-22.79	-8.66	0.0	0.2470831691061402
15	1	2018	-29.44	-15.74	0.0	0.1528102333014301
16	1	2018	-21.04	-0.97	0.0	0.4153826872225566
17	1	2018	-8.93	3.35	0.0	0.4524067516804855
18	1	2018	-6.59	7.25	0.0	0.5890731538139684
19	1	2018	-4.94	3.92	0.0	0.3861970843023138
20	1	2018	-8.66	1.74	0.0	0.3884338575093459
21	1	2018	-11.97	0.64	0.0	0.4086505161908166
22	1	2018	-10.75	4.52	0.0	0.5524768342383609
23	1	2018	-11.17	1.22	0.0	0.4197604079166556
24	1	2018	-10.63	-0.65	0.0	0.3438684191182753
25	1	2018	-8.42	1.74	0.0	0.3909437334268474
26	1	2018	-12.59	-5.8	0.5	0.2080919351818733
27	1	2018	-18.26	-13.26	0.0	0.108679233298644
28	1	2018	-20.98	-12.85	0.38	0.156474753029278
29	1	2018	-21.91	-2.05	0.0	0.4071642833334712
30	1	2018	-11.75	4.03	0.0	0.590558271218129
31	1	2018	-22.77	-13.18	0.0	0.1703314252538906
1	2	2018	-26.05	-14.57	0.0	0.1688697244313861
2	2	2018	-21.48	-16.72	3.95	0.0822003834612744
3	2	2018	-27.71	-19.62	1.3	0.1025234223264627
4	2	2018	-29.26	-16.35	0.0	0.1570843395095739
5	2	2018	-27.07	-16.24	0.0	0.1506817996402429
6	2	2018	-29.01	-17.39	0.0	0.1429452367800941
7	2	2018	-27.38	-12.84	0.0	0.2085197952254495
8	2	2018	-26.59	-17.03	0.0	0.1371996405913432
9	2	2018	-29.23	-17.48	0.0	0.144549523441784
10	2	2018	-21.57	-10.51	0.0	0.2277232411770532
11	2	2018	-28.11	-15.7	0.0	0.1683233064357285
12	2	2018	-33.18	-13.55	0.0	0.2033778323712212
13	2	2018	-19.62	1.55	0.0	0.6361067767890451
14	2	2018	-13.49	1.2	1.7	0.6519329179789334
15	2	2018	-26.65	-13.43	0.0	0.2048812839712371
16	2	2018	-20.55	-3.87	0.0	0.4566590815946018
17	2	2018	-18.91	-10.81	0.0	0.1984506889079142
18	2	2018	-23.13	-12.79	0.0	0.2004666453729442
19	2	2018	-28.07	-14.0	0.0	0.208302054565794
20	2	2018	-24.0	-12.29	0.0	0.2316253981602543
21	2	2018	-28.53	-10.69	0.0	0.2861054875856718
22	2	2018	-25.01	-9.48	0.0	0.322473317192727
23	2	2018	-19.66	-7.81	0.0	0.3556528422298473
24	2	2018	-16.54	-1.99	0.0	0.5891435147277974
25	2	2018	-16.95	-1.5	0.0	0.6151187009407744
26	2	2018	-14.59	-4.26	0.0	0.4564763941543713
27	2	2018	-14.06	-1.85	0.0	0.59108020268617
28	2	2018	-13.56	0.21	0.0	0.7117265856273405
1	3	2018	-18.51	-1.4	0.0	0.6403660326115538
2	3	2018	-11.92	-4.14	0.0	0.4167961229276704
3	3	2018	-7.9	-4.7	3.32	0.1357315884652176
4	3	2018	-10.73	-5.4	7.72	0.2002699151390627
5	3	2018	-14.02	-8.81	0.0	0.1812722673115332
6	3	2018	-17.81	-7.87	0.0	0.3509328136424585
7	3	2018	-23.63	-5.94	0.0	0.4623913450813363
8	3	2018	-24.09	-8.35	0.0	0.3896233348605368
9	3	2018	-12.01	-0.31	0.0	0.6939386335328644
10	3	2018	-11.47	-1.45	0.0	0.6091804256826462
11	3	2018	-14.06	2.47	0.0	0.877111392228409
12	3	2018	-16.62	-0.69	0.0	0.7184612931574758
13	3	2018	-16.35	2.66	0.0	0.8768096449234191
14	3	2018	-15.94	-0.24	0.0	0.7552632818209132
15	3	2018	-10.23	-2.85	0.0	0.4817704473467731
16	3	2018	-6.27	1.77	0.0	0.7356048463217829
17	3	2018	-4.7	0.92	3.99	0.3810526989706867
18	3	2018	-5.51	1.22	0.8	0.5991141198871057
19	3	2018	-7.8	-0.55	0.0	0.5632559899609504
20	3	2018	-8.85	1.41	0.0	0.8091041934842075
21	3	2018	-10.64	3.11	0.0	0.9738218139166492
22	3	2018	-8.21	0.87	0.0	0.7586684234344795
23	3	2018	-5.02	0.15	4.35	0.3287556295136399
24	3	2018	-9.22	3.0	0.0	0.9770613047028244
25	3	2018	-5.54	2.11	0.0	0.7780970005474067
26	3	2018	-6.85	3.97	0.0	1.043604299534554
27	3	2018	-8.62	5.59	0.0	1.1961011752871908
28	3	2018	-11.38	-1.64	0.78	0.7204076000315113
29	3	2018	-18.21	-5.08	0.88	0.6001608056097106
30	3	2018	-22.24	-12.68	1.14	0.3004742297973825
31	3	2018	-22.45	-10.57	0.0	0.3940592217553824
1	4	2018	-18.87	-5.36	0.0	0.6064474623585346
2	4	2018	-19.6	-5.92	0.0	0.5815335905809679
3	4	2018	-15.99	-3.5	0.0	0.6934586776637977
4	4	2018	-17.58	-2.08	0.0	0.7669261092668334
5	4	2018	-18.18	-8.25	0.0	0.4541660987562297
6	4	2018	-22.88	-9.47	0.0	0.44981916964363
7	4	2018	-20.17	-5.35	0.0	0.6248882091886977
8	4	2018	-11.24	-3.13	0.0	0.6368957204299455
9	4	2018	-7.36	1.37	0.0	0.9153919556503116
10	4	2018	-8.78	6.71	0.0	1.344659836983475
11	4	2018	-2.28	3.4	0.87	0.8239669460481421
12	4	2018	-4.27	-0.54	0.0	0.4078312087321586
13	4	2018	-3.93	0.43	0.0	0.5598965915449617
14	4	2018	-4.06	6.81	0.0	1.412443613868867
15	4	2018	-2.64	9.35	0.0	1.5752362510555054
16	4	2018	-1.31	5.02	4.46	0.8203044239554863
17	4	2018	-2.14	1.24	5.45	0.2544305701210384
18	4	2018	-5.34	8.76	0.0	1.5369502178242125
19	4	2018	-2.16	11.52	0.0	1.729111932149742
20	4	2018	0.05	18.0	0.0	2.1399815107773317
21	4	2018	1.11	19.47	0.0	2.2405427107584
22	4	2018	1.89	13.76	0.0	1.8682702444172097
23	4	2018	-0.98	13.06	0.0	1.8340656655391816
24	4	2018	-1.88	19.15	0.0	2.180364122517887
25	4	2018	3.15	17.26	0.0	2.11457804013565
26	4	2018	-1.08	21.94	0.0	2.270615411603596
27	4	2018	-0.89	15.83	0.0	1.939397341830963
28	4	2018	1.69	25.64	0.0	2.5278900639815207
29	4	2018	6.17	21.04	0.0	2.2885592719365944
30	4	2018	0.63	10.42	0.0	1.4213441526449038
1	5	2018	-3.07	16.11	0.0	1.9403476057348
2	5	2018	1.12	17.41	0.0	2.0619762714733834
3	5	2018	5.07	21.16	0.0	2.317188236549739
4	5	2018	5.04	23.81	0.0	2.496127951700146
5	5	2018	6.5	23.92	0.0	2.506417056801095
6	5	2018	3.97	26.58	0.0	2.6561529973447593
7	5	2018	11.0	25.58	0.0	2.5845450172479554
8	5	2018	8.69	17.49	6.38	1.547879294618946
9	5	2018	3.41	12.73	0.0	1.5240900291965755
10	5	2018	2.68	11.07	2.94	1.060869767423419
11	5	2018	4.58	9.63	2.25	0.530282024063945
12	5	2018	3.56	16.6	0.0	1.9916354460464836
13	5	2018	5.11	25.91	0.0	2.657352153856054
14	5	2018	4.5	23.63	0.0	2.506947390908259
15	5	2018	12.2	31.17	0.0	2.998480974711911
16	5	2018	8.83	28.02	0.0	2.797756693677066
17	5	2018	7.33	15.93	0.0	1.5339616915031946
18	5	2018	4.53	17.08	0.0	1.9838923794629488
19	5	2018	0.89	20.62	0.0	2.29388680169005
20	5	2018	2.35	24.02	0.0	2.525273389458567
21	5	2018	9.8	29.23	0.0	2.8893501690648726
22	5	2018	9.6	26.55	0.0	2.6926209295573345
23	5	2018	8.5	27.93	4.87	2.5653091031108777
24	5	2018	11.06	25.87	3.51	2.2540732822317833
25	5	2018	10.76	27.74	0.0	2.776358621603515
26	5	2018	10.15	29.85	0.0	2.9479618254198305
27	5	2018	10.51	25.22	0.0	2.5848516520585085
28	5	2018	9.58	29.24	0.0	2.9206831955206174
29	5	2018	12.41	28.22	0.0	2.8029695505144097
30	5	2018	10.7	24.37	6.99	2.0656134328162
31	5	2018	7.9	14.39	0.0	0.9830340939892795
1	6	2018	8.44	15.76	10.79	0.9019101878796713
2	6	2018	6.56	18.21	0.0	1.8061575092172693
3	6	2018	7.54	23.81	0.0	2.5689031885711437
4	6	2018	10.3	28.17	2.39	2.4838146323848966
5	6	2018	9.78	20.84	0.0	2.019751760867422
6	6	2018	7.21	26.36	0.0	2.773648396162228
7	6	2018	9.17	26.47	0.0	2.762706160816115
8	6	2018	12.21	24.32	0.0	2.3191721876871254
9	6	2018	12.6	30.03	0.0	2.9819308659739625
10	6	2018	13.19	24.29	0.0	2.1700866018116782
11	6	2018	5.56	18.78	0.0	2.01411828562472
12	6	2018	7.42	21.61	0.0	2.290673520335474
13	6	2018	7.99	25.6	0.0	2.7087848519372653
14	6	2018	9.57	21.91	2.1	1.7772964573880052
15	6	2018	8.22	22.61	0.0	2.3795692288230694
16	6	2018	7.54	20.14	0.0	2.126424823501438
17	6	2018	7.96	24.63	0.0	2.6407188146379124
18	6	2018	7.39	26.23	0.0	2.767962015811665
19	6	2018	11.0	25.15	0.0	2.6130335663159716
20	6	2018	9.25	28.06	0.0	2.8979413569776074
21	6	2018	11.7	28.67	0.0	2.9146800189818256
22	6	2018	13.25	27.22	12.0	2.3335111155827977
23	6	2018	11.79	25.96	16.01	2.1075727796431583
24	6	2018	14.56	25.48	0.0	2.0298930199386973
25	6	2018	13.5	29.12	2.88	2.2083513008509628
26	6	2018	11.89	24.81	0.0	2.2118169385922646
27	6	2018	7.13	25.15	0.0	2.540646303456577
28	6	2018	7.77	25.53	0.0	2.563829724998588
29	6	2018	11.46	21.7	1.69	1.7674415444353415
30	6	2018	11.84	23.92	4.6	1.646678437781382
1	7	2018	10.57	21.26	1.79	1.72162669799392
2	7	2018	8.51	22.64	2.59	1.7014163736480363
3	7	2018	5.78	21.13	10.24	1.6821841608297
4	7	2018	9.46	18.65	6.98	0.9935087648457264
5	7	2018	7.07	24.89	0.0	2.307574477464286
6	7	2018	14.57	33.54	0.0	2.856786255439222
7	7	2018	14.38	30.12	0.0	2.478918020402089
8	7	2018	9.99	25.13	0.0	2.1644556762375986
9	7	2018	9.69	29.06	0.0	2.606221700477828
10	7	2018	12.82	28.8	9.3	1.9439809863364912
11	7	2018	14.15	24.83	0.0	1.603645228366203
12	7	2018	13.26	28.81	0.0	2.300083971517293
13	7	2018	13.01	32.87	0.0	2.7570429022753027
14	7	2018	11.7	21.5	0.0	1.3489547368143735
15	7	2018	8.0	25.88	0.0	2.266779174882701
16	7	2018	6.64	25.77	0.0	2.3196285073356084
17	7	2018	10.55	33.79	0.0	2.9400031640541675
18	7	2018	16.2	31.83	0.0	2.452076320144238
19	7	2018	14.15	27.91	0.0	2.099503795624294
20	7	2018	12.05	29.65	0.0	2.482932924483748
21	7	2018	14.96	27.66	3.91	1.5545250481859387
22	7	2018	10.72	23.07	0.0	1.7075513969211804
23	7	2018	8.85	24.24	0.0	2.017459266443234
24	7	2018	8.24	22.78	2.07	1.5058089893150517
25	7	2018	9.46	21.36	0.0	1.5539813546140302
26	7	2018	5.67	22.71	0.0	1.9853437467251631
27	7	2018	8.33	23.33	0.0	1.9013999192547184
28	7	2018	7.9	26.59	0.0	2.2700172222239323
29	7	2018	8.02	29.38	0.0	2.500581888568775
30	7	2018	10.14	32.05	0.0	2.6515909397651796
31	7	2018	12.07	24.28	0.0	1.6179605613540775
1	8	2018	7.4	28.31	0.0	2.38105585979128
2	8	2018	14.38	30.76	2.87	1.8310100464958616
3	8	2018	13.11	29.52	0.0	2.1615737684767944
4	8	2018	12.54	23.05	2.44	1.05710632870791
5	8	2018	12.76	22.79	3.82	1.018022674531728
6	8	2018	10.21	29.07	0.0	2.248514876698342
7	8	2018	12.45	31.94	0.0	2.439984127300675
8	8	2018	11.32	30.22	0.0	2.317167392619711
9	8	2018	12.29	33.85	0.0	2.6141817799163367
10	8	2018	12.75	39.25	0.0	3.015448215431368
11	8	2018	14.69	38.36	0.0	2.87133283685568
12	8	2018	13.55	24.26	0.0	1.2986710294054729
13	8	2018	8.11	18.04	0.0	1.0069288734038926
14	8	2018	3.43	28.19	0.0	2.311107371791723
15	8	2018	11.69	29.97	0.0	2.186603414481094
16	8	2018	10.24	29.56	0.0	2.2172411186861094
17	8	2018	11.95	33.85	0.0	2.5181632424192593
18	8	2018	10.58	25.27	0.0	1.6879739492713497
19	8	2018	3.44	23.27	0.0	1.8619104609109571
20	8	2018	5.15	22.72	0.0	1.72825874565042
21	8	2018	5.0	26.11	0.0	2.026000434775902
22	8	2018	8.72	29.86	0.0	2.2344291604543107
23	8	2018	8.67	30.8	0.0	2.318338662428707
24	8	2018	8.59	23.52	0.0	1.574642893018473
25	8	2018	7.36	19.7	0.0	1.2034620413781048
26	8	2018	7.73	16.12	5.77	0.6966910164408421
27	8	2018	7.62	14.06	8.74	0.5335603456567801
28	8	2018	7.11	18.13	0.0	1.0040843749508137
29	8	2018	6.32	26.4	0.0	1.9301162857230747
30	8	2018	10.53	22.34	1.55	1.190272201079285
31	8	2018	7.37	19.7	0.0	1.197149325889598
1	9	2018	6.32	21.12	0.0	1.4343460310993257
2	9	2018	3.36	20.55	0.0	1.5238028102292478
3	9	2018	4.04	24.42	0.0	1.8279013525589352
4	9	2018	2.92	15.12	0.0	0.9771650320105516
5	9	2018	-0.52	21.35	0.0	1.6642213284629948
6	9	2018	2.65	24.26	0.0	1.8072826308366008
7	9	2018	7.31	24.82	0.0	1.6738657580380591
8	9	2018	11.54	27.68	0.0	1.6968391010886683
9	9	2018	7.81	22.0	0.0	1.3424439211059611
10	9	2018	3.75	24.06	0.0	1.725961361934884
11	9	2018	6.05	17.25	0.0	0.9391290092225688
12	9	2018	5.14	14.44	2.44	0.6874390155757621
13	9	2018	3.63	12.04	2.96	0.5961323298144372
14	9	2018	2.1	9.38	0.0	0.5421702021118445
15	9	2018	5.09	13.48	7.25	0.6228272121250227
16	9	2018	7.57	10.36	9.28	0.2291907559963051
17	9	2018	4.4	14.59	2.03	0.7444911295023752
18	9	2018	3.94	10.7	0.0	0.5397573682161156
19	9	2018	2.8	14.06	0.0	0.864251313911255
20	9	2018	1.63	9.14	0.0	0.558849751904356
21	9	2018	0.57	9.53	3.51	0.5845613075428701
22	9	2018	-0.16	1.39	7.45	0.1055906826227553
23	9	2018	0.0	4.91	0.45	0.3492988150734886
24	9	2018	0.34	11.83	0.83	0.8194426377077253
25	9	2018	0.97	13.14	0.75	0.8755411721919711
26	9	2018	3.0	16.04	0.0	0.9832980521002198
27	9	2018	-1.65	8.92	0.0	0.6894145957218709
28	9	2018	-3.9	8.43	0.0	0.7345494433796093
29	9	2018	-2.48	7.22	0.0	0.6105078179964533
30	9	2018	-6.93	3.48	1.09	0.5658065605134831
1	10	2018	-2.22	5.82	1.8	0.5080171162334955
2	10	2018	-1.79	1.92	2.58	0.2147567784242503
3	10	2018	-3.8	3.47	0.94	0.4344858978269194
4	10	2018	-6.6	3.93	0.0	0.5558215941862354
5	10	2018	-2.84	6.92	0.0	0.6025177436536308
6	10	2018	-4.22	10.85	0.0	0.8568468558251662
7	10	2018	-2.94	13.0	0.0	0.9511534486309664
8	10	2018	-2.66	3.13	0.0	0.3595507789604953
9	10	2018	-3.13	0.42	0.0	0.2151206463585258
10	10	2018	-6.81	3.71	0.0	0.5444065009047531
11	10	2018	-9.05	5.79	0.0	0.6749427953749698
12	10	2018	-5.31	9.32	4.71	0.7120696949744074
13	10	2018	-5.71	-1.42	0.0	0.2275819900090244
14	10	2018	-9.31	3.08	0.0	0.5510900412270626
15	10	2018	-1.47	12.71	0.0	0.8465562870866891
16	10	2018	-0.62	11.55	0.0	0.7517303966305999
17	10	2018	-2.15	21.15	0.0	1.299062846519138
18	10	2018	3.19	19.16	0.0	1.0616206392684076
19	10	2018	-3.06	12.69	0.0	0.8531715765460277
20	10	2018	-7.09	16.83	0.0	1.0876668665273088
21	10	2018	-1.85	14.64	0.0	0.9138216769510276
22	10	2018	-6.15	10.83	0.0	0.7978310688586384
23	10	2018	-4.13	15.75	0.0	0.9927792272493468
24	10	2018	-2.32	19.03	0.0	1.121655228697368
25	10	2018	-0.17	15.48	0.0	0.8908549424381418
26	10	2018	-1.25	12.75	0.0	0.7683000239903428
27	10	2018	-0.08	12.69	0.0	0.7264116228425151
28	10	2018	-5.64	9.61	0.0	0.7041126796116259
29	10	2018	-0.66	11.06	0.0	0.6465255084026483
30	10	2018	-1.84	7.41	0.0	0.4862983228803676
31	10	2018	-3.21	10.07	0.0	0.6616688790958432
1	11	2018	-3.04	3.76	1.19	0.3338573983316327
2	11	2018	-2.47	-0.3	3.73	0.1026092818793942
3	11	2018	-4.57	0.52	0.0	0.2311396060200239
4	11	2018	-2.37	3.39	2.94	0.2712942248981876
5	11	2018	-8.23	-1.12	0.96	0.2824738819084932
6	11	2018	-12.94	-8.93	0.0	0.1215313216387045
7	11	2018	-12.98	-10.67	0.0	0.0695045456041929
8	11	2018	-18.93	-9.94	0.0	0.2019298016182527
9	11	2018	-22.79	-4.04	2.18	0.3466340508377004
10	11	2018	-9.96	-2.63	0.62	0.2630754516644123
11	11	2018	-11.54	-6.75	0.0	0.1548485365681711
12	11	2018	-16.36	-3.88	0.0	0.3297282056280409
13	11	2018	-8.51	4.57	0.0	0.5104344477392445
14	11	2018	-0.62	6.39	0.0	0.3702264633833665
15	11	2018	-0.82	3.72	0.29	0.2306063432347997
16	11	2018	-16.86	-3.94	0.0	0.3234877888351519
17	11	2018	-19.34	-7.47	0.0	0.2545907732540902
18	11	2018	-10.93	-5.56	1.88	0.1773773267274759
19	11	2018	-11.81	1.73	0.0	0.4481959659015445
20	11	2018	-5.8	3.53	0.0	0.4014324429950594
21	11	2018	-5.67	2.85	0.0	0.3673877711809513
22	11	2018	-1.59	5.53	0.0	0.3551892666131644
23	11	2018	-5.42	3.53	0.0	0.383527229440151
24	11	2018	-7.78	-4.39	0.0	0.1277753255403091
25	11	2018	-8.0	-5.05	0.0	0.109918405513218
26	11	2018	-8.18	-3.89	0.0	0.1600775496096474
27	11	2018	-5.18	0.62	0.0	0.2509968586802814
28	11	2018	-5.75	-1.54	0.0	0.1764666265945564
29	11	2018	-6.3	-0.1	0.0	0.2551065724241451
30	11	2018	-8.79	-1.52	0.0	0.2665546538205027
1	12	2018	-7.43	-4.15	5.38	0.1219259697410003
2	12	2018	-8.25	-3.55	0.0	0.1781445789095002
3	12	2018	-12.7	-4.2	0.0	0.2591987130706405
4	12	2018	-13.81	-6.41	0.84	0.2115977428822019
5	12	2018	-14.09	-6.55	0.5	0.211750603022303
6	12	2018	-15.71	-9.36	0.0	0.1611451333820512
7	12	2018	-19.3	-7.26	0.0	0.2551674329023771
8	12	2018	-17.41	-7.3	0.0	0.23612977036975
9	12	2018	-15.44	-2.03	0.0	0.3545208984380246
10	12	2018	-12.97	1.62	0.0	0.4391005001295862
11	12	2018	-7.89	-0.11	0.0	0.294433375881417
12	12	2018	-5.35	1.03	0.0	0.2700474046821897
13	12	2018	-8.34	2.8	0.0	0.4140165965509413
14	12	2018	-7.38	4.74	0.0	0.4695066306073979
15	12	2018	-3.46	3.96	0.0	0.3385575886826761
16	12	2018	-10.88	-2.84	0.0	0.2623086736799397
17	12	2018	-7.36	4.73	0.0	0.467906428363259
18	12	2018	-3.65	4.33	0.0	0.3606899763782578
19	12	2018	-3.11	2.94	0.0	0.2800705129652023
20	12	2018	-6.82	2.28	0.0	0.3605089063091358
21	12	2018	-4.6	3.2	0.0	0.3399475685005761
22	12	2018	-8.6	-4.8	0.0	0.135995291015166
23	12	2018	-14.8	-4.39	2.46	0.2683767359102589
24	12	2018	-14.09	-6.77	0.52	0.2013817212321726
25	12	2018	-15.41	-8.89	0.0	0.1651007807653996
26	12	2018	-13.16	-6.1	0.0	0.2038184441507105
27	12	2018	-17.41	-8.85	0.38	0.1962775384005365
28	12	2018	-18.78	-5.97	0.0	0.2782750670714007
29	12	2018	-12.35	-2.57	1.19	0.2975864252797785
30	12	2018	-18.49	-6.87	0.78	0.2548864952829102
31	12	2018	-26.02	-16.2	0.0	0.1308603960566855
