Day	Month	Year	Tmin(c)	Tmax(c)	Prcp(mm)	Et0(mm)
1	1	2018	-32.0	-14.24	0.0	0.169686135217119
2	1	2018	-22.13	-4.71	0.0	0.3198354946235499
3	1	2018	-14.22	-1.97	0.0	0.3362295075553074
4	1	2018	-14.13	-5.27	0.0	0.2378286394123061
5	1	2018	-13.64	-5.66	0.0	0.2184269020467966
6	1	2018	-10.89	2.65	0.0	0.4440215786307149
7	1	2018	-7.84	2.17	0.0	0.3723030403869887
8	1	2018	-9.67	-1.29	0.0	0.2833903533706295
9	1	2018	-9.98	1.73	0.0	0.3996184948529857
10	1	2018	-23.62	-14.47	0.56	0.1405600678254043
11	1	2018	-28.92	-21.73	0.0	0.0738656488741934
12	1	2018	-31.51	-20.33	0.0	0.1017762058769028
13	1	2018	-27.44	-7.48	0.0	0.2755291948252555
14	1	2018	-22.56	-8.54	0.0	0.2477814375673005
15	1	2018	-29.36	-15.64	0.0	0.1535233739028441
16	1	2018	-21.5	-0.59	0.0	0.4240594083221954
17	1	2018	-9.51	3.76	0.0	0.4762757895906584
18	1	2018	-6.9	7.57	0.0	0.6220577922378102
19	1	2018	-5.04	4.6	0.0	0.4176869212425146
20	1	2018	-8.6	1.73	0.0	0.3851896543895313
21	1	2018	-12.17	0.26	0.0	0.3971535122825391
22	1	2018	-11.15	4.58	0.0	0.5675022884620994
23	1	2018	-11.14	0.85	0.0	0.404656865352227
24	1	2018	-10.94	-0.92	0.0	0.3389472343602974
25	1	2018	-8.79	1.15	0.0	0.3737262990564804
26	1	2018	-12.25	-5.13	0.44	0.2219884129951319
27	1	2018	-18.88	-13.02	0.0	0.123480620529968
28	1	2018	-21.34	-13.22	0.37	0.151862567453267
29	1	2018	-22.23	-2.37	0.0	0.3998189702094284
30	1	2018	-12.33	4.49	0.0	0.6240288998484289
31	1	2018	-22.58	-12.96	0.0	0.1723013147026278
1	2	2018	-26.11	-14.43	0.0	0.1707977787099249
2	2	2018	-21.61	-16.34	4.04	0.0906151316914875
3	2	2018	-27.78	-19.72	1.58	0.1008296570172966
4	2	2018	-29.27	-16.36	0.0	0.1561609435218461
5	2	2018	-26.95	-15.77	0.0	0.156885573094482
6	2	2018	-28.88	-17.07	0.0	0.1463306248717991
7	2	2018	-27.55	-13.1	0.0	0.2038540999450962
8	2	2018	-26.97	-17.08	0.0	0.138021050410534
9	2	2018	-29.23	-16.58	0.0	0.1567566455949745
10	2	2018	-21.58	-9.98	0.0	0.2422936950431628
11	2	2018	-27.87	-15.14	0.0	0.1753588259675704
12	2	2018	-32.98	-13.1	0.0	0.2090502454147554
13	2	2018	-19.6	1.83	0.0	0.6481371829266199
14	2	2018	-13.24	1.14	1.79	0.6519995064282141
15	2	2018	-26.1	-12.88	0.0	0.2118027547060516
16	2	2018	-20.86	-3.8	0.0	0.4612685286370875
17	2	2018	-18.75	-10.13	0.0	0.2176006821722167
18	2	2018	-22.98	-12.54	0.0	0.2061225362636118
19	2	2018	-27.99	-13.54	0.0	0.2179771692193166
20	2	2018	-23.81	-11.74	0.0	0.2459192758330323
21	2	2018	-28.69	-10.03	0.0	0.3002168976851923
22	2	2018	-25.15	-9.0	0.0	0.3353155999389841
23	2	2018	-19.83	-7.0	0.0	0.3888424722472324
24	2	2018	-16.17	-1.97	0.0	0.5884882245493305
25	2	2018	-16.7	-1.21	0.0	0.6281730839931329
26	2	2018	-14.6	-3.96	0.0	0.4729538438302315
27	2	2018	-14.43	-1.26	0.0	0.6269109534179818
28	2	2018	-13.64	0.68	0.0	0.7365669369504685
1	3	2018	-18.27	-1.36	0.0	0.6436997936288427
2	3	2018	-12.43	-3.81	0.0	0.4520936140198108
3	3	2018	-7.67	-3.97	3.7	0.157972033133431
4	3	2018	-10.32	-4.86	7.88	0.208227551624186
5	3	2018	-13.73	-8.78	0.0	0.1727863652606657
6	3	2018	-17.59	-7.84	0.0	0.3331415548888524
7	3	2018	-23.62	-5.63	0.0	0.4628031075544337
8	3	2018	-24.03	-7.9	0.0	0.3944438871553173
9	3	2018	-12.73	-0.29	0.0	0.6834114300855518
10	3	2018	-11.69	-1.77	0.0	0.5679939786435658
11	3	2018	-14.07	2.27	0.0	0.8482391144246816
12	3	2018	-16.58	-0.42	0.0	0.7152354582082294
13	3	2018	-16.38	2.48	0.0	0.8534856566496634
14	3	2018	-16.0	-0.59	0.0	0.721376526811268
15	3	2018	-10.45	-2.76	0.0	0.4784198441465196
16	3	2018	-6.9	2.01	0.0	0.7632865059526434
17	3	2018	-5.35	1.05	2.95	0.4231398859790776
18	3	2018	-5.25	1.3	0.65	0.5704576054435097
19	3	2018	-7.72	0.18	0.0	0.6216763369584135
20	3	2018	-8.27	2.04	0.0	0.8315578592373026
21	3	2018	-10.54	2.91	0.0	0.9505708602843204
22	3	2018	-8.32	1.17	0.0	0.777695306191586
23	3	2018	-4.95	0.61	3.83	0.3666315855229737
24	3	2018	-9.0	2.85	0.0	0.9573620388020188
25	3	2018	-5.89	1.91	0.0	0.7760990942381772
26	3	2018	-7.42	4.6	0.0	1.104693671686934
27	3	2018	-8.85	5.49	0.0	1.187806826737011
28	3	2018	-11.65	-1.75	0.62	0.7170225950283473
29	3	2018	-18.45	-5.0	0.69	0.6046423377923655
30	3	2018	-22.55	-12.73	0.0	0.3031245698862819
31	3	2018	-22.02	-9.89	0.0	0.4241695649496476
1	4	2018	-18.45	-5.15	0.0	0.6246723902518428
2	4	2018	-19.65	-5.48	0.0	0.609116023487013
3	4	2018	-15.68	-3.2	0.0	0.7191184967745047
4	4	2018	-17.61	-2.15	0.0	0.7733007123459523
5	4	2018	-17.73	-7.63	0.0	0.4890728871687156
6	4	2018	-22.5	-9.31	0.0	0.4612004833912996
7	4	2018	-20.47	-4.85	0.0	0.6522950869361783
8	4	2018	-11.52	-2.84	0.0	0.6892009879314217
9	4	2018	-7.09	1.37	0.0	0.918749918042213
10	4	2018	-9.31	7.19	0.0	1.356213741084317
11	4	2018	-2.69	2.85	0.85	0.8006862879440055
12	4	2018	-3.72	-0.1	0.0	0.4227394161867531
13	4	2018	-3.7	1.04	0.0	0.655237676056045
14	4	2018	-3.64	7.04	0.0	1.4184937313153376
15	4	2018	-2.96	9.52	0.0	1.5794329635217212
16	4	2018	-1.45	5.43	4.05	0.9200868546271762
17	4	2018	-1.79	1.83	5.72	0.3098009284939197
18	4	2018	-5.42	9.12	0.0	1.5545113843174907
19	4	2018	-2.48	11.86	0.0	1.7411231738069708
20	4	2018	-0.21	18.27	0.0	2.144836092335379
21	4	2018	1.01	20.15	0.0	2.271375446977561
22	4	2018	1.92	14.44	0.0	1.908311651482091
23	4	2018	-0.99	13.1	0.0	1.82769298964658
24	4	2018	-1.93	19.81	0.0	2.2087068186245475
25	4	2018	2.94	17.43	0.0	2.0461273271295606
26	4	2018	-1.14	22.22	0.0	2.2796055773690855
27	4	2018	-1.05	16.27	0.0	1.9570786895987824
28	4	2018	1.15	25.94	0.0	2.528390493164613
29	4	2018	6.0	21.7	0.0	2.326166861536078
30	4	2018	0.25	11.08	0.0	1.5396489341463646
1	5	2018	-3.33	16.33	0.0	1.941802583680171
2	5	2018	1.32	17.91	0.0	2.0854873541689285
3	5	2018	5.73	21.66	0.0	2.3383487345187524
4	5	2018	4.8	24.19	0.0	2.509317925110324
5	5	2018	6.19	24.43	0.0	2.5298367104354464
6	5	2018	4.03	27.09	0.0	2.6782665151909195
7	5	2018	11.05	26.39	0.0	2.6323484992981925
8	5	2018	9.14	18.52	6.1	1.7046009453911706
9	5	2018	3.51	13.52	0.0	1.65383899960687
10	5	2018	2.96	11.91	2.81	1.176287476266395
11	5	2018	4.5	10.81	2.55	0.7726483442295419
12	5	2018	3.08	17.55	0.0	2.0759078532158473
13	5	2018	5.42	26.38	0.0	2.676944382776598
14	5	2018	4.52	24.25	0.0	2.5350831933566997
15	5	2018	11.95	31.82	0.0	3.029386129722545
16	5	2018	8.8	28.49	0.0	2.8157446712738468
17	5	2018	7.32	15.7	0.0	1.5045813478387189
18	5	2018	4.47	17.77	0.0	2.055337025864648
19	5	2018	1.08	21.36	0.0	2.3311349918216524
20	5	2018	2.28	24.47	0.0	2.541518062032318
21	5	2018	9.46	29.7	0.0	2.9089199971983186
22	5	2018	10.08	27.3	0.0	2.7272800637557264
23	5	2018	8.57	28.75	4.43	2.6049009925912667
24	5	2018	11.32	26.11	2.71	2.291517859934752
25	5	2018	10.81	28.17	0.0	2.792745793488242
26	5	2018	10.06	30.55	0.0	2.9827254382638384
27	5	2018	10.71	25.93	0.0	2.622663733612932
28	5	2018	9.35	29.86	0.0	2.9500027841436647
29	5	2018	12.63	28.35	0.0	2.790133509065763
30	5	2018	11.25	25.26	7.7	2.1768623334912967
31	5	2018	8.49	15.06	0.0	1.0291822546680514
1	6	2018	9.03	16.3	11.37	0.9201974447989278
2	6	2018	7.28	18.42	0.0	1.7709226105456095
3	6	2018	7.54	24.23	0.0	2.5877532045782927
4	6	2018	9.93	28.61	2.04	2.5568313277688364
5	6	2018	9.74	21.33	0.0	2.1167976506908346
6	6	2018	6.98	27.06	0.0	2.8093890029571043
7	6	2018	9.23	27.01	0.0	2.7892268256293384
8	6	2018	12.63	24.24	0.0	2.2781458376319903
9	6	2018	12.53	30.29	0.0	2.98920986856915
10	6	2018	13.61	25.09	0.0	2.2874686102497304
11	6	2018	6.31	19.03	0.0	2.017195613712573
12	6	2018	7.31	22.29	0.0	2.4027124357422665
13	6	2018	7.65	26.13	0.0	2.7400413005026016
14	6	2018	9.57	22.09	1.99	2.2467025594291172
15	6	2018	8.78	22.82	0.0	2.396041206715692
16	6	2018	7.53	20.72	0.0	2.218590401229615
17	6	2018	8.08	24.84	0.0	2.644662455709922
18	6	2018	7.59	26.93	0.0	2.807273193320182
19	6	2018	10.9	25.68	0.0	2.66828962191372
20	6	2018	9.45	28.71	0.0	2.93332055160369
21	6	2018	11.82	29.07	0.0	2.9327737460490817
22	6	2018	13.65	28.06	0.0	2.8085318826327175
23	6	2018	12.03	26.73	17.24	2.3661585518045314
24	6	2018	14.59	26.27	0.0	2.30008924437011
25	6	2018	13.53	29.26	2.63	2.3461978397380134
26	6	2018	11.75	24.95	0.0	2.363293409162164
27	6	2018	7.12	25.19	0.0	2.6427859457351697
28	6	2018	8.02	25.7	0.0	2.67333457298501
29	6	2018	11.81	22.54	0.0	1.9780009895906872
30	6	2018	12.23	24.09	4.08	1.7428263833445186
1	7	2018	10.93	21.35	1.89	1.801788930826126
2	7	2018	9.06	22.76	2.52	1.7681614060550723
3	7	2018	6.78	21.54	9.9	1.754584271145293
4	7	2018	10.03	19.38	6.51	1.1029921245424226
5	7	2018	7.19	25.13	0.0	2.408616843061994
6	7	2018	14.29	34.02	0.0	3.0261874461096783
7	7	2018	14.3	30.75	0.0	2.6692358877974343
8	7	2018	9.96	25.64	0.0	2.3185194616771216
9	7	2018	9.49	29.3	0.0	2.7235101029694
10	7	2018	12.92	29.0	6.31	2.045538431278275
11	7	2018	14.63	25.32	0.0	1.7253767342007298
12	7	2018	13.37	29.11	0.0	2.4423760835766317
13	7	2018	12.93	33.0	0.0	2.88732209331276
14	7	2018	11.74	21.78	0.0	1.484332419076063
15	7	2018	8.06	25.94	0.0	2.3629779569274665
16	7	2018	6.49	26.15	0.0	2.450222458238086
17	7	2018	10.11	34.16	0.0	3.0879904437310333
18	7	2018	16.2	31.9	0.0	2.6041170390071717
19	7	2018	14.21	28.43	0.0	2.2973186151271316
20	7	2018	11.81	29.45	0.0	2.5963078419103893
21	7	2018	15.09	28.22	0.0	2.1738846806698024
22	7	2018	11.35	23.68	0.0	1.8719855815067687
23	7	2018	9.05	24.13	0.0	2.122414101318293
24	7	2018	8.12	23.26	2.15	1.677494579471431
25	7	2018	9.29	21.63	0.0	1.7332534479921893
26	7	2018	5.85	23.13	0.0	2.134541084808811
27	7	2018	8.0	23.92	0.0	2.1123461064849987
28	7	2018	8.03	27.19	0.0	2.4448353236200737
29	7	2018	8.14	29.56	0.0	2.635217085728366
30	7	2018	10.44	32.07	0.0	2.777417121063534
31	7	2018	11.91	24.47	0.0	1.7946208995034494
1	8	2018	7.34	28.16	0.0	2.4853513010806765
2	8	2018	14.41	30.43	3.1	1.918725934531204
3	8	2018	13.01	29.4	1.91	2.2888040974864796
4	8	2018	12.45	23.17	2.16	1.11520700820227
5	8	2018	12.73	23.02	4.3	1.0530123603013253
6	8	2018	10.3	29.11	0.0	2.346525401572798
7	8	2018	12.52	31.93	0.0	2.5512892431386778
8	8	2018	11.23	30.38	0.0	2.4477500576356026
9	8	2018	12.41	33.89	0.0	2.7322592200814864
10	8	2018	12.78	39.08	0.0	3.125485696790652
11	8	2018	14.81	38.28	0.0	2.994811749630516
12	8	2018	13.5	24.95	0.0	1.5284247667169517
13	8	2018	8.17	18.02	0.0	1.0796919374142124
14	8	2018	3.47	28.05	0.0	2.385570109105424
15	8	2018	11.6	30.2	0.0	2.335717095786785
16	8	2018	10.22	29.58	0.0	2.333856801130318
17	8	2018	11.93	33.76	0.0	2.6322369153695546
18	8	2018	10.74	25.52	0.0	1.8166283862619033
19	8	2018	3.62	23.84	0.0	1.9907464724022328
20	8	2018	5.28	23.16	0.0	1.8555582481222468
21	8	2018	4.98	26.61	0.0	2.1579076744242345
22	8	2018	9.41	30.14	0.0	2.3441316381767057
23	8	2018	8.67	31.19	0.0	2.4590816783033422
24	8	2018	8.46	24.1	0.0	1.7535455408363234
25	8	2018	7.19	19.85	0.0	1.3267848198881058
26	8	2018	7.39	16.57	3.47	0.752890222344934
27	8	2018	7.63	14.46	5.92	0.5643910817238357
28	8	2018	7.29	18.38	0.0	1.0747924293796869
29	8	2018	6.07	26.86	0.0	2.0967448368693633
30	8	2018	10.46	23.04	1.67	1.4158451120407227
31	8	2018	7.25	19.98	0.0	1.3747863068693378
1	9	2018	6.27	21.9	0.0	1.6537438922312993
2	9	2018	3.31	20.47	0.0	1.6379473025430016
3	9	2018	4.3	24.82	0.0	1.9824682259857296
4	9	2018	2.85	15.16	0.0	1.0893108104579083
5	9	2018	-0.54	21.76	0.0	1.7950937656058468
6	9	2018	2.57	24.96	0.0	1.9783722025169856
7	9	2018	6.71	24.72	0.0	1.8302261512731728
8	9	2018	11.34	27.66	0.0	1.867927630982935
9	9	2018	7.85	22.56	0.0	1.5340752776810165
10	9	2018	3.44	24.36	0.0	1.8751029446198968
11	9	2018	5.55	17.66	0.0	1.1134681357579554
12	9	2018	4.86	15.13	1.92	0.8548549364181197
13	9	2018	3.51	12.7	2.89	0.6455107889252963
14	9	2018	2.86	9.44	0.0	0.497198923011568
15	9	2018	5.36	13.92	8.01	0.6364798726430866
16	9	2018	7.33	10.93	8.86	0.2866970840988899
17	9	2018	5.09	14.64	1.4	0.7793306005853678
18	9	2018	3.86	10.69	0.0	0.5380909136116315
19	9	2018	2.4	14.38	0.0	0.8998109962016226
20	9	2018	1.84	9.61	0.0	0.5763910336937371
21	9	2018	0.45	9.82	3.72	0.602807168943634
22	9	2018	0.02	2.04	7.88	0.1322863572048531
23	9	2018	-0.01	4.99	0.33	0.3505911570332436
24	9	2018	0.6	12.03	0.63	0.816160260738167
25	9	2018	1.35	13.26	0.78	0.8628074866130889
26	9	2018	2.86	16.34	0.0	1.036583223707651
27	9	2018	-1.98	9.18	0.0	0.7123501441381168
28	9	2018	-4.07	8.57	0.0	0.7424785611395639
29	9	2018	-2.69	7.57	0.0	0.6346608254316943
30	9	2018	-6.98	4.2	1.06	0.6004134803873427
1	10	2018	-1.88	6.11	1.98	0.5059758030768747
2	10	2018	-1.35	2.55	2.68	0.2275731195457761
3	10	2018	-2.97	4.52	1.01	0.457892105836061
4	10	2018	-6.54	4.84	0.0	0.5959957798833777
5	10	2018	-2.95	7.02	0.0	0.6070278563698455
6	10	2018	-4.33	11.52	0.0	0.9258840911783772
7	10	2018	-2.99	13.01	0.0	0.9821089779512264
8	10	2018	-2.59	3.54	0.0	0.3770818532023818
9	10	2018	-2.87	1.25	0.0	0.250354506475552
10	10	2018	-6.73	4.48	0.0	0.5758422437432522
11	10	2018	-9.19	6.02	0.0	0.6833499975280084
12	10	2018	-5.56	8.93	5.21	0.696354359870517
13	10	2018	-4.94	-0.62	0.0	0.2351375751975169
14	10	2018	-8.64	3.66	0.0	0.5611205884653883
15	10	2018	-1.4	13.31	0.0	0.8822946887679061
16	10	2018	-0.56	11.02	0.0	0.7166283009334441
17	10	2018	-2.08	21.65	0.0	1.3437314614176343
18	10	2018	3.03	19.76	0.0	1.1286705262229335
19	10	2018	-3.15	13.14	0.0	0.8742379437218524
20	10	2018	-7.65	16.57	0.0	1.0787684858914537
21	10	2018	-1.82	15.1	0.0	0.93380211110405
22	10	2018	-6.12	11.26	0.0	0.8142586238633968
23	10	2018	-4.67	16.23	0.0	1.01951583423813
24	10	2018	-2.48	18.85	0.0	1.1116207626387673
25	10	2018	-0.54	15.81	0.0	0.914391037851712
26	10	2018	-1.55	13.25	0.0	0.7990721894429799
27	10	2018	-0.26	12.98	0.0	0.7440642925686117
28	10	2018	-5.61	10.1	0.0	0.7231637964116058
29	10	2018	-0.44	11.25	0.0	0.6462959353078616
30	10	2018	-1.99	7.36	0.0	0.4857016782369401
31	10	2018	-3.04	10.29	0.0	0.6654095193860511
1	11	2018	-2.95	4.68	1.17	0.3742375361710705
2	11	2018	-2.15	0.42	3.32	0.122148579967705
3	11	2018	-4.62	1.05	0.0	0.2560361850044439
4	11	2018	-2.19	3.95	3.06	0.2902244013848662
5	11	2018	-7.83	-0.11	0.98	0.3113641271647204
6	11	2018	-12.52	-8.63	0.0	0.1199197504472578
7	11	2018	-12.29	-10.04	0.0	0.0698451091273423
8	11	2018	-18.29	-9.55	0.0	0.2020330914106519
9	11	2018	-22.91	-4.41	2.1	0.3380018928215338
10	11	2018	-10.29	-2.66	0.6	0.2679876267330844
11	11	2018	-11.46	-6.6	0.0	0.1571255043598884
12	11	2018	-15.75	-4.36	0.0	0.3072966402547784
13	11	2018	-8.28	4.82	0.0	0.5144566643585201
14	11	2018	-1.15	6.28	0.0	0.3830720159782797
15	11	2018	-1.04	3.61	0.6	0.2332239600172427
16	11	2018	-16.47	-3.96	0.0	0.3181229797494727
17	11	2018	-18.98	-6.8	0.0	0.2669752411488357
18	11	2018	-10.85	-5.76	1.52	0.167276916674417
19	11	2018	-12.42	1.61	0.0	0.4504145811425966
20	11	2018	-5.88	3.42	0.0	0.3971005073526508
21	11	2018	-5.61	2.9	0.0	0.3667348255445969
22	11	2018	-2.14	6.04	0.0	0.3981177746874506
23	11	2018	-5.25	3.49	0.0	0.3761971061300631
24	11	2018	-7.26	-4.2	0.0	0.1172360625790655
25	11	2018	-7.69	-4.62	0.0	0.1155212976177243
26	11	2018	-7.68	-3.52	0.0	0.1580058766117974
27	11	2018	-5.08	0.51	0.0	0.2421207459421706
28	11	2018	-5.58	-1.37	0.0	0.1774069499657112
29	11	2018	-6.26	0.19	0.0	0.2648101092797122
30	11	2018	-8.6	-2.1	0.0	0.2396432052989668
1	12	2018	-7.1	-4.23	4.5	0.1079146943729273
2	12	2018	-7.82	-3.45	0.0	0.1682174307702157
3	12	2018	-12.7	-4.35	0.0	0.2544121643653566
4	12	2018	-13.75	-6.05	0.68	0.2205343122223786
5	12	2018	-14.06	-5.96	0.3	0.227829259603138
6	12	2018	-15.04	-8.56	0.0	0.170627092942719
7	12	2018	-19.18	-6.87	0.0	0.2627374359028866
8	12	2018	-17.53	-7.48	0.0	0.2326247631132424
9	12	2018	-15.32	-2.2	0.0	0.3483259804277916
10	12	2018	-13.24	1.87	0.0	0.4487775536384729
11	12	2018	-7.94	0.65	0.0	0.324049202823673
12	12	2018	-5.19	1.18	0.0	0.270785554176885
13	12	2018	-8.69	2.98	0.0	0.4260338221384042
14	12	2018	-7.56	5.19	0.0	0.4886955887820637
15	12	2018	-3.05	4.65	0.0	0.3561577045776617
16	12	2018	-10.75	-2.7	0.0	0.2638722290888429
17	12	2018	-7.57	5.13	0.0	0.4857578353111774
18	12	2018	-3.9	4.96	0.0	0.3950374565030332
19	12	2018	-3.16	3.21	0.0	0.2928743629455142
20	12	2018	-7.04	2.83	0.0	0.385833787601777
21	12	2018	-4.57	3.69	0.0	0.3591874666954577
22	12	2018	-8.12	-4.21	0.0	0.1427713587406712
23	12	2018	-14.84	-4.37	2.37	0.268932283622258
24	12	2018	-14.43	-6.97	0.81	0.2004630078457448
25	12	2018	-15.69	-8.79	0.0	0.1719782654593157
26	12	2018	-13.69	-6.4	0.0	0.2036907913951847
27	12	2018	-18.35	-8.4	0.45	0.2168660312951302
28	12	2018	-19.7	-5.46	0.0	0.2952348404298904
29	12	2018	-12.68	-2.73	1.26	0.2965529343053485
30	12	2018	-17.78	-7.6	0.72	0.2296095038592712
31	12	2018	-26.75	-15.91	0.0	0.1384519990038183
1	1	2019	-24.8	-2.17	0.0	0.3746113200596907
2	1	2019	-10.48	4.16	0.0	0.4921718748010932
3	1	2019	-4.94	4.07	0.0	0.3803020655299574
4	1	2019	-7.23	4.04	0.0	0.4349630897263698
5	1	2019	-6.32	-2.13	0.0	0.1625326572272152
6	1	2019	-5.69	2.11	0.0	0.3185634740586717
7	1	2019	-12.3	-1.52	0.6	0.3284974736250906
8	1	2019	-19.6	-13.83	0.0	0.1105815806743041
9	1	2019	-21.04	-7.91	0.0	0.2512833154774377
10	1	2019	-14.45	-5.38	0.0	0.2458036404546928
11	1	2019	-17.02	-8.67	0.0	0.1949864365470115
12	1	2019	-13.33	1.34	0.0	0.4389538471368134
13	1	2019	-11.85	-0.08	0.0	0.3747474082175547
14	1	2019	-11.42	0.0	0.0	0.3719499749864546
15	1	2019	-15.11	-3.83	0.0	0.304204993361173
16	1	2019	-16.1	-11.65	0.59	0.1064411303682211
17	1	2019	-22.69	-14.77	0.0	0.1318139719134784
18	1	2019	-25.09	-16.79	0.0	0.118425665424534
19	1	2019	-19.93	-14.28	4.57	0.1046353982209193
20	1	2019	-18.06	-10.48	0.0	0.1700494647388995
21	1	2019	-17.27	-5.7	0.0	0.2836219404843658
22	1	2019	-14.55	-2.08	0.0	0.3577999196558818
23	1	2019	-20.75	-4.36	0.0	0.3428008647526321
24	1	2019	-28.26	-8.41	0.0	0.268700240218386
25	1	2019	-19.82	-3.53	0.0	0.362002187126734
26	1	2019	-11.5	-0.46	1.39	0.3739741915008645
27	1	2019	-8.13	4.02	1.57	0.4858079245582744
28	1	2019	-21.19	-9.26	0.0	0.2389959613032286
29	1	2019	-28.15	-19.94	0.0	0.098758892075404
30	1	2019	-22.92	-11.21	0.36	0.2121510187392813
31	1	2019	-14.66	-0.59	0.0	0.4219675520467011
1	2	2019	-17.72	-7.27	0.0	0.2613297404663863
2	2	2019	-21.64	-14.31	0.0	0.1403422093851586
3	2	2019	-25.28	-21.46	1.1	0.0544749139222349
4	2	2019	-26.47	-21.98	3.27	0.0559134131962981
5	2	2019	-31.55	-21.91	0.0	0.0964636188180144
6	2	2019	-34.28	-25.85	0.0	0.0672558468624976
7	2	2019	-37.99	-25.01	0.0	0.082611771672849
8	2	2019	-38.07	-24.92	0.0	0.0838866395187408
9	2	2019	-33.85	-23.76	0.0	0.0867856009196104
10	2	2019	-31.51	-20.81	0.0	0.1116949869129812
11	2	2019	-28.94	-17.37	1.69	0.1488429321241516
12	2	2019	-32.07	-19.46	0.5	0.131130681541222
13	2	2019	-27.75	-20.05	0.0	0.1042125204194185
14	2	2019	-33.01	-20.42	0.0	0.1234525775227128
15	2	2019	-33.55	-17.07	1.98	0.1632101420102992
16	2	2019	-20.99	-14.19	3.93	0.1351881540588949
17	2	2019	-21.31	-14.79	1.0	0.1379727797021083
18	2	2019	-26.7	-18.23	0.0	0.1282690660851047
19	2	2019	-28.1	-10.92	0.0	0.2590635124809241
20	2	2019	-24.22	-9.46	0.89	0.2836376799367849
21	2	2019	-24.22	-12.96	0.0	0.2116928902818851
22	2	2019	-27.06	-10.56	0.0	0.2701637879629711
23	2	2019	-22.94	-13.43	0.0	0.1947942380277358
24	2	2019	-31.47	-19.99	0.0	0.1328683136450047
25	2	2019	-34.46	-19.53	0.0	0.1440395702164884
26	2	2019	-28.59	-16.89	0.0	0.1698512623113799
27	2	2019	-22.76	-9.31	0.0	0.3275070404453548
28	2	2019	-18.56	-8.48	0.0	0.3189198441459247
1	3	2019	-26.49	-15.83	0.0	0.1810790677945334
2	3	2019	-32.86	-21.97	0.0	0.1171278970494244
3	3	2019	-26.78	-16.96	0.0	0.1646292735787082
4	3	2019	-23.37	-11.52	0.0	0.2799617811896311
5	3	2019	-18.88	-8.98	0.0	0.3241178345098101
6	3	2019	-25.84	-13.66	0.0	0.2368780158117637
7	3	2019	-23.92	-7.92	0.0	0.4015506331930941
8	3	2019	-16.2	-3.68	0.0	0.5524031185616606
9	3	2019	-15.61	-4.88	0.0	0.4881837555343337
10	3	2019	-21.39	-6.61	0.0	0.4606383609259061
11	3	2019	-17.38	1.02	0.0	0.78302641654987
12	3	2019	-3.57	3.35	0.0	0.6884996180326445
13	3	2019	-5.09	2.24	0.0	0.6936420310510379
14	3	2019	-9.17	1.42	0.0	0.8188826643957648
15	3	2019	-11.69	2.55	0.0	0.9362598834361294
16	3	2019	-8.53	3.86	0.0	1.013696099824575
17	3	2019	-10.24	4.35	0.0	1.0654104678819616
18	3	2019	-3.66	5.2	0.0	1.0070867474627665
19	3	2019	-3.97	10.01	0.0	1.4255464628606145
20	3	2019	-2.26	13.62	0.0	1.6319803451068389
21	3	2019	-2.06	12.14	0.0	1.559953795469273
22	3	2019	-1.96	13.69	0.0	1.6513433807372415
23	3	2019	-2.63	14.02	0.0	1.6674631102724142
24	3	2019	-4.57	4.36	0.0	1.0093563181961551
25	3	2019	-6.6	3.99	0.0	1.087670615621794
26	3	2019	-1.13	17.23	0.0	1.8741869131036744
27	3	2019	-0.9	6.94	0.0	1.161504637063845
28	3	2019	-5.68	7.05	0.0	1.3023805831045416
29	3	2019	-5.42	4.89	0.0	1.1788196424220236
30	3	2019	-7.14	13.64	0.0	1.6246151919391405
31	3	2019	-4.67	5.49	0.0	1.2199015823579984
1	4	2019	-3.74	8.7	0.71	1.4137885748234813
2	4	2019	-6.24	5.39	0.0	1.2265728577045831
3	4	2019	-8.82	12.05	0.0	1.5393071609936195
4	4	2019	-0.39	15.61	0.0	1.843815499016579
5	4	2019	-2.57	8.84	0.0	1.427370036913758
6	4	2019	1.34	11.24	1.43	1.556974655445838
7	4	2019	0.69	16.88	0.0	1.9454978788491912
8	4	2019	-2.62	16.8	0.0	1.911287383416498
9	4	2019	-4.79	10.54	0.0	1.54466495603323
10	4	2019	-5.42	8.27	0.0	1.4182024509704587
11	4	2019	-8.16	7.79	0.0	1.374682838840138
12	4	2019	-9.34	9.89	0.0	1.4654462375836972
13	4	2019	-5.76	14.98	0.0	1.7870815103294664
14	4	2019	3.61	16.42	0.0	1.921599644259624
15	4	2019	-1.1	14.38	0.0	1.808410601924523
16	4	2019	-5.26	13.93	0.0	1.7513534400416468
17	4	2019	0.13	14.23	0.0	1.799872547543636
18	4	2019	-1.04	17.41	0.0	1.9413247555920463
19	4	2019	5.19	22.31	0.0	2.274199174072679
20	4	2019	5.02	17.44	0.0	1.9382178405602248
21	4	2019	-1.32	15.03	0.0	1.81296677677364
22	4	2019	-1.86	20.77	0.0	2.141279031704279
23	4	2019	6.56	21.25	0.0	2.2079797319036056
24	4	2019	1.37	17.74	0.0	1.9962901279044256
25	4	2019	-1.79	12.71	0.0	1.676411323599457
26	4	2019	-3.74	11.78	0.0	1.6160161014174443
27	4	2019	-1.41	10.81	5.66	1.4415553648512236
28	4	2019	-4.64	2.47	3.87	0.7011102752781376
29	4	2019	-10.24	5.43	0.0	1.234976803735691
30	4	2019	-3.87	8.98	1.25	1.4578231817353229
1	5	2019	-5.63	10.3	0.0	1.539943030056962
2	5	2019	-2.73	13.28	0.0	1.735717300823344
3	5	2019	-5.45	13.21	0.0	1.7173247305333033
4	5	2019	-2.89	8.36	0.0	1.4207080795838596
5	5	2019	-7.15	7.32	0.0	1.3711696401959774
6	5	2019	-7.64	12.09	0.0	1.6348530465855855
7	5	2019	-0.68	15.85	0.0	1.9233185008815097
8	5	2019	-4.14	12.59	0.0	1.7077951465692014
9	5	2019	-0.22	14.24	0.0	1.821796456883363
10	5	2019	2.14	18.2	2.81	1.9248920942245833
11	5	2019	1.63	15.3	0.0	1.891302172388297
12	5	2019	1.65	24.85	0.0	2.5304486120184264
13	5	2019	3.75	20.94	0.0	2.297474213430333
14	5	2019	2.07	22.8	0.0	2.4168925304418436
15	5	2019	6.26	22.49	0.0	2.3961811327523397
16	5	2019	-0.49	15.3	0.0	1.917951847105024
17	5	2019	0.4	15.68	0.0	1.9440255208977768
18	5	2019	0.75	13.59	0.0	1.7925559217505884
19	5	2019	-3.41	15.65	0.0	1.9395576315059504
20	5	2019	-1.52	18.91	0.0	2.1604770614831983
21	5	2019	1.56	19.98	0.0	2.2533997398861905
22	5	2019	3.32	23.22	0.0	2.4833721870390613
23	5	2019	2.62	23.81	0.0	2.517998387631458
24	5	2019	3.79	22.06	0.0	2.405017447914366
25	5	2019	4.73	17.79	2.75	1.907873509806221
26	5	2019	2.0	18.34	0.0	2.148137558999815
27	5	2019	0.44	20.55	0.0	2.2965345762506653
28	5	2019	4.59	26.78	0.0	2.7277865510323815
29	5	2019	9.44	29.9	0.0	2.9397361632931274
30	5	2019	10.77	32.33	0.0	3.0987014524980485
31	5	2019	5.67	20.85	0.0	2.289981187170314
1	6	2019	5.66	25.24	0.0	2.625148783842325
2	6	2019	10.52	32.52	0.0	3.118576770003551
3	6	2019	10.01	34.44	0.0	3.2410172058956457
4	6	2019	12.33	25.32	0.0	2.498623728636768
5	6	2019	10.53	25.32	0.0	2.561550068986009
6	6	2019	12.06	27.7	0.0	2.7292102374777727
7	6	2019	9.29	22.46	0.0	2.3494159821562466
8	6	2019	3.72	17.0	0.0	2.0145197816257365
9	6	2019	3.76	20.43	0.0	2.2890930299650645
10	6	2019	3.26	23.92	0.0	2.542221478346036
11	6	2019	7.34	21.97	2.05	2.173439707077827
12	6	2019	6.02	24.8	1.58	2.607597137699907
13	6	2019	8.12	30.17	2.43	2.719763444577083
14	6	2019	12.17	24.02	4.09	2.2282763986574174
15	6	2019	10.27	19.28	3.53	1.808770318522738
16	6	2019	8.53	17.81	2.39	1.6623719574781155
17	6	2019	5.99	22.01	0.0	2.404496846858015
18	6	2019	8.38	26.5	0.0	2.7301174469667493
19	6	2019	10.44	21.96	27.99	2.10397518112681
20	6	2019	8.06	15.16	6.73	0.7925635891391914
21	6	2019	7.07	15.06	27.17	0.8718879062758152
22	6	2019	10.09	15.49	10.32	0.5559206662236867
23	6	2019	9.96	22.25	2.04	1.4030466640436865
24	6	2019	9.36	20.88	0.0	1.61371844753
25	6	2019	8.83	22.64	0.0	1.92990796540323
26	6	2019	8.05	24.16	0.0	2.1842843460533485
27	6	2019	12.35	25.37	13.96	1.6045089798267709
28	6	2019	13.65	23.93	4.87	1.18641623547959
29	6	2019	13.94	24.93	0.0	1.6758443402415808
30	6	2019	9.96	22.58	0.0	1.7729957034758397
1	7	2019	8.99	27.14	3.54	1.968212112713502
2	7	2019	6.14	19.69	0.0	1.7088630144855357
3	7	2019	8.22	20.46	0.0	1.66047487667674
4	7	2019	8.95	21.31	0.0	1.7114670168329322
5	7	2019	11.14	21.35	0.0	1.478983798471378
6	7	2019	11.57	25.61	0.0	2.0860509484776335
7	7	2019	13.82	27.98	0.0	2.2004897293761645
8	7	2019	14.0	24.34	0.0	1.614264691876541
9	7	2019	11.8	22.28	0.0	1.569467855763637
10	7	2019	9.09	25.84	0.0	2.279312806256589
11	7	2019	14.07	25.57	0.0	1.837496690787984
12	7	2019	10.48	24.17	0.0	2.003883839586548
13	7	2019	11.45	29.81	5.94	2.10535082563569
14	7	2019	14.04	28.44	13.09	1.771022152495756
15	7	2019	12.95	25.34	0.0	1.8169932611489583
16	7	2019	11.56	21.52	10.24	1.1042404909945864
17	7	2019	11.56	23.4	5.22	1.2921317461036894
18	7	2019	11.38	25.62	2.19	1.5396852503331666
19	7	2019	9.24	19.53	0.0	1.289947507088603
20	7	2019	9.31	22.45	0.0	1.6755405992189738
21	7	2019	10.18	24.81	0.0	1.8779700326808435
22	7	2019	9.68	27.63	0.0	2.184932459790801
23	7	2019	13.61	29.73	0.0	2.151749599558616
24	7	2019	15.43	31.07	3.37	1.7272993294149277
25	7	2019	10.61	23.21	0.43	1.567303555804883
26	7	2019	12.53	26.06	0.0	1.7571370936892623
27	7	2019	12.29	32.95	0.0	2.509504822494099
28	7	2019	9.08	22.84	0.0	1.651839242885074
29	7	2019	5.2	25.25	0.0	2.0833725384928696
30	7	2019	11.58	29.99	0.0	2.2439054513714707
31	7	2019	12.45	28.17	0.0	1.9867232824099248
1	8	2019	14.18	33.48	0.0	2.415731845547678
2	8	2019	15.74	34.78	0.0	2.428503600429627
3	8	2019	15.93	30.88	0.0	1.957636546250331
4	8	2019	10.65	26.51	0.0	1.8632887343899125
5	8	2019	10.13	29.04	0.0	2.143965938994007
6	8	2019	10.98	24.17	0.0	1.5250453602526115
7	8	2019	6.39	22.13	0.0	1.6275240592294866
8	8	2019	6.31	25.99	0.0	1.9902535487570936
9	8	2019	10.08	29.46	3.41	1.775863717469833
10	8	2019	10.45	20.59	0.0	1.1022639560179657
11	8	2019	8.62	23.42	10.72	1.332474016348888
12	8	2019	10.76	15.06	21.82	0.4250110714748391
13	8	2019	8.29	20.62	0.0	1.2663228769672552
14	8	2019	10.65	24.06	0.0	1.4292602064790394
15	8	2019	10.2	25.35	0.0	1.5678168700071475
16	8	2019	10.78	21.69	0.0	1.173153559435128
17	8	2019	5.97	18.13	0.0	1.1622961363392663
18	8	2019	4.08	23.55	0.0	1.689959121566557
19	8	2019	5.39	24.42	0.0	1.6961495815145264
20	8	2019	4.3	22.91	0.0	1.6041053967508991
21	8	2019	5.73	26.44	0.0	1.829166316624652
22	8	2019	12.55	27.22	0.0	1.5350892987868427
23	8	2019	11.63	20.82	0.0	0.9766846560858444
24	8	2019	12.21	28.84	5.15	1.5150737815187754
25	8	2019	11.55	21.46	4.94	0.9293317132685316
26	8	2019	9.27	20.47	0.0	1.1160079242432577
27	8	2019	8.1	19.15	0.0	1.0703705521491031
28	8	2019	6.33	22.82	0.88	1.4787184947925247
29	8	2019	5.62	19.86	0.0	1.2721153137145054
30	8	2019	5.96	21.07	1.89	1.3478181523277957
31	8	2019	7.76	22.82	4.09	1.254033677791859
1	9	2019	10.01	21.72	3.56	1.04572566472898
2	9	2019	10.03	22.86	0.0	1.265127722737308
3	9	2019	7.8	24.41	0.0	1.5071274686322995
4	9	2019	10.46	25.9	5.35	1.3411128063608804
5	9	2019	7.65	23.4	0.0	1.4226026856365348
6	9	2019	4.99	21.81	0.0	1.4080894328068123
7	9	2019	7.52	20.7	0.0	1.2019836599873563
8	9	2019	5.44	20.54	0.0	1.287839162195695
9	9	2019	8.3	12.45	24.68	0.3549234385987436
10	9	2019	8.54	11.67	19.78	0.2741120752125213
11	9	2019	9.21	13.93	6.31	0.4120361198574722
12	9	2019	7.69	14.43	0.0	0.6283005906295319
13	9	2019	4.01	24.27	1.31	1.5668065330884915
14	9	2019	9.08	23.46	0.0	1.3102663268929988
15	9	2019	10.01	28.16	0.0	1.6092411583623505
16	9	2019	9.24	32.03	0.0	1.8853382583429483
17	9	2019	12.97	24.16	2.08	1.0024857691737272
18	9	2019	9.92	22.37	0.0	1.1453953795061318
19	9	2019	6.92	22.76	0.0	1.3217405797831008
20	9	2019	8.86	20.23	0.0	1.026200491975268
21	9	2019	5.57	18.09	0.0	1.0305882032771498
22	9	2019	4.57	23.51	0.0	1.4341891327094445
23	9	2019	8.83	21.34	0.0	1.0973504985464353
24	9	2019	5.41	16.75	1.06	0.9165212627354936
25	9	2019	3.45	15.72	0.87	0.929202425347054
26	9	2019	3.95	11.08	6.71	0.5018640441678809
27	9	2019	1.92	7.69	3.96	0.3801625497297831
28	9	2019	-0.97	4.77	0.0	0.3746848080022885
29	9	2019	-0.27	2.08	14.13	0.1450942672179603
30	9	2019	-0.35	1.87	4.17	0.1381224368999988
1	10	2019	-1.19	3.87	0.0	0.3289730536262975
2	10	2019	-4.43	7.61	0.0	0.6895558640013494
3	10	2019	-0.75	10.87	0.0	0.760301317292021
4	10	2019	1.24	10.63	0.0	0.662230883050679
5	10	2019	-0.06	14.32	0.0	0.9391069871600476
6	10	2019	3.8	15.28	0.0	0.8574322536723928
7	10	2019	2.05	19.93	0.0	1.1963377742876733
8	10	2019	-1.41	8.69	1.86	0.6342430728797843
9	10	2019	-5.72	0.16	0.0	0.3062975801684108
10	10	2019	-6.94	2.5	0.0	0.4663968435678063
11	10	2019	-8.74	5.88	0.0	0.6592777490803251
12	10	2019	-8.01	6.98	0.0	0.691732985540221
13	10	2019	-9.17	10.51	0.0	0.8555310097213412
14	10	2019	-0.79	5.24	1.29	0.3683278718388029
15	10	2019	-1.85	5.26	0.0	0.4187935387671601
16	10	2019	-0.28	15.06	0.0	0.9275509196291148
17	10	2019	1.9	18.47	0.0	1.0544846397094638
18	10	2019	0.41	15.48	0.0	0.9200453994148649
19	10	2019	-1.0	13.82	0.0	0.8611817976545595
20	10	2019	-4.58	8.96	0.0	0.6914114656445239
21	10	2019	-6.62	10.24	0.0	0.7836001923330478
22	10	2019	-6.93	6.67	0.0	0.6248660022515573
23	10	2019	-5.35	4.16	1.54	0.4647799875501551
24	10	2019	-2.69	8.41	0.0	0.5988372171836971
25	10	2019	0.11	18.19	0.0	1.0360361788155816
26	10	2019	-5.34	3.18	0.0	0.4075317806096796
27	10	2019	-9.55	-3.0	1.11	0.2612913942629761
28	10	2019	-10.42	-3.93	1.46	0.2459875959553467
29	10	2019	-11.93	-5.93	0.0	0.2078479771383348
30	10	2019	-17.7	-0.07	0.0	0.4760774174012686
31	10	2019	-3.5	3.73	0.39	0.3661382600116708
1	11	2019	-3.09	4.59	0.0	0.3948010817199608
2	11	2019	-4.28	3.86	0.44	0.3879500504180657
3	11	2019	-3.99	2.11	1.4	0.2905270828687133
4	11	2019	-12.24	-3.86	0.0	0.2744913801663202
5	11	2019	-13.16	-2.46	1.22	0.3453137857467842
6	11	2019	-19.43	-7.8	0.0	0.2655277003899992
7	11	2019	-18.96	-3.51	0.0	0.3701736006135701
8	11	2019	-8.74	5.9	0.0	0.5813528435069287
9	11	2019	-11.09	0.81	3.1	0.3968256130321848
10	11	2019	-19.23	-11.58	0.0	0.1658755356337194
11	11	2019	-22.51	-7.61	0.0	0.2824711426184793
12	11	2019	-15.29	-1.37	0.0	0.3955257208571071
13	11	2019	-10.89	1.66	0.0	0.4400538439700434
14	11	2019	-6.5	1.47	0.0	0.3341465110423292
15	11	2019	-4.17	5.12	0.0	0.4309643511723868
16	11	2019	-0.84	3.63	2.93	0.221562267637689
17	11	2019	-2.78	7.6	3.38	0.483180584958705
18	11	2019	-0.57	7.52	0.0	0.4200458128247301
19	11	2019	-3.85	1.58	0.0	0.2465574313942362
20	11	2019	-6.8	-1.24	0.0	0.2219848047305899
21	11	2019	-8.83	2.03	0.0	0.4016644431161627
22	11	2019	-6.35	6.22	0.0	0.5174503538474707
23	11	2019	-1.3	9.63	0.0	0.546286994039867
24	11	2019	-2.0	5.68	1.55	0.3746467862221382
25	11	2019	-4.86	-0.35	0.48	0.19306845162255
26	11	2019	-10.06	-1.88	0.0	0.279057815639566
27	11	2019	-9.83	-4.4	0.0	0.183488564521092
28	11	2019	-8.4	-5.93	13.52	0.085152317049265
29	11	2019	-12.08	-5.76	0.0	0.1957393455180433
30	11	2019	-10.41	-6.88	0.0	0.1167177863336129
1	12	2019	-13.0	-4.68	0.0	0.24766761327321
2	12	2019	-11.11	-0.83	0.0	0.3379434773408355
3	12	2019	-7.82	3.7	0.0	0.4414176462553873
4	12	2019	-10.06	0.87	0.0	0.3767609180742062
5	12	2019	-11.83	-2.95	0.0	0.2779662096106661
6	12	2019	-12.38	-3.03	0.0	0.2847941975298476
7	12	2019	-11.1	-1.9	0.0	0.2987602282231374
8	12	2019	-20.87	-10.32	0.0	0.19941440445755
9	12	2019	-25.26	-9.77	0.0	0.2311181378048028
10	12	2019	-27.76	-13.28	0.0	0.1802751841936176
11	12	2019	-24.19	-15.74	0.0	0.1254393561356835
12	12	2019	-19.48	-9.28	0.47	0.2084570236885317
13	12	2019	-21.63	-12.57	0.0	0.1601570528533599
14	12	2019	-24.15	-10.51	0.42	0.2137740070914916
15	12	2019	-18.0	-7.37	0.0	0.2370140512738025
16	12	2019	-16.03	-5.17	0.0	0.2709618598163519
17	12	2019	-13.83	-2.03	0.0	0.3331054335786316
18	12	2019	-8.88	1.24	0.0	0.3615680585550403
19	12	2019	-9.83	-2.79	0.0	0.2369778995295027
20	12	2019	-10.28	4.82	0.0	0.5118259094868103
21	12	2019	-8.58	4.01	0.0	0.4574961155906786
22	12	2019	-5.9	2.27	0.0	0.3311406012435384
23	12	2019	-6.18	-2.42	0.0	0.1480496505720642
24	12	2019	-6.65	-3.84	1.54	0.1079317316011544
25	12	2019	-8.14	-2.34	0.0	0.2108892115715627
26	12	2019	-14.53	-4.68	0.0	0.2649894092984814
27	12	2019	-12.76	-3.51	0.0	0.2726878789895807
28	12	2019	-15.09	-5.27	0.0	0.2560653223915518
29	12	2019	-18.25	-5.04	0.0	0.2951254011540677
30	12	2019	-15.35	-4.64	0.0	0.2763236188711637
31	12	2019	-11.76	1.47	0.0	0.4171531374176349
1	1	2020	-5.96	0.22	0.0	0.2501739719793472
2	1	2020	-7.42	-1.95	0.0	0.2065427560247822
3	1	2020	-11.88	-2.01	0.0	0.3081469393666377
4	1	2020	-7.73	5.72	0.0	0.5159622386455007
5	1	2020	-8.66	-0.23	0.0	0.3067644534785601
6	1	2020	-12.4	-1.44	0.0	0.3363419911022697
7	1	2020	-20.23	-11.88	0.0	0.161555861773339
8	1	2020	-17.18	-3.13	0.0	0.3415221863432135
9	1	2020	-22.71	-14.47	0.0	0.136722838621141
10	1	2020	-28.03	-13.46	0.0	0.1817390103544336
11	1	2020	-17.0	-7.58	2.97	0.2163790377064904
12	1	2020	-24.05	-11.84	1.01	0.1953127289619435
13	1	2020	-29.81	-23.5	0.79	0.0622851579110473
14	1	2020	-33.32	-26.66	0.0	0.0505539777525822
15	1	2020	-34.81	-27.38	0.0	0.0509492278319893
16	1	2020	-34.85	-18.93	0.0	0.1247047690552703
17	1	2020	-24.05	-18.84	1.39	0.0776427271119086
18	1	2020	-28.32	-23.62	0.0	0.0513402293599562
19	1	2020	-28.94	-15.55	0.0	0.1589145304247725
20	1	2020	-20.58	1.25	0.0	0.4783895477481412
21	1	2020	-9.19	2.5	0.0	0.4409114418220136
22	1	2020	-12.11	-1.45	0.0	0.3497089000997527
23	1	2020	-12.29	-1.67	0.0	0.3467010968175863
24	1	2020	-8.11	2.15	0.0	0.4111427232111232
25	1	2020	-5.17	2.69	0.0	0.359063576641051
26	1	2020	-6.47	-2.05	0.0	0.188585392819293
27	1	2020	-6.02	-0.04	0.94	0.2639507130947082
28	1	2020	-5.89	-0.74	0.0	0.2290318915216611
29	1	2020	-9.73	-2.05	2.09	0.2728863773449582
30	1	2020	-10.12	0.1	0.0	0.3842296988124168
31	1	2020	-9.44	3.81	0.0	0.516500334651215
1	2	2020	-3.69	8.1	0.0	0.5884471299530146
2	2	2020	-8.59	0.9	0.0	0.3876012158173144
3	2	2020	-15.69	-6.39	0.0	0.2655516085185955
4	2	2020	-18.29	-3.2	0.0	0.3836391090791495
5	2	2020	-12.45	-2.41	0.0	0.3454748632082878
6	2	2020	-11.55	-6.81	0.7	0.1665224258547082
7	2	2020	-11.38	-1.47	0.0	0.3652811243781833
8	2	2020	-12.31	-1.12	0.0	0.3963468963723416
9	2	2020	-12.56	-1.64	0.0	0.3849745059678507
10	2	2020	-10.79	-3.04	0.26	0.2985877216399461
11	2	2020	-13.14	-0.41	0.0	0.4728532817776653
12	2	2020	-28.79	-12.41	0.0	0.226332700460806
13	2	2020	-28.36	-5.26	0.0	0.3524991656551813
14	2	2020	-11.21	-0.52	0.0	0.4387757846527034
15	2	2020	-16.08	-8.68	0.0	0.217691355121386
16	2	2020	-14.01	-2.4	0.0	0.4175931539888491
17	2	2020	-19.74	-7.49	0.0	0.3020004348464477
18	2	2020	-28.44	-17.04	0.0	0.1584564318139512
19	2	2020	-29.0	-9.23	0.0	0.2908391272717077
20	2	2020	-16.51	1.78	0.0	0.6628456436104799
21	2	2020	-10.82	3.93	0.0	0.766998627677711
22	2	2020	-8.71	4.94	0.0	0.81355062760552
23	2	2020	-9.21	3.17	0.0	0.7191950695368339
24	2	2020	-9.97	-1.29	0.0	0.4401439529489864
25	2	2020	-16.13	-2.08	0.0	0.5314656877837796
26	2	2020	-12.34	1.89	0.0	0.7030295313229581
27	2	2020	-6.61	5.34	0.0	0.8367658355865958
28	2	2020	-6.37	7.54	0.0	0.9988838522913688
29	2	2020	-4.36	7.39	0.0	0.9524546005603896
1	3	2020	-10.73	-0.02	0.0	0.5847833598946088
2	3	2020	-6.84	3.76	0.0	0.7582431899260013
3	3	2020	-5.73	4.14	0.0	0.7570170699819807
4	3	2020	-2.63	4.49	0.0	0.611126158585746
5	3	2020	-5.55	4.84	0.0	0.8433258785417735
6	3	2020	-0.57	12.76	0.0	1.4044693808195576
7	3	2020	-6.98	1.69	1.41	0.6290181522069902
8	3	2020	-14.56	-5.17	0.0	0.3991235028173657
9	3	2020	-15.37	0.56	0.0	0.7265525444941127
10	3	2020	-10.49	5.28	0.0	1.0094459650927905
11	3	2020	-3.33	6.64	0.0	0.984539936790294
12	3	2020	-8.57	0.11	0.0	0.6119392731121397
13	3	2020	-15.66	-9.23	0.0	0.2221440122790352
14	3	2020	-16.07	-6.69	1.85	0.4103222904368004
15	3	2020	-13.62	-4.93	0.61	0.4433205938248679
16	3	2020	-16.36	-2.77	0.0	0.6219687386249081
17	3	2020	-12.99	0.41	0.0	0.7815363037848767
18	3	2020	-16.09	-5.16	0.0	0.5035966326096352
19	3	2020	-16.13	-4.17	0.0	0.5652889006639895
20	3	2020	-16.56	-1.16	0.0	0.7300307560652918
21	3	2020	-10.86	3.03	0.0	0.972304833774184
22	3	2020	-9.85	6.53	0.0	1.2274607348867057
23	3	2020	-6.55	10.93	0.0	1.481732179423633
24	3	2020	-7.08	0.97	2.56	0.7348203815852627
25	3	2020	-12.58	-0.13	0.0	0.9216398660950632
26	3	2020	-11.56	6.89	0.0	1.2353371168482012
27	3	2020	-4.0	8.55	0.0	1.4031616411115218
28	3	2020	-2.26	11.84	0.0	1.6024266638031128
29	3	2020	-4.34	15.29	0.0	1.7672727829961532
30	3	2020	-2.34	7.28	0.0	1.32674611492077
31	3	2020	-8.55	1.44	0.0	1.022622882462562
1	4	2020	-14.85	-10.17	0.56	0.2595062210518186
2	4	2020	-17.83	-7.37	0.0	0.5802369464413533
3	4	2020	-17.68	-1.39	0.0	0.848436717676663
4	4	2020	-9.97	-2.6	2.26	0.591191769414832
5	4	2020	-9.56	-0.53	0.09	0.93932276016354
6	4	2020	-6.49	4.78	0.78	1.230818236701724
7	4	2020	-7.96	5.99	0.0	1.2973461631665089
8	4	2020	-5.31	2.77	0.0	1.1047704412655497
9	4	2020	-12.01	7.14	0.0	1.3089220535320696
10	4	2020	-2.51	9.43	0.0	1.525810952101998
11	4	2020	-8.48	-0.83	0.0	0.9045225926987276
12	4	2020	-11.3	-3.1	0.0	0.7980104583195614
13	4	2020	-13.46	-2.61	0.0	0.8635945485402384
14	4	2020	-15.28	4.71	0.0	1.1607631445484443
15	4	2020	-10.49	3.74	0.0	1.1908889626193455
16	4	2020	-8.79	5.44	0.0	1.2967836796526744
17	4	2020	-3.54	14.84	0.0	1.878670843884013
18	4	2020	-4.73	4.94	0.0	1.260701276470833
19	4	2020	-7.41	14.53	0.0	1.8015926965829103
20	4	2020	-2.15	12.76	0.0	1.7779088393405975
21	4	2020	-0.7	22.53	0.0	2.376844234332231
22	4	2020	1.21	17.25	0.0	2.0887577900529637
23	4	2020	-0.51	18.24	0.0	2.139591611156214
24	4	2020	-2.01	13.77	3.82	1.689838820523298
25	4	2020	-3.2	18.78	0.0	2.13865758556581
26	4	2020	3.11	16.93	0.0	2.060980258797819
27	4	2020	-1.11	21.0	0.0	2.308067649451323
28	4	2020	3.01	17.44	0.0	2.1066732822574292
29	4	2020	1.2	23.03	0.0	2.4691701855135446
30	4	2020	8.27	27.69	0.0	2.8106317549500086
1	5	2020	5.42	18.53	0.0	2.1407933474297134
2	5	2020	-1.46	19.2	0.0	2.1978812769466254
3	5	2020	-0.25	18.28	5.48	1.963544331437612
4	5	2020	1.85	14.88	0.0	1.838886399135496
5	5	2020	-0.92	17.17	0.0	2.004056000907161
6	5	2020	0.3	20.89	0.0	2.246077120507853
7	5	2020	1.39	17.19	0.0	2.0089111447066235
8	5	2020	0.26	20.4	2.24	2.0323117522578578
9	5	2020	-1.93	7.89	2.1	1.2364203823502533
10	5	2020	-3.65	9.73	0.0	1.5219292747546198
11	5	2020	-6.78	10.47	0.0	1.5613289768599998
12	5	2020	-4.66	12.63	0.0	1.7044158470950737
13	5	2020	2.04	10.07	1.05	1.4541310196147277
14	5	2020	-1.11	18.34	0.0	2.097381046279176
15	5	2020	-1.71	15.76	0.0	1.9281339994650823
16	5	2020	0.57	24.7	0.0	2.511416887482737
17	5	2020	7.7	25.67	0.0	2.60397638613057
18	5	2020	8.94	26.11	0.0	2.621251696169084
19	5	2020	9.99	26.73	0.0	2.6610449207114564
20	5	2020	10.59	21.91	3.66	2.0789883317803195
21	5	2020	9.82	21.02	0.0	2.1910542450921695
22	5	2020	4.92	20.86	0.0	2.2951353041250324
23	5	2020	3.27	16.94	0.0	2.014300015569125
24	5	2020	3.71	18.83	0.0	2.1607032382747344
25	5	2020	4.05	24.86	0.0	2.59984397202259
26	5	2020	10.12	22.78	0.0	2.363650491291784
27	5	2020	6.73	19.75	0.0	2.19976357791231
28	5	2020	4.25	19.1	0.0	2.193889162661533
29	5	2020	5.27	20.03	0.0	2.262310438004248
30	5	2020	6.67	25.29	0.0	2.6565134345349817
31	5	2020	11.13	31.26	0.0	3.054576781845305
1	6	2020	11.05	25.42	0.0	2.6023138086886983
2	6	2020	8.3	24.18	0.0	2.5630084975767446
3	6	2020	9.6	21.74	0.0	2.319905053580652
4	6	2020	6.21	20.63	0.0	2.3148433569321187
5	6	2020	2.96	22.54	0.0	2.4825252683460746
6	6	2020	10.62	20.12	16.09	1.986735944580698
7	6	2020	9.22	18.74	15.62	1.6059901145966675
8	6	2020	7.25	16.04	0.0	1.4863677156942423
9	6	2020	5.75	20.38	1.94	2.2773705401508666
10	6	2020	5.79	22.83	0.0	2.5189062130053244
11	6	2020	7.15	24.3	0.0	2.622437407428656
12	6	2020	8.77	28.52	0.0	2.914061988897493
13	6	2020	14.25	30.41	0.0	2.9832553533351653
14	6	2020	11.75	22.98	0.0	2.2179380750830737
15	6	2020	7.46	22.56	0.0	2.488204860915203
16	6	2020	9.64	21.77	20.58	1.8383857485791495
17	6	2020	10.16	16.37	5.02	0.6597673895157486
18	6	2020	6.23	13.98	0.02	1.0744331747902809
19	6	2020	5.07	19.13	0.0	1.9823078782843535
20	6	2020	6.44	18.12	0.0	1.7434470165074791
21	6	2020	4.26	18.79	0.0	1.984537962223275
22	6	2020	5.06	23.5	0.0	2.4482609645601623
23	6	2020	10.6	28.43	0.0	2.8046771516447992
24	6	2020	13.42	28.81	3.84	2.2142544458187254
25	6	2020	13.62	25.36	0.0	2.1446349017807305
26	6	2020	11.63	30.6	0.0	2.9473119083999113
27	6	2020	14.06	22.59	0.0	1.53590327575916
28	6	2020	13.44	20.04	0.0	1.0914664634952156
29	6	2020	14.24	18.8	3.78	0.54361255466423
30	6	2020	13.95	20.65	8.25	0.8388576723033169
1	7	2020	12.39	23.81	1.26	2.0046968311135256
2	7	2020	10.85	24.26	1.61	2.2155897910701716
3	7	2020	9.72	27.49	0.0	2.6254057285381203
4	7	2020	12.23	28.13	0.0	2.5956225489354394
5	7	2020	12.68	24.01	0.0	1.9976595951138216
6	7	2020	9.92	26.0	0.0	2.477121577175329
7	7	2020	11.26	28.25	18.31	2.1623758823163963
8	7	2020	12.36	19.4	5.55	0.802015090892203
9	7	2020	11.83	21.83	0.0	1.5281782209665489
10	7	2020	9.91	22.55	6.42	1.476016727028187
11	7	2020	10.3	24.19	0.0	2.019134260443405
12	7	2020	12.69	25.83	0.0	2.043839322607836
13	7	2020	9.73	19.79	2.86	1.1149491793648052
14	7	2020	9.67	22.12	4.45	1.411547843462867
15	7	2020	9.19	23.66	1.75	1.9969267760650025
16	7	2020	9.62	25.94	0.0	2.2044504963715226
17	7	2020	13.67	25.1	0.0	1.7375243847146526
18	7	2020	12.41	22.14	5.41	1.090309993338812
19	7	2020	10.19	22.96	5.06	1.384988123391873
20	7	2020	10.61	22.85	5.35	1.309554921897147
21	7	2020	9.08	25.45	0.0	2.0666191458463348
22	7	2020	13.83	30.44	0.0	2.30673939835514
23	7	2020	17.97	28.78	0.0	1.656048498787957
24	7	2020	14.72	27.9	0.0	1.943882025122002
25	7	2020	11.29	21.99	0.0	1.4501909758698617
26	7	2020	9.27	25.45	0.0	2.0575310735469063
27	7	2020	8.8	26.77	0.0	2.1877168002104455
28	7	2020	10.2	30.3	0.0	2.4263319685354716
29	7	2020	14.3	33.77	0.0	2.5344120776148715
30	7	2020	15.19	32.45	0.0	2.3226474808661095
31	7	2020	12.99	26.9	0.0	1.8262916959431872
1	8	2020	8.05	27.39	0.0	2.1782090671699517
2	8	2020	10.14	27.6	0.0	2.1156694726255103
3	8	2020	13.64	29.61	2.93	1.696487591774751
4	8	2020	11.89	27.02	0.0	1.8956629768510325
5	8	2020	9.02	29.45	0.0	2.288591381407562
6	8	2020	11.79	33.19	0.0	2.4898644127579717
7	8	2020	12.61	24.11	0.0	1.3923097835925384
8	8	2020	9.25	26.27	1.13	1.944467848293088
9	8	2020	8.6	23.1	0.0	1.6171272079579473
10	8	2020	7.5	25.67	0.0	1.9449867861501997
11	8	2020	8.13	25.8	0.0	1.9100853732038343
12	8	2020	11.49	29.62	0.0	2.0910263959318174
13	8	2020	11.06	25.2	0.0	1.6090167108778612
14	8	2020	7.9	25.41	0.0	1.841856991886144
15	8	2020	8.87	26.25	0.0	1.86067524239337
16	8	2020	8.61	30.42	0.0	2.236971495510885
17	8	2020	11.27	34.64	0.0	2.465260854483134
18	8	2020	12.15	36.17	0.0	2.53285179987755
19	8	2020	14.56	34.96	0.0	2.3079210101431085
20	8	2020	11.78	34.53	0.0	2.391462438839896
21	8	2020	14.0	29.2	0.0	1.6913212307528624
22	8	2020	9.84	33.22	0.0	2.3244633072030902
23	8	2020	5.96	29.07	0.0	2.097137036879694
24	8	2020	8.9	31.24	0.0	2.154147184772006
25	8	2020	14.26	28.68	1.24	1.5151574064357451
26	8	2020	11.93	25.42	0.0	1.3307822304905732
27	8	2020	7.68	26.74	2.05	1.5111490791101994
28	8	2020	6.06	24.28	0.0	1.605839106927203
29	8	2020	8.13	32.0	0.0	2.1678403454768405
30	8	2020	6.55	19.96	0.0	1.1589757766434698
31	8	2020	2.56	19.6	0.0	1.3139525044444178
1	9	2020	8.37	23.37	0.0	1.3358910881132466
2	9	2020	7.56	19.15	3.74	0.923690976973606
3	9	2020	4.85	21.91	0.0	1.377011676606714
4	9	2020	6.31	24.74	0.0	1.5465558917071582
5	9	2020	7.78	31.65	0.0	2.103066210621852
6	9	2020	8.74	17.86	0.0	0.8134897700167327
7	9	2020	-0.23	10.52	0.0	0.7389855696873746
8	9	2020	-5.49	15.44	0.0	1.2407069597085014
9	9	2020	4.31	21.25	0.0	1.3799584489605836
10	9	2020	6.49	26.48	0.0	1.732907574918646
11	9	2020	7.57	29.23	0.0	1.903033325357555
12	9	2020	8.18	18.02	0.0	0.8415557604244726
13	9	2020	0.46	17.22	0.0	1.158872534236202
14	9	2020	5.52	17.03	0.0	0.912327823316072
15	9	2020	3.1	15.97	0.0	0.9638064420047672
16	9	2020	-0.46	14.04	0.0	1.0025135012704074
17	9	2020	1.71	20.7	0.0	1.4721556233247162
18	9	2020	-0.36	25.12	0.0	1.8041907299145197
19	9	2020	6.9	25.83	0.0	1.6826031154616552
20	9	2020	11.79	18.79	8.92	0.5844397233301757
21	9	2020	7.79	23.31	0.0	1.33547912764908
22	9	2020	6.34	21.81	2.36	1.1120332128055277
23	9	2020	9.41	22.15	0.0	1.0911346865411156
24	9	2020	9.23	24.18	0.0	1.3076235131698917
25	9	2020	7.19	21.73	0.0	1.1843251152122776
26	9	2020	6.84	16.02	2.83	0.6706537793602221
27	9	2020	4.44	15.67	0.0	0.8338509692565148
28	9	2020	0.73	22.02	0.0	1.4484264637399014
29	9	2020	6.56	17.18	0.0	0.8284178226828702
30	9	2020	1.06	12.76	0.0	0.7749469091307781
1	10	2020	-4.59	12.52	0.0	0.937755292455132
2	10	2020	1.25	17.32	0.0	1.0858602797850845
3	10	2020	-1.87	15.96	0.0	1.077247447385568
4	10	2020	4.83	24.74	0.94	1.500465488755716
5	10	2020	7.83	19.79	0.0	0.9316918727285336
6	10	2020	6.4	17.43	0.0	0.8454618203687512
7	10	2020	2.31	14.96	0.0	0.9034086456743572
8	10	2020	6.76	24.2	1.77	1.4979040167439464
9	10	2020	2.38	11.55	0.0	0.6049796377172326
10	10	2020	3.02	25.86	0.0	1.724237349960822
11	10	2020	3.69	15.59	0.0	0.8813039742865737
12	10	2020	-2.97	11.22	0.0	0.8378559218379282
13	10	2020	-0.25	10.82	0.0	0.7051836434573326
14	10	2020	-3.61	6.32	0.0	0.5184569126006882
15	10	2020	-3.67	5.46	0.0	0.4719491822338008
16	10	2020	-7.5	3.6	0.0	0.4907462592466149
17	10	2020	-13.06	-0.49	0.0	0.4292171200284354
18	10	2020	-6.8	-3.84	0.0	0.1296048474381779
19	10	2020	-9.01	-1.87	0.0	0.2883300294183936
20	10	2020	-7.25	-1.83	0.46	0.2404992897090319
21	10	2020	-11.19	-1.07	0.0	0.4239300709309692
22	10	2020	-14.31	-2.76	0.0	0.4057876041859649
23	10	2020	-14.04	-3.8	0.0	0.3403995087612926
24	10	2020	-10.03	-6.23	0.0	0.1439390324369481
25	10	2020	-12.89	-4.11	0.0	0.2984920439779186
26	10	2020	-15.83	2.48	0.0	0.6314771420035052
27	10	2020	-4.0	12.18	0.0	1.0026237692018607
28	10	2020	-4.56	5.77	0.0	0.5666501132288768
29	10	2020	-6.59	8.74	0.0	0.8121625287818554
30	10	2020	-2.28	13.41	0.0	1.0149765276140776
31	10	2020	-6.39	3.48	0.0	0.4470651593054132
1	11	2020	-7.66	13.31	0.0	1.0292739697774056
2	11	2020	-1.03	20.08	0.0	1.4087802553498907
3	11	2020	3.21	19.35	0.0	1.3009930228341238
4	11	2020	1.49	16.32	0.0	1.106868656659696
5	11	2020	1.65	19.79	0.0	1.32344270181639
6	11	2020	-0.93	7.0	0.0	0.4164891605099832
7	11	2020	-1.76	1.2	0.62	0.148836382026527
8	11	2020	-9.31	-2.34	16.55	0.2456196308599844
9	11	2020	-18.04	-8.65	0.0	0.2235912020065673
10	11	2020	-18.96	-5.23	0.0	0.3199002336803287
11	11	2020	-15.13	-6.42	1.0	0.2416736697275885
12	11	2020	-21.36	-6.89	0.0	0.2913194876594063
13	11	2020	-11.65	0.53	0.0	0.4103094215050578
14	11	2020	-8.82	-0.4	0.6	0.317655599980234
15	11	2020	-14.55	-3.93	0.0	0.3030376429837311
16	11	2020	-12.46	-4.96	0.0	0.2328969835056905
17	11	2020	-9.16	1.36	0.0	0.3896164069214326
18	11	2020	-4.61	5.32	0.0	0.4457533337479178
19	11	2020	-11.67	-4.89	3.72	0.204812903451747
20	11	2020	-19.55	-8.75	0.0	0.2269197407875061
21	11	2020	-16.06	-3.68	0.0	0.3214040893545095
22	11	2020	-15.88	-5.68	0.0	0.2620932086635019
23	11	2020	-11.54	-3.73	0.0	0.2470625950215542
24	11	2020	-10.82	-1.09	0.0	0.3227584297682495
25	11	2020	-6.7	2.66	0.0	0.3750530334669769
26	11	2020	-10.93	-0.96	0.0	0.328938771737847
27	11	2020	-10.2	2.01	0.0	0.420147512871392
28	11	2020	-9.42	2.13	0.0	0.4101103548802783
29	11	2020	-14.56	-1.06	0.0	0.375490575050543
30	11	2020	-7.97	2.77	0.0	0.4044773977975986
1	12	2020	-7.35	1.19	0.0	0.3275373534966908
2	12	2020	-11.24	-0.84	0.0	0.3353127706369316
3	12	2020	-7.58	3.09	0.0	0.4087300834317106
4	12	2020	-6.37	2.27	0.0	0.3468278637831129
5	12	2020	-6.52	3.57	0.0	0.4046436216648966
6	12	2020	-9.47	3.37	0.0	0.4529524659573836
7	12	2020	-7.51	3.27	0.0	0.4115052842739328
8	12	2020	-3.84	4.39	0.0	0.3642151986997297
9	12	2020	-4.63	2.11	2.35	0.2758505879389528
10	12	2020	-11.22	-2.7	0.0	0.2697797681861701
11	12	2020	-12.09	-4.5	0.0	0.2280091373212679
12	12	2020	-11.35	-3.49	0.0	0.2461829960467831
13	12	2020	-23.81	-13.12	0.0	0.1653626777344755
14	12	2020	-25.91	-11.11	0.0	0.2082968127418827
15	12	2020	-17.04	-6.22	0.0	0.2536758147153157
16	12	2020	-13.61	-2.48	0.0	0.3147554994568398
17	12	2020	-12.95	2.43	0.0	0.4592675198446648
18	12	2020	-20.87	-2.62	0.0	0.3633646250454231
19	12	2020	-10.36	3.78	0.0	0.4740353944096575
20	12	2020	-5.91	3.5	0.0	0.3784210397653876
21	12	2020	-8.28	-1.2	6.44	0.2443364055111717
22	12	2020	-12.99	-2.69	8.46	0.2882416656684866
23	12	2020	-16.59	-8.34	0.0	0.1931125013638392
24	12	2020	-14.77	1.18	0.0	0.4363453738552675
25	12	2020	-12.16	-2.36	0.0	0.2954996071982573
26	12	2020	-12.77	-4.33	1.95	0.2445999783235856
27	12	2020	-14.55	-6.81	0.0	0.2031368041827724
28	12	2020	-16.64	-6.38	0.0	0.2450782473005653
29	12	2020	-16.04	-7.13	0.0	0.2181580387446479
30	12	2020	-20.52	-7.26	0.0	0.2594771169154679
1	1	2021	-17.19	-0.85	0.0	0.3974290911317256
2	1	2021	-6.37	4.36	0.0	0.4322150138014633
3	1	2021	-1.99	4.36	0.0	0.3046029540288633
4	1	2021	-9.85	0.73	0.0	0.3660697350179113
5	1	2021	-9.1	0.96	0.0	0.3605185818269988
6	1	2021	-10.9	2.76	0.0	0.4548494032536879
7	1	2021	-9.26	0.77	0.0	0.3576343930674472
8	1	2021	-14.08	-1.7	0.0	0.35156987718214
9	1	2021	-15.44	-4.54	0.0	0.2865881490760629
10	1	2021	-11.9	-2.82	0.0	0.2859106103196693
11	1	2021	-11.18	0.74	0.0	0.3945833688668986
12	1	2021	-7.06	2.16	0.0	0.3684931934527592
13	1	2021	-3.44	6.65	5.01	0.449101574007433
14	1	2021	-6.67	-1.6	0.0	0.2042870919313966
15	1	2021	-12.98	-4.48	0.0	0.2564859384665143
16	1	2021	-9.63	-0.86	0.0	0.3145968967411308
17	1	2021	-9.95	-0.8	2.27	0.3093823291000867
18	1	2021	-9.57	-0.38	0.0	0.3340802200547934
19	1	2021	-13.4	1.77	0.0	0.4659689814604804
20	1	2021	-5.03	1.92	0.0	0.3104977464542035
21	1	2021	-11.83	-5.49	0.21	0.205318141304985
22	1	2021	-10.18	-4.73	0.89	0.1911862971110865
23	1	2021	-24.32	-7.83	0.0	0.2787125734579774
24	1	2021	-29.16	-20.79	0.0	0.0933674008973504
25	1	2021	-27.17	-20.05	0.0	0.0905787895702695
26	1	2021	-26.96	-18.39	0.0	0.1135049756048886
27	1	2021	-22.71	-13.51	0.0	0.1647233656180262
28	1	2021	-17.82	-9.47	0.0	0.202773697969431
29	1	2021	-14.92	-8.63	0.0	0.1786874451163221
30	1	2021	-17.38	-11.72	0.0	0.1388259056219612
31	1	2021	-20.07	-7.57	0.0	0.277153937747669
1	2	2021	-13.25	0.8	0.0	0.4585172898334788
2	2	2021	-8.22	4.92	0.0	0.5485835870145629
3	2	2021	-18.96	-10.09	0.0	0.2079042320713601
4	2	2021	-22.88	-15.86	0.0	0.1269070683383414
5	2	2021	-26.77	-17.71	0.0	0.129343800404873
6	2	2021	-34.37	-25.04	0.0	0.0759505214063242
7	2	2021	-35.45	-27.19	0.0	0.0610612205005049
8	2	2021	-35.93	-26.31	0.0	0.0703735283893016
9	2	2021	-30.16	-25.91	0.0	0.0453123313793368
10	2	2021	-32.78	-26.67	0.0	0.0555064044853869
11	2	2021	-36.58	-28.44	0.0	0.0565985387750209
12	2	2021	-33.3	-23.25	0.0	0.0940381386878375
13	2	2021	-36.95	-24.9	0.0	0.0865760499557965
14	2	2021	-34.85	-21.89	0.0	0.1117396429830519
15	2	2021	-29.54	-17.66	0.0	0.1523546539923158
16	2	2021	-24.3	-13.94	0.0	0.1904606439442748
17	2	2021	-22.52	-15.3	0.0	0.1467624051660451
18	2	2021	-23.97	-11.46	0.0	0.2417295503532847
19	2	2021	-21.94	-1.99	0.0	0.494725469467318
20	2	2021	-12.06	-1.8	0.0	0.4608257622183588
21	2	2021	-11.44	2.73	0.0	0.7035150306945406
22	2	2021	-3.81	3.87	0.0	0.5730105217219935
23	2	2021	-6.34	0.43	0.0	0.4086661722209613
24	2	2021	-9.68	-1.53	0.0	0.4305157393252143
25	2	2021	-11.04	0.93	0.0	0.6401805096959315
26	2	2021	-15.4	-1.4	2.15	0.4748226803767129
27	2	2021	-23.84	-13.4	0.0	0.2112320709217634
28	2	2021	-21.32	-9.84	0.0	0.2800090938814086
1	3	2021	-16.92	4.42	0.0	0.8046898315700708
2	3	2021	-5.33	3.95	0.0	0.7009241759503483
3	3	2021	-8.67	5.24	0.0	0.9069033707792388
4	3	2021	-7.92	4.9	0.0	0.8879726961865752
5	3	2021	-4.55	6.68	0.0	0.9711852670046556
6	3	2021	-0.72	8.1	0.0	0.9751167999923273
7	3	2021	-3.01	7.32	0.0	1.0220413973334068
8	3	2021	-2.63	5.83	0.0	0.8581389524004857
9	3	2021	-4.7	-0.08	0.0	0.3194592427103288
10	3	2021	-7.78	3.28	0.0	0.8737655461745785
11	3	2021	-16.35	-2.39	0.0	0.6244179032183703
12	3	2021	-8.91	8.15	0.0	1.2031994904729038
13	3	2021	-6.36	8.94	0.0	1.2729191029292255
14	3	2021	-1.65	10.55	0.0	1.361482840666198
15	3	2021	-1.4	8.81	0.0	1.2101997193056464
16	3	2021	-8.18	2.46	0.0	0.8634049813032764
17	3	2021	-8.18	9.44	0.0	1.3377449559777643
18	3	2021	-3.44	15.47	0.0	1.693130744308341
19	3	2021	-0.15	20.19	0.0	1.9769516912533232
20	3	2021	-0.01	12.0	0.0	1.5363395417561727
21	3	2021	-4.97	4.82	0.0	1.02365845368284
22	3	2021	-5.63	10.3	0.0	1.4338790530202454
23	3	2021	-6.92	0.76	0.0	0.7556654408840178
24	3	2021	-6.55	9.45	0.0	1.3929359873752447
25	3	2021	-3.05	3.92	0.0	0.9336567508998946
26	3	2021	-9.97	2.32	0.0	1.029358243797756
27	3	2021	-8.79	6.55	0.0	1.2418399329328218
28	3	2021	-1.78	17.61	0.0	1.8880088195508469
29	3	2021	-8.58	6.1	5.64	1.142541432745309
30	3	2021	-14.37	-6.03	0.0	0.5402485553963379
31	3	2021	-16.23	7.67	0.0	1.17481993034336
1	4	2021	-3.07	15.18	0.0	1.768773794481926
2	4	2021	-0.26	13.94	0.0	1.721596486885476
3	4	2021	-1.79	14.76	0.0	1.768288194428798
4	4	2021	-1.54	19.4	0.0	2.02897118454925
5	4	2021	-2.72	13.04	0.0	1.6176620572530322
6	4	2021	-3.97	16.78	0.0	1.803813479428674
7	4	2021	-0.06	20.95	0.0	2.0812670317532977
8	4	2021	1.77	15.42	0.71	1.7630412921056378
9	4	2021	-5.64	12.33	0.0	1.5583835349588129
10	4	2021	-0.91	13.15	0.0	1.634036193604827
11	4	2021	-2.71	4.57	3.36	0.7936683264174953
12	4	2021	-4.04	0.58	1.99	0.5267454131832747
13	4	2021	-3.97	1.01	0.0	0.5599938908770278
14	4	2021	-4.07	4.37	0.0	1.111444902349167
15	4	2021	-2.74	9.96	0.0	1.4767370607682764
16	4	2021	-5.39	12.84	0.0	1.6347725690257162
17	4	2021	-2.24	19.92	0.0	2.0632623728866117
18	4	2021	-4.5	6.29	0.0	1.2702237938633474
19	4	2021	-7.32	4.77	3.12	1.1381677167690851
20	4	2021	-7.99	8.14	0.0	1.423103956646195
21	4	2021	-4.24	17.05	0.0	1.9680036826031335
22	4	2021	-4.64	7.71	0.0	1.4066698055683289
23	4	2021	-11.97	4.3	0.0	1.1912514415684643
24	4	2021	-9.75	8.04	0.0	1.4061401697468872
25	4	2021	-5.25	9.36	0.0	1.517147199216387
26	4	2021	-4.7	14.28	0.0	1.8224734870698227
27	4	2021	-3.11	18.81	0.0	2.0390114431516486
28	4	2021	-1.54	15.48	0.0	1.8643943469691633
29	4	2021	-0.31	13.09	0.0	1.705836993059079
30	4	2021	2.59	26.53	0.0	2.5745444210281225
1	5	2021	4.97	20.98	0.0	2.240846859172885
2	5	2021	0.48	15.21	0.0	1.862222937544948
3	5	2021	-5.01	10.39	0.0	1.5545483444066808
4	5	2021	-4.92	14.21	0.0	1.7863835465444289
5	5	2021	-3.51	16.31	0.0	1.9277079777775528
6	5	2021	-0.5	17.82	0.0	2.0532324514835785
7	5	2021	-0.39	17.99	0.0	2.071047661666659
8	5	2021	1.97	13.05	0.0	1.711193593439194
9	5	2021	-4.85	15.21	0.0	1.865786942855456
10	5	2021	-4.11	17.74	0.0	2.0217019193915293
11	5	2021	-1.1	19.84	0.0	2.186169947979676
12	5	2021	0.85	20.63	0.0	2.249571463106
13	5	2021	0.76	21.65	0.0	2.310506627032189
14	5	2021	2.45	23.08	0.0	2.411830134994456
15	5	2021	3.08	24.3	0.0	2.4945355268729323
16	5	2021	8.23	28.99	0.0	2.816792080734495
17	5	2021	7.52	31.94	0.0	3.0111906332395524
18	5	2021	12.48	29.62	0.0	2.8136394007319923
19	5	2021	3.6	14.75	0.0	1.7869328035619876
20	5	2021	-0.94	5.16	5.47	0.820912085459698
21	5	2021	-2.25	3.82	4.21	0.7013140358816942
22	5	2021	0.79	8.57	0.0	1.2846385102017952
23	5	2021	5.6	12.46	14.26	1.1506450204454215
24	5	2021	8.01	12.1	18.22	0.4130668278077778
25	5	2021	3.03	8.83	0.72	0.6387515726277098
26	5	2021	-0.2	13.06	0.0	1.581103247146228
27	5	2021	0.42	18.25	0.0	2.111400325152539
28	5	2021	5.76	21.86	0.0	2.3870250133090227
29	5	2021	5.71	20.51	0.0	2.236628696634959
30	5	2021	2.73	22.56	0.0	2.469086495634975
31	5	2021	7.21	26.76	0.0	2.764634527414907
1	6	2021	8.44	26.35	0.0	2.7275788708758197
2	6	2021	11.87	32.21	0.0	3.1223593707678883
3	6	2021	13.18	35.66	0.0	3.347081553480658
4	6	2021	16.63	29.92	0.0	2.7923233310842357
5	6	2021	12.99	29.12	0.0	2.880961106540369
6	6	2021	8.45	22.69	0.0	2.403518894542087
7	6	2021	9.02	23.38	0.0	2.4583783341955474
8	6	2021	6.26	23.06	7.84	2.1312922027080368
9	6	2021	12.12	19.18	14.66	0.9316946501898355
10	6	2021	13.29	21.54	13.25	1.0844574266046845
11	6	2021	10.45	20.61	0.0	1.6008160664799311
12	6	2021	6.98	23.79	0.0	2.3383689957949105
13	6	2021	6.83	27.31	0.0	2.6819606300346797
14	6	2021	12.63	31.42	0.0	2.9192528333983203
15	6	2021	16.19	33.44	0.55	2.9667462307623937
16	6	2021	13.66	25.32	0.0	2.077919066156914
17	6	2021	7.76	25.05	0.0	2.474200497330268
18	6	2021	8.14	19.49	0.0	1.7398819327151709
19	6	2021	6.55	20.51	1.24	1.9981277762659808
20	6	2021	6.4	19.1	0.0	1.7984620126929978
21	6	2021	1.53	24.02	0.0	2.4345431649612057
22	6	2021	9.99	31.23	0.0	2.9334699064821046
23	6	2021	12.95	24.61	0.0	1.908215116860148
24	6	2021	8.77	20.6	0.0	1.7165745732532114
25	6	2021	9.4	27.26	0.0	2.5379562309045096
26	6	2021	13.87	27.72	2.09	1.8315677925299891
27	6	2021	12.88	27.69	0.0	2.3563302697298516
28	6	2021	10.22	28.75	0.0	2.689644210755866
29	6	2021	12.21	32.49	0.0	2.9880946491495917
30	6	2021	13.31	33.47	0.0	3.0403988740795604
1	7	2021	15.46	34.56	0.0	3.052926852087475
2	7	2021	18.62	38.11	0.0	3.2496523699156374
3	7	2021	16.47	30.02	0.0	2.396035697508357
4	7	2021	12.56	29.51	4.99	2.1687574926767317
5	7	2021	13.65	24.37	0.0	1.7392906080862065
6	7	2021	10.05	21.0	0.0	1.625156916617851
7	7	2021	10.46	28.08	4.75	2.0991374125598536
8	7	2021	14.69	26.21	8.4	1.4802680983912289
9	7	2021	12.19	29.24	0.0	2.477315477144329
10	7	2021	13.4	31.74	0.0	2.666961939164539
11	7	2021	15.72	32.67	0.0	2.6274524608798475
12	7	2021	12.23	27.3	0.0	2.230014033986363
13	7	2021	10.16	28.82	0.0	2.5395766896058523
14	7	2021	10.65	30.62	0.0	2.6945440113117303
15	7	2021	13.93	34.78	0.0	2.953612282804911
16	7	2021	15.21	31.2	0.0	2.459138701536979
17	7	2021	17.57	34.62	0.0	2.6903578175272784
18	7	2021	13.99	27.59	0.0	2.050758683578831
19	7	2021	14.64	21.25	0.0	0.8182082362159994
20	7	2021	16.42	27.46	0.0	1.750183216588336
21	7	2021	16.01	30.53	0.0	2.3132652788414725
22	7	2021	15.38	33.82	0.0	2.775430655792701
23	7	2021	7.17	28.71	0.0	2.5823470557971175
24	7	2021	9.35	29.26	0.0	2.555588927230816
25	7	2021	10.54	29.9	0.98	2.562119291190864
26	7	2021	11.87	28.93	0.0	2.36538843746917
27	7	2021	12.5	36.78	0.0	3.0721470164953515
28	7	2021	14.1	29.12	0.0	2.1879045512661364
29	7	2021	12.6	32.85	0.0	2.7091697260228274
30	7	2021	13.2	31.33	0.0	2.51253060231958
31	7	2021	12.27	31.58	0.0	2.580967073620794
1	8	2021	11.51	32.82	0.0	2.7200734960497597
2	8	2021	14.66	34.81	0.0	2.7528736810323804
3	8	2021	18.55	28.3	0.0	1.413522396977423
4	8	2021	14.58	29.05	0.0	2.058747926054588
5	8	2021	10.62	30.34	0.0	2.465332945349637
6	8	2021	14.72	32.73	0.0	2.475941106976017
7	8	2021	15.09	30.32	0.0	2.12992946178697
8	8	2021	13.99	23.97	0.0	1.284127235741739
9	8	2021	11.6	20.49	0.0	1.034147484004669
10	8	2021	10.27	19.58	3.33	0.879773457742049
11	8	2021	11.01	25.89	0.0	1.883553246495462
12	8	2021	8.51	23.79	0.0	1.8104548638898632
13	8	2021	8.51	29.54	0.0	2.383588634972825
14	8	2021	15.8	36.73	0.0	2.7211883870445597
15	8	2021	15.31	33.49	0.0	2.409209713474322
16	8	2021	14.63	29.56	0.0	1.985602393405126
17	8	2021	9.9	21.47	5.11	1.0580314862849267
18	8	2021	9.63	17.27	5.64	0.6967030584740757
19	8	2021	8.25	18.37	6.78	0.8893996930980657
20	8	2021	10.09	17.79	7.27	0.7080216110457728
21	8	2021	6.59	21.63	5.35	1.2528006623775167
22	8	2021	9.19	15.87	12.54	0.6053803214854623
23	8	2021	6.71	19.91	5.17	1.1295451142164097
24	8	2021	7.72	15.48	0.0	0.7647429888814258
25	8	2021	3.41	19.92	0.0	1.5753466983823676
26	8	2021	7.97	20.61	0.0	1.3705897624331789
27	8	2021	12.35	21.77	0.0	1.0579015354697745
28	8	2021	10.81	23.57	3.0	1.188697314226252
29	8	2021	7.28	25.93	0.0	1.929445038816512
30	8	2021	8.55	29.25	0.0	2.148369515886216
31	8	2021	12.89	26.18	15.31	1.2693570836263783
1	9	2021	8.89	21.82	0.0	1.3296883869637923
2	9	2021	7.66	19.72	0.0	1.1686623866754602
3	9	2021	7.28	21.91	0.0	1.4281827239886096
4	9	2021	4.96	23.53	0.0	1.6770582877104263
5	9	2021	7.49	29.53	0.0	2.048139354897563
6	9	2021	10.12	23.02	0.67	1.300048925950139
7	9	2021	7.31	23.91	0.0	1.590693285719874
8	9	2021	5.15	25.27	0.0	1.8296643886395307
9	9	2021	10.66	28.76	0.0	1.9749113422038
10	9	2021	8.67	22.53	0.0	1.4435430346641591
11	9	2021	7.12	14.14	0.0	0.6326065898406346
12	9	2021	4.28	17.51	0.0	1.1906908942652623
13	9	2021	6.99	21.31	0.0	1.412612619483908
14	9	2021	4.3	22.81	0.0	1.654693584233255
15	9	2021	8.72	19.92	0.0	1.1016043369882906
16	9	2021	3.83	15.93	0.0	1.0209311878136682
17	9	2021	-1.02	20.25	0.0	1.530006761135198
18	9	2021	11.35	32.89	0.0	2.1440984119550297
19	9	2021	6.86	20.31	0.0	1.2079307015736611
20	9	2021	1.62	18.87	0.0	1.3259441943280994
21	9	2021	3.11	21.99	0.0	1.5012893682237285
22	9	2021	5.55	28.33	0.0	1.8846760424220583
23	9	2021	4.9	18.28	0.0	1.0467502975456324
24	9	2021	-1.07	19.19	0.0	1.3510933255655473
25	9	2021	7.63	27.22	0.0	1.6916409627485192
26	9	2021	4.21	26.2	0.0	1.6986779080070862
27	9	2021	9.32	30.45	0.0	1.834573647085602
28	9	2021	6.55	28.63	0.0	1.7731189843926107
29	9	2021	6.43	20.96	0.0	1.1204762867819376
30	9	2021	0.9	23.66	0.0	1.5313297099871714
1	10	2021	5.94	23.82	0.0	1.3680214669338069
2	10	2021	0.16	21.72	0.0	1.3844080037725843
3	10	2021	6.4	24.37	0.0	1.3797979115426156
4	10	2021	1.92	23.36	0.0	1.446545218214705
5	10	2021	5.43	26.15	0.0	1.5303637323302774
6	10	2021	7.2	26.61	0.0	1.5044052714940883
7	10	2021	3.61	14.89	0.0	0.7608227721741769
8	10	2021	2.64	17.12	0.0	0.9468169736671748
9	10	2021	0.37	19.69	0.0	1.2281081386228718
10	10	2021	-0.25	19.37	0.0	1.207499289402076
11	10	2021	-2.01	9.9	0.0	0.6544655801680395
12	10	2021	-6.71	8.2	0.0	0.6868489373139087
13	10	2021	-3.53	4.71	5.02	0.3901448388668663
14	10	2021	-2.07	6.0	2.75	0.4044971011228347
15	10	2021	-3.56	13.58	0.0	0.883317730560292
16	10	2021	-0.61	18.28	0.0	1.0667541396350309
17	10	2021	3.33	24.61	0.0	1.3405075995160889
18	10	2021	1.14	13.81	0.0	0.7514106134979125
19	10	2021	-4.96	7.07	0.0	0.5696862337664885
20	10	2021	-7.77	7.63	0.0	0.6562455756000316
21	10	2021	-4.33	11.85	0.0	0.7881840673995248
22	10	2021	-5.26	9.76	0.0	0.7026339314624763
23	10	2021	-1.5	7.29	1.86	0.4623853568251183
24	10	2021	1.81	6.92	0.0	0.2996025861312616
25	10	2021	2.78	9.64	2.75	0.3941292639443378
26	10	2021	2.6	10.75	2.61	0.4665092803911351
27	10	2021	0.61	13.62	0.0	0.7402281343945619
28	10	2021	-2.0	11.46	0.0	0.6997560337950752
29	10	2021	0.84	10.04	3.44	0.4955271570442318
30	10	2021	-4.25	4.64	0.0	0.4184094039646454
31	10	2021	-8.05	4.11	0.0	0.4922830042031071
1	11	2021	-10.1	2.33	0.0	0.4582482427656542
2	11	2021	-9.68	7.0	0.0	0.6341146242769938
3	11	2021	-7.38	10.81	0.0	0.761198123425869
4	11	2021	-1.34	17.12	0.0	0.9556820032533052
5	11	2021	2.19	15.15	0.0	0.7550083271488289
6	11	2021	-2.95	11.43	0.0	0.7026892283546461
7	11	2021	-5.75	10.3	0.0	0.7032396381066766
8	11	2021	-4.96	9.35	0.0	0.6432340153300172
9	11	2021	-9.49	8.58	0.0	0.6775137551857237
10	11	2021	-2.13	4.65	0.93	0.3314002659408919
11	11	2021	-6.29	-2.55	0.0	0.1508579116477117
12	11	2021	-9.18	-1.82	0.0	0.264169892308383
13	11	2021	-7.42	4.51	0.0	0.4743920191409876
14	11	2021	-5.28	2.62	1.1	0.3384672158798762
15	11	2021	-1.42	5.98	1.16	0.3697304523434973
16	11	2021	-4.46	7.81	4.86	0.526326922119727
17	11	2021	-12.09	-4.9	0.0	0.2210797564722751
18	11	2021	-14.82	-0.69	0.0	0.3944875475961579
19	11	2021	-10.17	-1.09	0.0	0.3104878807218527
20	11	2021	-10.84	2.03	0.0	0.4329046892457875
21	11	2021	-16.36	-1.95	0.0	0.368351330565855
22	11	2021	-7.93	5.47	0.0	0.5118053849975409
23	11	2021	-10.1	4.2	0.0	0.4953103885729498
24	11	2021	-16.12	-7.82	0.0	0.2016827446304792
25	11	2021	-11.24	3.54	0.0	0.4832875722456274
26	11	2021	-1.77	7.14	0.0	0.4258518003955127
27	11	2021	-5.79	2.08	0.0	0.3185209514102612
28	11	2021	-4.41	5.9	0.0	0.4446043864069718
29	11	2021	-3.29	5.87	0.0	0.4106860484066114
30	11	2021	-5.07	6.36	0.0	0.4787877720319193
1	12	2021	-0.1	7.62	0.0	0.3876150001955885
2	12	2021	-2.95	2.83	1.05	0.2589245636690261
3	12	2021	-7.51	0.05	0.0	0.280758761501655
4	12	2021	-9.79	-1.44	0.91	0.2843991859020263
5	12	2021	-21.74	-6.29	1.68	0.2876473288072282
6	12	2021	-25.05	-12.94	0.0	0.1759906688963663
7	12	2021	-20.74	-7.9	0.0	0.2473528108954191
8	12	2021	-15.23	3.56	0.98	0.5128451011114643
9	12	2021	-12.32	-1.53	0.0	0.3264342174568439
10	12	2021	-15.08	-3.87	0.0	0.2935544451737647
11	12	2021	-10.49	3.79	0.0	0.4776519537865548
12	12	2021	-9.2	1.52	0.0	0.3746842437745316
13	12	2021	-14.5	-2.08	0.0	0.3364923504129494
14	12	2021	-9.07	-1.63	0.76	0.2566722640072614
15	12	2021	-20.89	-11.01	0.0	0.1806049320993352
16	12	2021	-24.76	-15.91	0.63	0.1238785219919509
17	12	2021	-25.74	-17.21	0.9	0.1111927124398424
18	12	2021	-27.83	-6.56	0.0	0.2841386121257339
19	12	2021	-19.14	-5.79	0.0	0.2803149006148004
20	12	2021	-21.8	-12.4	0.0	0.1606688678249176
21	12	2021	-19.78	-6.88	0.0	0.2597154487930742
22	12	2021	-13.52	-4.81	2.7	0.2324969253527841
23	12	2021	-12.9	1.35	1.57	0.4223834475697944
24	12	2021	-23.42	-13.7	0.78	0.1506117495748473
25	12	2021	-28.42	-21.94	2.06	0.0650079643715505
26	12	2021	-28.6	-23.01	7.3	0.0545728125862277
27	12	2021	-34.57	-25.83	0.8	0.059256606849758
28	12	2021	-37.9	-27.21	0.0	0.0573536403136515
29	12	2021	-34.4	-25.22	0.0	0.0637154075250136
30	12	2021	-35.35	-26.74	0.0	0.0548628158291467
31	12	2021	-35.79	-26.93	0.0	0.0548288721208951
1	1	2022	-34.83	-22.07	0.0	0.090657569187256
2	1	2022	-26.86	-1.61	0.0	0.3802486245523014
3	1	2022	-16.57	-4.79	3.1	0.2741825434373355
4	1	2022	-23.37	-13.04	1.81	0.1622184906181969
5	1	2022	-32.06	-20.41	0.0	0.10113678546419
6	1	2022	-34.61	-25.59	0.0	0.0611520345575986
7	1	2022	-25.14	-7.79	2.05	0.2577840106348485
8	1	2022	-23.75	-12.09	0.0	0.1828383167748941
9	1	2022	-28.4	-15.99	0.0	0.1437300706750349
10	1	2022	-22.59	-1.26	0.0	0.4031255040089638
11	1	2022	-10.48	4.3	0.0	0.5032825916503618
12	1	2022	-2.23	5.06	0.0	0.3434080707892861
13	1	2022	-4.81	3.53	0.0	0.3560359620045257
14	1	2022	-5.69	1.42	0.0	0.2913261291729035
15	1	2022	-5.33	4.04	0.0	0.3956042832331963
16	1	2022	-4.11	3.74	0.0	0.3475240530918617
17	1	2022	-5.52	4.82	1.09	0.4369927203423096
18	1	2022	-19.61	2.06	0.0	0.4956143312310166
19	1	2022	-26.39	-15.93	0.0	0.1392314427996032
20	1	2022	-24.02	-2.74	0.0	0.3780224163750188
21	1	2022	-10.33	2.17	1.14	0.4371637209020274
22	1	2022	-8.56	3.94	2.15	0.4543649327762749
23	1	2022	-7.5	4.65	0.0	0.485136214342115
24	1	2022	-11.64	0.97	0.0	0.4188610463250409
25	1	2022	-23.39	-5.6	0.0	0.322132978754407
26	1	2022	-10.47	1.68	0.0	0.4292094190934581
27	1	2022	-7.67	0.36	0.0	0.3172777383103669
28	1	2022	-10.18	1.79	0.0	0.4319696631742344
29	1	2022	-8.14	2.95	0.0	0.4400948880072916
30	1	2022	-4.86	5.16	0.0	0.4582280695722864
31	1	2022	-12.19	4.38	3.57	0.5342029183521652
1	2	2022	-26.05	-15.22	0.0	0.1572772349996859
2	2	2022	-31.17	-22.29	0.0	0.0868654762256282
3	2	2022	-29.66	-17.42	0.0	0.1418558039116417
4	2	2022	-31.11	-4.38	5.26	0.3252195174215523
5	2	2022	-13.95	-3.38	0.79	0.3254828631254105
6	2	2022	-15.14	1.61	0.0	0.5054284864347026
7	2	2022	-5.38	5.65	0.0	0.5152283823102638
8	2	2022	-4.39	2.58	0.0	0.3365593116642591
9	2	2022	-8.08	2.58	0.0	0.4502904709180141
10	2	2022	-8.43	5.41	0.47	0.583506511162919
11	2	2022	-18.05	-10.18	0.0	0.1951917580656697
12	2	2022	-16.39	-6.41	0.0	0.2795910240762784
13	2	2022	-14.75	2.3	0.0	0.5455045821627975
14	2	2022	-16.79	-7.71	1.13	0.2484528330082004
15	2	2022	-14.37	-6.86	1.23	0.2332330584841969
16	2	2022	-22.67	-14.34	0.47	0.1592475684598007
17	2	2022	-24.96	-1.37	0.0	0.4560754994111433
18	2	2022	-20.05	-5.14	0.0	0.3627226453590769
19	2	2022	-16.38	3.6	3.26	0.5761443813726684
20	2	2022	-22.37	-12.02	0.0	0.212001506595493
21	2	2022	-27.91	-20.64	0.0	0.0981023152923549
22	2	2022	-31.29	-20.38	0.0	0.1226210876195975
23	2	2022	-30.45	-18.29	0.0	0.1491711935525902
24	2	2022	-27.04	-16.74	0.0	0.159139931171404
25	2	2022	-26.34	-7.85	0.0	0.3277422683267891
26	2	2022	-14.41	-2.41	0.0	0.4144346003936857
27	2	2022	-11.27	-4.37	0.0	0.273969963139045
28	2	2022	-13.99	-5.84	0.0	0.285450029225424
1	3	2022	-13.67	-6.01	0.0	0.2740814048342019
2	3	2022	-14.87	-8.21	0.0	0.2237997596127721
3	3	2022	-15.45	-9.18	6.4	0.1869349387222323
4	3	2022	-11.59	-7.45	2.84	0.1508686938229174
5	3	2022	-15.83	-10.13	0.0	0.1862919033124477
6	3	2022	-18.9	-5.27	0.0	0.3995322415304029
7	3	2022	-16.02	1.49	0.0	0.6361084762488026
8	3	2022	-16.96	-7.34	0.0	0.3151366338607999
9	3	2022	-23.72	-12.98	0.0	0.2347801282195712
10	3	2022	-23.94	-11.94	0.0	0.2620500628191116
11	3	2022	-29.93	-10.63	0.0	0.2970160577880356
12	3	2022	-16.39	2.65	0.0	0.7245668093400887
13	3	2022	-10.24	-1.52	0.0	0.4161573038546537
14	3	2022	-10.71	2.6	0.0	0.7168649150466395
15	3	2022	-3.73	5.49	0.0	0.7076254229894913
16	3	2022	-1.96	4.62	0.0	0.4832256678941738
17	3	2022	-5.4	6.36	0.0	0.8902882733920894
18	3	2022	-1.62	6.26	0.0	0.6853126259129272
19	3	2022	-2.75	8.0	0.0	0.986800521310473
20	3	2022	-1.04	5.5	0.0	0.6049289740368748
21	3	2022	-1.24	6.43	0.0	0.7986906291340968
22	3	2022	-2.15	8.31	0.0	1.0942861986712298
23	3	2022	-2.2	13.96	0.0	1.5762238549580454
24	3	2022	-0.44	8.54	0.0	1.0332300946364987
25	3	2022	-6.02	2.05	0.0	0.6915558789949499
26	3	2022	-8.57	-1.28	0.0	0.5171862810749442
27	3	2022	-6.11	9.36	0.0	1.3399329694106703
28	3	2022	-2.54	9.99	0.0	1.448606600368372
29	3	2022	-5.72	1.72	0.0	0.7480143486073287
30	3	2022	-8.1	9.65	0.0	1.4331185675191416
31	3	2022	-1.36	5.73	1.49	0.9303485460012544
1	4	2022	-4.01	6.18	0.0	1.147858674442737
2	4	2022	-7.04	8.44	0.0	1.379195092219858
3	4	2022	-3.91	11.73	0.0	1.624177294868824
4	4	2022	-1.42	16.16	0.0	1.8968173352651991
5	4	2022	-0.4	9.21	2.25	1.1260702224336852
6	4	2022	-0.68	7.45	0.81	1.158425280486613
7	4	2022	-3.17	10.62	0.0	1.587701457270063
8	4	2022	-1.97	18.05	0.0	2.0165703342635997
9	4	2022	-0.3	12.47	0.0	1.7089166376118543
10	4	2022	-4.4	8.09	0.0	1.4422721821148452
11	4	2022	-7.93	-0.17	0.0	0.7571959459008486
12	4	2022	-9.91	-5.63	0.0	0.2761978179954104
13	4	2022	-9.51	-5.82	1.85	0.2260321976467101
14	4	2022	-9.27	-4.73	1.49	0.3358280198676648
15	4	2022	-11.0	-3.7	0.0	0.5798963586129596
16	4	2022	-11.1	0.52	0.0	0.9604892402397908
17	4	2022	-7.17	3.07	0.0	1.097949579562674
18	4	2022	-7.43	7.91	0.0	1.4701159845013403
19	4	2022	-3.27	4.82	1.43	1.1223055003708262
20	4	2022	-4.21	1.7	0.0	0.7360884421804534
21	4	2022	-8.38	5.16	0.0	1.312765250352856
22	4	2022	-2.38	3.68	0.0	0.8966458299422535
23	4	2022	0.0	7.79	1.95	1.3803905400071337
24	4	2022	-2.32	11.31	0.0	1.7413338386643344
25	4	2022	-2.93	11.1	0.0	1.7256929926691524
26	4	2022	-2.61	14.9	0.0	1.9612556272369683
27	4	2022	0.79	15.54	0.0	2.035529888181424
28	4	2022	0.74	17.62	0.0	2.167991965202108
29	4	2022	0.94	16.36	0.0	2.0940765189301165
30	4	2022	1.73	16.81	0.0	2.124866941791654
1	5	2022	-0.09	15.86	0.0	2.0546802316119877
2	5	2022	-0.85	18.12	0.0	2.1884498259791036
3	5	2022	3.92	20.13	0.0	2.360818075026578
4	5	2022	1.54	24.16	0.0	2.581387214866231
5	5	2022	8.95	27.45	0.0	2.7600213978497337
6	5	2022	9.9	22.89	1.23	2.4214750881989806
7	5	2022	6.36	14.51	5.74	1.5636467431180163
8	5	2022	3.58	16.33	0.28	2.025398214827723
9	5	2022	-0.3	14.47	4.29	1.7489331164422766
10	5	2022	2.54	14.21	3.15	1.618384046627552
11	5	2022	-0.21	18.85	0.0	2.191424427190817
12	5	2022	2.6	19.11	0.0	2.2269316140413684
13	5	2022	4.44	10.21	13.25	0.7421802824210555
14	5	2022	2.97	16.42	0.0	1.9452737962425264
15	5	2022	3.49	20.23	0.0	2.301838204395468
16	5	2022	4.88	22.35	0.0	2.44882181771019
17	5	2022	6.59	22.28	2.98	2.083704260594415
18	5	2022	6.99	16.76	1.53	1.700417690310273
19	5	2022	1.61	12.03	3.58	1.1461847699839476
20	5	2022	0.69	8.09	0.0	0.8920306123356253
21	5	2022	-0.49	13.25	0.0	1.707242157753153
22	5	2022	0.23	16.53	0.0	2.011795316346075
23	5	2022	1.95	21.8	0.0	2.410044492509362
24	5	2022	4.34	24.14	0.0	2.5773243016006524
25	5	2022	6.26	24.04	0.0	2.5712555156887795
26	5	2022	6.59	24.3	0.0	2.591942450212372
27	5	2022	6.49	21.3	2.05	1.9373698253545388
28	5	2022	7.36	22.62	0.0	2.4398708061084378
29	5	2022	9.96	19.8	0.0	1.830570329411617
30	5	2022	7.53	18.14	0.0	1.8306157432688572
31	5	2022	4.1	18.47	0.0	2.1215413651380652
1	6	2022	3.19	20.08	0.0	2.324736723306197
2	6	2022	3.91	21.52	0.0	2.429953735710334
3	6	2022	2.0	22.93	0.0	2.5180630036079292
4	6	2022	4.13	24.86	0.0	2.6621855309907207
5	6	2022	6.77	20.24	0.0	2.3040138559418852
6	6	2022	5.6	20.14	0.0	2.312302975590521
7	6	2022	7.78	20.34	0.0	2.2833514773367027
8	6	2022	6.5	24.24	1.59	2.6232062605726347
9	6	2022	11.28	25.24	5.55	2.267075406112528
10	6	2022	10.44	26.79	0.77	2.7795543903417994
11	6	2022	7.91	24.64	0.0	2.6472480739599433
12	6	2022	8.48	25.74	3.2	2.355318925259458
13	6	2022	11.04	22.89	2.79	1.8060300017386035
14	6	2022	6.95	19.63	0.0	2.066295935893051
15	6	2022	5.25	18.0	4.94	1.5965486186391826
16	6	2022	11.2	21.49	0.0	1.9077141275627452
17	6	2022	10.56	30.04	0.0	3.027125156460607
18	6	2022	17.76	32.39	0.0	2.9727152444276816
19	6	2022	15.75	21.8	6.32	0.785975508747907
20	6	2022	14.0	22.13	1.41	1.5024743032438894
21	6	2022	12.03	23.2	2.7	1.5953530522191
22	6	2022	10.72	28.02	0.0	2.7672250602038706
23	6	2022	10.43	28.28	5.53	2.3267903119655924
24	6	2022	8.35	19.61	1.14	1.7685684051065893
25	6	2022	8.29	21.17	2.56	1.6119180678873648
26	6	2022	8.21	25.23	0.0	2.4935343042011273
27	6	2022	9.49	24.7	2.71	1.9258602554081736
28	6	2022	10.25	23.11	3.18	1.6458110354989397
29	6	2022	12.84	26.83	0.0	2.333664355173867
30	6	2022	9.88	23.37	0.0	2.108735573095234
1	7	2022	8.76	24.45	0.0	2.3271124308395668
2	7	2022	9.94	23.52	3.55	1.7110248453758892
3	7	2022	10.99	24.07	2.87	1.6788803324922292
4	7	2022	13.24	17.52	9.96	0.4976624811909451
5	7	2022	12.78	20.02	3.85	0.8298430624630052
6	7	2022	12.74	25.26	0.0	2.0482501559934088
7	7	2022	13.6	24.57	0.77	1.8340431627201943
8	7	2022	16.65	31.14	0.0	2.5125493033415314
9	7	2022	16.19	29.75	0.0	2.357582680703861
10	7	2022	13.9	25.76	1.57	2.0019543190589637
11	7	2022	10.97	27.61	0.0	2.467514861012668
12	7	2022	10.25	29.84	0.0	2.7035840265885427
13	7	2022	15.56	32.88	3.37	2.2586862891943986
14	7	2022	16.0	28.25	0.0	2.1008193251888674
15	7	2022	15.88	33.77	0.0	2.814424555446424
16	7	2022	14.78	35.16	0.0	2.977075442134377
17	7	2022	14.85	33.04	0.0	2.767637778255496
18	7	2022	14.05	29.12	19.48	1.9007274782848111
19	7	2022	14.04	28.29	8.66	1.6829279815784253
20	7	2022	13.32	24.79	0.0	1.6062159587587872
21	7	2022	10.98	28.44	0.0	2.274146064729646
22	7	2022	10.75	25.67	0.0	1.9695055931836545
23	7	2022	9.33	22.04	0.0	1.6298923855737013
24	7	2022	7.65	27.48	0.0	2.3159109635837254
25	7	2022	12.67	20.88	4.44	0.89010187154888
26	7	2022	10.65	24.51	0.0	1.80004278377278
27	7	2022	7.89	25.5	0.0	2.0829532788761664
28	7	2022	7.76	26.95	0.0	2.2128494757491604
29	7	2022	12.3	32.59	0.0	2.5288390967663212
30	7	2022	14.63	27.64	7.64	1.4033136625633935
31	7	2022	13.82	28.22	10.44	1.5183556272393008
1	8	2022	15.18	26.92	0.0	1.509631421609476
2	8	2022	14.13	26.09	0.0	1.5080858454666286
3	8	2022	9.55	26.15	0.0	1.9034493836743032
4	8	2022	11.46	35.36	0.0	2.632438377338264
5	8	2022	9.46	21.08	0.0	1.2521324250618688
6	8	2022	4.57	22.31	0.0	1.753175853253112
7	8	2022	10.48	29.9	0.0	2.188125314026975
8	8	2022	10.08	33.6	0.0	2.5250848670097112
9	8	2022	10.42	26.33	0.0	1.807847491452683
10	8	2022	10.29	26.45	0.0	1.821849984933801
11	8	2022	15.35	24.77	0.0	1.1080888820903103
12	8	2022	11.73	31.27	0.0	2.2870012878787067
13	8	2022	16.09	32.57	0.0	2.107836384697272
14	8	2022	15.79	31.72	0.0	2.023570376898906
15	8	2022	12.51	29.89	0.0	2.0645269930947023
16	8	2022	13.62	34.16	0.0	2.42591467055092
17	8	2022	16.14	30.17	0.0	1.7801578039836523
18	8	2022	12.32	29.35	0.0	2.0206287335778312
19	8	2022	10.33	29.12	0.0	2.095981851939932
20	8	2022	13.64	31.22	0.0	2.0960544117765307
21	8	2022	12.4	33.46	0.0	2.366209710525979
22	8	2022	16.01	28.78	0.0	1.532474243027198
23	8	2022	15.44	26.25	0.0	1.229484490946746
24	8	2022	11.03	26.55	0.0	1.7095379588850186
25	8	2022	9.54	28.15	0.0	1.9562166587880732
26	8	2022	12.87	29.6	10.76	1.5569012800187885
27	8	2022	13.24	30.6	0.0	1.9093660486973525
28	8	2022	12.36	21.37	5.29	0.8428113081616775
29	8	2022	8.87	27.17	0.0	1.7955913522242233
30	8	2022	9.88	31.38	0.0	2.1045231300765006
31	8	2022	14.16	35.18	0.0	2.202383779950846
1	9	2022	14.2	33.58	0.0	2.0303681400060727
2	9	2022	6.48	26.67	0.0	1.7897818377627877
3	9	2022	11.91	36.34	0.0	2.3467869410354028
4	9	2022	15.23	33.81	0.0	1.925211546746588
5	9	2022	12.09	32.52	0.0	1.9860220430064388
6	9	2022	8.26	25.07	0.0	1.493816047527573
7	9	2022	10.38	35.61	0.0	2.2844682193032204
8	9	2022	7.29	20.71	0.0	1.152833734291291
9	9	2022	3.37	17.53	0.0	1.0939090106726397
10	9	2022	1.98	22.57	0.0	1.532705723603153
11	9	2022	7.66	31.51	0.0	2.0375529120568525
12	9	2022	8.03	24.35	0.0	1.3993218847414144
13	9	2022	9.98	16.12	1.44	0.5540941094041714
14	9	2022	8.11	15.7	1.61	0.6537958892010409
15	9	2022	7.43	15.43	0.0	0.6771149099902816
16	9	2022	9.92	20.05	0.0	0.906115295947042
17	9	2022	7.45	22.91	0.0	1.277436625658527
18	9	2022	5.02	22.41	0.0	1.371605187443777
19	9	2022	8.87	21.06	1.03	1.0472977172829987
20	9	2022	4.65	14.21	0.0	0.7414157399012351
21	9	2022	-0.68	16.86	0.0	1.1369805462751477
22	9	2022	1.24	17.53	2.29	1.0236428088961729
23	9	2022	4.48	17.98	0.0	1.0161319730459244
24	9	2022	6.72	21.4	0.0	1.160685255865094
25	9	2022	1.92	21.79	0.0	1.3932490657336454
26	9	2022	5.27	22.96	0.0	1.3559829653382294
27	9	2022	5.61	25.07	0.0	1.5058023769586453
28	9	2022	8.18	30.87	0.0	1.8371720779833176
29	9	2022	7.38	31.25	0.0	1.871447500079671
30	9	2022	9.18	23.72	0.0	1.1718538217918355
1	10	2022	7.17	19.2	0.0	0.9327214510981496
2	10	2022	5.91	18.23	0.0	0.9231319812264452
3	10	2022	6.01	22.09	0.0	1.2481808651968729
4	10	2022	6.67	25.39	0.0	1.5028965282778288
5	10	2022	4.12	13.2	0.0	0.6437648137964133
6	10	2022	-3.22	9.79	0.0	0.7224154770838204
7	10	2022	-3.25	19.55	0.0	1.3088301818994834
8	10	2022	2.47	22.36	0.0	1.367659968064861
9	10	2022	2.76	22.12	0.0	1.3331963352468783
10	10	2022	2.53	25.22	0.0	1.5359572761788545
11	10	2022	4.0	14.92	0.0	0.7493175407101375
12	10	2022	2.28	11.5	0.0	0.5983687254836748
13	10	2022	-0.06	14.02	0.0	0.8400323574016576
14	10	2022	-1.69	15.29	0.0	0.9503657310901936
15	10	2022	-2.25	9.55	0.0	0.6424307757243854
16	10	2022	-4.83	9.26	0.0	0.6946361185042327
17	10	2022	-2.07	17.38	0.0	1.1487184963942498
18	10	2022	0.24	22.62	0.0	1.4987981324570343
19	10	2022	1.7	21.57	0.0	1.387082350530798
20	10	2022	2.34	16.19	0.0	0.9301478546991594
21	10	2022	1.23	10.6	0.0	0.551880440633924
22	10	2022	-2.24	10.26	6.99	0.6177746266487801
23	10	2022	-1.02	3.26	13.91	0.2150738373477973
24	10	2022	-3.14	0.51	0.0	0.1781998232072259
25	10	2022	-3.7	2.14	0.0	0.2807691409308768
26	10	2022	-4.83	4.4	0.0	0.430769002213734
27	10	2022	-1.16	7.43	0.0	0.4607630137641838
28	10	2022	0.32	8.84	0.0	0.4822574120989505
29	10	2022	-1.08	11.62	0.0	0.6867813262098196
30	10	2022	-0.8	13.2	0.0	0.7872302962189885
31	10	2022	-0.88	8.55	0.0	0.5082030396320035
1	11	2022	-0.24	10.72	0.0	0.6022925809000033
2	11	2022	-2.73	1.66	0.0	0.2153590800155307
3	11	2022	-7.9	-1.84	0.0	0.2387904816494611
4	11	2022	-7.97	5.47	1.74	0.55652102495816
5	11	2022	-4.91	5.34	12.63	0.4511021388118612
6	11	2022	-11.46	-5.51	0.0	0.1996129083669334
7	11	2022	-12.66	-6.0	4.55	0.1992991639947703
8	11	2022	-16.66	-6.94	0.0	0.2541445329852239
9	11	2022	-21.88	-14.96	0.0	0.127407681082546
10	11	2022	-22.23	-14.33	0.0	0.1435515706762447
11	11	2022	-21.81	-11.18	0.0	0.2036805508099375
12	11	2022	-21.2	-9.74	1.28	0.2289857364603638
13	11	2022	-14.27	-6.32	0.0	0.231375149154476
14	11	2022	-12.75	-5.57	0.95	0.2253174064467388
15	11	2022	-12.22	-3.95	0.0	0.2680643238891217
16	11	2022	-11.04	-2.79	0.0	0.2842801868658313
17	11	2022	-17.1	-10.19	0.0	0.1695741968268015
18	11	2022	-17.38	-7.46	0.0	0.2448182209653774
19	11	2022	-12.11	-3.86	0.0	0.2692913769011618
20	11	2022	-11.85	0.47	0.0	0.408812248456987
21	11	2022	-11.85	1.25	1.51	0.4335950331247948
22	11	2022	-6.37	2.81	0.0	0.3886045995100661
23	11	2022	-4.49	2.4	0.0	0.3133287107745374
24	11	2022	-6.63	4.19	0.0	0.4481998422163349
25	11	2022	-0.67	6.88	0.0	0.3954253322828505
26	11	2022	-2.86	2.61	0.0	0.2620558716466574
27	11	2022	-4.02	3.24	1.39	0.3324240350583813
28	11	2022	-11.59	-4.13	2.85	0.2285006211438313
29	11	2022	-16.37	-11.07	0.0	0.1284866880530445
30	11	2022	-19.96	-13.0	1.3	0.1378661716581851
1	12	2022	-21.19	-12.59	0.8	0.1598864055999683
2	12	2022	-27.52	-20.0	0.0	0.0891550854047133
3	12	2022	-23.39	-11.45	0.0	0.1964977032285054
4	12	2022	-14.58	-3.25	0.0	0.3122855059220579
5	12	2022	-22.56	-11.97	0.78	0.1811677273821725
6	12	2022	-32.34	-20.19	0.0	0.1061129020072149
7	12	2022	-34.78	-8.8	0.0	0.2326136097018697
8	12	2022	-15.97	-4.49	0.0	0.2899291898116398
9	12	2022	-11.28	-1.96	0.0	0.2971758087576442
10	12	2022	-15.8	-5.62	0.0	0.2564379904749992
11	12	2022	-10.61	-4.27	2.59	0.1965149412766547
12	12	2022	-12.05	-7.02	3.79	0.1433158869234606
13	12	2022	-14.64	-11.18	0.0	0.0873927508454332
14	12	2022	-16.9	-8.63	0.01	0.1927361265261642
15	12	2022	-16.08	-10.45	0.0	0.1342425049479609
16	12	2022	-20.42	-12.76	0.72	0.1431971002083089
17	12	2022	-20.29	-14.51	1.34	0.1064539791520754
18	12	2022	-26.26	-19.65	0.81	0.0823693413561803
19	12	2022	-31.13	-22.84	2.01	0.0711508255494923
20	12	2022	-34.95	-29.41	1.87	0.0348178898928818
21	12	2022	-32.78	-28.56	0.48	0.0308794269698353
22	12	2022	-31.77	-26.6	0.0	0.0419634955879501
23	12	2022	-34.62	-20.55	0.0	0.1050221652646977
24	12	2022	-23.12	-11.85	2.31	0.1778066498918482
25	12	2022	-16.75	-5.57	0.0	0.269551715596626
26	12	2022	-15.03	3.01	0.0	0.4944664645147037
27	12	2022	-8.35	1.14	6.4	0.3352771645971795
28	12	2022	-15.47	-5.83	0.96	0.2470370009139516
29	12	2022	-14.42	-9.55	0.0	0.1272162084595578
30	12	2022	-15.55	-7.19	0.0	0.2115465557460875
31	12	2022	-15.89	-7.91	0.0	0.1977628510572625
1	1	2023	-16.96	-5.91	0.0	0.2607622397778555
2	1	2023	-13.91	-4.02	0.0	0.2744434378831397
3	1	2023	-15.09	-5.78	0.0	0.2422059957978454
4	1	2023	-16.83	-8.78	0.0	0.1886130082171968
5	1	2023	-16.25	-9.84	0.0	0.1534728146582299
6	1	2023	-16.59	-4.56	0.0	0.2935274135095779
7	1	2023	-10.49	-2.24	0.0	0.273845778902178
8	1	2023	-13.08	-3.3	0.0	0.2865616877680852
9	1	2023	-12.07	-2.02	0.0	0.3114750751969822
10	1	2023	-14.34	-8.22	0.0	0.1654254856705901
11	1	2023	-15.16	-9.56	0.0	0.1442384184552291
12	1	2023	-13.23	-5.71	0.0	0.2193549280450986
13	1	2023	-10.22	0.26	0.0	0.3604659878589606
14	1	2023	-9.97	-1.33	0.0	0.3006975545454523
15	1	2023	-9.48	-6.12	0.0	0.116709036497045
16	1	2023	-9.06	-7.19	0.0	0.0665205873439444
17	1	2023	-9.62	-6.41	0.0	0.111698466045597
18	1	2023	-8.19	-2.88	0.0	0.2020826129152639
19	1	2023	-10.35	-4.88	0.0	0.1877218706842074
20	1	2023	-13.84	-4.1	0.0	0.2848372268720679
21	1	2023	-11.93	-0.74	0.0	0.3643962215775886
22	1	2023	-7.02	1.0	0.0	0.3297920157850623
23	1	2023	-11.78	-1.61	0.0	0.3520407874443628
24	1	2023	-10.13	-1.82	0.0	0.299645371078174
25	1	2023	-8.09	-1.33	1.19	0.281556596134761
26	1	2023	-8.5	3.29	1.04	0.5992835322155186
27	1	2023	-18.82	-3.94	0.0	0.3838313266581684
28	1	2023	-23.69	-18.3	0.0	0.0888094860164233
29	1	2023	-25.3	-19.11	0.0	0.0927904464188354
30	1	2023	-25.6	-17.87	0.0	0.116135996310986
31	1	2023	-22.73	-11.8	0.0	0.2050132636858757
1	2	2023	-22.41	-10.13	1.52	0.2399059462817053
2	2	2023	-26.03	-16.96	0.0	0.1360522953045168
3	2	2023	-18.85	-0.6	0.0	0.5255924205093094
4	2	2023	-6.62	1.02	0.0	0.4683304448107024
5	2	2023	-10.66	2.04	0.0	0.6474910302665873
6	2	2023	-4.75	0.62	0.0	0.3234711715517609
7	2	2023	-4.08	3.17	0.0	0.5600129910659717
8	2	2023	-8.69	0.16	4.43	0.4182377626373378
9	2	2023	-13.24	-2.01	0.0	0.5054150354275065
10	2	2023	-8.31	4.69	0.0	0.8234523640131548
11	2	2023	-6.28	1.51	0.0	0.5615151670815836
12	2	2023	-7.19	1.74	0.0	0.6315381616195646
13	2	2023	-3.43	3.82	0.0	0.6528764302983099
14	2	2023	-16.52	-3.52	0.0	0.4928536595646159
15	2	2023	-16.84	-8.79	0.0	0.2626708987871526
16	2	2023	-18.62	-1.65	0.0	0.568415001673466
17	2	2023	-8.67	0.07	0.0	0.5777812848727989
18	2	2023	-12.25	-3.32	0.0	0.4585982894188754
19	2	2023	-11.89	-4.11	1.01	0.4008691969801344
20	2	2023	-19.31	-8.54	0.0	0.3373819936954581
21	2	2023	-26.27	-16.32	0.0	0.1630963985458862
22	2	2023	-29.78	-24.83	0.0	0.0591126324251804
23	2	2023	-28.29	-21.98	0.0	0.0872327059529166
24	2	2023	-30.91	-19.53	0.0	0.1380953531545612
25	2	2023	-26.98	-11.68	0.0	0.2883184292663068
26	2	2023	-18.0	-0.47	0.0	0.6828072225772452
27	2	2023	-14.91	-3.77	0.0	0.5495262377167353
28	2	2023	-19.14	-10.06	0.0	0.3037363069306873
1	3	2023	-18.22	-6.43	0.0	0.4606721257998553
2	3	2023	-11.35	1.57	0.0	0.8424499634131889
3	3	2023	-9.86	-0.2	0.0	0.7179094080855611
4	3	2023	-14.55	-4.06	0.0	0.5613956631593344
5	3	2023	-19.98	-9.9	0.0	0.3505926464078155
6	3	2023	-24.53	-12.73	0.0	0.2873948855320575
7	3	2023	-17.04	-12.93	0.0	0.1274201729732048
8	3	2023	-18.77	-13.22	1.5	0.1667351369600915
9	3	2023	-17.98	-10.3	0.0	0.3134379548688269
10	3	2023	-13.8	-6.65	4.84	0.3244664805391963
11	3	2023	-12.45	-6.66	4.57	0.2699369852821481
12	3	2023	-19.56	-9.22	0.0	0.4174731109041233
13	3	2023	-17.89	-3.24	0.0	0.6785870848948005
14	3	2023	-11.58	2.1	1.24	0.9856017905007746
15	3	2023	-13.92	-3.86	2.56	0.5167931381028898
16	3	2023	-13.87	-5.06	0.0	0.5345065220078368
17	3	2023	-20.92	-8.81	0.0	0.4352632872615758
18	3	2023	-20.42	-0.5	0.0	0.7490522265669916
19	3	2023	-14.95	-3.53	0.0	0.6644330913049648
20	3	2023	-14.41	-6.91	0.0	0.4359572983035474
21	3	2023	-16.0	-6.89	0.0	0.4910426360765796
22	3	2023	-15.55	-6.72	0.0	0.498690885062527
23	3	2023	-15.38	2.48	0.0	0.9807627232105958
24	3	2023	-14.25	-3.48	0.0	0.6866923725095329
25	3	2023	-18.17	-4.27	0.0	0.6619969248302684
26	3	2023	-14.68	-5.84	0.0	0.5444849858103813
27	3	2023	-19.49	-8.51	0.0	0.4800873445589259
28	3	2023	-21.39	-6.37	0.0	0.5782902782902091
29	3	2023	-18.29	-1.29	0.0	0.8154655282118749
30	3	2023	-14.41	-1.92	0.0	0.8189847897228703
31	3	2023	-15.01	0.36	0.0	0.937977849117872
1	4	2023	-7.2	4.17	0.0	1.1802504119808834
2	4	2023	-8.32	-1.44	2.69	0.5573248542177122
3	4	2023	-13.77	-7.97	1.79	0.3532392828508139
4	4	2023	-19.18	-7.61	0.0	0.5282538689397199
5	4	2023	-22.6	-7.13	0.0	0.5513407870431121
6	4	2023	-21.58	-3.86	0.0	0.6821734755563541
7	4	2023	-12.39	1.52	0.0	1.0245125719702748
8	4	2023	-3.6	6.46	0.0	1.3137238656301342
9	4	2023	1.12	9.06	0.0	1.3767599155264456
10	4	2023	2.73	10.39	0.0	1.446383393871478
11	4	2023	0.76	13.81	0.0	1.7976844731895638
12	4	2023	0.12	8.32	0.0	1.3755858366168945
13	4	2023	-1.19	5.45	2.3	0.8326501126376926
14	4	2023	-1.2	7.55	3.12	1.0963490584385358
15	4	2023	-2.08	11.59	0.0	1.6823809371912848
16	4	2023	-0.83	14.81	0.0	1.8908646609737607
17	4	2023	2.64	16.19	0.0	1.9947283733502883
18	4	2023	0.69	6.98	3.6	0.7337466176283718
19	4	2023	-4.19	0.33	5.8	0.2879247143960798
20	4	2023	-5.16	-1.77	0.6	0.2385730565418807
21	4	2023	-5.33	0.88	0.0	0.5853888716885277
22	4	2023	-5.6	5.34	0.0	1.1362732901939665
23	4	2023	-5.45	8.18	0.0	1.386684628896789
24	4	2023	-2.14	10.19	0.0	1.5244118248453171
25	4	2023	1.59	16.18	1.57	1.9870889047440443
26	4	2023	2.19	14.95	0.0	1.8988549943626352
27	4	2023	2.67	10.27	0.0	1.2782639862147709
28	4	2023	-1.06	18.95	0.0	2.134452757346345
29	4	2023	-1.01	15.87	0.0	1.9695716756506785
30	4	2023	-2.45	15.95	0.0	1.957428056167306
1	5	2023	-0.73	19.66	0.0	2.1907185262776303
2	5	2023	2.03	25.36	0.0	2.5488571192806626
3	5	2023	4.32	27.04	0.0	2.680176184740807
4	5	2023	5.8	26.63	0.0	2.678531931340929
5	5	2023	4.42	20.01	0.0	2.2557517564868705
6	5	2023	3.91	16.71	0.0	2.026261583864211
7	5	2023	6.93	17.85	0.0	2.067203184662826
8	5	2023	6.58	18.62	0.0	2.1437865428751457
9	5	2023	3.47	20.64	0.0	2.3167170637232517
10	5	2023	7.31	20.75	0.0	2.2981142525891953
11	5	2023	6.02	19.52	0.0	2.225283511796819
12	5	2023	8.51	16.54	0.0	1.792663484376292
13	5	2023	5.6	23.0	0.0	2.4849936015577723
14	5	2023	4.75	24.85	0.0	2.6015390376951495
15	5	2023	8.57	26.72	0.0	2.7333397781914717
16	5	2023	9.33	30.4	0.0	2.9771358380955526
17	5	2023	6.01	18.7	0.0	2.1507066840572695
18	5	2023	3.44	15.11	0.0	1.901750068327188
19	5	2023	0.49	24.88	0.0	2.555762418771628
20	5	2023	11.25	25.13	0.0	2.5512930315087483
21	5	2023	6.78	25.15	0.0	2.61609507360161
22	5	2023	11.29	30.84	2.02	2.7353835451305715
23	5	2023	11.74	26.24	0.0	2.623259563594627
24	5	2023	11.17	24.51	7.77	2.2948708001497975
25	5	2023	12.64	17.09	2.43	0.5421689570852205
26	5	2023	10.34	18.85	0.0	1.67959882048297
27	5	2023	7.79	16.99	6.18	1.3157353815799306
28	5	2023	12.67	20.75	0.48	1.6328699633935717
29	5	2023	9.99	26.35	0.0	2.7134932463110095
30	5	2023	11.04	28.64	2.35	2.5434365732862565
31	5	2023	11.36	30.15	0.0	2.992861067557677
1	6	2023	13.5	26.1	5.9	2.0802098473603916
2	6	2023	13.02	22.18	4.6	1.4323656277588068
3	6	2023	16.08	26.58	4.33	1.7613137738775513
4	6	2023	14.99	30.19	0.0	2.8731942842025116
5	6	2023	16.92	32.12	0.0	2.986511549781566
6	6	2023	15.88	28.92	0.0	2.613970248269292
7	6	2023	13.89	29.09	10.39	2.309370909587617
8	6	2023	13.63	28.97	0.0	2.7016624147215182
9	6	2023	12.37	25.7	0.0	2.4075024611119233
10	6	2023	10.09	23.68	0.0	2.356385950976359
11	6	2023	9.28	27.44	0.0	2.8211836331409774
12	6	2023	11.3	29.56	0.0	2.9778551339605555
13	6	2023	11.66	30.71	0.0	3.0720209299865737
14	6	2023	12.45	29.05	3.34	2.431645885933137
15	6	2023	9.03	17.85	0.0	1.5161134028241177
16	6	2023	6.54	24.56	0.0	2.625595876301222
17	6	2023	11.25	20.91	0.0	1.7925071687279073
18	6	2023	7.85	24.07	18.23	2.1138299468227086
19	6	2023	9.22	22.67	0.0	2.1349254294667896
20	6	2023	9.07	22.45	0.0	2.126734583293966
21	6	2023	7.35	20.78	0.0	2.0388715751331596
22	6	2023	9.22	23.7	0.0	2.295709784859118
23	6	2023	8.18	25.65	0.0	2.5581148036145525
24	6	2023	8.84	25.62	0.0	2.5100682729679593
25	6	2023	10.59	28.68	0.0	2.7500640170835404
26	6	2023	11.44	26.37	0.0	2.423186466031162
27	6	2023	11.03	28.78	0.0	2.7153529481513523
28	6	2023	11.26	25.98	0.0	2.364789065194664
29	6	2023	9.15	27.71	0.0	2.672658294549649
30	6	2023	13.39	30.47	0.0	2.7831087160082673
1	7	2023	14.02	33.12	0.0	3.025484760620793
2	7	2023	11.52	23.53	0.0	1.9764376891403204
3	7	2023	9.35	23.11	0.0	2.125385664628086
4	7	2023	7.5	18.59	0.0	1.62376338349614
5	7	2023	6.26	24.06	0.0	2.403300592463607
6	7	2023	9.08	27.07	0.0	2.607792477133539
7	7	2023	7.5	25.28	0.0	2.470610395931795
8	7	2023	9.48	28.23	0.0	2.6971944052608743
9	7	2023	11.31	30.51	0.0	2.850446551561564
10	7	2023	10.68	24.1	0.0	2.1016711132863293
11	7	2023	8.79	20.76	6.39	1.4173164302866572
12	7	2023	10.45	24.25	0.0	2.0975735313606494
13	7	2023	12.0	26.27	0.0	2.274588979828012
14	7	2023	10.12	22.81	0.0	1.9738122152585087
15	7	2023	8.39	24.3	0.0	2.2819491835181065
16	7	2023	8.22	23.37	0.0	2.179475035852934
17	7	2023	8.8	26.62	7.01	2.0679855709994617
18	7	2023	11.1	21.93	1.78	1.6570045455764253
19	7	2023	12.71	23.75	0.0	1.8053398665281664
20	7	2023	9.71	27.62	0.0	2.56809663405886
21	7	2023	10.83	29.8	0.0	2.7326349056902104
22	7	2023	11.14	30.39	0.0	2.76665640516414
23	7	2023	14.31	31.36	0.0	2.7072800300503768
24	7	2023	15.82	36.06	0.0	3.114436484758621
25	7	2023	17.97	34.17	0.0	2.7819609043729026
26	7	2023	11.61	27.84	0.0	2.443027323997212
27	7	2023	8.48	23.73	0.0	2.1328555851604087
28	7	2023	7.68	21.48	0.0	1.8930293880991969
29	7	2023	5.49	24.76	0.0	2.3508209811241123
30	7	2023	10.48	30.2	0.0	2.711961219668524
31	7	2023	15.34	33.27	0.0	2.799538478920385
1	8	2023	13.43	33.22	0.0	2.865685769456801
2	8	2023	13.23	31.35	0.0	2.6669282511663366
3	8	2023	14.17	36.74	0.0	3.1160320495458307
4	8	2023	14.46	28.17	0.0	2.133487542040266
5	8	2023	10.42	27.64	0.0	2.365988537816286
6	8	2023	9.19	26.45	0.0	2.288515408170457
7	8	2023	8.95	29.01	0.0	2.5431095041020577
8	8	2023	10.35	25.05	0.0	2.032864732759931
9	8	2023	11.36	20.08	9.5	0.8614655227293727
10	8	2023	12.18	25.06	7.61	1.4132643433104366
11	8	2023	11.59	23.09	0.0	1.479625739178524
12	8	2023	9.41	22.41	5.61	1.27858676090556
13	8	2023	9.71	25.52	0.0	1.916521850528034
14	8	2023	12.29	33.21	0.0	2.551851976412899
15	8	2023	13.87	30.73	0.0	2.1927463346173734
16	8	2023	11.6	23.92	0.0	1.5111724182245794
17	8	2023	8.42	31.87	0.0	2.5144873441042637
18	8	2023	14.58	27.91	0.0	1.7128407628990276
19	8	2023	8.32	20.55	0.0	1.3304783561846478
20	8	2023	5.59	21.33	0.0	1.6227960193637003
21	8	2023	11.62	18.0	23.02	0.6061207547514832
22	8	2023	13.4	20.92	10.59	0.740729443420513
23	8	2023	14.19	25.94	0.0	1.3462813507534268
24	8	2023	10.57	24.36	0.0	1.5100187930239446
25	8	2023	9.48	21.0	0.0	1.1780705493487005
26	8	2023	9.74	29.91	0.0	2.1418078082480316
27	8	2023	11.72	28.55	0.0	1.8908184821993184
28	8	2023	10.78	29.9	0.0	2.0645247061771976
29	8	2023	12.11	31.82	0.0	2.172830344770232
30	8	2023	14.73	28.76	0.0	1.645483783371194
31	8	2023	11.8	23.14	1.94	1.2319205777249118
1	9	2023	13.32	28.21	0.0	1.7467052695448169
2	9	2023	13.12	30.17	0.0	1.9973857440265372
3	9	2023	8.44	32.5	0.0	2.3528617238448692
4	9	2023	10.14	20.6	0.0	1.0563090650678486
5	9	2023	3.14	17.13	0.0	1.2167202460498887
6	9	2023	8.34	24.98	0.0	1.761363800482575
7	9	2023	8.44	21.8	0.0	1.4038604166549835
8	9	2023	4.02	22.51	0.0	1.6804963849169023
9	9	2023	7.12	23.13	0.0	1.587570480628519
10	9	2023	5.04	24.56	0.0	1.7804154023797265
11	9	2023	5.74	22.81	0.0	1.5846079323975657
12	9	2023	8.05	28.09	0.0	1.9335050620841816
13	9	2023	11.65	22.68	1.16	1.1280868742860182
14	9	2023	7.44	20.93	0.0	1.277634086663303
15	9	2023	4.41	21.99	0.0	1.5279927560546889
16	9	2023	6.26	29.66	0.0	2.0544020568461425
17	9	2023	7.2	31.49	0.0	2.262448833765364
18	9	2023	9.73	27.23	0.0	1.8263819943355435
19	9	2023	5.8	18.34	0.0	1.1327884295562067
20	9	2023	4.33	20.76	0.0	1.439634762202456
21	9	2023	3.4	21.71	0.0	1.5343090353558015
22	9	2023	4.93	21.62	0.0	1.447056221926194
23	9	2023	11.37	18.52	0.0	0.6421288403574514
24	9	2023	10.35	23.51	0.0	1.2696880913507052
25	9	2023	6.95	26.56	0.0	1.7490597235708891
26	9	2023	11.65	29.31	0.0	1.757223676687449
27	9	2023	9.29	23.75	1.93	1.3370524184700912
28	9	2023	5.67	19.55	0.0	1.125977037319352
29	9	2023	2.53	18.67	0.0	1.1976508779127015
30	9	2023	2.64	10.54	13.25	0.5018121912121064
1	10	2023	7.39	10.25	3.73	0.2131707684362311
2	10	2023	7.16	15.28	0.95	0.6387864338183125
3	10	2023	5.14	14.99	0.0	0.7341035721035089
4	10	2023	3.05	14.54	1.77	0.7993530995734346
5	10	2023	-0.91	8.63	0.0	0.5806886338036698
6	10	2023	-4.56	10.99	0.0	0.8276951411876572
7	10	2023	4.4	21.24	0.0	1.176063945273804
8	10	2023	2.5	22.93	0.0	1.3383575254144
9	10	2023	4.09	22.2	0.0	1.2318696505204796
10	10	2023	3.36	21.54	0.0	1.2100017558082006
11	10	2023	3.88	16.51	0.0	0.8663030411125383
12	10	2023	0.76	10.58	0.0	0.6122778397169777
13	10	2023	-3.06	11.7	0.0	0.8004364959525977
14	10	2023	-0.52	12.38	0.0	0.7613645115579298
15	10	2023	-0.56	15.65	0.0	0.9456840269889668
16	10	2023	1.55	19.94	0.0	1.1300375369166924
17	10	2023	6.85	20.4	0.0	0.9764312728116956
18	10	2023	4.6	15.31	0.0	0.733137818791501
19	10	2023	4.24	22.06	0.0	1.165677830501323
20	10	2023	4.18	14.8	0.0	0.7110337176539558
21	10	2023	-2.65	11.93	0.0	0.7755853995505338
22	10	2023	2.68	10.8	0.0	0.5174482810936789
23	10	2023	-3.01	3.0	4.31	0.2885452711524701
24	10	2023	-10.91	-3.45	5.22	0.2574402062422625
25	10	2023	-14.25	-6.17	0.0	0.2520400233495264
26	10	2023	-13.46	-5.9	0.0	0.2449748585887415
27	10	2023	-9.39	-4.2	0.62	0.2034073246276007
28	10	2023	-9.55	-3.42	0.54	0.2401581868140167
29	10	2023	-8.9	-1.24	0.0	0.3129737804099389
30	10	2023	-14.74	-4.72	0.0	0.3057746143764853
31	10	2023	-14.47	1.78	0.0	0.5137015676031309
1	11	2023	-8.87	0.26	0.0	0.3664170839508405
2	11	2023	-6.65	3.62	0.0	0.4552317852516602
3	11	2023	-6.66	1.15	0.0	0.3417030336395789
4	11	2023	-4.84	4.44	1.83	0.4386426740909195
5	11	2023	-0.36	4.64	3.95	0.2618652105981332
6	11	2023	0.37	3.89	0.0	0.200876993185939
7	11	2023	-0.3	3.21	8.64	0.1807599661453653
8	11	2023	-1.61	3.51	1.05	0.2678578008335372
9	11	2023	-6.25	0.46	0.0	0.2908557796285846
10	11	2023	-8.61	2.24	0.0	0.4246398318793425
11	11	2023	-4.14	7.62	0.0	0.5537311466221576
12	11	2023	-2.41	8.32	0.0	0.5385855281063128
13	11	2023	-3.26	9.35	0.0	0.6074047140254584
14	11	2023	-2.13	7.76	0.0	0.4990517015819909
15	11	2023	-4.32	6.8	0.0	0.51295918609561
16	11	2023	-9.4	2.26	0.0	0.4308540543476386
17	11	2023	-2.79	10.31	0.0	0.6326664955717253
18	11	2023	-3.29	13.28	0.0	0.7766306686633347
19	11	2023	-1.14	11.72	0.0	0.6550102242715183
20	11	2023	-3.84	5.23	0.0	0.4194675351546051
21	11	2023	-9.08	9.11	0.0	0.6740906213860043
22	11	2023	-7.99	2.27	0.0	0.3937662718133847
23	11	2023	-16.12	-6.4	0.0	0.2452275137761617
24	11	2023	-13.23	-0.82	0.0	0.3696851358698256
25	11	2023	-8.26	0.94	0.36	0.3498881414999277
26	11	2023	-14.25	-4.2	0.0	0.2831110541880496
27	11	2023	-8.56	0.72	0.0	0.3449637123619581
28	11	2023	-4.53	5.03	0.0	0.4147801860281586
29	11	2023	-6.03	2.93	0.0	0.3642327033122075
30	11	2023	-10.36	-1.6	0.0	0.291130622391788
1	12	2023	-14.41	-0.33	0.0	0.3904650266149112
2	12	2023	-10.49	2.04	0.0	0.4173875607860913
3	12	2023	-12.49	1.56	0.0	0.4265755648755561
4	12	2023	-7.1	0.78	0.0	0.2998796681691019
5	12	2023	-8.47	9.28	0.0	0.6524071208809307
6	12	2023	-2.3	8.95	0.0	0.5212504756494499
7	12	2023	-0.81	3.62	0.24	0.2136815142206668
8	12	2023	-6.55	0.27	0.0	0.2609457525075397
9	12	2023	-9.05	-0.53	0.0	0.2928603994295705
10	12	2023	-7.4	1.77	0.0	0.3411280800560591
11	12	2023	-11.37	-1.22	0.0	0.3142837804648508
12	12	2023	-13.59	2.0	0.0	0.4454575715415902
13	12	2023	-6.37	8.88	0.0	0.6012583158586184
14	12	2023	-4.56	6.14	0.0	0.4489963082512705
15	12	2023	-5.7	3.92	0.0	0.3836732560921409
16	12	2023	-3.23	4.35	0.0	0.3326120942110079
17	12	2023	-10.23	1.31	0.0	0.3791316210063565
18	12	2023	-10.89	4.1	0.0	0.484949011881649
19	12	2023	-2.96	0.27	0.0	0.1413785226478866
20	12	2023	-3.71	8.11	0.0	0.514267280409388
21	12	2023	-5.73	4.76	0.0	0.4207007055486731
22	12	2023	-5.12	10.66	0.0	0.6534452507469525
23	12	2023	-5.62	2.79	0.0	0.3360043223359044
24	12	2023	-12.17	0.52	0.0	0.3821940561856657
25	12	2023	-10.6	5.47	0.0	0.5298282755484058
26	12	2023	-10.29	7.49	0.0	0.5980138518507264
27	12	2023	-8.31	5.96	0.0	0.5171900301235163
28	12	2023	-9.02	9.91	0.0	0.6751212183832331
29	12	2023	-8.09	5.19	0.0	0.4839978040365353
30	12	2023	-13.3	0.57	0.0	0.3969747146186291
31	12	2023	-10.15	3.97	0.0	0.4713161101754536
