Day	Month	Year	Tmin(c)	Tmax(c)	Prcp(mm)	Et0(mm)
1	1	2018	-32.29	-14.85	0.0	0.1625643195722599
2	1	2018	-22.42	-4.82	0.0	0.3188523399115771
3	1	2018	-14.28	-2.25	0.0	0.3289915492761049
4	1	2018	-14.48	-5.45	0.0	0.238614707253776
5	1	2018	-13.67	-5.84	0.0	0.2138102300339801
6	1	2018	-10.7	2.95	0.0	0.4529384572680322
7	1	2018	-7.72	2.2	0.0	0.3711862326253413
8	1	2018	-9.7	-1.27	0.0	0.2856620153836895
9	1	2018	-9.89	1.8	0.0	0.4013582631305081
10	1	2018	-23.63	-13.73	0.6	0.153973617442169
11	1	2018	-29.0	-21.78	0.0	0.0740085762612418
12	1	2018	-31.66	-20.66	0.0	0.0988389618336668
13	1	2018	-27.69	-7.49	0.0	0.2756123374639603
14	1	2018	-22.82	-8.5	0.0	0.2499816847427654
15	1	2018	-29.4	-16.14	0.0	0.1472397568393032
16	1	2018	-21.94	-1.09	0.0	0.4124630875027015
17	1	2018	-10.12	3.57	0.0	0.4795734239380355
18	1	2018	-6.84	7.14	0.0	0.5837920278429064
19	1	2018	-5.14	4.49	0.0	0.415711859185594
20	1	2018	-8.81	1.67	0.0	0.3882950457197626
21	1	2018	-12.34	0.51	0.0	0.4082582775657983
22	1	2018	-11.43	4.3	0.0	0.5490784918520436
23	1	2018	-11.3	0.6	0.0	0.3988898549566921
24	1	2018	-11.26	-1.02	0.0	0.3418792934688289
25	1	2018	-8.79	1.55	0.0	0.3898461350301839
26	1	2018	-12.17	-4.75	0.37	0.2330737480490604
27	1	2018	-18.78	-13.02	0.0	0.1222238137230452
28	1	2018	-21.45	-13.09	0.0	0.1558874982977391
29	1	2018	-22.25	-2.62	0.0	0.3935191533516479
30	1	2018	-12.8	4.51	0.0	0.6206364358154054
31	1	2018	-22.47	-12.61	0.0	0.1784492301569196
1	2	2018	-26.18	-14.68	0.0	0.1672534131368614
2	2	2018	-21.77	-16.15	4.0	0.0962942155059372
3	2	2018	-28.07	-19.49	1.97	0.1061198740805722
4	2	2018	-29.33	-16.52	0.0	0.1543798940755181
5	2	2018	-27.01	-16.04	0.0	0.1529977600965833
6	2	2018	-29.13	-16.92	0.0	0.1495918860807966
7	2	2018	-27.59	-13.11	0.0	0.2039571175320725
8	2	2018	-27.23	-17.14	0.0	0.1388064523189522
9	2	2018	-29.52	-16.93	0.0	0.1527221814987923
10	2	2018	-21.84	-10.28	0.0	0.2341010670661268
11	2	2018	-28.09	-15.15	0.0	0.176217040836997
12	2	2018	-33.18	-13.7	0.0	0.2011929845960778
13	2	2018	-20.22	1.51	0.0	0.6277153667266415
14	2	2018	-13.58	1.13	2.13	0.5535767396040977
15	2	2018	-25.8	-13.13	0.0	0.2059741196779248
16	2	2018	-20.77	-3.95	0.0	0.4538731321551202
17	2	2018	-18.65	-10.25	0.0	0.2089774226009816
18	2	2018	-23.08	-12.59	0.0	0.2030849048618726
19	2	2018	-28.08	-14.05	0.0	0.2057150992576678
20	2	2018	-23.95	-11.88	0.0	0.2405154032560179
21	2	2018	-28.34	-10.34	0.0	0.2930395751557005
22	2	2018	-25.39	-9.16	0.0	0.3288638982765032
23	2	2018	-19.93	-7.4	0.0	0.3705053864464387
24	2	2018	-16.32	-2.2	0.0	0.5737620989647452
25	2	2018	-16.65	-1.76	0.0	0.5992525837209468
26	2	2018	-14.47	-3.85	0.0	0.472439537548087
27	2	2018	-14.48	-1.49	0.0	0.6100239093247213
28	2	2018	-13.74	0.36	0.0	0.7152451955914808
1	3	2018	-18.41	-1.37	0.0	0.639198719164247
2	3	2018	-12.3	-3.88	0.0	0.4459200374255005
3	3	2018	-7.93	-4.06	3.55	0.1637417230312813
4	3	2018	-10.27	-4.83	8.3	0.2084380231633429
5	3	2018	-13.38	-8.89	1.7	0.1594276455279152
6	3	2018	-17.67	-7.96	0.0	0.3176638577359946
7	3	2018	-23.67	-5.89	0.0	0.4462749987187412
8	3	2018	-23.81	-8.18	0.0	0.3782725927757931
9	3	2018	-13.26	-0.66	0.0	0.6502572714514588
10	3	2018	-11.63	-2.03	0.0	0.5289864193339894
11	3	2018	-14.09	2.04	0.0	0.8191801111321928
12	3	2018	-16.96	-0.71	0.0	0.6866738432947865
13	3	2018	-16.69	2.57	0.0	0.8396493156831851
14	3	2018	-16.15	-0.55	0.0	0.7079117428982767
15	3	2018	-10.73	-2.79	0.0	0.4698118334966414
16	3	2018	-7.07	1.65	0.0	0.7081829354839929
17	3	2018	-6.02	1.14	2.94	0.4591899930826639
18	3	2018	-5.31	0.95	0.9	0.5098318525658355
19	3	2018	-7.26	0.01	0.0	0.5516686244329112
20	3	2018	-7.9	1.68	0.0	0.7627848301408551
21	3	2018	-10.47	2.97	0.0	0.9340965249587632
22	3	2018	-8.13	1.17	0.0	0.7472270755121425
23	3	2018	-4.97	0.24	3.45	0.304331980351145
24	3	2018	-8.73	2.55	0.0	0.9113115926898252
25	3	2018	-6.02	1.84	0.0	0.7575129563498064
26	3	2018	-7.92	4.26	0.0	1.0682432266397537
27	3	2018	-8.64	5.28	0.0	1.1578929292790934
28	3	2018	-11.53	-2.24	0.53	0.6610328761144018
29	3	2018	-18.91	-4.76	0.61	0.6082349018193628
30	3	2018	-23.03	-12.83	0.0	0.3013484382917373
31	3	2018	-22.35	-10.14	0.0	0.4104173896236692
1	4	2018	-18.6	-5.26	0.0	0.6118068784669887
2	4	2018	-19.5	-5.85	0.0	0.5856337472384794
3	4	2018	-15.43	-3.37	0.0	0.6981849023960216
4	4	2018	-17.54	-2.2	0.0	0.7633837123357289
5	4	2018	-17.93	-7.63	0.0	0.4855092462251982
6	4	2018	-22.63	-9.55	0.0	0.4465434300510891
7	4	2018	-20.43	-5.25	0.0	0.6291349683349702
8	4	2018	-11.55	-3.11	0.74	0.6542916230810025
9	4	2018	-7.47	1.13	0.0	0.8860211501758175
10	4	2018	-9.26	6.83	0.0	1.3438636089170517
11	4	2018	-2.81	3.0	0.7	0.8051016519419796
12	4	2018	-3.64	-0.15	0.0	0.3774635239556034
13	4	2018	-3.79	0.73	0.0	0.585513190961588
14	4	2018	-4.07	6.55	0.0	1.394885766621986
15	4	2018	-2.98	9.25	0.0	1.5685804526986225
16	4	2018	-1.77	5.37	0.0	1.1535303849347314
17	4	2018	-1.81	1.62	6.02	0.3030313587307952
18	4	2018	-5.63	8.53	0.0	1.5256184820816343
19	4	2018	-2.81	11.38	0.0	1.716696566091903
20	4	2018	-0.27	17.89	0.0	2.130053309786847
21	4	2018	0.91	20.11	0.0	2.275134146705698
22	4	2018	1.74	14.49	0.0	1.921029411283268
23	4	2018	-1.12	12.95	0.0	1.824166681286896
24	4	2018	-2.18	19.45	0.0	2.19097323148415
25	4	2018	2.69	17.49	0.0	2.130056811631568
26	4	2018	-1.37	22.15	0.0	2.35963627530023
27	4	2018	-1.33	16.03	0.0	2.014745066506934
28	4	2018	0.9	25.54	0.0	2.5965905319218026
29	4	2018	5.93	21.91	0.0	2.343442510995898
30	4	2018	0.02	10.7	0.0	1.522549252853328
1	5	2018	-3.48	15.88	0.0	1.916326919415447
2	5	2018	1.46	17.45	0.0	2.0580316531557323
3	5	2018	5.42	21.41	0.0	2.32547283393715
4	5	2018	4.7	24.08	0.0	2.5042557797437586
5	5	2018	6.31	24.2	0.0	2.517308583533179
6	5	2018	3.93	26.88	0.0	2.667010152464925
7	5	2018	10.97	26.09	0.0	2.613570571367375
8	5	2018	9.04	19.17	5.74	1.8561158651334648
9	5	2018	3.46	13.43	0.0	1.675863872059252
10	5	2018	2.63	12.02	2.42	1.2495136185017894
11	5	2018	4.43	10.95	0.0	1.1084825359145043
12	5	2018	2.91	17.23	0.0	2.054973600531983
13	5	2018	4.92	26.36	0.0	2.6736892837322137
14	5	2018	4.86	23.95	0.0	2.516691114464788
15	5	2018	12.03	31.73	0.0	3.024198537397038
16	5	2018	8.55	28.54	0.0	2.8212239196340896
17	5	2018	7.26	15.95	0.52	1.657107955765735
18	5	2018	4.51	17.47	0.0	2.030879564830923
19	5	2018	0.73	21.05	0.0	2.308944402621828
20	5	2018	2.23	24.18	0.0	2.5231429447179807
21	5	2018	9.06	29.4	0.0	2.8909185211130297
22	5	2018	10.1	27.35	0.0	2.7316357040264125
23	5	2018	8.51	28.32	5.6	2.5785055464100486
24	5	2018	11.51	25.61	3.09	2.278443739795622
25	5	2018	11.02	28.11	0.0	2.785953878520899
26	5	2018	9.93	30.46	0.0	2.978367764512916
27	5	2018	11.03	25.85	0.0	2.6106890513800765
28	5	2018	9.18	29.46	0.0	2.9254288310681575
29	5	2018	12.34	28.38	0.0	2.8022748525691665
30	5	2018	11.44	25.61	10.02	2.261970318693029
31	5	2018	8.47	15.23	0.0	1.0784458537688857
1	6	2018	9.06	16.84	13.75	1.0210299808270324
2	6	2018	7.15	18.17	0.0	1.7220795826983084
3	6	2018	7.63	23.98	0.0	2.5675473967770235
4	6	2018	9.78	28.49	2.86	2.551485099770121
5	6	2018	9.83	21.08	0.0	2.056622631221656
6	6	2018	7.05	26.88	0.0	2.797970851557191
7	6	2018	9.65	26.48	0.0	2.74499743944292
8	6	2018	12.43	23.65	0.0	2.1927581883391656
9	6	2018	12.47	29.86	0.0	2.959967851095243
10	6	2018	13.47	25.09	0.0	2.2987445560989483
11	6	2018	6.22	19.25	0.0	2.050234784729901
12	6	2018	7.23	22.11	0.0	2.381904605897183
13	6	2018	7.73	26.03	0.0	2.735386251561629
14	6	2018	9.84	21.81	2.34	1.7567680026678147
15	6	2018	8.44	22.37	0.0	2.3507666768152915
16	6	2018	7.6	20.45	0.0	2.1709256960706167
17	6	2018	8.09	24.57	0.0	2.6273744263116177
18	6	2018	7.38	26.48	0.0	2.779751469101736
19	6	2018	10.88	25.36	0.0	2.6449776382167873
20	6	2018	9.28	28.28	0.0	2.908142699549655
21	6	2018	11.83	28.76	0.0	2.913647751333808
22	6	2018	13.34	27.97	0.0	2.815668272059551
23	6	2018	11.92	26.35	11.64	2.313867911449909
24	6	2018	14.44	26.1	0.0	2.362046370496657
25	6	2018	13.38	28.99	2.22	2.387566111470197
26	6	2018	11.51	24.96	0.0	2.453190506272682
27	6	2018	7.07	25.13	0.0	2.6892181251342353
28	6	2018	8.24	26.22	0.0	2.772762370186806
29	6	2018	11.9	22.16	0.0	1.9662246721353944
30	6	2018	12.03	23.9	4.58	1.79918619021267
1	7	2018	10.72	21.47	1.88	1.908738421373919
2	7	2018	8.94	22.9	2.19	1.841320394947118
3	7	2018	7.16	21.81	9.13	1.806787003460233
4	7	2018	9.69	19.32	6.14	1.1790181327951943
5	7	2018	6.95	25.14	0.0	2.463327057941633
6	7	2018	14.26	33.97	0.0	3.080536111821502
7	7	2018	14.35	30.71	0.0	2.722005115419946
8	7	2018	9.81	25.65	0.0	2.384756701331546
9	7	2018	9.56	29.39	0.0	2.783078270732196
10	7	2018	12.92	28.87	7.44	2.0846398736148957
11	7	2018	14.6	25.1	0.0	1.737577711141926
12	7	2018	13.3	28.97	0.0	2.478047142273912
13	7	2018	12.97	32.96	0.0	2.9271210086242694
14	7	2018	11.55	21.91	0.0	1.5729580606264868
15	7	2018	7.89	25.89	0.0	2.401996999716373
16	7	2018	6.56	25.84	0.0	2.4273347236391314
17	7	2018	10.02	33.81	0.0	3.074521873522409
18	7	2018	16.32	31.94	0.0	2.614516830573906
19	7	2018	14.34	28.21	0.0	2.2684190525215033
20	7	2018	11.47	29.21	0.0	2.600684328583113
21	7	2018	15.14	28.31	3.27	1.7474283300810831
22	7	2018	11.27	23.81	0.0	1.883861767165191
23	7	2018	9.0	24.25	0.0	2.126393152609308
24	7	2018	8.1	23.07	2.28	1.6437655460138365
25	7	2018	9.27	21.56	0.0	1.7086072149948792
26	7	2018	5.67	22.7	0.0	2.084256488887388
27	7	2018	7.55	23.92	0.0	2.1232443485167316
28	7	2018	7.9	26.97	0.0	2.414359884045038
29	7	2018	8.0	29.44	0.0	2.6140569589545084
30	7	2018	10.23	31.98	0.0	2.759702990332325
31	7	2018	11.84	24.3	0.0	1.7606659597206216
1	8	2018	7.27	27.83	0.0	2.4454499208476967
2	8	2018	14.36	30.15	3.94	1.874482357170572
3	8	2018	12.85	29.49	1.96	2.289943443640731
4	8	2018	12.06	23.39	2.25	1.175239872099801
5	8	2018	12.68	22.91	4.7	1.0312969801902778
6	8	2018	10.16	28.9	0.0	2.312023237339375
7	8	2018	12.51	32.21	0.0	2.552034543570058
8	8	2018	11.1	30.35	0.0	2.4242003397526335
9	8	2018	12.32	33.84	0.0	2.700368940733033
10	8	2018	12.38	39.0	0.0	3.078670622352005
11	8	2018	14.83	39.04	0.0	2.9998974840136827
12	8	2018	13.68	25.24	0.0	1.500946961545367
13	8	2018	8.08	18.28	0.0	1.090281570790793
14	8	2018	3.38	28.06	0.0	2.3520400320825265
15	8	2018	11.62	30.53	0.0	2.316664208662872
16	8	2018	10.43	29.7	0.0	2.2901587624392916
17	8	2018	12.55	34.1	0.0	2.5906195380169876
18	8	2018	10.9	25.72	0.0	1.782580365670407
19	8	2018	3.58	23.46	0.0	1.9245551412946416
20	8	2018	5.31	22.94	0.0	1.7965805945793891
21	8	2018	4.82	26.32	0.0	2.103070749603679
22	8	2018	9.02	29.85	0.0	2.296573160004934
23	8	2018	8.71	31.39	0.0	2.4415258205215817
24	8	2018	8.43	25.12	0.0	1.8361268503357968
25	8	2018	6.99	19.85	0.0	1.3128099846945884
26	8	2018	7.04	15.98	3.6	0.7268950206175772
27	8	2018	7.52	14.69	5.66	0.5905486758739468
28	8	2018	7.48	17.8	0.0	0.9539375175425704
29	8	2018	5.91	26.66	0.0	2.070614598105908
30	8	2018	10.36	23.2	2.16	1.1434705934548892
31	8	2018	7.13	19.94	0.0	1.3746808153686467
1	9	2018	6.16	22.32	0.0	1.6999295615199428
2	9	2018	3.1	20.53	0.0	1.6475035589006155
3	9	2018	4.2	25.44	0.0	2.037892701831591
4	9	2018	2.86	15.24	0.0	1.09760552526578
5	9	2018	-0.54	21.6	0.0	1.7863095538671412
6	9	2018	2.38	24.81	0.0	1.973170210279839
7	9	2018	6.39	24.67	0.0	1.84152608865382
8	9	2018	11.28	27.29	0.0	1.8343684132593108
9	9	2018	7.96	22.32	0.0	1.5021632508582954
10	9	2018	3.32	24.56	0.0	1.8975603511592016
11	9	2018	5.22	17.66	0.0	1.1428749264982674
12	9	2018	4.88	15.23	2.05	0.7545296015818037
13	9	2018	3.46	13.05	3.28	0.6726243156611411
14	9	2018	2.82	9.49	0.0	0.5024681374662671
15	9	2018	5.21	14.48	9.74	0.6855073333318202
16	9	2018	7.41	10.93	9.02	0.2811915661004534
17	9	2018	5.18	15.13	1.53	0.8121113749594148
18	9	2018	3.52	10.2	0.0	0.5199689946299493
19	9	2018	2.27	14.13	0.0	0.8865255677791917
20	9	2018	1.65	9.19	0.0	0.5544724180136156
21	9	2018	0.16	10.07	3.8	0.6307979766019206
22	9	2018	0.1	2.37	7.26	0.1473245296310676
23	9	2018	0.0	4.84	0.37	0.3388519274367371
24	9	2018	0.83	11.54	0.51	0.7721114234297479
25	9	2018	1.09	13.07	0.88	0.8597924211963213
26	9	2018	2.64	16.22	0.0	1.0091856805287782
27	9	2018	-2.25	9.08	0.0	0.7150584529516075
28	9	2018	-4.27	8.56	0.0	0.7470271442022146
29	9	2018	-3.0	7.82	0.0	0.6605062590577403
30	9	2018	-6.69	3.9	1.03	0.5754395390179479
1	10	2018	-1.72	6.51	2.36	0.4774602287624471
2	10	2018	-1.4	2.48	3.15	0.225995334693429
3	10	2018	-3.38	4.01	1.79	0.4446496879274426
4	10	2018	-6.73	4.42	0.0	0.5798894897239337
5	10	2018	-3.02	6.26	0.0	0.5650526272954445
6	10	2018	-4.27	11.08	0.0	0.8654658198580463
7	10	2018	-2.99	12.47	0.0	0.9132393546736048
8	10	2018	-2.76	3.98	0.0	0.4126744292453403
9	10	2018	-2.79	1.12	0.0	0.2378120915802984
10	10	2018	-7.08	4.23	0.0	0.5726184692512628
11	10	2018	-9.28	5.88	0.0	0.6796943807298701
12	10	2018	-5.77	9.21	4.84	0.7135252954074975
13	10	2018	-5.05	-0.57	0.0	0.2432010590475033
14	10	2018	-8.4	3.38	0.0	0.5454406892288072
15	10	2018	-1.97	13.16	0.0	0.8794439839848979
16	10	2018	-0.69	10.98	0.0	0.7194467726764705
17	10	2018	-2.27	21.51	0.0	1.310196715722754
18	10	2018	2.96	19.8	0.0	1.0992648737270567
19	10	2018	-3.09	12.97	0.0	0.8661135711883523
20	10	2018	-7.97	16.01	0.0	1.0534113925071629
21	10	2018	-1.96	15.08	0.0	0.9371733454776804
22	10	2018	-6.24	10.93	0.0	0.8023260633194411
23	10	2018	-5.05	15.98	0.0	1.0133624216196135
24	10	2018	-2.84	18.36	0.0	1.0943179337461464
25	10	2018	-0.74	15.67	0.0	0.9130651126375894
26	10	2018	-1.45	13.28	0.0	0.7993238285685381
27	10	2018	-0.23	12.86	0.0	0.7377208610900388
28	10	2018	-5.7	10.1	0.0	0.7261176072594373
29	10	2018	-0.62	11.6	0.0	0.6729684987041619
30	10	2018	-2.02	7.32	0.0	0.4856129251510594
31	10	2018	-2.86	10.1	0.0	0.6521966148279738
1	11	2018	-2.72	4.76	1.18	0.3709985170418191
2	11	2018	-2.24	0.34	3.22	0.1220156757365766
3	11	2018	-4.47	0.87	0.0	0.2428233885087496
4	11	2018	-2.19	3.77	2.88	0.2821902483280487
5	11	2018	-7.77	0.07	0.89	0.3180818602892735
6	11	2018	-12.52	-8.72	0.53	0.117244149291192
7	11	2018	-12.47	-10.2	0.0	0.069956941450145
8	11	2018	-18.61	-9.68	0.37	0.2034805139690653
9	11	2018	-23.36	-4.65	2.13	0.3339889566683535
10	11	2018	-10.52	-2.87	0.77	0.2666770418988606
11	11	2018	-11.43	-6.79	0.0	0.1498085900970995
12	11	2018	-15.51	-4.45	0.0	0.3023550755317228
13	11	2018	-8.07	4.45	0.0	0.4964106352039486
14	11	2018	-1.21	6.31	0.0	0.3877611989515813
15	11	2018	-0.9	3.29	1.07	0.2155288128593524
16	11	2018	-16.59	-3.73	0.0	0.332279007808249
17	11	2018	-19.22	-7.37	0.0	0.2607011366813956
18	11	2018	-10.97	-5.61	1.52	0.1758294913633731
19	11	2018	-12.15	1.57	0.0	0.4466965883292553
20	11	2018	-6.0	3.2	0.0	0.3918637124422577
21	11	2018	-5.72	2.75	0.0	0.3638461103984025
22	11	2018	-2.35	5.76	0.0	0.4004458279585576
23	11	2018	-5.11	3.49	0.0	0.3808661343418404
24	11	2018	-7.28	-4.05	0.0	0.1271579299434583
25	11	2018	-7.81	-4.92	0.0	0.1107040972560405
26	11	2018	-8.08	-3.91	0.0	0.1595616259796368
27	11	2018	-5.48	0.35	0.0	0.2484206049442438
28	11	2018	-5.59	-1.18	0.0	0.186419411388454
29	11	2018	-6.42	-0.04	0.0	0.2607743018542304
30	11	2018	-8.85	-1.94	0.0	0.2524015917398119
1	12	2018	-7.16	-4.06	4.47	0.1168486561515533
2	12	2018	-7.8	-3.5	0.0	0.1662691635147688
3	12	2018	-12.6	-4.26	0.0	0.2560032061288144
4	12	2018	-13.75	-6.18	0.74	0.2174227442531448
5	12	2018	-14.26	-6.13	0.41	0.2267858374882865
6	12	2018	-15.62	-8.92	0.0	0.1714679272519515
7	12	2018	-19.42	-7.14	0.0	0.2588123829323042
8	12	2018	-17.4	-7.66	0.0	0.2273835909036377
9	12	2018	-15.52	-2.28	0.0	0.3484651792231605
10	12	2018	-13.18	1.64	0.0	0.4416691249173685
11	12	2018	-7.8	0.33	0.0	0.3091634395848751
12	12	2018	-5.62	1.17	0.0	0.2839119393595954
13	12	2018	-8.83	2.68	0.0	0.4186123722297194
14	12	2018	-7.29	4.9	0.0	0.4738027355880514
15	12	2018	-3.5	4.35	0.0	0.3574015229180661
16	12	2018	-10.66	-2.93	0.0	0.2545227064128204
17	12	2018	-7.56	4.79	0.0	0.4737494496173927
18	12	2018	-4.12	4.67	0.0	0.3893880061764043
19	12	2018	-3.32	3.02	0.0	0.2903502020513031
20	12	2018	-6.94	2.67	0.0	0.3781197499100827
21	12	2018	-4.7	3.47	0.0	0.3542851455578396
22	12	2018	-8.11	-4.36	0.0	0.137404766498737
23	12	2018	-14.68	-4.44	2.27	0.265489589152626
24	12	2018	-13.87	-6.61	1.03	0.2016628528568127
25	12	2018	-15.47	-8.69	0.0	0.1713522553836129
26	12	2018	-13.62	-6.35	0.0	0.2043765995579846
27	12	2018	-18.21	-8.55	0.49	0.2124407036306576
28	12	2018	-20.13	-5.77	0.0	0.2911960150146287
29	12	2018	-12.84	-2.67	1.38	0.30185956397723
30	12	2018	-17.61	-7.08	0.7	0.2409826026997881
31	12	2018	-26.91	-16.34	0.0	0.133306759536665
1	1	2019	-24.84	-2.36	0.0	0.3710209978601742
2	1	2019	-10.72	4.06	0.0	0.4926240747702063
3	1	2019	-4.95	4.18	0.0	0.3862558515923889
4	1	2019	-7.02	4.2	0.0	0.4378895956861035
5	1	2019	-6.57	-2.24	0.0	0.1671077028857331
6	1	2019	-5.95	1.8	0.0	0.3138258914032958
7	1	2019	-12.24	-1.53	0.0	0.3276932531299695
8	1	2019	-19.34	-13.97	0.0	0.1043629230990898
9	1	2019	-20.75	-8.05	0.0	0.2469877518592611
10	1	2019	-14.58	-4.75	0.0	0.2668251858755925
11	1	2019	-16.99	-8.86	0.0	0.1901732270169868
12	1	2019	-13.4	1.14	0.0	0.4338575905455507
13	1	2019	-11.9	0.22	0.0	0.3864884595484533
14	1	2019	-11.42	0.15	0.0	0.377806097120942
15	1	2019	-14.75	-3.93	0.0	0.2973741240040603
16	1	2019	-16.06	-11.21	0.58	0.1170201316127817
17	1	2019	-22.39	-14.28	0.0	0.1382250443784678
18	1	2019	-24.64	-16.72	0.0	0.116230370937429
19	1	2019	-19.83	-14.32	4.18	0.1025412976305064
20	1	2019	-18.05	-10.7	0.0	0.1650991834584138
21	1	2019	-17.24	-6.02	0.0	0.2751549323962258
22	1	2019	-14.47	-2.33	0.0	0.3502520489107011
23	1	2019	-20.76	-4.56	0.0	0.3384760226730323
24	1	2019	-28.42	-8.63	0.0	0.2651046130726482
25	1	2019	-19.85	-3.88	0.0	0.3538104238607018
26	1	2019	-11.87	-0.73	1.35	0.3714276318949595
27	1	2019	-8.58	3.89	1.55	0.4895778568443636
28	1	2019	-21.27	-9.07	0.0	0.244172909277185
29	1	2019	-28.23	-20.19	0.0	0.0961608712278502
30	1	2019	-23.28	-11.61	0.44	0.2067453211808892
31	1	2019	-15.25	-1.07	0.0	0.4129638397033597
1	2	2019	-17.54	-7.39	0.0	0.2564572815923014
2	2	2019	-21.41	-13.86	0.0	0.147568364182392
3	2	2019	-25.5	-21.79	1.32	0.0521326855262179
4	2	2019	-26.89	-22.3	3.24	0.0556967600125566
5	2	2019	-31.18	-21.79	0.0	0.0964202012472092
6	2	2019	-33.59	-25.72	0.0	0.0659112934686512
7	2	2019	-38.18	-25.27	0.0	0.0809682101103568
8	2	2019	-38.76	-25.21	0.0	0.0822578117386305
9	2	2019	-34.04	-23.8	0.0	0.0871371650547235
10	2	2019	-31.69	-20.98	0.0	0.1105266820989705
11	2	2019	-29.06	-17.75	1.72	0.1441565900010856
12	2	2019	-32.23	-19.66	0.5	0.1293903718302747
13	2	2019	-27.81	-19.92	0.0	0.1069595280443354
14	2	2019	-33.39	-20.57	0.0	0.1226055967981957
15	2	2019	-34.01	-16.97	1.76	0.1642871613776016
16	2	2019	-21.21	-14.24	3.98	0.1371556566559133
17	2	2019	-21.52	-15.08	1.49	0.1345860999978352
18	2	2019	-26.99	-18.34	0.92	0.1288485137062081
19	2	2019	-28.14	-11.4	0.0	0.2510945369811591
20	2	2019	-24.68	-10.01	0.84	0.27374311744989
21	2	2019	-24.34	-13.08	0.0	0.2100771151372101
22	2	2019	-27.03	-10.7	0.0	0.2678262482159187
23	2	2019	-22.89	-13.5	0.0	0.1930851442132822
24	2	2019	-31.71	-20.23	0.0	0.130600711698999
25	2	2019	-34.81	-19.97	0.0	0.1393276193374944
26	2	2019	-28.46	-17.05	0.0	0.1669126904511938
27	2	2019	-23.22	-9.62	0.0	0.3253656148670559
28	2	2019	-18.77	-8.88	0.0	0.3123875060543839
1	3	2019	-26.72	-15.73	0.0	0.1845854934226768
2	3	2019	-32.89	-22.43	0.0	0.1117089453483502
3	3	2019	-27.11	-17.45	0.0	0.1581773452045971
4	3	2019	-23.4	-11.89	0.0	0.2736691792411747
5	3	2019	-18.86	-9.06	0.0	0.3277551646223772
6	3	2019	-25.85	-13.83	0.0	0.2365543454252909
7	3	2019	-24.07	-8.19	0.0	0.3989755912507651
8	3	2019	-16.02	-3.57	0.0	0.5670146671502799
9	3	2019	-15.57	-4.85	0.0	0.4998547596208902
10	3	2019	-21.33	-6.8	0.0	0.4610967417952811
11	3	2019	-17.52	0.46	0.0	0.7683215467223011
12	3	2019	-3.92	3.11	0.0	0.7091014512842351
13	3	2019	-5.03	2.13	0.0	0.7006740823682304
14	3	2019	-8.94	1.17	0.0	0.8130893300724609
15	3	2019	-11.67	2.1	0.0	0.9260161415239514
16	3	2019	-8.6	3.73	0.0	1.0259677976744133
17	3	2019	-10.22	4.05	0.0	1.0655465289339892
18	3	2019	-3.85	4.92	0.0	1.015882681441808
19	3	2019	-4.18	9.63	0.0	1.4070330807293432
20	3	2019	-2.29	13.22	0.0	1.613347211643032
21	3	2019	-2.17	11.71	0.0	1.5386390961702243
22	3	2019	-1.95	13.19	0.0	1.6274751274199335
23	3	2019	-2.79	13.9	0.0	1.6621945712764807
24	3	2019	-4.66	3.88	0.0	0.9899389084649276
25	3	2019	-6.58	3.73	0.0	1.0637111543011322
26	3	2019	-1.33	16.83	0.0	1.853764146800416
27	3	2019	-0.83	7.08	0.0	1.1774572306113265
28	3	2019	-5.6	6.72	0.0	1.2874139986390642
29	3	2019	-5.63	4.84	0.0	1.1818573081284056
30	3	2019	-7.47	13.01	0.0	1.59057243675167
31	3	2019	-4.63	4.97	0.0	1.1679877711449695
1	4	2019	-3.66	8.44	0.87	1.402447607952476
2	4	2019	-6.34	5.42	0.0	1.2321653518282354
3	4	2019	-9.12	11.71	0.0	1.519428909549132
4	4	2019	-0.15	15.9	0.0	1.866123650109526
5	4	2019	-2.21	8.61	0.0	1.4136605215402755
6	4	2019	1.19	11.25	2.06	1.3945980371532456
7	4	2019	0.8	16.58	0.0	1.931341246464392
8	4	2019	-2.49	16.62	0.0	1.9062761402694677
9	4	2019	-4.87	10.4	0.0	1.5395588793595203
10	4	2019	-5.52	7.74	0.0	1.390513818587108
11	4	2019	-8.34	7.45	0.0	1.3583010327765654
12	4	2019	-9.57	9.56	0.0	1.4479871860507234
13	4	2019	-5.94	14.67	0.0	1.7700196671724704
14	4	2019	3.44	16.07	0.0	1.9022880050853568
15	4	2019	-1.04	14.3	0.0	1.807523720774013
16	4	2019	-5.49	13.7	0.0	1.7379009825327656
17	4	2019	0.12	13.6	0.0	1.7081908185797383
18	4	2019	-1.35	17.11	0.0	1.925129568029175
19	4	2019	4.96	22.63	0.0	2.299986887260432
20	4	2019	5.29	17.22	0.0	1.92112879907554
21	4	2019	-1.21	15.01	0.0	1.81593815934546
22	4	2019	-1.89	20.35	0.0	2.1210597733043746
23	4	2019	6.65	21.17	0.0	2.2064638412263067
24	4	2019	1.57	17.63	0.0	1.9927914562717008
25	4	2019	-1.74	12.6	0.0	1.6730386544570324
26	4	2019	-3.65	11.8	0.0	1.6213136277304674
27	4	2019	-1.59	10.66	5.21	1.4359603975611213
28	4	2019	-4.52	2.04	5.13	0.6093336572474143
29	4	2019	-10.56	4.97	1.45	1.2545364848240004
30	4	2019	-3.76	8.55	1.94	1.4789616959256409
1	5	2019	-5.35	10.16	0.0	1.5902210976916742
2	5	2019	-2.64	13.76	0.0	1.7702174837489846
3	5	2019	-5.7	13.55	0.0	1.7363987080094496
4	5	2019	-2.65	8.23	0.0	1.365970135938327
5	5	2019	-7.09	7.1	0.0	1.3611129796343855
6	5	2019	-7.89	11.82	0.0	1.6191072204466137
7	5	2019	-0.79	15.83	0.0	1.9251956269117176
8	5	2019	-4.02	12.43	0.0	1.7014224105724507
9	5	2019	-1.02	13.8	0.0	1.7975864496249023
10	5	2019	1.46	17.89	2.84	1.907355378493624
11	5	2019	1.62	14.84	0.0	1.8600747464537897
12	5	2019	1.42	24.48	0.0	2.508108754240206
13	5	2019	3.44	20.93	0.0	2.300452812315648
14	5	2019	2.14	22.61	0.0	2.4079033324467387
15	5	2019	6.29	22.84	0.0	2.4251900447412353
16	5	2019	-0.45	14.92	0.0	1.8934623219123945
17	5	2019	0.31	15.16	0.0	1.9090889468032977
18	5	2019	0.8	13.05	0.0	1.7534453193019697
19	5	2019	-3.66	15.33	0.0	1.9199267976353136
20	5	2019	-1.75	18.63	0.0	2.1430575412090005
21	5	2019	1.79	19.71	0.0	2.2382696151179275
22	5	2019	3.32	22.88	0.0	2.463486215447956
23	5	2019	2.18	23.63	0.0	2.5051942376244107
24	5	2019	3.75	21.63	0.0	2.377732696079617
25	5	2019	4.67	18.28	2.44	1.945464383066675
26	5	2019	2.52	17.72	0.0	2.1012496840146904
27	5	2019	-0.09	20.08	0.0	2.2648661222943542
28	5	2019	4.01	26.45	0.0	2.7050871627006865
29	5	2019	9.26	29.65	0.0	2.9261295882178384
30	5	2019	10.88	32.08	0.0	3.0837223929343662
31	5	2019	5.78	20.59	0.0	2.2689179237763057
1	6	2019	5.63	25.01	0.0	2.612089403537201
2	6	2019	10.42	32.2	0.0	3.099850883555491
3	6	2019	10.51	34.27	0.0	3.233091474899872
4	6	2019	12.28	25.24	0.0	2.497294247730306
5	6	2019	10.56	25.2	0.0	2.554351783886275
6	6	2019	11.61	27.93	0.0	2.7639689349476697
7	6	2019	9.68	22.53	0.0	2.347520409264619
8	6	2019	3.55	17.14	0.0	2.0319533000463794
9	6	2019	3.54	20.25	0.0	2.2807798785569227
10	6	2019	3.34	23.86	0.0	2.54112295849121
11	6	2019	7.61	21.8	2.21	2.159044327665571
12	6	2019	5.9	24.53	1.77	2.5917832252567767
13	6	2019	8.01	30.04	2.21	2.714346092689228
14	6	2019	12.06	23.97	4.19	2.2313467539728835
15	6	2019	10.31	19.06	3.16	1.6643552988058543
16	6	2019	8.37	17.57	0.0	1.9293222719525225
17	6	2019	5.9	21.74	0.0	2.3872511156193745
18	6	2019	8.53	26.12	0.0	2.7024561719241804
19	6	2019	10.52	21.68	28.21	2.040365270775641
20	6	2019	8.07	15.24	8.37	0.8003668963426693
21	6	2019	7.28	14.78	29.8	0.7806885226585916
22	6	2019	9.56	15.55	9.63	0.6097637519317891
23	6	2019	9.83	22.18	2.43	1.3856803960779642
24	6	2019	9.45	20.78	0.0	1.566523076119868
25	6	2019	8.8	22.67	5.1	1.531094287486939
26	6	2019	8.07	23.97	0.0	2.1052391740813294
27	6	2019	12.58	25.19	14.67	1.5047671048025535
28	6	2019	13.59	24.14	11.11	1.1829616221309225
29	6	2019	14.13	24.71	0.0	1.5285279049041485
30	6	2019	10.16	22.58	0.0	1.679780293859182
1	7	2019	9.01	26.85	4.67	1.8736314400278689
2	7	2019	6.07	19.34	0.0	1.605205414380399
3	7	2019	8.28	20.27	0.0	1.5566287029130366
4	7	2019	9.2	21.34	0.0	1.6187551942904668
5	7	2019	11.03	21.59	0.0	1.4564935203570066
6	7	2019	11.79	25.36	0.0	1.950917677433119
7	7	2019	13.88	27.96	0.0	2.1017368921586073
8	7	2019	13.93	24.41	0.0	1.5554831588249676
9	7	2019	11.89	21.87	0.0	1.4134605551687436
10	7	2019	9.02	25.48	0.0	2.1670537849065195
11	7	2019	14.05	25.6	0.0	1.7598846012204017
12	7	2019	10.46	24.01	0.0	1.905940179743897
13	7	2019	11.23	29.65	2.18	2.02722232917471
14	7	2019	13.96	28.26	12.81	1.7015006219394089
15	7	2019	12.96	25.19	0.0	1.7440580123995897
16	7	2019	11.63	21.98	10.03	1.149289264603125
17	7	2019	11.5	23.4	5.77	1.2997165808905184
18	7	2019	11.43	25.48	3.19	1.4929724336605394
19	7	2019	8.86	19.93	0.0	1.3540941246056075
20	7	2019	8.9	22.15	0.0	1.629613102266377
21	7	2019	10.18	24.56	0.0	1.802529208782484
22	7	2019	9.52	27.38	0.0	2.122977667828478
23	7	2019	13.23	29.47	0.0	2.100107251707948
24	7	2019	15.02	30.94	3.06	1.7032334533403255
25	7	2019	10.39	23.67	0.0	1.6054595802008045
26	7	2019	12.19	25.84	0.0	1.7160148802741038
27	7	2019	12.22	32.94	0.0	2.459859543239523
28	7	2019	8.93	22.69	0.0	1.6049433337654009
29	7	2019	5.14	25.03	0.0	2.033455717413359
30	7	2019	11.3	29.49	0.0	2.170316125400898
31	7	2019	12.46	28.35	0.0	1.965766866080076
1	8	2019	14.11	33.12	0.0	2.340978824131997
2	8	2019	15.38	34.43	0.0	2.370570081781209
3	8	2019	15.81	31.32	0.0	1.978958529442612
4	8	2019	10.76	26.37	0.0	1.801706941139546
5	8	2019	9.99	28.66	0.0	2.077257496225373
6	8	2019	11.08	24.46	0.0	1.516099649205627
7	8	2019	6.52	22.09	0.0	1.584462548108472
8	8	2019	6.08	25.8	0.0	1.9498715267613271
9	8	2019	9.9	29.8	5.04	1.783272537380878
10	8	2019	10.63	20.33	0.0	1.0595384711227132
11	8	2019	8.71	23.16	11.75	1.3059683854237496
12	8	2019	10.91	14.97	21.14	0.4035273760196182
13	8	2019	8.69	20.38	0.0	1.21498913883352
14	8	2019	10.69	23.86	0.0	1.4075929714900692
15	8	2019	10.13	25.25	0.0	1.5631558433419546
16	8	2019	10.85	21.91	0.0	1.1905500728723095
17	8	2019	6.13	18.02	0.0	1.1431540326166716
18	8	2019	4.04	23.73	0.0	1.6916965678116584
19	8	2019	5.47	24.81	0.0	1.714654315987746
20	8	2019	4.35	22.6	0.0	1.5811592243973116
21	8	2019	5.62	26.17	0.0	1.7925355876353313
22	8	2019	12.27	27.44	5.34	1.4087468029298331
23	8	2019	12.04	20.6	0.0	0.9198381956571444
24	8	2019	12.19	28.66	3.97	1.503437019296897
25	8	2019	11.58	21.13	4.62	0.8987160152940533
26	8	2019	9.3	20.38	0.0	1.1091718338250447
27	8	2019	8.1	18.97	0.0	1.056877738908251
28	8	2019	6.22	22.68	0.0	1.475555992420833
29	8	2019	5.63	19.75	0.0	1.2651550609286455
30	8	2019	5.75	20.76	1.69	1.3356850707504495
31	8	2019	7.9	22.84	3.84	1.250938764992119
1	9	2019	9.96	21.35	3.89	1.019763727642205
2	9	2019	9.85	22.73	4.36	1.137971772969009
3	9	2019	7.95	23.83	0.0	1.4588883599889892
4	9	2019	10.31	25.94	4.83	1.35437514390827
5	9	2019	7.5	23.35	0.0	1.4286814071955027
6	9	2019	4.91	21.52	0.0	1.3931022818968275
7	9	2019	7.58	19.81	0.0	1.1271492579896143
8	9	2019	5.0	20.09	0.0	1.2773068729757724
9	9	2019	8.23	12.18	25.27	0.3390078156589037
10	9	2019	8.63	11.97	19.93	0.2926482260315105
11	9	2019	9.28	13.7	8.24	0.3883781124127736
12	9	2019	7.68	13.99	0.0	0.5901394627724647
13	9	2019	3.79	23.99	2.33	1.4171128663115715
14	9	2019	8.91	23.25	0.0	1.3062985343504592
15	9	2019	10.0	28.29	0.0	1.6224582215697834
16	9	2019	9.35	32.07	0.0	1.8878602429340237
17	9	2019	12.86	23.9	3.38	0.9906403250998564
18	9	2019	9.91	22.25	0.0	1.140797196118647
19	9	2019	6.62	23.07	0.0	1.3595984425403025
20	9	2019	9.13	20.03	0.0	0.9962458086917768
21	9	2019	5.62	17.85	0.0	1.014203409066882
22	9	2019	4.31	23.28	0.0	1.4309346815109314
23	9	2019	8.52	21.66	0.0	1.1429083421646715
24	9	2019	5.4	16.61	1.14	0.9086373970771656
25	9	2019	3.33	15.65	0.81	0.9315274031962149
26	9	2019	4.12	10.78	6.63	0.4725634062398491
27	9	2019	1.76	7.5	4.35	0.3773467114506411
28	9	2019	-1.44	4.59	0.0	0.3880680101852644
29	9	2019	-0.34	1.63	14.12	0.1235481380388006
30	9	2019	-0.38	1.83	4.93	0.1377447893294816
1	10	2019	-1.48	3.85	0.0	0.3442286690486064
2	10	2019	-4.38	7.1	0.0	0.6617079465316957
3	10	2019	-0.69	10.63	0.0	0.7456939633088926
4	10	2019	1.12	10.03	0.0	0.628624158959058
5	10	2019	0.0	14.32	0.0	0.9393513290692522
6	10	2019	3.53	15.04	0.0	0.8558552056462119
7	10	2019	1.67	19.71	0.0	1.1949603271262978
8	10	2019	-1.26	8.84	1.92	0.639043329932627
9	10	2019	-5.7	-0.22	0.0	0.2860798483507606
10	10	2019	-6.97	2.18	0.0	0.4530381752649775
11	10	2019	-8.69	5.67	0.0	0.6512533531468038
12	10	2019	-7.74	6.85	0.0	0.6824832793606043
13	10	2019	-9.31	10.49	0.0	0.8569289195238114
14	10	2019	-0.98	5.46	1.82	0.3917905965920176
15	10	2019	-1.81	4.96	0.0	0.4005948201463676
16	10	2019	-0.3	15.26	0.0	0.9414196697477905
17	10	2019	1.67	18.17	0.0	1.045833706907694
18	10	2019	0.63	15.15	0.0	0.8976840339109258
19	10	2019	-0.99	13.67	0.0	0.8556430976014466
20	10	2019	-4.61	8.88	0.0	0.6896491339111089
21	10	2019	-6.51	10.1	0.0	0.7769922402439402
22	10	2019	-7.12	6.61	0.0	0.6273726705011609
23	10	2019	-5.63	4.15	1.24	0.4743050983577296
24	10	2019	-2.55	8.01	0.0	0.5759220397248929
25	10	2019	0.23	18.17	0.0	1.0343458129981624
26	10	2019	-5.48	3.56	0.35	0.4317642477967841
27	10	2019	-9.93	-3.27	1.51	0.2619586441640642
28	10	2019	-10.73	-3.99	2.0	0.2355960227736741
29	10	2019	-12.04	-6.35	0.0	0.1958179265303174
30	10	2019	-17.76	-0.31	0.0	0.470316264566948
31	10	2019	-3.99	3.4	0.98	0.3683172624970653
1	11	2019	-3.34	4.13	0.0	0.3816328409439296
2	11	2019	-4.44	3.65	0.0	0.3940460374479214
3	11	2019	-3.91	1.82	1.81	0.2809355936818847
4	11	2019	-12.34	-3.87	0.0	0.2835563464046183
5	11	2019	-13.16	-2.49	1.48	0.3455864592756464
6	11	2019	-19.52	-8.08	0.0	0.2602574792145071
7	11	2019	-18.86	-3.8	0.0	0.3626730366652912
8	11	2019	-9.38	5.84	0.0	0.5898217054267456
9	11	2019	-11.04	0.79	3.01	0.3959237999354826
10	11	2019	-18.98	-11.64	0.0	0.1614274836395721
11	11	2019	-22.21	-7.91	0.0	0.2754523661414984
12	11	2019	-15.1	-1.43	0.0	0.3931247356057204
13	11	2019	-10.92	1.45	0.0	0.4338924335611397
14	11	2019	-6.68	1.56	0.0	0.3438068743717729
15	11	2019	-4.26	5.04	0.0	0.4311341056730381
16	11	2019	-1.08	3.71	2.6	0.2357688452670427
17	11	2019	-2.78	7.44	3.51	0.4762798730441809
18	11	2019	-0.47	7.35	0.0	0.4084047540387085
19	11	2019	-3.88	1.8	0.0	0.2583426510041669
20	11	2019	-7.62	-1.68	0.0	0.2290369449105675
21	11	2019	-9.73	1.46	0.0	0.3983117758157023
22	11	2019	-6.8	5.99	0.0	0.5181780650863741
23	11	2019	-1.68	9.31	0.0	0.5428162175920421
24	11	2019	-1.99	5.65	1.58	0.3730859327613922
25	11	2019	-4.77	-0.48	0.55	0.1849080187676963
26	11	2019	-10.06	-1.95	0.0	0.2771066688640605
27	11	2019	-10.12	-4.67	0.0	0.1822391834953711
28	11	2019	-8.56	-6.15	11.8	0.0829201152948827
29	11	2019	-11.66	-5.79	0.0	0.1859853669699674
30	11	2019	-10.52	-6.84	0.0	0.1213695888492578
1	12	2019	-13.01	-4.72	0.0	0.247076339332205
2	12	2019	-10.52	-0.79	0.0	0.3301889181590532
3	12	2019	-7.87	3.42	0.0	0.4325287569628799
4	12	2019	-10.29	1.14	0.0	0.3907854908406645
5	12	2019	-11.96	-3.2	0.0	0.2728177957161655
6	12	2019	-12.42	-2.83	0.0	0.2923249679747133
7	12	2019	-10.93	-1.19	0.0	0.3202630272693341
8	12	2019	-21.12	-10.35	0.0	0.2012408500353766
9	12	2019	-25.56	-9.92	0.0	0.2295075705340842
10	12	2019	-27.93	-13.43	0.0	0.1787201131942686
11	12	2019	-24.12	-15.75	0.0	0.1249278997087925
12	12	2019	-19.69	-8.8	0.56	0.2212741412186096
13	12	2019	-21.6	-12.4	0.0	0.1633044714533403
14	12	2019	-24.34	-10.44	0.41	0.2161917923869809
15	12	2019	-18.31	-7.31	0.0	0.2417851298253214
16	12	2019	-16.04	-5.24	0.0	0.2693971263494337
17	12	2019	-13.97	-1.79	0.0	0.342165467970887
18	12	2019	-9.25	1.28	0.0	0.3706228345189969
19	12	2019	-9.79	-3.02	0.0	0.2282252077869181
20	12	2019	-10.44	4.61	0.0	0.5069621369800269
21	12	2019	-8.06	4.34	0.0	0.4617640515649157
22	12	2019	-5.91	2.62	0.0	0.3459331294617217
23	12	2019	-6.32	-2.56	0.0	0.1468904989009919
24	12	2019	-6.74	-3.69	0.0	0.1169649519470175
25	12	2019	-8.12	-2.56	0.0	0.2023334745702323
26	12	2019	-14.36	-4.47	0.0	0.2690826595434684
27	12	2019	-12.47	-3.21	0.0	0.2771205731808675
28	12	2019	-15.04	-5.29	0.0	0.2551522672170465
29	12	2019	-18.07	-5.39	0.0	0.2854552143656418
30	12	2019	-15.35	-4.73	0.0	0.2742197164835572
31	12	2019	-11.79	1.52	0.0	0.4195146182208968
1	1	2020	-5.93	0.17	0.0	0.2476668279933806
2	1	2020	-7.68	-1.96	0.0	0.2144420367751112
3	1	2020	-11.69	-1.75	0.0	0.3139575689991903
4	1	2020	-7.63	5.61	0.0	0.5102999268504118
5	1	2020	-8.64	-0.34	0.0	0.302835390883822
6	1	2020	-12.09	-1.56	0.0	0.3286834114380885
7	1	2020	-19.91	-11.6	0.0	0.1642582986603974
8	1	2020	-17.45	-2.88	0.0	0.3509056880966781
9	1	2020	-22.74	-14.02	0.0	0.1455959862314501
10	1	2020	-27.74	-13.42	0.0	0.1820729823719526
11	1	2020	-17.28	-7.4	2.63	0.2245441095410139
12	1	2020	-23.58	-11.51	1.08	0.1991399184734227
13	1	2020	-29.79	-23.39	0.75	0.0635839203292559
14	1	2020	-32.89	-26.64	0.0	0.0487815395170354
15	1	2020	-34.53	-27.28	0.0	0.0507813184470812
16	1	2020	-34.6	-18.96	0.0	0.1245395369448439
17	1	2020	-24.36	-18.86	1.2	0.0810393078244067
18	1	2020	-28.46	-23.72	0.0	0.0513276874035075
19	1	2020	-28.87	-15.64	0.0	0.1576252707987686
20	1	2020	-20.73	1.14	0.0	0.4763565419610169
21	1	2020	-9.54	2.43	0.0	0.4453658735930965
22	1	2020	-12.13	-1.5	0.0	0.3494607899239553
23	1	2020	-12.43	-1.57	0.0	0.3530056410318552
24	1	2020	-8.47	2.02	0.0	0.4140917229051098
25	1	2020	-5.16	2.61	0.0	0.3551215170015215
26	1	2020	-6.34	-2.14	0.0	0.1802973100266297
27	1	2020	-5.97	-0.38	0.0	0.2475510642967674
28	1	2020	-5.98	-0.83	0.0	0.2286852567883615
29	1	2020	-9.32	-2.2	0.0	0.2748237557833213
30	1	2020	-10.18	0.19	0.0	0.3897167072126651
31	1	2020	-9.25	3.78	0.0	0.5133762321462794
1	2	2020	-3.19	8.08	0.0	0.5745066986514434
2	2	2020	-8.35	0.78	0.0	0.3773423520913478
3	2	2020	-15.62	-6.39	0.0	0.2651019394674099
4	2	2020	-18.57	-3.46	0.0	0.3786952776651161
5	2	2020	-12.56	-2.14	0.0	0.3572221753828397
6	2	2020	-11.61	-6.48	0.57	0.1804250675990585
7	2	2020	-11.57	-1.56	0.0	0.3659104766794875
8	2	2020	-12.11	-0.91	0.0	0.4323537228937441
9	2	2020	-12.4	-1.85	0.0	0.3984713219145869
10	2	2020	-11.37	-3.07	0.0	0.3115124811801947
11	2	2020	-12.93	-0.37	0.0	0.5057398955357304
12	2	2020	-29.06	-11.72	0.0	0.2375599477207133
13	2	2020	-28.47	-5.46	0.0	0.3552549721379673
14	2	2020	-11.0	-0.5	0.0	0.4717517920496388
15	2	2020	-15.84	-8.3	0.0	0.2251336001555635
16	2	2020	-13.56	-2.47	0.0	0.4371817658736719
17	2	2020	-19.4	-7.35	0.0	0.3149223831455642
18	2	2020	-28.33	-17.13	0.0	0.1566304775890134
19	2	2020	-29.03	-9.51	0.0	0.2989804641507109
20	2	2020	-16.44	1.5	0.0	0.6965346534167479
21	2	2020	-10.88	3.72	0.0	0.8211120988392483
22	2	2020	-9.03	4.93	0.0	0.8900457481070231
23	2	2020	-8.98	3.07	0.0	0.7813395051140636
24	2	2020	-10.07	-1.2	0.0	0.5132306084292452
25	2	2020	-16.13	-2.5	0.0	0.557000031602248
26	2	2020	-12.62	1.59	0.0	0.7481653537400026
27	2	2020	-6.69	5.14	0.0	0.9087716313277656
28	2	2020	-6.48	7.44	0.0	1.0796434074477776
29	2	2020	-4.09	7.41	0.0	1.045208521081762
1	3	2020	-10.72	-0.37	0.0	0.6245806013386334
2	3	2020	-6.93	3.56	0.0	0.828609833824435
3	3	2020	-5.92	4.0	0.0	0.8416195384562399
4	3	2020	-2.82	4.5	0.0	0.7266276114206153
5	3	2020	-5.39	4.56	0.0	0.9040363621121148
6	3	2020	-0.69	12.55	0.0	1.5040638014886252
7	3	2020	-6.39	2.16	1.5	0.7294612444687296
8	3	2020	-14.38	-4.88	1.66	0.4577518040450429
9	3	2020	-15.18	0.11	0.0	0.738033673511114
10	3	2020	-10.48	4.99	0.0	1.0356448837324232
11	3	2020	-3.38	6.78	0.0	1.0689004894061154
12	3	2020	-8.67	-0.04	0.0	0.6516331969201901
13	3	2020	-15.61	-9.15	0.0	0.2497555158158837
14	3	2020	-16.14	-6.56	1.93	0.4493107127190288
15	3	2020	-13.39	-5.19	0.76	0.4476811097162703
16	3	2020	-16.24	-3.12	0.0	0.6303637908335098
17	3	2020	-13.12	0.53	0.0	0.8227100575418183
18	3	2020	-16.01	-5.43	0.0	0.5127627041082815
19	3	2020	-16.14	-4.4	0.0	0.579666910123718
20	3	2020	-16.68	-1.56	0.0	0.7372116533335045
21	3	2020	-11.02	2.64	0.0	0.9861083766146608
22	3	2020	-9.84	6.15	0.0	1.2123213173549554
23	3	2020	-6.3	11.23	0.0	1.5015960186778263
24	3	2020	-6.7	1.56	2.1	0.7813269083482406
25	3	2020	-11.88	-0.35	0.0	0.9173245933989286
26	3	2020	-11.29	6.74	0.0	1.2351277618181546
27	3	2020	-4.13	8.56	0.0	1.406235754933527
28	3	2020	-2.19	12.28	0.0	1.630557595248041
29	3	2020	-4.38	15.09	0.0	1.757975259579772
30	3	2020	-2.16	8.16	0.0	1.3851652867429505
31	3	2020	-8.42	1.91	0.0	1.049066149865987
1	4	2020	-15.1	-10.13	0.6	0.2813985961631166
2	4	2020	-17.94	-7.48	0.0	0.5769745592028426
3	4	2020	-17.61	-1.57	0.0	0.8435575415681749
4	4	2020	-9.9	-2.24	2.04	0.6253662587891857
5	4	2020	-9.14	-0.25	0.0	0.9526426559499496
6	4	2020	-6.45	5.46	0.88	1.2714079800094868
7	4	2020	-7.67	6.35	0.0	1.3190173348961196
8	4	2020	-5.35	2.8	0.0	1.1080491328507671
9	4	2020	-12.11	6.99	0.0	1.3001251981608586
10	4	2020	-2.84	9.55	0.0	1.534741181879906
11	4	2020	-8.57	-0.74	0.0	0.918095604900381
12	4	2020	-11.56	-3.07	0.0	0.8100139848140431
13	4	2020	-13.6	-2.82	0.0	0.8535592044808911
14	4	2020	-15.62	4.45	0.0	1.143283551794424
15	4	2020	-10.96	4.0	0.0	1.198753125561287
16	4	2020	-9.39	5.13	0.0	1.2744683979879563
17	4	2020	-3.91	14.82	0.0	1.8705526988023808
18	4	2020	-5.23	4.87	0.0	1.2595825615864815
19	4	2020	-7.87	14.4	0.0	1.7832643908406791
20	4	2020	-2.22	12.65	0.0	1.7675646915734688
21	4	2020	-0.59	22.59	0.0	2.380637446051191
22	4	2020	0.79	17.33	0.0	2.088905619764613
23	4	2020	-0.85	18.15	0.0	2.127314591612686
24	4	2020	-2.41	13.78	3.08	1.68413554729019
25	4	2020	-3.53	18.47	0.0	2.112282747583291
26	4	2020	2.88	16.95	0.0	2.0586792554021085
27	4	2020	-1.19	21.01	0.0	2.304568722293137
28	4	2020	2.87	16.95	0.0	2.064621181613432
29	4	2020	1.46	22.91	0.0	2.4626110041100135
30	4	2020	8.18	27.45	0.0	2.7904393924994775
1	5	2020	5.4	18.38	0.0	2.124343468709173
2	5	2020	-1.72	19.21	0.0	2.1926115353473503
3	5	2020	-0.3	18.11	5.45	1.8949204283183096
4	5	2020	1.74	14.98	0.0	1.845367202623443
5	5	2020	-1.02	16.88	0.0	1.9830203504124393
6	5	2020	0.19	20.59	0.0	2.2255901988834617
7	5	2020	1.42	16.78	0.0	1.9781819269621936
8	5	2020	0.1	20.32	2.33	2.025392315719101
9	5	2020	-1.98	7.66	0.0	1.3563929595579651
10	5	2020	-4.11	9.5	0.0	1.5076601472135025
11	5	2020	-7.07	10.21	0.0	1.542861796531868
12	5	2020	-4.94	12.36	0.0	1.6854808294524453
13	5	2020	2.28	9.82	1.07	1.4265736339968076
14	5	2020	-0.75	18.06	0.0	2.081509740942787
15	5	2020	-1.6	15.96	0.0	1.9416130422193425
16	5	2020	0.38	24.35	0.0	2.4882515241419467
17	5	2020	7.22	25.21	0.0	2.575188336941121
18	5	2020	9.21	25.87	0.0	2.599819669868304
19	5	2020	10.24	26.79	0.0	2.6628879362146303
20	5	2020	10.75	22.95	7.0	2.1579115842275844
21	5	2020	9.86	21.38	0.0	2.22414461897717
22	5	2020	4.93	20.91	0.0	2.2992883644125373
23	5	2020	3.38	17.16	0.0	2.031438592490992
24	5	2020	3.62	18.46	0.0	2.134960584283733
25	5	2020	3.65	24.44	0.0	2.5711346819135983
26	5	2020	10.0	22.7	0.0	2.362481450494492
27	5	2020	6.7	19.86	0.0	2.212546447850998
28	5	2020	4.11	19.14	0.0	2.2003143655607595
29	5	2020	5.06	19.88	0.0	2.254678293733224
30	5	2020	6.33	24.96	0.0	2.6349371355627658
31	5	2020	11.0	30.97	0.0	3.036301368482788
1	6	2020	11.0	25.33	0.0	2.5973819916679135
2	6	2020	8.6	24.01	0.0	2.5453339662490855
3	6	2020	9.43	21.85	0.0	2.3373968379775523
4	6	2020	6.08	20.67	0.0	2.32135299459783
5	6	2020	2.96	22.57	0.0	2.48607258089087
6	6	2020	10.61	20.01	14.14	1.9768555617051171
7	6	2020	9.2	19.02	13.64	1.6928196432366909
8	6	2020	7.24	16.09	0.0	1.5473012218015314
9	6	2020	5.85	20.24	1.49	2.3036976318617555
10	6	2020	5.6	22.71	0.0	2.5128075989040486
11	6	2020	7.2	24.38	0.0	2.6291084699026093
12	6	2020	8.65	28.28	0.0	2.8980952892614233
13	6	2020	13.82	30.35	0.0	2.988486588534667
14	6	2020	11.54	22.56	11.51	1.803617317599292
15	6	2020	7.71	22.42	0.0	2.382165826075482
16	6	2020	9.74	21.82	17.63	1.743824637692215
17	6	2020	10.18	16.34	4.53	0.6539645197791196
18	6	2020	6.01	13.39	0.66	0.9682403727118656
19	6	2020	5.0	19.05	0.0	1.943680152505174
20	6	2020	6.47	17.85	0.0	1.6676146495017845
21	6	2020	4.05	18.61	0.0	1.9438858876885168
22	6	2020	4.82	23.18	0.0	2.3931501072776675
23	6	2020	10.58	28.28	0.0	2.7468912142277624
24	6	2020	13.34	29.17	4.03	2.2141069954364343
25	6	2020	13.3	25.26	0.0	2.1138546374001623
26	6	2020	11.63	30.41	0.0	2.8844557008264013
27	6	2020	14.15	23.19	0.0	1.6017824520203332
28	6	2020	13.57	19.86	0.0	0.9803828404116072
29	6	2020	14.18	18.69	3.71	0.5375561782412693
30	6	2020	13.97	20.6	8.78	0.7942910253852795
1	7	2020	12.22	23.69	1.23	1.9605627862183033
2	7	2020	10.81	24.19	2.41	1.7295641099622232
3	7	2020	9.69	27.68	0.0	2.6006231744758184
4	7	2020	12.22	28.08	0.0	2.537841014581378
5	7	2020	12.85	23.78	0.0	1.8864965684242003
6	7	2020	10.06	25.78	0.0	2.3994288853282946
7	7	2020	10.9	27.96	17.23	2.1083874167899244
8	7	2020	12.04	19.49	5.17	0.8417524335319205
9	7	2020	11.91	21.63	0.0	1.456412021709557
10	7	2020	9.86	22.56	7.8	1.4601957616265744
11	7	2020	10.54	24.28	0.0	1.9812755085520433
12	7	2020	12.57	25.67	0.0	1.9995924569551051
13	7	2020	9.8	19.74	3.27	1.076810987626622
14	7	2020	9.49	22.01	5.68	1.3885120771665878
15	7	2020	9.14	23.67	0.0	1.9659682521469837
16	7	2020	9.49	25.77	0.0	2.1669800319744215
17	7	2020	13.57	25.13	0.0	1.7247830247296116
18	7	2020	12.42	22.15	5.75	1.089841574308495
19	7	2020	10.17	22.72	4.84	1.3355200451741358
20	7	2020	10.59	22.54	5.24	1.2639859023132702
21	7	2020	8.9	25.14	0.0	2.0217171585996248
22	7	2020	13.71	30.15	0.0	2.2570470898511625
23	7	2020	17.93	28.68	0.0	1.6174535803208177
24	7	2020	14.78	27.84	0.0	1.899603491504904
25	7	2020	11.17	22.04	0.0	1.4482525530227754
26	7	2020	9.06	25.42	0.0	2.0397264715613783
27	7	2020	8.64	26.49	0.0	2.143714432465993
28	7	2020	10.17	29.89	0.0	2.3664095791403907
29	7	2020	14.25	33.28	0.0	2.461611237944955
30	7	2020	15.01	32.45	0.0	2.306523200608404
31	7	2020	12.83	26.71	0.0	1.7925690826293086
1	8	2020	7.86	27.04	0.0	2.1319845324800646
2	8	2020	9.81	27.23	0.0	2.0712398817027307
3	8	2020	13.46	29.2	2.73	1.643868384487546
4	8	2020	12.0	26.94	0.0	1.8541451068451509
5	8	2020	8.83	29.26	0.0	2.256433231947585
6	8	2020	11.57	32.91	0.0	2.449848069796854
7	8	2020	12.15	24.18	0.0	1.4329751311440309
8	8	2020	8.89	26.32	0.0	1.9378073348027465
9	8	2020	8.51	22.94	0.0	1.5811416583332325
10	8	2020	7.49	25.91	0.0	1.94328527585887
11	8	2020	7.8	25.97	0.0	1.9181435747815128
12	8	2020	11.51	29.91	0.0	2.0890533403191895
13	8	2020	11.2	25.03	0.0	1.5468182616683908
14	8	2020	8.1	25.43	0.0	1.807509606355603
15	8	2020	8.83	26.37	0.0	1.8495812531572513
16	8	2020	8.34	30.34	0.0	2.213123446137573
17	8	2020	11.14	34.69	0.0	2.4448868644227497
18	8	2020	11.82	36.12	0.0	2.5114741317134195
19	8	2020	14.29	35.12	0.0	2.320375550840161
20	8	2020	11.53	34.47	0.0	2.380994978739561
21	8	2020	13.94	29.44	0.0	1.7073121613748503
22	8	2020	9.83	33.49	0.0	2.3307096030057184
23	8	2020	5.91	28.83	0.0	2.066711706017146
24	8	2020	8.97	31.39	0.0	2.1498034485959625
25	8	2020	14.43	28.83	0.0	1.499513700001874
26	8	2020	11.99	25.46	0.0	1.3296618042905002
27	8	2020	7.51	27.09	2.34	1.5424918237755434
28	8	2020	5.98	24.25	0.0	1.5972148172506588
29	8	2020	7.83	31.91	0.0	2.1602800634740813
30	8	2020	6.54	19.87	0.0	1.151340466204232
31	8	2020	2.64	19.52	0.0	1.3020863779768457
1	9	2020	8.3	23.24	0.0	1.3281745872972228
2	9	2020	7.29	19.63	3.91	0.9752847548214248
3	9	2020	4.68	21.82	0.0	1.376028682195325
4	9	2020	6.33	24.56	0.0	1.5192309277657288
5	9	2020	7.58	31.52	0.0	2.080268163956203
6	9	2020	8.77	17.93	0.0	0.8163957299876147
7	9	2020	-0.43	10.33	0.0	0.7348250118052765
8	9	2020	-5.46	14.87	0.0	1.1847558401493363
9	9	2020	4.27	20.99	0.0	1.331252569413729
10	9	2020	6.5	26.24	0.0	1.680782047608435
11	9	2020	7.69	28.86	0.0	1.8366886889862963
12	9	2020	8.15	18.31	0.0	0.8677619387590481
13	9	2020	0.6	16.84	0.0	1.1327390915929982
14	9	2020	5.53	17.31	0.0	0.9344499259806368
15	9	2020	3.13	16.03	0.0	0.9725553104387362
16	9	2020	-0.34	13.9	0.0	0.9864742007937212
17	9	2020	1.76	20.84	0.0	1.4886189715116165
18	9	2020	-0.42	24.98	0.0	1.8027730467749896
19	9	2020	6.9	25.5	0.0	1.6634134928635234
20	9	2020	11.57	18.5	7.87	0.5766099802027099
21	9	2020	7.86	23.17	0.0	1.332118266701055
22	9	2020	6.16	22.07	2.6	1.1373912549425185
23	9	2020	9.32	21.99	0.0	1.093489034705829
24	9	2020	9.14	24.26	0.0	1.336827669611309
25	9	2020	7.16	21.54	0.0	1.17962872932829
26	9	2020	6.77	16.24	3.61	0.6919594147483067
27	9	2020	4.56	15.61	0.0	0.8244926751392717
28	9	2020	0.64	21.62	0.0	1.4314177192609263
29	9	2020	6.45	17.21	0.0	0.8383789693932201
30	9	2020	1.07	12.6	0.0	0.7658319772444135
1	10	2020	-4.48	12.28	0.0	0.9306407908520224
2	10	2020	1.32	16.97	0.0	1.0708767501941736
3	10	2020	-2.14	15.57	0.0	1.0710257751370804
4	10	2020	4.66	24.82	0.89	1.5301786135204858
5	10	2020	8.1	19.61	0.0	0.9062773031557508
6	10	2020	6.41	17.56	0.0	0.8744746455274538
7	10	2020	2.55	14.88	0.0	0.8948275183801929
8	10	2020	6.48	24.05	1.49	1.5129929016370054
9	10	2020	2.32	11.61	0.0	0.6129542890205962
10	10	2020	2.94	25.58	0.0	1.7368804544530236
11	10	2020	3.37	15.52	0.0	0.9221110554011528
12	10	2020	-3.0	10.88	0.0	0.8388185574948274
13	10	2020	-0.42	10.7	0.0	0.745234445346756
14	10	2020	-3.33	6.02	0.0	0.4935215447906934
15	10	2020	-3.73	5.15	0.0	0.4591928163942469
16	10	2020	-7.55	3.44	0.0	0.4860290948927742
17	10	2020	-13.23	-0.72	0.0	0.4294083263515969
18	10	2020	-7.04	-4.2	0.0	0.1233268472033584
19	10	2020	-9.21	-2.19	0.0	0.2816520804999398
20	10	2020	-7.24	-2.01	0.84	0.2323209306982175
21	10	2020	-11.0	-1.43	0.0	0.4165033131996356
22	10	2020	-14.39	-2.99	0.0	0.4141927443671028
23	10	2020	-14.37	-3.94	0.0	0.3589518586370577
24	10	2020	-10.45	-6.51	0.0	0.1466459136226351
25	10	2020	-13.34	-4.73	0.0	0.286183557236465
26	10	2020	-16.01	2.03	0.0	0.6311938382474109
27	10	2020	-4.47	11.85	0.0	1.0862096620833386
28	10	2020	-4.78	5.61	0.0	0.5961610109395038
29	10	2020	-6.85	8.39	0.0	0.8264550388095222
30	10	2020	-2.86	13.08	0.0	1.0415574457970649
31	10	2020	-6.71	3.56	0.0	0.4926527059479781
1	11	2020	-7.95	13.06	0.0	1.0447722737996967
2	11	2020	-1.29	20.09	0.0	1.4500632665547764
3	11	2020	3.48	19.75	0.0	1.3762660071292636
4	11	2020	1.45	16.44	0.0	1.1639073322806277
5	11	2020	1.29	20.04	0.0	1.3899410779587484
6	11	2020	-0.82	7.02	0.0	0.4253376091658514
7	11	2020	-1.79	1.01	1.07	0.1410861826109839
8	11	2020	-9.31	-2.44	15.88	0.2427701762882186
9	11	2020	-18.35	-8.76	0.0	0.2252655303026266
10	11	2020	-19.57	-5.18	0.0	0.3255087005589772
11	11	2020	-14.85	-6.7	1.08	0.2290582332191889
12	11	2020	-21.18	-6.79	0.0	0.2933225739381329
13	11	2020	-11.63	0.44	0.0	0.4072899938895383
14	11	2020	-8.6	-0.4	0.57	0.3126808328325913
15	11	2020	-14.81	-3.65	0.0	0.3155484288357673
16	11	2020	-12.85	-4.75	0.0	0.2480027587854863
17	11	2020	-9.19	1.23	0.0	0.3856125714873695
18	11	2020	-4.86	5.19	0.0	0.4469588824325629
19	11	2020	-11.47	-4.81	4.59	0.2033027054160869
20	11	2020	-19.11	-8.31	0.0	0.2334380221197727
21	11	2020	-15.32	-3.31	0.0	0.3243384520150258
22	11	2020	-15.76	-5.72	0.0	0.2597653427046953
23	11	2020	-11.72	-3.58	0.0	0.2559053891736919
24	11	2020	-11.03	-0.98	0.0	0.3310397626735609
25	11	2020	-6.81	2.62	0.0	0.3765813455676581
26	11	2020	-11.02	-1.15	0.0	0.3242883693027015
27	11	2020	-9.95	2.24	0.0	0.4248672268952826
28	11	2020	-9.09	2.61	0.0	0.4231371462624905
29	11	2020	-14.31	-1.16	0.0	0.370157808598101
30	11	2020	-7.7	2.75	0.0	0.3989425092101676
1	12	2020	-7.53	1.12	0.0	0.3302634176287873
2	12	2020	-11.34	-0.81	0.0	0.3387597827246251
3	12	2020	-7.63	3.18	0.0	0.4136828107569842
4	12	2020	-6.29	2.49	0.0	0.3547616135213578
5	12	2020	-6.37	4.01	0.0	0.4198684909149737
6	12	2020	-9.46	3.59	0.0	0.4618533580393205
7	12	2020	-7.37	3.37	0.0	0.4133572211243949
8	12	2020	-3.71	4.65	0.0	0.372293299755837
9	12	2020	-4.5	2.1	1.89	0.2828286761515578
10	12	2020	-10.9	-2.41	0.0	0.2735626503754106
11	12	2020	-11.47	-4.36	0.0	0.2201837569600334
12	12	2020	-11.32	-3.66	0.0	0.2404676253501717
13	12	2020	-23.28	-13.23	0.0	0.160371306252425
14	12	2020	-25.49	-10.94	0.0	0.2103624213978255
15	12	2020	-16.69	-5.21	0.0	0.2764639460026525
16	12	2020	-13.27	-2.28	0.0	0.317022872293448
17	12	2020	-12.65	2.17	0.0	0.4490548337696721
18	12	2020	-20.6	-2.41	0.0	0.3683920570303243
19	12	2020	-10.33	3.77	0.0	0.4744158676986614
20	12	2020	-6.06	3.53	0.0	0.3843375822372697
21	12	2020	-8.09	-1.01	5.37	0.2468943087700991
22	12	2020	-13.13	-2.63	7.34	0.2923864371394595
23	12	2020	-16.75	-8.38	0.0	0.1947125332877892
24	12	2020	-14.98	1.15	0.0	0.4378994889946486
25	12	2020	-12.13	-2.36	0.0	0.2958227750791128
26	12	2020	-12.92	-4.58	1.98	0.2402628238676839
27	12	2020	-14.96	-6.98	0.0	0.2056011625803991
28	12	2020	-16.81	-6.27	0.9	0.2502134649730916
29	12	2020	-15.74	-6.78	0.0	0.2234635659900391
30	12	2020	-20.5	-7.0	0.0	0.2655354714759759
1	1	2021	-17.34	-0.47	0.0	0.4091975284907789
2	1	2021	-5.8	4.39	0.0	0.4213747776365728
3	1	2021	-2.11	4.44	0.0	0.3137806120649104
4	1	2021	-9.53	0.42	0.0	0.349347612486188
5	1	2021	-9.05	1.11	0.0	0.3657416042886499
6	1	2021	-10.9	2.58	0.0	0.4493762473698882
7	1	2021	-9.48	0.81	0.0	0.3642405461142186
8	1	2021	-14.21	-1.45	0.0	0.3618148586136314
9	1	2021	-15.76	-4.6	0.0	0.289636759957439
10	1	2021	-11.34	-2.59	0.0	0.2841594376542398
11	1	2021	-11.05	0.72	0.0	0.3927252091587662
12	1	2021	-6.93	2.17	0.0	0.3665680479546288
13	1	2021	-3.55	6.68	4.71	0.4548334837310993
14	1	2021	-6.59	-1.72	0.0	0.1967267818870613
15	1	2021	-12.45	-4.42	0.0	0.2489328206913293
16	1	2021	-9.68	-0.82	0.0	0.318242921973373
17	1	2021	-9.96	-0.97	2.03	0.3041095728742046
18	1	2021	-9.68	-0.6	0.83	0.3290588420169505
19	1	2021	-13.52	1.55	0.0	0.4610176115215578
20	1	2021	-4.87	1.81	0.0	0.301087362402807
21	1	2021	-12.02	-5.58	0.0	0.2071318418332345
22	1	2021	-10.53	-5.08	0.84	0.1890149269861575
23	1	2021	-23.5	-7.79	0.0	0.2782949992096631
24	1	2021	-28.56	-21.01	0.0	0.0873065379477501
25	1	2021	-27.03	-19.93	0.0	0.0913990321260278
26	1	2021	-27.08	-18.43	0.0	0.1140245828642496
27	1	2021	-22.92	-13.4	0.0	0.1692437097603305
28	1	2021	-17.62	-9.12	0.0	0.2096439267132503
29	1	2021	-14.82	-8.24	0.0	0.1891683748527524
30	1	2021	-17.7	-11.73	0.0	0.1445059873553004
31	1	2021	-20.55	-7.61	0.0	0.2801115846852808
1	2	2021	-13.05	0.98	0.0	0.4633646388446038
2	2	2021	-8.24	5.42	0.0	0.5848122144405734
3	2	2021	-18.98	-9.7	0.0	0.2188010357485865
4	2	2021	-22.83	-15.89	0.0	0.1259826612410068
5	2	2021	-26.79	-17.7	0.0	0.129917110949585
6	2	2021	-34.3	-24.98	0.0	0.0763980298998186
7	2	2021	-35.34	-27.13	0.0	0.0613369226965199
8	2	2021	-35.91	-26.32	0.0	0.0703780599196814
9	2	2021	-30.43	-26.0	0.0	0.0465142629679932
10	2	2021	-32.61	-26.77	0.0	0.0537101504155353
11	2	2021	-36.41	-28.49	0.0	0.0558269771737604
12	2	2021	-33.46	-23.51	0.0	0.0921136355591192
13	2	2021	-37.0	-24.99	0.0	0.0859984921033256
14	2	2021	-34.84	-21.76	0.0	0.1133340817805502
15	2	2021	-29.53	-17.55	0.0	0.1541756554148042
16	2	2021	-24.14	-14.06	0.0	0.1872159571825615
17	2	2021	-22.63	-15.51	0.0	0.1438275267180373
18	2	2021	-23.92	-11.29	0.0	0.2453682952335359
19	2	2021	-22.14	-2.33	0.0	0.4877507776660079
20	2	2021	-12.59	-1.59	0.0	0.4910297474639624
21	2	2021	-11.38	2.61	0.0	0.7048106155719227
22	2	2021	-3.88	3.68	0.0	0.5671686192388501
23	2	2021	-6.65	0.42	0.0	0.4344369402314451
24	2	2021	-9.76	-1.68	0.0	0.428527931849026
25	2	2021	-11.04	0.8	0.0	0.6392254111703948
26	2	2021	-15.26	-1.6	1.83	0.5652476719333278
27	2	2021	-23.7	-13.92	0.0	0.1990043483947425
28	2	2021	-21.45	-9.82	0.0	0.2862693087761184
1	3	2021	-16.81	4.27	0.0	0.8078919547517351
2	3	2021	-5.17	3.76	0.0	0.6894698779836878
3	3	2021	-8.2	5.54	0.0	0.9383159384357558
4	3	2021	-7.58	5.39	0.0	0.9338893176904296
5	3	2021	-4.14	6.91	0.0	1.006369660807259
6	3	2021	-0.76	8.46	0.0	1.054180514546867
7	3	2021	-2.61	7.48	0.0	1.0526583910551237
8	3	2021	-2.31	6.41	0.0	0.9364419788523668
9	3	2021	-4.98	-0.01	0.0	0.3817778742080723
10	3	2021	-7.71	3.32	0.0	0.9011240376305102
11	3	2021	-16.12	-2.68	0.0	0.6244253150627423
12	3	2021	-8.92	8.42	0.0	1.2397531432279802
13	3	2021	-6.28	9.62	0.0	1.3418550195163763
14	3	2021	-1.55	10.59	0.0	1.3962093732290537
15	3	2021	-1.26	8.83	0.0	1.239708447719729
16	3	2021	-8.15	2.88	0.0	0.9203381662946384
17	3	2021	-8.29	9.26	0.0	1.3290906557061717
18	3	2021	-3.73	15.3	0.0	1.6814842417423304
19	3	2021	-0.38	20.25	0.0	1.9776388558172744
20	3	2021	0.2	11.72	0.0	1.5190768575045157
21	3	2021	-5.01	4.74	0.0	1.046426245046478
22	3	2021	-5.64	10.24	0.0	1.432177823580493
23	3	2021	-6.98	0.73	0.0	0.7846585109299963
24	3	2021	-6.81	9.3	0.0	1.3836029847202371
25	3	2021	-3.0	3.93	2.87	0.7617665892237161
26	3	2021	-9.68	2.16	0.83	1.0238485459224085
27	3	2021	-8.71	6.37	0.0	1.235450327130787
28	3	2021	-2.1	17.43	0.0	1.8756239116056093
29	3	2021	-8.34	6.28	5.01	1.1532453172838135
30	3	2021	-14.63	-6.31	0.0	0.5286592284947893
31	3	2021	-16.49	7.63	0.0	1.1680469620153815
1	4	2021	-3.23	15.73	0.0	1.7965399927214225
2	4	2021	-0.32	14.04	0.0	1.7277978877141045
3	4	2021	-1.98	14.76	0.0	1.7670051554026591
4	4	2021	-1.67	19.65	0.0	2.040617367883754
5	4	2021	-2.74	12.75	0.0	1.601322843397435
6	4	2021	-4.2	16.67	0.0	1.795246400248823
7	4	2021	-0.03	20.73	0.0	2.070545335285871
8	4	2021	1.71	15.63	0.0	1.7775553083288125
9	4	2021	-5.41	12.06	0.0	1.547327551731502
10	4	2021	-1.26	13.27	0.0	1.641496861934968
11	4	2021	-2.86	4.22	2.92	0.759210636686762
12	4	2021	-4.29	-0.16	2.03	0.2757810698165245
13	4	2021	-4.34	0.22	0.0	0.4515698218882272
14	4	2021	-4.45	3.24	0.0	0.9963819031666848
15	4	2021	-2.99	8.68	0.0	1.3992319487935485
16	4	2021	-5.89	12.15	0.0	1.5935908518597135
17	4	2021	-2.46	19.41	0.0	2.034619120014016
18	4	2021	-4.9	6.06	0.0	1.2606041897582576
19	4	2021	-7.6	4.61	2.98	1.1305987134225517
20	4	2021	-7.65	7.68	0.0	1.402087047633305
21	4	2021	-4.28	16.71	0.0	1.950930868680718
22	4	2021	-4.48	7.93	0.0	1.4228980078496003
23	4	2021	-11.92	4.1	0.0	1.183836401176136
24	4	2021	-9.4	8.03	0.0	1.4121328820838748
25	4	2021	-5.15	8.77	0.0	1.483152262562906
26	4	2021	-4.25	13.88	0.0	1.806398400201145
27	4	2021	-2.71	19.08	0.0	2.0633448539073775
28	4	2021	-1.6	15.08	0.0	1.843005450284471
29	4	2021	-0.01	13.3	0.0	1.7225373918898057
30	4	2021	2.53	26.47	0.0	2.5734850086044365
1	5	2021	4.91	21.09	0.0	2.2540738498674693
2	5	2021	0.27	14.96	0.0	1.8505108443382217
3	5	2021	-5.09	10.24	0.0	1.5490138559787776
4	5	2021	-5.21	14.03	0.0	1.7762163976928234
5	5	2021	-3.66	15.99	0.0	1.9110919291654815
6	5	2021	-0.42	17.58	0.0	2.043711348244307
7	5	2021	-0.66	17.81	0.0	2.0627063250523547
8	5	2021	1.83	12.71	0.0	1.6926578116212327
9	5	2021	-4.99	14.85	0.0	1.8467196650304176
10	5	2021	-4.54	17.45	0.0	2.001743025198167
11	5	2021	-1.5	19.68	0.0	2.1756332674470276
12	5	2021	0.57	20.37	0.0	2.2353693221254884
13	5	2021	0.58	21.43	0.0	2.2986971592064873
14	5	2021	2.61	22.92	0.0	2.4054128280845544
15	5	2021	3.11	24.02	0.0	2.4797294488268817
16	5	2021	8.28	28.88	0.0	2.8119827214606805
17	5	2021	8.04	31.54	0.0	2.9915862470536827
18	5	2021	12.64	29.99	0.0	2.8440543030270167
19	5	2021	3.9	14.87	0.0	1.7935883037041045
20	5	2021	-1.03	5.29	7.37	0.8558710458167517
21	5	2021	-2.0	3.39	4.82	0.5467188366700704
22	5	2021	0.82	8.24	0.0	1.150204178486968
23	5	2021	5.39	11.69	14.11	0.9416582920162144
24	5	2021	7.97	12.27	18.1	0.4128567031092891
25	5	2021	3.3	8.65	1.74	0.5443606669429493
26	5	2021	0.0	12.43	0.0	1.4612018724030584
27	5	2021	0.11	17.87	0.0	2.0471742182462926
28	5	2021	5.19	21.79	0.0	2.349996620889329
29	5	2021	5.29	20.28	0.0	2.1776745920715483
30	5	2021	2.76	22.22	0.0	2.4444644864905456
31	5	2021	7.01	26.58	0.0	2.7562416211662257
1	6	2021	8.26	26.09	0.0	2.7127861009494967
2	6	2021	11.67	32.08	0.0	3.118873936191479
3	6	2021	13.01	35.38	0.0	3.3338194117622115
4	6	2021	16.84	29.89	0.0	2.6879221506938498
5	6	2021	13.42	29.24	0.0	2.880879237958828
6	6	2021	8.59	22.9	0.0	2.3687748831894693
7	6	2021	8.99	23.45	0.0	2.4127762222534312
8	6	2021	6.19	22.77	10.51	2.0534236011323164
9	6	2021	12.15	19.05	12.65	0.8363693017727003
10	6	2021	13.14	21.73	15.25	1.1050603734494744
11	6	2021	10.2	20.31	0.0	1.5323828029734283
12	6	2021	7.0	23.8	0.0	2.2915343713495715
13	6	2021	7.04	27.1	0.0	2.614078300237597
14	6	2021	12.69	31.05	0.0	2.820817101689394
15	6	2021	16.15	33.09	0.0	2.862871431545046
16	6	2021	13.75	25.05	0.0	1.9678586503538331
17	6	2021	7.91	24.89	0.0	2.407814714417728
18	6	2021	8.1	19.58	0.0	1.7148724797281845
19	6	2021	6.48	20.47	1.31	1.9568341182732476
20	6	2021	6.5	18.99	0.0	1.7370204124510296
21	6	2021	1.56	23.71	0.0	2.3767073106491914
22	6	2021	9.84	31.06	0.0	2.8727175379544287
23	6	2021	12.7	24.63	0.0	1.8901435955428472
24	6	2021	8.67	19.82	3.38	1.2376932953083652
25	6	2021	9.18	26.92	0.0	2.464885199592724
26	6	2021	13.88	27.21	2.35	1.7144123903265345
27	6	2021	13.14	27.33	0.0	2.2318892786066304
28	6	2021	10.05	28.27	0.0	2.5918165789762946
29	6	2021	12.15	32.04	0.0	2.889179677754897
30	6	2021	12.99	33.01	0.0	2.9480707813349096
1	7	2021	15.22	34.14	0.0	2.954202648846818
2	7	2021	18.44	37.46	0.0	3.1197199366930213
3	7	2021	16.29	30.13	0.0	2.3687691319500126
4	7	2021	12.55	29.28	2.7	2.091166327952256
5	7	2021	13.68	24.15	0.0	1.661922665294595
6	7	2021	9.86	20.71	0.0	1.5717862482455276
7	7	2021	10.03	27.56	4.56	2.040569267944028
8	7	2021	14.57	25.87	8.33	1.4130856997517918
9	7	2021	12.1	28.92	0.0	2.415125857433841
10	7	2021	13.23	31.31	0.0	2.5969710475021666
11	7	2021	15.66	32.94	0.0	2.623795735803075
12	7	2021	12.38	27.11	0.0	2.1565244335690767
13	7	2021	10.09	28.49	0.0	2.47507078023414
14	7	2021	10.54	30.18	0.0	2.6200101725850917
15	7	2021	13.82	34.4	0.0	2.8814591968981977
16	7	2021	14.98	31.17	0.0	2.4333406474531394
17	7	2021	17.74	34.0	0.0	2.5521814096872957
18	7	2021	14.11	27.65	0.0	2.0122461823551805
19	7	2021	14.81	21.17	0.0	0.7945973731216338
20	7	2021	16.55	26.77	0.0	1.5663341341040422
21	7	2021	16.44	30.04	0.0	2.155400016739931
22	7	2021	15.82	33.83	0.0	2.707446780116163
23	7	2021	7.48	28.64	0.0	2.540194353718243
24	7	2021	9.07	29.17	0.0	2.5232117909689227
25	7	2021	10.46	29.87	0.0	2.527391107159148
26	7	2021	11.63	28.94	0.0	2.3526037378299867
27	7	2021	12.43	36.9	0.0	3.050498298212634
28	7	2021	14.58	28.85	0.0	2.0730250332006013
29	7	2021	12.36	32.22	0.0	2.6266002544514087
30	7	2021	13.45	31.26	0.0	2.4576134830772567
31	7	2021	12.1	31.39	0.0	2.5392452268072976
1	8	2021	11.23	32.5	0.0	2.6705200431218414
2	8	2021	14.09	34.47	0.0	2.7152178004887677
3	8	2021	18.58	28.12	0.0	1.3461317098039096
4	8	2021	14.63	29.05	0.0	2.0243895646486862
5	8	2021	10.55	29.9	0.0	2.396568741403662
6	8	2021	14.39	32.35	0.0	2.422544110824984
7	8	2021	15.06	30.46	0.0	2.1202896774080666
8	8	2021	13.86	24.04	0.0	1.288164582848438
9	8	2021	11.61	20.25	0.0	0.9718350244337728
10	8	2021	9.96	19.24	3.62	0.8740412562696698
11	8	2021	10.77	25.74	0.0	1.857665826788294
12	8	2021	8.21	23.67	0.0	1.791098327416603
13	8	2021	8.74	29.41	0.0	2.3369902137668195
14	8	2021	15.33	36.34	0.0	2.672641938300473
15	8	2021	15.27	33.3	0.0	2.357210596910502
16	8	2021	14.48	30.46	0.0	2.077359033634605
17	8	2021	9.85	22.19	0.0	1.4147113001165772
18	8	2021	9.64	17.13	6.04	0.6842900485136837
19	8	2021	8.6	17.92	8.57	0.8279096901360905
20	8	2021	10.23	17.23	7.9	0.6472714635258615
21	8	2021	6.78	21.3	5.43	1.2124952961486246
22	8	2021	9.03	15.6	13.08	0.5937058138469412
23	8	2021	6.47	20.3	6.19	1.182777478167423
24	8	2021	7.72	15.62	0.0	0.7800317603307988
25	8	2021	3.49	19.58	0.0	1.535384935074588
26	8	2021	8.17	20.65	0.0	1.355405722175863
27	8	2021	12.03	21.33	0.0	1.0268074554349869
28	8	2021	10.6	23.29	4.1	1.1704048450412172
29	8	2021	7.23	25.93	0.0	1.9213186910656832
30	8	2021	8.48	29.13	0.0	2.1290622170268714
31	8	2021	13.25	26.64	17.48	1.278751965551337
1	9	2021	9.06	21.91	0.0	1.3092865895454184
2	9	2021	7.12	19.83	0.0	1.2093897313061606
3	9	2021	7.19	21.71	0.0	1.397821009916069
4	9	2021	4.93	23.4	0.0	1.65267020689218
5	9	2021	7.3	29.38	0.0	2.02528175682564
6	9	2021	10.0	22.85	0.15	1.27337456427323
7	9	2021	7.23	23.91	0.0	1.5898475967603614
8	9	2021	5.03	24.97	0.0	1.7944612334047638
9	9	2021	10.77	28.69	0.0	1.9535384617754017
10	9	2021	8.76	22.62	0.0	1.4387593368438871
11	9	2021	7.22	13.88	0.0	0.6033989720892325
12	9	2021	4.95	17.09	0.0	1.0959731269319362
13	9	2021	6.91	21.06	0.0	1.3856587466467096
14	9	2021	4.33	22.51	0.0	1.6214916874575351
15	9	2021	8.56	20.13	0.0	1.1343918157788413
16	9	2021	3.81	15.98	0.0	1.0229413121563171
17	9	2021	-0.97	20.11	0.0	1.5143271711645705
18	9	2021	11.08	32.86	0.0	2.140891778146084
19	9	2021	6.83	19.86	0.0	1.154928623924623
20	9	2021	1.57	18.38	0.0	1.2812811293445738
21	9	2021	3.27	21.84	0.0	1.4785475148135163
22	9	2021	5.47	28.28	0.0	1.876268740631114
23	9	2021	4.91	18.48	0.0	1.0768035119018635
24	9	2021	-1.2	18.82	0.0	1.336026257431843
25	9	2021	7.71	27.59	0.0	1.730735402678149
26	9	2021	4.31	26.09	0.0	1.698739043868832
27	9	2021	9.31	30.34	0.0	1.839805502647812
28	9	2021	6.61	29.15	0.0	1.8202864890188644
29	9	2021	6.59	20.9	0.0	1.114799084239305
30	9	2021	0.78	23.34	0.0	1.5214941416645376
1	10	2021	5.76	23.89	0.0	1.3917531043748657
2	10	2021	0.22	21.63	0.0	1.3854787526318817
3	10	2021	6.53	24.4	0.0	1.37537349538493
4	10	2021	1.96	24.11	0.0	1.4969372164475394
5	10	2021	5.43	26.67	0.0	1.5680335683865465
6	10	2021	7.17	26.54	0.0	1.4979433513449296
7	10	2021	3.62	14.88	0.0	0.7606638355641815
8	10	2021	3.34	17.03	0.0	0.913774455348314
9	10	2021	1.18	19.5	0.0	1.1874896015592549
10	10	2021	-0.02	19.34	0.0	1.1977605946548946
11	10	2021	-1.91	9.6	0.0	0.6349458876822788
12	10	2021	-6.59	7.67	0.0	0.6597372703606791
13	10	2021	-3.05	4.28	5.5	0.3527897002351309
14	10	2021	-1.9	5.68	3.19	0.381682273710167
15	10	2021	-3.46	13.41	0.0	0.8746302811324842
16	10	2021	-0.76	18.24	0.0	1.0701474555312114
17	10	2021	3.47	24.42	0.0	1.319161009840099
18	10	2021	1.06	13.81	0.0	0.7558744253216237
19	10	2021	-4.94	6.85	0.0	0.5599200150873008
20	10	2021	-7.99	7.17	0.0	0.6409378860001116
21	10	2021	-4.48	11.71	0.0	0.7864555039869726
22	10	2021	-5.04	9.5	0.0	0.6865835287304813
23	10	2021	-1.58	7.27	2.23	0.43993419760683
24	10	2021	1.49	6.62	0.0	0.2984950969724843
25	10	2021	2.84	9.39	2.76	0.3780718924093301
26	10	2021	2.75	10.43	3.5	0.4432000667423645
27	10	2021	0.56	13.63	0.0	0.7446024581147817
28	10	2021	-1.97	11.37	0.0	0.6968432198812302
29	10	2021	0.94	10.51	4.6	0.5188920632750966
30	10	2021	-4.22	4.48	0.0	0.410653633131168
31	10	2021	-7.82	3.83	0.0	0.476842978854181
1	11	2021	-9.85	2.2	0.0	0.4503078821586461
2	11	2021	-9.38	6.8	0.0	0.6244559700319909
3	11	2021	-7.21	10.86	0.0	0.763209929960647
4	11	2021	-1.24	17.2	0.0	0.9607228563749236
5	11	2021	2.19	15.11	0.0	0.7563632328076392
6	11	2021	-2.99	11.7	0.0	0.7188491543488515
7	11	2021	-5.61	10.07	0.0	0.6923848715734517
8	11	2021	-4.99	9.25	0.0	0.641300912070338
9	11	2021	-9.39	8.52	0.0	0.6758784356580588
10	11	2021	-2.55	4.75	1.0	0.3533535529414616
11	11	2021	-6.2	-2.66	0.0	0.1441329956835573
12	11	2021	-9.39	-1.8	0.0	0.2713877200286634
13	11	2021	-7.17	3.93	0.0	0.445844724562657
14	11	2021	-5.27	2.37	1.37	0.328089050617124
15	11	2021	-1.37	6.01	1.05	0.3699800472737932
16	11	2021	-4.24	7.66	4.27	0.5155324958687553
17	11	2021	-11.8	-5.07	0.0	0.2100981529077754
18	11	2021	-14.84	-0.87	0.0	0.390065625288722
19	11	2021	-9.95	-1.21	0.0	0.3024777129185048
20	11	2021	-10.66	2.29	0.0	0.441125819835174
21	11	2021	-16.31	-2.2	0.0	0.3617171589121666
22	11	2021	-8.07	5.35	0.0	0.5111742490761553
23	11	2021	-10.15	4.25	0.0	0.4994234931340607
24	11	2021	-16.16	-7.8	0.0	0.2032779691420726
25	11	2021	-11.73	3.45	0.0	0.4871734807719016
26	11	2021	-1.91	7.25	0.0	0.4369880921717204
27	11	2021	-5.61	2.0	0.0	0.3106489246212079
28	11	2021	-4.45	6.18	0.0	0.459424607769139
29	11	2021	-3.2	5.77	0.0	0.404620027572711
30	11	2021	-4.96	6.62	0.0	0.4890901186348083
1	12	2021	0.03	7.64	0.0	0.3852555274714272
2	12	2021	-3.08	2.65	1.29	0.2559704681206277
3	12	2021	-7.51	0.08	0.0	0.2822904647684554
4	12	2021	-9.64	-1.4	1.22	0.2831451663166879
5	12	2021	-21.76	-6.27	1.69	0.2886186654732084
6	12	2021	-25.29	-13.35	0.0	0.1707280701693486
7	12	2021	-20.83	-8.15	0.0	0.2430637389588033
8	12	2021	-15.41	3.34	1.06	0.5081066476809939
9	12	2021	-12.45	-1.62	0.0	0.3262231283606886
10	12	2021	-15.5	-3.99	0.0	0.2961046716606241
11	12	2021	-10.96	3.47	0.0	0.4733074815482851
12	12	2021	-9.25	1.33	0.0	0.3694134826954363
13	12	2021	-14.44	-1.88	0.0	0.3424155456380438
14	12	2021	-9.08	-1.59	0.69	0.2589083209094218
15	12	2021	-20.91	-10.77	0.0	0.1860352792775174
16	12	2021	-24.73	-15.54	0.68	0.1298279127498898
17	12	2021	-26.09	-16.78	0.86	0.11981388070539
18	12	2021	-27.84	-6.54	0.0	0.2848317544628118
19	12	2021	-19.17	-4.81	0.0	0.304017226650868
20	12	2021	-22.05	-12.6	0.0	0.1591593255410501
21	12	2021	-19.58	-6.89	0.0	0.2583545706219007
22	12	2021	-13.55	-4.42	2.62	0.2446959098868996
23	12	2021	-12.6	1.54	1.33	0.4257065195964298
24	12	2021	-23.24	-13.17	0.59	0.158625227324413
25	12	2021	-28.33	-21.76	1.86	0.069045177945651
26	12	2021	-28.66	-22.62	6.8	0.0591976010043082
27	12	2021	-34.49	-25.7	0.8	0.0601083217596111
28	12	2021	-37.85	-27.06	0.0	0.0583085067048038
29	12	2021	-34.53	-25.2	0.0	0.064368089727292
30	12	2021	-34.81	-26.6	0.0	0.0543454266705582
31	12	2021	-35.55	-27.27	0.0	0.0516866891755156
1	1	2022	-34.85	-22.06	0.0	0.0908526293176381
2	1	2022	-27.21	-1.94	0.0	0.3730346785708258
3	1	2022	-16.64	-4.97	3.14	0.2703344451404911
4	1	2022	-23.32	-13.32	2.46	0.1513095533044393
5	1	2022	-31.89	-20.73	0.0	0.0973304783287
6	1	2022	-34.66	-25.52	0.0	0.0619640596925411
7	1	2022	-25.65	-7.83	2.4	0.2579844503189397
8	1	2022	-23.71	-11.79	0.0	0.1884384094156314
9	1	2022	-28.51	-16.21	0.0	0.1413122385638308
10	1	2022	-23.02	-1.77	0.0	0.3918201954993894
11	1	2022	-10.63	4.19	0.0	0.5021681118251062
12	1	2022	-2.59	4.83	0.0	0.3447441679162988
13	1	2022	-5.03	3.2	0.0	0.3485811267555296
14	1	2022	-6.0	1.05	0.0	0.2850726976561165
15	1	2022	-5.73	3.78	0.0	0.3955649388807216
16	1	2022	-4.22	3.46	0.0	0.3384800708182638
17	1	2022	-5.66	4.66	1.25	0.4344776611473433
18	1	2022	-19.9	1.64	0.0	0.4847683970150461
19	1	2022	-26.74	-16.18	0.0	0.1375044207922319
20	1	2022	-24.47	-2.79	0.0	0.3768665153014921
21	1	2022	-10.9	1.92	1.17	0.4373049477327437
22	1	2022	-9.19	3.57	2.1	0.4523172341076784
23	1	2022	-7.82	4.31	0.0	0.4781719112658604
24	1	2022	-12.38	0.3	0.0	0.4067044496835063
25	1	2022	-23.86	-5.91	0.0	0.316573626484938
26	1	2022	-11.02	1.39	0.0	0.4278163183396746
27	1	2022	-7.98	-0.03	0.0	0.3100645701872954
28	1	2022	-10.31	1.64	0.0	0.4292289185886564
29	1	2022	-8.3	2.85	0.0	0.4399616615526323
30	1	2022	-5.28	4.87	0.0	0.4564209742493304
31	1	2022	-12.24	4.32	3.65	0.5330712969457386
1	2	2022	-26.28	-15.39	0.0	0.1559757042257964
2	2	2022	-30.96	-22.37	0.0	0.0850307048288165
3	2	2022	-29.57	-16.84	0.0	0.1498175756271894
4	2	2022	-30.93	-4.3	4.56	0.3278453134240474
5	2	2022	-14.15	-3.21	0.97	0.3341458087552722
6	2	2022	-15.04	1.36	0.0	0.4971601821259219
7	2	2022	-5.65	5.6	0.0	0.5197168638888189
8	2	2022	-4.46	2.53	0.0	0.3369992900594236
9	2	2022	-8.16	2.49	0.0	0.4486976109240533
10	2	2022	-8.52	5.35	0.11	0.5831337215239099
11	2	2022	-18.43	-9.84	0.0	0.2098903427979261
12	2	2022	-16.58	-6.46	0.0	0.2810509398233222
13	2	2022	-14.68	2.21	0.0	0.5424807224501156
14	2	2022	-16.76	-7.64	0.95	0.2500538688781608
15	2	2022	-14.44	-7.07	1.1	0.2279535610612713
16	2	2022	-22.67	-14.2	0.5	0.1619609661413233
17	2	2022	-24.73	-1.48	0.0	0.4547226316809541
18	2	2022	-20.53	-4.61	0.0	0.3792307707145801
19	2	2022	-16.57	3.63	3.18	0.5776957455000401
20	2	2022	-22.67	-11.22	0.0	0.2328538602088211
21	2	2022	-28.07	-20.8	0.0	0.0967484732948434
22	2	2022	-31.58	-20.57	0.0	0.1210957292990417
23	2	2022	-30.77	-18.44	0.0	0.1479010803393965
24	2	2022	-27.34	-16.8	0.0	0.1596299318534642
25	2	2022	-26.44	-8.17	0.0	0.3211709222337081
26	2	2022	-14.63	-2.48	0.0	0.4149228552149192
27	2	2022	-11.24	-3.98	0.0	0.2889278011012143
28	2	2022	-13.89	-5.53	0.0	0.2942515142600425
1	3	2022	-13.78	-5.78	0.0	0.2850613516669769
2	3	2022	-14.71	-8.08	0.0	0.2243881959842827
3	3	2022	-15.23	-8.96	5.78	0.1889060602081857
4	3	2022	-11.77	-7.5	2.74	0.1540021817384416
5	3	2022	-15.59	-10.22	0.0	0.176664517114136
6	3	2022	-18.94	-5.68	0.0	0.3871399012876406
7	3	2022	-16.24	1.31	0.0	0.6363489434883194
8	3	2022	-16.85	-7.15	0.0	0.3192623595085757
9	3	2022	-23.76	-13.08	0.0	0.2323922439999341
10	3	2022	-24.05	-12.18	0.0	0.2565819356990376
11	3	2022	-29.88	-10.9	0.0	0.2923182514443057
12	3	2022	-16.97	2.57	0.0	0.7245175188981691
13	3	2022	-10.03	-1.56	0.0	0.4069073223858034
14	3	2022	-10.37	2.91	0.0	0.7356622547498177
15	3	2022	-3.25	5.45	0.0	0.6783153637750132
16	3	2022	-1.82	4.65	0.0	0.4789841200775598
17	3	2022	-5.25	6.4	0.0	0.8947961694292397
18	3	2022	-1.89	6.42	0.0	0.7327222848628605
19	3	2022	-2.7	8.15	0.0	1.005455858137278
20	3	2022	-1.16	5.68	0.0	0.6469861221560543
21	3	2022	-1.49	6.52	0.0	0.8339702132991995
22	3	2022	-2.09	8.09	0.0	1.0746004453561464
23	3	2022	-2.46	13.77	0.0	1.5690838709973267
24	3	2022	-0.58	8.38	0.0	1.0294980255160024
25	3	2022	-6.04	1.91	0.0	0.6888530670820283
26	3	2022	-8.83	-1.21	0.0	0.5493913445377393
27	3	2022	-6.29	9.06	0.0	1.33263408065614
28	3	2022	-2.63	10.03	0.0	1.4609455497465926
29	3	2022	-5.95	1.63	0.0	0.7605604324216466
30	3	2022	-8.3	9.2	0.0	1.410770534825455
31	3	2022	-1.96	6.06	1.09	1.0387609439197565
1	4	2022	-4.07	6.14	0.0	1.1592720997003616
2	4	2022	-7.14	8.27	0.0	1.3783702102504851
3	4	2022	-3.96	11.41	0.0	1.606795645651981
4	4	2022	-1.13	15.97	0.0	1.8895437715101795
5	4	2022	-0.14	8.89	1.96	1.3609605770211357
6	4	2022	-0.81	7.31	0.83	1.1841321302805747
7	4	2022	-3.11	10.17	0.0	1.5613283047330198
8	4	2022	-2.33	17.46	0.0	1.9794499377143069
9	4	2022	-0.48	12.19	0.0	1.6915688152264012
10	4	2022	-4.51	7.94	0.0	1.4365332162957205
11	4	2022	-8.18	-0.08	0.0	0.8112161314357647
12	4	2022	-10.11	-5.75	0.0	0.2984077175864623
13	4	2022	-9.58	-6.07	1.75	0.2200834843135093
14	4	2022	-9.54	-5.29	1.49	0.3104398010779876
15	4	2022	-11.38	-4.21	0.0	0.5705818113775288
16	4	2022	-11.74	0.1	0.0	0.9585636246561478
17	4	2022	-7.16	2.64	0.0	1.0846026681390564
18	4	2022	-7.58	7.31	0.0	1.4369269605192934
19	4	2022	-3.23	4.62	1.58	1.1333254113559328
20	4	2022	-4.1	1.71	0.0	0.7604900941643525
21	4	2022	-8.22	4.83	0.0	1.308550617001086
22	4	2022	-2.15	3.62	0.0	0.9020070439960652
23	4	2022	-0.17	7.09	1.88	1.335781200609626
24	4	2022	-2.27	10.9	0.0	1.7170789262126482
25	4	2022	-3.25	10.8	0.0	1.7075905904136437
26	4	2022	-2.85	14.28	0.0	1.9236934197782103
27	4	2022	0.47	15.15	0.0	2.0117605992072063
28	4	2022	0.76	17.39	0.0	2.156387750706419
29	4	2022	1.08	16.26	0.0	2.091268814849079
30	4	2022	1.77	16.46	0.0	2.104825472251236
1	5	2022	-0.43	15.63	0.0	2.0411524578086473
2	5	2022	-1.08	17.74	0.0	2.165092856112175
3	5	2022	3.93	19.64	0.0	2.3316342247079658
4	5	2022	1.71	23.78	0.0	2.4729627688231743
5	5	2022	8.88	27.2	0.0	2.7493028034975735
6	5	2022	9.74	22.87	1.85	2.4309113433938747
7	5	2022	6.32	14.71	6.14	1.6580714794479146
8	5	2022	3.61	16.41	1.11	2.0367885790687064
9	5	2022	-0.34	14.23	5.12	1.7380119268074914
10	5	2022	2.28	14.04	3.34	1.6117604022165344
11	5	2022	-0.21	18.73	0.0	2.1877204775098504
12	5	2022	2.31	18.67	0.0	2.2015554531997723
13	5	2022	4.27	9.66	16.3	0.6601692151726186
14	5	2022	2.89	16.06	0.0	1.8731213623230507
15	5	2022	3.46	19.88	0.0	2.2524632574154237
16	5	2022	4.72	22.38	0.0	2.4554017849756735
17	5	2022	6.8	22.58	3.9	2.0585395189493867
18	5	2022	6.94	16.39	1.82	1.5851600235504293
19	5	2022	1.47	12.13	3.44	1.1275718935191557
20	5	2022	0.44	7.84	0.0	0.8457288063927076
21	5	2022	-0.46	12.75	0.0	1.6098675439507244
22	5	2022	0.05	16.37	0.0	1.957444320223907
23	5	2022	2.24	21.29	0.0	2.368283850486569
24	5	2022	4.22	23.78	0.0	2.556242012946403
25	5	2022	6.15	23.79	0.0	2.551778302212258
26	5	2022	6.79	24.21	0.0	2.5840263072125955
27	5	2022	6.18	21.21	2.11	1.885341138751535
28	5	2022	7.0	22.39	0.0	2.3713598322583636
29	5	2022	9.96	19.38	0.0	1.684302882616663
30	5	2022	7.59	17.95	0.0	1.7314183548489728
31	5	2022	4.12	18.26	0.0	2.04543067297376
1	6	2022	3.35	20.01	0.0	2.2692166522525548
2	6	2022	3.9	21.31	0.0	2.41876028037502
3	6	2022	1.73	22.64	0.0	2.499352198994918
4	6	2022	4.0	24.51	0.0	2.6414029240140455
5	6	2022	6.81	19.87	0.0	2.2244666621037985
6	6	2022	5.54	19.67	0.0	2.256401071119776
7	6	2022	7.71	20.01	0.0	2.1785011738124966
8	6	2022	6.48	23.93	0.0	2.6054420681888177
9	6	2022	11.13	25.12	5.13	2.196575461088806
10	6	2022	10.2	26.67	1.31	2.779752011066537
11	6	2022	7.83	24.53	0.0	2.643130722953219
12	6	2022	8.29	25.71	2.9	2.305181348362536
13	6	2022	11.02	23.33	3.61	1.8224420899165636
14	6	2022	7.1	19.55	0.0	1.9915952628709108
15	6	2022	5.65	18.07	5.24	1.5330491097032155
16	6	2022	10.82	21.52	0.0	1.902988343523269
17	6	2022	10.26	29.85	0.0	3.0022639948717913
18	6	2022	17.77	32.53	0.0	2.9152073487799255
19	6	2022	15.59	21.66	5.82	0.7396218340679893
20	6	2022	13.73	22.5	1.54	1.5789104184250824
21	6	2022	12.04	23.16	3.37	1.5405640001806495
22	6	2022	10.71	27.82	0.0	2.690609974871387
23	6	2022	10.51	28.53	5.71	2.294431078591855
24	6	2022	8.45	19.94	1.21	1.7605297478118953
25	6	2022	8.04	20.95	2.57	1.5586124138106443
26	6	2022	7.94	25.1	0.0	2.4421652764103787
27	6	2022	9.31	24.9	0.0	2.352636814580794
28	6	2022	10.25	23.05	4.06	1.6136403259928744
29	6	2022	12.69	27.2	0.0	2.359444933538651
30	6	2022	9.94	23.23	0.0	2.0442689783813597
1	7	2022	8.8	24.24	0.0	2.2606977951724394
2	7	2022	9.78	23.44	3.08	1.6783307523468332
3	7	2022	10.93	23.98	2.25	1.6422493807022394
4	7	2022	13.43	17.46	9.26	0.4709575491821944
5	7	2022	12.76	20.12	3.08	0.8411807078560377
6	7	2022	12.89	25.4	0.0	2.033485589757112
7	7	2022	13.71	24.27	1.59	1.745655924818715
8	7	2022	16.41	30.76	0.0	2.4533234540267372
9	7	2022	16.15	29.78	0.0	2.335325786407631
10	7	2022	13.87	25.71	1.76	1.969442612709235
11	7	2022	11.01	27.56	0.0	2.4342060561974357
12	7	2022	10.16	29.43	0.0	2.646370070447486
13	7	2022	15.29	32.36	3.44	2.1986392337534317
14	7	2022	16.07	28.24	0.0	2.062478744194013
15	7	2022	15.82	33.43	0.0	2.752973952865145
16	7	2022	14.88	34.9	0.0	2.923863726419705
17	7	2022	14.63	33.33	0.0	2.781564605916534
18	7	2022	14.04	28.91	20.12	1.8548006150777816
19	7	2022	13.65	27.96	9.53	1.6576878463908529
20	7	2022	13.38	24.69	0.0	1.563178415591698
21	7	2022	10.95	28.27	0.0	2.236708866255914
22	7	2022	10.65	25.81	0.0	1.9722877975671136
23	7	2022	9.43	21.98	0.0	1.592756802695997
24	7	2022	7.54	26.94	0.0	2.2517744706338685
25	7	2022	12.58	20.99	4.75	0.9098916718576174
26	7	2022	10.63	24.45	0.0	1.7741618072111984
27	7	2022	7.85	25.19	0.0	2.0357926013260013
28	7	2022	7.57	26.5	0.0	2.1611955419244677
29	7	2022	11.96	31.99	0.0	2.4683619561013574
30	7	2022	14.3	28.16	9.58	1.4826496331286765
31	7	2022	13.98	28.12	10.25	1.4754751848454848
1	8	2022	15.07	26.79	0.0	1.4825141579158416
2	8	2022	14.22	26.3	0.0	1.5078886891470464
3	8	2022	9.83	26.0	0.0	1.8491008570179224
4	8	2022	11.69	35.26	0.0	2.5949306853713594
5	8	2022	9.67	21.31	0.0	1.261457694183954
6	8	2022	4.6	21.99	0.0	1.7070795640858385
7	8	2022	10.02	29.65	0.0	2.1722466111798022
8	8	2022	9.98	33.73	0.0	2.5247376202378575
9	8	2022	10.47	26.26	0.0	1.7834213365418603
10	8	2022	10.1	26.02	0.0	1.7742069103141471
11	8	2022	15.09	24.19	0.0	1.0695644638581996
12	8	2022	11.67	30.96	0.0	2.2594208216673763
13	8	2022	16.11	32.31	0.0	2.075041433473731
14	8	2022	15.81	31.7	0.0	2.018895327926861
15	8	2022	12.65	29.67	0.0	2.0305942317918757
16	8	2022	13.5	33.64	0.0	2.388879743463553
17	8	2022	16.17	30.03	0.0	1.765359078545893
18	8	2022	12.29	29.08	0.0	1.998656904252693
19	8	2022	10.25	28.74	0.0	2.0677480349928654
20	8	2022	13.33	30.8	0.0	2.079121863652614
21	8	2022	12.26	33.29	0.0	2.3632518487719327
22	8	2022	15.68	29.32	0.0	1.6529333343583417
23	8	2022	15.42	25.9	0.0	1.1818800835927932
24	8	2022	11.25	26.05	0.0	1.6389005082777246
25	8	2022	9.28	27.89	0.0	1.9503612173515188
26	8	2022	12.68	29.67	9.33	1.5811977927430092
27	8	2022	13.11	30.48	0.0	1.918858663429111
28	8	2022	12.18	20.89	5.88	0.8150439206122424
29	8	2022	8.82	27.01	0.0	1.793248076501197
30	8	2022	9.6	31.15	0.0	2.1048684398146125
31	8	2022	14.1	35.01	0.0	2.2007115450917527
1	9	2022	14.12	33.95	0.0	2.080024020021955
2	9	2022	6.36	26.45	0.0	1.782979699926986
3	9	2022	11.63	35.86	0.0	2.3285806082086458
4	9	2022	14.96	33.22	0.0	1.8952820531373424
5	9	2022	11.83	32.56	0.0	2.0115696947222728
6	9	2022	8.11	25.24	0.0	1.5264864156640965
7	9	2022	10.25	35.46	0.0	2.2795774886762676
8	9	2022	7.25	21.19	0.0	1.1965860878675456
9	9	2022	3.12	17.6	0.0	1.1113357860870403
10	9	2022	1.89	22.2	0.0	1.5087199705798906
11	9	2022	7.16	31.08	0.0	2.019791801456542
12	9	2022	7.92	24.54	0.0	1.4273159142717136
13	9	2022	9.87	16.48	0.88	0.5946787266377589
14	9	2022	8.08	15.46	0.89	0.6355274119450863
15	9	2022	7.95	15.27	0.0	0.628695666444943
16	9	2022	9.61	19.62	0.0	0.8896813492390382
17	9	2022	7.2	22.57	0.0	1.2642475181929649
18	9	2022	4.96	22.42	0.0	1.3815486269643236
19	9	2022	8.83	21.67	1.39	1.0990889875225236
20	9	2022	4.78	14.3	0.0	0.7419926074130929
21	9	2022	-0.76	16.66	0.0	1.1281244863863853
22	9	2022	0.9	17.04	2.79	1.0050460670488848
23	9	2022	4.46	17.15	0.0	0.9575518523388892
24	9	2022	6.69	21.3	0.0	1.155887554780916
25	9	2022	1.81	21.64	0.0	1.3917271525981694
26	9	2022	5.07	22.91	0.0	1.3574386262767963
27	9	2022	5.2	24.69	0.0	1.4912702942454512
28	9	2022	7.79	30.65	0.0	1.8332412392467752
29	9	2022	7.08	31.17	0.0	1.8740794325567272
30	9	2022	8.82	23.41	0.0	1.1678953631196296
1	10	2022	7.13	18.74	0.0	0.9011527347756664
2	10	2022	6.19	17.38	0.0	0.8474701308860753
3	10	2022	5.69	21.72	0.0	1.2225528001622674
4	10	2022	6.11	25.09	0.0	1.4851592297772584
5	10	2022	4.09	13.4	0.0	0.6610873410301034
6	10	2022	-3.31	9.53	0.0	0.7114859627452806
7	10	2022	-3.65	19.31	0.0	1.2926971012345367
8	10	2022	2.15	22.17	0.0	1.3549782246792244
9	10	2022	2.5	21.88	0.0	1.3170640356123735
10	10	2022	2.25	24.91	0.0	1.513963745139014
11	10	2022	4.14	14.82	0.0	0.7372267517113664
12	10	2022	2.29	11.34	0.0	0.5885626236321909
13	10	2022	-0.19	13.73	0.0	0.8292355028107715
14	10	2022	-1.59	14.85	0.0	0.9251972888134896
15	10	2022	-2.57	9.39	0.0	0.6449336965981707
16	10	2022	-5.22	8.79	0.0	0.6817563309324821
17	10	2022	-1.94	16.86	0.0	1.1066361602793382
18	10	2022	-0.31	22.4	0.0	1.4889794391133753
19	10	2022	1.64	21.46	0.0	1.3798536128527037
20	10	2022	2.16	16.37	0.0	0.9533229104602008
21	10	2022	1.34	10.29	0.0	0.5304786819327969
22	10	2022	-1.64	9.92	7.0	0.5837895476359026
23	10	2022	-1.19	3.07	14.93	0.2132111532299681
24	10	2022	-3.49	0.09	0.0	0.1728035501403706
25	10	2022	-3.9	1.6	0.0	0.2618232076597511
26	10	2022	-5.29	3.9	0.0	0.4215423469111958
27	10	2022	-1.69	6.57	0.0	0.4348876021705899
28	10	2022	0.48	8.35	0.0	0.4489838032540151
29	10	2022	-1.08	10.99	0.0	0.6547218734331722
30	10	2022	-0.87	12.7	0.0	0.7628393285836398
31	10	2022	-0.64	8.3	0.0	0.4875731064768038
1	11	2022	-0.31	10.96	0.0	0.619458078265369
2	11	2022	-2.93	1.91	0.0	0.2366518263766322
3	11	2022	-7.98	-1.94	0.0	0.2384188717967234
4	11	2022	-7.79	5.6	1.48	0.560731554334584
5	11	2022	-4.77	5.66	11.7	0.4629059438349301
6	11	2022	-11.51	-5.4	0.0	0.2052270757885681
7	11	2022	-12.32	-5.82	3.24	0.1983657403909057
8	11	2022	-16.35	-6.63	0.0	0.25979058902982
9	11	2022	-21.11	-14.68	0.0	0.12430898362139
10	11	2022	-22.14	-14.4	0.0	0.1419904400173491
11	11	2022	-22.08	-11.38	0.0	0.2024019193422515
12	11	2022	-21.4	-9.74	1.2	0.2312966048639451
13	11	2022	-14.46	-6.65	0.0	0.2255340018211181
14	11	2022	-12.99	-5.82	0.88	0.2225329307395775
15	11	2022	-13.43	-4.23	0.0	0.2819460234420121
16	11	2022	-11.08	-3.01	0.0	0.2779610094956082
17	11	2022	-17.27	-10.29	0.0	0.1701459092886036
18	11	2022	-17.59	-7.6	0.0	0.2440187068161039
19	11	2022	-12.44	-4.09	0.0	0.2688625027909098
20	11	2022	-12.1	0.25	0.0	0.4060874353831444
21	11	2022	-11.95	0.77	1.39	0.4197540331696437
22	11	2022	-6.55	2.46	0.0	0.3795373856146932
23	11	2022	-4.42	2.19	0.0	0.3024661458047638
24	11	2022	-6.68	4.04	0.0	0.4439488806126612
25	11	2022	-1.01	6.75	0.0	0.4030966299275503
26	11	2022	-3.07	2.41	0.0	0.2615787087338061
27	11	2022	-4.08	3.31	1.27	0.3383367822167307
28	11	2022	-11.58	-3.99	2.45	0.2330172347805063
29	11	2022	-16.2	-11.29	0.0	0.1203698066611773
30	11	2022	-19.81	-12.81	1.2	0.1403109600553038
1	12	2022	-20.79	-12.15	1.0	0.1650184251352757
2	12	2022	-27.24	-19.57	0.0	0.0934487373373457
3	12	2022	-23.49	-11.59	0.0	0.1949097749903841
4	12	2022	-14.69	-3.63	0.0	0.3033806835311284
5	12	2022	-22.11	-11.66	0.73	0.1839930597542608
6	12	2022	-32.13	-19.93	0.0	0.1085288848575289
7	12	2022	-34.86	-9.27	0.0	0.2265474077790367
8	12	2022	-16.53	-4.7	0.0	0.2910503302728829
9	12	2022	-11.89	-2.32	0.0	0.2967967849173887
10	12	2022	-15.68	-5.46	0.0	0.2593731344958814
11	12	2022	-10.76	-4.4	1.76	0.2043219562183036
12	12	2022	-11.99	-7.04	3.2	0.1414010106436604
13	12	2022	-14.2	-11.01	0.0	0.0825828219127531
14	12	2022	-16.36	-8.92	0.0	0.17831408497924
15	12	2022	-15.92	-10.51	0.0	0.1303130253447102
16	12	2022	-20.62	-12.68	0.67	0.1475129587686501
17	12	2022	-20.4	-14.62	1.25	0.1059885684264868
18	12	2022	-26.48	-19.76	0.85	0.082873303055635
19	12	2022	-31.12	-22.78	1.79	0.0747761364917618
20	12	2022	-34.67	-29.32	1.56	0.0344424914541451
21	12	2022	-32.81	-28.49	0.49	0.0317404488155719
22	12	2022	-31.62	-26.79	0.0	0.0394274060609923
23	12	2022	-34.27	-20.97	0.0	0.101010633535355
24	12	2022	-23.63	-12.41	3.15	0.1713914348335642
25	12	2022	-17.09	-5.32	0.0	0.2798277344578326
26	12	2022	-15.09	2.81	0.0	0.4893213037103565
27	12	2022	-7.98	1.67	5.63	0.347406142457947
28	12	2022	-15.41	-5.15	1.07	0.2652401909041754
29	12	2022	-14.7	-9.52	0.0	0.1339690746248633
30	12	2022	-15.43	-7.15	0.0	0.211310769454343
31	12	2022	-15.44	-7.32	0.0	0.207051548273195
1	1	2023	-16.86	-6.09	0.0	0.2554134666127963
2	1	2023	-13.99	-4.04	0.0	0.2758614643022736
3	1	2023	-15.35	-5.9	0.0	0.2431756875082512
4	1	2023	-16.95	-8.75	0.0	0.1913102167372159
5	1	2023	-16.39	-9.69	0.0	0.1598256548524332
6	1	2023	-16.7	-5.08	0.0	0.2816621884051757
7	1	2023	-10.62	-2.21	0.0	0.2779166159151392
8	1	2023	-13.07	-2.81	0.0	0.3023662456885591
9	1	2023	-11.86	-1.59	0.0	0.3230518805026417
10	1	2023	-14.01	-7.77	0.0	0.1722466464971215
11	1	2023	-14.96	-9.42	0.0	0.1445775842101539
12	1	2023	-13.27	-5.73	0.0	0.2196057720906906
13	1	2023	-10.23	0.58	0.0	0.372568526564838
14	1	2023	-9.46	-0.68	0.0	0.3139850813748415
15	1	2023	-9.39	-5.69	0.0	0.1301280151606108
16	1	2023	-9.01	-7.4	0.0	0.0579750004466932
17	1	2023	-9.67	-6.42	0.0	0.1130053439545059
18	1	2023	-8.56	-3.25	0.0	0.1988306145272877
19	1	2023	-10.54	-5.18	0.0	0.1826299909676726
20	1	2023	-13.87	-4.0	0.0	0.2889501765929123
21	1	2023	-11.97	-0.89	0.0	0.3604260370289838
22	1	2023	-7.18	0.85	0.0	0.3291102366789235
23	1	2023	-11.44	-1.86	0.0	0.3336978578990719
24	1	2023	-10.42	-2.06	0.0	0.2984419876289993
25	1	2023	-8.45	-1.52	1.06	0.2876144872413668
26	1	2023	-8.5	3.13	1.19	0.588645852604113
27	1	2023	-18.86	-4.26	0.0	0.3692433439632474
28	1	2023	-23.85	-18.38	0.0	0.0892889532649612
29	1	2023	-25.68	-19.3	0.0	0.0935980448791465
30	1	2023	-25.98	-18.09	0.0	0.1157224322936567
31	1	2023	-23.08	-11.86	0.0	0.2065294871726687
1	2	2023	-22.34	-9.87	2.11	0.2291012498201856
2	2	2023	-26.24	-16.93	0.0	0.1381545078437357
3	2	2023	-18.82	-0.64	0.0	0.5241865432846928
4	2	2023	-6.67	1.05	0.0	0.4758445282792115
5	2	2023	-10.52	1.84	0.0	0.6389519534954144
6	2	2023	-4.89	0.36	0.0	0.3103058152833311
7	2	2023	-4.18	3.09	0.0	0.5615280644043761
8	2	2023	-8.78	0.41	4.91	0.4408451131098596
9	2	2023	-13.31	-2.13	0.0	0.5036204160192167
10	2	2023	-8.07	4.52	0.0	0.8175450737590251
11	2	2023	-6.21	1.68	0.0	0.5776243841433857
12	2	2023	-7.1	1.82	0.0	0.6402388610197303
13	2	2023	-3.51	3.94	0.0	0.6750722867461839
14	2	2023	-16.37	-3.44	0.0	0.4989337768606444
15	2	2023	-17.14	-8.57	0.0	0.2827052440228331
16	2	2023	-18.63	-1.86	0.0	0.5637804936235612
17	2	2023	-8.85	0.03	0.0	0.5848556073317026
18	2	2023	-12.0	-3.08	0.0	0.4692413186354504
19	2	2023	-11.87	-3.9	0.99	0.418313662372803
20	2	2023	-18.93	-8.07	0.0	0.3543079184418148
21	2	2023	-26.34	-16.22	0.0	0.165503099879352
22	2	2023	-29.78	-24.54	0.0	0.0628059188470809
23	2	2023	-28.45	-21.99	0.0	0.0884726861626526
24	2	2023	-30.83	-19.67	0.0	0.1361496823985074
25	2	2023	-26.93	-11.53	0.0	0.2929139095665256
26	2	2023	-18.06	-0.42	0.0	0.6862193345760546
27	2	2023	-14.62	-3.44	0.0	0.5652636603848569
28	2	2023	-18.77	-9.7	0.0	0.3144335122507602
1	3	2023	-17.82	-6.68	0.0	0.4473011327942378
2	3	2023	-11.24	1.28	0.0	0.8281784755737566
3	3	2023	-9.77	-0.14	0.0	0.7229138838822526
4	3	2023	-14.4	-3.96	0.0	0.567729178456066
5	3	2023	-19.79	-9.81	0.0	0.3539987645610872
6	3	2023	-24.15	-12.42	0.0	0.2965858076290565
7	3	2023	-17.3	-12.96	0.0	0.1328657061906015
8	3	2023	-18.86	-13.07	1.62	0.1803142385556043
9	3	2023	-17.92	-10.38	0.0	0.308474434825569
10	3	2023	-13.96	-6.61	4.46	0.3352856932341534
11	3	2023	-12.75	-6.67	4.0	0.286958066471444
12	3	2023	-19.7	-9.17	0.0	0.419993994143971
13	3	2023	-18.25	-3.47	0.0	0.6656571103588452
14	3	2023	-11.88	2.19	1.2	0.9863086768814928
15	3	2023	-13.89	-3.91	0.0	0.629481343588252
16	3	2023	-13.98	-5.11	0.7	0.5610606563752801
17	3	2023	-21.13	-9.08	0.0	0.4372022822154685
18	3	2023	-20.79	-0.83	0.0	0.7435085141615564
19	3	2023	-14.98	-3.67	0.0	0.6749711056836395
20	3	2023	-14.4	-7.2	0.0	0.4307999307556505
21	3	2023	-16.38	-7.03	0.0	0.5073487647784625
22	3	2023	-15.46	-6.86	0.0	0.5045379286433046
23	3	2023	-15.4	2.16	0.0	0.969702988197126
24	3	2023	-14.18	-3.26	0.0	0.7199984143823367
25	3	2023	-17.84	-4.36	0.0	0.674372909697223
26	3	2023	-14.85	-5.92	0.0	0.563049273011112
27	3	2023	-19.5	-8.48	0.0	0.495747378422063
28	3	2023	-21.35	-6.73	0.0	0.5771533230770983
29	3	2023	-18.15	-1.71	0.0	0.8143950635708995
30	3	2023	-14.72	-1.88	0.0	0.8405424532043764
31	3	2023	-14.97	-0.02	0.0	0.9246256462232856
1	4	2023	-7.25	4.12	0.0	1.1782892171441914
2	4	2023	-8.31	-0.92	2.59	0.6384499139766046
3	4	2023	-13.76	-7.95	1.76	0.3711271425763248
4	4	2023	-18.99	-7.75	0.0	0.5326421909754269
5	4	2023	-22.18	-7.18	0.0	0.5620785099786247
6	4	2023	-21.55	-3.72	0.0	0.6983841504104166
7	4	2023	-12.28	1.3	0.0	1.0301256079368089
8	4	2023	-3.84	6.24	0.0	1.3111792756518463
9	4	2023	0.93	8.93	0.0	1.4144972853191176
10	4	2023	2.72	10.47	0.0	1.5075962050008105
11	4	2023	0.89	14.5	0.0	1.8448211862077435
12	4	2023	-0.01	8.08	0.0	1.390889289802128
13	4	2023	-1.1	4.97	2.95	0.7870181800114708
14	4	2023	-1.36	6.97	3.2	1.0575471824313063
15	4	2023	-2.16	11.23	0.0	1.6622337926441593
16	4	2023	-0.91	14.44	0.0	1.8703344720906416
17	4	2023	2.37	15.78	0.0	1.9709898845508709
18	4	2023	0.69	6.96	3.94	0.7555982301362026
19	4	2023	-4.37	0.22	5.7	0.2932933081793958
20	4	2023	-5.3	-1.89	0.96	0.239507921239113
21	4	2023	-5.4	0.59	0.27	0.5621914349620063
22	4	2023	-5.93	4.9	0.0	1.1123451118806922
23	4	2023	-5.72	7.84	0.0	1.3682791741600842
24	4	2023	-2.52	9.8	0.0	1.503171759146131
25	4	2023	1.36	15.44	1.29	1.9422541582639563
26	4	2023	2.32	14.65	0.0	1.8767449431901744
27	4	2023	2.7	10.32	0.0	1.3015862418968438
28	4	2023	-1.09	18.73	0.0	2.1244331752252967
29	4	2023	-0.94	15.51	0.0	1.952495994078673
30	4	2023	-2.57	15.56	0.0	1.936464135083815
1	5	2023	-0.86	19.19	0.0	2.165213224807806
2	5	2023	1.76	24.89	0.0	2.5212830705895124
3	5	2023	4.06	26.74	0.0	2.662852693774333
4	5	2023	5.65	26.21	0.0	2.655711279218568
5	5	2023	4.34	19.78	0.0	2.244575657820304
6	5	2023	3.83	16.3	0.0	2.0006613189813223
7	5	2023	6.62	17.44	0.0	2.045055093640789
8	5	2023	6.2	18.13	0.0	2.116544839159652
9	5	2023	3.34	20.37	0.0	2.302289219087818
10	5	2023	7.08	20.63	0.0	2.2985346976077867
11	5	2023	6.12	18.91	0.0	2.181024466073264
12	5	2023	8.64	16.25	3.08	1.4061273196529014
13	5	2023	6.04	22.59	0.0	2.461832970671471
14	5	2023	4.71	24.53	0.0	2.5857717440319368
15	5	2023	8.41	26.4	0.0	2.71752793128686
16	5	2023	9.33	30.03	0.0	2.9583533386327625
17	5	2023	5.81	18.72	0.0	2.162766059100998
18	5	2023	3.27	14.7	0.0	1.8767192842228615
19	5	2023	0.32	24.3	0.0	2.5230310368547704
20	5	2023	10.93	24.8	0.0	2.5382821424711293
21	5	2023	6.8	24.77	0.0	2.5948925326687857
22	5	2023	10.95	30.41	1.54	2.968481016732576
23	5	2023	11.61	26.19	0.0	2.629414009459261
24	5	2023	10.91	24.77	7.06	2.325842378791267
25	5	2023	12.76	17.76	2.24	0.6786900165729463
26	5	2023	10.3	18.47	0.0	1.6126282406773786
27	5	2023	7.91	17.37	5.83	1.3728093891431066
28	5	2023	12.62	20.98	0.37	1.709669859618822
29	5	2023	9.85	26.13	0.0	2.7020431362289603
30	5	2023	11.06	28.35	2.59	2.5249080041773455
31	5	2023	11.3	29.9	0.0	2.979263500303174
1	6	2023	13.33	26.05	6.78	2.0986902478428453
2	6	2023	13.31	22.02	7.84	1.3562572017912842
3	6	2023	15.92	26.6	4.67	1.7423691701583215
4	6	2023	15.15	29.96	0.0	2.78476327750571
5	6	2023	17.02	31.75	0.0	2.877824541060443
6	6	2023	15.93	29.31	0.0	2.6199358302585067
7	6	2023	14.22	28.95	10.84	2.224193632732816
8	6	2023	13.86	28.54	0.0	2.5867716277076487
9	6	2023	12.6	25.63	0.0	2.330979033261079
10	6	2023	10.07	23.37	0.0	2.261187109433303
11	6	2023	8.91	26.94	0.0	2.730889683031406
12	6	2023	10.8	29.07	0.0	2.889080138241694
13	6	2023	11.51	30.29	0.0	3.005073647710182
14	6	2023	12.31	28.91	3.13	2.332580100530575
15	6	2023	8.92	17.94	0.0	1.4821464262446906
16	6	2023	6.45	24.2	0.0	2.530920617745625
17	6	2023	11.02	21.0	0.0	1.7642161168327126
18	6	2023	7.89	23.97	16.05	2.0352018050452636
19	6	2023	9.18	22.68	0.0	2.1002741148970108
20	6	2023	9.39	22.24	0.0	2.032414757205047
21	6	2023	7.29	20.74	0.0	2.0016562560463855
22	6	2023	9.48	23.4	0.0	2.201397926527022
23	6	2023	8.08	25.38	0.0	2.4989677738268727
24	6	2023	8.92	25.17	0.0	2.422193016562303
25	6	2023	10.7	28.26	0.0	2.6642627537625927
26	6	2023	11.47	26.19	0.0	2.362638171391656
27	6	2023	11.23	28.48	0.0	2.637895562965851
28	6	2023	11.34	25.93	0.0	2.3189878436002527
29	6	2023	9.15	27.52	0.0	2.621485567058004
30	6	2023	13.03	30.21	0.0	2.736337616750025
1	7	2023	14.22	32.88	0.0	2.9526419014441254
2	7	2023	11.22	23.7	0.0	1.9988733376863208
3	7	2023	9.22	23.22	0.0	2.1160424137382323
4	7	2023	7.18	18.21	0.0	1.567635702421469
5	7	2023	5.82	23.85	0.0	2.361415125367416
6	7	2023	9.13	26.83	0.0	2.5433051247306
7	7	2023	7.47	24.94	0.0	2.4021958639228815
8	7	2023	9.63	28.08	0.0	2.6379253480573572
9	7	2023	11.24	30.2	0.0	2.781043068399774
10	7	2023	10.51	24.07	0.0	2.0726493963965527
11	7	2023	8.62	20.1	7.97	1.3120950695386009
12	7	2023	10.48	24.02	0.0	2.0151412544818883
13	7	2023	11.85	26.15	0.0	2.2240304311787464
14	7	2023	9.97	22.69	0.0	1.9256340596992136
15	7	2023	8.35	23.92	0.0	2.196929323881845
16	7	2023	8.1	23.06	0.0	2.105602433610833
17	7	2023	8.5	26.28	6.05	2.00907141104043
18	7	2023	11.12	22.43	1.34	1.709194662613272
19	7	2023	12.45	23.46	0.0	1.755540868867572
20	7	2023	9.44	27.28	0.0	2.5138642423060773
21	7	2023	10.67	29.63	0.0	2.692874823269279
22	7	2023	11.03	30.37	0.0	2.738357885025952
23	7	2023	14.23	31.24	0.0	2.6645906595250377
24	7	2023	15.66	35.83	0.0	3.0630983524823643
25	7	2023	17.68	34.14	0.0	2.7573803679034588
26	7	2023	11.52	27.94	0.0	2.4251340952989726
27	7	2023	8.37	24.12	0.0	2.1535887229056128
28	7	2023	7.93	21.34	0.0	1.824716857385697
29	7	2023	5.6	24.71	0.0	2.315455510192185
30	7	2023	10.73	29.86	0.0	2.6359092321631232
31	7	2023	15.06	33.05	0.0	2.749937606071038
1	8	2023	13.69	32.93	0.0	2.78974933398939
2	8	2023	13.26	31.15	0.0	2.60680001855951
3	8	2023	14.12	36.28	0.0	3.043193144929255
4	8	2023	14.33	28.12	0.0	2.1021679052533213
5	8	2023	10.54	27.53	0.0	2.3157361269513235
6	8	2023	9.24	26.1	0.0	2.216748797322466
7	8	2023	8.93	28.79	0.0	2.4945491400514648
8	8	2023	10.32	24.84	0.0	1.9773462697750457
9	8	2023	11.26	20.11	7.89	0.8615244883024653
10	8	2023	11.91	25.04	8.54	1.423626667772475
11	8	2023	11.43	23.09	0.0	1.4994274963248098
12	8	2023	9.21	22.25	5.58	1.276816173679035
13	8	2023	9.62	25.12	0.0	1.8795095072072217
14	8	2023	11.97	32.81	0.0	2.530773642163283
15	8	2023	13.53	30.63	0.0	2.207701709075833
16	8	2023	11.38	23.85	0.0	1.5249445088474431
17	8	2023	8.31	31.61	0.0	2.498717515640976
18	8	2023	14.8	28.57	0.0	1.7831830146173755
19	8	2023	8.3	20.48	0.0	1.323628013917025
20	8	2023	5.81	21.2	0.0	1.5986317151803704
21	8	2023	11.51	17.73	19.55	0.590971480042888
22	8	2023	13.4	21.4	6.73	0.7876950439701652
23	8	2023	14.25	26.23	0.0	1.4117643241999325
24	8	2023	10.46	24.49	0.0	1.5657031444990166
25	8	2023	9.2	21.09	0.0	1.243586159603966
26	8	2023	9.65	29.65	0.0	2.154038134697109
27	8	2023	11.65	28.53	0.0	1.92578896305627
28	8	2023	10.64	29.53	0.0	2.0685568658078237
29	8	2023	12.0	31.54	0.0	2.187590516331395
30	8	2023	14.58	28.98	0.0	1.7242595194657389
31	8	2023	11.53	23.45	1.72	1.3387775232621184
1	9	2023	13.09	28.35	0.0	1.8468526698268104
2	9	2023	12.9	30.47	0.0	2.1138817545993116
3	9	2023	8.44	32.49	0.0	2.4134645965745625
4	9	2023	10.02	20.82	0.0	1.1545430201404572
5	9	2023	3.42	17.04	0.0	1.2357818415771011
6	9	2023	7.97	25.19	0.0	1.871683419893214
7	9	2023	8.51	21.87	0.0	1.4731134189292276
8	9	2023	4.07	22.14	0.0	1.7080098432296795
9	9	2023	7.12	22.74	0.0	1.6156121257750384
10	9	2023	4.75	24.5	0.0	1.84636918021997
11	9	2023	5.61	22.6	0.0	1.6337689113128409
12	9	2023	7.77	27.55	0.0	1.9677359656745748
13	9	2023	11.65	22.62	1.43	1.1891974581791167
14	9	2023	7.35	20.94	0.0	1.3461381658271254
15	9	2023	4.35	21.74	0.0	1.5665710268793125
16	9	2023	5.91	29.13	0.0	2.086169163386246
17	9	2023	7.12	31.34	0.0	2.32196306276652
18	9	2023	9.88	27.14	0.0	1.888473509918616
19	9	2023	5.5	18.25	0.0	1.202951096448483
20	9	2023	3.8	20.71	0.0	1.515113848095982
21	9	2023	3.52	21.7	0.0	1.5872129007249114
22	9	2023	5.2	21.08	0.0	1.4452467315734785
23	9	2023	11.43	18.11	0.0	0.6021072297167648
24	9	2023	10.21	23.09	0.0	1.303357191789962
25	9	2023	6.96	26.47	0.0	1.8095942355236028
26	9	2023	11.44	28.78	0.0	1.7978221958907148
27	9	2023	9.06	23.54	2.15	1.1496646131748745
28	9	2023	5.64	19.55	0.0	1.181194802696851
29	9	2023	2.51	18.8	0.0	1.2575168778622736
30	9	2023	2.46	10.96	11.42	0.538780519875467
1	10	2023	7.41	10.51	3.55	0.2307371355657657
2	10	2023	7.17	15.51	0.51	0.6570407087747958
3	10	2023	4.88	14.43	0.0	0.7078262503297342
4	10	2023	2.89	14.43	1.71	0.8011411092784234
5	10	2023	-0.84	8.54	0.0	0.5730697652792066
6	10	2023	-4.4	10.77	0.0	0.8139939725834046
7	10	2023	3.98	21.15	0.0	1.2183042687350103
8	10	2023	2.24	22.73	0.0	1.3752802456916362
9	10	2023	3.88	21.76	0.0	1.2391303771141955
10	10	2023	3.17	21.35	0.0	1.2589690499635755
11	10	2023	3.62	16.4	0.0	0.8714964779887963
12	10	2023	0.71	10.38	0.0	0.6030752007735974
13	10	2023	-2.71	11.23	0.0	0.7673990537469033
14	10	2023	-0.48	12.12	0.0	0.7458975508183835
15	10	2023	-0.84	15.33	0.0	0.9365199687468234
16	10	2023	1.33	20.0	0.0	1.1803364402708976
17	10	2023	6.41	20.4	0.0	0.9974247746107128
18	10	2023	4.84	15.15	0.0	0.7124332164812284
19	10	2023	3.94	22.04	0.0	1.2126314948564156
20	10	2023	4.16	14.8	0.0	0.7135547305237105
21	10	2023	-2.65	12.06	0.0	0.7840975052040895
22	10	2023	2.77	11.19	0.0	0.5390255757582784
23	10	2023	-2.83	3.15	3.59	0.2894909444572408
24	10	2023	-10.7	-3.03	5.27	0.2680743171272925
25	10	2023	-13.76	-6.36	0.0	0.2360001073120476
26	10	2023	-13.35	-6.12	0.0	0.235501748035625
27	10	2023	-9.7	-4.45	0.61	0.2031165749862623
28	10	2023	-9.79	-3.6	0.6	0.2398601939046064
29	10	2023	-9.27	-1.56	0.0	0.3097097771081895
30	10	2023	-15.13	-4.76	0.0	0.3112489174146456
31	10	2023	-14.88	1.3	0.0	0.5018356619605827
1	11	2023	-8.95	0.32	0.0	0.3720931472735292
2	11	2023	-6.86	3.44	0.0	0.4531842407266442
3	11	2023	-6.75	1.04	0.0	0.3400819102184036
4	11	2023	-4.63	4.4	2.7	0.4058300203083479
5	11	2023	-0.28	5.13	4.99	0.2845171980962444
6	11	2023	0.18	3.98	0.0	0.2163652291457126
7	11	2023	-0.48	3.28	9.42	0.1928496900196766
8	11	2023	-1.91	3.28	1.13	0.2689709116892085
9	11	2023	-6.44	0.36	0.0	0.292599916888748
10	11	2023	-9.19	1.97	0.0	0.4260645689142003
11	11	2023	-4.68	7.05	0.0	0.5416404979924303
12	11	2023	-2.5	8.04	0.0	0.5277825694702817
13	11	2023	-3.44	9.01	0.0	0.5972533132060432
14	11	2023	-2.41	7.43	0.0	0.4918864987691432
15	11	2023	-4.44	6.72	0.0	0.5129046933391115
16	11	2023	-9.62	1.82	0.0	0.4192229713900978
17	11	2023	-3.14	9.48	0.0	0.6035929176556307
18	11	2023	-3.66	12.51	0.0	0.7500424338260256
19	11	2023	-1.42	11.02	0.0	0.6287496542191923
20	11	2023	-3.8	4.9	0.0	0.404735660785278
21	11	2023	-9.05	8.56	0.0	0.6540156527285278
22	11	2023	-7.94	2.68	0.0	0.4095686269319024
23	11	2023	-16.27	-6.62	0.0	0.242024204023695
24	11	2023	-13.69	-1.33	0.0	0.3600230389747713
25	11	2023	-8.48	0.84	0.0	0.3450892762906166
26	11	2023	-14.21	-4.32	0.0	0.2747760492791384
27	11	2023	-8.63	0.47	0.0	0.3314786058510151
28	11	2023	-4.81	4.95	0.0	0.4201651731243974
29	11	2023	-6.2	3.02	0.0	0.3729088051332784
30	11	2023	-10.42	-1.62	0.0	0.2921238394390472
1	12	2023	-14.38	-0.66	0.0	0.3809313375735909
2	12	2023	-10.41	2.07	0.0	0.4187225581275235
3	12	2023	-12.33	1.58	0.0	0.4261713924535537
4	12	2023	-7.27	0.86	0.0	0.3079735501217964
5	12	2023	-8.58	9.03	0.0	0.6447153504540359
6	12	2023	-1.98	9.19	0.0	0.5249853758120837
7	12	2023	-0.94	3.87	0.26	0.2318283414462029
8	12	2023	-6.46	0.17	0.0	0.2555041444550323
9	12	2023	-9.03	-0.59	0.0	0.2905986278048808
10	12	2023	-7.51	1.65	0.0	0.3399213428558963
11	12	2023	-11.43	-1.42	0.0	0.3095825759625487
12	12	2023	-13.68	1.91	0.0	0.4441808761184089
13	12	2023	-6.53	8.51	0.0	0.5900906273670301
14	12	2023	-5.0	5.89	0.0	0.4507098974320107
15	12	2023	-6.03	3.59	0.0	0.3796279198964273
16	12	2023	-3.75	4.29	0.0	0.3469117225239685
17	12	2023	-10.53	1.11	0.0	0.3776090631395352
18	12	2023	-11.08	4.04	0.0	0.485908544895765
19	12	2023	-3.19	0.34	0.0	0.1536803663351731
20	12	2023	-3.59	7.84	0.0	0.5005037969692517
21	12	2023	-5.87	4.79	0.0	0.4260287682651907
22	12	2023	-5.35	10.27	0.0	0.6419040444832467
23	12	2023	-5.56	2.55	0.0	0.3251698439144482
24	12	2023	-12.17	0.3	0.0	0.3759949957118805
25	12	2023	-10.99	5.07	0.0	0.5206348505209069
26	12	2023	-10.64	7.21	0.0	0.5921741205864361
27	12	2023	-8.59	5.76	0.0	0.514702257083745
28	12	2023	-9.36	9.44	0.0	0.6616324461890027
29	12	2023	-8.04	5.18	0.0	0.4835258152152802
30	12	2023	-13.4	0.39	0.0	0.3930775851062916
31	12	2023	-10.7	3.51	0.0	0.463373066693986
