Day	Month	Year	Tmin(c)	Tmax(c)	Prcp(mm)	Et0(mm)
1	1	2018	-31.15	-13.32	0.0	0.1805162605911668
2	1	2018	-21.64	-5.25	0.0	0.3054149901697822
3	1	2018	-15.16	-3.06	0.0	0.3143141767283518
4	1	2018	-14.08	-6.21	0.0	0.2094315522969196
5	1	2018	-13.89	-6.82	0.0	0.1890621615103105
6	1	2018	-12.0	1.0	0.0	0.4014183025249841
7	1	2018	-8.28	1.27	0.0	0.3465955505881493
8	1	2018	-9.58	-2.14	0.0	0.2510539646070903
9	1	2018	-11.25	-0.41	0.0	0.3451885262070153
10	1	2018	-23.91	-15.87	0.24	0.1188964321565222
11	1	2018	-29.11	-21.75	0.0	0.0745792492531432
12	1	2018	-31.08	-20.26	0.0	0.1008071685541672
13	1	2018	-27.7	-8.44	0.0	0.2576641141127236
14	1	2018	-22.64	-10.3	0.0	0.2120811258131699
15	1	2018	-29.34	-15.87	0.0	0.1496399743278965
16	1	2018	-21.18	-1.15	0.0	0.4099056530735424
17	1	2018	-9.77	4.07	0.0	0.5334295547320643
18	1	2018	-7.57	7.79	0.0	0.6975776347258692
19	1	2018	-4.83	4.22	0.0	0.3988269606167814
20	1	2018	-7.89	1.02	0.0	0.3408743316950068
21	1	2018	-11.96	-1.25	0.0	0.3414517658331704
22	1	2018	-11.12	3.45	0.0	0.5551761206110117
23	1	2018	-10.57	-0.52	0.0	0.3444087206076199
24	1	2018	-10.75	-3.1	0.0	0.2566141296738944
25	1	2018	-9.61	-1.23	0.0	0.3001600137566177
26	1	2018	-12.59	-6.93	0.71	0.1712609267344753
27	1	2018	-20.65	-13.54	0.0	0.1364371152115079
28	1	2018	-22.89	-14.46	0.0	0.143118137184158
29	1	2018	-23.51	-3.27	0.0	0.3893511114364527
30	1	2018	-12.46	2.95	0.0	0.595448181647429
31	1	2018	-23.13	-13.98	0.0	0.1572081822470054
1	2	2018	-26.83	-15.43	0.0	0.1579317977866436
2	2	2018	-22.05	-17.44	3.05	0.0762699489188585
3	2	2018	-27.25	-20.62	1.04	0.084463385470361
4	2	2018	-28.66	-16.55	0.0	0.1512405001934837
5	2	2018	-26.41	-15.55	0.0	0.1574240883663924
6	2	2018	-27.72	-17.24	0.0	0.138556618912919
7	2	2018	-28.01	-14.42	0.0	0.1834691619759055
8	2	2018	-26.92	-17.1	0.0	0.1374259081138716
9	2	2018	-28.4	-16.0	0.0	0.1621656866497755
10	2	2018	-20.86	-9.7	0.0	0.2446229866461944
11	2	2018	-27.71	-15.98	0.0	0.1613175835148043
12	2	2018	-32.1	-12.81	0.0	0.2137919974422224
13	2	2018	-18.81	1.82	0.0	0.6509694362078908
14	2	2018	-14.4	1.15	1.27	0.6525272403265263
15	2	2018	-27.86	-13.33	0.0	0.2105085655402367
16	2	2018	-21.33	-4.61	0.0	0.4412330301373697
17	2	2018	-19.01	-10.43	0.0	0.2119223290042474
18	2	2018	-22.64	-12.5	0.0	0.2035958188488811
19	2	2018	-27.78	-13.64	0.0	0.2143239979381672
20	2	2018	-23.59	-11.92	0.0	0.2381532433483409
21	2	2018	-29.87	-10.29	0.0	0.2875017548711601
22	2	2018	-24.74	-8.39	0.0	0.3495673015604313
23	2	2018	-20.27	-6.49	0.0	0.4075881763899776
24	2	2018	-16.88	-1.65	0.0	0.5983716934677095
25	2	2018	-16.29	-1.44	0.0	0.6106499496485147
26	2	2018	-15.19	-4.33	0.0	0.4595171746842492
27	2	2018	-15.13	-1.47	0.0	0.6153961327185776
28	2	2018	-13.57	0.75	0.0	0.7339832889031738
1	3	2018	-17.53	-2.35	0.0	0.598248989278898
2	3	2018	-14.19	-4.16	0.0	0.4752639812889712
3	3	2018	-8.33	-4.25	4.36	0.1682394460485151
4	3	2018	-10.74	-5.1	6.93	0.2098129637531879
5	3	2018	-13.76	-8.65	0.41	0.1771170068195809
6	3	2018	-17.01	-7.15	0.0	0.3671447667474952
7	3	2018	-23.57	-6.63	0.0	0.4385738204216791
8	3	2018	-24.14	-8.35	0.0	0.3869263016240793
9	3	2018	-14.09	-1.86	0.0	0.6249403739961357
10	3	2018	-12.0	-1.47	0.0	0.6169112589165525
11	3	2018	-14.21	2.37	0.0	0.8674848171012602
12	3	2018	-15.9	-0.99	0.0	0.7017749020859413
13	3	2018	-15.83	1.78	0.0	0.8398926213279456
14	3	2018	-15.76	-1.03	0.0	0.7135738977019046
15	3	2018	-11.51	-3.19	0.0	0.5104274633196957
16	3	2018	-7.86	2.04	0.0	0.8331514668202121
17	3	2018	-4.72	0.34	0.93	0.4448884827679111
18	3	2018	-6.26	1.15	0.18	0.6873999062314344
19	3	2018	-8.62	-0.27	0.0	0.6806247201456254
20	3	2018	-7.79	1.84	0.0	0.8552129848446234
21	3	2018	-10.35	2.55	0.0	0.9744700762753696
22	3	2018	-9.27	0.73	0.0	0.827388651944288
23	3	2018	-4.49	0.36	4.05	0.3441859316704589
24	3	2018	-8.49	3.03	0.0	1.004676308035846
25	3	2018	-6.55	1.76	0.0	0.8530547576447411
26	3	2018	-8.04	4.3	0.0	1.1359255441627545
27	3	2018	-9.88	3.85	0.0	1.1190732321219397
28	3	2018	-13.91	-2.87	0.48	0.7228627988158359
29	3	2018	-19.96	-7.75	0.57	0.5087697822085623
30	3	2018	-23.49	-12.34	0.0	0.3486202213718022
31	3	2018	-21.92	-9.53	0.0	0.4598430013002197
1	4	2018	-18.49	-5.36	0.0	0.6442782419838894
2	4	2018	-20.26	-5.46	0.0	0.6337092153707644
3	4	2018	-16.47	-3.73	0.0	0.7277161624669525
4	4	2018	-18.14	-2.55	0.0	0.7796936643977349
5	4	2018	-18.33	-8.39	0.0	0.4874604943142285
6	4	2018	-22.58	-9.01	0.0	0.4945170437398629
7	4	2018	-21.28	-5.04	0.0	0.6611200861352037
8	4	2018	-13.11	-2.72	0.0	0.7876639280140094
9	4	2018	-8.21	0.76	0.0	0.9644617893758044
10	4	2018	-10.51	6.62	0.24	1.3044053392995405
11	4	2018	-3.29	1.33	1.21	0.6705242400056369
12	4	2018	-5.34	-0.54	0.0	0.6125288580473499
13	4	2018	-5.78	0.8	0.0	0.8847837625902611
14	4	2018	-4.03	6.41	0.0	1.369113324352277
15	4	2018	-3.79	8.18	0.0	1.4859665179285546
16	4	2018	-1.66	4.47	2.18	0.8503356478329381
17	4	2018	-1.93	1.53	5.59	0.3392117513678309
18	4	2018	-4.91	9.07	0.0	1.5482945467611595
19	4	2018	-2.22	11.49	0.0	1.7113095951625796
20	4	2018	-0.6	17.28	0.0	2.0747093667907897
21	4	2018	1.14	19.08	0.0	2.202944838572854
22	4	2018	2.67	13.77	0.0	1.8404436222087597
23	4	2018	-0.47	13.2	0.0	1.8275331521584617
24	4	2018	-1.29	19.98	0.0	2.223395036540449
25	4	2018	3.01	17.28	0.0	2.030557213721932
26	4	2018	-0.67	21.73	0.0	2.258201904037066
27	4	2018	-0.68	15.83	0.0	1.9303079040886983
28	4	2018	0.97	26.0	0.0	2.5227160609552275
29	4	2018	5.93	20.5	0.0	2.238658459670227
30	4	2018	0.29	11.48	0.0	1.6381785299751548
1	5	2018	-3.12	16.35	0.0	1.943323007333231
2	5	2018	1.55	17.99	0.0	2.089320576843847
3	5	2018	5.63	21.39	0.0	2.3188941581498357
4	5	2018	4.1	23.85	0.0	2.481089774624673
5	5	2018	4.85	24.48	0.0	2.5253845816438125
6	5	2018	4.32	27.09	0.0	2.678307546231987
7	5	2018	11.03	26.61	0.0	2.648456145262946
8	5	2018	8.05	17.15	5.5	1.7095303015900365
9	5	2018	2.6	13.35	0.0	1.7481411322941156
10	5	2018	1.75	11.24	2.91	1.2718616725286278
11	5	2018	4.3	10.8	2.39	0.8734783525602194
12	5	2018	2.49	18.52	0.0	2.150024094596657
13	5	2018	6.35	26.21	0.0	2.6696880627100312
14	5	2018	3.59	24.28	0.0	2.5313482136514756
15	5	2018	11.22	31.6	0.0	3.0182135914641095
16	5	2018	9.17	27.17	0.0	2.719377577640239
17	5	2018	7.18	14.41	2.02	1.0490745156203714
18	5	2018	4.01	18.11	0.0	2.0914161137461367
19	5	2018	2.43	21.71	0.0	2.3609803622320436
20	5	2018	2.74	24.78	0.0	2.5638013782986007
21	5	2018	9.96	29.94	0.0	2.9215617205000632
22	5	2018	10.73	27.05	0.0	2.6957786702633246
23	5	2018	9.21	29.27	5.72	2.6351680049255224
24	5	2018	11.92	25.67	3.43	2.2165151032033443
25	5	2018	10.72	26.8	0.0	2.685349773579053
26	5	2018	10.17	29.83	1.57	2.930806955302627
27	5	2018	10.25	25.43	0.0	2.591926729891937
28	5	2018	9.22	30.01	0.0	2.959896187214232
29	5	2018	12.91	27.54	0.0	2.7127113381369363
30	5	2018	10.55	23.92	5.82	2.034415046918451
31	5	2018	8.85	14.17	0.0	0.7779749816142089
1	6	2018	8.62	14.48	7.73	0.6529237179375278
2	6	2018	7.03	17.7	0.0	1.750245597171383
3	6	2018	7.28	23.74	0.0	2.5564237464046142
4	6	2018	9.53	27.49	1.7	2.8231011077388533
5	6	2018	9.31	20.86	0.0	2.1697774388934814
6	6	2018	6.48	26.99	0.0	2.8074107340170262
7	6	2018	8.51	27.17	0.0	2.811626299984834
8	6	2018	13.05	23.47	0.0	2.1895187286596705
9	6	2018	12.83	29.79	0.0	2.952231945455779
10	6	2018	13.78	25.01	0.0	2.358403024785034
11	6	2018	6.63	18.61	0.0	2.0166993047113726
12	6	2018	7.21	21.76	0.0	2.407254772514335
13	6	2018	6.99	25.91	0.0	2.7362868998778542
14	6	2018	8.94	23.16	1.71	2.499388021686467
15	6	2018	8.85	23.39	0.0	2.525203281665472
16	6	2018	7.35	21.22	0.0	2.351864813233334
17	6	2018	8.24	25.35	0.0	2.689008837600796
18	6	2018	8.54	27.42	0.0	2.842485421994067
19	6	2018	10.66	26.71	0.0	2.7669220796480394
20	6	2018	10.5	29.29	0.0	2.9708974794201
21	6	2018	12.17	29.36	0.0	2.9531300988298135
22	6	2018	13.79	28.2	0.0	2.821905232608612
23	6	2018	12.84	26.9	15.59	2.389021907715265
24	6	2018	15.17	26.28	0.0	2.302494359687931
25	6	2018	14.06	29.22	0.0	2.8812910633192175
26	6	2018	12.14	24.94	0.0	2.426140427972471
27	6	2018	7.22	25.31	0.0	2.7141431924808246
28	6	2018	7.76	24.52	0.0	2.633612148703795
29	6	2018	10.87	23.16	0.0	2.278167640371122
30	6	2018	12.05	24.48	5.84	1.9016608411597171
1	7	2018	11.02	20.23	4.07	1.261891460311943
2	7	2018	8.99	22.72	3.4	1.793261554570412
3	7	2018	6.37	21.25	10.02	1.758857027404874
4	7	2018	10.33	18.89	7.05	0.991805764767972
5	7	2018	8.1	24.79	0.0	2.3430737910050934
6	7	2018	13.89	33.02	0.0	2.954830147059398
7	7	2018	14.31	30.43	0.0	2.643974979836243
8	7	2018	10.4	24.5	0.0	2.151980715594681
9	7	2018	9.02	27.58	3.06	2.1343083011351753
10	7	2018	13.26	28.82	4.99	1.9916948004563613
11	7	2018	14.66	25.18	0.24	1.7034289763281187
12	7	2018	14.09	29.04	0.0	2.376409567698804
13	7	2018	13.26	32.15	0.0	2.7916911378723492
14	7	2018	12.28	21.53	0.0	1.374415148973111
15	7	2018	8.66	25.07	0.0	2.2511608941346504
16	7	2018	6.33	25.74	0.0	2.4111571622700985
17	7	2018	9.76	33.92	0.0	3.061523724500245
18	7	2018	15.98	31.59	0.0	2.5783176952675833
19	7	2018	14.05	28.1	0.0	2.2677352844088423
20	7	2018	12.21	29.07	0.0	2.528741841770023
21	7	2018	15.48	26.77	0.0	1.8933532918205107
22	7	2018	11.65	23.17	0.0	1.767067353177892
23	7	2018	9.67	23.42	0.0	1.992818713809715
24	7	2018	8.42	23.13	0.0	2.033721879495326
25	7	2018	9.07	21.72	0.0	1.7914093425054798
26	7	2018	6.76	23.25	0.0	2.1252834912379517
27	7	2018	8.61	24.2	0.0	2.1309036322576436
28	7	2018	8.84	27.05	0.0	2.41821354814784
29	7	2018	8.79	29.52	0.0	2.6305265505001416
30	7	2018	11.66	32.11	0.0	2.7608509255028357
31	7	2018	11.82	24.34	0.0	1.816566519848124
1	8	2018	7.67	27.6	0.1	2.441128679050939
2	8	2018	14.68	30.49	3.24	1.9266206937883252
3	8	2018	13.39	28.84	2.33	1.7959599048478518
4	8	2018	12.98	23.06	2.29	1.0535592462093597
5	8	2018	12.88	23.29	5.83	1.0950228366032215
6	8	2018	10.81	29.11	0.0	2.3243296487242695
7	8	2018	12.75	30.99	0.0	2.4382082460786116
8	8	2018	11.52	29.82	0.0	2.371659534966893
9	8	2018	12.81	33.45	0.0	2.667229039672421
10	8	2018	13.83	38.42	0.0	3.0372986065185814
11	8	2018	14.87	35.34	0.0	2.7213278768976688
12	8	2018	12.96	23.49	0.0	1.370234824455335
13	8	2018	8.17	17.34	0.0	0.9848429130653004
14	8	2018	3.75	27.48	0.0	2.32985012138458
15	8	2018	11.07	29.13	0.0	2.248209874080216
16	8	2018	9.81	27.8	0.0	2.186753070580742
17	8	2018	10.61	32.14	0.0	2.5421325052790102
18	8	2018	10.79	25.0	0.25	1.7661695323603257
19	8	2018	4.18	23.8	0.0	1.9779664717177172
20	8	2018	5.29	23.25	0.0	1.8709293744965712
21	8	2018	5.27	27.04	0.0	2.187087607275745
22	8	2018	10.01	30.42	0.0	2.3560835079486826
23	8	2018	8.55	28.58	0.0	2.2491715275712374
24	8	2018	8.15	22.43	0.0	1.6028077201974122
25	8	2018	7.2	19.16	0.0	1.2715560377944548
26	8	2018	7.35	16.95	3.56	0.793131915007042
27	8	2018	8.1	13.85	6.2	0.4862614930861637
28	8	2018	7.1	18.06	0.0	1.081835300765327
29	8	2018	6.24	26.9	0.0	2.1041091338730427
30	8	2018	10.06	22.7	0.86	1.429263680471092
31	8	2018	7.26	19.96	0.0	1.3702864939145534
1	9	2018	6.55	20.72	0.0	1.5030069850444543
2	9	2018	3.67	20.24	0.0	1.59498549589015
3	9	2018	5.0	22.31	0.0	1.7277342518828829
4	9	2018	2.69	14.75	0.0	1.0556224203847584
5	9	2018	-0.58	21.64	0.0	1.7735370597953757
6	9	2018	2.88	24.49	0.0	1.922995530255426
7	9	2018	6.46	24.33	0.0	1.7919400989547325
8	9	2018	11.19	26.54	0.0	1.7434044425171038
9	9	2018	8.14	22.0	0.0	1.4434556729782797
10	9	2018	3.48	21.75	0.0	1.6470880361464737
11	9	2018	5.74	17.13	0.0	1.0312549746530868
12	9	2018	4.34	14.5	1.13	0.8232526451204865
13	9	2018	3.72	12.54	0.73	0.6914392847890505
14	9	2018	2.45	9.35	0.0	0.5186482144731058
15	9	2018	5.19	12.21	5.58	0.5225514602597454
16	9	2018	6.49	9.96	9.36	0.2713180701535644
17	9	2018	4.13	12.84	0.76	0.6965856873187913
18	9	2018	3.98	11.22	0.0	0.5778334744894689
19	9	2018	2.05	14.97	0.0	0.9785890527079224
20	9	2018	2.91	11.43	0.0	0.6594511585731504
21	9	2018	0.66	7.47	3.74	0.4439459128915086
22	9	2018	-0.47	1.22	9.32	0.111149210716084
23	9	2018	-0.43	3.28	0.22	0.2583957908260251
24	9	2018	-0.11	11.96	0.6	0.8424350756110643
25	9	2018	1.3	13.31	0.76	0.871194394933746
26	9	2018	2.97	16.16	0.0	1.0041931391796095
27	9	2018	-1.95	8.57	0.0	0.6754839791347519
28	9	2018	-4.09	8.12	0.0	0.719198246876025
29	9	2018	-2.63	7.33	0.0	0.6208429209121733
30	9	2018	-7.56	4.26	0.17	0.6210586495456973
1	10	2018	-2.22	5.01	1.17	0.4548933596732014
2	10	2018	-1.48	3.37	1.58	0.3121018300380145
3	10	2018	-2.53	5.81	0.0	0.5201243152755124
4	10	2018	-6.03	5.67	0.0	0.6247852969939279
5	10	2018	-2.94	7.84	0.0	0.6529374627731579
6	10	2018	-4.92	11.75	0.0	0.9656000752243572
7	10	2018	-3.04	13.29	0.0	1.018052824057744
8	10	2018	-2.6	1.47	0.0	0.249102487322337
9	10	2018	-4.32	1.77	0.0	0.3494149842389764
10	10	2018	-8.09	4.56	0.0	0.6122992042311902
11	10	2018	-9.31	6.35	0.0	0.7181236307764812
12	10	2018	-5.2	7.15	8.29	0.6041271958500158
13	10	2018	-5.02	-0.83	0.0	0.2255939369005913
14	10	2018	-8.9	3.6	0.0	0.5597023645151706
15	10	2018	-1.2	13.23	0.0	0.879639976504393
16	10	2018	-1.32	10.22	0.0	0.6905467620935438
17	10	2018	-1.64	20.87	0.0	1.3052378447489328
18	10	2018	2.13	19.37	0.0	1.1384476251245756
19	10	2018	-3.49	13.07	0.0	0.8718392990505945
20	10	2018	-8.06	15.92	0.0	1.0516889623698455
21	10	2018	-1.46	14.06	0.0	0.8661436481273797
22	10	2018	-6.01	10.74	0.0	0.7832916804788436
23	10	2018	-4.91	15.65	0.0	0.9889139477304894
24	10	2018	-1.83	18.45	0.0	1.075846949534044
25	10	2018	-0.88	15.16	0.0	0.8828996769817142
26	10	2018	-2.53	11.63	0.0	0.7351773745576154
27	10	2018	-1.23	12.87	0.0	0.7617410140658408
28	10	2018	-5.2	9.52	0.0	0.6837292035290459
29	10	2018	0.64	9.61	0.0	0.5111772278962055
30	10	2018	-1.86	6.9	0.0	0.4542845386601912
31	10	2018	-3.05	9.92	0.0	0.6430942824076304
1	11	2018	-2.99	4.56	0.81	0.3680830552503484
2	11	2018	-2.4	0.08	2.36	0.1164722841224718
3	11	2018	-4.73	1.28	0.0	0.2688936578033543
4	11	2018	-2.27	3.56	3.58	0.2741350820565674
5	11	2018	-8.04	-0.35	1.55	0.3059684185471545
6	11	2018	-12.45	-8.41	0.07	0.1247246657466308
7	11	2018	-12.85	-9.75	0.0	0.0923753617388963
8	11	2018	-18.37	-9.72	0.0	0.1980978313151399
9	11	2018	-22.01	-4.78	1.83	0.342686014335742
10	11	2018	-9.94	-4.26	0.34	0.1991548807185852
11	11	2018	-11.61	-6.95	0.0	0.1481392373777853
12	11	2018	-15.09	-5.19	0.0	0.2728280171169189
13	11	2018	-8.71	4.05	0.0	0.4886219796277476
14	11	2018	-2.62	5.05	0.0	0.3729713321089266
15	11	2018	-2.44	3.18	0.0	0.2722421135739361
16	11	2018	-17.95	-5.6	0.0	0.2923152031639555
17	11	2018	-19.76	-6.28	0.0	0.289193544056446
18	11	2018	-11.84	-6.78	0.5	0.1571145928885721
19	11	2018	-14.57	1.12	0.0	0.4525472523856781
20	11	2018	-5.86	2.09	0.0	0.3361908792026594
21	11	2018	-5.6	1.05	0.0	0.283747730777286
22	11	2018	-2.85	5.74	0.0	0.4043944281653476
23	11	2018	-5.18	3.21	0.0	0.3593877973498141
24	11	2018	-7.83	-5.05	0.0	0.1031623179185094
25	11	2018	-8.2	-5.23	0.0	0.1086551328053062
26	11	2018	-7.9	-3.91	0.0	0.1490731251685985
27	11	2018	-5.41	-1.6	0.0	0.1603896529727004
28	11	2018	-6.68	-3.44	0.0	0.1281943671007196
29	11	2018	-5.88	-0.78	0.0	0.2107759021758663
30	11	2018	-7.79	-3.37	0.0	0.1669068442800102
1	12	2018	-7.43	-4.73	2.27	0.0992752476168802
2	12	2018	-9.03	-4.17	0.0	0.1761037152615695
3	12	2018	-12.94	-4.87	0.0	0.2413417869408132
4	12	2018	-13.43	-6.48	0.62	0.2005656868122308
5	12	2018	-14.79	-6.59	0.29	0.2201938288285821
6	12	2018	-14.88	-8.18	0.0	0.1772503409610061
7	12	2018	-18.75	-7.61	0.0	0.2405891984586911
8	12	2018	-18.19	-7.37	0.0	0.2406343955746157
9	12	2018	-14.92	-2.95	0.0	0.3212180767603889
10	12	2018	-14.35	0.83	0.0	0.4239800207258385
11	12	2018	-8.47	0.76	0.0	0.3373355225163675
12	12	2018	-5.73	0.8	0.0	0.2689315091745684
13	12	2018	-9.62	2.61	0.0	0.4247481921517867
14	12	2018	-8.4	4.85	0.0	0.4857713839791657
15	12	2018	-2.79	4.82	0.0	0.3525959773049022
16	12	2018	-11.9	-3.73	0.0	0.2506868073798196
17	12	2018	-8.07	4.76	0.0	0.4766695934745448
18	12	2018	-5.09	4.73	0.0	0.4140996913585892
19	12	2018	-4.01	2.35	0.0	0.2806070629321978
20	12	2018	-8.07	2.23	0.0	0.3819417700680872
21	12	2018	-4.27	3.57	0.0	0.3369248796361608
22	12	2018	-8.34	-4.12	0.0	0.1494954370254543
23	12	2018	-15.6	-5.47	1.76	0.2570147387656361
24	12	2018	-16.09	-8.8	0.88	0.176775172409756
25	12	2018	-17.02	-9.63	0.0	0.1696331657144171
26	12	2018	-14.96	-7.19	0.0	0.2013727584392523
27	12	2018	-20.85	-9.14	0.81	0.2204364072303115
28	12	2018	-20.84	-5.29	0.0	0.3021582629737566
29	12	2018	-12.92	-3.7	1.34	0.267855104515858
30	12	2018	-19.37	-10.56	0.61	0.1767758494804402
31	12	2018	-27.92	-16.51	0.0	0.133976390363959
1	1	2019	-25.49	-2.21	0.47	0.3698060914491962
2	1	2019	-10.07	3.96	0.0	0.4756695054564304
3	1	2019	-5.57	3.57	0.0	0.372366446965636
4	1	2019	-8.24	1.82	0.0	0.3662033402903968
5	1	2019	-6.89	-2.65	0.0	0.1589240153088509
6	1	2019	-6.05	1.31	0.0	0.2928443664804803
7	1	2019	-13.45	-2.23	0.58	0.3206076250591693
8	1	2019	-20.98	-14.71	0.0	0.1098153575435754
9	1	2019	-22.82	-8.96	0.44	0.2370446012155581
10	1	2019	-14.74	-7.72	0.0	0.181736703714642
11	1	2019	-16.83	-9.49	0.0	0.1695934964143622
12	1	2019	-14.3	-0.64	0.0	0.3832262356458787
13	1	2019	-12.03	-1.01	0.0	0.3429892759020919
14	1	2019	-11.18	-1.61	0.0	0.309373292556241
15	1	2019	-18.21	-5.08	0.0	0.2991591814348397
16	1	2019	-19.04	-13.92	0.44	0.1022019229876948
17	1	2019	-25.24	-16.32	0.0	0.1253330559118439
18	1	2019	-28.1	-18.18	0.0	0.1160969450854791
19	1	2019	-22.23	-15.55	2.1	0.1071145214901177
20	1	2019	-18.97	-11.07	0.0	0.1665173803717684
21	1	2019	-17.82	-6.43	0.0	0.2673055108066213
22	1	2019	-16.03	-2.67	0.0	0.3524048492394778
23	1	2019	-21.8	-5.27	0.0	0.3223378669708597
24	1	2019	-28.74	-10.27	0.0	0.2358535995766681
25	1	2019	-21.75	-5.24	0.0	0.3250665540701726
26	1	2019	-13.15	-1.26	1.58	0.3975083693864213
27	1	2019	-8.59	3.85	2.15	0.4834761722452675
28	1	2019	-22.1	-11.07	0.0	0.2048567468295396
29	1	2019	-29.64	-21.27	0.0	0.0894116087735794
30	1	2019	-24.6	-12.78	0.31	0.1898700834326346
31	1	2019	-16.26	-1.6	0.0	0.4464569348299886
1	2	2019	-18.77	-8.88	0.0	0.228694535186113
2	2	2019	-22.42	-16.27	1.05	0.1088053873353022
3	2	2019	-25.6	-22.22	0.0	0.0462926477262748
4	2	2019	-25.6	-21.83	2.01	0.0488781625565906
5	2	2019	-32.15	-22.4	0.0	0.0923349760068998
6	2	2019	-35.7	-25.99	0.0	0.0698228717782115
7	2	2019	-37.12	-24.7	0.0	0.0833446906123311
8	2	2019	-37.01	-25.24	0.0	0.0793475303114365
9	2	2019	-33.66	-23.61	0.0	0.0866645924573047
10	2	2019	-32.21	-21.31	0.0	0.1070722949015215
11	2	2019	-28.37	-16.85	1.67	0.1526087142342753
12	2	2019	-31.43	-20.13	0.0	0.1199626971933847
13	2	2019	-28.1	-20.5	0.0	0.098737845273416
14	2	2019	-32.51	-20.02	0.0	0.1256986956065952
15	2	2019	-32.94	-18.05	1.21	0.1498534708538964
16	2	2019	-21.18	-13.86	2.97	0.143443625089959
17	2	2019	-20.0	-14.05	0.54	0.1347763920522102
18	2	2019	-26.33	-17.6	0.16	0.1350107745824662
19	2	2019	-28.92	-11.36	0.0	0.2548781443528849
20	2	2019	-23.64	-9.22	1.19	0.3064783821512605
21	2	2019	-24.29	-12.44	0.0	0.2207130563453335
22	2	2019	-26.97	-11.53	0.0	0.2571120904857932
23	2	2019	-23.36	-13.85	0.0	0.1877474634312256
24	2	2019	-31.05	-21.12	0.0	0.1153918137795637
25	2	2019	-33.3	-18.8	0.0	0.1507510901633779
26	2	2019	-29.54	-16.72	0.0	0.1742283776080913
27	2	2019	-21.37	-8.51	0.0	0.3767961570853516
28	2	2019	-17.7	-8.6	0.0	0.3354019202976592
1	3	2019	-26.43	-16.42	0.0	0.1732514216128354
2	3	2019	-32.73	-21.41	0.36	0.1227875992023674
3	3	2019	-25.91	-16.21	0.0	0.1797899714558274
4	3	2019	-21.51	-10.95	0.0	0.3103419873899582
5	3	2019	-18.07	-8.71	0.0	0.3606910339178061
6	3	2019	-25.38	-13.32	0.0	0.2638310884000052
7	3	2019	-24.58	-8.38	0.0	0.4106522752570332
8	3	2019	-16.57	-5.09	0.0	0.5345437107876235
9	3	2019	-15.42	-5.21	0.0	0.5201234469849891
10	3	2019	-21.56	-6.74	0.0	0.4885487329519963
11	3	2019	-17.01	1.25	0.0	0.8392211873309032
12	3	2019	-3.85	3.4	0.0	0.8351985245099501
13	3	2019	-4.94	2.64	0.0	0.8376171549945852
14	3	2019	-9.4	1.23	0.0	0.8886157993404837
15	3	2019	-11.65	2.66	0.0	0.9947514360111692
16	3	2019	-8.65	3.5	0.0	1.059307453022284
17	3	2019	-10.43	4.38	0.0	1.0881096347643513
18	3	2019	-3.43	4.85	0.0	1.0577501890495766
19	3	2019	-3.61	9.24	0.0	1.379632821232111
20	3	2019	-2.32	12.99	0.0	1.5904241466494404
21	3	2019	-1.79	11.85	0.0	1.5387498220954656
22	3	2019	-2.21	13.93	0.0	1.6537628963227244
23	3	2019	-2.17	13.13	0.0	1.6162273340048294
24	3	2019	-5.12	3.26	0.0	1.0149844150065244
25	3	2019	-7.47	4.37	0.0	1.1388772032532646
26	3	2019	-0.89	16.88	0.0	1.84814590577645
27	3	2019	-1.27	5.96	0.0	1.13755120219911
28	3	2019	-5.94	7.19	0.0	1.304511920150167
29	3	2019	-4.95	4.66	0.0	1.1670480101205538
30	3	2019	-6.53	13.7	0.0	1.6296828359341724
31	3	2019	-4.43	5.22	0.0	1.198759490482367
1	4	2019	-3.91	9.1	0.98	1.432190308691085
2	4	2019	-6.3	4.26	0.71	1.1596788509906066
3	4	2019	-8.38	11.33	0.2	1.506000967304925
4	4	2019	-1.09	13.5	0.0	1.7077729933408277
5	4	2019	-3.92	8.63	0.0	1.4157115693240705
6	4	2019	1.05	8.59	1.04	1.3631748597131663
7	4	2019	0.33	17.01	0.0	1.8858291240283585
8	4	2019	-2.64	16.7	0.0	1.839362105860655
9	4	2019	-4.66	9.49	0.0	1.437626162573392
10	4	2019	-5.78	8.64	0.0	1.3917713095140505
11	4	2019	-7.56	8.23	0.0	1.3567040685093483
12	4	2019	-8.39	10.03	0.0	1.43559022937667
13	4	2019	-5.12	15.22	0.0	1.7467672853023568
14	4	2019	3.43	16.48	0.0	1.8726962073158264
15	4	2019	-0.61	13.97	0.0	1.728478812998799
16	4	2019	-4.45	13.71	0.0	1.6922579525862531
17	4	2019	0.22	14.77	0.0	1.7832673807624535
18	4	2019	-0.47	17.46	0.0	1.9498706153554393
19	4	2019	5.52	21.32	0.0	2.209553394052354
20	4	2019	4.14	17.59	0.0	1.964644019431083
21	4	2019	-1.37	14.73	0.0	1.796270740595329
22	4	2019	-1.81	21.18	0.0	2.1619874784789483
23	4	2019	7.46	20.59	0.0	2.148214022598244
24	4	2019	0.87	17.63	0.0	1.9909938280629589
25	4	2019	-1.83	12.6	0.0	1.6721557328632943
26	4	2019	-4.44	11.57	0.0	1.6020763907969289
27	4	2019	-1.36	10.9	4.94	1.449158819768649
28	4	2019	-4.51	2.79	2.8	0.7968236616257802
29	4	2019	-8.89	6.37	0.0	1.2957962022642493
30	4	2019	-4.27	9.74	1.47	1.5087695707008952
1	5	2019	-6.49	9.89	0.03	1.564848902413591
2	5	2019	-2.64	11.99	0.0	1.6544050663789418
3	5	2019	-5.08	11.83	0.0	1.6416666013811692
4	5	2019	-4.09	8.68	0.0	1.4524206338872303
5	5	2019	-7.19	6.38	0.0	1.3170781011392798
6	5	2019	-6.96	11.89	0.0	1.6326742419194606
7	5	2019	-0.15	15.17	0.0	1.8787738863790824
8	5	2019	-4.77	12.4	0.0	1.6933261462835298
9	5	2019	0.5	14.57	0.0	1.842471654713273
10	5	2019	3.02	18.39	1.63	2.1054657725220305
11	5	2019	2.42	15.74	0.0	1.9189204462443017
12	5	2019	2.04	24.23	0.0	2.4982780302982577
13	5	2019	4.74	21.13	0.0	2.3093600463058004
14	5	2019	2.03	22.3	0.0	2.386853775918133
15	5	2019	5.75	20.15	0.0	2.2261724078170264
16	5	2019	-0.62	15.4	0.0	1.928073541623828
17	5	2019	0.09	16.86	0.0	2.030023448850974
18	5	2019	0.71	14.74	0.0	1.8820075272479808
19	5	2019	-2.5	16.02	0.0	1.9708561902461863
20	5	2019	-0.59	19.2	0.0	2.1885882213708596
21	5	2019	1.56	20.98	0.0	2.320892642174814
22	5	2019	3.98	23.6	0.0	2.511951166737901
23	5	2019	3.98	23.98	0.0	2.5372075977465207
24	5	2019	4.69	22.86	0.0	2.462021366007385
25	5	2019	4.64	15.19	1.81	1.85416012999674
26	5	2019	0.31	18.76	0.0	2.1808003408084824
27	5	2019	1.56	21.67	0.0	2.3794510195088017
28	5	2019	6.44	27.41	0.0	2.777796998615748
29	5	2019	10.58	30.29	0.0	2.9619403815064937
30	5	2019	11.04	32.61	0.0	3.119119792458705
31	5	2019	5.3	20.83	0.0	2.2989177574945683
1	6	2019	5.62	24.7	0.0	2.589839967262633
2	6	2019	10.23	32.6	0.0	3.125626403089326
3	6	2019	9.39	34.45	0.0	3.240266503847603
4	6	2019	12.04	24.97	0.0	2.480946459969332
5	6	2019	10.21	25.01	0.0	2.5462793072636347
6	6	2019	12.87	26.53	0.0	2.6033938727899733
7	6	2019	9.37	22.49	0.0	2.3545505048965327
8	6	2019	3.89	17.21	0.0	2.0318435748905603
9	6	2019	4.12	19.85	0.0	2.243697725231069
10	6	2019	3.32	24.0	0.0	2.549705808744356
11	6	2019	7.02	21.28	1.28	2.3147621180107607
12	6	2019	5.97	24.2	0.6	2.564960259585779
13	6	2019	8.22	29.36	0.9	2.9298095447811323
14	6	2019	11.41	23.25	0.93	2.3628822391085142
15	6	2019	9.98	18.87	3.08	1.8720915748330624
16	6	2019	8.69	17.5	0.0	1.9275847135374988
17	6	2019	5.76	22.37	0.0	2.440831303672505
18	6	2019	7.87	26.57	0.0	2.743872081458587
19	6	2019	10.24	22.71	26.52	2.192342428374353
20	6	2019	8.3	14.71	6.9	0.8254895626828627
21	6	2019	6.33	16.65	19.77	1.3457330300357804
22	6	2019	11.14	15.52	9.03	0.4657179734704592
23	6	2019	10.1	22.09	0.0	1.9146607867640733
24	6	2019	9.33	20.97	2.15	1.435872823658925
25	6	2019	9.36	21.55	2.23	1.5068471637075012
26	6	2019	8.25	23.83	0.0	2.283521304875338
27	6	2019	11.37	25.39	11.45	1.8396001781391995
28	6	2019	13.88	23.62	2.35	1.23396118065928
29	6	2019	13.78	25.25	0.0	1.9295514989790992
30	6	2019	9.76	22.32	0.0	1.9118771133313035
1	7	2019	9.24	27.52	3.93	2.128692858424489
2	7	2019	6.01	20.16	0.0	1.910908184380437
3	7	2019	8.59	20.41	0.0	1.767586915643888
4	7	2019	8.36	20.91	0.0	1.8596980903609608
5	7	2019	11.21	20.62	0.0	1.4960455669603767
6	7	2019	11.75	25.39	0.0	2.213214020081583
7	7	2019	13.63	28.09	0.0	2.4161752584043703
8	7	2019	14.0	24.11	0.0	1.7461864940678269
9	7	2019	11.88	22.92	0.0	1.8279612964019063
10	7	2019	9.52	26.11	0.0	2.4406649391312145
11	7	2019	14.36	24.95	0.0	1.8733823296342231
12	7	2019	10.57	24.36	0.0	2.1812680915886884
13	7	2019	12.19	29.57	15.34	2.1952887852370604
14	7	2019	14.57	27.73	18.38	1.723774110298079
15	7	2019	13.15	24.9	0.0	1.7820788803604584
16	7	2019	11.37	20.23	14.57	0.9878889651060974
17	7	2019	12.29	22.94	3.79	1.1962687994167092
18	7	2019	11.4	25.37	1.86	1.9338442398530988
19	7	2019	9.82	17.83	2.79	0.8762496916278794
20	7	2019	10.52	22.65	0.0	1.6233200355685118
21	7	2019	10.95	24.62	0.0	1.8312651331230705
22	7	2019	10.6	27.17	0.0	2.119602708462051
23	7	2019	13.9	29.3	0.0	2.117676069171193
24	7	2019	15.46	29.91	6.77	1.6290277906673567
25	7	2019	11.39	19.94	4.97	0.9324447806521932
26	7	2019	12.67	25.34	0.0	1.6639807072148045
27	7	2019	12.01	31.85	0.0	2.4236707029431925
28	7	2019	9.44	21.29	0.0	1.4316132401985802
29	7	2019	5.5	24.33	0.0	1.9953218725025448
30	7	2019	11.25	29.5	0.0	2.2176243003631027
31	7	2019	12.58	26.5	0.0	1.7907205680728076
1	8	2019	14.08	32.78	0.0	2.358950310984389
2	8	2019	15.93	33.98	0.0	2.342493220489247
3	8	2019	16.17	29.16	0.0	1.7292906843686873
4	8	2019	10.8	26.02	0.0	1.8157861738543863
5	8	2019	10.88	28.45	0.0	2.0569182626800884
6	8	2019	11.07	22.84	0.0	1.3655677362798844
7	8	2019	5.56	21.87	0.0	1.665803518243364
8	8	2019	6.36	24.93	0.0	1.902957233244301
9	8	2019	10.26	27.27	1.73	1.9246392020009413
10	8	2019	9.09	20.61	0.0	1.2332577042277433
11	8	2019	7.68	22.59	7.68	1.3301085023340158
12	8	2019	10.63	15.45	17.49	0.4826273073852153
13	8	2019	7.81	21.16	0.0	1.3667343974411523
14	8	2019	10.37	24.17	0.0	1.4778112901421332
15	8	2019	10.19	25.39	1.03	1.5901851959921742
16	8	2019	10.92	21.05	0.0	1.1149042466455392
17	8	2019	5.39	18.09	0.0	1.2078893067716931
18	8	2019	3.75	21.78	0.0	1.5687638397384067
19	8	2019	4.58	22.07	0.0	1.548759590682432
20	8	2019	4.09	23.05	0.0	1.635008162552939
21	8	2019	5.95	26.24	0.0	1.8168071627068296
22	8	2019	12.15	26.73	0.0	1.5274300917876775
23	8	2019	11.13	20.87	0.0	1.0336622592520628
24	8	2019	12.41	28.79	6.45	1.5047388514541953
25	8	2019	11.78	20.85	7.74	0.8627283301401314
26	8	2019	9.13	20.06	0.0	1.0945067380350286
27	8	2019	8.22	19.38	0.0	1.089957923875337
28	8	2019	6.75	22.95	0.71	1.4734081939443784
29	8	2019	5.98	19.91	0.0	1.2619630542307303
30	8	2019	5.68	20.18	1.34	1.2923601282796782
31	8	2019	7.63	22.08	1.18	1.345863037627811
1	9	2019	9.1	22.1	0.0	1.2620126876363773
2	9	2019	10.37	21.97	0.0	1.1637664174086333
3	9	2019	7.86	24.65	0.0	1.521132686581335
4	9	2019	10.42	23.73	2.52	1.1750539333381955
5	9	2019	7.94	22.86	0.0	1.3643820516370997
6	9	2019	5.58	21.95	0.0	1.393862619206267
7	9	2019	7.3	21.88	0.0	1.30777693689438
8	9	2019	6.34	21.06	0.0	1.2844260170413064
9	9	2019	8.34	13.47	13.47	0.4380576682811677
10	9	2019	8.32	10.98	15.27	0.2331248964719315
11	9	2019	8.95	13.39	4.66	0.3858611817448653
12	9	2019	7.33	14.79	0.0	0.6880081321614181
13	9	2019	3.88	23.34	0.0	1.50657775783348
14	9	2019	9.11	23.46	0.0	1.3070338333544873
15	9	2019	9.49	27.06	0.0	1.5485344152969178
16	9	2019	9.74	31.4	0.0	1.8229684905450096
17	9	2019	13.03	25.25	1.42	1.1953484854507062
18	9	2019	10.75	22.21	0.0	1.0785895887229342
19	9	2019	7.92	22.22	0.0	1.2348362873990135
20	9	2019	9.06	20.47	0.0	1.0336268103682025
21	9	2019	5.37	18.18	0.0	1.0454316204373306
22	9	2019	5.17	24.2	0.0	1.4559293353302507
23	9	2019	8.46	20.69	0.0	1.064822255170036
24	9	2019	5.19	16.73	0.0	0.9250863820280552
25	9	2019	3.25	15.53	1.02	0.9220294639022336
26	9	2019	3.05	10.45	7.95	0.5058951829311565
27	9	2019	1.86	7.91	3.72	0.3969692380594362
28	9	2019	0.18	5.31	0.0	0.3484005656691848
29	9	2019	-0.14	2.8	11.13	0.179953753684539
30	9	2019	-0.16	1.8	3.89	0.1237713905395881
1	10	2019	-0.22	4.08	0.85	0.2903330642335185
2	10	2019	-3.89	8.74	0.0	0.7340460087790074
3	10	2019	-0.91	11.04	0.0	0.7733650189899364
4	10	2019	1.54	10.75	0.0	0.6526483441654025
5	10	2019	-0.51	14.16	0.0	0.936224254995534
6	10	2019	3.84	15.3	0.0	0.8522125855775379
7	10	2019	2.04	19.72	0.0	1.178407446252404
8	10	2019	-1.57	7.67	1.17	0.5758230375097575
9	10	2019	-5.87	1.35	0.0	0.3744443372057469
10	10	2019	-7.38	3.36	0.0	0.517937255412392
11	10	2019	-8.39	6.17	0.0	0.6624584619224739
12	10	2019	-8.14	7.08	0.0	0.6940240524406188
13	10	2019	-8.59	9.88	0.0	0.8182938034337378
14	10	2019	-0.76	4.37	0.53	0.3105923214865795
15	10	2019	-2.6	5.61	0.0	0.4674307249567772
16	10	2019	-0.88	13.46	0.0	0.8494537463840248
17	10	2019	1.54	18.41	0.0	1.0541300153304238
18	10	2019	-0.09	15.38	0.0	0.921650761791192
19	10	2019	-0.93	14.01	0.0	0.8636931350744934
20	10	2019	-4.3	7.82	0.0	0.6227285545071236
21	10	2019	-6.49	9.83	0.0	0.7578726950238257
22	10	2019	-6.01	6.04	0.0	0.5721708027218917
23	10	2019	-5.43	4.16	0.93	0.4645652778840125
24	10	2019	-4.51	8.27	0.0	0.6370146999853528
25	10	2019	-0.17	17.13	0.0	0.9806624281150064
26	10	2019	-5.44	2.14	0.14	0.3573816628896631
27	10	2019	-9.62	-2.95	1.58	0.2635967932238028
28	10	2019	-9.8	-4.64	1.76	0.198285572985627
29	10	2019	-11.9	-5.33	0.0	0.2276405370706591
30	10	2019	-17.03	0.34	0.0	0.4824107250562059
31	10	2019	-3.15	3.74	0.71	0.3513086933665539
1	11	2019	-2.93	4.44	0.0	0.3787234141940079
2	11	2019	-4.17	4.14	0.51	0.4060271019568548
3	11	2019	-4.27	1.67	0.0	0.278103675899824
4	11	2019	-12.99	-4.33	0.0	0.2714067680513202
5	11	2019	-13.93	-3.86	1.56	0.3092065275616038
6	11	2019	-19.63	-7.96	0.0	0.26148611155115
7	11	2019	-19.89	-3.48	0.0	0.372703858307297
8	11	2019	-9.31	4.46	0.0	0.5290696608146147
9	11	2019	-12.28	-0.81	3.15	0.3579692037168198
10	11	2019	-19.88	-11.78	0.0	0.1686450211692603
11	11	2019	-22.76	-8.65	0.0	0.2596371947694276
12	11	2019	-15.14	-1.94	0.0	0.3743182436778122
13	11	2019	-13.27	0.87	0.0	0.4408268132804465
14	11	2019	-7.22	0.35	0.0	0.3046986054846258
15	11	2019	-4.97	3.9	0.0	0.3955854438912158
16	11	2019	-0.99	2.35	1.12	0.1718482705576167
17	11	2019	-2.67	6.31	0.48	0.4386773137010436
18	11	2019	-0.16	7.12	0.0	0.3815173869150284
19	11	2019	-3.82	1.03	0.0	0.2187146812907018
20	11	2019	-6.22	-1.14	0.0	0.2062205278840077
21	11	2019	-7.27	2.88	0.0	0.400268139690281
22	11	2019	-5.96	6.48	0.0	0.5174912001192226
23	11	2019	-1.04	10.07	0.0	0.5567891075725674
24	11	2019	-1.86	4.52	1.25	0.3107634543458721
25	11	2019	-5.47	-0.59	0.28	0.2026293837824843
26	11	2019	-9.55	-2.33	0.0	0.2500757122578781
27	11	2019	-8.63	-4.87	0.0	0.1324725345341401
28	11	2019	-8.53	-5.84	3.58	0.0920502558098513
29	11	2019	-11.27	-5.38	0.0	0.1882824938061265
30	11	2019	-10.43	-7.47	0.0	0.0965518113031827
1	12	2019	-13.2	-5.53	0.0	0.2234186053110217
2	12	2019	-13.22	-1.74	0.0	0.3384153859475867
3	12	2019	-7.71	3.63	0.0	0.4337758013717524
4	12	2019	-8.79	0.02	0.0	0.3185650097514202
5	12	2019	-12.9	-3.61	0.0	0.2736236526550319
6	12	2019	-11.95	-4.14	0.0	0.2395476682582424
7	12	2019	-11.54	-4.22	0.0	0.229513299568348
8	12	2019	-21.23	-11.37	0.0	0.1802712629271717
9	12	2019	-24.63	-10.1	0.0	0.2222472212860631
10	12	2019	-27.7	-14.82	0.0	0.1571560646629256
11	12	2019	-25.99	-16.52	0.0	0.1251016809739628
12	12	2019	-19.48	-11.56	0.27	0.1577017710891397
13	12	2019	-23.63	-14.26	0.0	0.1450955545640501
14	12	2019	-25.88	-11.23	0.36	0.2056041429400407
15	12	2019	-18.98	-7.78	0.0	0.2350050693174681
16	12	2019	-16.18	-5.45	0.0	0.263299658401212
17	12	2019	-14.3	-3.52	0.0	0.2933274488470535
18	12	2019	-9.71	1.01	0.0	0.3667934816601803
19	12	2019	-11.11	-3.42	0.0	0.242431295677434
20	12	2019	-10.75	4.05	0.0	0.4869895632790585
21	12	2019	-10.52	2.09	0.0	0.4166716454178518
22	12	2019	-7.81	0.16	0.0	0.2944046575953991
23	12	2019	-7.35	-3.23	0.0	0.152863769466841
24	12	2019	-6.91	-4.62	0.0	0.0860459229635288
25	12	2019	-7.93	-2.36	0.0	0.2035219640746511
26	12	2019	-14.87	-5.83	0.0	0.2359308660396033
27	12	2019	-14.27	-4.94	0.0	0.2517311556346358
28	12	2019	-15.43	-6.0	0.0	0.2387718367214439
29	12	2019	-18.42	-5.73	0.0	0.277368285064817
30	12	2019	-15.54	-5.05	0.0	0.2654957317528856
31	12	2019	-12.7	0.68	0.0	0.4002003230443935
1	1	2020	-7.16	-0.74	0.0	0.2457029014864912
2	1	2020	-7.62	-2.87	0.0	0.1761872679726732
3	1	2020	-11.47	-3.39	0.0	0.2538079326885961
4	1	2020	-8.75	5.11	0.0	0.5053697795730973
5	1	2020	-10.35	-1.46	0.0	0.297584885799817
6	1	2020	-14.25	-2.25	0.0	0.3346983241080762
7	1	2020	-23.29	-14.68	0.0	0.1366566349831125
8	1	2020	-18.67	-6.34	0.0	0.2707769442584348
9	1	2020	-23.94	-15.95	0.0	0.1211005907866693
10	1	2020	-29.37	-15.04	0.0	0.1609715561216851
11	1	2020	-18.57	-9.26	3.25	0.1938456400069901
12	1	2020	-24.89	-13.82	1.31	0.164364955953808
13	1	2020	-30.13	-24.3	0.77	0.0554905741120676
14	1	2020	-34.23	-26.93	0.0	0.051926356178359
15	1	2020	-35.69	-28.12	0.0	0.048214171325448
16	1	2020	-36.03	-19.4	0.0	0.1193875384980777
17	1	2020	-23.2	-18.76	2.17	0.0658027290424233
18	1	2020	-27.97	-23.07	0.0	0.0548793531959395
19	1	2020	-28.93	-16.31	0.0	0.1476156799838083
20	1	2020	-20.72	0.18	0.0	0.4486962014964795
21	1	2020	-9.1	2.25	0.0	0.4273687586909758
22	1	2020	-12.4	-2.53	0.0	0.3165950941656656
23	1	2020	-11.67	-3.3	0.0	0.2786949467493202
24	1	2020	-8.27	1.07	0.0	0.3693007799036397
25	1	2020	-5.48	1.58	0.0	0.3163930498202643
26	1	2020	-7.27	-3.07	0.0	0.1724625381301193
27	1	2020	-7.17	-0.85	1.18	0.2650602076055288
28	1	2020	-4.82	-0.92	0.0	0.1806933158833523
29	1	2020	-9.09	-2.11	2.58	0.2547297637043525
30	1	2020	-10.5	-0.52	0.0	0.3664781242487224
31	1	2020	-10.51	3.37	0.0	0.5124400731069506
1	2	2020	-6.13	7.06	0.0	0.5922920243623662
2	2	2020	-9.49	-0.29	0.0	0.3579407314714019
3	2	2020	-17.4	-8.4	0.0	0.2315028304702824
4	2	2020	-19.14	-3.82	0.0	0.3691771056822192
5	2	2020	-12.88	-4.06	0.0	0.2945651411620194
6	2	2020	-13.51	-8.55	0.39	0.1571600177457542
7	2	2020	-12.39	-2.31	0.0	0.3516841347603642
8	2	2020	-12.15	-1.9	0.0	0.3638609103141358
9	2	2020	-13.33	-1.9	0.0	0.3926570287454717
10	2	2020	-9.85	-3.53	0.28	0.2534164700979545
11	2	2020	-14.15	-1.53	0.18	0.4425910916310797
12	2	2020	-29.76	-15.19	0.0	0.1840921603401554
13	2	2020	-28.98	-5.9	0.0	0.3360451815555535
14	2	2020	-12.13	-1.48	0.0	0.4181226789984869
15	2	2020	-18.57	-10.32	0.0	0.2109159235159207
16	2	2020	-15.31	-3.7	0.0	0.3857976045412077
17	2	2020	-20.6	-9.64	0.0	0.2536911697068896
18	2	2020	-29.33	-17.72	0.0	0.1512749848697872
19	2	2020	-29.29	-9.41	0.0	0.2872299500994288
20	2	2020	-16.51	1.66	0.0	0.6645486593320872
21	2	2020	-10.57	3.08	0.0	0.7299312479697088
22	2	2020	-8.26	3.96	0.0	0.7594281914438384
23	2	2020	-10.66	1.99	0.0	0.684422094531848
24	2	2020	-10.82	-1.98	0.0	0.4376955164588663
25	2	2020	-16.9	-2.5	0.0	0.5246018427764144
26	2	2020	-13.15	1.28	0.0	0.6875170395272934
27	2	2020	-7.93	4.74	0.0	0.8381271616383288
28	2	2020	-7.03	6.87	0.0	0.9771515062199246
29	2	2020	-5.39	6.72	0.75	0.9446141699623682
1	3	2020	-10.87	-0.46	0.47	0.5640683833114942
2	3	2020	-6.85	3.37	0.0	0.7294134233693079
3	3	2020	-6.61	3.43	0.0	0.7350950723639728
4	3	2020	-3.24	3.72	0.0	0.5727386952108793
5	3	2020	-6.02	4.27	0.0	0.8151372453881742
6	3	2020	-1.55	12.13	0.0	1.372950496912345
7	3	2020	-9.16	-0.12	0.4	0.5745874238592156
8	3	2020	-15.69	-8.2	0.6	0.2603531528515715
9	3	2020	-16.64	0.4	0.0	0.7183513437982156
10	3	2020	-11.13	5.27	0.0	0.987576435262687
11	3	2020	-4.08	5.6	0.0	0.8864286848196444
12	3	2020	-9.71	-0.97	0.0	0.5519805988351045
13	3	2020	-16.56	-10.37	0.0	0.2009058032122409
14	3	2020	-16.89	-7.98	1.81	0.3450250260422588
15	3	2020	-14.38	-5.66	0.66	0.4099812144719914
16	3	2020	-17.47	-2.38	0.0	0.6336463538565842
17	3	2020	-12.99	-1.49	0.0	0.651924321349367
18	3	2020	-17.0	-5.72	0.0	0.4785646842976326
19	3	2020	-17.16	-4.64	0.0	0.5422394991797449
20	3	2020	-16.99	-0.66	0.0	0.7408793823173134
21	3	2020	-10.7	2.88	0.0	0.9461746927214324
22	3	2020	-10.39	6.6	0.0	1.2186417077428269
23	3	2020	-7.02	8.65	0.0	1.3620808062514609
24	3	2020	-8.32	-0.92	1.35	0.7583849256894306
25	3	2020	-14.41	-0.22	0.0	0.8995781947925585
26	3	2020	-12.74	6.41	0.0	1.1902142644339802
27	3	2020	-3.89	7.32	0.0	1.327137189386181
28	3	2020	-2.85	9.73	0.0	1.474448973051423
29	3	2020	-4.94	14.53	0.0	1.7154767658975902
30	3	2020	-2.69	4.97	0.0	1.176912983470139
31	3	2020	-9.66	-0.5	0.0	0.9049477467413573
1	4	2020	-14.94	-10.93	0.49	0.1959641555661047
2	4	2020	-17.99	-8.39	0.0	0.5230081789559405
3	4	2020	-18.28	-2.5	0.0	0.8013379835504921
4	4	2020	-11.72	-4.11	1.94	0.6743021027889217
5	4	2020	-10.56	-1.05	0.0	0.910163900773537
6	4	2020	-6.42	2.6	1.56	1.102251133747174
7	4	2020	-9.27	4.79	0.0	1.226355364643553
8	4	2020	-6.49	1.59	0.0	1.0238877595639502
9	4	2020	-12.57	6.4	0.0	1.2658784816631623
10	4	2020	-2.02	8.69	0.0	1.476887714599539
11	4	2020	-8.25	-1.36	0.0	0.8392149386292458
12	4	2020	-10.63	-3.6	0.0	0.726750002659326
13	4	2020	-13.09	-3.59	0.0	0.8200816556066661
14	4	2020	-14.73	4.08	0.0	1.1471717217277353
15	4	2020	-9.91	3.0	0.0	1.1625953411746477
16	4	2020	-7.24	5.57	0.0	1.3185002113978996
17	4	2020	-3.23	14.07	0.0	1.8445733625640095
18	4	2020	-3.72	4.7	0.0	1.2409468708401503
19	4	2020	-6.23	14.19	0.0	1.813486767232526
20	4	2020	-2.29	11.45	0.0	1.7051649599160466
21	4	2020	-1.64	21.81	0.0	2.3220009376855835
22	4	2020	1.33	16.5	0.52	2.0517533769394074
23	4	2020	0.49	18.3	0.0	2.163248332107304
24	4	2020	-1.25	13.92	3.42	1.7130060982597684
25	4	2020	-2.37	18.67	0.0	2.1548587931972136
26	4	2020	3.45	15.51	0.0	1.9661385467327024
27	4	2020	-1.03	20.08	0.0	2.264782521631234
28	4	2020	2.39	18.01	0.0	2.170197065197118
29	4	2020	0.95	22.79	0.0	2.45913057017201
30	4	2020	7.8	27.64	0.0	2.8199505322095137
1	5	2020	5.1	18.22	0.0	2.139215689711578
2	5	2020	-0.84	18.64	0.0	2.180012101444379
3	5	2020	-0.94	17.53	4.38	1.9232859605337371
4	5	2020	2.63	14.68	0.0	1.887022080722176
5	5	2020	-0.6	17.63	0.0	2.1195966572804945
6	5	2020	1.23	20.81	0.0	2.25631813126732
7	5	2020	0.62	17.17	0.0	2.0188910958281108
8	5	2020	0.84	20.03	1.77	2.205761025122227
9	5	2020	-1.7	7.25	1.02	1.3334327723772752
10	5	2020	-3.57	9.47	0.0	1.5142322409391515
11	5	2020	-6.51	10.51	0.0	1.5730659838259518
12	5	2020	-4.03	13.0	0.0	1.7387216774065344
13	5	2020	1.42	10.87	0.0	1.5426805912188706
14	5	2020	-1.37	18.73	0.0	2.124664232877393
15	5	2020	-2.21	14.78	0.0	1.8668450183461816
16	5	2020	0.73	24.95	0.0	2.52954089467548
17	5	2020	8.46	26.23	0.0	2.6427628715246168
18	5	2020	8.76	25.72	2.34	2.387855907375315
19	5	2020	10.54	26.41	0.0	2.6289561340715295
20	5	2020	10.17	20.1	9.71	1.948941747463463
21	5	2020	9.75	21.24	0.0	2.220760117645894
22	5	2020	5.07	20.84	0.0	2.295976055368315
23	5	2020	3.26	16.41	0.0	1.976283530582207
24	5	2020	4.57	19.38	0.0	2.197785276469761
25	5	2020	5.15	25.42	0.0	2.642558788466423
26	5	2020	10.65	22.13	0.0	2.2894002386507144
27	5	2020	6.74	19.32	0.0	2.1665876338802588
28	5	2020	4.28	18.52	0.0	2.1518262246124302
29	5	2020	4.72	19.24	0.0	2.2122519761696213
30	5	2020	6.75	25.4	0.0	2.6678387812786943
31	5	2020	10.86	30.73	0.0	3.023236644595103
1	6	2020	11.41	25.35	0.0	2.5922917791334044
2	6	2020	8.03	24.4	0.0	2.5893929744914685
3	6	2020	9.68	21.09	0.0	2.2614134134488446
4	6	2020	6.11	19.37	0.0	2.2164166461455235
5	6	2020	3.23	21.21	0.0	2.3949262836190783
6	6	2020	9.76	18.43	20.98	1.7439467650194125
7	6	2020	9.19	17.45	20.56	1.248802698608494
8	6	2020	6.95	15.91	0.0	1.3664147569552112
9	6	2020	5.51	20.56	3.4	1.785241440122736
10	6	2020	6.51	22.4	0.0	2.319700489715326
11	6	2020	6.67	22.7	0.0	2.35144881458167
12	6	2020	8.05	27.86	0.0	2.8222480095905245
13	6	2020	14.15	30.28	0.0	2.881810474853821
14	6	2020	12.5	23.08	0.0	1.9594001764741915
15	6	2020	7.13	22.22	0.0	2.3207338011484717
16	6	2020	9.45	22.68	23.29	1.8162832731237544
17	6	2020	9.83	16.2	4.43	0.678996238253322
18	6	2020	6.26	14.93	1.21	1.1479388196764613
19	6	2020	5.46	18.48	0.0	1.7569878837255075
20	6	2020	6.08	17.29	0.0	1.5379767503485278
21	6	2020	4.19	18.18	0.0	1.8057659235461496
22	6	2020	5.9	23.36	0.0	2.293595197088386
23	6	2020	10.61	27.8	0.0	2.5770571701282954
24	6	2020	13.76	27.2	0.19	2.293560623820881
25	6	2020	14.23	25.54	0.0	1.9695014151626768
26	6	2020	12.08	30.29	0.0	2.771387285851771
27	6	2020	13.84	21.58	0.0	1.246740588954793
28	6	2020	12.98	20.25	0.0	1.133887426274214
29	6	2020	14.23	18.68	1.67	0.6192597133203147
30	6	2020	13.62	20.46	7.79	0.8182535249124927
1	7	2020	13.18	23.91	0.81	1.841608728705295
2	7	2020	11.05	24.06	1.63	2.094490752012587
3	7	2020	10.18	26.92	0.0	2.469424043415472
4	7	2020	12.35	28.32	2.69	2.0373564133154325
5	7	2020	12.59	23.71	0.0	1.852659547038069
6	7	2020	10.44	25.34	0.0	2.2701894117168115
7	7	2020	12.09	28.26	17.24	2.0195671312347163
8	7	2020	12.99	19.65	3.6	0.7767270328292479
9	7	2020	11.84	22.05	1.05	1.518387830659509
10	7	2020	9.93	22.73	4.51	1.4484414401405186
11	7	2020	10.36	24.49	0.0	2.001524781102593
12	7	2020	13.06	25.68	0.0	1.9332866749968167
13	7	2020	10.03	19.66	2.91	1.0560711064320405
14	7	2020	10.11	21.82	4.82	1.30065718093732
15	7	2020	10.14	23.15	1.15	1.8215324589248452
16	7	2020	10.12	25.55	0.0	2.0958597425915184
17	7	2020	14.14	24.83	0.0	1.6046856502941171
18	7	2020	12.12	22.31	3.41	1.1424739809129247
19	7	2020	10.42	23.06	3.08	1.361224995723377
20	7	2020	11.03	23.24	6.02	1.311438144969863
21	7	2020	9.46	25.34	0.0	2.01390529059294
22	7	2020	14.08	30.39	0.0	2.260558347423329
23	7	2020	18.08	28.72	0.0	1.616620190552318
24	7	2020	14.62	27.81	0.0	1.9176569724776265
25	7	2020	11.91	21.67	0.0	1.306331402243306
26	7	2020	10.14	25.39	0.0	1.9769859086018715
27	7	2020	9.49	27.26	0.0	2.176327221641308
28	7	2020	10.86	30.64	0.0	2.40052105905205
29	7	2020	14.51	34.1	0.0	2.5189750080645847
30	7	2020	15.64	32.13	0.0	2.2258010533200436
31	7	2020	13.05	26.54	0.0	1.7545598423859583
1	8	2020	9.02	27.59	0.0	2.1313634620977453
2	8	2020	10.73	27.61	0.0	2.051754290257874
3	8	2020	13.55	29.67	2.19	1.6817871210926187
4	8	2020	12.21	27.09	0.0	1.8537146742386892
5	8	2020	9.69	29.15	0.0	2.205192454485069
6	8	2020	11.67	33.4	0.0	2.476088760019425
7	8	2020	13.5	23.56	0.0	1.1936529982392197
8	8	2020	10.44	25.81	0.0	1.7842974253578694
9	8	2020	8.71	22.8	0.0	1.5537093134917366
10	8	2020	8.03	24.89	0.0	1.8167450408268508
11	8	2020	8.77	24.45	0.0	1.7106556507348112
12	8	2020	11.33	29.19	0.0	2.0261684381676903
13	8	2020	10.28	24.88	0.0	1.611787252227279
14	8	2020	8.04	25.2	5.0	1.4825939109380322
15	8	2020	9.01	25.67	0.0	1.745984122782838
16	8	2020	9.39	29.65	0.0	2.0878079476386775
17	8	2020	11.49	34.25	0.0	2.376414533752428
18	8	2020	12.81	36.02	0.0	2.4442832639810854
19	8	2020	14.57	34.43	0.0	2.232546701208494
20	8	2020	12.55	33.73	0.0	2.263090087411851
21	8	2020	14.35	28.52	0.0	1.5607415865226295
22	8	2020	9.99	32.05	0.0	2.1998419959575504
23	8	2020	6.81	28.55	0.0	2.0099518990255145
24	8	2020	9.49	29.74	0.0	1.9789085257864232
25	8	2020	13.36	27.37	0.0	1.4311422272962069
26	8	2020	11.03	24.81	0.0	1.3428274747361857
27	8	2020	7.84	24.86	2.73	1.3742361355097883
28	8	2020	6.39	23.6	0.0	1.5168792973223346
29	8	2020	8.24	31.68	0.0	2.12211882906847
30	8	2020	7.02	18.29	0.0	0.9971916964772256
31	8	2020	2.6	19.28	0.0	1.2923004114112504
1	9	2020	8.15	22.8	0.0	1.3082931725275306
2	9	2020	7.75	17.06	3.91	0.7532972760314728
3	9	2020	5.07	21.77	0.0	1.364994962205285
4	9	2020	5.63	24.31	0.0	1.5350308108391402
5	9	2020	8.11	30.55	0.0	2.006983009927066
6	9	2020	8.3	17.35	0.0	0.8060175439772954
7	9	2020	0.24	10.29	0.0	0.7073073002484781
8	9	2020	-5.1	15.31	0.0	1.2428093166972904
9	9	2020	4.24	21.23	0.0	1.4114003146407883
10	9	2020	5.33	25.99	0.0	1.761497607567818
11	9	2020	7.49	29.8	0.0	1.9756655055305703
12	9	2020	7.48	16.62	1.1	0.7721622769397424
13	9	2020	0.03	16.0	0.0	1.092636007919426
14	9	2020	5.62	15.84	0.0	0.8181251291847821
15	9	2020	3.22	14.97	0.0	0.89202611222191
16	9	2020	-1.03	13.38	0.0	1.004511368648984
17	9	2020	1.72	19.11	0.0	1.3849534024989774
18	9	2020	-0.85	24.36	0.0	1.7900665660668864
19	9	2020	6.43	26.13	0.0	1.775457553520455
20	9	2020	11.96	19.02	7.79	0.5936821504077414
21	9	2020	8.02	23.02	0.0	1.3435622163057728
22	9	2020	6.9	21.12	1.47	1.217370320226815
23	9	2020	9.4	21.6	0.0	1.0667657567718087
24	9	2020	8.84	23.97	0.0	1.3490549902391815
25	9	2020	6.27	21.8	0.0	1.2770330453338905
26	9	2020	7.67	15.26	1.43	0.6187536617603632
27	9	2020	4.64	14.96	0.0	0.7733721729112522
28	9	2020	1.05	21.95	0.0	1.4523146400499292
29	9	2020	7.31	17.37	0.0	0.8023204173211765
30	9	2020	1.22	12.43	0.0	0.7473737559975494
1	10	2020	-4.2	11.91	0.0	0.8988034367257356
2	10	2020	1.13	17.18	0.0	1.0953990651494592
3	10	2020	-1.62	15.62	0.0	1.0699792756096067
4	10	2020	4.53	24.01	0.94	1.4862607909717225
5	10	2020	7.81	19.43	0.0	0.9050644040079904
6	10	2020	6.79	17.38	0.0	0.8517475151776621
7	10	2020	0.87	15.4	0.0	1.0386851067868526
8	10	2020	6.85	23.24	1.87	1.4526224860511976
9	10	2020	1.85	10.68	0.0	0.5720521068238651
10	10	2020	2.31	25.53	0.0	1.7224614188865497
11	10	2020	4.89	15.05	0.0	0.7600067971230187
12	10	2020	-3.12	11.63	0.0	0.8890355191247724
13	10	2020	-0.06	10.6	0.0	0.6989184582659987
14	10	2020	-5.05	6.59	0.0	0.6104954945512979
15	10	2020	-4.75	5.34	0.0	0.499837901268262
16	10	2020	-8.61	3.91	0.0	0.5379822840633313
17	10	2020	-12.93	-0.4	0.0	0.4285058851743998
18	10	2020	-6.43	-3.33	0.0	0.1378186517784273
19	10	2020	-7.79	-1.28	0.0	0.2759700013146215
20	10	2020	-7.06	-1.92	0.21	0.2286253366497957
21	10	2020	-10.04	-0.31	0.0	0.4235751212605811
22	10	2020	-13.87	-2.3	0.0	0.4110188929465167
23	10	2020	-13.76	-3.7	0.0	0.3296460836860387
24	10	2020	-9.27	-5.59	0.0	0.143825680969961
25	10	2020	-11.64	-2.76	0.0	0.3202804238049703
26	10	2020	-15.53	2.99	0.0	0.6411095392486789
27	10	2020	-4.37	11.92	0.0	0.9709424717900608
28	10	2020	-4.26	5.09	0.0	0.4820596745983398
29	10	2020	-6.36	8.03	0.0	0.7478684020287901
30	10	2020	-1.21	12.59	0.0	0.9089165209185384
31	10	2020	-6.58	2.12	0.0	0.3742814720717705
1	11	2020	-7.61	13.31	0.0	1.012342185149221
2	11	2020	-0.05	19.04	0.0	1.3033704021196415
3	11	2020	1.88	17.65	0.0	1.1705179157291783
4	11	2020	0.55	14.98	0.0	0.9976375078422705
5	11	2020	0.91	18.94	0.0	1.2385934105942702
6	11	2020	-1.88	6.95	0.0	0.4462195789558937
7	11	2020	-2.18	0.89	1.27	0.1506142186629873
8	11	2020	-9.51	-3.67	18.7	0.2013142956006911
9	11	2020	-18.66	-9.1	0.0	0.2184401282685935
10	11	2020	-17.68	-6.03	0.0	0.2857575807002094
11	11	2020	-16.07	-6.77	1.34	0.2449461057452646
12	11	2020	-22.03	-8.84	0.0	0.2504056111680355
13	11	2020	-13.05	-0.18	0.0	0.403205101446085
14	11	2020	-8.88	-1.31	0.31	0.2824773943764388
15	11	2020	-13.12	-5.49	0.0	0.2292878349799927
16	11	2020	-10.98	-5.24	0.0	0.1894747645678405
17	11	2020	-8.19	0.48	0.0	0.3329922782802764
18	11	2020	-4.93	4.62	0.0	0.4214977961831817
19	11	2020	-12.27	-5.41	3.77	0.2008666922634343
20	11	2020	-20.23	-9.65	0.0	0.2125038333818784
21	11	2020	-18.1	-4.03	0.0	0.3288028938874571
22	11	2020	-15.84	-6.82	0.0	0.2291930895084687
23	11	2020	-11.62	-4.51	0.0	0.2224854535318744
24	11	2020	-10.6	-2.04	0.0	0.284398871813308
25	11	2020	-7.77	1.97	0.0	0.3717195395895588
26	11	2020	-12.09	-1.07	0.0	0.3440747735639892
27	11	2020	-11.12	1.04	0.0	0.3985748487139857
28	11	2020	-9.76	0.2	0.0	0.3441399347833013
29	11	2020	-15.1	-2.42	0.0	0.3387738273133017
30	11	2020	-8.79	1.89	0.0	0.3855510277425934
1	12	2020	-7.51	1.37	0.0	0.3382277310767133
2	12	2020	-11.2	-1.44	0.0	0.3133299984756511
3	12	2020	-7.27	2.87	0.0	0.3918361467826989
4	12	2020	-6.5	2.21	0.0	0.3464088782992082
5	12	2020	-6.97	2.42	0.0	0.3665786646305286
6	12	2020	-9.78	1.86	0.0	0.4015059433624306
7	12	2020	-8.09	3.07	0.0	0.4140151718382001
8	12	2020	-4.35	3.5	0.0	0.3386027639763709
9	12	2020	-5.36	2.1	0.0	0.3076651868856432
10	12	2020	-12.26	-3.21	0.0	0.2714335961216114
11	12	2020	-13.87	-4.82	0.0	0.2489939749490972
12	12	2020	-10.74	-3.6	0.0	0.228215174424263
13	12	2020	-26.57	-13.77	0.0	0.1674643121861491
14	12	2020	-28.11	-13.15	0.45	0.1806131257584624
15	12	2020	-18.78	-9.14	0.0	0.2007457610136509
16	12	2020	-15.73	-4.32	0.0	0.2866400328919114
17	12	2020	-14.27	1.9	0.0	0.4511128212927213
18	12	2020	-22.03	-3.54	0.0	0.3425592474182678
19	12	2020	-12.54	3.71	0.0	0.4930188443777644
20	12	2020	-6.74	2.7	0.0	0.3636948604551163
21	12	2020	-8.84	-1.49	5.73	0.2459542144174272
22	12	2020	-13.7	-3.75	7.72	0.2656100397721196
23	12	2020	-17.45	-8.65	0.0	0.1953841071470365
24	12	2020	-15.93	0.17	0.0	0.4120399427345751
25	12	2020	-12.7	-2.32	0.0	0.3029766553368486
26	12	2020	-13.1	-5.41	1.49	0.2154808040063842
27	12	2020	-15.19	-6.86	0.0	0.2098233167324936
28	12	2020	-17.62	-7.74	0.0	0.2200964975732845
29	12	2020	-16.33	-7.68	0.0	0.2056460979589094
30	12	2020	-20.49	-8.74	0.0	0.2255555604287469
1	1	2021	-17.02	-3.0	0.0	0.3364928322436998
2	1	2021	-9.12	4.0	0.0	0.4667872838835995
3	1	2021	-2.58	3.99	0.0	0.304908698235129
4	1	2021	-10.82	-0.46	0.0	0.3383042015725188
5	1	2021	-10.37	0.08	0.0	0.3495576397209863
6	1	2021	-11.58	2.27	0.0	0.4431539827851416
7	1	2021	-9.35	0.74	0.0	0.3555384489130717
8	1	2021	-13.53	-3.03	0.0	0.3016075906846097
9	1	2021	-14.89	-5.5	0.0	0.2496846516796212
10	1	2021	-13.99	-4.64	0.0	0.2612770109563107
11	1	2021	-12.44	-0.72	0.0	0.3601511681827066
12	1	2021	-7.79	0.72	0.0	0.3249152099224789
13	1	2021	-5.13	6.12	4.53	0.4654291827049772
14	1	2021	-6.63	-1.51	0.0	0.2042688101752373
15	1	2021	-14.02	-5.09	0.0	0.2524099910421402
16	1	2021	-10.39	-0.86	0.0	0.3270188531456284
17	1	2021	-10.5	-1.3	1.78	0.3148438688556933
18	1	2021	-10.86	-0.55	0.45	0.3494573080185959
19	1	2021	-14.31	1.55	0.0	0.4627764292747144
20	1	2021	-5.76	1.72	0.0	0.3211183094630374
21	1	2021	-12.19	-6.09	0.29	0.1911076330176379
22	1	2021	-10.28	-4.86	0.97	0.1873684882899549
23	1	2021	-27.13	-9.05	0.0	0.2567198371832286
24	1	2021	-31.95	-23.11	0.0	0.0795471987009696
25	1	2021	-28.91	-22.01	0.0	0.0761841081739467
26	1	2021	-28.31	-19.84	0.0	0.100548707138145
27	1	2021	-23.96	-14.61	0.0	0.1526913027714509
28	1	2021	-18.92	-10.54	0.0	0.188170696435915
29	1	2021	-15.27	-8.99	0.0	0.1726346444766709
30	1	2021	-15.6	-10.78	0.0	0.1285582148478257
31	1	2021	-18.36	-8.76	0.0	0.2296063504963862
1	2	2021	-14.08	-0.77	0.0	0.4120708499576175
2	2	2021	-8.36	2.73	0.0	0.4535461468784487
3	2	2021	-19.44	-11.34	0.0	0.1821993387550738
4	2	2021	-22.93	-15.86	0.0	0.126440734270456
5	2	2021	-27.55	-18.55	0.0	0.1205837413162673
6	2	2021	-34.9	-25.59	0.0	0.0720754809175453
7	2	2021	-36.34	-28.42	0.0	0.0537847447879258
8	2	2021	-36.68	-26.95	0.0	0.0663881036751579
9	2	2021	-29.8	-25.64	0.0	0.0449876014151496
10	2	2021	-33.63	-26.88	0.0	0.0574815444059085
11	2	2021	-37.63	-28.28	0.0	0.0600683726938294
12	2	2021	-33.73	-23.09	0.0	0.095999461998471
13	2	2021	-37.29	-24.76	0.0	0.0872200717173735
14	2	2021	-34.79	-22.77	0.0	0.102251392079105
15	2	2021	-30.53	-18.76	0.0	0.1390652822161133
16	2	2021	-25.74	-15.07	0.0	0.1768573789423094
17	2	2021	-22.77	-15.98	0.0	0.1340723429008189
18	2	2021	-24.96	-12.97	0.0	0.2148816586298581
19	2	2021	-22.81	-2.92	0.0	0.4664940413096219
20	2	2021	-11.17	-2.8	0.0	0.3848523894204119
21	2	2021	-12.47	2.57	0.0	0.7117683215983268
22	2	2021	-3.22	3.62	0.0	0.5307773301324077
23	2	2021	-7.01	-0.36	0.0	0.3993058257436818
24	2	2021	-10.13	-1.57	0.0	0.4647818223868845
25	2	2021	-12.01	0.76	0.0	0.6578450118796744
26	2	2021	-16.15	-2.04	0.78	0.5545536397543956
27	2	2021	-24.84	-13.33	0.0	0.2181976770684343
28	2	2021	-21.45	-11.06	0.0	0.2546738913680006
1	3	2021	-17.85	3.97	0.0	0.7995775763472642
2	3	2021	-6.33	3.19	0.0	0.7333104182985564
3	3	2021	-10.8	2.59	0.0	0.8098072173239662
4	3	2021	-9.21	2.61	0.0	0.8028356443148743
5	3	2021	-5.97	4.64	0.0	0.9019838880301788
6	3	2021	-0.84	6.4	0.0	0.8376394420120457
7	3	2021	-3.71	5.58	0.0	0.9432125095928402
8	3	2021	-3.76	4.36	0.0	0.8274863144474806
9	3	2021	-4.83	-0.29	0.0	0.3584522210888992
10	3	2021	-8.32	2.48	0.0	0.8783584011856491
11	3	2021	-17.52	-2.86	0.0	0.6315156186294586
12	3	2021	-9.98	6.57	0.0	1.149602044019622
13	3	2021	-6.47	6.87	0.0	1.19153795154456
14	3	2021	-2.28	9.0	0.0	1.31573519153909
15	3	2021	-1.26	8.21	0.0	1.218646399275015
16	3	2021	-8.81	1.24	0.0	0.8343179172518564
17	3	2021	-7.9	8.8	0.0	1.3111264017398043
18	3	2021	-3.43	14.25	0.0	1.6307841970440875
19	3	2021	0.03	18.77	0.0	1.9039588306759945
20	3	2021	-0.74	12.3	0.0	1.555956359815352
21	3	2021	-4.99	3.55	0.0	0.9578034956479698
22	3	2021	-5.93	9.11	0.0	1.3708719237293394
23	3	2021	-7.52	0.66	1.1	0.8473180726417209
24	3	2021	-6.29	8.97	0.0	1.371359357867522
25	3	2021	-3.25	3.61	0.0	0.9411089696697428
26	3	2021	-10.07	2.29	0.0	1.028791431349872
27	3	2021	-9.04	6.57	0.0	1.2400725698714334
28	3	2021	-1.64	17.45	0.0	1.8795385777474332
29	3	2021	-8.77	5.48	5.5	1.1148301747856195
30	3	2021	-14.0	-6.09	0.0	0.5284512319379646
31	3	2021	-15.97	7.04	0.0	1.1546866366856063
1	4	2021	-2.7	14.9	0.0	1.758984621239787
2	4	2021	0.22	12.85	0.0	1.656882974365559
3	4	2021	-1.33	14.08	0.0	1.735303999009962
4	4	2021	-1.13	18.29	0.0	1.9167146187141817
5	4	2021	-2.8	12.62	0.0	1.597294426325942
6	4	2021	-3.12	16.67	0.0	1.8118208505705864
7	4	2021	-0.54	20.91	0.0	2.071998532799984
8	4	2021	2.12	15.41	1.1	1.7664682369524345
9	4	2021	-5.83	11.82	0.0	1.532331155869184
10	4	2021	-0.68	13.32	0.0	1.6496960810377033
11	4	2021	-2.44	3.97	3.48	0.7010585695661342
12	4	2021	-3.97	1.67	1.58	0.7088882630121951
13	4	2021	-3.66	2.17	0.0	0.7308487028847286
14	4	2021	-3.51	6.45	0.0	1.2601424968328812
15	4	2021	-2.38	12.19	0.0	1.6153146857355536
16	4	2021	-4.79	14.11	0.0	1.7086935269015782
17	4	2021	-1.06	20.37	0.0	2.10381419590249
18	4	2021	-4.09	6.58	0.0	1.285682525611591
19	4	2021	-7.18	5.06	0.21	1.2483518831975648
20	4	2021	-8.88	9.02	0.0	1.4570651420750704
21	4	2021	-3.94	17.59	0.0	1.930255860168062
22	4	2021	-4.64	7.27	0.0	1.3351420472697644
23	4	2021	-12.16	4.66	0.0	1.1636849722242844
24	4	2021	-9.95	7.69	0.0	1.3356766250923802
25	4	2021	-5.68	10.81	0.0	1.547376079058769
26	4	2021	-4.47	14.6	0.0	1.7764295872903573
27	4	2021	-3.83	16.06	0.0	1.8712739814406736
28	4	2021	-2.0	15.26	0.0	1.8454953312712077
29	4	2021	-2.43	11.78	0.0	1.6240025866470156
30	4	2021	2.15	26.42	0.0	2.5563615869527956
1	5	2021	5.37	20.4	0.0	2.1901882550404106
2	5	2021	0.95	14.2	0.0	1.7834708828097074
3	5	2021	-4.78	10.08	0.0	1.5323975815737922
4	5	2021	-5.28	14.22	0.0	1.7775239384373602
5	5	2021	-3.17	16.69	0.0	1.9486220054952368
6	5	2021	-0.3	17.38	0.0	2.0202540250581986
7	5	2021	-0.54	17.29	0.88	2.0200997273338497
8	5	2021	2.62	14.01	0.0	1.7695051966015285
9	5	2021	-4.36	15.49	0.0	1.8833392338041484
10	5	2021	-3.0	18.11	0.0	2.0554921453513133
11	5	2021	0.35	20.02	0.0	2.206135166961143
12	5	2021	2.12	20.67	0.0	2.253307637056586
13	5	2021	1.85	21.74	0.0	2.3201463218012424
14	5	2021	2.79	22.86	0.0	2.39676096927805
15	5	2021	3.41	24.23	0.0	2.4909873542623893
16	5	2021	8.45	27.93	0.0	2.741494991280889
17	5	2021	7.07	32.21	0.0	3.02280897751343
18	5	2021	12.15	28.88	0.0	2.7629025776882017
19	5	2021	2.35	13.84	0.0	1.7415135965019974
20	5	2021	-1.23	4.44	3.18	0.7389331543816468
21	5	2021	-2.21	4.56	4.96	0.8796033666497651
22	5	2021	0.21	9.53	0.0	1.4669149511748614
23	5	2021	6.1	14.59	17.02	1.5990386422153058
24	5	2021	8.29	11.44	20.74	0.3079424291047806
25	5	2021	2.04	8.96	0.72	0.7890677190733538
26	5	2021	-0.84	13.0	0.0	1.5932178116414115
27	5	2021	0.9	18.48	0.47	2.1133354035433394
28	5	2021	6.49	21.91	0.0	2.3306255048271542
29	5	2021	6.55	20.7	0.0	2.184287643351004
30	5	2021	2.64	22.52	0.0	2.4671841235505907
31	5	2021	7.94	26.65	0.0	2.755092193292077
1	6	2021	9.11	26.51	0.0	2.733116156079154
2	6	2021	12.32	32.01	0.0	3.105070601578123
3	6	2021	13.82	35.35	0.0	3.32350814362479
4	6	2021	16.02	29.45	0.0	2.730185671326188
5	6	2021	11.86	28.35	0.0	2.8446186575453463
6	6	2021	8.43	21.05	0.0	2.142597462529245
7	6	2021	8.93	22.89	0.0	2.3645906176446965
8	6	2021	6.22	23.22	3.14	2.116586832300382
9	6	2021	12.06	19.35	11.76	1.0016462106984827
10	6	2021	13.43	21.47	11.42	1.0928727519555632
11	6	2021	10.92	20.43	0.0	1.5605495350241776
12	6	2021	7.23	23.6	0.0	2.357156457461566
13	6	2021	7.01	27.2	0.0	2.715744406062991
14	6	2021	12.7	31.33	0.0	2.965723150870707
15	6	2021	16.08	33.08	1.09	2.999105233381613
16	6	2021	13.3	24.84	0.0	2.0986548497419126
17	6	2021	7.42	24.31	0.0	2.4539437253866487
18	6	2021	8.1	18.67	0.0	1.6614002881163892
19	6	2021	7.07	20.3	0.63	1.984391982781078
20	6	2021	6.1	18.55	0.0	1.7994805543212673
21	6	2021	1.96	24.22	0.0	2.487553078176703
22	6	2021	10.47	30.93	0.0	2.963385614949062
23	6	2021	13.42	24.23	0.0	1.865682923239869
24	6	2021	8.71	23.17	0.0	2.163865209989559
25	6	2021	9.97	27.77	0.0	2.638643917725445
26	6	2021	13.54	28.57	0.59	2.521849683073567
27	6	2021	12.31	27.96	0.0	2.52601075495889
28	6	2021	10.79	29.18	0.0	2.794056466109351
29	6	2021	12.68	32.76	0.0	3.0828790816671767
30	6	2021	14.42	33.94	0.0	3.1337053629670875
1	7	2021	15.63	34.72	0.0	3.156294211659308
2	7	2021	18.34	38.77	0.0	3.430642906263554
3	7	2021	17.08	30.41	0.0	2.4909943357523203
4	7	2021	13.02	28.32	6.65	2.081674455872886
5	7	2021	13.58	23.94	0.0	1.73976087018364
6	7	2021	10.68	20.81	0.0	1.5727146451079064
7	7	2021	11.18	27.99	6.91	2.1055548613012096
8	7	2021	14.04	27.25	7.28	1.7467398114013013
9	7	2021	12.8	30.24	0.0	2.6033961162730748
10	7	2021	14.11	32.46	0.0	2.753330595773889
11	7	2021	15.96	32.24	0.0	2.6114586374940565
12	7	2021	12.16	27.81	0.0	2.348473499981896
13	7	2021	10.53	29.02	0.0	2.585970676259907
14	7	2021	11.35	30.94	0.0	2.7409881202215627
15	7	2021	13.91	34.99	0.0	3.019562836000444
16	7	2021	15.63	30.61	0.0	2.392417175434029
17	7	2021	16.99	35.03	0.0	2.8392416370768268
18	7	2021	13.75	26.23	0.0	1.9137194540812148
19	7	2021	13.98	20.73	0.0	0.8510262524604728
20	7	2021	15.97	28.18	0.0	1.9599725846250096
21	7	2021	15.23	30.88	0.0	2.452244368306779
22	7	2021	14.76	33.67	0.0	2.8110676032279893
23	7	2021	6.59	28.7	0.0	2.6014963280594388
24	7	2021	10.23	29.18	0.0	2.5262389660635933
25	7	2021	10.83	28.74	1.39	2.4417486926806555
26	7	2021	11.98	28.17	1.63	2.283956498427008
27	7	2021	12.51	35.79	0.0	2.9957734615962464
28	7	2021	13.09	29.29	0.0	2.299956715136162
29	7	2021	13.09	33.51	0.0	2.755051267980033
30	7	2021	12.94	31.16	0.0	2.513078273479496
31	7	2021	12.5	31.42	0.0	2.5548378659960154
1	8	2021	12.09	32.88	0.0	2.708244053176967
2	8	2021	15.76	34.9	0.0	2.705310557401091
3	8	2021	19.0	28.24	0.0	1.3313887370347834
4	8	2021	14.16	28.34	0.0	2.006884804894338
5	8	2021	11.01	30.42	0.0	2.457710036363672
6	8	2021	15.41	32.91	0.0	2.4575573543751648
7	8	2021	15.42	29.34	0.0	1.9753537988284935
8	8	2021	13.68	23.01	0.0	1.1773598436498
9	8	2021	11.32	20.48	0.0	1.0864092094323472
10	8	2021	10.17	20.91	3.5	1.018514831615623
11	8	2021	11.15	25.53	0.0	1.837114555541639
12	8	2021	8.68	23.63	0.0	1.789259786503981
13	8	2021	8.65	29.64	0.0	2.3938512170145176
14	8	2021	15.71	37.13	0.0	2.768598846259006
15	8	2021	15.55	32.96	0.0	2.342448995405405
16	8	2021	14.87	27.1	0.0	1.62919960199364
17	8	2021	10.1	19.71	0.0	1.0635318190308756
18	8	2021	9.65	17.5	3.31	0.7188366305301864
19	8	2021	7.94	19.19	3.6	0.9801768010465984
20	8	2021	10.37	18.74	5.17	0.7773754802654339
21	8	2021	6.34	21.6	3.71	1.3181671750192647
22	8	2021	9.27	15.43	7.97	0.5613595520661053
23	8	2021	7.0	18.11	6.48	1.0313813320953835
24	8	2021	7.57	15.07	0.0	0.7486117183983595
25	8	2021	3.64	19.88	0.0	1.686477939116532
26	8	2021	7.33	20.66	0.0	1.5742527653579277
27	8	2021	12.29	20.85	0.0	1.0708840227717948
28	8	2021	10.86	23.84	2.0	1.6950164879633345
29	8	2021	7.64	25.98	0.0	2.070749148844518
30	8	2021	9.12	29.11	0.0	2.273633601939003
31	8	2021	12.23	25.35	24.49	1.3779753833830453
1	9	2021	9.15	21.4	0.0	1.3307648691169602
2	9	2021	8.53	18.98	0.0	1.062824443201711
3	9	2021	8.3	21.66	0.0	1.40424126722377
4	9	2021	5.76	23.05	0.0	1.670009283791225
5	9	2021	7.47	29.26	0.0	2.0902324655338034
6	9	2021	10.33	22.25	1.58	1.264189887780739
7	9	2021	7.77	23.5	0.0	1.5743860500080535
8	9	2021	5.77	25.14	0.0	1.835397539967291
9	9	2021	10.54	28.34	0.0	1.9817109758427285
10	9	2021	8.45	21.87	0.0	1.4274133532243654
11	9	2021	6.12	14.47	0.0	0.7372526377653554
12	9	2021	2.93	18.16	0.0	1.3542273281893151
13	9	2021	7.45	21.41	0.0	1.429370554916867
14	9	2021	4.64	23.05	0.0	1.6918708868712964
15	9	2021	7.99	19.33	0.0	1.1296930141082029
16	9	2021	3.96	15.38	0.0	0.9785653550407544
17	9	2021	-0.69	19.31	0.0	1.4785080340253898
18	9	2021	11.01	32.63	0.0	2.1602992088427166
19	9	2021	6.83	19.83	0.0	1.1880519333875494
20	9	2021	1.9	18.51	0.0	1.307589504282901
21	9	2021	3.03	22.16	0.0	1.5364434244466525
22	9	2021	5.76	27.61	0.0	1.847519063436211
23	9	2021	4.4	17.39	0.0	1.0132736988411353
24	9	2021	-0.52	19.12	0.0	1.3496528798551115
25	9	2021	7.53	26.04	0.0	1.6133758625589458
26	9	2021	4.13	25.19	0.0	1.6378392856931685
27	9	2021	9.1	29.88	0.0	1.8123475708533452
28	9	2021	6.33	28.3	0.0	1.765923112004818
29	9	2021	6.31	21.06	0.0	1.1527313551391671
30	9	2021	1.48	23.94	0.0	1.5454587625556049
1	10	2021	5.93	23.65	0.0	1.364391962677539
2	10	2021	0.72	21.35	0.0	1.3516565049035905
3	10	2021	5.7	23.7	0.0	1.3753134674346503
4	10	2021	1.91	21.1	0.0	1.2994244087635487
5	10	2021	5.08	24.01	0.0	1.396822506342325
6	10	2021	6.68	26.87	0.0	1.5810253268819794
7	10	2021	3.33	14.49	0.0	0.7442477673712234
8	10	2021	1.79	16.86	0.0	0.9950012059518324
9	10	2021	-0.39	19.88	0.0	1.282324229752947
10	10	2021	-0.85	18.89	0.0	1.21080108652018
11	10	2021	-1.73	9.07	0.0	0.5958853475304304
12	10	2021	-6.56	8.74	0.0	0.7082005433965608
13	10	2021	-3.47	5.11	3.7	0.4074233215127156
14	10	2021	-1.22	5.94	2.3	0.3687895765724673
15	10	2021	-3.14	13.6	0.0	0.87253615496217
16	10	2021	-0.61	17.98	0.0	1.0461366464239037
17	10	2021	2.71	24.06	0.0	1.3465213047162667
18	10	2021	1.64	13.72	0.0	0.7248360456259936
19	10	2021	-5.35	7.1	0.0	0.5797794020819497
20	10	2021	-7.65	7.69	0.0	0.6543584646700291
21	10	2021	-4.63	10.08	0.0	0.704016038393335
22	10	2021	-5.37	9.31	0.0	0.6807577455535679
23	10	2021	-1.94	6.98	0.86	0.4609717649135054
24	10	2021	2.08	6.0	0.0	0.231611951119313
25	10	2021	3.48	9.32	2.22	0.3423825490392946
26	10	2021	2.26	10.18	2.4	0.4476090357083327
27	10	2021	0.15	13.3	0.0	0.734540588697054
28	10	2021	-2.1	11.15	0.0	0.6837885473469488
29	10	2021	0.16	8.84	2.11	0.4551358313176897
30	10	2021	-4.53	4.85	0.0	0.4356505334339659
31	10	2021	-7.9	4.12	0.0	0.4872238175436057
1	11	2021	-9.47	2.25	0.0	0.4413912834764397
2	11	2021	-9.81	6.67	0.0	0.6202011151754779
3	11	2021	-8.03	10.0	0.0	0.7306270146505027
4	11	2021	-2.18	15.31	0.0	0.8777486269666745
5	11	2021	2.09	14.48	0.0	0.7175096440288098
6	11	2021	-2.96	10.48	0.0	0.6532006217406986
7	11	2021	-5.94	9.97	0.0	0.6887437024679811
8	11	2021	-5.85	8.96	0.0	0.6401405776690334
9	11	2021	-9.37	8.13	0.0	0.6554852724978472
10	11	2021	-2.09	3.62	1.19	0.2776860067175037
11	11	2021	-6.43	-2.38	0.0	0.162241962321895
12	11	2021	-9.0	-3.43	0.0	0.1982369344523464
13	11	2021	-9.23	4.49	0.0	0.5041404519853738
14	11	2021	-6.07	1.65	0.39	0.3237330710659771
15	11	2021	-1.27	4.83	0.75	0.3044919074837509
16	11	2021	-4.22	6.02	4.91	0.4402612398534157
17	11	2021	-11.64	-5.0	0.0	0.207555756634915
18	11	2021	-14.48	-1.49	0.0	0.3647003699202256
19	11	2021	-10.51	-1.79	0.0	0.291596343786983
20	11	2021	-10.85	0.78	0.0	0.3875151929212885
21	11	2021	-17.12	-2.92	0.0	0.346212492159933
22	11	2021	-7.3	4.76	0.0	0.4697280640444231
23	11	2021	-9.62	3.33	0.0	0.4543426521132799
24	11	2021	-16.51	-8.49	0.0	0.1893021867384179
25	11	2021	-11.63	1.98	0.0	0.432455799654443
26	11	2021	-2.86	6.03	0.0	0.406507273309977
27	11	2021	-6.83	2.23	0.0	0.3510027621078882
28	11	2021	-5.25	4.04	0.0	0.3843023268137805
29	11	2021	-3.76	5.47	1.37	0.4045838100294426
30	11	2021	-6.05	4.9	0.0	0.4378704948600767
1	12	2021	-0.42	6.57	0.0	0.345228057698051
2	12	2021	-3.67	2.04	0.97	0.2480865076477849
3	12	2021	-8.06	-1.23	0.0	0.2460716661651459
4	12	2021	-11.13	-2.65	0.67	0.2698775257897048
5	12	2021	-21.98	-8.48	0.88	0.2418498353340801
6	12	2021	-24.74	-13.38	0.0	0.1662004933274026
7	12	2021	-20.85	-9.28	0.0	0.2176455587257209
8	12	2021	-15.71	2.86	1.2	0.4913602006163678
9	12	2021	-12.15	-1.84	0.0	0.3126605080526194
10	12	2021	-14.09	-3.8	0.0	0.2815435405895037
11	12	2021	-10.43	3.99	0.0	0.4813160602203469
12	12	2021	-9.06	1.17	0.0	0.3571642081021716
13	12	2021	-14.27	-3.22	0.0	0.2990182837399039
14	12	2021	-8.73	-2.16	0.2	0.2285182912874392
15	12	2021	-21.38	-11.45	0.0	0.1755124789895096
16	12	2021	-24.91	-17.34	0.26	0.1027885023716696
17	12	2021	-26.01	-17.67	0.77	0.1060575895197423
18	12	2021	-28.15	-8.98	0.0	0.2425937173115866
19	12	2021	-19.6	-9.62	0.0	0.1964575500770042
20	12	2021	-21.11	-12.44	0.0	0.1533415462831278
21	12	2021	-19.32	-7.65	0.0	0.2380364154751284
22	12	2021	-14.1	-6.95	2.81	0.1822727537278574
23	12	2021	-14.68	-1.34	1.81	0.3578996123776182
24	12	2021	-24.73	-14.94	0.56	0.1386330124762126
25	12	2021	-29.4	-22.61	1.89	0.066029462908682
26	12	2021	-28.61	-23.95	6.56	0.0445464799271343
27	12	2021	-34.72	-25.98	0.0	0.058429040692354
28	12	2021	-37.1	-27.37	0.0	0.0546695546645739
29	12	2021	-35.29	-25.99	0.0	0.0600687784362742
30	12	2021	-36.9	-27.78	0.0	0.0515777576346311
31	12	2021	-36.04	-27.54	0.0	0.0510580616904345
1	1	2022	-35.05	-22.89	0.0	0.0833809988019614
2	1	2022	-26.7	-1.58	0.0	0.3795583672974286
3	1	2022	-17.08	-5.32	4.0	0.2641864268564068
4	1	2022	-23.33	-12.96	1.87	0.1621805732741114
5	1	2022	-32.33	-20.04	0.0	0.1049108962238832
6	1	2022	-35.01	-26.0	0.0	0.0587016105571088
7	1	2022	-24.91	-7.65	1.58	0.2669986260328297
8	1	2022	-24.21	-13.58	0.0	0.1585095207797397
9	1	2022	-28.94	-16.96	0.0	0.1316016689089622
10	1	2022	-22.27	-0.86	0.0	0.4095434726748941
11	1	2022	-11.91	3.64	0.0	0.4927770325263447
12	1	2022	-2.15	5.11	0.0	0.3394466141608582
13	1	2022	-5.29	3.83	2.86	0.3657180333699217
14	1	2022	-6.05	1.3	0.0	0.2944512088478738
15	1	2022	-4.93	4.35	0.0	0.3948666615771224
16	1	2022	-4.49	4.07	0.0	0.3713694648333232
17	1	2022	-5.81	4.3	0.94	0.4185264106259292
18	1	2022	-19.51	2.18	0.0	0.4953196622640951
19	1	2022	-26.54	-15.83	0.0	0.1406218509295422
20	1	2022	-23.75	-2.59	2.1	0.3659266862631132
21	1	2022	-10.07	2.4	1.31	0.4378156330639767
22	1	2022	-8.11	4.24	2.04	0.4550405910252374
23	1	2022	-8.05	4.82	0.0	0.4995702524221254
24	1	2022	-11.45	1.11	0.0	0.4176134878819149
25	1	2022	-22.82	-5.11	0.0	0.3297256672111494
26	1	2022	-10.31	1.91	0.0	0.4316296495612897
27	1	2022	-7.72	0.98	0.0	0.3412943952120436
28	1	2022	-11.17	1.08	0.0	0.4189510447385078
29	1	2022	-8.86	2.37	0.0	0.427659715148776
30	1	2022	-4.9	5.08	0.0	0.4511348277125583
31	1	2022	-12.44	3.58	3.21	0.5064445799448619
1	2	2022	-26.2	-17.53	0.0	0.1198828121382018
2	2	2022	-32.62	-23.67	0.0	0.0778061020653403
3	2	2022	-30.99	-19.64	0.0	0.1169931651997634
4	2	2022	-32.2	-7.81	6.9	0.2652500063101649
5	2	2022	-15.82	-7.18	0.84	0.2346994793363434
6	2	2022	-17.74	1.07	0.0	0.4984780952675818
7	2	2022	-5.54	5.12	0.0	0.4915085400694863
8	2	2022	-4.28	2.82	0.0	0.3429853247920817
9	2	2022	-8.2	2.64	0.0	0.452914623175813
10	2	2022	-9.19	5.18	0.77	0.583157395640707
11	2	2022	-18.77	-12.36	0.0	0.1485470419262854
12	2	2022	-17.42	-7.3	0.0	0.2666029281771027
13	2	2022	-16.21	1.79	0.0	0.5336452930457888
14	2	2022	-18.27	-9.45	1.1	0.2196739948474904
15	2	2022	-15.11	-7.21	1.97	0.2354502454608743
16	2	2022	-24.54	-15.56	0.36	0.152058779008906
17	2	2022	-26.83	-4.26	0.0	0.3827189346983193
18	2	2022	-20.85	-6.99	0.0	0.3173790575121186
19	2	2022	-17.93	3.33	2.93	0.5675218059282054
20	2	2022	-22.6	-15.45	0.0	0.1378135408653871
21	2	2022	-28.22	-20.19	0.2	0.1070249631360661
22	2	2022	-31.42	-20.44	0.0	0.1220803598680859
23	2	2022	-30.24	-18.66	0.0	0.1427338741103345
24	2	2022	-27.23	-16.86	0.0	0.1578960197431041
25	2	2022	-26.78	-8.26	0.0	0.3178443534820552
26	2	2022	-13.94	-2.66	0.0	0.3976697856380186
27	2	2022	-12.02	-6.65	0.0	0.2019305550116995
28	2	2022	-13.51	-7.14	0.0	0.226086313342743
1	3	2022	-12.37	-6.88	0.0	0.2073981455400654
2	3	2022	-16.99	-9.09	0.0	0.239313490368821
3	3	2022	-18.08	-10.01	6.42	0.2106706871022127
4	3	2022	-11.69	-8.16	4.38	0.1277000886973341
5	3	2022	-16.08	-9.92	0.0	0.1999717957332639
6	3	2022	-18.48	-4.74	0.0	0.4118684780434452
7	3	2022	-15.57	1.73	0.55	0.6200302109546425
8	3	2022	-17.68	-8.36	0.45	0.2924148806181997
9	3	2022	-23.95	-14.47	0.19	0.2022355125347025
10	3	2022	-23.63	-12.69	0.0	0.2423481261727102
11	3	2022	-30.17	-10.47	0.0	0.2986773354449448
12	3	2022	-16.41	2.88	0.0	0.704334853445153
13	3	2022	-11.89	-2.4	0.0	0.4184921591727482
14	3	2022	-11.29	0.34	0.0	0.5462139934529575
15	3	2022	-6.23	4.27	0.0	0.666581363586922
16	3	2022	-3.83	3.89	0.0	0.5045598114896931
17	3	2022	-6.28	5.14	0.0	0.7575311242847017
18	3	2022	-2.34	5.58	0.0	0.5915182903291311
19	3	2022	-3.81	6.23	0.0	0.786936748759016
20	3	2022	-1.67	4.32	0.0	0.4465852504236863
21	3	2022	-0.83	5.65	0.0	0.5605957327573773
22	3	2022	-2.6	7.49	0.0	0.9240037201373752
23	3	2022	-2.09	12.24	0.0	1.3327699185936877
24	3	2022	-0.62	6.79	0.84	0.7171184849925211
25	3	2022	-6.96	0.41	0.0	0.5040754222448991
26	3	2022	-9.55	-2.87	0.0	0.3737069350597996
27	3	2022	-7.38	7.4	0.0	1.1171739083963752
28	3	2022	-2.4	7.44	0.0	1.0759522147099418
29	3	2022	-5.71	1.46	0.0	0.6313976800201369
30	3	2022	-7.89	8.82	0.0	1.2986445301186849
31	3	2022	-1.51	5.46	1.85	0.788445390357459
1	4	2022	-3.87	4.95	0.0	0.9021753783590764
2	4	2022	-7.0	6.79	0.0	1.1754695560757091
3	4	2022	-3.55	11.31	0.0	1.4892327899254456
4	4	2022	-1.28	15.5	0.0	1.8435398781692407
5	4	2022	-0.45	8.64	2.13	0.9450455162734572
6	4	2022	-1.27	7.12	0.51	1.053324119052958
7	4	2022	-3.28	10.69	0.0	1.5111980549188728
8	4	2022	-1.84	17.9	0.0	2.016692131673708
9	4	2022	0.13	12.38	0.0	1.6241246815419048
10	4	2022	-3.95	6.73	0.0	1.200605021494337
11	4	2022	-8.12	-1.62	0.0	0.5362496424506916
12	4	2022	-9.98	-5.39	0.0	0.2708919875061153
13	4	2022	-9.51	-5.07	1.12	0.2727476955267919
14	4	2022	-8.84	-3.81	1.45	0.3825050979105463
15	4	2022	-10.19	-2.34	0.46	0.6445891757453791
16	4	2022	-9.71	1.12	0.0	0.9451976735646612
17	4	2022	-7.67	3.77	0.0	1.1297342278033546
18	4	2022	-7.52	8.44	0.0	1.4885505627391304
19	4	2022	-2.72	3.97	1.8	0.8903675401025039
20	4	2022	-4.63	1.49	2.14	0.5158237908712371
21	4	2022	-8.58	5.53	0.0	1.2888066219292615
22	4	2022	-2.06	3.59	0.66	0.7748718368163121
23	4	2022	0.11	9.06	2.01	1.1696656090498303
24	4	2022	-2.42	11.05	0.0	1.733831269211382
25	4	2022	-2.86	10.38	0.0	1.6858311233099428
26	4	2022	-2.84	14.2	0.0	1.925108638758945
27	4	2022	0.71	15.26	0.0	2.0252037528768843
28	4	2022	0.82	17.9	0.0	2.193949697356618
29	4	2022	0.8	16.63	0.0	2.118678228845719
30	4	2022	1.79	17.36	0.0	2.1703616041128893
1	5	2022	0.46	14.99	0.0	2.005996486732557
2	5	2022	-0.58	18.26	0.0	2.2066418624733437
3	5	2022	3.85	20.14	0.0	2.368377191908727
4	5	2022	1.02	23.96	0.0	2.565802194997139
5	5	2022	8.49	27.42	0.0	2.861364935407301
6	5	2022	9.68	22.66	1.38	2.490294134949538
7	5	2022	6.12	14.69	4.85	1.4379790522746172
8	5	2022	3.25	15.27	0.0	1.946223211914227
9	5	2022	-0.06	15.5	0.0	1.9788899890915488
10	5	2022	3.22	13.7	2.86	1.480565198887415
11	5	2022	-0.17	18.88	0.0	2.1892606775314127
12	5	2022	3.06	20.19	0.0	2.2955687966312603
13	5	2022	4.5	10.99	12.89	0.8530725348932356
14	5	2022	2.76	16.67	0.0	1.9611345801696864
15	5	2022	3.22	20.31	0.0	2.3024228304863676
16	5	2022	4.52	20.4	0.0	2.306151494574196
17	5	2022	6.5	20.29	2.83	1.8683659229885057
18	5	2022	7.12	16.27	0.92	1.597420884610445
19	5	2022	1.37	11.22	3.07	1.0637487926150533
20	5	2022	0.91	8.03	0.0	0.8634659898777189
21	5	2022	-0.68	14.17	0.0	1.811979857738032
22	5	2022	1.08	16.83	0.0	2.0304122917700815
23	5	2022	2.06	22.45	0.0	2.4513527512353166
24	5	2022	4.88	24.41	0.0	2.5966537575243773
25	5	2022	6.44	24.23	0.0	2.58375548233429
26	5	2022	6.13	24.1	0.0	2.578434553874794
27	5	2022	7.02	21.67	1.28	2.366897469564029
28	5	2022	8.32	23.14	0.0	2.4780137214089217
29	5	2022	9.74	19.62	0.0	1.8472257318873928
30	5	2022	7.44	17.71	0.0	1.790981897904496
31	5	2022	3.83	18.72	0.0	2.173868869734393
1	6	2022	2.63	19.65	0.0	2.2942311908206188
2	6	2022	4.49	21.43	0.0	2.421140988061683
3	6	2022	2.59	23.0	0.0	2.527242699247489
4	6	2022	4.06	24.77	0.0	2.65494361710117
5	6	2022	6.34	20.21	0.0	2.311048034541493
6	6	2022	5.49	20.8	0.0	2.367115041869752
7	6	2022	7.83	21.09	0.0	2.349413319445367
8	6	2022	7.12	24.49	0.0	2.6377332385148913
9	6	2022	11.24	24.16	0.0	2.528246494551465
10	6	2022	10.38	25.55	1.5	2.6799793785387376
11	6	2022	8.27	24.17	0.0	2.6074301189479865
12	6	2022	8.6	24.8	4.59	2.412330490051615
13	6	2022	11.33	21.88	2.56	1.771427177346094
14	6	2022	7.31	18.99	0.0	2.085490338627748
15	6	2022	5.25	17.28	3.64	1.6264623414898065
16	6	2022	10.92	21.1	0.0	2.0405004863853513
17	6	2022	10.8	29.24	0.0	2.9707784225739804
18	6	2022	17.64	32.13	0.0	3.0381495394149227
19	6	2022	15.89	21.29	4.65	0.769427977335452
20	6	2022	14.49	21.12	2.46	0.9857732396129624
21	6	2022	11.72	22.68	0.87	2.1305776720910465
22	6	2022	10.68	28.08	0.0	2.897231607403054
23	6	2022	10.54	26.71	4.96	2.329283915892891
24	6	2022	8.55	18.64	1.25	1.7549716999843044
25	6	2022	8.57	21.13	2.94	1.736443180377857
26	6	2022	8.83	24.94	0.0	2.5905058100447147
27	6	2022	10.09	23.4	0.0	2.327367516544885
28	6	2022	9.36	22.57	1.34	2.256510519106934
29	6	2022	12.56	25.62	0.73	2.4138680141664044
30	6	2022	9.81	22.97	0.0	2.270087692446275
1	7	2022	8.31	23.75	0.0	2.4632739242280692
2	7	2022	9.99	22.58	0.0	2.2071151939515663
3	7	2022	10.71	23.66	1.3	2.322080933845399
4	7	2022	12.85	18.55	8.19	0.6936786930186718
5	7	2022	12.12	18.21	3.15	0.7300081854085835
6	7	2022	12.7	24.5	0.0	2.2084781216771177
7	7	2022	12.25	23.81	1.98	2.145963101432706
8	7	2022	16.52	31.17	4.08	2.271987093791031
9	7	2022	16.49	29.4	3.72	2.0005280331019786
10	7	2022	14.05	25.11	3.9	1.6123016452660504
11	7	2022	11.22	27.14	0.0	2.5368227190424335
12	7	2022	10.87	29.85	0.0	2.80573564662067
13	7	2022	15.86	32.97	2.79	2.374219111048428
14	7	2022	15.19	27.99	1.47	2.308071097469374
15	7	2022	16.02	33.47	0.0	2.908965715474393
16	7	2022	14.92	35.15	0.0	3.090509237835607
17	7	2022	15.9	31.2	0.0	2.6302481312043646
18	7	2022	14.52	29.0	22.51	1.9655658772836209
19	7	2022	15.29	28.42	7.57	1.6592049950044392
20	7	2022	12.96	24.66	4.55	1.3548764112498943
21	7	2022	11.09	28.16	0.0	2.3021105396914825
22	7	2022	11.37	24.89	0.0	1.8917766503322313
23	7	2022	8.95	21.61	0.0	1.674508696939219
24	7	2022	7.82	27.65	0.0	2.3782331969800325
25	7	2022	13.4	20.61	1.97	0.918061438587444
26	7	2022	10.57	24.12	0.0	1.8344514014835116
27	7	2022	7.99	25.32	0.0	2.1253161193359564
28	7	2022	8.01	27.23	0.0	2.290813860813136
29	7	2022	12.74	33.01	0.0	2.6186928314555886
30	7	2022	15.04	25.69	2.52	1.1726044654333672
31	7	2022	13.73	27.44	5.19	1.520618062305578
1	8	2022	14.67	26.19	0.0	1.5829589528537735
2	8	2022	13.69	24.96	0.0	1.5088578531658825
3	8	2022	8.76	25.34	0.0	1.9689959147217175
4	8	2022	11.11	33.88	0.0	2.6273732496874778
5	8	2022	9.03	19.18	0.0	1.1201779800238063
6	8	2022	4.96	22.66	0.0	1.857139021770938
7	8	2022	11.35	29.94	0.0	2.2565473503172813
8	8	2022	10.94	33.06	0.0	2.5370788183925828
9	8	2022	9.9	25.86	0.0	1.8831630446842047
10	8	2022	9.92	25.7	0.0	1.8537460289440229
11	8	2022	15.2	25.11	0.0	1.2102658755134013
12	8	2022	11.64	31.37	0.0	2.402097667888117
13	8	2022	15.79	32.5	0.9	2.245969719608852
14	8	2022	15.57	30.71	0.0	2.0312628580617247
15	8	2022	12.6	29.38	0.0	2.104606568303098
16	8	2022	13.74	33.9	0.0	2.49490707211136
17	8	2022	16.01	29.54	0.0	1.8176944250315132
18	8	2022	12.53	29.3	0.0	2.0953868690523363
19	8	2022	10.8	29.24	0.0	2.1705699978819237
20	8	2022	14.08	31.59	0.0	2.2034303001492077
21	8	2022	12.63	33.96	0.0	2.4867045349363734
22	8	2022	16.3	26.94	0.0	1.3117799441021205
23	8	2022	14.2	26.47	0.0	1.5096223050810142
24	8	2022	10.69	26.84	0.0	1.8487019203218145
25	8	2022	10.34	28.49	0.0	2.024897413325107
26	8	2022	12.66	28.88	12.17	1.56704123106256
27	8	2022	13.75	30.51	0.0	1.929105794278184
28	8	2022	12.65	21.36	0.0	0.9186036807823544
29	8	2022	9.08	27.16	0.0	1.858245898438711
30	8	2022	10.45	31.62	0.0	2.1751252922226234
31	8	2022	13.61	35.05	0.0	2.3020974765390125
1	9	2022	14.44	32.61	0.0	2.0020500488098754
2	9	2022	6.27	26.47	0.0	1.8423865169395408
3	9	2022	11.63	36.01	0.0	2.4025103259405145
4	9	2022	15.19	34.0	0.0	2.026728976903473
5	9	2022	12.42	31.72	0.0	1.9657791001616811
6	9	2022	8.61	24.81	0.0	1.506147382874062
7	9	2022	9.9	34.88	0.0	2.3016244192081947
8	9	2022	7.17	19.8	0.0	1.0840781979337786
9	9	2022	3.41	17.21	0.0	1.067546028196208
10	9	2022	2.19	22.63	0.0	1.5587976357912148
11	9	2022	8.07	31.8	0.0	2.0882852238287186
12	9	2022	8.55	23.22	0.0	1.292366522325537
13	9	2022	8.47	15.3	1.5	0.5934119003938199
14	9	2022	7.6	15.09	2.56	0.579900357375867
15	9	2022	6.11	16.26	0.0	0.8292889201286259
16	9	2022	9.92	20.0	0.0	0.8998078835253451
17	9	2022	7.45	22.78	0.0	1.287974482471956
18	9	2022	5.51	22.19	0.0	1.3508306559275676
19	9	2022	8.52	18.27	1.38	0.834819886335741
20	9	2022	4.76	13.87	0.0	0.70871733687283
21	9	2022	-0.08	16.86	0.0	1.1278589303958568
22	9	2022	1.53	18.77	0.53	1.2196277893554517
23	9	2022	5.0	18.86	0.0	1.0554576667259876
24	9	2022	6.22	21.47	0.0	1.2231833563522363
25	9	2022	2.3	21.65	0.0	1.3954416003249743
26	9	2022	6.26	22.83	0.0	1.3150770170872892
27	9	2022	5.55	24.95	0.0	1.5083200478736307
28	9	2022	8.45	30.24	0.0	1.79497802574747
29	9	2022	7.45	30.24	0.0	1.8110019101654444
30	9	2022	10.32	23.21	0.0	1.070928968028947
1	10	2022	7.28	19.84	0.0	0.972952484883752
2	10	2022	5.01	19.39	0.0	1.0433226571645884
3	10	2022	6.55	22.41	0.0	1.2286471067955256
4	10	2022	7.24	25.69	0.0	1.4769441625944617
5	10	2022	3.02	12.06	0.0	0.6183307739019317
6	10	2022	-4.58	9.73	0.0	0.75313974793577
7	10	2022	-2.92	19.69	0.0	1.3129649977855014
8	10	2022	3.25	22.57	0.0	1.382719520134475
9	10	2022	3.04	22.11	0.0	1.3602902123492269
10	10	2022	2.94	25.3	0.0	1.5674943175933955
11	10	2022	4.25	15.14	0.0	0.7491028367319003
12	10	2022	2.53	11.21	0.0	0.564618388006201
13	10	2022	-0.06	13.78	0.0	0.8220376136554819
14	10	2022	-2.41	14.96	1.35	0.972126123292812
15	10	2022	-2.13	9.01	0.0	0.6057153421726847
16	10	2022	-4.59	8.31	0.0	0.6381222917281392
17	10	2022	-2.52	16.64	0.0	1.1839404299257132
18	10	2022	0.37	21.93	0.0	1.5558000203664812
19	10	2022	2.21	21.28	0.0	1.5396022619340877
20	10	2022	3.06	15.44	0.0	0.9967492356073528
21	10	2022	0.65	11.59	0.0	0.753595116961425
22	10	2022	-3.69	10.94	2.99	0.740207200074625
23	10	2022	-0.8	3.26	12.42	0.2049419766855831
24	10	2022	-2.54	0.63	0.0	0.1586679898532551
25	10	2022	-3.22	2.95	0.0	0.3019225491425079
26	10	2022	-4.3	5.61	0.0	0.4710085975706172
27	10	2022	-0.65	9.18	0.0	0.5354209579437235
28	10	2022	0.09	9.69	0.0	0.5362055145624187
29	10	2022	-1.71	12.65	0.0	0.792578528388718
30	10	2022	-0.97	14.1	0.0	0.9041014159478123
31	10	2022	-0.88	8.62	0.0	0.5069165583919849
1	11	2022	-0.2	9.21	0.0	0.5128294828024823
2	11	2022	-2.57	1.37	0.0	0.1931023521035711
3	11	2022	-7.79	-2.3	0.0	0.2146962943950187
4	11	2022	-8.94	4.18	3.34	0.4890796318792529
5	11	2022	-5.1	3.74	12.15	0.3819275084137585
6	11	2022	-12.02	-5.88	0.0	0.1985945084266302
7	11	2022	-14.43	-6.53	3.22	0.2159864254390207
8	11	2022	-17.72	-6.48	0.0	0.2774964098018826
9	11	2022	-23.14	-15.08	0.0	0.1374858045796812
10	11	2022	-23.55	-14.53	0.36	0.1509062331063042
11	11	2022	-21.56	-10.91	0.0	0.2051898437609614
12	11	2022	-21.17	-10.4	1.09	0.2122295612272524
13	11	2022	-14.28	-6.45	0.3	0.2249420087983388
14	11	2022	-12.26	-5.72	0.87	0.2071145086843866
15	11	2022	-11.85	-3.92	0.0	0.2586676014818107
16	11	2022	-10.74	-2.73	0.0	0.2763609025366209
17	11	2022	-16.38	-10.19	0.0	0.1555364843888075
18	11	2022	-16.43	-6.96	0.0	0.2435232891107925
19	11	2022	-12.57	-4.15	0.0	0.2648109591315535
20	11	2022	-11.9	0.49	0.0	0.4063701838281092
21	11	2022	-11.91	1.28	1.23	0.4316467604783768
22	11	2022	-6.22	2.16	0.0	0.3529637903276622
23	11	2022	-4.96	2.05	0.0	0.3091996086488437
24	11	2022	-6.68	3.65	0.0	0.422616493214287
25	11	2022	-0.56	6.76	0.0	0.3815436407071798
26	11	2022	-3.79	2.59	0.0	0.2920289253767787
27	11	2022	-4.59	2.78	1.85	0.3260980884412288
28	11	2022	-10.88	-4.97	3.71	0.1844041576382006
29	11	2022	-16.66	-10.52	0.86	0.1464662072845071
30	11	2022	-21.31	-14.27	1.11	0.1268485488405284
1	12	2022	-22.82	-14.61	0.68	0.1352933409803208
2	12	2022	-29.05	-21.43	0.51	0.080297523991623
3	12	2022	-24.35	-11.43	0.0	0.2002047275575693
4	12	2022	-15.43	-3.46	0.0	0.3136203851128274
5	12	2022	-24.19	-13.79	0.38	0.1581205665521746
6	12	2022	-33.09	-21.76	1.13	0.0915990065352996
7	12	2022	-34.72	-9.05	0.0	0.228378405579216
8	12	2022	-15.86	-5.87	0.0	0.2496439289936153
9	12	2022	-11.41	-2.48	0.0	0.2804644450615954
10	12	2022	-16.96	-6.53	0.0	0.2448908039242746
11	12	2022	-10.6	-4.48	2.07	0.1886327798392441
12	12	2022	-12.12	-7.0	3.17	0.144789543508417
13	12	2022	-15.23	-11.47	0.0	0.091705329351324
14	12	2022	-17.16	-8.59	0.0	0.195941715224675
15	12	2022	-16.57	-10.71	0.0	0.1349473874716377
16	12	2022	-20.6	-13.68	0.33	0.1259747091015568
17	12	2022	-20.8	-15.04	0.97	0.1020511573802711
18	12	2022	-25.78	-20.27	0.93	0.0694546670452154
19	12	2022	-30.7	-23.07	1.73	0.0693047777108845
20	12	2022	-35.14	-28.57	1.12	0.0412494752241262
21	12	2022	-33.01	-27.64	0.33	0.0392266200439056
22	12	2022	-31.56	-25.33	0.0	0.0520280651543168
23	12	2022	-34.9	-21.3	0.0	0.0978964427603312
24	12	2022	-24.2	-12.23	2.75	0.176225936449681
25	12	2022	-16.79	-8.96	0.0	0.1825456671416391
26	12	2022	-15.35	0.13	0.0	0.4087142569984546
27	12	2022	-10.82	-2.69	7.85	0.251813359577229
28	12	2022	-16.4	-9.21	1.85	0.1703493498213761
29	12	2022	-15.26	-10.34	0.0	0.1217707685648563
30	12	2022	-16.74	-8.5	0.0	0.1935600836779895
31	12	2022	-18.4	-10.56	0.0	0.1666604862217613
1	1	2023	-19.08	-7.06	0.0	0.2505373480062201
2	1	2023	-14.99	-5.07	0.0	0.257674379765882
3	1	2023	-15.11	-6.08	0.0	0.2323285721261638
4	1	2023	-18.04	-9.36	0.0	0.1884965138155082
5	1	2023	-18.28	-10.52	0.0	0.1652215130240569
6	1	2023	-17.13	-5.97	0.0	0.2606234376632423
7	1	2023	-12.92	-3.59	0.0	0.2727846509238388
8	1	2023	-14.34	-5.03	0.0	0.2526174162593221
9	1	2023	-13.85	-4.21	0.0	0.2694902783793235
10	1	2023	-15.92	-9.69	0.0	0.1520640868620502
11	1	2023	-15.22	-9.6	0.0	0.1424283491869944
12	1	2023	-14.06	-7.05	0.0	0.1926834585154136
13	1	2023	-12.23	-2.68	0.0	0.2939031002337564
14	1	2023	-11.77	-4.5	0.0	0.227796680340478
15	1	2023	-9.65	-6.97	0.0	0.0910680521057521
16	1	2023	-9.58	-7.3	0.0	0.0779813101810753
17	1	2023	-10.77	-7.46	0.0	0.1072629370318215
18	1	2023	-8.42	-3.39	0.0	0.1868830132662715
19	1	2023	-9.33	-4.29	0.0	0.1800628846631107
20	1	2023	-14.13	-4.58	0.0	0.2725138124368315
21	1	2023	-12.67	-1.55	0.0	0.3454586669050145
22	1	2023	-7.66	1.09	0.0	0.3589117917020034
23	1	2023	-12.41	-1.69	0.62	0.3779676954814642
24	1	2023	-11.48	-2.91	0.0	0.2970736125368967
25	1	2023	-8.15	-1.25	1.09	0.2766540083548076
26	1	2023	-8.62	3.48	0.67	0.5937149460403631
27	1	2023	-19.56	-4.86	0.54	0.3483939090468411
28	1	2023	-24.5	-18.38	0.0	0.095229276949657
29	1	2023	-25.97	-19.76	0.0	0.0877429371570081
30	1	2023	-26.57	-18.25	0.0	0.1161179647526661
31	1	2023	-23.99	-13.67	0.0	0.1760638566519807
1	2	2023	-23.7	-12.1	0.9	0.2042522432586214
2	2	2023	-28.24	-17.8	0.0	0.1341698033273491
3	2	2023	-19.7	-2.61	0.0	0.4512143611988336
4	2	2023	-7.55	-0.47	0.0	0.3787071337089697
5	2	2023	-10.84	1.24	0.0	0.594676831402624
6	2	2023	-4.98	0.91	0.0	0.3617741077781795
7	2	2023	-5.02	2.85	0.0	0.5677697295899727
8	2	2023	-9.46	-0.66	0.83	0.4849384610546797
9	2	2023	-13.9	-2.72	0.0	0.466966253235969
10	2	2023	-9.81	4.42	0.0	0.7961055122398415
11	2	2023	-6.72	1.17	0.0	0.5353861372168752
12	2	2023	-7.51	1.35	0.0	0.595402996573932
13	2	2023	-4.32	3.27	0.0	0.6264099843883616
14	2	2023	-17.49	-4.58	0.0	0.4440769146509239
15	2	2023	-18.07	-10.45	0.0	0.205851859338264
16	2	2023	-20.57	-2.55	0.0	0.5173199033464168
17	2	2023	-9.38	-0.7	0.0	0.5260297127851857
18	2	2023	-12.83	-4.35	0.0	0.3954414903228426
19	2	2023	-13.22	-6.84	1.58	0.2513856925275646
20	2	2023	-21.64	-11.15	0.39	0.2588821756675772
21	2	2023	-27.54	-18.5	0.0	0.132826593617017
22	2	2023	-31.44	-25.69	0.0	0.0607079539317378
23	2	2023	-29.4	-21.92	0.0	0.095840594397143
24	2	2023	-31.11	-19.84	0.0	0.1334487253116238
25	2	2023	-28.28	-12.52	0.0	0.2628188080048664
26	2	2023	-18.87	-3.03	0.0	0.5730399041264937
27	2	2023	-15.74	-6.29	0.0	0.4179129507549276
28	2	2023	-20.76	-11.12	0.0	0.2796840758829971
1	3	2023	-20.42	-6.98	0.0	0.4394765758783498
2	3	2023	-12.74	0.59	0.0	0.778209543941405
3	3	2023	-10.47	-0.86	0.0	0.67115816847263
4	3	2023	-15.06	-5.59	0.0	0.4722624005577236
5	3	2023	-21.2	-11.19	0.0	0.3062378349889976
6	3	2023	-26.01	-13.88	0.0	0.2556248175367859
7	3	2023	-18.48	-13.08	0.0	0.1537806675343592
8	3	2023	-19.68	-13.93	1.07	0.1563003631203088
9	3	2023	-19.46	-10.89	0.0	0.3105439601572584
10	3	2023	-14.81	-6.92	3.05	0.3339582957128656
11	3	2023	-12.91	-6.85	3.5	0.2692702831205942
12	3	2023	-19.52	-9.3	0.0	0.4087757656136409
13	3	2023	-18.17	-3.76	0.0	0.6498972449649323
14	3	2023	-11.8	1.01	1.06	0.9206390558910936
15	3	2023	-14.95	-4.23	1.98	0.6362768279320163
16	3	2023	-15.31	-6.21	0.0	0.5303020042788975
17	3	2023	-21.32	-8.84	0.0	0.458027712309883
18	3	2023	-19.74	-1.07	0.0	0.7628672856142674
19	3	2023	-15.16	-3.53	0.0	0.7031394232655153
20	3	2023	-13.58	-6.6	0.0	0.4668340004174879
21	3	2023	-15.84	-7.09	0.0	0.5099884159525648
22	3	2023	-16.46	-7.04	0.0	0.5327353128392306
23	3	2023	-15.64	2.25	0.0	0.962293417734006
24	3	2023	-14.64	-3.84	0.0	0.7068140416257398
25	3	2023	-19.13	-4.28	0.0	0.6833863556343908
26	3	2023	-15.4	-6.73	0.0	0.5387373040839784
27	3	2023	-19.95	-9.0	0.0	0.4869743706971468
28	3	2023	-22.08	-6.77	0.0	0.579688436412998
29	3	2023	-18.49	-1.49	0.0	0.8116743358991869
30	3	2023	-12.8	-1.81	0.0	0.8561330933676607
31	3	2023	-15.0	0.07	0.0	0.9221223953719112
1	4	2023	-9.19	3.25	0.0	1.119969233658572
2	4	2023	-8.56	-3.1	2.89	0.4467112004183902
3	4	2023	-13.77	-8.17	1.93	0.3940994745012799
4	4	2023	-19.12	-7.17	0.0	0.5885660382946116
5	4	2023	-22.44	-6.44	0.0	0.6068494248592399
6	4	2023	-20.86	-4.39	0.0	0.7023035628097933
7	4	2023	-13.65	1.21	0.0	1.0071947559757672
8	4	2023	-4.85	5.64	0.0	1.2745091704366145
9	4	2023	0.23	7.8	0.0	1.3543066630597187
10	4	2023	2.31	9.03	0.0	1.397997941325707
11	4	2023	0.62	10.5	0.0	1.5605074795232152
12	4	2023	-0.01	8.42	0.0	1.422302562284092
13	4	2023	-1.78	6.83	0.57	1.343702331795385
14	4	2023	-0.93	8.59	0.0	1.4643195047523117
15	4	2023	-1.99	12.16	0.0	1.7136051899512887
16	4	2023	-1.04	14.74	0.0	1.8796574497219185
17	4	2023	2.55	16.13	0.0	1.922521682188742
18	4	2023	0.23	6.15	3.62	0.8697401549867523
19	4	2023	-4.04	-0.04	6.62	0.3195385335139246
20	4	2023	-4.98	-1.46	0.46	0.2857610235235991
21	4	2023	-5.17	1.84	0.0	0.8081323400115583
22	4	2023	-4.69	6.49	0.0	1.3336052924716475
23	4	2023	-4.97	8.88	0.0	1.5012871597770894
24	4	2023	-2.0	10.42	0.0	1.609516613819575
25	4	2023	1.77	16.22	1.69	1.9863548930315735
26	4	2023	1.6	14.96	0.0	1.9071587494525537
27	4	2023	1.82	10.79	0.0	1.6036713539006655
28	4	2023	-0.83	18.62	0.0	2.116539909877282
29	4	2023	-0.84	15.93	0.0	1.970094298209408
30	4	2023	-2.15	15.72	0.0	1.944947820416517
1	5	2023	-0.54	19.66	0.0	2.1897809708298825
2	5	2023	2.45	25.59	0.0	2.5633376467587468
3	5	2023	5.25	26.68	0.0	2.6680230861907317
4	5	2023	5.97	26.65	0.0	2.676675972562048
5	5	2023	4.54	19.61	0.0	2.224545390753242
6	5	2023	4.17	17.27	0.0	2.062588602211466
7	5	2023	6.97	18.18	0.0	2.092430098989506
8	5	2023	6.69	19.06	0.0	2.1758040397097425
9	5	2023	3.62	20.59	0.0	2.3099447030897777
10	5	2023	7.32	21.11	0.0	2.323134986262171
11	5	2023	6.08	20.92	0.0	2.3243047070027245
12	5	2023	8.72	17.87	0.0	1.999274436406609
13	5	2023	5.24	23.76	0.0	2.5288902710169325
14	5	2023	5.77	25.67	0.0	2.653269408138492
15	5	2023	9.48	27.21	0.0	2.7557523077562114
16	5	2023	9.54	30.46	0.0	2.974758568148024
17	5	2023	6.09	17.59	0.0	2.0494643553346097
18	5	2023	3.52	15.78	0.0	1.9503743126821345
19	5	2023	1.11	25.41	0.56	2.5917174148255633
20	5	2023	10.74	25.4	0.0	2.579859493847961
21	5	2023	6.64	24.48	0.0	2.563026846213414
22	5	2023	11.3	30.67	3.12	2.7205718597655655
23	5	2023	11.43	24.82	0.0	2.5039144016129
24	5	2023	10.3	23.18	10.07	2.2113948213259995
25	5	2023	12.44	16.24	2.93	0.4353285326101088
26	5	2023	10.29	19.21	0.0	1.8163088534088936
27	5	2023	7.91	16.94	5.27	1.3432018913318842
28	5	2023	12.85	21.0	0.0	1.7299690115548771
29	5	2023	10.17	26.59	0.0	2.727638367908608
30	5	2023	11.21	28.54	2.89	2.5933560791293813
31	5	2023	11.7	30.42	0.0	3.0056693295669796
1	6	2023	13.96	26.78	7.2	2.1999508555778986
2	6	2023	12.82	22.9	0.0	2.0484939647814793
3	6	2023	16.26	26.33	4.65	1.7902237672966212
4	6	2023	15.12	30.33	0.0	2.969542954313494
5	6	2023	17.24	32.44	0.0	3.0830529771640687
6	6	2023	16.33	28.28	0.0	2.557096292401171
7	6	2023	13.35	29.04	0.0	2.909864122289371
8	6	2023	13.75	29.51	0.0	2.9435638484689965
9	6	2023	11.82	25.53	0.0	2.618330939690773
10	6	2023	9.8	23.84	0.0	2.5608928606016583
11	6	2023	9.93	27.7	0.0	2.865639508642887
12	6	2023	12.2	30.12	0.0	3.0229808548456303
13	6	2023	12.46	30.71	0.0	3.0658771703391077
14	6	2023	12.77	29.22	2.85	2.6246134473903213
15	6	2023	9.48	18.18	0.0	1.698702884003099
16	6	2023	6.95	24.69	0.0	2.6777177540862516
17	6	2023	11.78	20.85	0.0	1.903844805961669
18	6	2023	8.1	24.06	23.11	2.2627985364165397
19	6	2023	9.6	22.41	0.0	2.1569254912237574
20	6	2023	8.81	22.6	0.0	2.2527729738779434
21	6	2023	8.04	20.41	0.0	2.019328290265608
22	6	2023	8.3	23.75	0.0	2.433371657194939
23	6	2023	8.62	25.95	0.0	2.6524487505267835
24	6	2023	9.43	26.33	0.0	2.6433379479793655
25	6	2023	11.05	29.02	0.0	2.8520182511744183
26	6	2023	11.94	26.3	0.0	2.469067676309966
27	6	2023	11.32	28.46	0.0	2.7543033905232956
28	6	2023	11.64	25.3	0.0	2.3356208223912165
29	6	2023	10.27	27.51	0.0	2.6962320153860846
30	6	2023	13.66	30.16	0.0	2.8329958900664676
1	7	2023	14.22	32.49	0.0	3.0532910065347183
2	7	2023	12.12	23.14	0.0	1.95004672814018
3	7	2023	9.73	21.97	0.0	2.033418747443098
4	7	2023	7.85	18.87	0.0	1.7335940197289068
5	7	2023	6.4	23.82	0.0	2.4635730623285093
6	7	2023	8.68	26.47	0.0	2.6554128088856563
7	7	2023	8.12	24.72	0.0	2.4823212843862956
8	7	2023	9.04	28.09	0.0	2.792941632451082
9	7	2023	11.66	30.06	0.0	2.898593758922366
10	7	2023	9.91	23.57	0.0	2.204236387683736
11	7	2023	8.74	21.74	0.0	2.0431005014545653
12	7	2023	9.65	24.53	0.0	2.3595869078341565
13	7	2023	11.72	26.08	0.0	2.429897610842408
14	7	2023	10.6	22.13	0.0	1.9431278868705577
15	7	2023	8.55	24.09	0.0	2.3623320373087893
16	7	2023	8.05	23.24	0.0	2.2843783249787384
17	7	2023	8.38	26.52	9.95	2.174055521237366
18	7	2023	11.78	20.26	5.47	1.010307109219646
19	7	2023	13.01	23.91	0.0	1.8646780607303468
20	7	2023	10.74	27.28	0.0	2.5437093238902113
21	7	2023	11.29	29.27	0.0	2.719229712791129
22	7	2023	11.76	29.53	0.0	2.7158861241911825
23	7	2023	14.29	30.6	0.0	2.6924096850761696
24	7	2023	15.66	34.75	0.0	3.063309337605183
25	7	2023	18.38	34.01	0.0	2.817515806246153
26	7	2023	12.16	27.04	0.0	2.383045725818135
27	7	2023	8.95	22.38	0.0	1.9984150501124651
28	7	2023	7.85	21.2	0.0	1.9156478216612485
29	7	2023	5.75	24.09	0.0	2.3366418933587054
30	7	2023	9.03	29.7	0.0	2.7619382184086696
31	7	2023	15.51	32.9	0.0	2.826535968590016
1	8	2023	12.8	32.77	0.0	2.9107205346040597
2	8	2023	13.12	30.83	0.0	2.6823504304765926
3	8	2023	13.67	36.86	0.0	3.193084842994847
4	8	2023	14.11	27.91	0.0	2.202706438610834
5	8	2023	9.96	27.49	0.0	2.429579711376896
6	8	2023	9.55	27.02	0.0	2.3866400238554184
7	8	2023	9.44	28.53	0.0	2.5329435748443223
8	8	2023	10.07	24.3	0.0	2.016567881555215
9	8	2023	10.97	19.68	10.32	0.8985831531413099
10	8	2023	11.75	24.29	6.87	1.3962715203018006
11	8	2023	11.81	22.17	0.0	1.359085414662677
12	8	2023	9.67	23.29	4.21	1.40214298736898
13	8	2023	9.88	25.71	0.0	1.9812680946616996
14	8	2023	12.59	33.35	0.0	2.6024247255941737
15	8	2023	14.81	29.94	0.0	2.082356288909446
16	8	2023	11.86	23.33	3.32	1.1410311372235409
17	8	2023	8.63	31.24	0.0	2.479599968028752
18	8	2023	14.44	25.69	0.0	1.43945936283217
19	8	2023	8.5	20.72	0.0	1.3700212812177208
20	8	2023	4.92	21.76	0.38	1.7283865570389574
21	8	2023	11.91	18.46	19.4	0.628808864688488
22	8	2023	13.17	18.27	16.22	0.5074014198444119
23	8	2023	13.8	24.18	0.0	1.1658355038756412
24	8	2023	10.75	23.38	0.0	1.4059250662999845
25	8	2023	9.96	21.06	0.0	1.16903904568453
26	8	2023	9.55	29.48	0.0	2.132609669825033
27	8	2023	11.69	28.05	0.0	1.864150010264761
28	8	2023	10.8	30.13	0.0	2.1037476186603135
29	8	2023	12.32	31.48	0.0	2.155665701632707
30	8	2023	14.87	28.17	0.0	1.5889289964176436
31	8	2023	12.47	21.91	2.74	0.8947915050840581
1	9	2023	13.27	27.73	0.0	1.705046590309883
2	9	2023	13.25	28.88	0.0	1.8643441709930335
3	9	2023	8.45	31.25	0.0	2.263252556159434
4	9	2023	9.86	21.05	0.0	1.1683068048260912
5	9	2023	2.49	17.08	0.0	1.258712306024421
6	9	2023	8.33	24.25	0.0	1.6392652703423558
7	9	2023	7.77	21.29	0.0	1.3508405170196849
8	9	2023	3.43	22.56	0.0	1.6553254517989051
9	9	2023	7.4	23.57	0.0	1.5659827903682138
10	9	2023	6.34	24.66	0.0	1.691973392133021
11	9	2023	6.46	22.08	0.0	1.4343340871707153
12	9	2023	7.92	27.95	0.0	1.871468280255831
13	9	2023	11.62	22.78	0.73	1.0966449450536313
14	9	2023	7.67	20.38	0.0	1.1543824990374485
15	9	2023	5.05	21.85	0.0	1.4420404410472472
16	9	2023	6.41	29.38	0.0	1.972781571928224
17	9	2023	7.72	31.17	0.0	2.184209470463093
18	9	2023	9.7	26.92	0.0	1.7547016608043455
19	9	2023	6.03	18.34	0.0	1.0888068253092271
20	9	2023	5.0	20.65	0.0	1.366669294036721
21	9	2023	3.38	21.71	0.0	1.500604788921056
22	9	2023	4.85	22.45	0.0	1.487944462438355
23	9	2023	10.6	19.84	0.0	0.8135218955385726
24	9	2023	10.73	23.67	0.0	1.2145330621266417
25	9	2023	7.15	26.45	0.0	1.688314553611489
26	9	2023	12.1	29.2	0.0	1.668954668440077
27	9	2023	10.02	23.56	0.0	1.2210453136958088
28	9	2023	5.99	19.75	0.0	1.10302971764395
29	9	2023	2.55	18.8	0.13	1.1845659883092388
30	9	2023	2.47	10.68	13.53	0.5188722967918479
1	10	2023	7.27	9.69	2.76	0.1820843156814966
2	10	2023	6.68	14.32	0.76	0.5913322931540617
3	10	2023	5.35	15.59	0.0	0.7642980365278241
4	10	2023	3.22	14.18	0.85	0.7648888707131173
5	10	2023	-0.52	8.3	0.0	0.5424031327421687
6	10	2023	-4.37	10.96	0.0	0.8187328604267139
7	10	2023	4.3	21.31	0.0	1.1787748521806776
8	10	2023	3.23	22.59	0.0	1.2822932788213877
9	10	2023	3.91	21.7	0.0	1.2021465511286582
10	10	2023	3.27	20.72	0.0	1.1552825436084584
11	10	2023	3.73	16.34	0.0	0.857459380219614
12	10	2023	2.1	10.44	0.0	0.5413580052768547
13	10	2023	-2.0	11.92	0.0	0.7817093632041536
14	10	2023	-0.02	12.16	0.0	0.7284018655117989
15	10	2023	-0.51	15.31	0.0	0.9216835122132048
16	10	2023	1.98	18.68	0.0	1.0421773937420484
17	10	2023	7.54	20.03	0.0	0.9172301861335106
18	10	2023	3.41	15.35	0.0	0.785670547075363
19	10	2023	4.27	21.77	0.0	1.1423786060288277
20	10	2023	4.44	15.09	0.0	0.7159823601248956
21	10	2023	-2.38	11.17	0.0	0.725503029035962
22	10	2023	2.11	10.8	0.0	0.542001542835571
23	10	2023	-3.59	2.24	3.61	0.272810666140281
24	10	2023	-11.09	-3.87	6.68	0.2460844746013839
25	10	2023	-15.19	-5.17	0.0	0.301597430061457
26	10	2023	-12.97	-4.57	0.0	0.2806645272556203
27	10	2023	-8.42	-3.4	0.57	0.2056215339765721
28	10	2023	-10.1	-3.29	0.55	0.259624298059405
29	10	2023	-8.48	-0.83	0.0	0.3173108608869789
30	10	2023	-13.59	-4.23	0.0	0.3013832940284323
31	10	2023	-13.87	1.67	0.0	0.5021684993631306
1	11	2023	-8.88	-0.23	0.0	0.3447891299437113
2	11	2023	-6.77	3.52	0.0	0.4520504868248124
3	11	2023	-5.62	1.04	0.0	0.302057282200472
4	11	2023	-5.58	3.43	1.13	0.4108691697704028
5	11	2023	-0.4	2.86	0.62	0.1802138029012323
6	11	2023	0.39	2.94	0.0	0.1458982211634242
7	11	2023	-0.3	2.63	4.97	0.1539467615758081
8	11	2023	-1.32	3.84	0.29	0.2717507160435867
9	11	2023	-5.25	0.47	0.0	0.2570646999203465
10	11	2023	-7.61	2.28	0.0	0.4027156921775499
11	11	2023	-3.49	7.64	0.0	0.5343552141691371
12	11	2023	-2.38	8.57	0.0	0.5468095873537482
13	11	2023	-3.46	8.8	0.0	0.5832089385154509
14	11	2023	-2.24	7.76	0.0	0.4995961275732425
15	11	2023	-5.04	6.57	0.0	0.5167586722117807
16	11	2023	-9.27	3.16	0.0	0.4595006746122643
17	11	2023	-3.06	11.16	0.0	0.6740388503162107
18	11	2023	-2.56	13.63	0.0	0.7744025454885862
19	11	2023	-1.29	11.61	0.0	0.6483933372636833
20	11	2023	-3.72	5.38	0.0	0.4203218079662809
21	11	2023	-9.19	7.9	0.0	0.6255739669115422
22	11	2023	-9.45	-0.45	0.0	0.3194752562007029
23	11	2023	-17.01	-6.77	0.0	0.2449147616688277
24	11	2023	-12.96	0.57	0.0	0.4076864872077104
25	11	2023	-8.48	0.77	0.0	0.3399861473418623
26	11	2023	-14.64	-4.67	0.31	0.2731787940126485
27	11	2023	-8.32	1.13	0.0	0.3529820459015882
28	11	2023	-4.58	5.45	0.0	0.43208321752195
29	11	2023	-5.67	3.01	0.0	0.3548404794102204
30	11	2023	-9.29	-1.28	0.0	0.2772273174027257
1	12	2023	-14.25	-0.58	0.0	0.3788551844269823
2	12	2023	-11.57	0.65	0.0	0.3837264862511531
3	12	2023	-13.63	0.62	0.0	0.4068239336860319
4	12	2023	-8.32	0.47	4.0	0.30852242817677
5	12	2023	-9.06	7.78	0.0	0.60634721304179
6	12	2023	-3.41	7.28	0.0	0.4785320724656355
7	12	2023	-0.7	3.12	0.5	0.1861149217955132
8	12	2023	-6.58	0.26	0.0	0.2635245047988109
9	12	2023	-9.59	-0.85	0.0	0.2955271701074483
10	12	2023	-7.88	1.16	0.0	0.3313324853721909
11	12	2023	-11.61	-1.83	0.0	0.3005169258143283
12	12	2023	-13.93	0.96	0.0	0.4186941214206716
13	12	2023	-6.65	8.39	0.0	0.5895677723305188
14	12	2023	-4.36	6.47	0.0	0.4553419267437905
15	12	2023	-5.04	4.11	0.0	0.3721291556062561
16	12	2023	-3.84	4.15	0.0	0.3403811692600307
17	12	2023	-10.36	0.99	0.0	0.3680780388883783
18	12	2023	-11.23	2.43	0.0	0.4299386312932576
19	12	2023	-3.77	-0.88	0.0	0.1211766551792649
20	12	2023	-4.88	5.83	0.0	0.4419123980774502
21	12	2023	-6.6	3.52	0.0	0.3882571957525196
22	12	2023	-5.95	9.38	0.0	0.6107186847512427
23	12	2023	-5.48	2.36	0.0	0.3127954452361222
24	12	2023	-12.08	0.16	0.0	0.3676507814314101
25	12	2023	-10.85	4.3	0.0	0.488862963672555
26	12	2023	-9.98	6.77	0.0	0.5659775367365203
27	12	2023	-8.12	5.64	0.0	0.4988380831536401
28	12	2023	-8.58	9.11	0.0	0.6369160378510921
29	12	2023	-8.35	3.46	0.0	0.4207735950824052
30	12	2023	-13.34	0.17	0.0	0.3832253179862899
31	12	2023	-9.94	3.39	0.0	0.4455342140882494
