Day	Month	Year	Tmin(c)	Tmax(c)	Prcp(mm)	Et0(mm)
1	1	2018	-31.06	-13.39	0.0	0.1794095660652474
2	1	2018	-21.89	-5.49	0.0	0.300924431413174
3	1	2018	-15.54	-3.42	0.0	0.308309259009394
4	1	2018	-14.18	-6.5	0.0	0.2027589989567377
5	1	2018	-13.91	-7.11	0.0	0.1812598883014267
6	1	2018	-12.2	0.67	0.0	0.3929302346861409
7	1	2018	-8.4	1.04	0.0	0.340186818999951
8	1	2018	-9.59	-2.27	0.0	0.2466770780757687
9	1	2018	-11.53	-0.87	0.0	0.3346334453182847
10	1	2018	-24.0	-16.09	0.25	0.1160137400727641
11	1	2018	-29.19	-21.79	0.0	0.0745854972620138
12	1	2018	-31.05	-20.48	0.0	0.0982297458206885
13	1	2018	-27.83	-8.69	0.0	0.2530558238003707
14	1	2018	-22.74	-10.81	0.0	0.2027309920391917
15	1	2018	-29.41	-16.01	0.0	0.1479809431919706
16	1	2018	-21.2	-1.55	0.0	0.3978840354654331
17	1	2018	-10.1	4.03	0.27	0.537964959755309
18	1	2018	-7.7	7.57	0.0	0.6883182572758038
19	1	2018	-4.79	4.02	0.0	0.3839523689693707
20	1	2018	-7.81	0.88	0.0	0.3329901213841862
21	1	2018	-11.9	-1.56	0.0	0.3297793435224291
22	1	2018	-11.11	2.89	0.0	0.529318118479075
23	1	2018	-10.45	-0.91	0.0	0.3277332802900607
24	1	2018	-10.73	-3.46	0.0	0.243663050833479
25	1	2018	-9.77	-1.61	0.0	0.2900839539809879
26	1	2018	-12.7	-7.41	1.01	0.1585216726155348
27	1	2018	-21.07	-13.77	0.0	0.1368371131348178
28	1	2018	-23.34	-14.76	0.0	0.1416535524793079
29	1	2018	-23.92	-3.76	0.0	0.3791417533559844
30	1	2018	-12.58	2.49	0.0	0.5841208785391186
31	1	2018	-23.23	-14.28	0.0	0.1523223908439514
1	2	2018	-27.15	-15.79	0.0	0.15382450242901
2	2	2018	-22.26	-17.76	3.02	0.0733567652723841
3	2	2018	-27.24	-20.81	1.13	0.081800298110632
4	2	2018	-28.55	-16.64	0.0	0.1495412548312535
5	2	2018	-26.38	-15.68	0.0	0.1551483100275468
6	2	2018	-27.52	-17.21	0.0	0.1381580106842161
7	2	2018	-28.19	-14.73	0.0	0.1790195168715656
8	2	2018	-26.97	-17.13	0.0	0.1375067499846287
9	2	2018	-28.27	-15.99	0.0	0.161835190451976
10	2	2018	-20.74	-9.83	0.0	0.239198689839796
11	2	2018	-27.79	-16.33	0.0	0.1561597911109545
12	2	2018	-31.98	-12.87	0.0	0.2127823167771596
13	2	2018	-18.82	1.72	0.0	0.6464093784522409
14	2	2018	-14.67	1.05	1.08	0.6477125705358951
15	2	2018	-28.28	-13.44	0.0	0.2093625460020411
16	2	2018	-21.37	-4.92	0.0	0.4310590984648624
17	2	2018	-19.09	-10.66	0.0	0.2049297606778255
18	2	2018	-22.68	-12.62	0.0	0.2007397990446341
19	2	2018	-27.83	-13.83	0.0	0.2101533524377056
20	2	2018	-23.76	-12.06	0.0	0.235826500098207
21	2	2018	-30.07	-10.65	0.0	0.2793150976306889
22	2	2018	-24.68	-8.15	0.0	0.3558717877950516
23	2	2018	-20.46	-6.65	0.0	0.402141689527218
24	2	2018	-16.98	-1.66	0.0	0.5972160209612822
25	2	2018	-16.18	-1.6	0.0	0.602618661542238
26	2	2018	-15.36	-4.43	0.0	0.4576284991173091
27	2	2018	-15.24	-1.63	0.0	0.6074235420868994
28	2	2018	-13.62	0.7	0.0	0.7308459665849091
1	3	2018	-17.47	-2.58	0.0	0.5879298170379766
2	3	2018	-14.6	-4.45	0.0	0.4676541678693827
3	3	2018	-8.69	-4.46	4.87	0.1717101612994072
4	3	2018	-10.79	-5.27	6.8	0.204753051896109
5	3	2018	-13.62	-8.61	0.59	0.1749494608200238
6	3	2018	-16.91	-7.0	0.0	0.3686002916051499
7	3	2018	-23.64	-6.83	0.0	0.4289070936956849
8	3	2018	-24.15	-8.44	0.0	0.3814122172616223
9	3	2018	-14.73	-2.31	0.0	0.6015285631190457
10	3	2018	-11.99	-1.47	0.0	0.6101040090050909
11	3	2018	-14.35	2.26	0.0	0.8545420680349677
12	3	2018	-15.97	-1.09	0.0	0.6912834896160324
13	3	2018	-15.88	1.52	0.0	0.8214434348695127
14	3	2018	-15.83	-1.03	0.0	0.70759754064816
15	3	2018	-11.96	-3.42	0.0	0.5031494253227119
16	3	2018	-8.26	1.89	0.0	0.8244865693681911
17	3	2018	-4.73	0.22	0.68	0.4201425353511151
18	3	2018	-6.46	0.95	0.15	0.6724917549990461
19	3	2018	-8.69	-0.59	0.0	0.649029813572092
20	3	2018	-7.6	1.64	0.0	0.8239339902892237
21	3	2018	-10.31	2.49	0.0	0.9657722415789164
22	3	2018	-9.48	0.52	0.0	0.8119797131631926
23	3	2018	-4.36	0.14	3.99	0.2977425838233062
24	3	2018	-8.16	3.0	0.0	0.9897236253769114
25	3	2018	-6.7	1.73	0.0	0.8509033535483025
26	3	2018	-8.37	4.06	0.0	1.113447343198915
27	3	2018	-10.12	3.16	0.0	1.0683136484169056
28	3	2018	-14.38	-3.38	0.49	0.6910800532488459
29	3	2018	-20.34	-8.44	0.61	0.4763409199154559
30	3	2018	-24.04	-12.29	0.0	0.3509202815773107
31	3	2018	-22.0	-9.53	0.0	0.4556702127846909
1	4	2018	-18.6	-5.4	0.0	0.6362042342557038
2	4	2018	-20.45	-5.54	0.0	0.6241888828550642
3	4	2018	-16.74	-3.89	0.0	0.7129342202992288
4	4	2018	-18.3	-2.69	0.0	0.766235698300183
5	4	2018	-18.46	-8.74	0.0	0.4638126912303168
6	4	2018	-22.62	-8.97	0.0	0.4917157273991488
7	4	2018	-21.51	-5.37	0.0	0.6414082861932359
8	4	2018	-13.67	-2.92	0.23	0.7745984595574023
9	4	2018	-8.86	0.62	0.0	0.9585521052927848
10	4	2018	-10.77	6.22	0.32	1.2816619962607243
11	4	2018	-3.57	1.01	1.42	0.6308502015350295
12	4	2018	-5.89	-0.83	0.0	0.6098830303775311
13	4	2018	-6.63	0.47	0.0	0.8824101047285736
14	4	2018	-4.48	5.88	0.0	1.3370264540343668
15	4	2018	-4.03	7.56	0.0	1.4468507955188168
16	4	2018	-1.97	4.07	1.95	1.0193344198031875
17	4	2018	-2.02	1.35	6.04	0.3069784087116862
18	4	2018	-4.76	8.68	0.0	1.5270140142935358
19	4	2018	-2.27	11.07	0.0	1.685402190738391
20	4	2018	-0.73	16.7	0.0	2.0402917702815553
21	4	2018	1.13	18.53	0.0	2.171595625368498
22	4	2018	2.72	13.42	0.0	1.8135118685346263
23	4	2018	-0.38	13.09	0.0	1.821480916230585
24	4	2018	-1.23	19.78	0.0	2.2144658083699023
25	4	2018	2.96	17.21	0.0	2.026848953334158
26	4	2018	-0.65	21.53	0.0	2.248164416589898
27	4	2018	-0.69	15.52	0.0	1.9124667909645845
28	4	2018	0.9	25.76	0.0	2.5080836148318606
29	4	2018	5.85	20.45	0.0	2.237011798198962
30	4	2018	0.25	11.27	0.0	1.6249207667537902
1	5	2018	-3.08	16.17	0.0	1.9346331635475935
2	5	2018	1.66	17.84	0.0	2.0814328327257807
3	5	2018	5.56	21.22	0.0	2.30955266308502
4	5	2018	3.88	23.66	0.0	2.4690178913668572
5	5	2018	4.52	24.37	0.0	2.517552836843278
6	5	2018	4.29	27.02	0.0	2.674599723584043
7	5	2018	10.86	26.53	0.0	2.6476170978085243
8	5	2018	7.74	17.19	5.31	1.731277345869888
9	5	2018	2.3	13.16	0.0	1.7419619308967744
10	5	2018	1.16	11.07	3.1	1.2855940162658723
11	5	2018	4.19	10.88	2.57	0.8954116237999762
12	5	2018	2.31	18.56	0.0	2.1545812836298155
13	5	2018	6.33	26.11	0.0	2.664783961173235
14	5	2018	3.42	24.1	0.0	2.5201504710401723
15	5	2018	11.09	31.47	0.0	3.0113262976757373
16	5	2018	9.11	26.72	0.0	2.6893275710748825
17	5	2018	7.05	14.01	2.43	0.9768202157777324
18	5	2018	3.81	18.06	0.0	2.0921428226227774
19	5	2018	2.59	21.62	0.0	2.3566313370405427
20	5	2018	2.87	24.59	0.0	2.5543910834757355
21	5	2018	9.98	29.86	0.0	2.9172267206930873
22	5	2018	10.81	26.93	0.0	2.68556862528765
23	5	2018	9.32	29.12	6.8	2.626288080411492
24	5	2018	12.16	25.28	4.61	2.098900093488049
25	5	2018	10.79	26.37	0.0	2.6509307970222156
26	5	2018	10.15	29.42	2.6	2.603886152851037
27	5	2018	10.22	25.21	0.0	2.5708436109430854
28	5	2018	9.09	29.75	0.0	2.943655476496383
29	5	2018	12.93	27.39	0.0	2.6982414070601375
30	5	2018	10.44	23.55	6.32	1.9211955947467068
31	5	2018	8.82	13.96	0.0	0.6863069131674442
1	6	2018	8.44	14.09	7.51	0.562336824066644
2	6	2018	6.85	17.37	0.0	1.6628088937486092
3	6	2018	7.19	23.54	0.0	2.544340644310257
4	6	2018	9.45	26.99	2.2	2.428788482112641
5	6	2018	9.22	20.65	0.0	2.077385886214014
6	6	2018	6.35	26.77	0.0	2.7948162207713803
7	6	2018	8.42	26.89	0.0	2.7956089312712966
8	6	2018	12.97	22.97	0.0	2.0291609755626197
9	6	2018	12.91	29.39	0.0	2.923462733537307
10	6	2018	13.8	25.1	0.0	2.299910891590911
11	6	2018	6.63	18.61	0.0	1.9627580748297504
12	6	2018	7.24	21.47	0.0	2.3308757171137535
13	6	2018	6.87	25.69	0.0	2.7258889357923075
14	6	2018	8.84	23.25	1.93	2.4919967752192997
15	6	2018	8.81	23.36	0.0	2.4903827779275227
16	6	2018	7.3	21.19	0.0	2.289193167512644
17	6	2018	8.29	25.33	0.0	2.6917552684724004
18	6	2018	8.61	27.28	0.0	2.836863310047972
19	6	2018	10.53	26.77	0.0	2.779997450462489
20	6	2018	10.7	29.24	0.0	2.9703497616481394
21	6	2018	12.23	29.27	0.0	2.950438287779763
22	6	2018	13.79	28.11	0.0	2.8195827680798597
23	6	2018	12.98	26.64	16.31	2.2583506137971425
24	6	2018	15.2	26.09	0.0	2.181810347476676
25	6	2018	14.15	29.08	0.0	2.781901802502782
26	6	2018	12.2	24.96	0.0	2.3510958340343664
27	6	2018	7.22	25.29	0.0	2.666064252051097
28	6	2018	7.71	24.42	0.0	2.5654164848513887
29	6	2018	10.72	23.12	0.0	2.215879659175172
30	6	2018	11.8	24.53	6.53	1.8625033186655904
1	7	2018	10.87	20.09	4.74	1.200371261671485
2	7	2018	8.85	22.74	3.32	1.7429601414037674
3	7	2018	6.37	21.26	9.4	1.7055916375439146
4	7	2018	10.24	18.64	6.47	0.924267062626001
5	7	2018	8.2	24.7	0.0	2.2857919940657907
6	7	2018	13.8	32.74	0.0	2.8787390765159757
7	7	2018	14.36	30.22	0.0	2.560287721342641
8	7	2018	10.41	24.25	0.0	2.073630552330094
9	7	2018	8.89	27.34	3.35	2.0786247682073236
10	7	2018	13.34	28.68	5.85	1.92639273595908
11	7	2018	14.57	24.98	0.39	1.6316516982753488
12	7	2018	14.24	29.0	0.0	2.3053177427144087
13	7	2018	13.36	31.86	0.0	2.703201219089522
14	7	2018	12.33	21.52	0.0	1.3237521864354436
15	7	2018	8.74	24.89	0.0	2.182626385257352
16	7	2018	6.31	25.44	0.0	2.3429878334485847
17	7	2018	9.67	33.65	0.0	2.9949586781037785
18	7	2018	15.95	31.53	0.0	2.5130967843747665
19	7	2018	14.02	27.89	0.0	2.1870129480201066
20	7	2018	12.18	28.9	0.0	2.458968780102586
21	7	2018	15.43	26.33	0.0	1.7679172913558678
22	7	2018	11.67	23.03	0.0	1.6981716161038154
23	7	2018	9.86	23.25	0.0	1.908244447990616
24	7	2018	8.54	22.98	0.0	1.9634521987529852
25	7	2018	9.02	21.54	0.0	1.7286622564068337
26	7	2018	6.88	23.07	0.0	2.0585488205808105
27	7	2018	8.61	24.16	0.0	2.0824699431447957
28	7	2018	8.93	26.91	0.0	2.3548856987693987
29	7	2018	8.83	29.45	0.0	2.5782708535219223
30	7	2018	11.83	32.05	0.0	2.700644500757373
31	7	2018	11.79	24.09	0.0	1.7389651737725116
1	8	2018	7.73	27.28	0.34	2.3684549665177785
2	8	2018	14.7	30.37	4.06	1.865163976033427
3	8	2018	13.45	28.7	2.66	1.7290002329485494
4	8	2018	12.93	23.12	2.34	1.041722051851302
5	8	2018	12.87	23.23	6.17	1.0604448227669112
6	8	2018	10.84	29.07	0.0	2.2697822380806914
7	8	2018	12.79	30.78	0.0	2.3564522443517077
8	8	2018	11.56	29.65	0.0	2.2965758004777874
9	8	2018	12.79	33.25	0.0	2.5908752291799075
10	8	2018	13.89	38.23	0.0	2.958624787180547
11	8	2018	14.77	34.83	0.0	2.6144551759621746
12	8	2018	12.88	23.04	0.0	1.2601024563288
13	8	2018	8.11	17.14	0.0	0.9256977602272992
14	8	2018	3.74	27.33	0.0	2.277036021114919
15	8	2018	10.94	28.9	0.0	2.1766668994923974
16	8	2018	9.77	27.3	0.0	2.086518762255067
17	8	2018	10.48	31.8	0.0	2.463786546777126
18	8	2018	10.79	24.88	0.19	1.704182463850997
19	8	2018	4.26	23.72	0.0	1.9293486976683007
20	8	2018	5.22	23.1	0.0	1.8199635811796488
21	8	2018	5.25	27.0	0.0	2.1420289777401154
22	8	2018	9.94	30.27	0.0	2.298042224234357
23	8	2018	8.46	27.89	0.0	2.1500791220203888
24	8	2018	8.05	22.32	0.0	1.5630586844762644
25	8	2018	7.14	18.85	0.0	1.2126202113097078
26	8	2018	7.19	16.77	4.01	0.7898368704634785
27	8	2018	8.18	13.75	6.62	0.4733154411091358
28	8	2018	7.01	17.85	0.0	1.0415686226056304
29	8	2018	6.27	26.77	0.0	2.0624112517132134
30	8	2018	9.99	22.58	0.8	1.3905195226293152
31	8	2018	7.24	19.93	0.0	1.3360981873447593
1	9	2018	6.53	20.55	0.0	1.4537375365994152
2	9	2018	3.68	20.23	0.0	1.5642765995614625
3	9	2018	5.09	21.84	0.0	1.6500247838096649
4	9	2018	2.63	14.68	0.0	1.030525520480032
5	9	2018	-0.64	21.51	0.0	1.741900164765377
6	9	2018	2.84	24.15	0.0	1.8701604259005056
7	9	2018	6.35	24.09	0.0	1.7443507271592449
8	9	2018	11.16	26.0	0.0	1.6488908612039683
9	9	2018	8.25	21.74	0.0	1.3754328624012264
10	9	2018	3.52	20.99	0.0	1.5537754322799535
11	9	2018	5.72	16.93	0.0	0.9861935627558526
12	9	2018	4.2	14.32	1.72	0.805227881579093
13	9	2018	3.77	12.6	0.65	0.6947803266201393
14	9	2018	2.17	9.37	0.0	0.5382161538600948
15	9	2018	4.95	11.87	5.41	0.5119855626215472
16	9	2018	6.23	9.63	10.1	0.2646099600635157
17	9	2018	3.85	12.64	0.73	0.6994341710215678
18	9	2018	3.74	11.11	0.0	0.585284329235325
19	9	2018	1.97	14.94	0.0	0.9634536616261048
20	9	2018	3.05	11.62	0.0	0.6678953869384598
21	9	2018	0.56	6.88	3.36	0.4105701518131833
22	9	2018	-0.75	1.07	9.13	0.1179095834151505
23	9	2018	-0.61	2.97	0.02	0.2483890246407042
24	9	2018	-0.27	11.8	0.49	0.8385956059349486
25	9	2018	1.06	13.21	0.72	0.8742055776070121
26	9	2018	2.76	16.1	0.0	0.995121838374866
27	9	2018	-2.02	8.41	0.0	0.668805209170129
28	9	2018	-4.27	7.98	0.0	0.7169934577969636
29	9	2018	-2.95	7.18	0.0	0.6244878634304031
30	9	2018	-7.59	4.13	0.09	0.615550022576174
1	10	2018	-2.53	4.8	1.09	0.4560069023110842
2	10	2018	-1.66	3.38	1.47	0.3231308398267452
3	10	2018	-2.74	5.79	0.0	0.5274279031105301
4	10	2018	-6.11	5.56	0.0	0.6205832611493513
5	10	2018	-2.99	7.72	0.0	0.6475666203364339
6	10	2018	-5.11	11.49	0.0	0.9361298714337766
7	10	2018	-3.13	13.09	0.0	0.9884723460756888
8	10	2018	-2.81	1.07	0.0	0.2355908654291492
9	10	2018	-4.81	1.71	0.0	0.3659897595656243
10	10	2018	-8.43	4.35	0.0	0.5995852276635864
11	10	2018	-9.43	6.4	0.0	0.7111709573427236
12	10	2018	-5.18	6.83	9.11	0.5878092757296288
13	10	2018	-5.26	-0.95	0.0	0.2285903018598975
14	10	2018	-9.09	3.53	0.0	0.5586998168780997
15	10	2018	-1.52	13.1	0.0	0.8622869367320128
16	10	2018	-1.64	10.08	0.0	0.6914369590085646
17	10	2018	-1.69	20.59	0.0	1.2724373594925211
18	10	2018	1.88	19.29	0.0	1.118346095497193
19	10	2018	-3.6	12.9	0.0	0.8640198691648202
20	10	2018	-8.3	15.41	0.0	1.020366657223054
21	10	2018	-1.47	13.88	0.0	0.8555962450525603
22	10	2018	-6.05	10.5	0.0	0.7719305306106823
23	10	2018	-5.06	15.35	0.0	0.9754088640907768
24	10	2018	-1.79	18.15	0.0	1.05893692595501
25	10	2018	-1.04	14.79	0.0	0.8659086282987463
26	10	2018	-2.76	10.96	0.0	0.7057175345364242
27	10	2018	-1.47	12.73	0.0	0.7593644470087392
28	10	2018	-5.13	9.33	0.0	0.6727406838750704
29	10	2018	0.85	9.38	0.0	0.4888262851110114
30	10	2018	-1.79	6.74	0.0	0.4427888279761884
31	10	2018	-3.03	9.73	0.0	0.6328947717176491
1	11	2018	-2.96	4.37	0.57	0.3578102208052239
2	11	2018	-2.66	-0.2	2.15	0.1141959390234402
3	11	2018	-4.68	1.33	0.0	0.2694837389589391
4	11	2018	-2.31	3.37	3.69	0.2664430685171504
5	11	2018	-8.03	-0.45	1.6	0.3015210892780693
6	11	2018	-12.5	-8.3	0.0	0.1293324238392854
7	11	2018	-13.16	-9.64	0.0	0.1033072769797488
8	11	2018	-18.44	-9.72	0.0	0.1986767705928497
9	11	2018	-21.94	-5.04	1.75	0.3361028952921168
10	11	2018	-9.89	-4.79	0.33	0.1786289596345844
11	11	2018	-11.73	-7.22	0.0	0.1422356899871714
12	11	2018	-15.19	-5.46	0.0	0.2660077005384779
13	11	2018	-9.07	3.73	0.0	0.4817342014897254
14	11	2018	-3.01	4.81	0.0	0.3740763172527203
15	11	2018	-2.74	3.01	0.0	0.2759164108429066
16	11	2018	-18.27	-6.15	0.0	0.2809261814978416
17	11	2018	-20.23	-6.45	0.0	0.2879498039236888
18	11	2018	-12.19	-6.99	0.28	0.1586955186498543
19	11	2018	-15.06	0.91	0.0	0.4490637498128257
20	11	2018	-5.95	1.72	0.0	0.3229296501016152
21	11	2018	-5.82	0.66	0.0	0.2728721185481093
22	11	2018	-3.05	5.48	0.0	0.3981117193908302
23	11	2018	-5.15	3.09	0.0	0.3530243577723688
24	11	2018	-8.06	-5.36	0.0	0.0987377290415061
25	11	2018	-8.6	-5.64	0.0	0.105687771778906
26	11	2018	-8.33	-4.3	0.0	0.1472311707914365
27	11	2018	-5.73	-2.16	0.0	0.1477248985505175
28	11	2018	-7.01	-3.91	0.0	0.1201230360432332
29	11	2018	-6.08	-1.21	0.0	0.1988731042384112
30	11	2018	-7.8	-3.52	0.0	0.1609258696001168
1	12	2018	-7.6	-4.77	1.88	0.1089682082626764
2	12	2018	-9.21	-4.4	0.0	0.1724428348637476
3	12	2018	-12.93	-4.96	0.0	0.2378326994050538
4	12	2018	-13.3	-6.55	0.64	0.1958823462693468
5	12	2018	-15.27	-6.95	0.36	0.2173715792327381
6	12	2018	-15.32	-8.33	0.0	0.1804900161384178
7	12	2018	-18.8	-7.96	0.0	0.2326020146189833
8	12	2018	-18.36	-7.41	0.0	0.2407601062851313
9	12	2018	-14.97	-3.15	0.0	0.3156299885640051
10	12	2018	-14.74	0.47	0.0	0.415292574312907
11	12	2018	-8.77	0.6	0.0	0.3370582693634817
12	12	2018	-5.88	0.6	0.0	0.2647498346294538
13	12	2018	-9.95	2.3	0.0	0.4180796134002292
14	12	2018	-8.54	4.59	0.0	0.4777948931958168
15	12	2018	-2.8	4.63	0.0	0.3435860144282461
16	12	2018	-12.2	-4.03	0.0	0.2463652517983293
17	12	2018	-8.44	4.45	0.0	0.4705996170574789
18	12	2018	-5.48	4.39	0.0	0.4084955462311695
19	12	2018	-4.19	2.02	0.0	0.271905516895937
20	12	2018	-8.34	1.94	0.0	0.375943752564802
21	12	2018	-4.23	3.32	0.0	0.3248567499073022
22	12	2018	-8.37	-4.23	0.0	0.1461998676640433
23	12	2018	-15.76	-5.8	1.47	0.250206066614585
24	12	2018	-16.27	-9.27	0.89	0.1674471048046613
25	12	2018	-17.22	-9.82	0.0	0.1678637098770853
26	12	2018	-15.23	-7.36	0.0	0.2009592082725669
27	12	2018	-21.37	-9.49	0.74	0.2166509649942253
28	12	2018	-21.32	-5.46	0.0	0.2998136777096224
29	12	2018	-13.01	-4.03	1.33	0.2589178903302313
30	12	2018	-19.85	-11.08	0.51	0.1707920822373403
31	12	2018	-28.21	-16.66	0.0	0.132892887265611
1	1	2019	-25.61	-2.2	0.49	0.3691223049578375
2	1	2019	-10.3	3.88	0.0	0.4753448523545364
3	1	2019	-5.58	3.49	0.0	0.3685208082190541
4	1	2019	-8.37	1.41	0.0	0.3527705638546122
5	1	2019	-7.35	-3.02	0.0	0.1585417217383715
6	1	2019	-6.48	0.82	0.0	0.2845352670841059
7	1	2019	-13.6	-2.49	0.54	0.3138440036404926
8	1	2019	-21.21	-15.0	0.0	0.1069201709321604
9	1	2019	-23.17	-9.26	0.41	0.2325447642617088
10	1	2019	-14.91	-8.08	0.0	0.1745869662116374
11	1	2019	-16.77	-9.69	0.0	0.1632003602743661
12	1	2019	-14.49	-1.32	0.0	0.3641052575450355
13	1	2019	-12.2	-1.25	0.0	0.3372212094451392
14	1	2019	-11.06	-1.87	0.0	0.2978329016509893
15	1	2019	-18.91	-5.52	0.0	0.2931747201439755
16	1	2019	-19.85	-14.29	0.36	0.1059470942500144
17	1	2019	-25.7	-16.56	0.0	0.1247125265561817
18	1	2019	-28.67	-18.6	0.0	0.113115835812248
19	1	2019	-22.93	-16.02	1.42	0.1109317030142588
20	1	2019	-19.39	-11.28	0.0	0.1669666333081165
21	1	2019	-17.94	-6.86	0.0	0.2569266998470021
22	1	2019	-16.33	-3.02	0.0	0.3477380336174457
23	1	2019	-22.06	-5.82	0.0	0.3102367026627344
24	1	2019	-28.86	-10.87	0.0	0.2262506699881855
25	1	2019	-22.16	-5.87	0.0	0.3115467913783853
26	1	2019	-13.68	-1.6	1.77	0.3886489050917318
27	1	2019	-8.92	3.63	2.39	0.4768731156983042
28	1	2019	-22.38	-11.45	0.0	0.1986351709978549
29	1	2019	-30.06	-21.67	0.0	0.0867438648767943
30	1	2019	-25.34	-13.34	0.42	0.1834188778442243
31	1	2019	-16.91	-2.14	0.0	0.4352015977433729
1	2	2019	-19.07	-9.36	0.0	0.2197832581389014
2	2	2019	-22.63	-16.78	0.38	0.1013989581065617
3	2	2019	-25.92	-22.58	0.0	0.0445185765815685
4	2	2019	-25.7	-22.05	1.64	0.0500705456097374
5	2	2019	-32.3	-22.42	0.0	0.0924957233448915
6	2	2019	-35.92	-25.94	0.0	0.0706457645257963
7	2	2019	-37.2	-24.76	0.0	0.0827120415331171
8	2	2019	-37.14	-25.4	0.0	0.0781020910693214
9	2	2019	-33.76	-23.56	0.0	0.0872721102268596
10	2	2019	-32.52	-21.58	0.0	0.1046933746490286
11	2	2019	-28.31	-17.04	1.66	0.1491163279845399
12	2	2019	-31.41	-20.36	0.0	0.116840278022163
13	2	2019	-28.25	-20.6	0.0	0.0982232635905728
14	2	2019	-32.49	-19.97	0.0	0.1259856325521671
15	2	2019	-32.99	-18.25	1.09	0.1471510046412593
16	2	2019	-21.49	-13.93	2.49	0.1454222999195925
17	2	2019	-19.93	-14.26	0.3	0.1282001382560064
18	2	2019	-26.47	-17.55	0.0	0.1366405988959176
19	2	2019	-28.98	-11.67	0.0	0.258711582577746
20	2	2019	-23.72	-9.47	1.21	0.3164519942419203
21	2	2019	-24.32	-12.43	0.0	0.235501279768001
22	2	2019	-27.01	-11.78	0.0	0.2658309283587743
23	2	2019	-23.36	-13.98	0.0	0.1892099982640591
24	2	2019	-31.03	-21.24	0.0	0.1134500109685428
25	2	2019	-33.22	-18.77	0.0	0.150748028543226
26	2	2019	-29.74	-16.73	0.0	0.17821917604948
27	2	2019	-21.29	-8.34	0.0	0.380477945817713
28	2	2019	-17.77	-8.83	0.0	0.3234928141591704
1	3	2019	-26.47	-16.72	0.0	0.1649986919733624
2	3	2019	-32.76	-21.42	0.35	0.1225585614523078
3	3	2019	-25.84	-16.17	0.0	0.18001845546564
4	3	2019	-21.23	-10.9	0.0	0.3089609105539258
5	3	2019	-18.03	-8.64	0.0	0.3635503704801209
6	3	2019	-25.36	-13.27	0.0	0.2649706257853736
7	3	2019	-24.73	-8.74	0.0	0.3990328288750613
8	3	2019	-16.59	-5.36	0.0	0.520932876200527
9	3	2019	-15.43	-5.33	0.0	0.5136508649504288
10	3	2019	-21.6	-6.77	0.0	0.487156930846791
11	3	2019	-17.0	0.94	0.0	0.826071897640259
12	3	2019	-4.13	3.36	0.0	0.8528547120601029
13	3	2019	-4.86	2.72	0.0	0.8412623733233977
14	3	2019	-9.47	1.25	0.0	0.8891277713779379
15	3	2019	-11.8	2.48	0.0	0.9846939072766124
16	3	2019	-8.77	3.33	0.0	1.047417999961431
17	3	2019	-10.54	4.16	0.0	1.076280162967725
18	3	2019	-3.46	4.82	0.0	1.054701760960106
19	3	2019	-3.63	8.98	0.0	1.364257344331422
20	3	2019	-2.41	12.72	0.0	1.573713438095261
21	3	2019	-1.82	11.58	0.0	1.5221875052767384
22	3	2019	-2.29	13.6	0.0	1.6340069243311317
23	3	2019	-2.15	12.6	0.0	1.5864244080481444
24	3	2019	-5.33	2.75	0.0	0.9680700504945008
25	3	2019	-7.67	4.34	0.0	1.1364484231102523
26	3	2019	-0.87	16.45	0.0	1.8235751995671152
27	3	2019	-1.33	5.66	0.0	1.0985301420807754
28	3	2019	-6.03	7.09	0.0	1.2981096933136436
29	3	2019	-4.9	4.5	0.0	1.1577729716662817
30	3	2019	-6.46	13.33	0.0	1.6116778049548344
31	3	2019	-4.55	4.95	0.0	1.184287269348152
1	4	2019	-3.97	8.98	1.02	1.4254143544403646
2	4	2019	-6.41	3.98	0.73	1.1446052930800432
3	4	2019	-8.4	10.84	0.2	1.481453044151047
4	4	2019	-1.18	13.02	0.0	1.6785875238869288
5	4	2019	-4.06	8.3	0.0	1.396997110251836
6	4	2019	0.81	7.8	1.3	1.235095291485389
7	4	2019	0.25	16.88	0.0	1.8796356439726416
8	4	2019	-2.6	16.5	0.0	1.8304154084271236
9	4	2019	-4.61	9.04	0.0	1.4149704329637982
10	4	2019	-5.89	8.43	0.0	1.3816826929968202
11	4	2019	-7.39	8.03	0.0	1.3502495070733975
12	4	2019	-8.31	9.74	0.0	1.4245607256605926
13	4	2019	-5.05	15.08	0.0	1.7421950325970146
14	4	2019	3.36	16.09	0.0	1.8507104788218551
15	4	2019	-0.54	13.76	0.0	1.7188448574238695
16	4	2019	-4.3	13.46	0.0	1.6832791447302655
17	4	2019	0.14	14.67	0.0	1.781149570765901
18	4	2019	-0.48	17.29	0.0	1.94290428834609
19	4	2019	5.53	21.18	0.0	2.204663755579696
20	4	2019	3.95	17.57	0.0	1.9698662445965704
21	4	2019	-1.39	14.69	0.0	1.797062986904396
22	4	2019	-1.77	21.02	0.0	2.155758978354313
23	4	2019	7.56	20.51	0.0	2.144591309521015
24	4	2019	0.82	17.61	0.0	1.9932664613436448
25	4	2019	-1.85	12.52	0.0	1.6703052506509333
26	4	2019	-4.67	11.43	0.0	1.5954730203465897
27	4	2019	-1.57	10.74	4.89	1.443112897726169
28	4	2019	-4.45	2.81	2.74	0.801702391786035
29	4	2019	-8.76	6.42	0.0	1.3016325398874802
30	4	2019	-4.45	9.69	1.61	1.5080530865398762
1	5	2019	-6.56	9.58	0.1	1.548101745875978
2	5	2019	-2.57	11.81	0.0	1.6455225066324777
3	5	2019	-5.07	11.53	0.0	1.6265474767490282
4	5	2019	-4.29	8.69	0.0	1.4560687370779417
5	5	2019	-7.08	6.04	0.0	1.2993082665112732
6	5	2019	-6.9	11.67	0.0	1.622684515327967
7	5	2019	-0.05	15.0	0.0	1.870052358453624
8	5	2019	-4.82	12.29	0.0	1.6887499348125865
9	5	2019	0.09	14.4	0.0	1.8358193658159745
10	5	2019	3.02	18.11	1.44	2.0877059057197456
11	5	2019	2.54	15.68	0.0	1.9151432954809449
12	5	2019	2.07	23.81	0.0	2.4747270025222186
13	5	2019	4.79	21.06	0.0	2.3065991471650813
14	5	2019	1.99	21.87	0.0	2.360725483054579
15	5	2019	5.58	19.44	0.0	2.1749765412334994
16	5	2019	-0.72	15.13	0.0	1.9121450791111176
17	5	2019	-0.03	16.76	0.0	2.025393770581518
18	5	2019	0.7	14.66	0.0	1.878988384308865
19	5	2019	-2.39	15.84	0.0	1.9624055255945625
20	5	2019	-0.41	19.03	0.0	2.18168341846607
21	5	2019	1.68	20.95	0.0	2.3220696985016747
22	5	2019	4.1	23.49	0.0	2.5077809391439665
23	5	2019	4.1	23.92	0.0	2.536191641469181
24	5	2019	4.93	22.76	0.0	2.4576281999113823
25	5	2019	4.59	14.6	1.99	1.8081432215690605
26	5	2019	0.12	18.56	0.0	2.1701344765173705
27	5	2019	1.7	21.76	0.0	2.3898249995147043
28	5	2019	6.52	27.38	0.0	2.778628985245872
29	5	2019	10.72	30.25	0.0	2.9614700963722496
30	5	2019	11.09	32.5	0.0	3.115435339251377
31	5	2019	5.3	20.71	0.0	2.2942428381725906
1	6	2019	5.5	24.34	0.0	2.5683292528110533
2	6	2019	10.14	32.5	0.0	3.122814130493013
3	6	2019	9.26	34.16	0.0	3.225257657962195
4	6	2019	11.77	24.91	0.0	2.4888222975682464
5	6	2019	10.11	24.85	0.0	2.539538436049802
6	6	2019	12.68	26.08	0.0	2.5731335223852345
7	6	2019	9.47	22.54	0.0	2.3606250304729253
8	6	2019	3.76	17.18	0.0	2.036232193082127
9	6	2019	4.04	19.57	0.0	2.226587607302624
10	6	2019	3.33	23.99	0.0	2.5525381970244267
11	6	2019	7.02	21.12	1.32	2.304983704771879
12	6	2019	5.97	23.98	0.78	2.552129870747738
13	6	2019	8.22	28.96	0.93	2.904912723797172
14	6	2019	11.4	23.17	0.38	2.3594410337206955
15	6	2019	9.96	18.57	2.82	1.8502267209612864
16	6	2019	8.56	17.21	0.0	1.909114479890908
17	6	2019	5.68	22.23	0.0	2.433662322830949
18	6	2019	7.84	26.3	0.0	2.7270667470320933
19	6	2019	10.27	22.76	25.94	2.19843929231358
20	6	2019	8.37	14.78	7.78	0.8433023949554771
21	6	2019	6.3	16.83	19.02	1.3813677761417522
22	6	2019	11.14	15.54	9.77	0.4699308337115627
23	6	2019	9.99	21.96	0.0	1.910444937241232
24	6	2019	9.3	20.95	1.97	1.8172538487953225
25	6	2019	9.5	21.21	1.9	1.8343157397042045
26	6	2019	8.3	23.65	0.0	2.2674937201031033
27	6	2019	11.17	25.19	10.86	1.8395114900333844
28	6	2019	13.94	23.61	2.45	1.2351086454075306
29	6	2019	13.76	25.16	0.0	1.9315881058544684
30	6	2019	9.75	22.28	0.0	1.9199113402099757
1	7	2019	9.26	27.36	4.58	2.122128709767718
2	7	2019	5.84	20.24	0.0	1.9377263328236505
3	7	2019	8.56	20.33	0.0	1.7666842274181924
4	7	2019	8.22	20.85	0.0	1.871012844492647
5	7	2019	11.07	20.58	0.0	1.5191507263251838
6	7	2019	11.87	25.1	0.0	2.171390909277957
7	7	2019	13.67	28.05	0.0	2.4187546445658463
8	7	2019	14.0	24.01	0.0	1.7417704816629476
9	7	2019	11.87	22.84	0.0	1.8277750606426793
10	7	2019	9.56	25.99	0.0	2.4351703880562883
11	7	2019	14.4	24.8	0.0	1.853901706032653
12	7	2019	10.51	24.3	0.0	2.189146888375569
13	7	2019	12.23	29.36	15.85	2.1811252609528147
14	7	2019	14.63	27.46	17.96	1.6881797509777945
15	7	2019	13.21	24.78	0.0	1.7641283272647617
16	7	2019	11.3	20.04	14.83	0.9771207075401598
17	7	2019	12.42	22.8	3.78	1.173690502078795
18	7	2019	11.37	25.19	2.31	1.527794444162326
19	7	2019	9.71	17.76	3.05	0.8814385811640636
20	7	2019	10.58	22.47	0.0	1.5954224421656984
21	7	2019	11.08	24.46	0.0	1.804157166663779
22	7	2019	10.69	26.93	0.0	2.0929635366505903
23	7	2019	13.89	29.14	0.0	2.1036368449441
24	7	2019	15.36	29.48	6.94	1.5939573253050314
25	7	2019	11.39	19.48	5.69	0.8870033813137579
26	7	2019	12.58	25.09	0.0	1.6422920426835586
27	7	2019	11.97	31.42	0.0	2.3860602391015164
28	7	2019	9.49	20.88	0.0	1.3747620672600096
29	7	2019	5.48	24.04	0.0	1.9709183309654388
30	7	2019	11.17	29.16	0.0	2.1897955429805713
31	7	2019	12.6	26.18	0.0	1.7524137956944157
1	8	2019	13.98	32.27	0.0	2.3173700427602806
2	8	2019	15.87	33.6	0.0	2.3090591431592022
3	8	2019	16.15	28.94	0.0	1.7073953198833025
4	8	2019	10.85	25.83	0.0	1.7960110952978734
5	8	2019	10.97	28.24	0.0	2.033400282567894
6	8	2019	11.05	22.58	0.0	1.339890193766013
7	8	2019	5.4	21.81	0.0	1.6717809668075223
8	8	2019	6.21	24.46	0.0	1.8689131497063385
9	8	2019	10.2	26.77	2.37	1.5483130551347974
10	8	2019	8.78	20.42	0.0	1.2432261969612632
11	8	2019	7.34	22.36	6.53	1.3329781209397071
12	8	2019	10.62	15.57	16.08	0.4975457600845731
13	8	2019	7.78	21.22	0.0	1.378738826968763
14	8	2019	10.18	24.01	0.0	1.479049054345757
15	8	2019	10.05	25.39	1.38	1.608803865284429
16	8	2019	10.89	20.85	0.0	1.100871851535026
17	8	2019	5.35	18.01	0.0	1.2075462291255217
18	8	2019	3.6	21.29	0.0	1.5378010370460835
19	8	2019	4.41	21.53	0.0	1.5177789271596538
20	8	2019	4.06	22.84	0.0	1.6232599785032882
21	8	2019	5.86	26.0	0.0	1.804696438898591
22	8	2019	11.92	26.55	0.0	1.5297601741454487
23	8	2019	11.09	20.67	0.0	1.0196048040610504
24	8	2019	12.49	28.6	5.86	1.4874747233005188
25	8	2019	11.81	20.89	7.58	0.866530593985317
26	8	2019	9.08	19.87	0.0	1.0832815102465745
27	8	2019	8.3	19.35	0.0	1.0842136786269754
28	8	2019	6.81	22.88	0.64	1.4667737721652998
29	8	2019	6.09	19.84	0.0	1.2534794718033493
30	8	2019	5.5	19.71	1.4	1.265405747166356
31	8	2019	7.62	21.73	1.31	1.319530118759092
1	9	2019	8.75	21.86	0.0	1.2644833537223186
2	9	2019	10.35	21.42	0.0	1.1165213458037568
3	9	2019	7.89	24.4	0.0	1.502609506080152
4	9	2019	10.31	23.28	2.38	1.1475129957391967
5	9	2019	7.99	22.68	0.0	1.3492305158354638
6	9	2019	5.64	21.71	0.0	1.375676757251163
7	9	2019	7.23	21.74	0.0	1.3021723762327055
8	9	2019	6.48	20.93	0.0	1.2690938259521154
9	9	2019	8.34	13.48	11.36	0.439815571228217
10	9	2019	8.23	10.8	14.29	0.2263060532529589
11	9	2019	8.83	13.22	4.6	0.3817238460596575
12	9	2019	7.28	14.57	0.0	0.6750860962284095
13	9	2019	3.8	22.9	0.0	1.4806283296558005
14	9	2019	8.96	23.3	0.0	1.3037583900275085
15	9	2019	9.24	26.84	0.0	1.5440665573496015
16	9	2019	9.8	31.22	0.0	1.810109318100427
17	9	2019	13.11	25.21	1.82	1.1888674805381465
18	9	2019	10.87	22.03	0.0	1.057039441798321
19	9	2019	8.09	22.06	0.0	1.2162825379866795
20	9	2019	9.2	20.39	0.0	1.0206185138269182
21	9	2019	5.27	18.06	0.0	1.0429575833003095
22	9	2019	5.16	24.23	0.0	1.4586187384039024
23	9	2019	8.41	20.61	0.0	1.0632639874285066
24	9	2019	5.23	16.57	0.0	0.911753520931904
25	9	2019	3.09	15.48	1.02	0.9273023517343312
26	9	2019	2.85	10.21	8.46	0.5012888328776426
27	9	2019	1.79	7.76	3.71	0.3920792620625169
28	9	2019	0.15	5.28	0.0	0.3495383593350729
29	9	2019	-0.14	2.78	10.04	0.1795692993037994
30	9	2019	-0.23	1.71	4.15	0.1220596674291579
1	10	2019	-0.23	4.02	0.18	0.2874289499063835
2	10	2019	-3.71	8.7	0.0	0.7275958220977421
3	10	2019	-0.99	10.84	0.0	0.7644221819521747
4	10	2019	1.56	10.53	0.0	0.6374070127523389
5	10	2019	-0.61	14.13	0.0	0.9370040142441322
6	10	2019	3.67	15.17	0.0	0.8503504555110413
7	10	2019	1.72	19.53	0.0	1.173948968927324
8	10	2019	-1.6	7.42	1.07	0.5614517211063196
9	10	2019	-5.98	1.41	0.0	0.3815984338794897
10	10	2019	-7.57	3.39	0.0	0.5235056649870563
11	10	2019	-8.36	6.15	0.0	0.6609475477142068
12	10	2019	-8.02	7.05	0.0	0.6898395614502909
13	10	2019	-8.61	9.62	0.0	0.8066801298973959
14	10	2019	-0.88	4.31	0.61	0.3133020166254652
15	10	2019	-2.58	5.43	0.0	0.4563038959866525
16	10	2019	-0.97	13.22	0.0	0.8382350085239583
17	10	2019	1.34	18.25	0.0	1.0489730428545536
18	10	2019	-0.14	15.19	0.0	0.911564809785409
19	10	2019	-0.99	14.0	0.0	0.8640684635917382
20	10	2019	-4.25	7.62	0.0	0.6110050709532368
21	10	2019	-6.48	9.59	0.0	0.7465812110493599
22	10	2019	-5.96	5.78	0.0	0.5580201525614004
23	10	2019	-5.57	4.0	0.92	0.4603156670156306
24	10	2019	-4.88	8.0	0.0	0.6319725094211612
25	10	2019	-0.24	16.79	0.0	0.9637130410619722
26	10	2019	-5.53	1.99	0.48	0.3531629862021852
27	10	2019	-9.91	-3.19	2.14	0.2436550777075984
28	10	2019	-9.89	-4.94	2.21	0.1763512661880232
29	10	2019	-11.83	-5.5	0.0	0.2194742113802632
30	10	2019	-16.99	0.27	0.0	0.4796032699636661
31	10	2019	-3.39	3.56	1.04	0.3508920513453775
1	11	2019	-2.99	4.19	0.0	0.3678358713434357
2	11	2019	-4.33	4.03	0.72	0.4053548334931608
3	11	2019	-4.45	1.41	0.0	0.27833805926198
4	11	2019	-13.21	-4.39	0.0	0.2800971805289854
5	11	2019	-14.2	-4.15	1.75	0.3039990539825812
6	11	2019	-19.72	-8.14	0.0	0.2576988763490586
7	11	2019	-20.16	-3.7	0.0	0.3675332658026092
8	11	2019	-9.49	3.99	0.0	0.5127695893665435
9	11	2019	-12.57	-1.29	3.19	0.3464118992277966
10	11	2019	-19.94	-12.05	0.0	0.1631256625808628
11	11	2019	-22.86	-8.97	0.0	0.2533374514777881
12	11	2019	-15.16	-2.21	0.0	0.3660872778024084
13	11	2019	-13.74	0.49	0.0	0.4327148918399894
14	11	2019	-7.4	-0.04	0.0	0.2932676514213865
15	11	2019	-5.51	3.55	0.0	0.39465891064506
16	11	2019	-1.3	1.96	0.49	0.1656729950916514
17	11	2019	-2.86	5.87	0.0	0.4232412091807249
18	11	2019	-0.16	6.79	0.0	0.3638808457792098
19	11	2019	-3.91	0.96	0.0	0.2189060336262095
20	11	2019	-6.62	-1.4	0.0	0.2087181048318522
21	11	2019	-7.46	2.7	0.0	0.3965295892258598
22	11	2019	-6.24	6.38	0.0	0.5179186815713076
23	11	2019	-1.33	9.89	0.0	0.5553648007002198
24	11	2019	-1.93	4.24	1.48	0.2994906972997643
25	11	2019	-5.71	-0.8	0.5	0.2016210806826727
26	11	2019	-9.49	-2.53	0.0	0.2409566625463232
27	11	2019	-8.69	-5.02	0.0	0.1288148785721253
28	11	2019	-8.8	-6.07	0.87	0.0965379600566391
29	11	2019	-11.22	-5.6	0.0	0.1794689869257739
30	11	2019	-10.5	-7.72	0.0	0.0901285071002872
1	12	2019	-13.25	-5.72	0.0	0.2178266098549429
2	12	2019	-13.58	-1.99	0.0	0.3351590073833427
3	12	2019	-7.76	3.42	0.0	0.4257155099123544
4	12	2019	-8.62	-0.07	0.0	0.3104921476313719
5	12	2019	-13.29	-3.96	0.0	0.2690578506161138
6	12	2019	-12.0	-4.4	0.0	0.2321721168442945
7	12	2019	-11.77	-4.5	0.0	0.2246884565905784
8	12	2019	-21.64	-11.56	0.0	0.1796472058954936
9	12	2019	-24.68	-10.46	0.0	0.215693609181093
10	12	2019	-27.76	-15.2	0.0	0.1515941003379864
11	12	2019	-26.6	-16.83	0.0	0.1238212202545752
12	12	2019	-19.8	-11.93	0.32	0.1535023517891131
13	12	2019	-24.14	-14.66	0.0	0.141825382216165
14	12	2019	-26.48	-11.43	0.41	0.2034092084315102
15	12	2019	-19.4	-7.91	0.0	0.2355532547623043
16	12	2019	-16.57	-5.63	0.0	0.2627936455414381
17	12	2019	-14.92	-3.85	0.0	0.2911221107277028
18	12	2019	-10.09	0.95	0.0	0.3704744095129997
19	12	2019	-11.49	-3.63	0.0	0.2425809223006187
20	12	2019	-10.88	3.57	0.0	0.4712554018216938
21	12	2019	-10.91	1.53	0.0	0.4022168264279703
22	12	2019	-8.38	-0.34	0.0	0.288938861831788
23	12	2019	-7.99	-3.54	0.0	0.1599175611794824
24	12	2019	-7.3	-4.82	0.0	0.091565091640469
25	12	2019	-7.98	-2.59	0.0	0.1954229914935791
26	12	2019	-14.97	-5.99	0.0	0.2324030658063655
27	12	2019	-14.58	-5.25	0.0	0.2471352971939517
28	12	2019	-15.61	-6.18	0.0	0.235742936731861
29	12	2019	-18.52	-6.01	0.0	0.2711673106833838
30	12	2019	-15.73	-5.31	0.0	0.2604452311548225
31	12	2019	-12.97	0.47	0.0	0.3955327868330938
1	1	2020	-7.53	-0.94	0.0	0.2481796207227885
2	1	2020	-7.7	-2.94	0.0	0.1761925067090246
3	1	2020	-11.4	-3.53	0.0	0.2476216540845356
4	1	2020	-9.02	4.73	0.0	0.4945568687036194
5	1	2020	-10.72	-1.71	0.0	0.2962622166383609
6	1	2020	-14.82	-2.62	0.0	0.3299444522306323
7	1	2020	-23.88	-15.28	0.0	0.1309157003732465
8	1	2020	-19.31	-7.16	0.0	0.2562302681348696
9	1	2020	-24.15	-16.23	0.0	0.1181839799392659
10	1	2020	-29.65	-15.48	0.0	0.1555252724079426
11	1	2020	-19.27	-9.73	3.4	0.1906284133390251
12	1	2020	-24.9	-14.1	1.5	0.1595519065016605
13	1	2020	-30.23	-24.46	0.82	0.0542784254606591
14	1	2020	-34.28	-27.04	0.0	0.051192133801039
15	1	2020	-35.82	-28.24	0.0	0.0477136904965677
16	1	2020	-36.28	-19.57	0.0	0.1175434083372732
17	1	2020	-23.25	-18.87	2.59	0.0644838104413606
18	1	2020	-27.81	-22.89	0.0	0.0558439953996112
19	1	2020	-28.94	-16.57	0.0	0.143857325682633
20	1	2020	-20.98	-0.2	0.0	0.438777277463736
21	1	2020	-9.35	2.14	0.0	0.4272715491903577
22	1	2020	-12.59	-2.8	0.0	0.3106644026716363
23	1	2020	-11.57	-3.52	0.0	0.2687790007405495
24	1	2020	-8.39	0.79	0.0	0.3608682857094811
25	1	2020	-5.64	1.14	0.0	0.301318426933707
26	1	2020	-7.42	-3.4	0.0	0.1633328295749396
27	1	2020	-7.5	-1.28	1.44	0.256326034486514
28	1	2020	-4.85	-1.17	0.0	0.1695609800403116
29	1	2020	-8.94	-2.23	2.76	0.2459326946586554
30	1	2020	-10.58	-0.65	0.0	0.3626637916142791
31	1	2020	-10.71	3.23	0.0	0.5092068773021995
1	2	2020	-6.6	6.82	0.0	0.5897080973767467
2	2	2020	-9.8	-0.66	0.0	0.350023555437185
3	2	2020	-17.87	-8.88	0.0	0.2248945191835139
4	2	2020	-19.64	-4.23	0.0	0.3604495952807991
5	2	2020	-13.09	-4.43	0.0	0.2854891977333615
6	2	2020	-14.17	-8.9	0.33	0.161481856422007
7	2	2020	-13.02	-2.6	0.0	0.3519904064443854
8	2	2020	-12.23	-2.07	0.0	0.3590697136820746
9	2	2020	-13.59	-2.1	0.0	0.3833806526555237
10	2	2020	-9.88	-3.59	0.43	0.2510084468848362
11	2	2020	-14.43	-1.75	0.25	0.4314793715242143
12	2	2020	-30.19	-16.02	0.0	0.172625554442306
13	2	2020	-29.25	-6.17	0.0	0.3297867173888962
14	2	2020	-12.67	-1.83	0.0	0.4073989829909564
15	2	2020	-19.24	-10.68	0.0	0.2104519349648056
16	2	2020	-15.67	-4.13	0.0	0.3685483521566721
17	2	2020	-20.87	-10.25	0.0	0.2409812425055213
18	2	2020	-29.5	-17.89	0.0	0.1493061981409994
19	2	2020	-29.49	-9.64	0.0	0.2805528368217737
20	2	2020	-16.68	1.35	0.0	0.6469842231042308
21	2	2020	-10.67	2.81	0.0	0.710341726184773
22	2	2020	-8.38	3.72	0.0	0.7394054952613561
23	2	2020	-10.92	1.66	0.0	0.6628231460847723
24	2	2020	-11.38	-2.1	0.0	0.4439535811590143
25	2	2020	-17.18	-2.81	0.0	0.5089245182692531
26	2	2020	-13.47	0.87	0.0	0.6628603416937753
27	2	2020	-8.43	4.49	0.0	0.82179924157765
28	2	2020	-7.35	6.6	0.0	0.9539305531817298
29	2	2020	-5.75	6.29	0.93	0.9104833993625966
1	3	2020	-11.06	-0.66	0.63	0.5485701475279495
2	3	2020	-7.14	3.15	0.0	0.7101631559489896
3	3	2020	-7.11	3.07	0.0	0.712422065528946
4	3	2020	-3.72	3.55	0.0	0.5774111801745957
5	3	2020	-6.28	3.81	0.0	0.7712142662330268
6	3	2020	-2.1	11.6	0.0	1.322225054376861
7	3	2020	-9.62	-0.68	0.32	0.5385932319686081
8	3	2020	-16.14	-8.72	0.52	0.2421163695035141
9	3	2020	-17.07	-0.02	0.0	0.693618909204269
10	3	2020	-11.32	4.9	0.0	0.9592474705251646
11	3	2020	-4.39	5.27	0.0	0.858807532650687
12	3	2020	-10.04	-1.47	0.0	0.5176603830163025
13	3	2020	-16.96	-10.8	0.0	0.1948808303845624
14	3	2020	-17.34	-8.51	1.92	0.3240314554397143
15	3	2020	-14.51	-5.91	0.81	0.3933405846643102
16	3	2020	-17.83	-2.52	0.0	0.6223606047354052
17	3	2020	-13.24	-2.14	0.0	0.6084585773280706
18	3	2020	-17.47	-6.2	0.0	0.4558952902727861
19	3	2020	-17.65	-4.91	0.0	0.5280009101837408
20	3	2020	-17.37	-0.96	0.0	0.7198260423983316
21	3	2020	-11.0	2.42	0.0	0.9101812849827502
22	3	2020	-10.76	6.25	0.0	1.1968654446565044
23	3	2020	-7.28	7.79	0.0	1.317549920800828
24	3	2020	-8.49	-1.17	1.58	0.7275225319674918
25	3	2020	-14.69	-0.44	0.0	0.8812310148322241
26	3	2020	-13.0	6.06	0.0	1.1712955526317974
27	3	2020	-4.03	6.8	0.0	1.2973964262334827
28	3	2020	-3.03	9.26	0.0	1.4474606160433745
29	3	2020	-5.1	13.86	0.0	1.6807380070390376
30	3	2020	-2.89	4.61	0.0	1.134103392717124
31	3	2020	-9.93	-0.9	0.0	0.8716044585818459
1	4	2020	-15.25	-11.17	0.53	0.1925931653581861
2	4	2020	-18.3	-8.77	0.0	0.4978457597985565
3	4	2020	-18.57	-3.14	0.0	0.7767226840687371
4	4	2020	-12.39	-4.45	1.89	0.6584581848321812
5	4	2020	-10.69	-1.21	0.0	0.8734985170616345
6	4	2020	-6.61	2.33	1.86	1.0876987388164328
7	4	2020	-9.54	4.53	0.0	1.2125264506196638
8	4	2020	-6.8	1.29	0.0	0.9689391091550724
9	4	2020	-12.77	5.96	0.0	1.244394820669767
10	4	2020	-2.18	8.37	0.0	1.4589300418980065
11	4	2020	-8.44	-1.66	0.0	0.794126693137224
12	4	2020	-10.77	-3.79	0.0	0.7185975256926863
13	4	2020	-13.29	-3.85	0.0	0.8076594290320546
14	4	2020	-14.76	3.81	0.0	1.1366306202824934
15	4	2020	-9.95	2.78	0.0	1.153237192567807
16	4	2020	-7.29	5.39	0.0	1.310111512653274
17	4	2020	-3.38	13.73	0.0	1.8255211349471536
18	4	2020	-3.74	4.52	0.0	1.2312408744524754
19	4	2020	-6.04	13.84	0.0	1.8014266159663277
20	4	2020	-2.26	10.98	0.0	1.6785548889455792
21	4	2020	-1.74	21.48	0.0	2.30494260720073
22	4	2020	1.15	16.35	0.39	2.0459396201996074
23	4	2020	0.48	18.26	0.0	2.1643940419147576
24	4	2020	-1.18	13.97	3.51	1.7196111696662375
25	4	2020	-2.32	18.43	0.0	2.1457720557355864
26	4	2020	3.36	15.23	0.0	1.9507793898149808
27	4	2020	-1.06	19.66	0.0	2.243349075337598
28	4	2020	2.27	17.98	0.0	2.1726801011022685
29	4	2020	0.97	22.68	0.0	2.456509097866797
30	4	2020	7.49	27.41	0.0	2.808411490877313
1	5	2020	4.97	17.99	0.0	2.1275442906038675
2	5	2020	-0.78	18.39	0.0	2.1694363766539975
3	5	2020	-1.11	17.21	4.39	1.9065653975715824
4	5	2020	2.6	14.51	0.0	1.8787496981399685
5	5	2020	-0.59	17.65	0.0	2.125028963218196
6	5	2020	1.23	20.49	0.0	2.32115885082286
7	5	2020	0.44	16.89	0.0	2.0027209759301847
8	5	2020	0.85	19.75	2.6	2.0082083644645454
9	5	2020	-1.89	7.14	1.74	1.3311071395829546
10	5	2020	-3.64	9.19	0.0	1.4985684691171717
11	5	2020	-6.47	10.35	0.0	1.56607294874766
12	5	2020	-3.99	12.89	0.0	1.73429428175428
13	5	2020	1.27	10.92	0.0	1.5525174490354456
14	5	2020	-1.37	18.7	0.0	2.1246596989335087
15	5	2020	-2.36	14.53	0.0	1.852806888210077
16	5	2020	0.64	24.81	0.0	2.5214467191215504
17	5	2020	8.45	26.05	0.0	2.6321678553281274
18	5	2020	8.81	25.39	4.0	2.3676992823993652
19	5	2020	10.6	26.21	0.0	2.614709895622134
20	5	2020	9.9	19.91	11.76	1.939618830991989
21	5	2020	9.51	21.34	0.0	2.241282579860651
22	5	2020	5.04	20.77	0.0	2.2935993455090187
23	5	2020	3.18	16.33	0.0	1.974053186506816
24	5	2020	4.52	19.37	0.0	2.199758492016365
25	5	2020	5.25	25.37	0.0	2.641106415797628
26	5	2020	10.71	22.02	0.0	2.279703279815591
27	5	2020	6.63	19.18	0.0	2.1593467469297907
28	5	2020	4.25	18.3	0.0	2.136847363608487
29	5	2020	4.52	18.98	0.0	2.196053127745367
30	5	2020	6.46	25.17	0.0	2.655019646711743
31	5	2020	10.57	30.34	0.0	2.999627076981869
1	6	2020	11.23	25.21	0.0	2.587318378048627
2	6	2020	7.99	24.33	0.0	2.586340858054801
3	6	2020	9.56	20.86	0.0	2.2469163226252777
4	6	2020	6.03	18.9	0.0	2.180318870840558
5	6	2020	3.31	20.76	0.0	2.3643555134412915
6	6	2020	9.42	17.87	19.48	1.541553150774326
7	6	2020	9.03	17.24	19.46	1.177375093859078
8	6	2020	6.74	15.85	0.0	1.3575934084925805
9	6	2020	5.39	20.51	0.0	2.1502506047331145
10	6	2020	6.44	22.26	0.0	2.3103747833428145
11	6	2020	6.55	22.13	0.0	2.295311610418027
12	6	2020	7.76	27.51	0.0	2.7986065867278103
13	6	2020	13.9	30.06	0.0	2.8774328888140093
14	6	2020	12.55	23.04	0.0	1.9563466324176944
15	6	2020	7.22	22.02	0.0	2.2997156779253114
16	6	2020	9.43	22.81	23.8	1.8423481347431263
17	6	2020	9.65	15.96	5.36	0.670327376591089
18	6	2020	6.15	14.83	2.51	0.8657341841341807
19	6	2020	5.46	18.15	0.0	1.7030300579842912
20	6	2020	5.96	16.88	0.0	1.4795575606064155
21	6	2020	4.13	17.87	0.0	1.7633517013701083
22	6	2020	6.01	23.2	0.0	2.26364897507647
23	6	2020	10.56	27.54	0.0	2.5412872928022128
24	6	2020	13.82	26.96	0.47	2.2421981677199647
25	6	2020	14.23	25.52	0.0	1.955135223145553
26	6	2020	12.09	29.99	0.0	2.726478007047253
27	6	2020	13.84	21.53	0.0	1.227837631499758
28	6	2020	12.84	20.08	0.0	1.1153973848196574
29	6	2020	14.13	18.46	1.47	0.6057984052072942
30	6	2020	13.5	20.32	8.24	0.8173482570767333
1	7	2020	13.2	23.79	1.06	1.811333318896566
2	7	2020	11.15	23.87	1.81	2.048641883851019
3	7	2020	10.21	26.76	0.0	2.4376464071904658
4	7	2020	12.38	28.2	2.77	2.010208339705425
5	7	2020	12.47	23.64	0.0	1.8422364851537003
6	7	2020	10.58	25.19	0.0	2.2301092249121988
7	7	2020	12.15	28.03	16.88	1.9797856408205867
8	7	2020	12.92	19.68	3.73	0.7893292083069432
9	7	2020	11.83	22.0	1.31	1.507917647301414
10	7	2020	9.88	22.72	5.01	1.445573398567109
11	7	2020	10.38	24.55	0.0	1.9974138927379816
12	7	2020	13.07	25.57	1.47	1.9063551693285747
13	7	2020	10.09	19.51	2.99	1.0388071160750183
14	7	2020	10.0	21.59	5.22	1.2690316628236828
15	7	2020	10.33	23.07	1.15	1.7781285023933862
16	7	2020	10.09	25.38	0.0	2.0603255133618172
17	7	2020	14.16	24.81	0.0	1.5833162486513075
18	7	2020	12.08	22.37	0.0	1.4465362760697311
19	7	2020	10.43	23.01	2.78	1.3528458447021927
20	7	2020	11.1	23.13	6.38	1.2966156820940582
21	7	2020	9.49	25.15	0.0	1.989817802424036
22	7	2020	14.14	30.27	0.0	2.237965869093589
23	7	2020	18.05	28.65	0.0	1.607072020342195
24	7	2020	14.67	27.68	0.0	1.8921464434268864
25	7	2020	11.98	21.53	0.0	1.2726980003841577
26	7	2020	10.25	25.32	0.0	1.9584606366433408
27	7	2020	9.58	27.23	0.0	2.1639725649617363
28	7	2020	10.94	30.52	0.0	2.3816849001766514
29	7	2020	14.52	33.77	0.0	2.4825653202797033
30	7	2020	15.7	31.96	0.0	2.1977506976974372
31	7	2020	13.04	26.28	0.0	1.717913065594591
1	8	2020	9.12	27.4	0.0	2.1050879512608436
2	8	2020	10.72	27.39	0.0	2.0252961902834437
3	8	2020	13.53	29.47	2.16	1.6593043357319557
4	8	2020	12.31	26.97	0.0	1.828713642587004
5	8	2020	9.69	28.94	0.0	2.1821653153474623
6	8	2020	11.58	33.33	0.0	2.4680473007258215
7	8	2020	13.43	23.5	0.0	1.197310382795914
8	8	2020	10.51	25.65	0.2	1.7641882075066455
9	8	2020	8.64	22.67	0.0	1.547538342485107
10	8	2020	8.14	24.75	0.0	1.798819223228059
11	8	2020	8.79	24.15	0.0	1.6794743548123834
12	8	2020	11.28	28.98	0.0	2.0100345763054785
13	8	2020	10.1	24.67	0.0	1.6055181951744772
14	8	2020	8.01	25.11	4.53	1.4785189561554428
15	8	2020	8.93	25.55	0.0	1.7421322616791302
16	8	2020	9.41	29.38	0.0	2.0645653154574233
17	8	2020	11.46	34.12	0.0	2.3739171987907115
18	8	2020	12.75	35.91	0.0	2.4455790229140115
19	8	2020	14.42	34.23	0.0	2.241219324136862
20	8	2020	12.69	33.25	0.0	2.23067078772009
21	8	2020	14.39	28.38	0.0	1.5588896425001777
22	8	2020	10.06	31.67	0.0	2.18083677495933
23	8	2020	6.9	28.32	0.0	2.001448692893574
24	8	2020	9.58	29.25	0.0	1.9453367013509095
25	8	2020	13.2	27.04	0.0	1.4231704105997085
26	8	2020	10.72	24.61	0.0	1.3523014863017089
27	8	2020	7.75	24.53	3.72	1.355717513590274
28	8	2020	6.31	23.32	0.0	1.504852888744071
29	8	2020	8.17	31.41	0.0	2.112422830110901
30	8	2020	7.06	17.95	0.0	0.9679816874707828
31	8	2020	2.63	19.19	0.0	1.286819363343814
1	9	2020	8.01	22.55	0.0	1.2973312120257134
2	9	2020	7.68	16.74	4.26	0.7339395230863628
3	9	2020	4.94	21.61	0.0	1.3606982861216903
4	9	2020	5.43	24.06	0.0	1.530318000509702
5	9	2020	8.04	30.06	0.0	1.9743654002469515
6	9	2020	8.16	17.19	0.0	0.8039534552695193
7	9	2020	0.25	10.06	0.0	0.6914009770035027
8	9	2020	-4.97	15.12	0.0	1.2190666771531884
9	9	2020	4.15	21.09	0.0	1.3907326060359624
10	9	2020	5.09	25.65	0.0	1.7272045193121164
11	9	2020	7.56	29.75	0.0	1.952779696440073
12	9	2020	7.28	16.29	1.1	0.759784572296039
13	9	2020	-0.12	15.56	0.0	1.0600180241793449
14	9	2020	5.61	15.69	0.0	0.8084061376466521
15	9	2020	3.29	14.68	0.0	0.8537445588538223
16	9	2020	-1.32	13.15	0.0	0.9892064676592722
17	9	2020	1.74	18.63	0.0	1.3404594835268409
18	9	2020	-0.93	24.01	0.0	1.762511497885877
19	9	2020	6.3	25.92	0.0	1.7562660746283767
20	9	2020	11.83	19.02	8.77	0.6040264160134443
21	9	2020	8.04	22.83	0.0	1.314348707762527
22	9	2020	6.99	20.94	2.48	1.0281987864005937
23	9	2020	9.26	21.29	0.0	1.0304229144235697
24	9	2020	8.71	23.88	0.0	1.333263819707016
25	9	2020	6.0	21.7	0.0	1.2700040344360963
26	9	2020	7.8	15.19	1.66	0.6063898637242349
27	9	2020	4.72	14.83	0.0	0.7602680583807134
28	9	2020	1.06	21.66	0.0	1.418144892795021
29	9	2020	7.28	17.37	0.0	0.8043265651983915
30	9	2020	1.25	12.27	0.0	0.7358883005465805
1	10	2020	-4.1	11.6	0.0	0.866757380022488
2	10	2020	1.08	16.8	0.0	1.056236545166183
3	10	2020	-1.61	15.29	0.0	1.0367070267034948
4	10	2020	4.43	23.88	1.01	1.4659776411668346
5	10	2020	7.71	19.27	0.0	0.8994138372078893
6	10	2020	6.71	17.38	0.0	0.8381602094492334
7	10	2020	0.69	15.39	0.0	1.025954878215757
8	10	2020	6.53	22.92	1.88	1.4138648311206738
9	10	2020	1.75	10.59	0.0	0.5714632141275824
10	10	2020	2.16	25.1	0.0	1.6780236874155232
11	10	2020	4.91	14.77	0.0	0.7250734674111167
12	10	2020	-3.17	11.5	0.0	0.8788878341629986
13	10	2020	-0.27	10.44	0.0	0.6973326589064315
14	10	2020	-5.28	6.49	0.0	0.6130682763987054
15	10	2020	-5.02	5.03	0.0	0.4923267104416272
16	10	2020	-8.9	3.81	0.0	0.5402131062024329
17	10	2020	-12.9	-0.66	0.0	0.4186500067840978
18	10	2020	-6.64	-3.28	0.0	0.1473194218244899
19	10	2020	-7.9	-1.4	0.0	0.2745325599702715
20	10	2020	-7.3	-2.1	0.27	0.229274084831675
21	10	2020	-9.82	-0.47	0.0	0.37869585396294
22	10	2020	-13.71	-2.34	0.0	0.3844786807640323
23	10	2020	-13.76	-3.82	0.0	0.3244631322454652
24	10	2020	-9.32	-5.61	0.0	0.1445169970523657
25	10	2020	-11.53	-2.74	0.0	0.3189878779917617
26	10	2020	-15.59	2.86	0.0	0.6138020974678479
27	10	2020	-4.7	11.57	0.0	0.9122095596088818
28	10	2020	-4.32	4.7	0.0	0.4349513707938753
29	10	2020	-6.33	7.76	0.0	0.6951309001929743
30	10	2020	-1.41	12.01	0.0	0.8268734778486159
31	10	2020	-6.72	1.76	0.0	0.3626777109019236
1	11	2020	-7.67	13.19	0.0	0.9713733972520252
2	11	2020	0.01	18.71	0.0	1.2254668122782606
3	11	2020	1.59	17.38	0.0	1.095873839017644
4	11	2020	0.2	14.59	0.0	0.9242439517257508
5	11	2020	0.5	18.57	0.0	1.16445279024309
6	11	2020	-2.09	6.79	0.0	0.4454095380390135
7	11	2020	-2.35	0.61	1.84	0.1442492647586265
8	11	2020	-9.6	-4.01	19.1	0.1917431422925757
9	11	2020	-18.85	-9.31	0.0	0.2152117668995579
10	11	2020	-17.58	-6.18	0.0	0.2803466231933362
11	11	2020	-16.35	-7.02	1.37	0.2414428407935206
12	11	2020	-22.3	-9.17	0.0	0.2447674587305044
13	11	2020	-13.54	-0.5	0.0	0.3981695098087445
14	11	2020	-9.0	-1.63	0.36	0.2728424047712247
15	11	2020	-12.86	-5.66	0.0	0.218595652109681
16	11	2020	-10.94	-5.36	0.0	0.1846954635287869
17	11	2020	-8.37	0.15	0.0	0.3237236405879001
18	11	2020	-5.26	4.21	0.0	0.4119855851713613
19	11	2020	-12.36	-5.61	3.92	0.1964808429435557
20	11	2020	-20.15	-9.83	0.0	0.207544744020203
21	11	2020	-18.39	-4.19	0.0	0.3265010602398086
22	11	2020	-16.01	-7.14	0.0	0.2229118746172387
23	11	2020	-12.04	-4.67	0.0	0.2260832816043391
24	11	2020	-10.84	-2.28	0.0	0.2807118718757913
25	11	2020	-8.09	1.61	0.0	0.3646682208551278
26	11	2020	-12.35	-1.2	0.0	0.3430369923581537
27	11	2020	-11.27	0.9	0.0	0.3955745724210968
28	11	2020	-9.9	-0.07	0.0	0.3366424281153309
29	11	2020	-15.22	-2.76	0.0	0.329999509274108
30	11	2020	-9.01	1.6	0.0	0.3787726237302709
1	12	2020	-7.68	1.22	0.0	0.3357646811771336
2	12	2020	-11.34	-1.56	0.0	0.3113492400852417
3	12	2020	-7.36	2.74	0.0	0.3880254141605141
4	12	2020	-6.59	2.22	0.0	0.3486007134572399
5	12	2020	-7.15	2.24	0.0	0.3633685295549667
6	12	2020	-9.96	1.54	0.0	0.3926713447673405
7	12	2020	-8.26	3.04	0.0	0.4158694874957301
8	12	2020	-4.47	3.46	0.0	0.3399470405720498
9	12	2020	-5.54	2.05	0.0	0.3103888643689689
10	12	2020	-12.49	-3.38	0.0	0.2693085270229451
11	12	2020	-13.92	-4.88	0.0	0.2473829047929176
12	12	2020	-10.78	-3.79	0.0	0.2227606502286693
13	12	2020	-27.03	-13.98	0.0	0.1658377463915068
14	12	2020	-28.57	-13.61	0.5	0.1746911160127537
15	12	2020	-19.2	-9.49	0.0	0.1970295490659439
16	12	2020	-16.13	-4.78	0.0	0.2784437441646745
17	12	2020	-14.66	1.5	0.0	0.4413942281659336
18	12	2020	-22.26	-3.87	0.0	0.3353861892412589
19	12	2020	-13.16	3.57	0.0	0.4929203106177621
20	12	2020	-7.34	2.46	0.0	0.3673950039918788
21	12	2020	-9.02	-1.54	5.04	0.2480364588452458
22	12	2020	-13.93	-4.13	7.15	0.2579359991410889
23	12	2020	-17.74	-8.89	0.0	0.1930230711433101
24	12	2020	-16.13	-0.04	0.0	0.4071664431432644
25	12	2020	-13.0	-2.38	0.0	0.3054215286430178
26	12	2020	-13.3	-5.83	1.56	0.2067209854682263
27	12	2020	-15.36	-7.02	0.0	0.2077471098719863
28	12	2020	-18.0	-7.97	0.23	0.2185134454249987
29	12	2020	-16.37	-7.71	0.0	0.2051375935551991
30	12	2020	-20.39	-8.94	0.0	0.219789524981019
1	1	2021	-17.05	-3.54	0.0	0.322082332125624
2	1	2021	-9.59	3.9	0.0	0.4698274047094625
3	1	2021	-2.84	3.91	0.0	0.309574805838741
4	1	2021	-11.0	-0.69	0.0	0.3333297851655669
5	1	2021	-10.65	-0.12	0.0	0.3471111294647342
6	1	2021	-11.73	1.96	0.0	0.4336274992227676
7	1	2021	-9.5	0.7	0.0	0.3556168719637942
8	1	2021	-13.63	-3.26	0.0	0.2955359500660415
9	1	2021	-14.94	-5.67	0.0	0.2450050107938088
10	1	2021	-14.29	-4.98	0.0	0.2557745037530457
11	1	2021	-12.72	-1.07	0.0	0.3525010352821142
12	1	2021	-8.07	0.47	0.0	0.3205584684972294
13	1	2021	-5.63	5.98	4.47	0.4697313016832805
14	1	2021	-6.56	-1.67	0.0	0.1949687247974015
15	1	2021	-13.98	-5.21	0.0	0.2480040387248599
16	1	2021	-10.58	-0.78	0.0	0.3326474996785601
17	1	2021	-10.66	-1.5	2.04	0.2963779110811906
18	1	2021	-11.14	-0.82	0.65	0.3445293109043835
19	1	2021	-14.4	1.4	0.0	0.458067125771942
20	1	2021	-5.87	1.53	0.0	0.3154909707850289
21	1	2021	-12.43	-6.46	0.43	0.1840418504975806
22	1	2021	-10.66	-5.08	1.2	0.1887110503742371
23	1	2021	-27.44	-9.47	0.0	0.249273707983211
24	1	2021	-32.33	-23.55	0.0	0.07657110071348
25	1	2021	-29.37	-22.41	0.0	0.0741124948021385
26	1	2021	-28.73	-20.21	0.0	0.0980629528175387
27	1	2021	-24.43	-14.82	0.0	0.1525069919790429
28	1	2021	-19.01	-10.64	0.0	0.1866748576130883
29	1	2021	-15.56	-8.99	0.0	0.1779198294270612
30	1	2021	-15.41	-10.56	0.0	0.1304838001457904
31	1	2021	-18.1	-8.98	0.0	0.2202750393380897
1	2	2021	-14.15	-1.2	0.0	0.398664304815106
2	2	2021	-8.58	2.15	0.0	0.4339484332530778
3	2	2021	-19.44	-11.49	0.0	0.1781121023008031
4	2	2021	-23.01	-15.85	0.0	0.127396292103688
5	2	2021	-27.74	-18.84	0.0	0.1174463982816563
6	2	2021	-34.99	-25.71	0.39	0.0712547206291715
7	2	2021	-36.56	-28.64	0.0	0.0527530164685816
8	2	2021	-36.84	-27.01	0.0	0.0662203129219849
9	2	2021	-29.97	-25.63	0.0	0.0463955747766462
10	2	2021	-33.8	-26.96	0.0	0.0574462936085948
11	2	2021	-37.82	-28.32	0.0	0.0601272986740589
12	2	2021	-33.96	-23.19	0.0	0.0954281877908907
13	2	2021	-37.45	-24.85	0.0	0.0865475960881047
14	2	2021	-34.85	-22.8	0.0	0.1019408900882024
15	2	2021	-30.78	-18.97	0.0	0.1369114655116009
16	2	2021	-26.13	-15.38	0.0	0.1733297025502488
17	2	2021	-22.97	-16.1	0.0	0.1336965186882321
18	2	2021	-25.24	-13.29	0.0	0.2098109104553749
19	2	2021	-23.11	-3.27	0.0	0.4459619183510445
20	2	2021	-11.19	-2.91	0.0	0.3595327885747423
21	2	2021	-12.74	2.55	0.0	0.6905346074714488
22	2	2021	-3.28	3.56	0.0	0.497633920224279
23	2	2021	-7.43	-0.47	0.0	0.3913688142420604
24	2	2021	-10.24	-1.65	0.0	0.4413623977699776
25	2	2021	-12.36	0.58	0.0	0.629546232732076
26	2	2021	-16.41	-2.5	0.48	0.519690148487281
27	2	2021	-25.01	-13.51	0.0	0.215322720804783
28	2	2021	-21.58	-11.32	0.0	0.2404058337060854
1	3	2021	-18.23	3.63	0.0	0.7706087270181649
2	3	2021	-6.66	2.77	0.0	0.6865776701054963
3	3	2021	-11.2	2.15	0.0	0.7686319548321684
4	3	2021	-9.6	2.26	0.0	0.7653416190940208
5	3	2021	-6.28	4.35	0.0	0.86527179236795
6	3	2021	-0.96	6.22	0.0	0.7948873823390609
7	3	2021	-3.75	5.25	0.0	0.8851015657799074
8	3	2021	-4.02	4.22	0.0	0.8020777943511564
9	3	2021	-5.06	-0.38	0.0	0.3530397092595321
10	3	2021	-8.42	2.23	0.0	0.8431613424660598
11	3	2021	-17.76	-3.14	0.0	0.609025274330326
12	3	2021	-10.18	6.24	0.0	1.114721234276464
13	3	2021	-6.63	6.68	0.0	1.1597673894243827
14	3	2021	-2.42	8.54	0.0	1.253177847394308
15	3	2021	-1.32	8.02	0.0	1.1740766953235326
16	3	2021	-9.11	1.03	0.0	0.8084674755821191
17	3	2021	-7.98	8.47	0.0	1.2950214526728236
18	3	2021	-3.49	13.71	0.0	1.6038184510903106
19	3	2021	-0.07	18.21	0.0	1.8744170673001237
20	3	2021	-0.87	12.14	0.0	1.5470120069282525
21	3	2021	-5.0	3.3	0.0	0.9084290555719116
22	3	2021	-6.03	8.56	0.0	1.3435167627929234
23	3	2021	-7.76	0.31	1.06	0.8046454811826411
24	3	2021	-6.4	8.55	0.0	1.3507296207666812
25	3	2021	-3.38	3.25	3.45	0.7133972062690637
26	3	2021	-10.24	2.1	0.0	1.0202943346459272
27	3	2021	-9.22	6.49	0.0	1.234922949016987
28	3	2021	-1.75	17.22	0.0	1.867126873524959
29	3	2021	-8.81	5.35	5.26	1.1099514484226234
30	3	2021	-14.0	-6.29	0.0	0.5155053607859963
31	3	2021	-15.96	6.8	0.0	1.1465187375029369
1	4	2021	-2.71	14.85	0.0	1.757879433168856
2	4	2021	0.23	12.53	0.0	1.6389294002948962
3	4	2021	-1.31	13.8	0.0	1.721225776675443
4	4	2021	-1.09	17.91	0.0	1.9574616868910792
5	4	2021	-2.86	12.39	0.0	1.633855388083143
6	4	2021	-3.07	16.57	0.0	1.8082392300100631
7	4	2021	-0.7	20.77	0.0	2.0629154890759023
8	4	2021	2.2	15.45	1.01	1.7710534538562024
9	4	2021	-5.82	11.54	0.0	1.5190270036057596
10	4	2021	-0.74	13.31	0.0	1.6519295329355297
11	4	2021	-2.52	3.7	3.57	0.6585955105760399
12	4	2021	-4.17	1.61	1.66	0.6426644430628388
13	4	2021	-3.8	2.11	0.0	0.6605949156864186
14	4	2021	-3.62	6.35	0.0	1.2573486650099508
15	4	2021	-2.51	12.13	0.0	1.6135681506930637
16	4	2021	-4.83	14.13	0.0	1.7104244151561958
17	4	2021	-0.94	20.22	0.0	2.0979643232471665
18	4	2021	-4.16	6.36	0.0	1.2741399742560864
19	4	2021	-7.37	5.03	0.0	1.2104766497943835
20	4	2021	-8.91	9.05	0.0	1.4100449908159611
21	4	2021	-3.91	17.59	0.0	1.9311113445363737
22	4	2021	-4.65	7.08	0.0	1.3247959902359945
23	4	2021	-12.14	4.65	0.0	1.1638878866509783
24	4	2021	-9.95	7.57	0.0	1.3303434142070394
25	4	2021	-5.74	10.79	0.0	1.5463710128296424
26	4	2021	-4.31	14.55	0.0	1.776486398894549
27	4	2021	-3.87	15.38	0.0	1.8334313087307288
28	4	2021	-2.22	14.96	0.0	1.8270339288182984
29	4	2021	-2.7	11.62	0.0	1.6157460777703068
30	4	2021	2.0	26.25	0.0	2.544833617429863
1	5	2021	5.44	20.41	0.0	2.1918286682747987
2	5	2021	1.03	13.85	0.0	1.758776980288574
3	5	2021	-4.79	9.96	0.0	1.5260137031142706
4	5	2021	-5.45	13.92	0.0	1.7588935116221147
5	5	2021	-3.24	16.57	0.0	1.941444235010992
6	5	2021	-0.33	17.0	0.0	1.9965755010923492
7	5	2021	-0.63	16.93	0.88	1.9978853565884271
8	5	2021	2.66	13.94	0.0	1.7655994030132816
9	5	2021	-4.27	15.28	0.0	1.8735487993459736
10	5	2021	-2.88	18.07	0.0	2.0559441507188607
11	5	2021	0.48	19.97	0.0	2.205245334131012
12	5	2021	2.27	20.48	0.0	2.2429420235989688
13	5	2021	1.91	21.53	0.0	2.3087085988060503
14	5	2021	2.91	22.77	0.61	2.393223363247632
15	5	2021	3.4	23.99	0.0	2.4772235570783563
16	5	2021	8.49	27.42	0.0	2.708022491996221
17	5	2021	7.17	31.97	0.0	3.0113820110799496
18	5	2021	12.15	28.69	0.0	2.751016530885364
19	5	2021	2.26	13.69	0.0	1.734405616193599
20	5	2021	-1.47	4.38	2.99	0.7630100925504574
21	5	2021	-2.26	4.48	5.35	0.8453517211682435
22	5	2021	0.04	9.57	0.0	1.4766710022661922
23	5	2021	5.97	14.76	17.37	1.5400091854497917
24	5	2021	8.28	11.33	21.6	0.2994325854614761
25	5	2021	2.02	8.78	0.92	0.731124918335545
26	5	2021	-0.95	12.76	0.0	1.5373393044101942
27	5	2021	1.01	18.27	0.43	2.054620036370865
28	5	2021	6.46	21.84	0.0	2.2721653548333247
29	5	2021	6.57	20.58	0.0	2.11578374737098
30	5	2021	2.66	22.28	0.0	2.420338581903708
31	5	2021	7.99	26.44	0.0	2.73179568851557
1	6	2021	9.18	26.36	0.0	2.6870687742754145
2	6	2021	12.33	31.83	0.0	3.0958203198924
3	6	2021	13.86	35.05	0.0	3.3066402495941283
4	6	2021	15.94	29.21	0.0	2.629185624531696
5	6	2021	11.77	28.02	0.0	2.7848264250760053
6	6	2021	8.3	20.7	0.0	2.0458549733492024
7	6	2021	8.72	22.69	0.0	2.2960328597854724
8	6	2021	6.13	22.97	3.14	2.0464344506094116
9	6	2021	11.99	19.25	11.56	0.9462687354573018
10	6	2021	13.32	21.37	12.2	1.0572285639040766
11	6	2021	10.95	20.19	0.0	1.472834629833952
12	6	2021	7.28	23.48	0.0	2.302660947920507
13	6	2021	7.04	27.04	0.0	2.6624564216336983
14	6	2021	12.7	31.15	0.0	2.8989409544469873
15	6	2021	15.97	32.87	1.14	2.9259885351798554
16	6	2021	13.21	24.61	0.0	2.024274207156015
17	6	2021	7.44	23.96	0.0	2.375787243243883
18	6	2021	8.06	18.46	0.0	1.5950859189943691
19	6	2021	7.14	20.22	0.52	1.93073985311388
20	6	2021	6.12	18.29	0.0	1.7275974558921128
21	6	2021	2.0	24.11	0.0	2.44929603914961
22	6	2021	10.49	30.76	0.0	2.9045207850327115
23	6	2021	13.39	24.1	0.0	1.8037638358914363
24	6	2021	8.71	23.46	0.0	2.19105984981433
25	6	2021	10.01	27.77	0.0	2.6233152442520273
26	6	2021	13.42	28.53	0.69	2.511038059585528
27	6	2021	12.24	27.79	0.0	2.494579474982437
28	6	2021	10.76	29.06	0.0	2.7643074588886085
29	6	2021	12.8	32.61	0.0	3.0445153853035563
30	6	2021	14.59	33.75	0.0	3.0858011171449027
1	7	2021	15.68	34.48	0.0	3.105766346658235
2	7	2021	18.26	38.55	0.0	3.388418028896393
3	7	2021	17.14	30.43	0.0	2.4634080824688516
4	7	2021	13.13	28.02	6.73	2.0187080619856483
5	7	2021	13.53	23.69	0.0	1.6852467956009778
6	7	2021	10.76	20.58	0.0	1.5057058966686327
7	7	2021	11.23	27.67	7.61	2.052891264601016
8	7	2021	13.81	27.41	6.99	1.771700641845165
9	7	2021	12.79	30.32	0.0	2.5938908883854266
10	7	2021	14.16	32.4	0.0	2.723037780306017
11	7	2021	15.98	32.14	0.0	2.5744378559208765
12	7	2021	12.18	27.87	0.0	2.336206928907247
13	7	2021	10.54	28.77	0.0	2.5400827615233665
14	7	2021	11.46	30.68	0.0	2.690655840957139
15	7	2021	13.95	34.88	0.0	2.9857806941572327
16	7	2021	15.68	30.3	0.0	2.3245933511472145
17	7	2021	16.76	34.64	0.0	2.7870701514539884
18	7	2021	13.76	25.93	0.0	1.846430242606992
19	7	2021	13.8	20.43	0.0	0.8102016795587432
20	7	2021	15.83	27.85	0.0	1.9040649081752543
21	7	2021	15.16	30.57	0.0	2.3970149226644617
22	7	2021	14.66	33.57	0.0	2.78203260302652
23	7	2021	6.48	28.61	0.0	2.577959905833382
24	7	2021	10.33	29.09	0.0	2.4933077885008874
25	7	2021	10.83	28.23	1.63	2.3678851311125175
26	7	2021	11.9	27.92	1.45	2.2388706407878325
27	7	2021	12.48	35.5	0.0	2.9518588634628355
28	7	2021	13.0	29.21	0.0	2.279386033111988
29	7	2021	13.01	33.29	0.0	2.716976296326077
30	7	2021	12.83	31.03	0.0	2.485865235828712
31	7	2021	12.37	31.25	0.0	2.524013426159175
1	8	2021	12.05	32.76	0.0	2.6774590030325687
2	8	2021	15.76	34.74	0.0	2.6657208701308854
3	8	2021	18.98	28.14	0.0	1.296978886336373
4	8	2021	14.03	28.1	0.0	1.9676081178171172
5	8	2021	11.01	30.21	0.0	2.416079402475645
6	8	2021	15.41	32.71	0.0	2.410059632844371
7	8	2021	15.4	29.12	0.0	1.926961820205547
8	8	2021	13.48	22.92	0.0	1.1762520483715848
9	8	2021	11.3	20.46	0.0	1.0743966780593546
10	8	2021	9.95	21.05	3.5	1.0478436852003143
11	8	2021	11.02	25.27	0.0	1.7972970624787574
12	8	2021	8.54	23.5	0.0	1.7675278075267669
13	8	2021	8.62	29.56	0.0	2.3729371313071916
14	8	2021	15.27	37.08	0.0	2.764199317465798
15	8	2021	15.56	32.82	0.0	2.306021953685184
16	8	2021	14.87	26.83	0.0	1.572767345496472
17	8	2021	10.15	19.39	0.0	0.9956206837568654
18	8	2021	9.51	17.38	3.1	0.719020990697952
19	8	2021	8.03	19.07	3.45	0.9664187971580808
20	8	2021	10.37	18.67	5.52	0.771472950325532
21	8	2021	6.34	21.34	3.89	1.2837544124091562
22	8	2021	9.21	15.26	7.69	0.5524261539192824
23	8	2021	6.94	17.84	8.12	1.0000246848366892
24	8	2021	7.63	15.02	0.0	0.7313673577220056
25	8	2021	3.73	19.61	0.0	1.6419528285972524
26	8	2021	7.26	20.55	0.0	1.550281169697108
27	8	2021	12.17	20.36	0.0	0.9868432314360251
28	8	2021	10.78	23.72	2.0	1.6677435001166578
29	8	2021	7.66	25.83	0.0	2.038365947715683
30	8	2021	9.23	28.9	0.0	2.234262681278586
31	8	2021	12.11	25.24	25.37	1.3598871040131175
1	9	2021	9.2	21.33	0.0	1.3042669551734167
2	9	2021	8.43	18.83	0.0	1.0413881055109606
3	9	2021	8.5	21.45	0.0	1.351746252276109
4	9	2021	5.84	22.84	0.0	1.634086572445215
5	9	2021	7.37	29.02	0.0	2.0588354960880855
6	9	2021	10.2	22.05	1.81	1.2380871819237371
7	9	2021	7.72	23.41	0.0	1.5525594885076408
8	9	2021	5.77	24.92	0.0	1.7971296193847253
9	9	2021	10.52	28.15	0.0	1.9441493160562344
10	9	2021	8.44	21.7	0.0	1.392349675200586
11	9	2021	5.83	14.4	0.0	0.7525276615598834
12	9	2021	2.76	18.14	0.0	1.344555586308024
13	9	2021	7.45	21.3	0.0	1.400834595783003
14	9	2021	4.62	22.91	0.0	1.6640271000622977
15	9	2021	7.82	19.28	0.0	1.1224627352658054
16	9	2021	3.96	15.09	0.0	0.9344906373935354
17	9	2021	-0.63	18.83	0.0	1.4313525940521217
18	9	2021	10.73	32.46	0.0	2.1322950309197517
19	9	2021	6.85	19.74	0.0	1.161216972863586
20	9	2021	1.91	18.39	0.0	1.2826374420704665
21	9	2021	2.91	22.11	0.0	1.5198501123001034
22	9	2021	5.77	27.3	0.0	1.8059261278289933
23	9	2021	4.25	17.26	0.0	0.9968969665837824
24	9	2021	-0.49	18.92	0.0	1.3216056134826657
25	9	2021	7.46	25.92	0.0	1.5877007030470902
26	9	2021	4.01	24.82	0.0	1.59753157482894
27	9	2021	9.0	29.61	0.0	1.7746564720005231
28	9	2021	6.28	28.35	0.0	1.7532838895351246
29	9	2021	6.37	21.04	0.0	1.1312696453019773
30	9	2021	1.54	23.82	0.0	1.520830109356145
1	10	2021	5.87	23.59	0.0	1.3458953756689778
2	10	2021	0.77	21.15	0.0	1.323187269624017
3	10	2021	5.49	23.56	0.0	1.355605992472856
4	10	2021	1.87	20.71	0.0	1.2557316107041
5	10	2021	4.97	23.66	0.0	1.3565085799697234
6	10	2021	6.3	26.72	0.0	1.5659649958971609
7	10	2021	3.24	14.41	0.0	0.7430430701617334
8	10	2021	1.77	16.73	0.0	0.9686484898634028
9	10	2021	-0.52	19.8	0.0	1.263536751007822
10	10	2021	-0.93	18.68	0.0	1.1826236927985367
11	10	2021	-1.61	8.82	0.0	0.5771294662244754
12	10	2021	-6.46	8.7	0.0	0.7034681364973254
13	10	2021	-3.41	5.01	3.73	0.4009845649289245
14	10	2021	-1.07	5.84	2.3	0.356846959766021
15	10	2021	-3.1	13.52	0.0	0.8670092010704478
16	10	2021	-0.7	17.91	0.0	1.044108966764665
17	10	2021	2.54	23.82	0.0	1.319277860375879
18	10	2021	1.61	13.58	0.0	0.7175063695627345
19	10	2021	-5.47	6.88	0.0	0.571778970873222
20	10	2021	-7.66	7.5	0.0	0.6458182411412915
21	10	2021	-4.83	9.63	0.0	0.6859529308065713
22	10	2021	-5.41	8.99	0.0	0.6657506815302573
23	10	2021	-2.13	6.82	1.22	0.4593455326331024
24	10	2021	1.91	5.76	0.0	0.2259669089630173
25	10	2021	3.38	9.13	2.43	0.3358499674236714
26	10	2021	2.18	9.91	2.54	0.4359369817795378
27	10	2021	-0.15	13.15	0.0	0.7353364189772174
28	10	2021	-2.18	11.04	0.0	0.6800706679090106
29	10	2021	-0.01	8.72	2.21	0.4550909772892412
30	10	2021	-4.6	4.77	0.0	0.4333610664589613
31	10	2021	-7.77	3.95	0.0	0.4771565581536003
1	11	2021	-9.33	2.15	0.0	0.4342471808254037
2	11	2021	-9.84	6.43	0.0	0.6101752170223911
3	11	2021	-8.27	9.81	0.0	0.7252875230560477
4	11	2021	-2.41	14.98	0.0	0.8649785711060186
5	11	2021	1.93	14.25	0.0	0.7098132076356419
6	11	2021	-3.1	10.32	0.0	0.6482215143817258
7	11	2021	-6.02	9.73	0.0	0.6789729054397133
8	11	2021	-6.11	8.75	0.0	0.6354863626780449
9	11	2021	-9.45	7.84	0.0	0.6444580909916653
10	11	2021	-2.18	3.25	1.69	0.2627949866615648
11	11	2021	-6.5	-2.47	0.0	0.1602190106954185
12	11	2021	-9.22	-3.79	0.0	0.1912559349416648
13	11	2021	-9.61	4.13	0.0	0.4954513852399133
14	11	2021	-6.32	1.36	0.49	0.3185742578394721
15	11	2021	-1.49	4.45	0.87	0.2929875049144216
16	11	2021	-4.11	5.59	5.21	0.4180769746657845
17	11	2021	-11.42	-5.15	0.0	0.1975100314495347
18	11	2021	-14.32	-1.92	0.0	0.3497253538081297
19	11	2021	-10.62	-2.11	0.0	0.2827870705904191
20	11	2021	-10.88	0.55	0.0	0.3795666237100809
21	11	2021	-17.46	-3.22	0.0	0.3401915256644584
22	11	2021	-7.61	4.42	0.0	0.46220531727078
23	11	2021	-9.7	2.99	0.0	0.4426699969005893
24	11	2021	-16.77	-8.63	0.0	0.1897216875929711
25	11	2021	-12.08	1.52	0.0	0.4224378523227471
26	11	2021	-3.33	5.92	0.0	0.4150615902957341
27	11	2021	-7.13	2.09	0.0	0.352449804891834
28	11	2021	-5.63	3.68	0.0	0.3786421770968878
29	11	2021	-4.03	5.35	1.65	0.4064925418042688
30	11	2021	-6.39	4.67	0.0	0.435791691476891
1	12	2021	-1.03	6.28	0.0	0.3532853217997239
2	12	2021	-4.03	1.73	1.11	0.2462824057430694
3	12	2021	-8.4	-1.66	0.0	0.2382523403776199
4	12	2021	-11.58	-3.15	0.95	0.2616286351851793
5	12	2021	-22.13	-9.1	0.89	0.2298017352779832
6	12	2021	-25.02	-13.81	0.0	0.1605231922500622
7	12	2021	-21.12	-9.65	0.0	0.2119079080506568
8	12	2021	-16.21	2.41	1.34	0.4800325782508928
9	12	2021	-12.22	-2.04	0.0	0.3071410285146933
10	12	2021	-14.22	-4.07	0.0	0.2749669495468548
11	12	2021	-10.81	3.67	0.0	0.4746506209736252
12	12	2021	-9.12	0.97	0.0	0.3510698598271725
13	12	2021	-14.21	-3.48	0.0	0.2901459484831862
14	12	2021	-8.75	-2.46	0.16	0.2182486514409446
15	12	2021	-21.49	-11.55	0.0	0.1742267833532205
16	12	2021	-25.13	-17.58	0.21	0.1007895579652268
17	12	2021	-26.11	-17.75	0.76	0.1054881725085466
18	12	2021	-28.25	-9.59	0.0	0.2326435806394568
19	12	2021	-19.88	-10.34	0.0	0.1835317392483603
20	12	2021	-21.32	-12.58	0.0	0.1522411878210698
21	12	2021	-19.36	-7.91	0.0	0.2321584510034472
22	12	2021	-14.23	-7.34	2.83	0.1738730632882669
23	12	2021	-15.01	-1.83	1.86	0.3465540039360554
24	12	2021	-24.99	-15.11	0.55	0.1375063278471137
25	12	2021	-29.65	-22.69	2.09	0.0642845765756969
26	12	2021	-28.91	-24.09	6.62	0.0452627607121147
27	12	2021	-34.7	-26.0	0.03	0.0582014384897198
28	12	2021	-36.99	-27.32	0.0	0.0546286175556068
29	12	2021	-35.53	-26.22	0.0	0.0589329890117029
30	12	2021	-37.24	-27.93	0.0	0.0513386940184762
31	12	2021	-36.1	-27.89	0.0	0.0487201467183634
1	1	2022	-35.15	-23.09	0.0	0.081714291514366
2	1	2022	-26.89	-1.87	0.0	0.3727947751750626
3	1	2022	-17.33	-5.58	4.5	0.2599818552811382
4	1	2022	-23.48	-13.24	2.17	0.1528686359585235
5	1	2022	-32.41	-20.1	0.0	0.1042704327915216
6	1	2022	-35.15	-26.16	0.0	0.057867727813322
7	1	2022	-25.12	-7.7	1.6	0.2659248862215499
8	1	2022	-24.38	-13.89	0.0	0.1539882917583425
9	1	2022	-29.11	-17.23	0.0	0.1285360451454968
10	1	2022	-22.37	-0.95	0.0	0.4070159939258213
11	1	2022	-12.28	3.4	0.0	0.4878754025299884
12	1	2022	-2.47	4.83	0.0	0.3367260689937005
13	1	2022	-5.6	3.68	3.18	0.3666906099139879
14	1	2022	-6.36	1.05	0.0	0.2921854447981006
15	1	2022	-5.04	4.27	0.0	0.3938714971851814
16	1	2022	-4.71	3.98	0.0	0.372870514602274
17	1	2022	-5.96	4.09	0.96	0.4127521737411919
18	1	2022	-19.72	1.82	0.0	0.4852044998724126
19	1	2022	-26.84	-16.0	0.0	0.1392868146274825
20	1	2022	-23.92	-2.6	2.09	0.365303163923322
21	1	2022	-10.33	2.31	1.37	0.4380298575325039
22	1	2022	-8.34	4.08	1.92	0.4726622779592257
23	1	2022	-8.35	4.68	0.0	0.4984152108625416
24	1	2022	-11.89	0.7	0.0	0.4094590097654157
25	1	2022	-22.93	-5.13	0.0	0.3289056289405103
26	1	2022	-10.52	1.81	0.0	0.4311154173469909
27	1	2022	-7.93	0.93	0.0	0.3440172542798989
28	1	2022	-11.49	0.8	0.0	0.41323395129371
29	1	2022	-9.14	2.13	0.0	0.4232879470087433
30	1	2022	-5.19	4.8	0.0	0.4460263815684764
31	1	2022	-12.57	3.28	3.28	0.4966891168117484
1	2	2022	-26.25	-18.02	0.11	0.112400250538003
2	2	2022	-32.9	-23.93	0.0	0.0761274231924208
3	2	2022	-31.33	-19.99	0.0	0.1136445065547815
4	2	2022	-32.44	-8.68	6.42	0.2514776517825581
5	2	2022	-16.34	-8.03	0.43	0.2183379413053676
6	2	2022	-18.32	0.84	0.0	0.4928307584999541
7	2	2022	-5.92	4.97	0.0	0.4935870125898232
8	2	2022	-4.26	2.85	0.0	0.3429636762558318
9	2	2022	-8.23	2.62	0.0	0.4520312397934615
10	2	2022	-9.45	5.08	0.92	0.5819363640515928
11	2	2022	-19.13	-12.77	0.0	0.1436669700474914
12	2	2022	-17.86	-7.62	0.0	0.263088402340815
13	2	2022	-16.6	1.57	0.0	0.5277237430280208
14	2	2022	-18.63	-9.85	1.05	0.2136402100914574
15	2	2022	-15.34	-7.45	2.01	0.2162475917280013
16	2	2022	-25.0	-16.01	0.26	0.147539000449894
17	2	2022	-27.33	-5.16	0.0	0.362214045448458
18	2	2022	-21.2	-7.46	0.0	0.3073929576845816
19	2	2022	-18.51	3.29	2.99	0.5659750567460267
20	2	2022	-22.89	-16.17	0.0	0.1260451672304466
21	2	2022	-28.38	-20.17	0.59	0.1084634170055023
22	2	2022	-31.7	-20.48	0.0	0.1224205541418218
23	2	2022	-30.45	-18.93	0.0	0.1395927482002239
24	2	2022	-27.36	-16.88	0.0	0.1582106868488675
25	2	2022	-26.92	-8.35	0.0	0.3156198595296756
26	2	2022	-13.9	-2.74	0.0	0.3939027142426069
27	2	2022	-12.1	-6.98	0.0	0.1911772422488947
28	2	2022	-13.55	-7.31	0.0	0.2206796607100581
1	3	2022	-12.34	-7.04	0.0	0.2002898850833345
2	3	2022	-17.51	-9.5	0.0	0.235390117008928
3	3	2022	-18.86	-10.2	6.56	0.2168588062223027
4	3	2022	-12.04	-8.37	4.96	0.13027245929072
5	3	2022	-16.04	-9.88	0.0	0.2000942803581681
6	3	2022	-18.39	-4.73	0.0	0.4112982239981754
7	3	2022	-15.49	1.67	0.61	0.6132853435924297
8	3	2022	-17.73	-8.69	0.71	0.2819453494624073
9	3	2022	-23.98	-14.77	0.47	0.1955857750978764
10	3	2022	-23.62	-12.99	0.0	0.2351410389032039
11	3	2022	-30.19	-10.63	0.0	0.2957492589469698
12	3	2022	-16.83	2.94	0.0	0.700763020335407
13	3	2022	-12.2	-2.6	0.0	0.4173151541659853
14	3	2022	-11.41	-0.09	0.0	0.516620993381672
15	3	2022	-6.68	3.99	0.0	0.6520571976069539
16	3	2022	-4.2	3.79	0.0	0.5150888601411094
17	3	2022	-6.49	4.89	0.0	0.7332772914501958
18	3	2022	-2.6	5.49	0.0	0.5834609285236824
19	3	2022	-4.09	5.98	0.0	0.7579013163737287
20	3	2022	-2.01	4.1	0.0	0.4493535022055559
21	3	2022	-0.9	5.47	0.0	0.5226069229818888
22	3	2022	-2.73	7.26	0.0	0.8826798041366165
23	3	2022	-2.2	11.55	0.0	1.2535677078171574
24	3	2022	-0.73	6.21	0.97	0.628105685168999
25	3	2022	-7.24	-0.08	0.0	0.4618897144437837
26	3	2022	-10.08	-3.47	0.0	0.3608854577101885
27	3	2022	-7.96	6.65	0.0	1.0558619339412252
28	3	2022	-2.67	6.85	0.0	1.005047527130955
29	3	2022	-5.87	1.29	0.0	0.6091232221398047
30	3	2022	-8.01	8.38	0.0	1.2565323050460115
31	3	2022	-1.93	5.34	2.09	0.5970375930515388
1	4	2022	-3.86	4.46	0.0	0.8275568605057669
2	4	2022	-7.01	6.19	0.0	1.1158607364761293
3	4	2022	-3.71	10.89	0.0	1.4404642845199322
4	4	2022	-1.2	15.01	0.0	1.7918282778048582
5	4	2022	-0.41	8.21	2.06	0.8781448187307429
6	4	2022	-1.44	6.96	0.53	1.0367010043977205
7	4	2022	-3.42	10.43	0.0	1.4807883823047907
8	4	2022	-1.89	17.44	0.0	1.9946795798589687
9	4	2022	0.18	12.11	0.0	1.5826338870385723
10	4	2022	-3.9	6.3	0.0	1.1455495345508409
11	4	2022	-8.37	-1.96	0.0	0.5125834706088209
12	4	2022	-10.15	-5.51	0.0	0.2743581942609476
13	4	2022	-9.67	-5.15	1.21	0.2777799855398548
14	4	2022	-8.96	-3.95	1.57	0.375684654623408
15	4	2022	-10.28	-2.32	0.64	0.6488588556093063
16	4	2022	-9.74	0.98	0.0	0.9300443140755008
17	4	2022	-7.76	3.68	0.0	1.118354972429498
18	4	2022	-7.58	8.26	0.0	1.46865946681913
19	4	2022	-2.67	3.8	2.27	0.642295565376927
20	4	2022	-4.64	1.38	2.35	0.4975033552572016
21	4	2022	-8.63	5.35	0.0	1.265755529226214
22	4	2022	-1.97	3.44	0.73	0.7253366263047469
23	4	2022	0.01	8.94	2.09	1.1427654194170185
24	4	2022	-2.39	10.7	0.0	1.6935631910534952
25	4	2022	-2.96	10.06	0.0	1.6426531574142882
26	4	2022	-3.03	13.78	0.0	1.9033336265800591
27	4	2022	0.52	14.9	0.0	2.007409934213618
28	4	2022	0.84	17.76	0.0	2.1913454593433364
29	4	2022	0.82	16.56	0.0	2.1208371365740484
30	4	2022	1.78	17.27	0.0	2.1710788962961503
1	5	2022	0.48	14.5	0.0	1.9788933013998689
2	5	2022	-0.57	17.98	0.0	2.1957896392904614
3	5	2022	3.83	19.85	0.0	2.3561290980428
4	5	2022	0.9	23.63	0.0	2.549820911859415
5	5	2022	8.35	27.28	0.0	2.858705846144128
6	5	2022	9.67	22.51	1.98	2.486365204074386
7	5	2022	6.06	14.73	5.26	1.5051772927408662
8	5	2022	3.16	15.16	0.0	1.9348395408954224
9	5	2022	0.02	15.5	0.0	1.9821946755195916
10	5	2022	3.27	13.42	2.92	1.380031280412392
11	5	2022	-0.14	18.72	0.0	2.1817515428217154
12	5	2022	3.09	20.15	0.0	2.2954437384434025
13	5	2022	4.48	10.91	13.53	0.7923857172385234
14	5	2022	2.59	16.38	0.0	1.8894327084065028
15	5	2022	3.11	20.14	0.0	2.2505158465990305
16	5	2022	4.36	19.78	0.0	2.202215381163667
17	5	2022	6.4	19.7	3.33	1.7505205548033458
18	5	2022	7.0	15.95	1.16	1.4942878728016646
19	5	2022	1.2	10.94	3.39	0.999799191511135
20	5	2022	0.78	7.84	0.0	0.8082129768897721
21	5	2022	-0.7	14.21	0.0	1.7693315925186923
22	5	2022	1.26	16.82	0.0	1.9754462054822248
23	5	2022	2.15	22.37	0.0	2.4494712397284917
24	5	2022	4.93	24.19	0.0	2.5854659541135856
25	5	2022	6.42	24.02	0.0	2.5706228336720733
26	5	2022	6.11	23.97	0.0	2.571645082349279
27	5	2022	7.08	21.59	1.57	2.293104072291914
28	5	2022	8.49	23.05	0.0	2.391677613723132
29	5	2022	9.72	19.2	0.0	1.701849601416975
30	5	2022	7.39	17.57	0.0	1.7087184204203507
31	5	2022	3.69	18.66	0.0	2.1178001040348757
1	6	2022	2.59	19.49	0.0	2.238257829016475
2	6	2022	4.66	21.26	0.0	2.412088074330911
3	6	2022	2.6	22.85	0.0	2.5203669358478846
4	6	2022	3.96	24.45	0.0	2.636183858601023
5	6	2022	6.27	19.95	0.0	2.2947046871273833
6	6	2022	5.31	20.64	0.0	2.361338376745394
7	6	2022	7.65	20.98	0.0	2.3495042865451072
8	6	2022	7.26	24.32	0.0	2.628449763003202
9	6	2022	11.2	23.71	0.0	2.492518822018761
10	6	2022	10.29	25.0	2.26	2.335770037941531
11	6	2022	8.33	23.83	0.0	2.5848239882669275
12	6	2022	8.57	24.58	6.95	2.321504950456749
13	6	2022	11.33	21.58	3.26	1.6139583061215628
14	6	2022	7.42	18.6	0.0	1.9152458711708404
15	6	2022	5.37	17.12	3.47	1.5092708278102307
16	6	2022	10.6	21.02	0.0	1.959304031064566
17	6	2022	10.77	28.78	0.0	2.9419392348815308
18	6	2022	17.49	31.88	0.0	2.9903624161729763
19	6	2022	15.74	21.31	4.82	0.7244766975813911
20	6	2022	14.39	20.99	3.72	0.8950650529957123
21	6	2022	11.68	22.51	1.41	1.993249499269638
22	6	2022	10.69	27.95	0.0	2.815182853276694
23	6	2022	10.62	26.33	5.51	2.1783992268731627
24	6	2022	8.57	18.49	1.37	1.6290570630763843
25	6	2022	8.45	20.98	3.06	1.635687975998498
26	6	2022	8.81	24.85	0.0	2.485074847458117
27	6	2022	10.15	23.18	0.0	2.190154705021724
28	6	2022	9.12	22.28	1.47	2.135291559371704
29	6	2022	12.41	25.38	1.06	2.2818465102687364
30	6	2022	9.67	22.81	0.0	2.1560631223808993
1	7	2022	8.1	23.3	0.0	2.324341916297467
2	7	2022	9.96	22.27	0.0	2.0613557464701135
3	7	2022	10.64	23.39	0.65	2.183217509241903
4	7	2022	12.71	18.66	7.73	0.6931542605578849
5	7	2022	11.85	18.01	3.34	0.709345892328315
6	7	2022	12.65	24.27	0.0	2.0879660932829225
7	7	2022	11.94	23.51	2.88	1.6087228819600132
8	7	2022	16.4	30.84	4.11	2.1416103156879864
9	7	2022	16.41	29.17	3.87	1.8851838310392095
10	7	2022	14.06	24.97	4.29	1.5124247901286962
11	7	2022	11.31	26.96	0.0	2.427253836961023
12	7	2022	10.99	29.67	0.0	2.702658818315017
13	7	2022	15.83	32.69	2.99	2.258878365873268
14	7	2022	14.94	27.9	1.76	2.2236407173929424
15	7	2022	15.94	33.15	0.0	2.7768416647482694
16	7	2022	14.97	34.96	0.0	2.976464952597379
17	7	2022	16.06	30.84	0.0	2.471577918977783
18	7	2022	14.6	28.83	22.26	1.8598414805943593
19	7	2022	15.43	28.34	6.95	1.581956547586114
20	7	2022	12.87	24.65	4.64	1.3244148072675916
21	7	2022	11.12	28.05	0.0	2.24153709470523
22	7	2022	11.47	24.71	0.0	1.81522266182959
23	7	2022	8.95	21.52	0.0	1.6224258713275057
24	7	2022	7.8	27.4	0.0	2.3130012661414026
25	7	2022	13.51	20.59	1.83	0.9091117946354051
26	7	2022	10.56	23.96	0.0	1.7727201949077258
27	7	2022	8.02	25.13	0.0	2.063880880903131
28	7	2022	7.99	27.1	0.0	2.238256397005026
29	7	2022	12.71	32.84	0.0	2.554736095938756
30	7	2022	15.01	25.35	3.05	1.145446505774393
31	7	2022	13.72	27.19	4.88	1.4526404472029733
1	8	2022	14.38	25.98	0.0	1.5470887835865834
2	8	2022	13.62	24.74	0.0	1.4467280603497692
3	8	2022	8.65	25.15	0.0	1.9187771738048671
4	8	2022	11.08	33.3	0.0	2.537697072727686
5	8	2022	9.01	18.91	0.0	1.078370180519187
6	8	2022	5.02	22.56	0.0	1.8161077739648743
7	8	2022	11.32	29.85	0.0	2.209718533124843
8	8	2022	11.0	32.93	0.0	2.4826773749956783
9	8	2022	9.74	25.69	0.0	1.8398156067241436
10	8	2022	9.74	25.22	0.0	1.775848785417749
11	8	2022	14.93	25.02	0.0	1.200090057722792
12	8	2022	11.59	31.26	0.0	2.3483997878655134
13	8	2022	15.57	32.31	1.45	2.1902934671776793
14	8	2022	15.52	30.4	0.0	1.945245596370347
15	8	2022	12.66	29.07	0.0	2.018365808177366
16	8	2022	13.74	33.61	0.0	2.41766149333627
17	8	2022	15.96	29.3	0.0	1.7416465290188303
18	8	2022	12.57	29.15	0.0	2.0308557048478346
19	8	2022	10.82	29.05	0.0	2.1067814432810392
20	8	2022	14.11	31.46	0.0	2.140168979129951
21	8	2022	12.62	33.8	0.0	2.426199745438052
22	8	2022	16.29	26.69	0.0	1.2317734771167137
23	8	2022	13.99	26.29	0.0	1.4672398560483526
24	8	2022	10.62	26.64	0.0	1.7905880302807575
25	8	2022	10.41	28.4	0.0	1.970150075653444
26	8	2022	12.54	28.64	12.44	1.5168314233061264
27	8	2022	13.83	30.34	0.0	1.8650648604331397
28	8	2022	12.67	21.23	0.0	0.9054177925206348
29	8	2022	9.11	27.0	0.0	1.8079625448120873
30	8	2022	10.47	31.49	0.0	2.1271950039285845
31	8	2022	13.47	34.83	0.0	2.251070081717659
1	9	2022	14.4	32.5	0.0	1.9550403761472877
2	9	2022	6.26	26.24	0.0	1.794006724314291
3	9	2022	11.47	35.54	0.0	2.334836721246167
4	9	2022	15.11	33.68	0.0	1.9622937411149943
5	9	2022	12.39	31.53	0.0	1.91338056775114
6	9	2022	8.61	24.79	0.0	1.4754767636908777
7	9	2022	9.73	34.52	0.0	2.2467827190335656
8	9	2022	7.13	19.74	0.0	1.0833909975186742
9	9	2022	3.36	17.16	0.0	1.0669461115464705
10	9	2022	2.19	22.43	0.0	1.522085120297239
11	9	2022	8.01	31.55	0.0	2.050902653533788
12	9	2022	8.54	22.92	0.0	1.247434061428076
13	9	2022	8.12	15.32	1.41	0.6209473077468659
14	9	2022	7.5	14.84	2.64	0.5680085386178846
15	9	2022	5.93	16.38	0.0	0.8511793484955787
16	9	2022	9.77	19.76	0.0	0.8908035002078056
17	9	2022	7.36	22.56	0.0	1.2553348834637752
18	9	2022	5.63	22.08	0.0	1.3195208601254873
19	9	2022	8.41	17.92	1.48	0.8141001395075204
20	9	2022	4.86	13.75	0.0	0.6947144390893975
21	9	2022	0.06	16.76	0.0	1.1078667815299248
22	9	2022	1.53	18.74	0.91	1.2113420766668934
23	9	2022	5.15	18.75	0.0	1.0415600867031816
24	9	2022	6.09	21.46	0.0	1.221327565482588
25	9	2022	2.37	21.55	0.0	1.3774485305913455
26	9	2022	6.37	22.69	0.0	1.287830787153085
27	9	2022	5.38	24.72	0.0	1.487699600632919
28	9	2022	8.39	29.96	0.0	1.7665216204650178
29	9	2022	7.34	29.77	0.0	1.7710115756556617
30	9	2022	10.32	22.82	0.0	1.0405755599690796
1	10	2022	7.15	19.72	0.0	0.970958244050238
2	10	2022	4.85	19.31	0.0	1.0443302781749282
3	10	2022	6.53	22.25	0.0	1.2024400798206505
4	10	2022	7.13	25.53	0.0	1.452104839732543
5	10	2022	2.82	11.91	0.0	0.6188077135597904
6	10	2022	-4.92	9.7	0.0	0.7591285674771922
7	10	2022	-2.91	19.6	0.0	1.2995872303251883
8	10	2022	3.3	22.44	0.0	1.3617602178419452
9	10	2022	3.0	21.95	0.0	1.342022701269258
10	10	2022	2.91	25.21	0.0	1.552612263014686
11	10	2022	4.11	15.01	0.0	0.7464334209155329
12	10	2022	2.5	11.06	0.0	0.5559183580767936
13	10	2022	-0.12	13.57	0.0	0.8120184766531889
14	10	2022	-2.6	14.66	1.8	0.9527895501375824
15	10	2022	-2.2	8.7	0.0	0.5914143788280072
16	10	2022	-4.61	8.05	0.0	0.6253645776807593
17	10	2022	-2.57	16.38	0.0	1.1547479809350245
18	10	2022	0.26	21.7	0.0	1.5145100436438317
19	10	2022	2.24	21.18	0.0	1.4978092841212365
20	10	2022	3.08	15.26	0.0	0.946759408777184
21	10	2022	0.54	11.73	0.0	0.7480660869051673
22	10	2022	-3.86	10.83	2.05	0.719108724577472
23	10	2022	-0.91	3.11	11.92	0.2025237186306658
24	10	2022	-2.6	0.69	0.32	0.1639850777568725
25	10	2022	-3.36	2.94	0.0	0.3059920259238762
26	10	2022	-4.3	5.61	0.0	0.4713003002703019
27	10	2022	-0.86	9.1	0.0	0.5382699935845872
28	10	2022	0.02	9.54	0.0	0.5305904759856798
29	10	2022	-1.87	12.6	0.0	0.7895138876838201
30	10	2022	-1.02	13.98	0.0	0.8874346230932395
31	10	2022	-0.85	8.54	0.0	0.5012060860989555
1	11	2022	-0.31	8.92	0.0	0.5008282580353576
2	11	2022	-2.6	1.26	0.0	0.1883637028092392
3	11	2022	-7.74	-2.51	0.0	0.2047956321351887
4	11	2022	-9.08	3.96	3.65	0.4820778392741606
5	11	2022	-5.15	3.3	11.95	0.3636409692976527
6	11	2022	-12.09	-6.03	0.0	0.1953628572206752
7	11	2022	-14.76	-6.65	3.4	0.2180432751838214
8	11	2022	-17.78	-6.55	0.0	0.2760686318582389
9	11	2022	-23.19	-15.0	0.0	0.1392088657210546
10	11	2022	-23.8	-14.51	0.31	0.1530561555292824
11	11	2022	-21.56	-10.91	0.0	0.20483139022248
12	11	2022	-21.2	-10.5	0.99	0.2099292462905086
13	11	2022	-14.28	-6.64	0.23	0.2189553950068855
14	11	2022	-12.37	-5.86	0.87	0.2045576093591353
15	11	2022	-12.19	-3.97	0.0	0.2633566827980181
16	11	2022	-10.7	-2.87	0.55	0.2703884187443336
17	11	2022	-16.28	-10.15	0.0	0.1546999025350717
18	11	2022	-16.39	-6.92	0.0	0.2434151641120248
19	11	2022	-12.77	-4.24	0.0	0.2655278951308347
20	11	2022	-11.97	0.34	0.0	0.401761594118214
21	11	2022	-11.98	1.04	1.29	0.4238431393474863
22	11	2022	-6.42	1.94	0.0	0.3481907193633137
23	11	2022	-5.13	1.93	0.0	0.3085396185575654
24	11	2022	-6.77	3.44	0.0	0.4156773464025883
25	11	2022	-0.79	6.52	0.0	0.3768581781603697
26	11	2022	-4.16	2.41	0.0	0.2955300833978374
27	11	2022	-4.99	2.45	1.91	0.322765229145263
28	11	2022	-10.84	-5.24	3.98	0.1747834761146568
29	11	2022	-16.64	-10.58	0.94	0.1441418345066822
30	11	2022	-21.44	-14.4	1.04	0.1254506677509019
1	12	2022	-23.03	-15.05	0.76	0.1293301046850464
2	12	2022	-29.34	-21.6	0.65	0.0799183898658299
3	12	2022	-24.75	-11.43	0.0	0.2014011294669186
4	12	2022	-15.85	-3.75	0.0	0.3096029892957221
5	12	2022	-24.46	-14.28	0.3	0.1513600390975485
6	12	2022	-33.23	-22.02	0.8	0.0894059160879891
7	12	2022	-34.68	-9.24	0.0	0.225830577457315
8	12	2022	-16.0	-6.13	0.0	0.2442999370644905
9	12	2022	-11.62	-2.89	0.0	0.2705607970745895
10	12	2022	-17.2	-6.71	0.0	0.2424813151948032
11	12	2022	-10.83	-4.51	1.79	0.2003852656909123
12	12	2022	-12.05	-7.05	2.97	0.1416344911226509
13	12	2022	-15.17	-11.43	0.0	0.091135585018869
14	12	2022	-17.09	-8.73	0.0	0.1911627978155987
15	12	2022	-16.62	-10.87	0.0	0.1319572681801753
16	12	2022	-20.73	-13.85	0.24	0.1239564453747391
17	12	2022	-21.15	-15.37	0.0	0.0999669511211506
18	12	2022	-25.78	-20.52	1.06	0.065889535077769
19	12	2022	-30.61	-23.13	1.81	0.0680826204810865
20	12	2022	-35.08	-28.26	0.9	0.043195230528421
21	12	2022	-33.19	-27.36	0.32	0.0423096012340391
22	12	2022	-31.41	-25.17	0.0	0.0526271225315535
23	12	2022	-34.89	-21.5	0.0	0.0959570800927569
24	12	2022	-24.77	-12.52	3.45	0.1739969740552282
25	12	2022	-17.07	-9.79	0.0	0.1658862681094738
26	12	2022	-15.48	-0.88	0.0	0.3810450949775624
27	12	2022	-11.26	-3.64	8.23	0.2303814285362219
28	12	2022	-16.73	-9.73	2.25	0.1559701698932486
29	12	2022	-15.72	-10.5	0.0	0.1262515647384881
30	12	2022	-16.98	-8.78	0.0	0.1897522480065037
31	12	2022	-18.83	-11.01	0.0	0.1616526304797946
1	1	2023	-19.58	-7.36	0.0	0.2469853170086351
2	1	2023	-15.3	-5.37	0.0	0.2535604415174571
3	1	2023	-15.25	-6.14	0.0	0.2321627825137411
4	1	2023	-18.33	-9.44	0.0	0.1899279203569741
5	1	2023	-18.8	-10.63	0.0	0.1689647867732278
6	1	2023	-17.25	-6.44	0.0	0.2500386857909401
7	1	2023	-13.45	-3.92	0.0	0.2704244556421182
8	1	2023	-14.65	-5.3	0.0	0.2489640928107527
9	1	2023	-14.19	-4.61	0.0	0.262491615856252
10	1	2023	-16.18	-9.82	0.0	0.1529004121323092
11	1	2023	-15.07	-9.52	0.0	0.1413747818716832
12	1	2023	-14.28	-7.4	0.0	0.1862084399256069
13	1	2023	-12.71	-3.37	0.0	0.2797792360649824
14	1	2023	-12.04	-5.02	0.0	0.2163888366284428
15	1	2023	-9.76	-7.09	0.0	0.0901272186036386
16	1	2023	-9.66	-7.49	0.0	0.0738270170664508
17	1	2023	-11.13	-7.71	0.0	0.1085253296115928
18	1	2023	-8.81	-3.77	0.0	0.1833101053924964
19	1	2023	-9.18	-4.41	0.0	0.1706466498042755
20	1	2023	-14.21	-4.64	0.0	0.2716278554814539
21	1	2023	-12.88	-1.81	0.0	0.3397688336959349
22	1	2023	-7.88	1.03	0.0	0.3496872625730363
23	1	2023	-12.41	-1.93	0.49	0.3632235583502257
24	1	2023	-11.97	-3.32	0.0	0.2885166984536437
25	1	2023	-8.35	-1.31	1.22	0.279040364754772
26	1	2023	-8.66	3.43	0.75	0.5886620346316556
27	1	2023	-19.77	-5.34	0.73	0.333739114766998
28	1	2023	-24.74	-18.46	0.0	0.0960081401014207
29	1	2023	-26.33	-20.12	0.0	0.0854336418272483
30	1	2023	-26.86	-18.4	0.0	0.115611929885405
31	1	2023	-24.49	-14.07	0.99	0.171566664062607
1	2	2023	-24.02	-12.44	1.27	0.1993588773417187
2	2	2023	-28.99	-17.98	0.0	0.1344025137043962
3	2	2023	-20.04	-3.1	0.0	0.4340342637044946
4	2	2023	-7.83	-0.8	0.0	0.3644639681310499
5	2	2023	-10.78	0.95	0.0	0.5766185020674043
6	2	2023	-5.07	0.74	0.0	0.3504871981347334
7	2	2023	-5.28	2.77	0.0	0.5703947759503772
8	2	2023	-9.61	-0.72	0.0	0.484166699666673
9	2	2023	-14.1	-2.96	0.0	0.4554514033317992
10	2	2023	-10.04	4.24	0.0	0.7846271931025582
11	2	2023	-6.76	1.15	0.0	0.532591824397539
12	2	2023	-7.54	1.27	0.0	0.5873755172061828
13	2	2023	-4.5	3.18	0.0	0.6244800622516449
14	2	2023	-17.68	-4.92	0.0	0.4302256452601528
15	2	2023	-18.57	-10.77	0.0	0.203420799832729
16	2	2023	-21.07	-2.77	0.0	0.5060848290303485
17	2	2023	-9.54	-0.93	0.0	0.5123183134022337
18	2	2023	-12.93	-4.52	0.0	0.3855605438150044
19	2	2023	-13.68	-7.47	1.74	0.2276658172899234
20	2	2023	-22.03	-11.75	0.32	0.241779844361921
21	2	2023	-27.84	-19.13	0.0	0.1247424131518265
22	2	2023	-31.8	-25.86	0.0	0.0610516765665871
23	2	2023	-29.91	-21.86	0.0	0.0998179693142597
24	2	2023	-31.18	-19.96	0.0	0.1319184935005432
25	2	2023	-28.57	-12.69	0.0	0.2580846755492795
26	2	2023	-19.08	-3.64	0.0	0.5484389739051564
27	2	2023	-15.85	-6.65	0.0	0.3987479860343293
28	2	2023	-21.05	-11.25	0.0	0.2777253783643352
1	3	2023	-20.86	-7.33	0.0	0.4265013690035487
2	3	2023	-12.92	0.29	0.0	0.7612325095303799
3	3	2023	-10.58	-0.95	0.0	0.6654740661879432
4	3	2023	-15.16	-5.82	0.0	0.4601784848029405
5	3	2023	-21.47	-11.64	0.0	0.2913467986438938
6	3	2023	-26.22	-14.04	0.0	0.2518164757838472
7	3	2023	-19.12	-13.21	0.0	0.170539837063156
8	3	2023	-20.13	-14.12	1.35	0.1616744893707819
9	3	2023	-19.77	-11.15	0.0	0.3036357267264816
10	3	2023	-15.25	-7.09	2.55	0.3364609833659582
11	3	2023	-13.07	-6.91	3.02	0.2715436234568632
12	3	2023	-19.62	-9.22	0.0	0.4123955423031984
13	3	2023	-18.35	-3.92	0.0	0.6408613236420878
14	3	2023	-11.92	0.71	1.6	0.9019244657995288
15	3	2023	-15.23	-4.34	0.0	0.6304642720407632
16	3	2023	-15.71	-6.54	0.0	0.5158488180703713
17	3	2023	-21.48	-8.9	0.0	0.4544661938117317
18	3	2023	-19.75	-1.36	0.0	0.7511109969715094
19	3	2023	-15.22	-3.59	0.0	0.6981694454524305
20	3	2023	-13.37	-6.74	0.0	0.4435499129790797
21	3	2023	-15.89	-7.15	0.0	0.5056975264820377
22	3	2023	-16.62	-7.06	0.0	0.5324396598905519
23	3	2023	-15.67	2.12	0.0	0.956123587708969
24	3	2023	-14.7	-3.83	0.0	0.7057762145676453
25	3	2023	-19.28	-4.27	0.0	0.6811017566550024
26	3	2023	-15.6	-6.98	0.0	0.5254367367963605
27	3	2023	-20.12	-9.17	0.0	0.4788821405909531
28	3	2023	-22.22	-7.02	0.0	0.56832199131139
29	3	2023	-18.53	-1.65	0.0	0.8049151773570805
30	3	2023	-12.5	-1.74	0.0	0.8565234076116071
31	3	2023	-14.95	-0.25	0.0	0.909751187276792
1	4	2023	-9.61	3.02	0.0	1.1053693846156885
2	4	2023	-8.62	-3.27	2.73	0.4292333757393027
3	4	2023	-13.8	-8.24	1.77	0.3934578534271741
4	4	2023	-19.09	-7.13	0.0	0.6034505715778565
5	4	2023	-22.28	-6.24	0.0	0.6251104305792999
6	4	2023	-20.71	-4.47	0.0	0.7096941190947589
7	4	2023	-13.89	1.05	0.0	0.9970407351135104
8	4	2023	-5.19	5.5	0.0	1.267215503971232
9	4	2023	-0.1	7.56	0.0	1.343251094765021
10	4	2023	2.25	8.77	0.0	1.378767887307747
11	4	2023	0.62	9.99	0.0	1.5218524382317318
12	4	2023	-0.13	8.27	0.0	1.4135171790662338
13	4	2023	-1.91	6.94	0.44	1.3545346911035114
14	4	2023	-0.97	8.56	0.0	1.4625676647481247
15	4	2023	-2.04	12.06	0.0	1.7066716525865755
16	4	2023	-1.09	14.51	0.0	1.865209875950009
17	4	2023	2.34	15.78	0.0	1.90046489168155
18	4	2023	0.1	5.9	4.18	0.8919662393474312
19	4	2023	-4.11	-0.34	7.1	0.300242251658695
20	4	2023	-5.1	-1.43	0.64	0.3148921147254154
21	4	2023	-5.11	1.88	0.0	0.8185566326906455
22	4	2023	-4.66	6.56	0.0	1.3478970163216246
23	4	2023	-4.93	8.83	0.0	1.4992619617993157
24	4	2023	-2.19	10.26	0.0	1.6001967835923872
25	4	2023	1.7	15.79	1.56	1.9594035825111624
26	4	2023	1.42	14.71	0.0	1.8918289378076616
27	4	2023	1.66	10.91	0.0	1.6187168004667294
28	4	2023	-0.82	18.39	0.0	2.1041579710135823
29	4	2023	-0.8	15.73	0.0	1.9593401069872487
30	4	2023	-2.13	15.41	0.0	1.9281826782516591
1	5	2023	-0.53	19.41	0.0	2.1763390423280136
2	5	2023	2.52	25.36	0.0	2.5524708943253507
3	5	2023	5.39	26.36	0.0	2.651613503991158
4	5	2023	5.92	26.34	0.0	2.658852563639428
5	5	2023	4.51	19.25	0.0	2.2014470075638957
6	5	2023	4.19	17.08	0.0	2.050467799556136
7	5	2023	6.67	18.02	0.0	2.0897733296551926
8	5	2023	6.51	18.83	0.0	2.163929503335804
9	5	2023	3.67	20.32	0.0	2.294983693744715
10	5	2023	7.15	21.1	0.0	2.3286067618686133
11	5	2023	6.06	20.9	0.0	2.3257873340436
12	5	2023	8.81	18.1	0.0	2.020880175874764
13	5	2023	5.24	23.67	0.0	2.524663773723835
14	5	2023	5.98	25.68	0.0	2.6567551228598902
15	5	2023	9.6	27.16	0.0	2.753984055958816
16	5	2023	9.6	30.28	0.0	2.965805965241315
17	5	2023	5.89	17.19	0.0	2.0232382504850266
18	5	2023	3.5	15.71	0.0	1.948116148276974
19	5	2023	1.17	25.19	0.83	2.5813361027413393
20	5	2023	10.6	25.17	0.0	2.568012622665268
21	5	2023	6.62	23.99	0.0	2.5306183124663115
22	5	2023	11.05	30.39	3.23	2.7070568118090765
23	5	2023	11.1	24.18	0.0	2.4611192635177908
24	5	2023	9.87	22.79	10.28	2.1942930316571108
25	5	2023	12.43	16.2	2.56	0.4476520438892662
26	5	2023	10.13	19.02	0.0	1.8379916940425391
27	5	2023	7.96	16.86	4.74	1.3551354646006633
28	5	2023	12.82	21.05	0.0	1.7948098780837534
29	5	2023	10.18	26.64	0.0	2.7347040653911683
30	5	2023	11.22	28.27	2.93	2.600987967810416
31	5	2023	11.75	30.26	0.0	2.9975702622331486
1	6	2023	14.03	26.74	7.65	2.2288961865745067
2	6	2023	12.86	22.89	0.0	2.073403586786523
3	6	2023	16.22	26.12	5.6	1.7891482637601268
4	6	2023	15.22	30.15	0.0	2.9537613385283294
5	6	2023	17.35	32.24	0.0	3.066145097720701
6	6	2023	16.42	28.13	0.0	2.5360451377609055
7	6	2023	13.32	28.82	0.0	2.8969642193551577
8	6	2023	13.84	29.39	0.0	2.936165724605887
9	6	2023	11.76	25.29	0.0	2.6019103644278343
10	6	2023	9.73	23.62	0.0	2.547923562004863
11	6	2023	9.96	27.45	0.0	2.8510574259998
12	6	2023	12.23	29.94	0.0	3.013339672774956
13	6	2023	12.61	30.39	0.0	3.0447502049923933
14	6	2023	12.77	29.02	4.1	2.5849969233929326
15	6	2023	9.5	18.13	0.0	1.6578732013766664
16	6	2023	6.94	24.47	0.0	2.666075727311678
17	6	2023	11.91	20.69	0.0	1.817106733773328
18	6	2023	8.17	23.87	23.64	2.2104812348956133
19	6	2023	9.61	22.19	0.0	2.1019652073897195
20	6	2023	8.76	22.48	0.0	2.2170604161746628
21	6	2023	8.08	20.27	0.0	1.97459572401686
22	6	2023	8.13	23.61	0.0	2.40151673617399
23	6	2023	8.68	25.83	0.0	2.6134886982165577
24	6	2023	9.55	26.25	0.0	2.6045429988921387
25	6	2023	11.21	28.82	0.0	2.798475005704918
26	6	2023	12.05	26.02	0.0	2.395923898922641
27	6	2023	11.45	28.12	0.0	2.684394909823694
28	6	2023	11.77	25.03	0.0	2.261721802202231
29	6	2023	10.55	27.3	0.0	2.638679984949754
30	6	2023	13.62	29.8	0.0	2.767486615128124
1	7	2023	14.35	32.13	0.0	2.982252978452008
2	7	2023	12.18	23.02	0.0	1.9008224958279676
3	7	2023	9.7	21.68	0.0	1.967922317361784
4	7	2023	7.6	18.75	0.0	1.7194060995779985
5	7	2023	6.25	23.62	0.0	2.4243171830730055
6	7	2023	8.63	26.07	0.0	2.588998402124372
7	7	2023	8.21	24.33	0.0	2.4086505888121685
8	7	2023	8.95	27.98	0.0	2.7584730540004636
9	7	2023	11.71	29.64	0.0	2.8230924588697146
10	7	2023	9.65	23.38	0.0	2.1736059430407795
11	7	2023	8.6	21.51	0.0	1.998079658430728
12	7	2023	9.26	24.49	0.0	2.350588481092344
13	7	2023	11.6	25.92	0.0	2.384614831610399
14	7	2023	10.6	21.87	0.0	1.870309356153291
15	7	2023	8.53	23.8	0.0	2.299185792634763
16	7	2023	7.99	23.01	0.0	2.233862148643868
17	7	2023	8.19	26.27	9.93	2.128688147670235
18	7	2023	11.86	20.0	6.15	0.93876951606803
19	7	2023	13.04	23.81	0.0	1.8189283022208649
20	7	2023	10.88	27.02	0.0	2.482214714611376
21	7	2023	11.34	29.04	0.0	2.6693167794483887
22	7	2023	11.84	29.33	0.0	2.6669085647336135
23	7	2023	14.19	30.2	0.0	2.623779090451929
24	7	2023	15.49	34.21	0.0	2.9882351110346317
25	7	2023	18.38	33.84	0.0	2.763483698093999
26	7	2023	12.27	26.87	0.0	2.3268273944362687
27	7	2023	9.03	22.13	0.0	1.9357177700083537
28	7	2023	7.94	20.97	0.0	1.855888112017708
29	7	2023	5.78	23.88	0.0	2.294080889228746
30	7	2023	8.73	29.37	0.0	2.713608431681097
31	7	2023	15.48	32.66	0.0	2.7684744455433585
1	8	2023	12.67	32.5	0.0	2.8592763717431504
2	8	2023	13.08	30.45	0.0	2.6130601397663757
3	8	2023	13.51	36.62	0.0	3.146345946615029
4	8	2023	13.95	27.8	0.0	2.172881451960344
5	8	2023	9.87	27.4	0.0	2.3974949358491484
6	8	2023	9.63	26.93	0.0	2.3455182060771973
7	8	2023	9.56	28.31	0.0	2.480234092174048
8	8	2023	9.94	23.97	0.0	1.9577589097956285
9	8	2023	10.72	19.7	10.2	0.9151321078027728
10	8	2023	11.48	23.91	7.43	1.355450375827384
11	8	2023	11.71	21.87	0.0	1.3054046444865235
12	8	2023	9.68	23.33	4.4	1.3892014228033724
13	8	2023	9.92	25.54	0.0	1.9378728578328572
14	8	2023	12.56	33.23	0.0	2.566495947267127
15	8	2023	14.88	29.65	0.0	2.0136342869645665
16	8	2023	11.87	23.14	3.67	1.0998047021483222
17	8	2023	8.62	30.99	0.0	2.4355042831468587
18	8	2023	14.5	25.33	0.0	1.355679030289635
19	8	2023	8.54	20.69	0.0	1.3465250794037176
20	8	2023	4.78	21.76	1.19	1.7172221352829964
21	8	2023	11.84	18.47	17.68	0.6371662460801263
22	8	2023	13.07	17.78	16.03	0.4704859226082351
23	8	2023	13.72	23.87	0.0	1.1276604778702544
24	8	2023	10.72	23.16	0.0	1.3706380325017449
25	8	2023	10.03	21.13	0.0	1.1641980744164069
26	8	2023	9.48	29.18	0.0	2.0932247063183196
27	8	2023	11.64	27.87	0.0	1.8320967822817615
28	8	2023	10.75	29.98	0.0	2.0757314206596287
29	8	2023	12.31	31.22	0.0	2.1141079350804257
30	8	2023	14.86	28.04	0.0	1.556978709850372
31	8	2023	12.48	21.8	3.19	0.8862004175697871
1	9	2023	13.13	27.69	0.0	1.6932194080114826
2	9	2023	13.23	28.56	0.0	1.816273475952022
3	9	2023	8.43	30.75	0.0	2.212379825517291
4	9	2023	9.77	21.08	0.0	1.1734482037252127
5	9	2023	2.43	16.94	0.0	1.2403278384188177
6	9	2023	8.15	24.04	0.0	1.6176948903851007
7	9	2023	7.66	21.08	0.0	1.3266896651734563
8	9	2023	3.35	22.38	0.0	1.6333772750089082
9	9	2023	7.35	23.42	0.0	1.543310865582891
10	9	2023	6.54	24.47	0.0	1.6568326020495523
11	9	2023	6.58	21.65	0.0	1.3767444962983226
12	9	2023	7.82	27.54	0.0	1.8294246198780864
13	9	2023	11.63	22.76	0.79	1.0904889910499271
14	9	2023	7.65	20.18	0.0	1.1309423451518184
15	9	2023	5.2	21.62	0.0	1.4099045473013347
16	9	2023	6.36	28.94	0.0	1.9360674809706913
17	9	2023	7.82	31.01	0.0	2.1638510672448015
18	9	2023	9.77	26.92	0.0	1.7455699791656976
19	9	2023	6.02	18.23	0.0	1.0750553974287016
20	9	2023	4.92	20.55	0.0	1.3577980587183407
21	9	2023	3.37	21.63	0.0	1.490168832053929
22	9	2023	4.85	22.33	0.0	1.4724653334350442
23	9	2023	10.34	19.92	0.0	0.838900788985431
24	9	2023	10.78	23.48	0.0	1.1839063790768078
25	9	2023	7.21	26.37	0.0	1.6732051140646829
26	9	2023	12.09	28.95	0.0	1.6394537346418452
27	9	2023	10.11	23.6	0.0	1.2139000154144548
28	9	2023	6.1	19.71	0.0	1.087839248739226
29	9	2023	2.54	18.83	0.12	1.1829363322179642
30	9	2023	2.34	10.74	13.75	0.5291641654648501
1	10	2023	7.21	9.54	2.99	0.1764006806279032
2	10	2023	6.51	14.05	0.99	0.5822562889259117
3	10	2023	5.31	15.43	0.0	0.7555640802826867
4	10	2023	3.18	13.93	1.09	0.74951358400931
5	10	2023	-0.38	8.07	0.0	0.5216413831243538
6	10	2023	-4.33	10.8	0.0	0.8092574952776783
7	10	2023	4.1	21.24	0.0	1.1808608406396632
8	10	2023	3.29	22.3	0.0	1.2631848502720608
9	10	2023	3.82	21.31	0.0	1.1806402265115652
10	10	2023	3.21	20.33	0.0	1.1333842349538483
11	10	2023	3.44	16.14	0.0	0.8570749810588071
12	10	2023	2.41	10.12	0.0	0.5055060181212787
13	10	2023	-1.64	11.66	0.0	0.7569292366538699
14	10	2023	0.14	11.89	0.0	0.7070418822839915
15	10	2023	-0.58	15.0	0.0	0.9061814544102166
16	10	2023	1.96	18.42	0.0	1.027824198757458
17	10	2023	7.53	19.68	0.0	0.8940312523044287
18	10	2023	3.2	15.27	0.0	0.7888238673058284
19	10	2023	4.14	21.65	0.0	1.139165906685789
20	10	2023	4.5	15.07	0.0	0.712346415157702
21	10	2023	-2.32	10.97	0.0	0.7138337574697178
22	10	2023	1.91	10.76	0.0	0.5490714392865605
23	10	2023	-3.63	1.92	3.3	0.2589504864522923
24	10	2023	-11.07	-3.81	6.82	0.2482690450977907
25	10	2023	-15.25	-4.98	0.0	0.3084950365358664
26	10	2023	-12.74	-4.26	0.0	0.2872981482546864
27	10	2023	-8.33	-3.29	0.52	0.2070405183608644
28	10	2023	-10.35	-3.36	0.54	0.2637294945376661
29	10	2023	-8.58	-0.89	0.0	0.3178146772860094
30	10	2023	-13.47	-4.14	0.0	0.3020918646870358
31	10	2023	-13.86	1.43	0.0	0.4935173130004328
1	11	2023	-8.9	-0.29	0.0	0.3428112913227316
2	11	2023	-6.86	3.44	0.0	0.4506461963721213
3	11	2023	-5.36	0.93	0.0	0.2880110987882428
4	11	2023	-5.57	3.24	1.48	0.4017081404271395
5	11	2023	-0.42	2.62	0.72	0.1685906787714735
6	11	2023	0.21	2.65	0.0	0.1395884179965115
7	11	2023	-0.42	2.38	4.77	0.1466816894583217
8	11	2023	-1.47	3.69	0.59	0.2703303441464557
9	11	2023	-5.03	0.43	0.0	0.2476337755343594
10	11	2023	-7.53	2.0	0.0	0.3888540573349519
11	11	2023	-3.69	7.28	0.0	0.5223594768488902
12	11	2023	-2.37	8.42	0.0	0.5384201214944235
13	11	2023	-3.58	8.51	0.0	0.5719744773416969
14	11	2023	-2.43	7.51	0.0	0.4921080667699279
15	11	2023	-5.19	6.42	0.0	0.5136696275360019
16	11	2023	-9.44	3.12	0.0	0.4600111725742226
17	11	2023	-3.25	10.93	0.0	0.666873948296826
18	11	2023	-2.54	13.45	0.0	0.7645603416941973
19	11	2023	-1.4	11.29	0.0	0.6354895120187697
20	11	2023	-3.69	5.14	0.0	0.4078705521458372
21	11	2023	-9.2	7.34	0.0	0.6039131479554976
22	11	2023	-9.8	-1.05	0.0	0.3050288889393915
23	11	2023	-17.25	-6.95	0.0	0.2427199877909581
24	11	2023	-13.04	0.67	0.0	0.4116822273909513
25	11	2023	-8.57	0.58	0.0	0.3341209174986543
26	11	2023	-14.74	-4.85	0.34	0.2689731386886837
27	11	2023	-8.53	1.06	0.0	0.3545150434128024
28	11	2023	-4.78	5.42	0.0	0.4353952351407977
29	11	2023	-5.66	2.91	0.0	0.3502221980362808
30	11	2023	-9.06	-1.3	0.0	0.2714112453679085
1	12	2023	-14.24	-0.88	0.0	0.3693410983981772
2	12	2023	-11.8	0.27	0.0	0.3742228482135806
3	12	2023	-13.86	0.42	0.0	0.4025141590492579
4	12	2023	-8.71	0.46	4.15	0.3162302685325123
5	12	2023	-9.22	7.22	0.0	0.5865076471876253
6	12	2023	-3.58	6.99	0.0	0.4692555510455924
7	12	2023	-0.77	3.15	0.69	0.1905357845918085
8	12	2023	-6.53	0.19	0.0	0.2590547377863453
9	12	2023	-9.68	-0.94	0.0	0.2937431083133269
10	12	2023	-8.07	0.93	0.0	0.326265813718381
11	12	2023	-11.66	-2.19	0.0	0.2894979052249325
12	12	2023	-14.02	0.64	0.0	0.4094293977638857
13	12	2023	-6.76	8.06	0.0	0.5773907124167221
14	12	2023	-4.44	6.39	0.0	0.459410069361387
15	12	2023	-4.97	4.06	0.0	0.3680493622439171
16	12	2023	-4.05	4.06	0.0	0.3429430014774173
17	12	2023	-10.49	0.68	0.0	0.3592100968087929
18	12	2023	-11.37	2.05	0.0	0.4187120859863682
19	12	2023	-4.23	-1.26	0.0	0.1221540290950358
20	12	2023	-5.13	5.24	0.0	0.4229180404410126
21	12	2023	-6.87	3.28	0.0	0.3846262152498146
22	12	2023	-6.2	8.75	0.0	0.5889767999875999
23	12	2023	-5.4	2.09	0.0	0.2995523636974277
24	12	2023	-12.07	-0.04	0.0	0.3606396137450381
25	12	2023	-10.99	3.92	0.0	0.4772697538443695
26	12	2023	-10.03	6.58	0.0	0.5591977974552503
27	12	2023	-8.18	5.5	0.0	0.4943655027010967
28	12	2023	-8.57	8.68	0.0	0.6200170776712185
29	12	2023	-8.41	3.03	0.0	0.4056405602870017
30	12	2023	-13.42	0.03	0.0	0.3793980557478965
31	12	2023	-10.04	3.0	0.0	0.4327514590517968
