Day	Month	Year	Tmin(c)	Tmax(c)	Prcp(mm)	Et0(mm)
1	1	2018	-31.5	-13.46	0.0	0.1788787127234354
2	1	2018	-21.02	-4.61	0.0	0.3176974358471491
3	1	2018	-14.33	-2.21	0.0	0.3290192003252544
4	1	2018	-13.83	-5.42	0.0	0.227566765192764
5	1	2018	-13.79	-6.04	0.0	0.2091568095801082
6	1	2018	-11.52	1.78	0.0	0.4213726871779337
7	1	2018	-8.14	2.14	0.0	0.3762803349107399
8	1	2018	-9.65	-1.71	0.0	0.2674956216908449
9	1	2018	-10.66	0.98	0.0	0.382683471786401
10	1	2018	-23.63	-15.18	0.32	0.1279425481943972
11	1	2018	-28.97	-21.66	0.0	0.0747330415574832
12	1	2018	-31.29	-19.66	0.0	0.1081183611362129
13	1	2018	-27.35	-7.83	0.0	0.2685361538563723
14	1	2018	-22.4	-8.71	0.0	0.2424272119239289
15	1	2018	-29.31	-15.27	0.0	0.1577456700410737
16	1	2018	-21.11	0.11	0.0	0.4393474086926575
17	1	2018	-9.09	4.07	0.0	0.4794096219116842
18	1	2018	-7.19	8.23	0.0	0.6363030747843659
19	1	2018	-4.96	4.8	0.0	0.4228185067441429
20	1	2018	-8.24	1.32	0.0	0.3598398524212292
21	1	2018	-12.04	-0.48	0.0	0.3680645717125695
22	1	2018	-11.01	4.68	0.0	0.550019704142395
23	1	2018	-10.92	0.54	0.0	0.388463552931042
24	1	2018	-10.71	-1.9	0.0	0.2981519715085145
25	1	2018	-9.14	-0.2	0.0	0.3278449819988596
26	1	2018	-12.29	-5.62	0.53	0.205915920319498
27	1	2018	-19.53	-13.0	0.0	0.1328800979442159
28	1	2018	-21.67	-13.75	0.45	0.144259707560973
29	1	2018	-22.59	-2.38	0.0	0.3965641211777713
30	1	2018	-12.13	4.31	0.0	0.5914799299131597
31	1	2018	-22.77	-13.0	0.0	0.1726018994223836
1	2	2018	-25.95	-14.46	0.0	0.1687160412016763
2	2	2018	-21.6	-16.64	3.52	0.0846013014795988
3	2	2018	-27.44	-20.18	0.96	0.091714150105537
4	2	2018	-29.03	-16.31	0.0	0.1556257945574688
5	2	2018	-26.77	-15.25	0.0	0.1637689860055023
6	2	2018	-28.31	-17.26	0.0	0.1406091076161632
7	2	2018	-27.63	-13.62	0.0	0.1948676657362826
8	2	2018	-26.76	-17.09	0.0	0.1360769077535986
9	2	2018	-28.8	-15.89	0.0	0.1648715589290719
10	2	2018	-21.27	-9.34	0.0	0.2590846591570535
11	2	2018	-27.69	-14.94	0.0	0.1773754613674626
12	2	2018	-32.54	-12.73	0.0	0.2142715750561814
13	2	2018	-19.0	2.14	0.0	0.6618499719416807
14	2	2018	-13.67	1.22	1.74	0.6517086342164271
15	2	2018	-26.5	-12.78	0.0	0.2161330712637349
16	2	2018	-21.11	-3.87	0.0	0.4629558603220135
17	2	2018	-18.97	-9.81	0.0	0.2342335173405597
18	2	2018	-22.78	-12.39	0.0	0.2067695306060999
19	2	2018	-27.82	-12.74	0.0	0.2336091515583964
20	2	2018	-23.45	-11.56	0.0	0.2461500298774496
21	2	2018	-29.35	-9.38	0.0	0.308842234264601
22	2	2018	-24.89	-8.74	0.0	0.3396899927948543
23	2	2018	-19.89	-6.04	0.0	0.4218606775002358
24	2	2018	-16.23	-1.76	0.0	0.5920544905918752
25	2	2018	-16.69	-0.86	0.0	0.6366959746742564
26	2	2018	-14.86	-4.14	0.0	0.4613312590737708
27	2	2018	-14.76	-1.01	0.0	0.634687613906397
28	2	2018	-13.53	0.84	0.0	0.7371011470918651
1	3	2018	-17.94	-1.64	0.0	0.6273788582043356
2	3	2018	-13.12	-3.49	0.0	0.4872603578052528
3	3	2018	-7.46	-3.56	3.43	0.1671517820087269
4	3	2018	-10.66	-4.72	7.66	0.2216103030317325
5	3	2018	-14.17	-8.64	0.88	0.1872994313484216
6	3	2018	-17.44	-7.6	0.0	0.3350111059592427
7	3	2018	-23.59	-6.11	0.0	0.4434254635511462
8	3	2018	-24.21	-7.65	0.0	0.3977703964240019
9	3	2018	-12.68	-0.43	0.0	0.6631796084130955
10	3	2018	-11.98	-1.47	0.0	0.5866284798839615
11	3	2018	-14.04	2.49	0.0	0.8504065332810395
12	3	2018	-16.02	-0.71	0.0	0.6939337709045063
13	3	2018	-15.95	2.26	0.0	0.8404775077798272
14	3	2018	-15.79	-0.9	0.0	0.6978288758090493
15	3	2018	-10.2	-2.57	0.0	0.4714439618693604
16	3	2018	-6.98	2.3	0.0	0.7822244548119983
17	3	2018	-4.6	0.74	2.01	0.3148220068104531
18	3	2018	-5.55	1.53	0.45	0.6234594568998115
19	3	2018	-8.44	0.51	0.0	0.6927999241059848
20	3	2018	-8.49	2.46	0.0	0.8754838176836851
21	3	2018	-10.62	2.65	0.0	0.9364074358654376
22	3	2018	-8.78	1.31	0.0	0.8088753879228343
23	3	2018	-4.89	1.21	4.57	0.4360290985137249
24	3	2018	-9.26	3.01	0.0	0.9704271036712896
25	3	2018	-6.17	1.8	0.0	0.7780764287803309
26	3	2018	-7.28	5.11	0.0	1.1405239101754698
27	3	2018	-9.32	5.3	0.0	1.1725537129156542
28	3	2018	-12.66	-1.22	0.68	0.775813460947299
29	3	2018	-18.84	-5.64	0.77	0.5749783530312612
30	3	2018	-22.09	-12.52	0.0	0.303931339860314
31	3	2018	-21.63	-9.5	0.0	0.4376085876848383
1	4	2018	-18.34	-5.35	0.0	0.6154100780835194
2	4	2018	-19.95	-5.26	0.0	0.618306669426324
3	4	2018	-16.35	-3.47	0.0	0.7080787607367405
4	4	2018	-17.9	-2.38	0.0	0.7610788773824699
5	4	2018	-17.95	-7.57	0.0	0.4976545832700483
6	4	2018	-22.57	-9.21	0.0	0.4653281094613074
7	4	2018	-20.78	-4.1	0.0	0.6806420192142648
8	4	2018	-11.84	-2.28	0.0	0.7479215716327989
9	4	2018	-6.58	1.23	0.0	0.8748902075059253
10	4	2018	-9.76	7.63	0.0	1.3647695759125875
11	4	2018	-2.77	2.18	1.03	0.6882776137847546
12	4	2018	-3.82	0.18	0.0	0.4824580317249807
13	4	2018	-3.73	1.72	0.0	0.766857722149764
14	4	2018	-2.82	7.82	0.0	1.4553719163430183
15	4	2018	-3.23	9.86	0.0	1.59055820071666
16	4	2018	-0.98	5.66	2.74	0.8956031394017885
17	4	2018	-1.71	2.39	4.77	0.4027505547611268
18	4	2018	-5.19	10.12	0.0	1.6043179136147143
19	4	2018	-2.07	12.67	0.0	1.7840027936282998
20	4	2018	-0.26	18.83	0.0	2.1666131826078745
21	4	2018	1.15	20.37	0.0	2.276656794383146
22	4	2018	2.37	14.71	0.0	1.912732756533069
23	4	2018	-0.76	13.29	0.0	1.830172964162172
24	4	2018	-1.5	20.59	0.0	2.2513893017678184
25	4	2018	3.09	17.4	0.0	2.033727116923122
26	4	2018	-0.79	22.24	0.0	2.2821195639423673
27	4	2018	-0.7	16.85	0.0	1.9882557242610437
28	4	2018	1.29	26.69	0.0	2.564085585780261
29	4	2018	6.07	20.89	0.0	2.2588254818990308
30	4	2018	0.45	12.02	0.0	1.668822974524252
1	5	2018	-3.16	16.91	0.0	1.9703135310154216
2	5	2018	1.17	18.71	0.0	2.1273517933743196
3	5	2018	6.06	21.99	0.0	2.3501709893875087
4	5	2018	4.6	24.38	0.0	2.5114443408338585
5	5	2018	5.63	24.79	0.0	2.5429665601968896
6	5	2018	4.23	27.44	0.0	2.693194133598639
7	5	2018	11.17	27.01	0.0	2.666915460664868
8	5	2018	8.99	17.71	6.46	1.6118925759158689
9	5	2018	3.61	14.01	0.0	1.7252325796480736
10	5	2018	3.43	11.7	2.8	1.1083539950511785
11	5	2018	4.53	10.74	2.0	1.0229641283454516
12	5	2018	2.93	18.71	0.0	2.1539412883668736
13	5	2018	6.28	26.49	0.0	2.68072517178419
14	5	2018	3.94	24.93	0.0	2.568372179954208
15	5	2018	11.59	31.99	0.0	3.0346101271211485
16	5	2018	9.19	28.49	0.0	2.8051499118250427
17	5	2018	7.46	15.16	0.95	1.4014645416269231
18	5	2018	4.39	18.41	0.0	2.1017058483742876
19	5	2018	1.81	22.08	0.0	2.3765604856809435
20	5	2018	2.42	25.25	0.0	2.585006454113803
21	5	2018	10.0	30.21	0.0	2.9346024188205826
22	5	2018	10.21	27.51	0.0	2.734085644654141
23	5	2018	8.81	29.72	2.96	2.6585784757589224
24	5	2018	11.33	26.97	1.4	2.6753022461457467
25	5	2018	10.55	28.11	0.0	2.7833537833937863
26	5	2018	10.13	30.88	0.0	2.9962943626688316
27	5	2018	10.19	26.23	0.0	2.649611614985086
28	5	2018	9.47	30.77	0.0	3.0025089842919037
29	5	2018	13.12	27.94	0.0	2.730048049983329
30	5	2018	10.94	24.9	4.71	2.203730235333622
31	5	2018	8.85	14.91	0.0	1.008662207501576
1	6	2018	9.07	15.34	9.24	0.7975891763122572
2	6	2018	7.64	18.79	0.0	1.8916249766519644
3	6	2018	7.4	24.52	0.0	2.604473251714164
4	6	2018	9.88	28.87	0.0	2.9095587061162957
5	6	2018	9.54	21.66	0.0	2.3297695270933008
6	6	2018	6.77	27.64	0.0	2.8420682331658624
7	6	2018	8.63	27.95	0.0	2.854791071881896
8	6	2018	13.01	25.06	0.0	2.511118726159458
9	6	2018	12.63	31.02	0.0	3.0337023398251777
10	6	2018	13.57	25.41	0.0	2.5070224817409503
11	6	2018	6.81	18.55	0.0	2.0504681531152924
12	6	2018	7.2	22.79	0.0	2.4732131910754114
13	6	2018	7.38	26.47	0.0	2.758590994914071
14	6	2018	9.17	23.0	1.45	2.459256256415172
15	6	2018	9.2	23.43	0.0	2.501691368462137
16	6	2018	7.41	21.41	0.0	2.362545413311703
17	6	2018	8.01	25.39	0.0	2.6770341143816148
18	6	2018	8.14	27.82	0.0	2.8578687874184223
19	6	2018	10.91	26.6	0.0	2.7339823745952514
20	6	2018	9.92	29.57	0.0	2.980427139029721
21	6	2018	11.96	29.7	0.0	2.9658551854708564
22	6	2018	14.13	28.71	0.0	2.835844426771096
23	6	2018	12.35	27.55	12.16	2.5517829497197493
24	6	2018	14.95	26.8	0.0	2.586216192247354
25	6	2018	13.81	29.68	1.49	2.9406724343970208
26	6	2018	12.0	24.88	0.0	2.5519345047838145
27	6	2018	7.15	25.35	0.0	2.7061607365469396
28	6	2018	7.75	24.76	0.0	2.6543094058562375
29	6	2018	11.39	23.33	0.0	2.3895775876563814
30	6	2018	12.64	24.49	4.81	1.9827614109808105
1	7	2018	11.36	20.81	2.85	1.435081552595961
2	7	2018	9.29	22.59	3.45	1.880738641292027
3	7	2018	6.76	21.22	11.17	1.841191273473088
4	7	2018	10.72	19.68	8.39	1.146750412763743
5	7	2018	7.68	25.15	0.0	2.4699548087221466
6	7	2018	14.17	34.0	0.0	3.1305461115389255
7	7	2018	14.16	31.06	0.0	2.8201892681473826
8	7	2018	10.3	25.51	0.0	2.3697995513960906
9	7	2018	9.3	28.71	0.0	2.7610264620491396
10	7	2018	12.96	29.37	4.03	2.177001653325685
11	7	2018	14.93	25.72	0.0	1.8729769516382693
12	7	2018	13.64	29.11	0.0	2.5405370781363654
13	7	2018	13.03	32.92	0.0	2.993528843404229
14	7	2018	11.99	21.65	0.0	1.529888211607013
15	7	2018	8.33	25.66	0.0	2.4245628903322483
16	7	2018	6.38	26.64	0.0	2.5847961890863
17	7	2018	10.09	34.68	0.0	3.2208346150736102
18	7	2018	15.98	31.59	0.0	2.7134667268212453
19	7	2018	14.01	28.71	0.0	2.4794956217214477
20	7	2018	12.27	29.59	0.0	2.703492726260937
21	7	2018	15.1	28.0	0.0	2.26833214133635
22	7	2018	11.68	23.77	0.0	1.964130735551475
23	7	2018	9.15	23.74	0.0	2.174408458852944
24	7	2018	8.16	23.57	2.0	1.7979135913625377
25	7	2018	9.17	22.02	0.0	1.902512251160372
26	7	2018	6.28	23.91	0.0	2.2862573284934307
27	7	2018	8.66	24.25	0.0	2.213510280014726
28	7	2018	8.45	27.49	0.0	2.5566295296364707
29	7	2018	8.49	29.72	0.0	2.735959405911309
30	7	2018	11.02	32.22	0.0	2.8787291186827124
31	7	2018	11.86	24.87	0.0	1.968733113143433
1	8	2018	7.51	28.53	0.0	2.6021770693689614
2	8	2018	14.53	30.73	2.18	2.047425652729754
3	8	2018	13.19	29.11	1.85	2.3562216136194483
4	8	2018	13.07	22.91	2.07	1.0801174519116168
5	8	2018	12.84	23.31	4.25	1.164492630467134
6	8	2018	10.58	29.24	0.0	2.441847338187381
7	8	2018	12.57	31.42	0.0	2.612088865449231
8	8	2018	11.41	30.34	0.0	2.5455821842950552
9	8	2018	12.7	33.96	0.0	2.8448989235725444
10	8	2018	13.5	38.91	0.0	3.2112466677823504
11	8	2018	14.9	36.48	0.0	2.962415616948443
12	8	2018	13.12	24.71	0.49	1.6553486569338067
13	8	2018	8.22	17.75	0.0	1.1160164978212603
14	8	2018	3.64	27.91	0.0	2.448021643824862
15	8	2018	11.35	29.66	0.0	2.4016762552660365
16	8	2018	9.86	29.2	0.0	2.424312499619693
17	8	2018	10.94	32.99	0.0	2.7107049671177226
18	8	2018	10.59	25.38	0.0	1.9256258328456528
19	8	2018	3.8	24.39	0.0	2.117658929148934
20	8	2018	5.27	23.67	0.0	1.9948085024524704
21	8	2018	5.21	27.2	0.0	2.287938930921695
22	8	2018	10.19	30.8	0.0	2.473592927528363
23	8	2018	8.65	30.4	0.0	2.477879308631556
24	8	2018	8.35	22.46	0.0	1.6513082521418605
25	8	2018	7.32	19.92	0.0	1.4047174782440843
26	8	2018	7.68	17.79	1.95	1.0710550236071783
27	8	2018	7.79	14.18	4.34	0.5311907975695648
28	8	2018	6.94	18.93	0.0	1.2643199269189405
29	8	2018	6.23	27.29	0.0	2.2033737838665868
30	8	2018	10.19	23.16	1.04	1.541622827418191
31	8	2018	7.3	20.14	0.0	1.4686179060240203
1	9	2018	6.48	21.24	0.0	1.6465858834438762
2	9	2018	3.55	20.34	0.0	1.6837727539029612
3	9	2018	4.59	23.58	0.0	1.924211428465964
4	9	2018	2.76	15.0	0.0	1.1265390113964793
5	9	2018	-0.51	22.05	0.0	1.8576143021098144
6	9	2018	2.87	25.41	0.0	2.0552378498766575
7	9	2018	6.86	25.0	0.0	1.9093998031679345
8	9	2018	11.26	28.01	0.0	1.9816195031291557
9	9	2018	7.83	22.99	0.0	1.6422628841381717
10	9	2018	3.48	23.79	0.0	1.8761835765999555
11	9	2018	5.86	17.76	0.0	1.1487500306602725
12	9	2018	4.68	15.32	0.8	0.9366931262646746
13	9	2018	3.62	12.36	1.44	0.676657331970266
14	9	2018	3.12	9.33	0.0	0.471611148619488
15	9	2018	5.66	13.0	5.81	0.549165449250678
16	9	2018	6.98	11.04	7.87	0.3179638648445063
17	9	2018	5.03	13.38	1.03	0.6786035513501574
18	9	2018	4.57	11.38	0.0	0.548185772730602
19	9	2018	2.32	14.93	0.0	0.9929272511897136
20	9	2018	2.46	10.92	0.0	0.6408026836653671
21	9	2018	0.74	9.14	4.12	0.5452845041668513
22	9	2018	0.02	1.73	8.92	0.1142601374109635
23	9	2018	-0.1	4.6	0.52	0.3275711998130089
24	9	2018	0.22	12.55	0.84	0.8893600973583946
25	9	2018	1.8	13.59	0.81	0.8808040296018366
26	9	2018	3.13	16.44	0.0	1.0480641764263954
27	9	2018	-1.79	9.21	0.0	0.7050176548864873
28	9	2018	-3.87	8.49	0.0	0.73035752506296
29	9	2018	-1.99	7.62	0.0	0.6101452677226996
30	9	2018	-7.46	4.85	0.67	0.6464320914617484
1	10	2018	-1.67	5.6	1.47	0.4634081210664869
2	10	2018	-1.16	3.29	2.04	0.2616866902591922
3	10	2018	-1.98	5.77	0.03	0.4912697284560311
4	10	2018	-6.15	5.91	0.0	0.6664748673606449
5	10	2018	-2.96	8.16	0.0	0.7121361828244125
6	10	2018	-4.57	12.46	0.0	1.0392379752880552
7	10	2018	-2.96	13.76	0.0	1.0852046795526755
8	10	2018	-2.23	2.87	0.0	0.3158153394534991
9	10	2018	-3.19	2.01	0.0	0.3101684757456499
10	10	2018	-6.91	5.17	0.0	0.6341029727189701
11	10	2018	-9.15	6.22	0.0	0.7242020258769752
12	10	2018	-5.24	8.03	5.95	0.6460505827690087
13	10	2018	-4.5	-0.28	0.0	0.2323866058589954
14	10	2018	-8.54	4.06	0.0	0.5733107445993971
15	10	2018	-0.28	13.66	0.0	0.9128746404060536
16	10	2018	-0.41	10.72	0.0	0.68992999002784
17	10	2018	-1.73	21.76	0.0	1.3855007638593195
18	10	2018	2.55	19.66	0.0	1.1825900074952775
19	10	2018	-3.3	13.53	0.0	0.9165974022981476
20	10	2018	-7.47	17.24	0.0	1.1351171585077766
21	10	2018	-1.63	15.05	0.0	0.9384946212771816
22	10	2018	-6.02	11.59	0.0	0.8234485173287683
23	10	2018	-4.47	16.67	0.0	1.0590682180454605
24	10	2018	-2.03	19.4	0.0	1.165030670832056
25	10	2018	-0.51	16.03	0.0	0.9202874285274028
26	10	2018	-1.96	13.32	0.0	0.8084748650660786
27	10	2018	-0.69	13.18	0.0	0.7633799698137081
28	10	2018	-5.45	10.17	0.0	0.7191325582644967
29	10	2018	-0.04	10.34	0.0	0.5778571346499003
30	10	2018	-1.99	7.28	0.0	0.4779038250663028
31	10	2018	-3.22	10.52	0.0	0.6772446875649526
1	11	2018	-3.1	5.0	1.61	0.3931220819625923
2	11	2018	-1.83	0.82	3.49	0.1267327440091562
3	11	2018	-4.82	1.51	0.0	0.2822964259571907
4	11	2018	-2.18	4.3	3.43	0.3059323422480775
5	11	2018	-8.13	0.06	1.44	0.3244626195265422
6	11	2018	-12.31	-8.5	0.36	0.1179775907015431
7	11	2018	-11.85	-9.63	0.0	0.0700038440002748
8	11	2018	-18.13	-9.35	0.0	0.203551864649394
9	11	2018	-22.26	-4.2	2.21	0.3403380949706931
10	11	2018	-10.04	-2.57	0.68	0.2639547925214628
11	11	2018	-11.42	-6.14	0.0	0.1701014155272739
12	11	2018	-15.82	-4.52	0.0	0.301948847895742
13	11	2018	-8.57	4.92	0.0	0.5201937480064359
14	11	2018	-1.68	5.71	0.0	0.3703643718046484
15	11	2018	-1.75	3.71	0.48	0.2709879088801388
16	11	2018	-16.72	-4.09	0.0	0.3207182757784275
17	11	2018	-18.54	-5.82	0.0	0.2906524331906898
18	11	2018	-10.95	-6.25	1.36	0.151813919999222
19	11	2018	-13.27	1.47	0.0	0.4522084912670107
20	11	2018	-5.75	3.16	0.0	0.3790354498956673
21	11	2018	-5.62	2.36	0.0	0.3404320395813562
22	11	2018	-2.25	6.62	0.0	0.4355492894606506
23	11	2018	-5.37	3.39	0.0	0.3793926607247658
24	11	2018	-7.19	-4.21	0.0	0.1158265773906627
25	11	2018	-7.38	-4.07	0.0	0.128463202798053
26	11	2018	-6.82	-2.8	0.0	0.1607837186270886
27	11	2018	-4.67	0.43	0.0	0.2222490293216841
28	11	2018	-5.83	-1.89	0.0	0.1623821650694503
29	11	2018	-5.77	0.42	0.0	0.257696337073878
30	11	2018	-8.3	-2.76	0.0	0.2043770423608761
1	12	2018	-6.97	-4.62	4.4	0.0883822860949307
2	12	2018	-8.53	-3.58	0.0	0.1833143177929012
3	12	2018	-13.01	-4.67	0.0	0.2482041914993071
4	12	2018	-13.78	-6.12	0.46	0.2176776991304091
5	12	2018	-13.43	-5.57	0.04	0.2271303753179955
6	12	2018	-14.08	-7.82	0.0	0.1724563640670036
7	12	2018	-18.91	-6.48	0.0	0.2680448518218883
8	12	2018	-17.89	-7.38	0.0	0.2375954004803827
9	12	2018	-15.05	-2.54	0.0	0.3344860348626017
10	12	2018	-13.57	1.8	0.0	0.4474755940530405
11	12	2018	-8.06	1.24	0.0	0.3471738801448697
12	12	2018	-5.26	1.3	0.0	0.2757508700380512
13	12	2018	-8.99	3.35	0.0	0.4419505320369495
14	12	2018	-8.06	5.55	0.0	0.5076725539152893
15	12	2018	-2.88	5.34	0.0	0.3799335930837028
16	12	2018	-11.21	-2.43	0.0	0.2798448690695414
17	12	2018	-7.54	5.51	0.0	0.4970038677454549
18	12	2018	-4.21	5.6	0.0	0.4285893547784342
19	12	2018	-3.58	3.13	0.0	0.3013704241253768
20	12	2018	-7.48	3.31	0.0	0.4112045174535983
21	12	2018	-4.49	4.22	0.0	0.3768261968390402
22	12	2018	-8.4	-3.69	0.0	0.1692108456626791
23	12	2018	-15.24	-4.56	2.73	0.267255453649132
24	12	2018	-15.45	-7.7	0.78	0.1955265822755562
25	12	2018	-16.47	-9.11	0.0	0.1742352122745125
26	12	2018	-14.14	-6.73	0.0	0.2003197719759349
27	12	2018	-19.29	-8.06	0.68	0.2317854049036765
28	12	2018	-19.58	-4.82	0.0	0.3074666841083094
29	12	2018	-12.65	-3.0	1.3	0.2856245691911558
30	12	2018	-17.87	-9.11	0.8	0.1927018285530189
31	12	2018	-27.0	-15.82	0.0	0.1397908685568351
1	1	2019	-24.92	-2.04	0.0	0.3756496996591366
2	1	2019	-9.97	4.15	0.0	0.4828374943676526
3	1	2019	-5.18	3.82	0.0	0.373699658713817
4	1	2019	-7.74	2.99	0.0	0.4014446375831085
5	1	2019	-5.87	-1.71	0.0	0.1638697390296977
6	1	2019	-5.08	2.67	0.0	0.3229543510057762
7	1	2019	-12.57	-1.31	0.85	0.337743122381873
8	1	2019	-20.39	-13.55	0.0	0.1258374750445756
9	1	2019	-21.84	-8.14	0.0	0.2495515054214272
10	1	2019	-14.44	-6.67	0.0	0.2065490348470055
11	1	2019	-17.03	-8.92	0.0	0.1873805718099416
12	1	2019	-13.61	1.52	0.0	0.4448689354271509
13	1	2019	-11.83	-0.53	0.0	0.3570982352718205
14	1	2019	-11.45	-0.86	0.0	0.3406015915887617
15	1	2019	-16.16	-3.72	0.0	0.3177138366607421
16	1	2019	-16.69	-12.83	0.63	0.0877154298962933
17	1	2019	-23.82	-15.67	0.0	0.1251040611946694
18	1	2019	-26.43	-17.08	0.0	0.1225810765034377
19	1	2019	-20.56	-14.39	5.2	0.1097892109771768
20	1	2019	-18.3	-10.5	0.0	0.1718297364960386
21	1	2019	-17.56	-5.14	0.0	0.2989544251388297
22	1	2019	-14.99	-1.66	0.0	0.3734534701708057
23	1	2019	-21.18	-3.94	0.0	0.3520829786597017
24	1	2019	-28.33	-8.33	0.0	0.2685943023815753
25	1	2019	-20.49	-3.36	0.0	0.366788463896941
26	1	2019	-11.67	-0.39	1.47	0.37681095948243
27	1	2019	-7.72	4.27	1.65	0.4844685356194435
28	1	2019	-21.52	-9.49	0.0	0.2347158027171031
29	1	2019	-28.41	-19.84	0.0	0.1009694093080738
30	1	2019	-22.52	-11.26	0.29	0.2066765052274449
31	1	2019	-14.28	-0.07	0.0	0.4320814857217563
1	2	2019	-17.8	-7.22	0.0	0.2612861204894643
2	2	2019	-22.01	-15.0	0.0	0.1293307553668823
3	2	2019	-24.67	-20.94	1.47	0.0549309894556135
4	2	2019	-25.8	-21.38	3.84	0.0574827529358186
5	2	2019	-32.19	-22.34	0.0	0.093397295319198
6	2	2019	-35.38	-26.05	0.0	0.0686006068721772
7	2	2019	-37.54	-24.74	0.0	0.0838544830410625
8	2	2019	-37.14	-24.88	0.0	0.0827024454376724
9	2	2019	-33.62	-23.73	0.0	0.0857015967276895
10	2	2019	-31.57	-20.52	0.0	0.1146021410368351
11	2	2019	-28.69	-16.46	1.82	0.1603240316401519
12	2	2019	-31.72	-19.48	0.43	0.1292500112545376
13	2	2019	-27.93	-20.34	0.0	0.1003753638153848
14	2	2019	-32.61	-20.2	0.0	0.1244438605668189
15	2	2019	-33.0	-17.54	2.38	0.1464969045897776
16	2	2019	-20.38	-13.85	4.55	0.1337067885884536
17	2	2019	-20.42	-13.87	1.53	0.1459926437663492
18	2	2019	-26.38	-18.0	0.89	0.1289088038494434
19	2	2019	-28.43	-10.28	0.0	0.2692193028833215
20	2	2019	-23.6	-8.94	1.14	0.2916711839641245
21	2	2019	-24.18	-12.7	0.0	0.215752936355955
22	2	2019	-27.07	-10.41	0.0	0.2719378217541869
23	2	2019	-23.37	-13.41	0.0	0.198375890125165
24	2	2019	-31.21	-20.02	0.0	0.1311921029329645
25	2	2019	-33.76	-19.09	0.0	0.1483882830515911
26	2	2019	-29.04	-16.78	0.0	0.172666263486929
27	2	2019	-21.59	-8.91	0.0	0.3082209020914175
28	2	2019	-18.03	-8.0	0.0	0.2991531736905754
1	3	2019	-26.51	-15.69	0.0	0.1832418950830898
2	3	2019	-32.82	-21.03	0.0	0.1282408591130117
3	3	2019	-26.19	-16.02	0.0	0.1777160867754827
4	3	2019	-22.75	-10.77	0.0	0.2761681732831225
5	3	2019	-18.59	-8.97	0.0	0.286591524714814
6	3	2019	-25.69	-13.36	0.0	0.2298353493549149
7	3	2019	-23.99	-7.37	0.0	0.3937824595876347
8	3	2019	-16.49	-4.46	0.0	0.4737891462950085
9	3	2019	-15.62	-5.07	0.0	0.4336855982760914
10	3	2019	-21.51	-6.64	0.0	0.4294598589450475
11	3	2019	-17.07	1.81	0.0	0.7759981558536813
12	3	2019	-3.09	3.56	0.0	0.5803178759288542
13	3	2019	-5.27	2.36	0.0	0.6326841409728449
14	3	2019	-9.45	1.49	0.0	0.756458658459168
15	3	2019	-11.64	2.81	0.0	0.8853225573578836
16	3	2019	-8.57	3.67	0.0	0.9207552892512078
17	3	2019	-10.33	4.99	0.0	1.032956500219154
18	3	2019	-3.45	5.14	0.0	0.8777818242439176
19	3	2019	-3.66	10.26	0.0	1.3855651734509125
20	3	2019	-2.25	13.68	0.0	1.6313557534188226
21	3	2019	-1.88	12.65	0.0	1.581120468318952
22	3	2019	-2.02	14.79	0.0	1.7052453216290562
23	3	2019	-2.35	14.08	0.0	1.669037417911969
24	3	2019	-4.64	4.91	0.0	0.968300631851319
25	3	2019	-6.94	4.7	0.0	1.0750664454677663
26	3	2019	-0.99	17.48	0.0	1.8849561707259448
27	3	2019	-1.2	6.6	0.0	1.0195419282014997
28	3	2019	-5.78	7.48	0.0	1.314820707195199
29	3	2019	-5.08	4.94	0.0	1.0800933679714706
30	3	2019	-6.66	14.28	0.0	1.6609443714464187
31	3	2019	-4.23	6.29	0.0	1.1932956763920377
1	4	2019	-3.77	9.25	0.83	1.4417757100029978
2	4	2019	-6.15	4.99	0.0	1.1322848621046877
3	4	2019	-8.43	12.58	0.0	1.5689676399218144
4	4	2019	-0.86	14.78	0.0	1.7870201082268065
5	4	2019	-3.33	9.49	0.0	1.466798191298172
6	4	2019	1.5	10.93	0.62	1.4867910079957891
7	4	2019	0.44	17.33	0.0	1.9666587334480303
8	4	2019	-2.81	17.08	0.0	1.9195071464836408
9	4	2019	-4.77	10.63	0.0	1.5452823633710815
10	4	2019	-5.48	9.19	0.0	1.4663256179057471
11	4	2019	-7.92	8.7	0.0	1.4202153962558572
12	4	2019	-8.84	10.61	0.0	1.505705666894176
13	4	2019	-5.38	15.55	0.0	1.8198794145329449
14	4	2019	3.53	17.34	0.0	1.9825887931160584
15	4	2019	-0.99	14.41	0.0	1.804257243362164
16	4	2019	-4.85	14.39	0.0	1.7782112758584283
17	4	2019	0.24	15.13	0.0	1.8541690490198024
18	4	2019	-0.66	17.97	0.0	2.037547643697274
19	4	2019	5.5	21.55	0.0	2.2839589624746277
20	4	2019	4.38	17.67	0.0	1.9545699198937077
21	4	2019	-1.51	14.97	0.0	1.8009167698444046
22	4	2019	-1.77	21.65	0.0	2.1831110247215304
23	4	2019	6.72	21.16	0.0	2.189642044611817
24	4	2019	0.98	17.78	0.0	1.990688949412987
25	4	2019	-1.93	12.77	0.0	1.672826201378955
26	4	2019	-3.98	12.15	0.0	1.630575504605271
27	4	2019	-1.31	11.27	5.32	1.4632025441615564
28	4	2019	-4.7	3.34	3.25	0.7497290170169363
29	4	2019	-9.6	6.51	0.0	1.2901970426053455
30	4	2019	-4.24	9.99	1.18	1.5143908462806135
1	5	2019	-6.34	10.76	0.0	1.5536334295904326
2	5	2019	-2.89	12.28	0.0	1.662724992472367
3	5	2019	-5.11	12.79	0.0	1.6889939555313105
4	5	2019	-3.58	8.65	0.0	1.4375469563403735
5	5	2019	-7.32	7.64	0.0	1.3818408126719477
6	5	2019	-7.25	12.73	0.0	1.668011426646543
7	5	2019	-0.37	15.55	0.0	1.8944044987250872
8	5	2019	-4.51	12.79	0.0	1.7100392764847332
9	5	2019	1.31	15.18	0.0	1.8692322300099256
10	5	2019	2.98	18.69	2.85	1.947880067257284
11	5	2019	1.75	15.98	0.0	1.9326339444479803
12	5	2019	2.04	25.45	0.0	2.564656225869109
13	5	2019	4.3	21.37	0.0	2.317285812436022
14	5	2019	2.02	23.28	0.0	2.439930506632472
15	5	2019	6.02	21.56	0.0	2.319840717546104
16	5	2019	-0.6	16.15	0.0	1.968945943529175
17	5	2019	0.3	16.97	0.0	2.0273480257959258
18	5	2019	0.69	14.89	0.0	1.882382153035478
19	5	2019	-2.92	16.51	0.0	1.9888331171496056
20	5	2019	-1.11	19.69	0.0	2.2052911378469733
21	5	2019	1.33	20.98	0.0	2.3097230597745875
22	5	2019	3.45	24.02	0.0	2.5274307141530845
23	5	2019	3.54	24.23	0.0	2.5413775367015643
24	5	2019	4.08	23.16	0.0	2.4717459709681875
25	5	2019	4.77	16.96	2.7	1.8396469422957888
26	5	2019	1.02	19.36	0.0	2.211686938575903
27	5	2019	1.23	21.63	0.0	2.364040807431391
28	5	2019	5.66	27.46	0.0	2.767938384174516
29	5	2019	9.88	30.5	0.0	2.9693855378564473
30	5	2019	10.78	32.78	0.0	3.1198764366874925
31	5	2019	5.38	21.25	0.0	2.3174593132007377
1	6	2019	5.77	25.72	0.0	2.649666420477333
2	6	2019	10.52	32.94	0.0	3.1366065312592055
3	6	2019	9.46	34.91	0.0	3.2596667540946505
4	6	2019	12.67	25.3	0.0	2.4732139856813395
5	6	2019	10.67	25.56	0.0	2.567718946838755
6	6	2019	13.25	27.67	0.0	2.6805364890094148
7	6	2019	8.91	22.19	0.0	2.3277416040835957
8	6	2019	4.28	16.99	0.0	1.993908874348121
9	6	2019	4.05	20.64	0.0	2.294154853623465
10	6	2019	3.19	23.88	0.0	2.5319319815188965
11	6	2019	6.98	22.09	1.12	2.372096431386691
12	6	2019	6.12	24.96	0.51	2.610068321867951
13	6	2019	8.28	30.53	1.7	3.000687744213298
14	6	2019	11.96	23.94	2.99	2.2209228166640065
15	6	2019	10.1	19.44	4.03	1.9088388250483144
16	6	2019	9.08	18.36	1.24	1.9842704593889144
17	6	2019	5.96	22.67	0.0	2.450289036658193
18	6	2019	8.08	27.2	0.0	2.77798472375561
19	6	2019	10.3	22.75	27.54	2.184428958789584
20	6	2019	8.31	15.06	6.65	0.7890719420417944
21	6	2019	6.54	16.38	24.74	1.1892704322130736
22	6	2019	10.97	15.66	9.86	0.4916485758090164
23	6	2019	10.42	22.47	1.44	1.809752864154575
24	6	2019	9.25	21.02	0.0	1.695523866927998
25	6	2019	8.96	22.68	0.0	1.9796306784830071
26	6	2019	8.05	24.49	0.0	2.2776308286525713
27	6	2019	11.85	25.98	12.5	1.7808492135719765
28	6	2019	13.81	23.92	1.51	1.5725161461603336
29	6	2019	13.7	25.51	0.0	1.8806850282853589
30	6	2019	9.82	22.57	0.0	1.8550688800473991
1	7	2019	9.02	27.98	1.75	2.5549393969578857
2	7	2019	6.53	20.12	0.0	1.8039253265646429
3	7	2019	8.4	20.75	0.0	1.759586757041919
4	7	2019	8.55	21.29	0.0	1.8203658924418875
5	7	2019	11.45	20.81	0.0	1.4144045184195668
6	7	2019	11.37	26.24	0.0	2.2639592723097186
7	7	2019	13.72	27.96	0.0	2.2948174335254077
8	7	2019	14.24	24.38	0.0	1.663698260863551
9	7	2019	11.72	23.09	0.0	1.782714322565503
10	7	2019	9.28	26.47	0.0	2.4091988470932684
11	7	2019	14.09	25.44	0.0	1.8936809789108409
12	7	2019	10.5	24.57	3.2	1.7034704112893782
13	7	2019	11.87	30.01	11.12	2.1588741899719106
14	7	2019	14.25	28.64	16.19	1.7978152249796775
15	7	2019	12.93	25.5	0.0	1.839629292627356
16	7	2019	11.41	21.01	11.77	1.0559004403554573
17	7	2019	11.97	23.32	3.02	1.2469506239337362
18	7	2019	11.3	26.03	1.12	1.989680710147304
19	7	2019	10.05	18.45	3.29	0.910839913088956
20	7	2019	10.0	23.16	0.0	1.7052907819164358
21	7	2019	10.45	25.2	0.0	1.9054659103922336
22	7	2019	10.15	27.99	0.0	2.1978921887325575
23	7	2019	13.98	29.98	0.0	2.1537639204557606
24	7	2019	15.96	31.31	4.4	1.710335818605295
25	7	2019	11.27	21.5	1.67	1.2430098402525127
26	7	2019	13.25	26.38	0.0	1.7257474499476777
27	7	2019	12.24	33.1	0.0	2.5205531809051824
28	7	2019	9.27	22.94	0.0	1.6438124950408506
29	7	2019	5.36	25.35	0.0	2.082327406922121
30	7	2019	11.7	30.46	0.0	2.277206393432401
31	7	2019	12.56	27.8	0.0	1.931456296619787
1	8	2019	14.17	33.99	0.0	2.4584548103334587
2	8	2019	16.05	35.0	0.0	2.423890513367753
3	8	2019	16.06	30.16	0.0	1.850115015477119
4	8	2019	10.52	26.66	0.0	1.8863352068234416
5	8	2019	10.43	29.7	0.0	2.1875620585338003
6	8	2019	10.89	23.44	0.0	1.4367471866021275
7	8	2019	5.98	22.17	0.0	1.6535575797968245
8	8	2019	6.57	26.24	0.0	1.9987740248997656
9	8	2019	10.34	28.66	0.28	2.0455573150848045
10	8	2019	10.16	21.22	0.0	1.1916769317220173
11	8	2019	8.55	23.57	9.11	1.34959195888956
12	8	2019	10.49	15.61	20.09	0.5013836190035326
13	8	2019	7.65	21.2	0.0	1.3598140501772191
14	8	2019	10.51	24.6	0.0	1.4879811632558837
15	8	2019	10.26	25.56	0.0	1.5800320926375269
16	8	2019	10.77	21.77	0.0	1.1804956128968247
17	8	2019	5.63	18.25	0.0	1.1920095420398673
18	8	2019	4.04	23.3	0.0	1.6749630341709834
19	8	2019	5.08	23.8	0.0	1.6613788783806709
20	8	2019	4.12	23.7	0.0	1.6783455972704633
21	8	2019	5.93	26.93	0.0	1.8668364928333008
22	8	2019	12.84	27.28	0.0	1.5156895538322426
23	8	2019	10.94	21.49	0.0	1.094764569691114
24	8	2019	12.17	29.06	5.81	1.5280348485337685
25	8	2019	11.55	21.59	6.42	0.9364713061812524
26	8	2019	9.25	20.64	0.0	1.1266340217507775
27	8	2019	8.09	19.35	0.0	1.0827699064062035
28	8	2019	6.55	23.25	0.86	1.4947247165089526
29	8	2019	5.64	20.02	0.0	1.2771619111827626
30	8	2019	6.04	21.47	1.47	1.367312521266712
31	8	2019	7.59	23.0	1.25	1.411928545515056
1	9	2019	9.79	22.51	1.21	1.2437434860297565
2	9	2019	10.26	23.15	0.0	1.2664543204257066
3	9	2019	7.58	25.41	0.0	1.5826166479281325
4	9	2019	10.51	25.53	2.81	1.3023487212908895
5	9	2019	7.82	23.44	0.0	1.407740940786687
6	9	2019	5.23	22.57	0.0	1.4443991825606304
7	9	2019	7.37	22.22	0.0	1.3215822510127309
8	9	2019	6.04	21.5	0.0	1.3229148001400115
9	9	2019	8.57	13.43	21.19	0.4132465099917922
10	9	2019	8.53	11.56	18.92	0.2632084256441468
11	9	2019	9.16	14.21	5.78	0.4352651165172108
12	9	2019	7.47	15.39	0.0	0.7235709369805519
13	9	2019	4.14	24.75	0.0	1.5856183672280093
14	9	2019	9.4	23.98	0.0	1.3235072726561086
15	9	2019	9.98	27.83	0.0	1.57578371281607
16	9	2019	9.3	32.0	0.0	1.8727236795286368
17	9	2019	12.95	24.82	0.72	1.154052168627269
18	9	2019	10.17	22.69	0.0	1.1460537347119868
19	9	2019	7.44	22.23	0.0	1.2501484715345703
20	9	2019	8.6	20.73	0.0	1.0724162125002548
21	9	2019	5.5	18.54	0.0	1.0578672182919795
22	9	2019	5.01	24.15	0.0	1.4537706881512424
23	9	2019	9.06	20.98	0.0	1.0465731626068835
24	9	2019	5.34	17.15	0.0	0.9421932307659268
25	9	2019	3.64	15.79	0.0	0.9177849961782756
26	9	2019	3.53	11.4	6.44	0.5419383228071455
27	9	2019	2.12	8.2	3.78	0.3995934133639097
28	9	2019	0.21	5.43	0.0	0.351105872837824
29	9	2019	-0.07	3.1	14.62	0.1932126607250194
30	9	2019	-0.06	2.2	4.48	0.1405152889190788
1	10	2019	-0.34	4.23	0.0	0.3032596222276847
2	10	2019	-4.4	8.86	0.0	0.7508200351908028
3	10	2019	-0.91	11.59	0.0	0.8035339501874147
4	10	2019	1.41	11.44	0.0	0.7014332865398353
5	10	2019	-0.3	14.33	0.0	0.938739498963284
6	10	2019	4.17	15.81	0.0	0.8696333936381845
7	10	2019	2.89	20.42	0.0	1.1966061472403264
8	10	2019	-1.5	8.68	1.67	0.631154180910156
9	10	2019	-5.72	1.18	0.0	0.3575609667006941
10	10	2019	-7.09	3.38	0.0	0.5095178899531215
11	10	2019	-8.66	6.28	0.0	0.6709311556751253
12	10	2019	-8.41	7.22	0.0	0.7036199409706859
13	10	2019	-8.87	10.41	0.0	0.8444762580881037
14	10	2019	-0.67	4.88	0.62	0.3365514933223728
15	10	2019	-2.29	5.93	0.0	0.4719589121012937
16	10	2019	-0.5	14.43	0.0	0.8925516696113045
17	10	2019	1.98	18.94	0.0	1.0729260993035237
18	10	2019	0.0	16.04	0.0	0.9552989403626956
19	10	2019	-0.94	14.11	0.0	0.86977867483836
20	10	2019	-4.53	8.81	0.0	0.6775093998075159
21	10	2019	-6.67	10.56	0.0	0.7934034566965594
22	10	2019	-6.45	7.02	0.0	0.6265854355861582
23	10	2019	-5.11	4.54	1.47	0.4722850092590893
24	10	2019	-3.15	9.22	0.0	0.6488183533482186
25	10	2019	-0.06	18.32	0.0	1.0401949974896028
26	10	2019	-4.91	2.93	0.0	0.3771737298496505
27	10	2019	-8.71	-2.4	0.23	0.2591497852672623
28	10	2019	-9.7	-3.59	0.46	0.2367148763114986
29	10	2019	-11.96	-4.93	0.0	0.2424133161407335
30	10	2019	-17.4	0.53	0.0	0.4894497117242129
31	10	2019	-2.84	4.35	0.0	0.3609362662629541
1	11	2019	-2.86	5.35	0.0	0.4116555114157141
2	11	2019	-4.08	4.35	0.0	0.402286260880743
3	11	2019	-4.14	2.53	0.71	0.3139235489893623
4	11	2019	-12.04	-3.99	0.0	0.2633096238413455
5	11	2019	-13.43	-2.75	0.68	0.3373089251268585
6	11	2019	-19.5	-7.31	0.0	0.2760040515571557
7	11	2019	-19.31	-3.24	0.0	0.376656496004393
8	11	2019	-8.11	5.81	0.0	0.5634697958134207
9	11	2019	-11.14	0.76	2.65	0.3933801334790003
10	11	2019	-19.87	-11.23	0.0	0.1806201997362102
11	11	2019	-22.9	-7.23	0.0	0.2900749124515135
12	11	2019	-15.39	-1.18	0.0	0.3995465288026003
13	11	2019	-11.68	1.97	0.0	0.4591747087296745
14	11	2019	-6.6	1.28	0.0	0.325331170879533
15	11	2019	-3.96	4.94	0.0	0.4123092991391072
16	11	2019	-0.61	3.46	3.89	0.201965494374526
17	11	2019	-2.57	7.72	3.8	0.4723510557829996
18	11	2019	-0.49	8.01	0.0	0.4391761878863226
19	11	2019	-3.87	1.2	0.0	0.2270462683929559
20	11	2019	-5.4	-0.56	0.0	0.2032132542364016
21	11	2019	-7.32	3.33	0.0	0.4192127474623049
22	11	2019	-5.43	6.43	0.0	0.5043509141170842
23	11	2019	-0.87	10.59	0.0	0.5771737692253218
24	11	2019	-1.95	5.62	0.9	0.3667739584212403
25	11	2019	-4.93	0.06	0.0	0.2116796734222001
26	11	2019	-10.04	-1.52	0.0	0.2892515733569744
27	11	2019	-8.68	-3.98	0.0	0.1660935370233965
28	11	2019	-7.94	-5.25	15.68	0.0948260810376397
29	11	2019	-11.78	-5.17	0.0	0.2070344136966497
30	11	2019	-10.3	-6.78	0.0	0.1155676879246836
1	12	2019	-13.13	-4.86	0.0	0.2423542841645644
2	12	2019	-12.2	-0.94	0.0	0.3498076810799677
3	12	2019	-7.76	4.16	0.0	0.4558498061813702
4	12	2019	-9.53	0.27	0.0	0.3433692918319433
5	12	2019	-12.14	-2.73	0.0	0.2888320669607665
6	12	2019	-12.17	-3.56	0.0	0.2622962936039841
7	12	2019	-11.37	-3.34	0.0	0.2543102745872903
8	12	2019	-20.4	-10.43	0.0	0.1921926549039162
9	12	2019	-24.83	-9.2	0.0	0.2392087925912678
10	12	2019	-27.58	-12.88	0.0	0.185011038455998
11	12	2019	-24.5	-15.58	0.0	0.1296065458722838
12	12	2019	-19.33	-10.45	0.38	0.1800994837806097
13	12	2019	-22.3	-12.85	0.0	0.1599700473845348
14	12	2019	-24.51	-10.69	0.43	0.2108557624661698
15	12	2019	-18.0	-7.57	0.0	0.2310595508609408
16	12	2019	-15.26	-4.85	0.0	0.268853073025121
17	12	2019	-13.6	-2.59	0.0	0.3114841760700181
18	12	2019	-8.9	1.09	0.0	0.3546304822036055
19	12	2019	-10.06	-2.62	0.0	0.2471350870318457
20	12	2019	-10.3	5.08	0.0	0.5188138904993096
21	12	2019	-9.6	3.12	0.0	0.4393445520418297
22	12	2019	-6.4	1.72	0.0	0.3199622140436611
23	12	2019	-5.81	-2.32	0.0	0.1385034577333274
24	12	2019	-6.16	-4.04	2.44	0.0794845265928288
25	12	2019	-8.35	-1.85	0.0	0.2338784163648418
26	12	2019	-14.75	-5.33	0.0	0.2487490811768258
27	12	2019	-13.45	-4.27	0.0	0.2591976465703534
28	12	2019	-15.24	-5.65	0.0	0.2464200622272568
29	12	2019	-18.45	-4.94	0.0	0.2979146888660426
30	12	2019	-15.37	-4.65	0.0	0.2754482134692829
31	12	2019	-11.9	1.15	0.0	0.4062767734838183
1	1	2020	-6.41	-0.13	0.0	0.2482076666603277
2	1	2020	-7.36	-2.15	0.0	0.1959597387990294
3	1	2020	-11.98	-2.2	0.0	0.3018536811940281
4	1	2020	-7.95	5.95	0.0	0.525605639379154
5	1	2020	-9.28	-0.5	0.0	0.3089389821945918
6	1	2020	-13.19	-1.14	0.0	0.3555636990197632
7	1	2020	-21.58	-12.38	0.0	0.1642657429073053
8	1	2020	-16.91	-3.88	0.0	0.3180670147815924
9	1	2020	-23.04	-14.96	0.0	0.1299470736008384
10	1	2020	-28.73	-13.95	0.0	0.1748735407791624
11	1	2020	-16.58	-8.3	2.83	0.1920840165054972
12	1	2020	-24.6	-12.46	0.95	0.186133743919933
13	1	2020	-29.79	-23.29	0.75	0.0640989822206957
14	1	2020	-34.06	-26.78	0.0	0.052338920448735
15	1	2020	-35.4	-27.84	0.0	0.0492477836227612
16	1	2020	-35.47	-18.91	0.0	0.1242420227700769
17	1	2020	-23.29	-18.7	1.76	0.070871303602272
18	1	2020	-28.09	-23.43	0.0	0.0512869391012339
19	1	2020	-29.07	-15.73	0.0	0.1558988302486876
20	1	2020	-20.5	1.54	0.0	0.4844070294402995
21	1	2020	-8.97	2.43	0.0	0.4314966116674333
22	1	2020	-12.14	-1.73	0.0	0.3390006530829916
23	1	2020	-12.05	-2.45	0.0	0.314282044737369
24	1	2020	-7.96	1.75	0.0	0.3890980785520059
25	1	2020	-5.4	2.85	0.0	0.3709285735759795
26	1	2020	-6.8	-1.83	0.0	0.2084396965756921
27	1	2020	-6.16	0.35	0.77	0.2845936151418605
28	1	2020	-5.53	-0.59	0.0	0.221936223320431
29	1	2020	-10.03	-2.02	1.92	0.2973151642269719
30	1	2020	-9.96	-0.17	0.0	0.3687345233900909
31	1	2020	-9.83	3.6	0.0	0.5118395179039469
1	2	2020	-4.85	7.68	0.0	0.5926594413477804
2	2	2020	-9.06	1.04	0.0	0.4010471819017351
3	2	2020	-16.39	-7.12	0.0	0.2527535580076875
4	2	2020	-18.0	-2.69	0.0	0.3941381382383256
5	2	2020	-12.51	-3.21	0.0	0.316335369198654
6	2	2020	-11.91	-7.66	0.71	0.1450442622045795
7	2	2020	-10.98	-1.52	0.0	0.3539250969660969
8	2	2020	-12.48	-1.79	0.0	0.3733612857049286
9	2	2020	-12.91	-1.43	0.0	0.3957178386566944
10	2	2020	-10.18	-3.12	0.0	0.2780012138804686
11	2	2020	-13.54	-0.95	0.0	0.4262841440636138
12	2	2020	-28.61	-13.3	0.0	0.211353712300817
13	2	2020	-28.42	-5.24	0.0	0.3512791102984533
14	2	2020	-11.59	-0.74	0.0	0.4076932637920408
15	2	2020	-16.66	-9.59	0.0	0.1998310686773212
16	2	2020	-14.79	-2.76	0.0	0.3894990966021943
17	2	2020	-20.39	-7.84	0.0	0.2970045876526702
18	2	2020	-29.03	-17.45	0.0	0.1540964883319418
19	2	2020	-29.08	-8.93	0.0	0.2924741523032454
20	2	2020	-16.5	2.45	0.0	0.6416452521038899
21	2	2020	-10.66	3.86	0.0	0.6914572115430407
22	2	2020	-8.28	4.51	0.0	0.6991317389571113
23	2	2020	-10.02	2.86	0.0	0.6410331937270922
24	2	2020	-10.2	-1.76	0.0	0.3561176071346029
25	2	2020	-16.3	-1.79	0.0	0.4983002936558415
26	2	2020	-12.46	2.26	0.0	0.6600439592894929
27	2	2020	-7.0	5.23	0.0	0.7484059867491145
28	2	2020	-6.44	7.26	0.0	0.8859488525291461
29	2	2020	-4.92	7.7	0.2	0.8898677510577268
1	3	2020	-10.49	0.59	0.0	0.549329585124085
2	3	2020	-6.42	4.07	0.0	0.6766688348852523
3	3	2020	-5.53	4.31	0.0	0.6681293121938019
4	3	2020	-2.3	4.3	0.0	0.457155971469913
5	3	2020	-5.58	5.49	0.0	0.8000505790268185
6	3	2020	-0.61	13.04	0.0	1.2938075488595566
7	3	2020	-8.33	1.14	0.79	0.561327039154449
8	3	2020	-14.64	-5.93	0.92	0.3120572615793192
9	3	2020	-15.94	1.41	0.0	0.7098365176093254
10	3	2020	-10.7	6.02	0.0	1.0131931594601833
11	3	2020	-3.2	6.29	0.0	0.8803171173372978
12	3	2020	-8.53	0.4	0.0	0.5937111072817026
13	3	2020	-15.59	-9.17	0.0	0.2201810013906977
14	3	2020	-15.76	-6.73	1.74	0.3734049930781967
15	3	2020	-14.13	-5.02	0.55	0.4270122095944069
16	3	2020	-16.66	-2.12	0.0	0.6304345543181088
17	3	2020	-12.89	0.21	0.0	0.7362118535426365
18	3	2020	-16.02	-4.67	0.0	0.5044453930499523
19	3	2020	-16.13	-3.97	0.0	0.5506787977179618
20	3	2020	-16.51	-0.15	0.0	0.7529646060748738
21	3	2020	-10.59	3.67	0.0	0.974695104373641
22	3	2020	-9.81	7.36	0.0	1.2597275218883237
23	3	2020	-6.81	10.45	0.0	1.449737229093205
24	3	2020	-7.81	-0.22	1.48	0.7992869740702987
25	3	2020	-13.75	0.3	0.0	0.9254042265990424
26	3	2020	-12.18	7.04	0.0	1.225935468334761
27	3	2020	-3.91	8.65	0.0	1.4017653377861463
28	3	2020	-2.55	10.62	0.0	1.523108430765326
29	3	2020	-4.55	15.75	0.0	1.7810249591296063
30	3	2020	-2.64	6.19	0.0	1.2517556256475282
31	3	2020	-9.12	0.4	0.0	0.958960772712378
1	4	2020	-14.22	-10.11	0.49	0.2146061683524085
2	4	2020	-17.26	-7.18	0.0	0.576909623479206
3	4	2020	-17.9	-1.04	0.0	0.8547406431345441
4	4	2020	-10.43	-3.29	2.27	0.5390363168871638
5	4	2020	-10.22	-0.86	0.45	0.9202347623570052
6	4	2020	-6.61	3.65	1.29	1.1607662501147058
7	4	2020	-8.77	5.61	0.0	1.2676903166394695
8	4	2020	-5.59	2.51	0.0	1.0893385127686412
9	4	2020	-12.21	7.29	0.0	1.309404554850893
10	4	2020	-2.03	9.14	0.0	1.4998584764770415
11	4	2020	-7.96	-0.71	0.0	0.8832544232883668
12	4	2020	-10.69	-3.2	0.0	0.7568519197943889
13	4	2020	-12.88	-2.69	0.0	0.858543352838595
14	4	2020	-14.83	4.79	0.0	1.1719240333381835
15	4	2020	-9.92	3.31	0.0	1.1720746732349232
16	4	2020	-7.48	5.95	0.0	1.3320401540369642
17	4	2020	-3.09	14.67	0.0	1.8747427990008192
18	4	2020	-3.94	5.08	0.0	1.2616927142604792
19	4	2020	-6.67	14.88	0.0	1.8355606864338472
20	4	2020	-2.17	12.6	0.0	1.7705653004864377
21	4	2020	-1.11	22.53	0.0	2.3685232568759105
22	4	2020	1.61	17.05	0.0	2.0787818322104776
23	4	2020	0.1	18.3	0.0	2.1516649177418996
24	4	2020	-1.45	13.81	2.93	1.6981850832855632
25	4	2020	-2.64	19.42	0.0	2.1864324068917806
26	4	2020	3.46	16.67	0.0	2.0443130131337193
27	4	2020	-0.96	20.89	0.0	2.306475969202874
28	4	2020	2.99	18.1	0.0	2.162128644283439
29	4	2020	0.95	23.19	0.0	2.476680133154785
30	4	2020	8.34	28.14	0.0	2.8438584667987095
1	5	2020	5.29	18.7	0.0	2.1625610996722204
2	5	2020	-1.1	19.15	0.0	2.201342968224502
3	5	2020	-0.44	18.63	4.47	1.9843144938400017
4	5	2020	2.22	14.88	0.0	1.8976734635301975
5	5	2020	-0.81	17.74	0.0	2.115756185772616
6	5	2020	0.76	21.61	0.0	2.2941574441690333
7	5	2020	1.29	18.03	0.0	2.0676583178547103
8	5	2020	0.59	20.55	0.64	2.2290404907518795
9	5	2020	-1.35	8.09	0.29	1.380157220308331
10	5	2020	-3.26	10.31	0.0	1.5602424012535512
11	5	2020	-6.53	11.09	0.0	1.5996259320463888
12	5	2020	-4.3	13.43	0.0	1.7558629817447076
13	5	2020	1.56	10.87	0.77	1.529918909309222
14	5	2020	-1.52	19.0	0.0	2.1325917158963064
15	5	2020	-1.79	15.48	0.0	1.9063471599363315
16	5	2020	0.83	25.42	0.0	2.5538760468165465
17	5	2020	8.44	26.71	0.0	2.668702172476953
18	5	2020	8.58	26.4	0.0	2.641273704187646
19	5	2020	9.95	26.9	0.0	2.667511678330732
20	5	2020	10.57	20.33	7.08	1.947791866563476
21	5	2020	10.01	21.09	0.0	2.186522555270029
22	5	2020	5.24	21.04	0.0	2.2993913696786805
23	5	2020	3.61	16.44	0.0	1.9635949356589977
24	5	2020	3.94	19.53	0.0	2.206976327057423
25	5	2020	4.81	25.69	0.0	2.651906062259897
26	5	2020	10.36	22.61	0.0	2.3343120697384117
27	5	2020	7.03	19.45	0.0	2.160380728029134
28	5	2020	4.35	18.91	0.0	2.1724184771313113
29	5	2020	5.36	20.2	0.0	2.2697483602373234
30	5	2020	7.56	26.01	0.0	2.699433658077173
31	5	2020	11.57	31.88	0.0	3.089653386052811
1	6	2020	11.64	25.71	0.0	2.606087675157839
2	6	2020	7.95	24.63	0.0	2.59879408787077
3	6	2020	9.91	21.57	0.0	2.2881136501194543
4	6	2020	6.45	20.52	0.0	2.2968521379993874
5	6	2020	2.99	22.46	0.0	2.473965908536789
6	6	2020	10.66	20.19	22.77	1.9898058818012931
7	6	2020	9.51	18.47	22.18	1.4403259184867416
8	6	2020	7.48	15.88	0.0	1.295102499625747
9	6	2020	5.64	20.69	5.2	1.8052460819281333
10	6	2020	6.34	22.95	0.0	2.381582668963729
11	6	2020	6.98	24.22	0.0	2.4993316067814004
12	6	2020	8.94	28.93	0.0	2.902032495332339
13	6	2020	14.81	30.57	0.0	2.8682209599390687
14	6	2020	12.12	23.69	0.0	2.0999911914498823
15	6	2020	7.08	22.9	0.0	2.392225835074069
16	6	2020	9.41	22.44	24.32	1.777772086011106
17	6	2020	10.04	16.82	5.25	0.7180862286210835
18	6	2020	6.66	15.06	0.0	1.0944932186313712
19	6	2020	5.26	19.32	0.0	1.8602898466639852
20	6	2020	6.58	18.51	0.0	1.6500207474376232
21	6	2020	4.36	19.21	0.0	1.89874939486558
22	6	2020	5.51	24.12	0.0	2.362952172635948
23	6	2020	10.61	28.78	0.0	2.662165647987149
24	6	2020	13.62	28.24	2.65	1.95019748751529
25	6	2020	14.24	25.78	0.0	1.957052831236051
26	6	2020	11.77	31.11	0.0	2.8261830830263017
27	6	2020	13.9	21.95	0.0	1.263814552148449
28	6	2020	13.35	20.51	0.0	1.0703277570026952
29	6	2020	14.47	19.3	3.29	0.5755604709612286
30	6	2020	14.03	20.98	7.92	0.8238310410598348
1	7	2020	13.02	24.22	1.04	1.8473841219226936
2	7	2020	10.83	24.59	1.5	2.121307571952294
3	7	2020	9.93	27.31	0.0	2.469398112176492
4	7	2020	12.28	28.6	0.0	2.4983986778322342
5	7	2020	12.71	24.25	0.0	1.886904011389612
6	7	2020	9.89	26.1	0.0	2.3570703748692328
7	7	2020	11.78	28.86	16.71	2.073741406771242
8	7	2020	13.06	19.78	3.11	0.7726157649938524
9	7	2020	11.85	22.07	1.06	1.482728689441066
10	7	2020	9.99	22.81	3.63	1.4292697356034243
11	7	2020	10.12	24.18	0.0	1.9602451354827108
12	7	2020	12.85	26.05	0.0	1.980655407283333
13	7	2020	9.68	20.16	2.34	1.1177516940114038
14	7	2020	10.33	22.53	3.31	1.351096258562013
15	7	2020	9.43	23.68	0.74	1.9278641715665936
16	7	2020	9.95	26.15	0.0	2.1606451005743
17	7	2020	13.88	25.1	0.0	1.658706413840854
18	7	2020	12.26	22.2	3.58	1.104642051170552
19	7	2020	10.28	23.35	3.63	1.3939587261334263
20	7	2020	10.76	23.59	4.7	1.3636999680358044
21	7	2020	9.35	26.03	0.0	2.086078500976361
22	7	2020	13.96	30.82	0.0	2.3089606524475466
23	7	2020	17.92	28.85	0.0	1.6422643550887066
24	7	2020	14.62	28.14	0.0	1.9488481752082705
25	7	2020	11.51	22.07	0.0	1.402632932970288
26	7	2020	9.66	25.42	0.0	2.001488586292611
27	7	2020	9.08	27.33	0.0	2.1986031229453125
28	7	2020	10.44	30.94	0.0	2.442766597016607
29	7	2020	14.35	34.53	0.0	2.5660224066519373
30	7	2020	15.46	32.55	0.0	2.2784791960368267
31	7	2020	13.11	27.28	0.0	1.8306732262263892
1	8	2020	8.51	28.14	0.0	2.199323954774812
2	8	2020	10.57	28.38	0.0	2.1330152206945456
3	8	2020	13.72	30.23	3.16	1.7210757777678565
4	8	2020	11.81	27.16	0.0	1.8793249652165505
5	8	2020	9.38	29.74	0.0	2.264620979708918
6	8	2020	11.9	33.53	0.0	2.4758590440727404
7	8	2020	13.74	24.22	4.76	1.0883550807399125
8	8	2020	10.04	26.18	1.15	1.8181823889386597
9	8	2020	8.86	23.21	0.0	1.550152026395272
10	8	2020	7.65	25.24	0.0	1.8363165156867056
11	8	2020	8.57	25.55	0.0	1.80040063944759
12	8	2020	11.38	29.18	0.0	1.9855526001704669
13	8	2020	10.63	25.45	0.0	1.6128323198677337
14	8	2020	7.8	25.31	0.0	1.7778680048820514
15	8	2020	8.98	25.91	0.0	1.758915025092381
16	8	2020	9.03	30.31	0.0	2.1508113368810635
17	8	2020	11.43	34.66	0.0	2.394763190854805
18	8	2020	12.58	36.29	0.0	2.458068856995322
19	8	2020	14.75	34.93	0.0	2.2351003984859976
20	8	2020	12.25	34.81	0.0	2.3406804888273687
21	8	2020	14.07	28.77	0.0	1.5813738103699448
22	8	2020	9.84	33.02	0.0	2.2595627188575933
23	8	2020	6.3	29.37	0.0	2.0689737726331585
24	8	2020	9.08	31.11	0.0	2.089853308812153
25	8	2020	13.75	28.29	0.91	1.4711506619667
26	8	2020	11.6	25.5	0.0	1.3573082973363404
27	8	2020	7.86	25.6	1.84	1.612845104050765
28	8	2020	6.38	24.34	0.0	1.5609472509591529
29	8	2020	8.4	32.1	0.0	2.126161985318294
30	8	2020	6.65	19.93	0.0	1.1501928534856622
31	8	2020	2.35	19.7	0.0	1.3246700070454396
1	9	2020	8.32	23.51	0.0	1.3495190308391796
2	9	2020	7.85	18.08	3.82	0.8231241271763936
3	9	2020	5.22	22.0	0.0	1.368334707839185
4	9	2020	6.06	24.91	0.0	1.5454767518040964
5	9	2020	8.1	31.84	0.0	2.0880771907004956
6	9	2020	8.54	17.85	0.0	0.8257926097688332
7	9	2020	0.0	10.9	0.0	0.7553040114294413
8	9	2020	-5.42	16.22	0.0	1.302609616728379
9	9	2020	4.09	21.6	0.0	1.4413816930559975
10	9	2020	5.96	27.05	0.0	1.8190653821987333
11	9	2020	7.52	29.87	0.0	1.9756903107194768
12	9	2020	7.83	17.61	0.55	0.8268411639976548
13	9	2020	0.22	17.58	0.0	1.208246564368627
14	9	2020	5.53	16.51	0.0	0.8686594241493271
15	9	2020	3.12	15.78	0.0	0.9799454182524204
16	9	2020	-0.42	14.29	0.0	1.058498488883197
17	9	2020	1.66	20.25	0.0	1.479582191921598
18	9	2020	-0.43	25.39	0.0	1.8580587769619965
19	9	2020	6.75	26.67	0.0	1.8109286437937329
20	9	2020	12.15	19.26	7.75	0.5960556398282423
21	9	2020	7.69	23.65	0.0	1.4227415252172853
22	9	2020	6.66	21.6	0.83	1.2759139551475132
23	9	2020	9.62	22.49	0.0	1.1628126190678565
24	9	2020	9.2	24.22	0.0	1.3676596684398603
25	9	2020	6.74	22.2	0.0	1.3047158977613018
26	9	2020	7.1	15.57	0.93	0.6747383865434923
27	9	2020	4.33	15.65	0.0	0.8324391382813884
28	9	2020	0.82	22.75	0.0	1.5386875567465514
29	9	2020	6.84	17.35	0.0	0.8203630459690898
30	9	2020	0.98	12.94	0.0	0.7851614031805194
1	10	2020	-4.61	12.87	0.0	0.9963995579184102
2	10	2020	1.11	17.86	0.0	1.1794198408079288
3	10	2020	-1.51	16.65	0.0	1.155776571880382
4	10	2020	4.92	24.43	0.7	1.5310022749290817
5	10	2020	7.6	20.02	0.0	0.9843258347557494
6	10	2020	6.52	17.4	0.0	0.89909359402467
7	10	2020	1.54	15.2	0.0	1.0143367966376249
8	10	2020	7.57	24.0	2.2	1.2808525490808649
9	10	2020	2.18	11.2	0.0	0.5867366674050378
10	10	2020	2.87	26.6	0.0	1.811628898323964
11	10	2020	4.31	15.96	0.0	0.9145575970889768
12	10	2020	-3.1	11.96	0.0	0.9226502034649924
13	10	2020	0.28	11.12	0.0	0.7240029564817143
14	10	2020	-4.16	6.92	0.0	0.5924199959317247
15	10	2020	-3.9	6.19	0.0	0.5148707580527483
16	10	2020	-7.8	3.91	0.0	0.5093314293618895
17	10	2020	-12.82	0.22	0.0	0.4495763250452749
18	10	2020	-6.07	-3.14	0.0	0.131918564148423
19	10	2020	-7.88	-0.95	0.0	0.2924690452668205
20	10	2020	-6.7	-1.29	0.24	0.2441113124338996
21	10	2020	-11.07	-0.03	0.0	0.4689999757252212
22	10	2020	-14.28	-2.26	0.0	0.4167724523000733
23	10	2020	-13.66	-3.44	0.0	0.3362078977405862
24	10	2020	-8.99	-5.52	0.0	0.1367730915865378
25	10	2020	-12.16	-2.97	0.0	0.3221716603563396
26	10	2020	-15.32	3.47	0.0	0.6597749157832435
27	10	2020	-3.23	12.89	0.0	1.0102821296314428
28	10	2020	-4.41	5.97	0.0	0.5529920036558331
29	10	2020	-6.34	8.72	0.0	0.7856311944804415
30	10	2020	-1.16	14.17	0.0	1.015855861048894
31	10	2020	-6.16	3.43	0.0	0.4211832659648572
1	11	2020	-7.37	13.65	0.0	1.0285859321519617
2	11	2020	-0.45	19.88	0.0	1.3738474108801455
3	11	2020	2.57	18.38	0.0	1.219163210527218
4	11	2020	1.25	16.08	0.0	1.0724539165680038
5	11	2020	2.24	19.46	0.0	1.2646300456542534
6	11	2020	-1.32	7.02	0.0	0.485124784057119
7	11	2020	-1.78	1.64	0.98	0.1704613271221247
8	11	2020	-9.17	-2.33	18.65	0.2414545746488133
9	11	2020	-17.86	-8.43	0.0	0.2258901378402046
10	11	2020	-18.11	-5.6	0.0	0.3011855619422401
11	11	2020	-15.67	-5.91	1.01	0.263418826138541
12	11	2020	-21.67	-7.68	0.0	0.2736368981197534
13	11	2020	-11.56	0.8	0.0	0.4159054793140221
14	11	2020	-9.13	-0.24	0.62	0.3293572089155383
15	11	2020	-14.02	-4.78	0.0	0.2672255116113497
16	11	2020	-11.52	-5.32	0.0	0.1992270940889805
17	11	2020	-8.26	1.24	0.0	0.3639222940820451
18	11	2020	-4.16	5.67	0.0	0.4472461681240942
19	11	2020	-12.13	-4.66	3.82	0.2208022325539045
20	11	2020	-20.2	-9.4	0.0	0.2174413980856484
21	11	2020	-17.29	-4.09	0.0	0.3209468167297837
22	11	2020	-15.97	-5.78	0.0	0.2594132779424067
23	11	2020	-11.1	-4.16	0.0	0.2218035292324364
24	11	2020	-10.19	-1.4	0.0	0.2974365118294622
25	11	2020	-6.82	2.98	0.0	0.3896870375944417
26	11	2020	-11.3	-0.79	0.0	0.3400799133661122
27	11	2020	-10.69	1.39	0.0	0.4042601676247114
28	11	2020	-9.76	1.01	0.0	0.3738537112272861
29	11	2020	-15.0	-1.35	0.0	0.3692247069689359
30	11	2020	-8.28	2.92	0.0	0.4146089332181132
1	12	2020	-7.4	1.78	0.0	0.3510452692720914
2	12	2020	-11.17	-1.25	0.0	0.3191148166782429
3	12	2020	-7.39	2.98	0.0	0.3985810393411621
4	12	2020	-6.41	2.03	0.0	0.3369413611403731
5	12	2020	-6.73	2.85	0.0	0.3778753261930389
6	12	2020	-9.49	2.57	0.0	0.4219477829642949
7	12	2020	-7.77	3.09	0.0	0.4084925414528748
8	12	2020	-4.15	3.79	0.0	0.3450698439935283
9	12	2020	-5.03	2.06	7.52	0.2852169611475971
10	12	2020	-11.84	-3.14	0.0	0.2659792967112794
11	12	2020	-13.32	-4.66	0.0	0.2446485612742932
12	12	2020	-11.19	-3.12	0.0	0.2538716197412762
13	12	2020	-25.11	-12.93	0.0	0.1748786625134726
14	12	2020	-26.9	-11.81	0.0	0.1985888846675777
15	12	2020	-17.81	-8.04	0.0	0.2159473491570203
16	12	2020	-14.59	-3.29	0.0	0.3020727614143267
17	12	2020	-13.53	3.02	0.0	0.4806215350540501
18	12	2020	-21.49	-2.98	0.0	0.3546031231708165
19	12	2020	-10.54	3.91	0.0	0.4785772056602853
20	12	2020	-5.6	3.33	0.0	0.3615118892711809
21	12	2020	-8.55	-1.56	7.93	0.2373516113436252
22	12	2020	-13.21	-2.92	9.9	0.2833144537921865
23	12	2020	-16.68	-8.3	0.0	0.1944951325794371
24	12	2020	-14.91	0.75	0.0	0.4227120801284444
25	12	2020	-12.27	-2.4	0.0	0.2946618380096151
26	12	2020	-12.64	-4.05	1.92	0.2496151344378383
27	12	2020	-14.52	-6.46	0.0	0.2110220850857137
28	12	2020	-16.84	-7.04	0.0	0.229257672641327
29	12	2020	-16.45	-7.62	0.0	0.2096507242187615
30	12	2020	-20.61	-8.05	0.0	0.2418653279990143
1	1	2021	-16.98	-1.67	0.0	0.3723240952863154
2	1	2021	-7.74	4.26	0.0	0.4539060202206116
3	1	2021	-2.01	4.12	0.0	0.291373293495929
4	1	2021	-10.37	0.51	0.0	0.3645630282229112
5	1	2021	-9.48	0.75	0.0	0.3571379056618673
6	1	2021	-11.08	3.17	0.0	0.468926166092682
7	1	2021	-9.1	0.73	0.0	0.350739715578209
8	1	2021	-13.67	-2.3	0.0	0.3262364813371684
9	1	2021	-14.97	-4.87	0.0	0.2690892343752211
10	1	2021	-13.06	-3.82	0.0	0.2716546302401012
11	1	2021	-11.67	0.19	0.0	0.3806480163891289
12	1	2021	-7.38	1.62	0.0	0.3511334803023807
13	1	2021	-3.91	6.46	5.78	0.4511473094992631
14	1	2021	-6.72	-0.99	0.0	0.2290285507558308
15	1	2021	-13.86	-4.77	0.0	0.2604700423674057
16	1	2021	-9.83	-0.99	0.0	0.3118379601933305
17	1	2021	-10.12	-0.76	1.55	0.3273227964383882
18	1	2021	-9.87	0.1	0.28	0.35504161524759
19	1	2021	-13.7	2.16	0.0	0.4784435716399104
20	1	2021	-5.49	2.36	0.0	0.341996114117616
21	1	2021	-11.5	-5.18	0.21	0.2058734945237681
22	1	2021	-9.43	-4.23	0.76	0.1879224488784153
23	1	2021	-25.98	-7.91	0.0	0.2772862576933317
24	1	2021	-30.51	-20.97	0.0	0.0970807533603056
25	1	2021	-27.85	-20.52	0.0	0.088274849256402
26	1	2021	-27.27	-18.53	0.0	0.1125970673457072
27	1	2021	-22.54	-13.64	0.0	0.1593475203080171
28	1	2021	-18.45	-10.18	0.0	0.1914414868154731
29	1	2021	-14.76	-9.19	0.0	0.15670147072029
30	1	2021	-16.78	-11.54	0.0	0.1313041151389657
31	1	2021	-19.34	-8.01	0.0	0.2586710747736554
1	2	2021	-13.76	0.2	0.0	0.4407017951180579
2	2	2021	-8.25	3.74	0.0	0.4934145328260148
3	2	2021	-19.17	-10.47	0.0	0.1998975519024111
4	2	2021	-22.89	-15.91	0.0	0.1250196678183417
5	2	2021	-27.17	-17.58	0.0	0.1331012551159981
6	2	2021	-34.67	-25.37	0.0	0.0732959771968381
7	2	2021	-35.84	-27.8	0.0	0.0569371170698912
8	2	2021	-36.21	-26.46	0.0	0.0692288080639823
9	2	2021	-29.47	-25.63	0.0	0.0423957048991059
10	2	2021	-33.25	-26.52	0.0	0.0590847925830502
11	2	2021	-36.94	-28.34	0.0	0.0579426267457722
12	2	2021	-33.19	-22.99	0.0	0.095635678785156
13	2	2021	-36.94	-24.73	0.0	0.0873331003904991
14	2	2021	-34.81	-22.3	0.0	0.1070131842752765
15	2	2021	-29.86	-17.91	0.0	0.1488261107924038
16	2	2021	-24.92	-14.32	0.0	0.1859364860411182
17	2	2021	-22.49	-15.18	0.0	0.1478103434815969
18	2	2021	-24.3	-12.08	0.0	0.2292985157679313
19	2	2021	-21.99	-1.71	0.0	0.4987118391744263
20	2	2021	-11.32	-2.37	0.0	0.398948085916394
21	2	2021	-11.85	2.83	0.0	0.7038011358883417
22	2	2021	-3.48	4.06	0.0	0.5642719298548442
23	2	2021	-5.81	0.16	0.0	0.3406307317998751
24	2	2021	-9.94	-1.38	0.0	0.4500873678071949
25	2	2021	-10.83	1.18	0.0	0.6467375814214241
26	2	2021	-15.82	-1.02	2.4	0.4900203897038219
27	2	2021	-24.23	-12.45	0.0	0.2331909726807706
28	2	2021	-21.25	-10.3	0.0	0.2627261648488475
1	3	2021	-17.23	4.59	0.0	0.8007371709445615
2	3	2021	-5.77	4.04	0.0	0.7169208556813663
3	3	2021	-9.68	3.84	0.0	0.8222763416355173
4	3	2021	-8.53	3.6	0.0	0.8012515608550085
5	3	2021	-5.32	6.06	0.0	0.9272959593385868
6	3	2021	-0.68	7.02	0.0	0.8142856613770465
7	3	2021	-3.65	6.86	0.0	0.9828338415058684
8	3	2021	-3.28	4.79	0.0	0.7634386238650576
9	3	2021	-4.52	-0.29	0.0	0.2570749027164784
10	3	2021	-8.15	2.84	0.0	0.8300130345627348
11	3	2021	-17.01	-2.2	0.0	0.6223639105286446
12	3	2021	-9.29	7.31	0.0	1.1362500154212196
13	3	2021	-6.44	7.6	0.0	1.1647801605208834
14	3	2021	-1.91	10.23	0.0	1.3168119337694597
15	3	2021	-1.43	8.51	0.0	1.1530494327894552
16	3	2021	-7.97	1.71	0.0	0.7746266842067491
17	3	2021	-8.02	9.73	0.0	1.3479795146293123
18	3	2021	-3.19	15.69	0.0	1.703524605138161
19	3	2021	0.19	20.12	0.0	1.9738706064343228
20	3	2021	-0.52	12.48	0.0	1.563623492258526
21	3	2021	-4.99	4.81	0.0	1.0033193330216577
22	3	2021	-5.71	10.47	0.0	1.4376850433499777
23	3	2021	-6.91	1.09	1.41	0.7696592060003988
24	3	2021	-6.29	9.9	0.0	1.4149173817433447
25	3	2021	-3.32	4.17	0.0	0.931857728646794
26	3	2021	-10.04	2.83	0.0	1.0503754454219836
27	3	2021	-8.89	6.76	0.0	1.2474170640478015
28	3	2021	-1.41	18.15	0.0	1.917301637874533
29	3	2021	-8.83	6.14	6.54	1.1402856957344725
30	3	2021	-14.09	-5.43	0.0	0.5726232522412134
31	3	2021	-15.9	7.99	0.0	1.1919955932853854
1	4	2021	-2.72	14.96	0.0	1.758555230664588
2	4	2021	-0.13	13.83	0.0	1.7125897196593411
3	4	2021	-1.5	15.02	0.0	1.7826390041941365
4	4	2021	-1.33	19.28	0.0	2.022462994235262
5	4	2021	-2.63	13.6	0.0	1.6956539514038833
6	4	2021	-3.44	17.03	0.0	1.8780525897616265
7	4	2021	-0.24	21.49	0.0	2.1026502312033255
8	4	2021	1.92	15.31	1.52	1.7511555205237497
9	4	2021	-6.01	12.79	0.0	1.573953977608603
10	4	2021	-0.7	13.43	0.0	1.6476028119379815
11	4	2021	-2.15	5.17	3.52	0.7996357745619973
12	4	2021	-3.35	2.07	1.69	0.5960560001356822
13	4	2021	-3.2	2.57	0.0	0.637841377034072
14	4	2021	-3.19	6.43	0.0	1.247476891324323
15	4	2021	-2.42	12.13	0.0	1.6029288913890638
16	4	2021	-4.8	13.99	0.0	1.6967692019141074
17	4	2021	-1.62	20.66	0.0	2.1059647820146097
18	4	2021	-3.75	6.85	0.0	1.2923123877176623
19	4	2021	-6.87	5.04	2.61	1.147334062080729
20	4	2021	-8.75	8.98	0.0	1.4526679587828335
21	4	2021	-4.07	17.5	0.0	1.987795246610722
22	4	2021	-4.81	7.93	0.0	1.4133131644879118
23	4	2021	-12.18	4.81	0.0	1.207389988298398
24	4	2021	-10.09	8.06	0.0	1.395627470317583
25	4	2021	-5.44	10.82	0.0	1.5973294633245865
26	4	2021	-4.87	14.95	0.0	1.8497961544573345
27	4	2021	-3.68	17.85	0.0	1.9686599736365515
28	4	2021	-1.38	16.13	0.0	1.896358869003566
29	4	2021	-1.26	12.45	0.0	1.6578778775120804
30	4	2021	2.51	26.77	0.0	2.577944378030125
1	5	2021	5.04	20.6	0.0	2.2007175764770475
2	5	2021	0.71	15.54	0.0	1.8735975474488065
3	5	2021	-4.99	10.52	0.0	1.5533534146726515
4	5	2021	-4.79	14.91	0.0	1.8191243116219984
5	5	2021	-3.29	16.94	0.0	1.9581425199469136
6	5	2021	-0.48	18.41	0.0	2.080069745158142
7	5	2021	-0.2	18.37	0.0	2.085221991920001
8	5	2021	2.28	14.12	0.0	1.7763249661373817
9	5	2021	-4.6	16.08	0.0	1.909967047189372
10	5	2021	-3.43	18.41	0.0	2.06228825388125
11	5	2021	-0.26	20.36	0.0	2.2173204579960415
12	5	2021	1.49	21.34	0.0	2.2891437015700156
13	5	2021	1.28	22.35	0.0	2.349860606803543
14	5	2021	2.41	23.25	0.0	2.4134269202627987
15	5	2021	3.2	24.91	0.0	2.526564715126551
16	5	2021	8.24	29.31	0.0	2.828884098777196
17	5	2021	7.07	32.85	0.0	3.05525157903298
18	5	2021	12.3	29.48	0.0	2.79498799939833
19	5	2021	2.78	14.39	0.0	1.76681954504563
20	5	2021	-0.51	4.86	3.65	0.705880205239788
21	5	2021	-2.18	4.94	4.39	0.8231232835388358
22	5	2021	0.44	9.61	0.0	1.4315166930029182
23	5	2021	6.18	14.23	15.85	1.350442878844968
24	5	2021	8.17	12.04	18.34	0.3677816555612966
25	5	2021	2.49	9.49	0.33	0.7862987376054434
26	5	2021	-0.41	13.99	0.0	1.65230522967942
27	5	2021	0.74	19.16	0.0	2.150824842865297
28	5	2021	6.69	22.09	0.0	2.3274111560679147
29	5	2021	6.46	21.06	0.0	2.2174289062161905
30	5	2021	2.61	23.38	0.0	2.512876081735957
31	5	2021	7.72	27.38	0.0	2.79504497547375
1	6	2021	8.73	26.98	0.0	2.759040049799582
2	6	2021	12.2	32.68	0.0	3.1396659309645156
3	6	2021	13.49	36.28	0.0	3.373514220805122
4	6	2021	16.22	30.14	0.0	2.7914985882179053
5	6	2021	12.32	29.26	0.0	2.891765525981233
6	6	2021	8.7	22.43	0.0	2.296230022634656
7	6	2021	9.37	23.6	0.0	2.410263500067648
8	6	2021	6.3	23.86	3.94	2.1640268317311944
9	6	2021	12.13	19.65	13.56	1.0167880948658248
10	6	2021	13.71	21.74	10.9	1.0507342870800236
11	6	2021	10.89	21.12	0.0	1.64368578451199
12	6	2021	7.0	24.08	0.0	2.3838786798785403
13	6	2021	6.7	27.73	0.0	2.739195240928575
14	6	2021	12.65	32.07	0.0	3.0062182998845404
15	6	2021	16.34	33.91	0.97	3.038393775474243
16	6	2021	13.42	25.84	0.0	2.20257118169728
17	6	2021	7.5	25.27	0.0	2.5182606525536912
18	6	2021	8.26	19.41	0.0	1.7210797525046255
19	6	2021	6.74	20.7	1.19	2.0176262906643494
20	6	2021	6.13	19.25	0.0	1.8475024535401103
21	6	2021	1.64	24.57	0.0	2.49060061839504
22	6	2021	10.32	31.52	0.0	2.9856837747949982
23	6	2021	13.28	24.68	0.0	1.9078199031730376
24	6	2021	8.77	22.18	0.0	1.9774097794606016
25	6	2021	9.73	27.74	0.0	2.6073540080152835
26	6	2021	13.82	28.75	0.88	2.477289725052906
27	6	2021	12.45	28.42	0.0	2.528414571638093
28	6	2021	10.59	29.65	0.0	2.820064949218101
29	6	2021	12.43	33.3	0.0	3.114817985486067
30	6	2021	13.89	34.53	0.0	3.181189469121561
1	7	2021	15.65	35.5	0.0	3.2028791880443084
2	7	2021	18.62	39.25	0.0	3.4333053726960445
3	7	2021	16.79	30.13	0.0	2.4363602690455393
4	7	2021	12.63	29.39	4.78	2.2023501979798747
5	7	2021	13.59	24.74	0.0	1.8598171642519432
6	7	2021	10.33	21.51	0.0	1.7145325020805988
7	7	2021	11.05	28.9	4.84	2.1957398804630786
8	7	2021	14.67	26.91	6.8	1.632749131522198
9	7	2021	12.48	30.06	0.0	2.612137352893061
10	7	2021	13.68	32.74	0.0	2.8195287886903952
11	7	2021	15.77	32.49	0.0	2.6725978679734483
12	7	2021	11.97	27.71	0.0	2.3614372668489936
13	7	2021	10.3	29.54	0.0	2.665678634599428
14	7	2021	10.95	31.55	0.0	2.832801732482269
15	7	2021	13.98	35.28	0.0	3.066778668082246
16	7	2021	15.51	31.37	0.0	2.523909857824623
17	7	2021	17.5	35.81	0.0	2.915096052964921
18	7	2021	13.74	27.48	0.0	2.1198983930407267
19	7	2021	14.5	21.55	0.0	0.9466088982499103
20	7	2021	16.21	28.81	0.0	2.073256270053638
21	7	2021	15.46	31.56	0.0	2.564507708846054
22	7	2021	14.7	33.92	0.0	2.8853581411156815
23	7	2021	6.99	28.98	0.0	2.654191265483609
24	7	2021	9.79	29.38	0.0	2.6012772183967092
25	7	2021	10.68	29.99	0.68	2.6171202279190924
26	7	2021	12.13	28.91	0.0	2.401459753452814
27	7	2021	12.56	36.17	0.0	3.0870541184953537
28	7	2021	13.3	29.62	0.0	2.3814256631913957
29	7	2021	12.92	34.04	0.0	2.872537182823754
30	7	2021	12.92	31.49	0.0	2.608431134722814
31	7	2021	12.5	31.89	0.0	2.6622455964640643
1	8	2021	12.01	33.37	0.0	2.814749740592808
2	8	2021	15.55	35.4	0.0	2.834841221327163
3	8	2021	18.73	28.9	0.0	1.5605574160576774
4	8	2021	14.57	28.8	0.0	2.0869484756392263
5	8	2021	10.84	31.15	0.0	2.5935605398342334
6	8	2021	15.24	33.54	0.0	2.5984588117950467
7	8	2021	15.27	30.08	0.0	2.14616945949544
8	8	2021	14.22	23.47	0.0	1.212147414714627
9	8	2021	11.41	20.71	0.0	1.14390178233889
10	8	2021	10.78	20.55	3.54	0.926447019163392
11	8	2021	11.23	26.33	0.0	1.972517369165673
12	8	2021	9.04	23.86	0.0	1.827601071240377
13	8	2021	8.47	29.87	0.0	2.4636472396661033
14	8	2021	16.52	37.18	0.0	2.794609637647027
15	8	2021	15.44	33.54	0.0	2.4709602845210195
16	8	2021	14.79	28.09	0.0	1.829638813492842
17	8	2021	10.09	20.72	4.94	0.9748212607845608
18	8	2021	10.04	17.97	4.44	0.726966755787909
19	8	2021	7.77	19.51	4.78	1.0121261769930263
20	8	2021	10.05	18.83	5.3	0.8025663542225752
21	8	2021	6.25	22.36	4.42	1.3886546780797937
22	8	2021	9.37	16.2	10.42	0.6192427010093751
23	8	2021	7.06	19.11	4.6	1.0949538110052155
24	8	2021	7.58	15.54	0.0	0.7821939023072396
25	8	2021	3.34	20.65	0.0	1.7290053414441426
26	8	2021	7.54	21.14	0.0	1.5632249029474323
27	8	2021	12.55	22.3	0.0	1.2176442942686012
28	8	2021	11.05	24.05	0.0	1.6437576327159755
29	8	2021	7.47	26.16	0.0	2.0592477476395294
30	8	2021	8.73	29.77	0.0	2.3051243665847396
31	8	2021	12.33	26.04	16.61	1.4097183379374654
1	9	2021	8.76	21.89	0.0	1.4264340721912196
2	9	2021	8.76	19.42	0.0	1.1006919265413704
3	9	2021	7.67	22.24	0.0	1.516601408287847
4	9	2021	5.22	23.62	0.0	1.7487564365212058
5	9	2021	7.69	29.96	0.0	2.155961649717019
6	9	2021	10.3	23.37	1.1	1.409406215811586
7	9	2021	7.47	23.86	0.0	1.6409112786682911
8	9	2021	5.46	25.94	0.0	1.941468293162362
9	9	2021	10.5	28.87	0.0	2.077897892724515
10	9	2021	8.52	22.38	0.0	1.5132810767791824
11	9	2021	6.78	14.76	0.0	0.7082396036863274
12	9	2021	3.28	18.5	0.0	1.3978183774570756
13	9	2021	7.18	21.74	0.0	1.510623827585402
14	9	2021	4.36	23.49	0.0	1.7699978982316291
15	9	2021	8.46	19.54	0.0	1.1392729898040015
16	9	2021	3.79	16.04	0.0	1.084354806163908
17	9	2021	-1.05	20.6	0.0	1.598995361222273
18	9	2021	11.48	33.11	0.0	2.2390162562425067
19	9	2021	6.81	20.57	0.0	1.3004428043101637
20	9	2021	1.71	19.25	0.0	1.4036304971976674
21	9	2021	2.98	22.3	0.0	1.5839125178551734
22	9	2021	5.72	28.25	0.0	1.9368701595747555
23	9	2021	4.69	17.65	0.0	1.047682041010061
24	9	2021	-0.86	19.72	0.0	1.4277849104290097
25	9	2021	7.55	26.48	0.0	1.6946298953364392
26	9	2021	4.12	26.38	0.0	1.7649689164396414
27	9	2021	9.26	30.66	0.0	1.9161363165279248
28	9	2021	6.41	28.23	0.0	1.8036448835233416
29	9	2021	6.19	21.14	0.0	1.2025842173728445
30	9	2021	1.26	24.38	0.0	1.615341491540932
1	10	2021	6.01	23.8	0.0	1.4127145883559986
2	10	2021	0.27	21.95	0.0	1.4353748710056384
3	10	2021	6.09	24.2	0.0	1.4324788477983894
4	10	2021	1.92	21.95	0.0	1.3909307466590726
5	10	2021	5.29	24.95	0.0	1.495293140119984
6	10	2021	7.16	27.22	0.0	1.6175644935249291
7	10	2021	3.52	15.0	0.0	0.7677373586940703
8	10	2021	1.67	17.33	0.0	1.058130271325913
9	10	2021	-0.53	19.91	0.0	1.3083531842104097
10	10	2021	-0.62	19.29	0.0	1.2522800536935843
11	10	2021	-2.1	10.26	0.0	0.6733178154549859
12	10	2021	-6.86	8.96	0.0	0.7227023037765594
13	10	2021	-3.96	5.67	4.04	0.4496281020860483
14	10	2021	-2.01	6.26	2.28	0.4138088182414678
15	10	2021	-3.57	13.81	0.0	0.8909773016086838
16	10	2021	-0.53	18.22	0.0	1.0688685179823891
17	10	2021	3.12	24.83	0.0	1.405114771563465
18	10	2021	1.35	13.98	0.0	0.7493946478871537
19	10	2021	-5.14	7.67	0.0	0.6010733254789428
20	10	2021	-7.58	8.38	0.0	0.6832915875928769
21	10	2021	-4.16	11.5	0.0	0.7632106855824617
22	10	2021	-5.48	10.32	0.0	0.7299970019504473
23	10	2021	-1.25	7.41	0.83	0.457289051199796
24	10	2021	2.37	7.25	0.0	0.2892859551601267
25	10	2021	3.05	10.06	2.48	0.4042650686079692
26	10	2021	2.38	11.1	2.42	0.4933344582457874
27	10	2021	0.54	13.5	0.0	0.7318675471344743
28	10	2021	-2.07	11.6	0.0	0.7043332098636325
29	10	2021	0.59	9.43	1.78	0.4946175592841674
30	10	2021	-4.42	5.1	0.0	0.4423343650883761
31	10	2021	-8.34	4.6	0.0	0.515544853286662
1	11	2021	-10.19	2.56	0.0	0.4653388357784248
2	11	2021	-9.99	7.5	0.0	0.6540182098639084
3	11	2021	-7.71	10.5	0.0	0.7478428039528369
4	11	2021	-1.7	16.51	0.0	0.9268065505611296
5	11	2021	2.23	15.13	0.0	0.7478428568021976
6	11	2021	-2.92	10.71	0.0	0.6615181566187084
7	11	2021	-5.93	10.81	0.0	0.7248309756875821
8	11	2021	-5.34	9.63	0.0	0.6594561510371311
9	11	2021	-9.53	8.85	0.0	0.6851884197305175
10	11	2021	-1.73	4.74	0.8	0.3191498149579136
11	11	2021	-6.46	-2.1	0.0	0.1736359671532984
12	11	2021	-8.59	-2.31	0.0	0.22853552259475
13	11	2021	-8.13	5.32	0.0	0.517769456609285
14	11	2021	-5.49	2.78	0.9	0.3487565132657787
15	11	2021	-1.41	5.65	1.25	0.3499784089069669
16	11	2021	-4.64	7.77	5.34	0.5259748957364365
17	11	2021	-12.36	-4.4	0.0	0.2411856417411692
18	11	2021	-14.87	-0.31	0.0	0.4040234408076759
19	11	2021	-10.49	-0.77	0.0	0.3260786561886438
20	11	2021	-11.0	1.51	0.0	0.4142673684782118
21	11	2021	-16.25	-2.16	0.0	0.3595040278806549
22	11	2021	-7.39	5.52	0.0	0.5014104340751496
23	11	2021	-9.88	4.3	0.0	0.493258394859804
24	11	2021	-15.83	-8.08	0.0	0.1891892394041945
25	11	2021	-10.44	3.12	0.0	0.4552900277451162
26	11	2021	-2.03	6.5	0.0	0.4007524611657045
27	11	2021	-6.28	2.36	0.0	0.3411070091733182
28	11	2021	-4.51	5.06	0.0	0.4077609500824869
29	11	2021	-3.46	5.97	0.0	0.4177160714731138
30	11	2021	-5.45	5.54	0.0	0.4502053525587276
1	12	2021	-0.05	7.44	0.0	0.3739963638056352
2	12	2021	-3.16	2.99	1.19	0.2720629480801974
3	12	2021	-7.73	-0.03	0.0	0.2820127027399834
4	12	2021	-10.32	-1.48	0.72	0.2930010055339313
5	12	2021	-21.82	-6.62	1.19	0.2796857749753222
6	12	2021	-24.52	-12.26	0.0	0.1837823208319127
7	12	2021	-20.75	-8.25	0.0	0.2383436968658514
8	12	2021	-14.84	3.8	0.78	0.5163508195842261
9	12	2021	-12.21	-1.29	0.0	0.3310157073898918
10	12	2021	-14.39	-3.34	0.0	0.2984767930998874
11	12	2021	-9.76	4.5	0.0	0.4908141197359099
12	12	2021	-9.15	1.72	0.0	0.379216703735483
13	12	2021	-14.51	-2.59	0.0	0.3200070970952121
14	12	2021	-9.11	-1.4	0.53	0.2643721161931205
15	12	2021	-20.84	-11.04	0.0	0.1786085638095324
16	12	2021	-24.64	-16.67	0.56	0.1104790742841422
17	12	2021	-25.48	-17.72	1.04	0.1012301221825719
18	12	2021	-27.95	-7.55	0.0	0.2661443955296751
19	12	2021	-18.99	-7.43	0.0	0.2397102834278829
20	12	2021	-21.28	-11.86	0.0	0.165906984509228
21	12	2021	-19.81	-7.07	0.0	0.2546815950651124
22	12	2021	-13.8	-5.9	2.6	0.2058640983927579
23	12	2021	-13.36	0.27	1.76	0.3919016279995022
24	12	2021	-24.05	-14.16	0.84	0.146753235499048
25	12	2021	-28.53	-22.2	2.15	0.0626642097190942
26	12	2021	-27.94	-23.39	7.5	0.0455667432110411
27	12	2021	-34.81	-25.86	0.8	0.0596309118165396
28	12	2021	-37.66	-27.47	0.0	0.0550485140676979
29	12	2021	-34.63	-25.23	0.0	0.0641949616075898
30	12	2021	-36.19	-27.31	0.0	0.0529594675909399
31	12	2021	-36.0	-26.39	0.0	0.0590117924978802
1	1	2022	-34.73	-22.22	0.0	0.0888280550996526
2	1	2022	-26.11	-0.89	0.0	0.396569382768119
3	1	2022	-16.44	-4.67	2.77	0.2748730154042265
4	1	2022	-23.08	-12.38	0.97	0.1712339584299329
5	1	2022	-32.06	-20.01	0.0	0.1047487355118328
6	1	2022	-34.53	-25.43	0.0	0.0620362823128343
7	1	2022	-24.35	-7.52	1.6	0.2691568028049661
8	1	2022	-23.83	-12.83	0.0	0.169340764385041
9	1	2022	-28.4	-16.07	0.0	0.1419476647886582
10	1	2022	-21.87	-0.5	0.0	0.4190264554158285
11	1	2022	-10.82	4.28	0.0	0.5045261049216481
12	1	2022	-1.55	5.63	0.0	0.345386876849897
13	1	2022	-4.56	4.17	0.0	0.3752028139459367
14	1	2022	-5.38	1.89	0.0	0.3007368639347699
15	1	2022	-4.65	4.63	0.0	0.4012331833173841
16	1	2022	-3.99	4.36	0.0	0.3697342630342591
17	1	2022	-5.41	4.92	0.89	0.4367867377438418
18	1	2022	-18.99	2.88	0.0	0.5155777639704195
19	1	2022	-25.88	-15.41	0.0	0.1437842053406333
20	1	2022	-23.29	-2.46	0.0	0.383376777042529
21	1	2022	-9.43	2.7	1.18	0.4390308301437245
22	1	2022	-7.43	4.72	2.16	0.4619947090515718
23	1	2022	-7.12	5.24	0.0	0.4998948845911427
24	1	2022	-10.41	2.03	0.0	0.4357247595745327
25	1	2022	-22.28	-4.95	0.0	0.333005779030981
26	1	2022	-9.71	2.22	0.0	0.4342593276193179
27	1	2022	-7.27	1.15	0.0	0.3378308279416217
28	1	2022	-10.38	1.79	0.0	0.4329957603729146
29	1	2022	-8.09	3.07	0.0	0.4411538443960061
30	1	2022	-4.23	5.72	0.0	0.4638055791611372
31	1	2022	-12.08	4.32	3.35	0.5293447946789563
1	2	2022	-25.85	-15.52	0.0	0.1502966907142685
2	2	2022	-31.85	-22.59	0.0	0.0861322162378329
3	2	2022	-30.09	-18.75	0.0	0.1251855775974286
4	2	2022	-31.6	-5.62	6.19	0.3016781421910945
5	2	2022	-14.37	-4.97	0.84	0.2794265300813855
6	2	2022	-16.0	1.67	0.0	0.5103148397973071
7	2	2022	-5.11	5.53	0.0	0.4998340924527006
8	2	2022	-4.33	2.76	0.0	0.3423955549741649
9	2	2022	-8.05	2.65	0.0	0.4509673778223246
10	2	2022	-8.61	5.53	0.38	0.5892281977395043
11	2	2022	-17.63	-11.14	0.0	0.1618063691492564
12	2	2022	-16.13	-6.61	0.0	0.2692028001531193
13	2	2022	-15.15	2.35	0.0	0.5477037235249469
14	2	2022	-17.25	-8.14	1.27	0.2419945093332806
15	2	2022	-14.31	-6.49	1.53	0.2443001217058403
16	2	2022	-22.92	-14.29	0.5	0.1624889047251266
17	2	2022	-25.44	-1.83	0.0	0.4415321227750355
18	2	2022	-19.42	-6.09	0.0	0.3316294101339159
19	2	2022	-16.19	3.45	3.22	0.569210419638584
20	2	2022	-21.75	-13.3	0.0	0.1758262643723333
21	2	2022	-27.81	-20.33	0.0	0.1019180924709478
22	2	2022	-30.83	-20.4	0.0	0.1203435710304704
23	2	2022	-29.8	-17.82	0.0	0.1535793257376581
24	2	2022	-26.84	-16.76	0.0	0.1573088532581934
25	2	2022	-26.39	-7.84	0.0	0.3269473459049176
26	2	2022	-14.09	-2.43	0.0	0.4086380813395788
27	2	2022	-11.61	-5.52	0.0	0.2359125343921678
28	2	2022	-13.92	-6.62	0.0	0.2553338692400445
1	3	2022	-12.83	-6.37	0.0	0.2403187628094494
2	3	2022	-15.59	-7.96	0.0	0.2495542848455927
3	3	2022	-16.03	-9.48	6.72	0.1900723761857329
4	3	2022	-10.91	-7.37	3.35	0.1339840659955623
5	3	2022	-16.33	-9.95	0.0	0.2046058593223344
6	3	2022	-18.72	-4.52	0.0	0.4205299812198879
7	3	2022	-15.75	1.9	1.13	0.6384550798143097
8	3	2022	-17.55	-7.38	0.0	0.32304363546607
9	3	2022	-23.87	-12.92	0.0	0.2373251242691653
10	3	2022	-23.76	-11.49	0.0	0.2712670392966602
11	3	2022	-30.13	-10.32	0.0	0.3013575740363029
12	3	2022	-15.26	2.73	0.0	0.7092151532614888
13	3	2022	-11.0	-1.87	0.0	0.4199386382050292
14	3	2022	-11.16	1.45	0.0	0.6253218932150943
15	3	2022	-4.97	5.12	0.0	0.7040359172641176
16	3	2022	-2.9	4.25	0.0	0.4894561445257953
17	3	2022	-5.8	6.19	0.0	0.8514702514544551
18	3	2022	-1.6	5.88	0.0	0.5962629369545431
19	3	2022	-3.14	7.02	0.0	0.8668438187209973
20	3	2022	-0.83	4.96	0.0	0.4684733637109625
21	3	2022	-0.62	6.11	0.0	0.6571835774233773
22	3	2022	-2.38	8.3	0.0	1.0629758620938932
23	3	2022	-1.91	14.17	0.0	1.5473503390688002
24	3	2022	-0.37	8.58	0.82	0.990818781709522
25	3	2022	-6.27	2.01	0.0	0.659644685011495
26	3	2022	-8.13	-1.32	0.0	0.4501799539794724
27	3	2022	-5.85	9.51	0.0	1.300879582226099
28	3	2022	-2.13	9.16	0.0	1.3163337599811165
29	3	2022	-5.52	2.07	0.0	0.7510586503997967
30	3	2022	-7.87	10.07	0.0	1.437371920960921
31	3	2022	-0.42	5.63	1.76	0.7763896855070898
1	4	2022	-4.01	6.36	0.0	1.1341291311436017
2	4	2022	-7.01	8.54	0.0	1.3595081442583008
3	4	2022	-3.5	12.38	0.0	1.641516223622031
4	4	2022	-1.63	16.7	0.0	1.92106870513873
5	4	2022	-0.73	9.79	2.67	1.1513509808664852
6	4	2022	-0.79	7.65	0.86	1.1315046718105723
7	4	2022	-3.19	11.35	0.0	1.6050800547434598
8	4	2022	-1.66	19.09	0.0	2.0737532064747755
9	4	2022	-0.12	13.15	0.0	1.7510717338535386
10	4	2022	-4.15	8.24	0.0	1.3923506725375303
11	4	2022	-7.37	-0.62	0.0	0.6159676133052029
12	4	2022	-9.44	-5.13	0.0	0.2590184821524657
13	4	2022	-9.15	-4.89	1.46	0.272280046992726
14	4	2022	-8.55	-3.4	1.29	0.4015946083330194
15	4	2022	-10.03	-2.49	0.0	0.6134223742597681
16	4	2022	-9.79	1.6	0.0	0.9880971211415824
17	4	2022	-7.44	3.8	0.0	1.1297245094115185
18	4	2022	-7.44	8.97	0.0	1.5226324438935916
19	4	2022	-3.13	4.61	0.81	1.0185422419110717
20	4	2022	-4.46	1.77	0.0	0.7231135560316463
21	4	2022	-8.54	6.0	0.0	1.3354301948170342
22	4	2022	-2.51	4.07	0.77	0.9157653474378094
23	4	2022	0.43	9.33	1.93	1.492645263964373
24	4	2022	-2.5	11.95	0.0	1.7749467851472904
25	4	2022	-2.58	11.28	0.0	1.7316030247470564
26	4	2022	-2.24	15.44	0.0	1.9920005917506676
27	4	2022	1.25	16.27	0.0	2.0766042671150364
28	4	2022	0.69	18.19	0.0	2.195011093015101
29	4	2022	0.66	16.67	0.0	2.1040553809481075
30	4	2022	1.59	17.53	0.0	2.162245401270432
1	5	2022	0.36	16.28	0.0	2.0745278773451297
2	5	2022	-0.61	19.0	0.0	2.236297353154733
3	5	2022	3.86	20.94	0.0	2.4047030988429348
4	5	2022	1.19	24.88	0.0	2.6087560890080814
5	5	2022	8.95	27.94	0.0	2.777922471024041
6	5	2022	9.91	23.19	0.12	2.4292488302685484
7	5	2022	6.16	14.67	4.39	1.5150210448327512
8	5	2022	3.35	15.94	0.0	1.9845994933088076
9	5	2022	-0.32	15.47	0.0	1.9676542728775035
10	5	2022	3.12	14.72	2.35	1.684713959687741
11	5	2022	-0.33	19.42	0.0	2.2131325490236717
12	5	2022	2.95	20.31	0.0	2.294840390120629
13	5	2022	4.59	11.35	12.52	0.9714284543411528
14	5	2022	3.15	17.36	0.0	2.071674077120954
15	5	2022	3.39	20.85	0.0	2.329828461308517
16	5	2022	4.86	22.18	0.0	2.4211027602371695
17	5	2022	6.52	21.75	2.06	2.0829033001757495
18	5	2022	7.32	17.26	0.85	1.8095644001441424
19	5	2022	2.06	11.9	3.2	1.1421687812613948
20	5	2022	1.33	8.47	0.0	0.9218429579479424
21	5	2022	-0.68	14.24	0.0	1.8648740674429445
22	5	2022	0.52	16.94	0.0	2.071312789647948
23	5	2022	1.71	22.8	0.0	2.4606309840257112
24	5	2022	4.52	24.96	0.0	2.621375563558391
25	5	2022	6.37	24.8	0.0	2.612545505940999
26	5	2022	6.17	24.55	0.0	2.5980332452231916
27	5	2022	6.8	21.91	1.4	2.394067957469894
28	5	2022	7.86	23.21	0.0	2.486919118721867
29	5	2022	9.74	20.76	0.0	2.113392839267307
30	5	2022	7.67	18.12	0.0	1.8955527378397223
31	5	2022	4.35	18.85	0.0	2.205744487861464
1	6	2022	2.75	20.06	0.0	2.31249520048017
2	6	2022	3.97	21.85	0.0	2.440795211808356
3	6	2022	2.38	23.48	0.0	2.5469298052933853
4	6	2022	4.2	25.62	0.0	2.7012611615487434
5	6	2022	6.6	21.01	0.0	2.3571835967357377
6	6	2022	5.82	21.18	0.0	2.3792950583463037
7	6	2022	7.99	21.34	0.0	2.351761922109311
8	6	2022	6.64	25.0	1.32	2.664292732948085
9	6	2022	11.35	25.47	4.86	2.4091045670680424
10	6	2022	10.6	27.1	0.03	2.786583126750551
11	6	2022	8.03	25.05	0.0	2.663067032495354
12	6	2022	8.65	25.68	3.06	2.461039096434451
13	6	2022	11.17	22.65	2.55	1.9176093247428936
14	6	2022	7.11	19.99	0.0	2.240659414889234
15	6	2022	4.95	17.84	3.95	1.7176710967309188
16	6	2022	11.85	21.39	0.0	1.9623877510259895
17	6	2022	10.85	30.45	0.0	3.043402483398535
18	6	2022	17.86	32.65	0.0	3.0556054250538485
19	6	2022	16.11	21.7	6.41	0.817281184102295
20	6	2022	14.67	21.49	2.13	1.0014260093624965
21	6	2022	11.98	23.17	1.53	2.1527551274879073
22	6	2022	10.72	28.45	0.0	2.908794034132698
23	6	2022	10.34	27.67	5.14	2.412205841770804
24	6	2022	8.63	19.1	1.41	1.7848795076715769
25	6	2022	9.0	21.53	2.81	1.7207322085150478
26	6	2022	8.74	25.26	0.0	2.5993596161395423
27	6	2022	9.79	24.12	0.0	2.407868118691724
28	6	2022	10.1	23.4	1.16	2.279998861346623
29	6	2022	13.05	26.14	0.0	2.4104065852982894
30	6	2022	10.07	23.44	0.0	2.288380848044699
1	7	2022	8.54	24.96	0.0	2.567451113201306
2	7	2022	10.03	23.53	4.3	1.8709691991783073
3	7	2022	10.89	24.49	2.27	1.8956578580501804
4	7	2022	13.02	18.46	8.93	0.6246435716566315
5	7	2022	12.84	19.17	3.3	0.72928191121478
6	7	2022	12.62	25.08	0.0	2.2180203150026823
7	7	2022	13.22	24.91	0.55	2.1270312858569453
8	7	2022	16.82	32.02	0.0	2.827641045729175
9	7	2022	16.56	29.94	2.17	2.0437304298918892
10	7	2022	13.89	25.9	2.03	1.736038001082122
11	7	2022	10.93	27.64	0.0	2.617149041730012
12	7	2022	10.44	30.52	0.0	2.8905418659345417
13	7	2022	15.88	33.69	2.73	2.467466456228325
14	7	2022	15.87	28.36	0.0	2.304366698613371
15	7	2022	16.03	34.34	0.0	3.0316516850749067
16	7	2022	14.74	35.6	0.0	3.1691837749095098
17	7	2022	15.34	32.22	0.0	2.814285741927222
18	7	2022	14.19	29.68	19.66	2.090924660072446
19	7	2022	14.83	28.77	7.58	1.765641946038717
20	7	2022	13.22	24.86	0.0	1.7294102799672937
21	7	2022	10.95	28.54	0.0	2.3837769123771944
22	7	2022	10.98	25.49	0.0	2.0296384988453258
23	7	2022	9.02	21.94	0.0	1.7362803084682137
24	7	2022	7.77	28.41	0.0	2.4817911513140216
25	7	2022	12.98	20.8	3.54	0.8500684886443617
26	7	2022	10.57	24.58	0.0	1.9089506763402744
27	7	2022	7.87	25.92	0.0	2.2115669206796107
28	7	2022	7.99	27.72	0.0	2.360711505243904
29	7	2022	12.73	33.55	0.0	2.69883550896069
30	7	2022	15.05	26.51	3.67	1.283583349366515
31	7	2022	13.61	28.05	7.73	1.6103211259039991
1	8	2022	15.36	26.99	0.0	1.609745700453879
2	8	2022	13.76	25.49	0.0	1.5718847695048086
3	8	2022	9.06	25.99	0.0	2.0180905440167556
4	8	2022	11.09	35.46	0.0	2.760519209721563
5	8	2022	9.02	20.41	0.0	1.283091300831313
6	8	2022	4.62	22.93	0.0	1.8878406244155423
7	8	2022	11.13	30.12	0.0	2.2770413799895692
8	8	2022	10.53	33.25	0.0	2.5654449433176274
9	8	2022	10.13	26.29	0.0	1.9016376481716528
10	8	2022	10.32	27.09	0.0	1.9697277487403255
11	8	2022	15.82	25.71	0.0	1.199837885342511
12	8	2022	11.7	31.62	0.0	2.4168879386792153
13	8	2022	16.22	33.06	0.0	2.2638768027602825
14	8	2022	15.66	31.55	0.0	2.1212393781871555
15	8	2022	12.31	30.25	0.0	2.2123796818741632
16	8	2022	13.7	34.67	0.0	2.564645962493494
17	8	2022	16.05	30.03	0.0	1.8666296599612795
18	8	2022	12.37	29.75	0.0	2.1482110498178746
19	8	2022	10.52	29.8	0.0	2.234182735265774
20	8	2022	13.96	31.98	0.0	2.2469036685794044
21	8	2022	12.53	34.13	0.0	2.505670975449126
22	8	2022	16.3	27.53	0.0	1.393322498555302
23	8	2022	14.76	27.0	0.0	1.5099411225599288
24	8	2022	10.74	27.49	0.0	1.9112782613401615
25	8	2022	10.0	28.76	0.0	2.0661980557139796
26	8	2022	12.93	29.46	11.72	1.604700512947579
27	8	2022	13.43	30.93	0.0	1.994767824854489
28	8	2022	12.45	22.14	0.0	1.0032978252100488
29	8	2022	8.86	27.44	0.0	1.8938715834719508
30	8	2022	10.22	31.89	0.0	2.2097500983642826
31	8	2022	13.94	35.59	0.0	2.3368530165506245
1	9	2022	14.3	32.81	0.0	2.032052249703637
2	9	2022	6.44	27.05	0.0	1.886473196020908
3	9	2022	12.03	37.21	0.0	2.486159219477615
4	9	2022	15.42	34.73	0.0	2.087587019187265
5	9	2022	12.37	32.38	0.0	2.033512298933818
6	9	2022	8.51	24.93	0.0	1.5250204900217303
7	9	2022	10.32	35.75	0.0	2.368195437594502
8	9	2022	7.2	19.94	0.0	1.0885891417153604
9	9	2022	3.65	17.33	0.0	1.059714280873024
10	9	2022	2.04	23.31	0.0	1.6352300948537632
11	9	2022	8.12	32.38	0.0	2.1533718116259197
12	9	2022	8.41	24.11	0.0	1.4119516217452657
13	9	2022	9.59	15.43	1.75	0.5189784392064863
14	9	2022	7.97	16.2	2.09	0.6411249578622839
15	9	2022	6.46	16.0	0.0	0.7829044021520295
16	9	2022	10.36	20.77	0.0	0.9332346916431632
17	9	2022	7.64	23.27	0.0	1.3436871779980195
18	9	2022	5.05	22.48	0.0	1.4280928098460277
19	9	2022	8.76	19.68	1.56	0.9337092357618554
20	9	2022	4.45	14.25	0.0	0.7511048533064715
21	9	2022	-0.52	17.21	0.0	1.1921955263462836
22	9	2022	1.56	18.84	0.98	1.2518255087971142
23	9	2022	4.59	19.27	0.0	1.1360933307728531
24	9	2022	6.52	21.53	0.0	1.242874921486136
25	9	2022	2.01	21.92	0.0	1.4549549255725425
26	9	2022	5.77	23.14	0.0	1.3998929546538372
27	9	2022	5.95	25.64	0.0	1.5836274542265567
28	9	2022	8.56	30.91	0.0	1.8794423916241965
29	9	2022	7.65	31.38	0.0	1.9220692400506016
30	9	2022	9.85	24.26	0.0	1.2010252711470066
1	10	2022	7.45	20.23	0.0	0.9896006496271794
2	10	2022	5.39	19.79	0.0	1.0770794793963356
3	10	2022	6.49	22.78	0.0	1.3385685530172806
4	10	2022	7.32	25.96	0.0	1.5825920430411269
5	10	2022	3.87	12.8	0.0	0.6242359557611451
6	10	2022	-3.59	10.19	0.0	0.7504618703348378
7	10	2022	-2.85	19.87	0.0	1.3583449599181887
8	10	2022	2.98	22.78	0.0	1.443408333545052
9	10	2022	3.07	22.47	0.0	1.4135570030535014
10	10	2022	2.87	25.66	0.0	1.621571249740719
11	10	2022	4.25	15.42	0.0	0.7660370378366752
12	10	2022	2.36	11.8	0.0	0.6100405607867155
13	10	2022	0.21	14.52	0.0	0.8758791083621376
14	10	2022	-1.96	15.94	0.0	1.0389334612634409
15	10	2022	-2.02	10.02	0.0	0.6568835990124003
16	10	2022	-4.47	9.66	0.0	0.7020088938830785
17	10	2022	-2.41	17.82	0.0	1.2699167674687544
18	10	2022	0.69	22.7	0.0	1.6215799974935776
19	10	2022	1.91	21.63	0.0	1.5171102463757231
20	10	2022	2.75	16.18	0.0	1.0284110205880648
21	10	2022	0.86	11.24	0.0	0.6591407134649501
22	10	2022	-3.27	11.2	5.9	0.7117400426365122
23	10	2022	-0.55	3.86	13.22	0.2242065680060438
24	10	2022	-2.48	1.06	0.0	0.1768691956810835
25	10	2022	-2.92	3.35	0.0	0.3092352615959402
26	10	2022	-4.14	5.95	0.0	0.4815404343300137
27	10	2022	-0.17	9.41	0.0	0.5299992709950245
28	10	2022	0.07	10.21	0.0	0.5656469918181567
29	10	2022	-1.37	12.59	0.0	0.7433762342266651
30	10	2022	-0.85	14.3	0.0	0.8985305332710435
31	10	2022	-1.08	9.16	0.0	0.5423679801763582
1	11	2022	-0.25	9.98	0.0	0.5563940468451426
2	11	2022	-2.43	1.7	0.0	0.202684164200769
3	11	2022	-7.8	-1.57	0.0	0.2445246701317724
4	11	2022	-8.64	4.71	1.44	0.5321983823899323
5	11	2022	-5.13	4.94	12.12	0.4358070427821402
6	11	2022	-11.78	-5.35	0.0	0.2107698851730455
7	11	2022	-13.71	-6.19	5.53	0.212534478654247
8	11	2022	-17.66	-6.78	0.0	0.2681913431289908
9	11	2022	-23.13	-15.32	0.0	0.1325572369400552
10	11	2022	-22.97	-14.53	0.0	0.1453705495925422
11	11	2022	-21.64	-10.96	0.0	0.2045300872291557
12	11	2022	-21.19	-10.06	1.5	0.2195477007810547
13	11	2022	-14.17	-5.82	0.0	0.2422053269869579
14	11	2022	-12.26	-5.28	1.1	0.2215491494782424
15	11	2022	-10.93	-3.65	0.0	0.2476679811729624
16	11	2022	-10.84	-2.27	0.0	0.2956792895533586
17	11	2022	-16.7	-9.99	0.0	0.1660955482645918
18	11	2022	-16.87	-6.96	0.0	0.2493238960623405
19	11	2022	-11.69	-3.83	0.0	0.2583351281129358
20	11	2022	-11.69	0.8	0.0	0.4144183914213468
21	11	2022	-11.71	2.05	1.05	0.4563284477246611
22	11	2022	-6.06	3.05	0.0	0.3867133344766946
23	11	2022	-4.69	2.57	0.0	0.3242028134649366
24	11	2022	-6.58	4.14	0.0	0.4413153815096453
25	11	2022	-0.16	7.23	0.0	0.3910078650169058
26	11	2022	-2.62	3.13	0.0	0.275183694859833
27	11	2022	-3.57	3.35	1.32	0.3195864952502212
28	11	2022	-11.16	-4.1	2.8	0.2190256563640609
29	11	2022	-16.69	-10.24	0.0	0.1540941509181978
30	11	2022	-20.7	-13.71	1.51	0.130778947536066
1	12	2022	-22.33	-13.29	0.95	0.1552687857217154
2	12	2022	-28.13	-20.93	0.0	0.0806465073577926
3	12	2022	-23.31	-11.38	0.0	0.1963214428664397
4	12	2022	-14.28	-2.72	0.0	0.3224329144359169
5	12	2022	-23.52	-12.39	0.83	0.1786101535210933
6	12	2022	-32.85	-20.48	0.0	0.1035530649515054
7	12	2022	-34.76	-8.62	0.0	0.233924941790346
8	12	2022	-15.46	-4.46	0.0	0.2831870997367338
9	12	2022	-10.92	-1.29	0.0	0.3111507133697185
10	12	2022	-16.38	-6.07	0.0	0.2499922714091274
11	12	2022	-10.47	-4.36	2.13	0.189673473724142
12	12	2022	-12.14	-6.72	3.4	0.1533226824614593
13	12	2022	-15.55	-11.56	0.0	0.0955362161330613
14	12	2022	-17.7	-8.05	0.76	0.2157267667499252
15	12	2022	-16.53	-10.12	0.0	0.1487411988272866
16	12	2022	-20.32	-13.17	0.78	0.1327554833479507
17	12	2022	-20.04	-14.15	1.3	0.1094969342025756
18	12	2022	-25.99	-19.47	1.14	0.0820359918534748
19	12	2022	-31.15	-23.02	2.43	0.0691983871677508
20	12	2022	-35.32	-29.33	2.4	0.0352382920074315
21	12	2022	-32.48	-28.38	1.1	0.0304045254696204
22	12	2022	-32.09	-25.78	0.0	0.0506072010285052
23	12	2022	-35.1	-20.32	0.0	0.1067977762002673
24	12	2022	-22.46	-11.47	1.57	0.1862814831396956
25	12	2022	-16.17	-6.46	0.0	0.2380287681765055
26	12	2022	-15.16	2.73	0.0	0.4844476750829646
27	12	2022	-9.55	-0.15	8.2	0.3117586501380127
28	12	2022	-15.44	-7.62	2.26	0.188931083539512
29	12	2022	-14.02	-9.74	0.0	0.1128520602082411
30	12	2022	-16.08	-7.7	0.0	0.2048421755134775
31	12	2022	-17.19	-9.34	0.0	0.1791348155856622
1	1	2023	-17.72	-6.25	0.0	0.2585282388645926
2	1	2023	-14.23	-4.4	0.0	0.2667502614231442
3	1	2023	-14.9	-5.85	0.0	0.2361789436715023
4	1	2023	-17.22	-9.13	0.0	0.1842590473250679
5	1	2023	-16.85	-10.25	0.0	0.1519278292815024
6	1	2023	-16.77	-4.81	0.0	0.2876517862736809
7	1	2023	-11.5	-2.81	0.0	0.2731013349442773
8	1	2023	-13.57	-4.35	0.0	0.2615323127189573
9	1	2023	-12.94	-3.23	0.0	0.285862775533973
10	1	2023	-15.18	-9.17	0.0	0.1535063899062919
11	1	2023	-15.47	-9.74	0.0	0.1439559018797825
12	1	2023	-13.56	-6.21	0.0	0.2087896815615369
13	1	2023	-11.0	-1.05	0.0	0.3269866288397432
14	1	2023	-11.02	-3.01	0.0	0.2623477800060012
15	1	2023	-9.37	-6.55	0.0	0.0979297214187631
16	1	2023	-9.31	-6.76	0.0	0.0889457251101466
17	1	2023	-9.78	-6.78	0.0	0.1026864127302123
18	1	2023	-7.49	-2.41	0.0	0.198107119684114
19	1	2023	-9.95	-4.13	0.0	0.2032362796962015
20	1	2023	-13.95	-4.44	0.0	0.2749040112507723
21	1	2023	-12.14	-0.9	0.0	0.3715618894021495
22	1	2023	-7.12	1.29	0.0	0.3564613941831552
23	1	2023	-12.41	-1.11	0.0	0.3789841745479643
24	1	2023	-9.97	-1.71	0.0	0.29652400817869
25	1	2023	-7.61	-1.17	1.32	0.2654704570333385
26	1	2023	-8.5	3.66	1.0	0.6062522283197755
27	1	2023	-19.07	-3.48	0.0	0.3913414476729255
28	1	2023	-23.7	-18.09	0.0	0.0919738305175776
29	1	2023	-24.81	-18.68	0.0	0.0941953478702209
30	1	2023	-25.54	-17.76	0.0	0.1165665575817561
31	1	2023	-22.54	-12.5	0.0	0.1885206750168891
1	2	2023	-22.9	-11.12	0.0	0.2191320543452466
2	2	2023	-26.12	-17.31	0.0	0.130324917405284
3	2	2023	-19.13	-1.34	0.0	0.4941360493694703
4	2	2023	-6.94	0.41	0.0	0.4222638968885154
5	2	2023	-10.94	2.39	0.0	0.6559641524747992
6	2	2023	-4.75	1.35	0.0	0.3918749730543572
7	2	2023	-4.41	3.09	0.0	0.5583041868051448
8	2	2023	-9.09	-0.44	3.47	0.3823404458600565
9	2	2023	-13.45	-2.0	0.0	0.4985837059603179
10	2	2023	-9.07	4.85	0.0	0.8209877744880187
11	2	2023	-6.61	1.21	0.0	0.5362593312025329
12	2	2023	-7.5	1.52	0.0	0.610394447137343
13	2	2023	-3.71	3.49	0.0	0.6164927187571694
14	2	2023	-16.97	-3.48	0.0	0.4873486579818281
15	2	2023	-16.72	-9.52	0.0	0.2143686795730169
16	2	2023	-19.21	-1.92	0.0	0.5483814172331661
17	2	2023	-8.97	-0.12	0.0	0.5592396970838005
18	2	2023	-12.63	-3.89	0.0	0.4221046989115017
19	2	2023	-12.06	-5.08	1.08	0.3276490336169037
20	2	2023	-20.44	-9.46	0.0	0.3076442908452416
21	2	2023	-26.75	-16.65	0.0	0.1591188878562389
22	2	2023	-30.34	-25.12	0.0	0.0594818382525449
23	2	2023	-28.12	-22.03	0.0	0.0842893251165729
24	2	2023	-31.03	-19.36	0.0	0.1398730815212108
25	2	2023	-27.54	-12.07	0.0	0.2747138924218785
26	2	2023	-18.24	-1.36	0.0	0.6405632287447836
27	2	2023	-15.54	-5.21	0.0	0.4738965836900747
28	2	2023	-20.05	-10.75	0.0	0.2845456416950319
1	3	2023	-19.27	-6.05	0.0	0.4742251629634043
2	3	2023	-12.16	1.53	0.0	0.8303793325401574
3	3	2023	-10.27	-0.59	0.0	0.686736614180923
4	3	2023	-14.92	-4.92	0.0	0.5085406762811253
5	3	2023	-20.56	-9.97	0.0	0.3478028133155706
6	3	2023	-25.36	-13.39	0.0	0.2666463500937577
7	3	2023	-16.77	-12.74	0.0	0.1253312762749795
8	3	2023	-18.5	-13.38	0.66	0.1464385591850339
9	3	2023	-18.51	-10.06	0.0	0.3329538234075715
10	3	2023	-13.75	-6.53	4.79	0.3227011343968946
11	3	2023	-12.57	-6.62	4.81	0.2718632744701645
12	3	2023	-19.39	-9.44	0.0	0.4029471862886421
13	3	2023	-17.68	-3.33	0.0	0.6734249012004687
14	3	2023	-11.47	1.68	0.83	0.9629333635822626
15	3	2023	-14.34	-3.98	2.11	0.5296885422706389
16	3	2023	-14.25	-5.42	0.0	0.5572227911677654
17	3	2023	-20.88	-8.63	0.0	0.4646491003196799
18	3	2023	-19.81	-0.07	0.0	0.7958629140108544
19	3	2023	-15.03	-3.41	0.0	0.7066719630898904
20	3	2023	-14.19	-6.14	0.0	0.5219717275513164
21	3	2023	-15.73	-6.68	0.0	0.5305406868471212
22	3	2023	-16.0	-6.68	0.0	0.5431976993355061
23	3	2023	-15.49	2.58	0.0	0.978088536116662
24	3	2023	-14.51	-3.85	0.0	0.7021418389000981
25	3	2023	-18.8	-4.29	0.0	0.6835924452467164
26	3	2023	-14.74	-5.9	0.0	0.5771427842823205
27	3	2023	-19.6	-8.65	0.0	0.4986730762024963
28	3	2023	-21.68	-5.96	0.0	0.6113699304288577
29	3	2023	-18.48	-0.84	0.0	0.8338804830122585
30	3	2023	-13.62	-1.99	0.0	0.8460721981875874
31	3	2023	-15.09	1.03	0.0	0.9579994816894676
1	4	2023	-8.05	3.8	0.0	1.1533608767359338
2	4	2023	-8.35	-2.53	2.84	0.4898266106986613
3	4	2023	-13.8	-7.91	1.93	0.3878952668494178
4	4	2023	-19.33	-7.28	0.0	0.5630012602705949
5	4	2023	-22.93	-6.93	0.0	0.5693911107982838
6	4	2023	-21.35	-4.04	0.0	0.692469808740758
7	4	2023	-12.91	1.89	0.0	1.0445676266507706
8	4	2023	-3.71	6.34	0.0	1.3094306844434933
9	4	2023	1.0	8.54	0.0	1.3672816760702458
10	4	2023	2.52	9.94	0.0	1.4593981315573403
11	4	2023	0.6	12.07	0.0	1.6715091223911822
12	4	2023	0.26	8.85	0.0	1.4448711611994836
13	4	2023	-1.54	6.64	1.31	1.32081873750678
14	4	2023	-0.84	8.73	0.0	1.4689957723047598
15	4	2023	-2.02	12.5	0.0	1.7311702260042634
16	4	2023	-0.9	15.58	0.0	1.9278931574289968
17	4	2023	3.12	17.06	0.0	1.9779816834541883
18	4	2023	0.46	7.05	2.92	0.895910606321448
19	4	2023	-3.8	0.74	5.77	0.3627320562621414
20	4	2023	-4.61	-1.45	0.32	0.2263507540744633
21	4	2023	-5.25	1.71	0.0	0.7637490111946991
22	4	2023	-4.88	6.33	0.0	1.2908807178726196
23	4	2023	-5.15	9.09	0.0	1.5086349555995318
24	4	2023	-1.46	10.96	0.0	1.6389020571567434
25	4	2023	2.0	17.42	2.0	2.0586015624606633
26	4	2023	2.07	15.61	0.0	1.9442614544898855
27	4	2023	2.24	10.4	0.0	1.455291318439876
28	4	2023	-0.95	19.23	0.0	2.1452069733388135
29	4	2023	-1.05	16.49	0.0	1.9967965135476051
30	4	2023	-2.3	16.71	0.0	1.9941430854019555
1	5	2023	-0.55	20.44	0.0	2.229280732734367
2	5	2023	2.4	26.31	0.0	2.5992626053704315
3	5	2023	4.83	27.63	0.0	2.712302837300755
4	5	2023	5.98	27.48	0.0	2.7204775866371484
5	5	2023	4.56	20.54	0.0	2.2802959660540933
6	5	2023	4.1	17.71	0.0	2.086667582582002
7	5	2023	7.63	18.69	0.0	2.1072273467450784
8	5	2023	7.07	19.66	0.0	2.205033202179538
9	5	2023	3.51	21.34	0.0	2.350492484830811
10	5	2023	7.51	21.19	0.0	2.3145524472038184
11	5	2023	5.94	20.98	0.0	2.3208951460686507
12	5	2023	8.43	17.44	0.0	1.9587710428055256
13	5	2023	5.09	24.03	0.0	2.5389886884458592
14	5	2023	5.14	25.8	0.0	2.650811830565403
15	5	2023	9.0	27.5	0.0	2.7691299469869217
16	5	2023	9.39	31.0	0.0	3.0010129383027264
17	5	2023	6.54	18.55	0.0	2.1092535152314498
18	5	2023	3.59	16.04	0.0	1.9596121136654037
19	5	2023	0.89	26.1	0.0	2.6226969617821045
20	5	2023	11.18	26.04	0.0	2.61053080885544
21	5	2023	6.73	25.82	0.0	2.6484443733576035
22	5	2023	11.99	31.54	3.03	2.763004655632543
23	5	2023	12.24	26.38	0.0	2.6021994700683986
24	5	2023	11.51	24.01	9.19	2.236884267918825
25	5	2023	12.56	16.74	2.76	0.5061534492800357
26	5	2023	10.7	19.7	0.0	1.82078375143102
27	5	2023	7.78	17.28	6.48	1.3850647390286726
28	5	2023	12.9	20.96	1.15	1.6490538528555387
29	5	2023	10.12	26.56	0.0	2.7132976890159197
30	5	2023	11.04	29.29	3.27	2.613554652133626
31	5	2023	11.52	30.89	0.0	3.0308937357429566
1	6	2023	13.75	26.81	5.61	2.1450602661809897
2	6	2023	12.67	22.82	0.0	1.9998845873532964
3	6	2023	16.36	26.88	2.19	1.825626083478197
4	6	2023	14.85	30.81	0.0	3.0064580261523597
5	6	2023	16.93	32.97	0.0	3.1277390919176993
6	6	2023	15.95	28.64	0.0	2.6441017148386528
7	6	2023	13.34	29.6	10.65	2.471066396591819
8	6	2023	13.44	29.83	0.0	2.867486894089492
9	6	2023	11.96	26.11	0.0	2.5472512962276372
10	6	2023	9.99	24.5	0.0	2.5263420776316927
11	6	2023	9.87	28.46	0.0	2.909694495330337
12	6	2023	12.12	30.63	0.0	3.048346290782298
13	6	2023	12.11	31.55	0.0	3.117947453424158
14	6	2023	12.67	29.67	2.77	2.5481465660872313
15	6	2023	9.55	18.36	0.0	1.5925033666514683
16	6	2023	7.0	25.29	0.0	2.708959986902079
17	6	2023	11.52	21.37	0.0	1.9007283611201344
18	6	2023	7.9	24.62	20.91	2.2205896512503687
19	6	2023	9.58	23.01	0.0	2.165126630992978
20	6	2023	9.02	22.87	0.0	2.1984901834034747
21	6	2023	7.94	20.82	0.0	2.0111976390645045
22	6	2023	8.58	24.21	0.0	2.4050588935546227
23	6	2023	8.3	26.33	0.0	2.634503106117369
24	6	2023	8.96	26.66	0.0	2.625841528035
25	6	2023	10.59	29.62	0.0	2.856239612181126
26	6	2023	11.53	26.98	0.0	2.503088156879792
27	6	2023	10.89	29.29	0.0	2.7848116822238382
28	6	2023	11.24	26.02	0.0	2.3776451253289403
29	6	2023	9.46	28.1	0.0	2.712849807829231
30	6	2023	13.78	31.06	0.0	2.842349208108383
1	7	2023	13.85	33.45	0.0	3.0813849307496617
2	7	2023	11.92	23.4	0.0	1.9181023569082192
3	7	2023	9.73	22.69	0.0	2.0474353243795007
4	7	2023	8.36	19.2	0.0	1.6431200293038808
5	7	2023	6.61	24.4	0.0	2.445138170871356
6	7	2023	8.79	27.6	0.0	2.6921133398623267
7	7	2023	7.76	25.79	0.0	2.5333877698620113
8	7	2023	9.18	28.37	0.0	2.7424114492897766
9	7	2023	11.44	31.13	0.0	2.93211523532964
10	7	2023	10.6	24.06	0.0	2.1237107897210428
11	7	2023	9.18	22.17	0.0	1.980292981192224
12	7	2023	10.61	24.72	0.0	2.227587177390158
13	7	2023	12.02	26.49	0.0	2.381527786217841
14	7	2023	10.48	22.85	0.0	1.9882490041547445
15	7	2023	8.48	24.88	0.0	2.386806096868261
16	7	2023	8.18	23.84	0.0	2.278206167622568
17	7	2023	8.91	27.3	7.73	2.169380894246795
18	7	2023	11.48	21.24	2.53	1.1634447418608624
19	7	2023	12.97	24.28	0.0	1.887443999215502
20	7	2023	10.24	28.14	0.0	2.6249696851373523
21	7	2023	11.09	29.94	0.0	2.7617150160095396
22	7	2023	11.44	30.21	0.0	2.7631978823473453
23	7	2023	14.4	31.73	0.0	2.7753873904526047
24	7	2023	16.09	36.33	0.0	3.162680133388916
25	7	2023	18.27	34.4	0.0	2.830877375871931
26	7	2023	11.75	27.63	0.0	2.4441475087731375
27	7	2023	8.72	22.89	0.0	2.044359590908219
28	7	2023	7.53	21.89	0.0	1.9905520250168212
29	7	2023	5.57	24.88	0.0	2.3899762479215525
30	7	2023	9.8	30.73	0.0	2.812959910628553
31	7	2023	15.49	33.61	0.0	2.871010814631298
1	8	2023	12.98	33.43	0.0	2.9393592617568474
2	8	2023	13.11	31.84	0.0	2.75954578397578
3	8	2023	14.07	37.25	0.0	3.195606119690583
4	8	2023	14.63	28.14	0.0	2.145691810734399
5	8	2023	10.16	27.63	0.0	2.409280014183076
6	8	2023	9.2	27.29	0.0	2.406169062802464
7	8	2023	9.1	29.18	0.0	2.583453796974976
8	8	2023	10.29	25.43	0.0	2.116073471883692
9	8	2023	11.62	19.86	10.31	0.8133788670770733
10	8	2023	12.47	25.14	5.85	1.4108284803842204
11	8	2023	12.05	22.93	0.0	1.426804932912836
12	8	2023	9.61	23.31	3.86	1.3913369033368264
13	8	2023	9.73	26.19	0.0	2.0286033279724864
14	8	2023	12.58	33.77	0.0	2.6323021959917923
15	8	2023	14.41	30.86	0.0	2.210923679050805
16	8	2023	11.76	23.87	0.0	1.5226041242686177
17	8	2023	8.59	32.1	0.0	2.5646774192352098
18	8	2023	14.21	26.8	0.0	1.6342617712076792
19	8	2023	8.42	20.72	0.0	1.3737857855075446
20	8	2023	5.14	21.77	2.68	1.4214352852793846
21	8	2023	12.05	18.54	27.83	0.6203585685747148
22	8	2023	13.45	19.78	18.91	0.6237062529677332
23	8	2023	14.01	25.19	0.0	1.2255917749641676
24	8	2023	10.67	24.09	0.0	1.4327889008227512
25	8	2023	9.79	20.9	0.0	1.1202453944507489
26	8	2023	9.71	30.32	0.0	2.140333591270265
27	8	2023	11.7	28.53	0.0	1.8546102348580753
28	8	2023	10.86	30.58	0.0	2.0873184987704296
29	8	2023	12.26	32.3	0.0	2.175833311420825
30	8	2023	14.85	28.69	0.0	1.592099694477298
31	8	2023	12.28	22.39	2.75	0.9443284313764856
1	9	2023	13.64	27.9	0.0	1.6184620887723558
2	9	2023	13.28	29.81	0.0	1.8696606128097255
3	9	2023	8.42	32.49	0.0	2.2843363539248083
4	9	2023	10.03	20.69	0.0	1.0435454264940385
5	9	2023	2.61	17.55	0.0	1.2384688827771606
6	9	2023	8.74	24.73	0.0	1.6425106616650322
7	9	2023	8.11	21.86	0.0	1.3675428794839946
8	9	2023	3.73	23.0	0.0	1.6674934158659265
9	9	2023	7.26	24.01	0.0	1.5958952647383304
10	9	2023	5.78	25.0	0.0	1.72516470344525
11	9	2023	6.07	23.31	0.0	1.550046421148172
12	9	2023	8.29	29.04	0.0	1.929534655917555
13	9	2023	11.5	23.0	0.47	1.1104363070694432
14	9	2023	7.61	20.86	0.0	1.1914224058607683
15	9	2023	4.54	22.46	0.0	1.5003049084840183
16	9	2023	6.56	30.54	0.0	2.0402862854029924
17	9	2023	7.35	31.66	0.0	2.197070360606985
18	9	2023	9.48	27.01	0.0	1.7365825985827834
19	9	2023	6.06	18.56	1.45	1.0743706438289489
20	9	2023	5.0	20.9	0.0	1.3485434502406908
21	9	2023	3.22	21.92	0.0	1.4871861481449034
22	9	2023	4.63	22.79	0.0	1.487449315504738
23	9	2023	10.95	19.79	0.0	0.7796920054124065
24	9	2023	10.54	24.17	0.0	1.241715385069288
25	9	2023	6.91	26.61	0.0	1.6732387436779403
26	9	2023	12.05	29.88	0.0	1.690566456179622
27	9	2023	9.69	23.75	0.75	1.224036353619428
28	9	2023	5.66	19.77	0.0	1.0863477517949929
29	9	2023	2.51	18.66	0.0	1.1412271966705143
30	9	2023	2.7	10.59	15.09	0.4996968063329947
1	10	2023	7.48	10.16	4.28	0.2004897391610869
2	10	2023	7.19	15.03	1.6	0.6121139603612694
3	10	2023	5.33	15.99	0.0	0.7908414337435904
4	10	2023	3.18	14.76	1.24	0.8026708420979639
5	10	2023	-0.99	8.93	0.0	0.5980581253153602
6	10	2023	-4.56	11.47	0.0	0.8469545373062729
7	10	2023	4.72	21.52	0.0	1.1753634034969265
8	10	2023	2.95	23.38	0.0	1.333736419919497
9	10	2023	4.17	22.87	0.0	1.2637713795414238
10	10	2023	3.45	21.8	0.0	1.213538438484324
11	10	2023	4.43	16.91	0.0	0.8630587047771273
12	10	2023	1.17	11.15	0.0	0.6260592387698695
13	10	2023	-2.99	12.64	0.0	0.8438584204479854
14	10	2023	-0.49	12.96	0.0	0.788107713957841
15	10	2023	-0.33	16.35	0.0	0.9726900236766588
16	10	2023	1.79	19.56	0.0	1.0958283719392816
17	10	2023	7.48	20.77	0.0	0.9670290427162596
18	10	2023	3.99	15.74	0.0	0.7821667814599512
19	10	2023	4.48	22.07	0.0	1.1525276092978538
20	10	2023	4.12	15.11	0.0	0.728177351137662
21	10	2023	-2.65	11.78	0.0	0.7627209469987237
22	10	2023	2.52	10.77	0.0	0.5189485732122299
23	10	2023	-3.47	3.11	5.38	0.3093903780328784
24	10	2023	-11.23	-4.0	0.0	0.2532368230636245
25	10	2023	-15.08	-5.74	0.0	0.2718477097568975
26	10	2023	-13.47	-5.38	0.0	0.2539690650349064
27	10	2023	-8.75	-3.68	0.68	0.202765176160905
28	10	2023	-9.46	-3.04	0.61	0.2503087261424314
29	10	2023	-8.44	-0.64	0.0	0.3220798817345701
30	10	2023	-14.05	-4.48	0.0	0.2990593875902043
31	10	2023	-13.9	2.35	0.0	0.5247144565426303
1	11	2023	-8.88	0.01	0.0	0.3525628695657599
2	11	2023	-6.53	3.82	0.0	0.4573590477568678
3	11	2023	-6.32	1.38	0.0	0.338277659429067
4	11	2023	-5.47	4.14	0.7	0.439010595609211
5	11	2023	-0.36	3.6	1.56	0.2132104315177184
6	11	2023	0.86	3.64	0.4	0.1578067775689423
7	11	2023	0.09	3.24	6.95	0.1643271192595649
8	11	2023	-0.94	4.14	0.0	0.2703346218947515
9	11	2023	-5.89	0.55	0.0	0.281089277567122
10	11	2023	-7.84	3.11	0.0	0.4411325355581931
11	11	2023	-3.11	8.65	0.0	0.5718189033831594
12	11	2023	-2.44	8.9	0.0	0.5639446956873778
13	11	2023	-3.21	9.71	0.0	0.6194170900708047
14	11	2023	-1.74	8.37	0.0	0.5138192453350869
15	11	2023	-4.66	6.88	0.0	0.5218834251149501
16	11	2023	-8.95	3.28	0.0	0.4591885895486623
17	11	2023	-2.61	11.67	0.0	0.6881280474337259
18	11	2023	-2.8	14.19	0.0	0.805698194293002
19	11	2023	-1.0	12.52	0.0	0.6859661288392732
20	11	2023	-3.97	6.05	0.0	0.4576237386314551
21	11	2023	-9.2	9.29	0.0	0.6792897537261744
22	11	2023	-8.54	1.08	0.0	0.3573103901806452
23	11	2023	-16.31	-6.18	0.0	0.2518902834674757
24	11	2023	-12.82	0.27	0.0	0.3968820366821579
25	11	2023	-8.28	1.44	0.0	0.3608797175664195
26	11	2023	-14.37	-4.15	0.0	0.2795246563747579
27	11	2023	-8.51	1.13	0.0	0.3507404874599362
28	11	2023	-4.26	5.46	0.0	0.4240917417847714
29	11	2023	-5.88	3.12	0.0	0.3651316071490543
30	11	2023	-10.11	-1.38	0.0	0.2909979087929281
1	12	2023	-14.46	0.33	0.0	0.4076749033022431
2	12	2023	-11.04	1.66	0.0	0.4100047291612667
3	12	2023	-13.06	1.22	2.18	0.4110707922477944
4	12	2023	-7.44	0.61	0.0	0.3047186231177967
5	12	2023	-8.6	9.33	0.0	0.6605141471475185
6	12	2023	-3.0	8.14	0.0	0.5063395161657787
7	12	2023	-0.41	3.17	0.35	0.1732537341905115
8	12	2023	-6.74	0.52	0.0	0.2743854820285096
9	12	2023	-9.35	-0.56	0.0	0.2964343408325962
10	12	2023	-7.52	1.87	0.0	0.3452078240745175
11	12	2023	-11.51	-0.8	0.0	0.3282719403575696
12	12	2023	-13.63	1.89	0.0	0.4402253786793998
13	12	2023	-6.38	9.26	0.0	0.6140261573843104
14	12	2023	-4.21	6.71	0.0	0.4620618741791039
15	12	2023	-5.31	4.33	0.0	0.3883873909755401
16	12	2023	-3.15	4.44	0.0	0.331983583214618
17	12	2023	-10.05	1.84	0.0	0.3920467572161075
18	12	2023	-10.85	3.49	0.0	0.4607683740937517
19	12	2023	-2.62	0.12	0.0	0.120619490051455
20	12	2023	-4.31	7.4	0.0	0.4952794080669611
21	12	2023	-5.98	4.28	0.0	0.4042846335919146
22	12	2023	-5.29	11.07	0.0	0.6700703724152024
23	12	2023	-5.78	3.26	0.0	0.3573336099067293
24	12	2023	-12.24	0.69	0.0	0.3867957866532373
25	12	2023	-10.49	5.41	0.0	0.523568514468615
26	12	2023	-9.94	7.56	0.0	0.5943000225938385
27	12	2023	-8.11	6.03	0.0	0.5140522169852304
28	12	2023	-8.62	10.25	0.0	0.6811324600255156
29	12	2023	-8.29	4.73	0.0	0.4679001929141922
30	12	2023	-13.23	0.76	0.0	0.4005691992907536
31	12	2023	-9.61	4.65	0.0	0.4858582995938088
