Day	Month	Year	Tmin(c)	Tmax(c)	Prcp(mm)	Et0(mm)
1	1	2018	-31.18	-13.25	0.0	0.1811460529120781
2	1	2018	-20.46	-4.94	0.0	0.3071441683187849
3	1	2018	-14.62	-2.68	0.0	0.3183476319574231
4	1	2018	-13.92	-5.95	0.0	0.2135777745831355
5	1	2018	-14.0	-6.75	0.0	0.1926213603469519
6	1	2018	-12.27	0.9	0.0	0.4008078249702216
7	1	2018	-8.44	1.44	0.0	0.3554979719171831
8	1	2018	-9.69	-2.24	0.0	0.2493895980459058
9	1	2018	-11.46	-0.52	0.0	0.3442671264401462
10	1	2018	-24.06	-15.65	0.22	0.1234182089678625
11	1	2018	-29.25	-21.78	0.0	0.0748353800709368
12	1	2018	-31.22	-19.66	0.0	0.1075680055911714
13	1	2018	-27.58	-8.51	0.0	0.2560120155327132
14	1	2018	-22.71	-9.48	0.0	0.2280670122032196
15	1	2018	-29.34	-15.68	0.0	0.1519208435304826
16	1	2018	-20.88	-0.58	0.0	0.4208097258352098
17	1	2018	-8.93	4.28	0.3	0.4989597200604397
18	1	2018	-7.56	8.34	0.0	0.6890102036396767
19	1	2018	-4.96	4.49	0.0	0.4084760969133504
20	1	2018	-8.06	0.87	0.0	0.3373808929661241
21	1	2018	-12.02	-1.42	0.0	0.3357040699403923
22	1	2018	-11.07	3.9	0.0	0.5459188376500653
23	1	2018	-10.73	-0.35	0.0	0.3527709814697536
24	1	2018	-10.78	-3.15	0.0	0.2545896706873264
25	1	2018	-9.71	-1.56	0.0	0.2889298550145729
26	1	2018	-12.63	-6.56	0.55	0.1831118270706088
27	1	2018	-20.44	-13.17	0.0	0.1409839414960829
28	1	2018	-22.62	-14.46	0.0	0.1399594212757566
29	1	2018	-23.31	-3.07	0.0	0.3837026478019767
30	1	2018	-12.37	3.52	0.0	0.5928613301654931
31	1	2018	-23.33	-13.31	0.0	0.1710283380414968
1	2	2018	-26.28	-15.12	0.0	0.1593498588925679
2	2	2018	-21.74	-17.23	2.72	0.075758115923832
3	2	2018	-27.34	-20.63	0.91	0.084543079165813
4	2	2018	-28.65	-16.5	0.0	0.1513148694537343
5	2	2018	-26.4	-15.21	0.0	0.1623225740132201
6	2	2018	-27.8	-17.47	0.0	0.134960933670304
7	2	2018	-27.9	-14.37	0.0	0.1832931730838556
8	2	2018	-26.86	-17.16	0.0	0.1355646034946769
9	2	2018	-28.5	-15.72	0.0	0.1660577474687612
10	2	2018	-20.85	-9.16	0.0	0.2590853472711535
11	2	2018	-27.76	-15.22	0.0	0.1727540428309701
12	2	2018	-32.15	-12.7	0.0	0.2144996469212775
13	2	2018	-18.39	2.05	0.0	0.6588154406542883
14	2	2018	-14.51	1.37	1.63	0.6572276377133045
15	2	2018	-27.37	-13.27	0.0	0.2083658076847862
16	2	2018	-21.3	-4.36	0.0	0.4460411316565997
17	2	2018	-19.08	-9.95	0.0	0.2299761277085023
18	2	2018	-22.71	-12.47	0.0	0.2024120387960487
19	2	2018	-27.74	-13.27	0.0	0.2203543967566985
20	2	2018	-23.22	-11.8	0.0	0.2355806554838692
21	2	2018	-29.92	-9.43	0.0	0.302853416795375
22	2	2018	-24.75	-8.55	0.0	0.3424442985201506
23	2	2018	-20.04	-5.68	0.0	0.4326725281337529
24	2	2018	-16.64	-1.61	0.0	0.5944676301669891
25	2	2018	-16.58	-1.22	0.0	0.6151743037631813
26	2	2018	-15.13	-4.43	0.0	0.4466331199277201
27	2	2018	-15.01	-1.36	0.0	0.6138903060960001
28	2	2018	-13.57	0.65	0.0	0.7215245769538258
1	3	2018	-17.59	-2.46	0.0	0.5888952364256341
2	3	2018	-14.1	-3.66	0.0	0.4981993574109271
3	3	2018	-7.78	-3.73	2.88	0.1708232310517413
4	3	2018	-10.9	-4.84	6.19	0.2234160869449175
5	3	2018	-14.21	-8.72	0.0	0.1846577748436416
6	3	2018	-17.32	-7.26	0.0	0.3864016333357596
7	3	2018	-23.57	-6.63	0.0	0.451611082711066
8	3	2018	-24.07	-8.12	0.0	0.4063612863183599
9	3	2018	-13.05	-1.41	0.0	0.66428520519222
10	3	2018	-12.22	-1.28	0.0	0.6646735163492778
11	3	2018	-14.01	2.58	0.0	0.9053277563708628
12	3	2018	-15.64	-0.86	0.0	0.732680064982166
13	3	2018	-15.61	2.08	0.0	0.8796384569673114
14	3	2018	-15.55	-1.16	0.0	0.7317841227696159
15	3	2018	-10.49	-2.68	0.0	0.540312230565029
16	3	2018	-7.07	2.17	0.0	0.8590447522992445
17	3	2018	-4.31	0.29	1.77	0.4367692346512768
18	3	2018	-6.22	1.19	0.66	0.7172352037256855
19	3	2018	-8.88	0.11	0.0	0.7455535072074712
20	3	2018	-8.02	2.12	0.0	0.9059481132785115
21	3	2018	-10.59	2.52	0.0	0.9880717768341598
22	3	2018	-9.16	1.21	0.0	0.8806169467351062
23	3	2018	-4.71	1.0	3.91	0.4683236194983141
24	3	2018	-8.99	3.05	0.0	1.028134573548754
25	3	2018	-6.41	1.68	0.0	0.8459526774157297
26	3	2018	-7.45	4.72	0.0	1.170564290004844
27	3	2018	-9.83	4.21	0.0	1.1374546657089906
28	3	2018	-14.03	-1.69	0.41	0.8035657945538542
29	3	2018	-19.62	-6.95	0.53	0.5480569261058649
30	3	2018	-22.42	-12.31	0.0	0.3432345188616746
31	3	2018	-21.62	-9.42	0.0	0.4695908144861498
1	4	2018	-18.47	-5.38	0.0	0.6511493917935367
2	4	2018	-20.24	-5.27	0.0	0.6484894127871368
3	4	2018	-16.77	-3.89	0.0	0.7283991256952378
4	4	2018	-18.1	-2.57	0.0	0.7871497829763104
5	4	2018	-18.48	-7.99	0.0	0.5203020172763185
6	4	2018	-22.79	-9.03	0.0	0.4991339382367209
7	4	2018	-21.24	-4.11	0.0	0.703343050014563
8	4	2018	-12.45	-2.25	0.0	0.821234710668087
9	4	2018	-6.99	0.73	0.0	0.919366150438392
10	4	2018	-10.43	7.07	0.0	1.323102252018291
11	4	2018	-3.0	1.56	1.01	0.6995246605456682
12	4	2018	-4.61	-0.03	0.0	0.6344616023274676
13	4	2018	-4.78	1.68	0.0	0.9526403927571536
14	4	2018	-2.76	7.64	0.0	1.436581237061834
15	4	2018	-3.66	9.24	0.0	1.5452944990459034
16	4	2018	-0.86	5.4	2.19	0.9408364849711666
17	4	2018	-1.81	2.19	4.76	0.4580392580473566
18	4	2018	-5.18	10.22	0.0	1.6043420150106402
19	4	2018	-1.92	12.65	0.0	1.7764315742601973
20	4	2018	-0.39	18.49	0.0	2.1376927903575687
21	4	2018	1.2	19.98	0.0	2.247054081112248
22	4	2018	2.94	14.41	0.0	1.8753226226474695
23	4	2018	-0.51	13.29	0.0	1.7632636172197946
24	4	2018	-1.22	20.7	0.0	2.179301271712836
25	4	2018	3.02	17.31	0.0	2.023892117241206
26	4	2018	-0.64	21.98	0.0	2.2672264364287877
27	4	2018	-0.6	16.71	0.0	1.9777331894260104
28	4	2018	1.27	26.83	0.0	2.5668667835417462
29	4	2018	6.07	20.22	0.0	2.2069034330039625
30	4	2018	0.43	12.21	0.0	1.6812421009116858
1	5	2018	-3.01	16.98	0.0	1.9735691622753455
2	5	2018	1.22	18.67	0.0	2.1226740275882072
3	5	2018	5.74	21.76	0.0	2.3331616361656073
4	5	2018	4.16	24.15	0.0	2.490540950173641
5	5	2018	4.96	24.72	0.0	2.532377163720976
6	5	2018	4.47	27.38	0.0	2.6892762607039766
7	5	2018	11.12	26.95	0.0	2.660768890473664
8	5	2018	8.24	16.67	6.12	1.652161500555496
9	5	2018	3.2	13.94	0.0	1.7726869872312692
10	5	2018	2.89	11.23	2.47	1.1811821950405004
11	5	2018	4.43	10.45	1.62	1.0740577753066634
12	5	2018	2.53	19.28	0.0	2.1933368717885804
13	5	2018	6.83	26.38	0.0	2.6720700174479295
14	5	2018	3.54	24.98	0.0	2.5664600932761537
15	5	2018	11.15	31.8	0.0	3.0217591292668233
16	5	2018	9.44	27.97	0.0	2.7639954507364193
17	5	2018	7.37	14.71	1.88	1.4398911351901833
18	5	2018	4.14	18.58	0.0	2.117535021645196
19	5	2018	2.45	22.26	0.0	2.3900311146098803
20	5	2018	2.71	25.53	0.0	2.603293752554807
21	5	2018	10.24	30.35	0.0	2.939877002780535
22	5	2018	10.46	27.38	0.0	2.717711372760964
23	5	2018	9.34	30.04	3.28	2.6749841274273924
24	5	2018	11.71	26.94	1.5	2.6616236252265746
25	5	2018	10.55	27.32	0.0	2.719535453329934
26	5	2018	10.06	30.59	0.88	2.9749747097802106
27	5	2018	9.86	25.95	0.0	2.631227875464765
28	5	2018	9.36	31.02	0.0	3.017609253915946
29	5	2018	13.31	27.25	0.0	2.660767280936955
30	5	2018	10.4	24.14	5.13	2.203807848492687
31	5	2018	9.07	14.43	0.0	0.896558215951333
1	6	2018	8.79	14.36	8.44	0.6882906853338879
2	6	2018	7.52	18.46	0.0	1.8984086314251585
3	6	2018	7.34	24.23	0.0	2.5833424257187994
4	6	2018	9.63	28.43	1.26	2.880557363792447
5	6	2018	9.36	21.32	0.0	2.3056229121437815
6	6	2018	6.51	27.7	0.0	2.8446903569651907
7	6	2018	8.47	28.06	0.0	2.863447935753185
8	6	2018	13.25	24.92	0.0	2.488230956021215
9	6	2018	12.76	30.91	0.0	3.0240022855172604
10	6	2018	13.49	25.01	0.0	2.4650469125450396
11	6	2018	7.0	18.15	0.0	1.9736262984143176
12	6	2018	7.15	22.43	0.0	2.4471383702848866
13	6	2018	7.14	26.43	0.0	2.7586797569823043
14	6	2018	8.9	23.67	1.32	2.5269227684941673
15	6	2018	9.18	23.67	0.0	2.525294365206818
16	6	2018	7.27	21.7	0.0	2.3920429931002256
17	6	2018	7.96	25.65	0.0	2.698129365302892
18	6	2018	8.64	28.08	0.0	2.87459251830495
19	6	2018	10.78	27.24	0.0	2.7902003795579886
20	6	2018	10.42	29.92	0.0	3.0009833835733404
21	6	2018	12.13	29.95	0.0	2.9817683657029543
22	6	2018	14.01	28.94	0.0	2.859550125073794
23	6	2018	12.71	27.66	10.17	2.5510034134219275
24	6	2018	15.43	26.87	0.0	2.5616267549213414
25	6	2018	14.05	29.79	0.0	2.942211184970173
26	6	2018	12.14	24.78	0.0	2.5522229694012584
27	6	2018	7.12	25.39	0.0	2.708348832852366
28	6	2018	7.61	24.19	0.0	2.6106331818496606
29	6	2018	10.53	23.64	0.0	2.5016229639581287
30	6	2018	12.58	24.67	6.0	2.044154061088725
1	7	2018	11.47	20.21	5.03	1.3162315264384574
2	7	2018	9.17	22.57	3.69	1.8636875565700677
3	7	2018	6.61	20.98	9.07	1.7992416834410665
4	7	2018	10.94	19.43	5.79	1.0721819934868395
5	7	2018	8.07	25.01	0.0	2.461461651046775
6	7	2018	13.99	33.45	0.0	3.1108429875132653
7	7	2018	14.12	31.0	0.0	2.844082248537443
8	7	2018	10.67	24.77	0.0	2.271399982638953
9	7	2018	9.11	27.7	0.0	2.692799577449283
10	7	2018	13.09	29.39	5.25	2.1975949987244823
11	7	2018	14.98	25.57	0.0	1.8512350682982783
12	7	2018	14.18	28.89	0.0	2.485216627829808
13	7	2018	13.46	32.34	0.0	2.9346533613975434
14	7	2018	12.19	21.44	0.0	1.4814386493785374
15	7	2018	8.61	25.0	0.0	2.357082245582114
16	7	2018	6.49	26.45	0.0	2.577803785262714
17	7	2018	10.01	34.65	0.0	3.2301441459967437
18	7	2018	15.81	31.18	0.0	2.694782660031686
19	7	2018	13.96	28.42	0.0	2.4678300049000996
20	7	2018	12.56	29.4	0.0	2.686771935456257
21	7	2018	15.8	27.16	0.0	2.070828520297576
22	7	2018	11.83	23.42	0.0	1.9208963885869597
23	7	2018	9.55	23.33	0.0	2.118198963013614
24	7	2018	8.3	23.39	0.0	2.1937181756900896
25	7	2018	9.04	22.23	0.0	1.9899745157923243
26	7	2018	6.72	24.03	0.0	2.3202369417382225
27	7	2018	9.03	24.45	0.0	2.259153221096589
28	7	2018	8.9	27.35	0.0	2.566377370340312
29	7	2018	8.81	29.62	0.0	2.7581541262548623
30	7	2018	11.64	32.26	0.0	2.906749605225521
31	7	2018	11.77	24.89	0.0	2.03412768721015
1	8	2018	7.73	28.31	0.4	2.614660909210262
2	8	2018	14.64	30.88	3.53	2.096874576284911
3	8	2018	13.29	28.75	2.51	1.898866213996
4	8	2018	13.31	22.92	2.16	1.069591470311958
5	8	2018	12.96	23.41	4.28	1.181698802826405
6	8	2018	10.84	29.21	0.0	2.4421360975992648
7	8	2018	12.68	30.92	0.0	2.5676023139919746
8	8	2018	11.48	30.02	0.0	2.52042616325479
9	8	2018	12.93	33.77	0.0	2.826822317440502
10	8	2018	13.99	38.58	0.0	3.1770352999758513
11	8	2018	14.95	34.75	0.0	2.802451209685822
12	8	2018	12.79	23.95	0.0	1.5848541221020267
13	8	2018	8.21	17.49	0.0	1.088972180412734
14	8	2018	3.79	27.63	0.0	2.428847835636412
15	8	2018	11.09	29.13	0.0	2.369043027839734
16	8	2018	9.66	28.42	0.0	2.373816713026576
17	8	2018	10.32	32.11	0.0	2.6663013381122664
18	8	2018	10.69	25.04	0.0	1.89649029220334
19	8	2018	4.0	24.04	0.0	2.095999005330826
20	8	2018	5.24	23.73	0.0	2.0153498507195904
21	8	2018	5.31	27.39	0.0	2.310048785453878
22	8	2018	10.5	30.99	0.0	2.495511097071053
23	8	2018	8.65	28.67	0.0	2.341101170353692
24	8	2018	8.1	21.29	0.0	1.5442060655354355
25	8	2018	7.29	19.55	0.0	1.3879493486746428
26	8	2018	7.58	18.08	3.26	0.898925204009652
27	8	2018	7.95	13.93	5.33	0.5003615236535205
28	8	2018	6.92	18.59	0.0	1.2308613248945055
29	8	2018	6.23	27.28	0.0	2.2082346822112617
30	8	2018	9.91	23.0	0.94	1.5595246621975416
31	8	2018	7.3	20.09	0.0	1.468511419717356
1	9	2018	6.61	20.55	0.0	1.565355647344679
2	9	2018	3.58	20.24	0.0	1.6755824793818377
3	9	2018	4.88	22.25	0.0	1.8070659228814343
4	9	2018	2.67	14.67	0.0	1.111257003777694
5	9	2018	-0.53	21.95	0.0	1.8577337934524931
6	9	2018	3.05	25.24	0.0	2.0493032654912717
7	9	2018	6.68	24.91	0.0	1.9210228744467268
8	9	2018	11.12	27.36	0.0	1.9365367904021369
9	9	2018	8.07	22.47	0.0	1.5853324755150575
10	9	2018	3.42	22.41	0.0	1.7747118769755832
11	9	2018	5.95	17.46	0.0	1.119590769596473
12	9	2018	4.41	15.06	2.3	0.7673058433544576
13	9	2018	3.78	12.13	1.13	0.6509732283652526
14	9	2018	2.99	9.08	0.0	0.4616887499822035
15	9	2018	5.74	12.06	4.6	0.4742595332895948
16	9	2018	6.65	10.57	8.35	0.3050525954451701
17	9	2018	4.57	12.33	0.51	0.6249487924216328
18	9	2018	4.73	11.53	0.0	0.5516638673868419
19	9	2018	2.12	15.27	0.0	1.046470330647818
20	9	2018	3.04	11.91	0.0	0.6865740842627652
21	9	2018	0.67	7.99	3.68	0.4756104559478681
22	9	2018	-0.07	1.42	8.81	0.1012217995866646
23	9	2018	-0.25	3.5	0.34	0.2607959243442311
24	9	2018	-0.08	12.43	0.74	0.889229906095272
25	9	2018	1.89	13.6	0.83	0.8717273979910237
26	9	2018	3.24	16.28	0.0	1.021948966611644
27	9	2018	-1.83	8.74	0.0	0.6790483977584246
28	9	2018	-3.78	8.18	0.0	0.7112219711796218
29	9	2018	-1.86	7.59	0.0	0.6053485177529947
30	9	2018	-7.72	4.7	0.54	0.6453696812822993
1	10	2018	-1.42	4.98	1.61	0.4122855479051392
2	10	2018	-1.22	3.98	1.96	0.3377157354990852
3	10	2018	-1.85	6.36	0.0	0.5234097442240082
4	10	2018	-5.85	6.42	0.0	0.6787471961344438
5	10	2018	-3.12	8.59	0.0	0.736654356210079
6	10	2018	-4.93	12.69	0.0	1.037769488431581
7	10	2018	-2.87	13.94	0.0	1.0742976692974715
8	10	2018	-2.19	1.97	0.0	0.2578094443934738
9	10	2018	-3.87	2.45	0.0	0.3673654996083007
10	10	2018	-7.86	5.26	0.0	0.6510089188872217
11	10	2018	-9.21	6.31	0.0	0.7185435804895992
12	10	2018	-4.9	7.18	7.11	0.5972319408987876
13	10	2018	-4.4	-0.22	0.0	0.2299097154791539
14	10	2018	-8.53	3.87	0.0	0.5627415317888019
15	10	2018	-0.04	13.61	0.0	0.879191519286463
16	10	2018	-0.82	10.26	0.0	0.6743570770869688
17	10	2018	-1.47	21.35	0.0	1.3389280583308871
18	10	2018	2.13	19.34	0.0	1.1470500974411602
19	10	2018	-3.44	13.5	0.0	0.8981349967852312
20	10	2018	-7.68	17.11	0.0	1.113543522298848
21	10	2018	-1.5	14.32	0.0	0.8786417682545947
22	10	2018	-6.08	11.25	0.0	0.8061061006855121
23	10	2018	-4.61	16.4	0.0	1.0206257094876847
24	10	2018	-1.83	19.29	0.0	1.1268778559809405
25	10	2018	-0.76	15.7	0.0	0.9054762392194692
26	10	2018	-2.48	12.81	0.0	0.7916252034699627
27	10	2018	-1.1	13.13	0.0	0.7690979630941799
28	10	2018	-5.27	9.87	0.0	0.6990670280515882
29	10	2018	0.4	9.27	0.0	0.4984069276880934
30	10	2018	-1.85	7.04	0.0	0.459202406939991
31	10	2018	-3.2	10.29	0.0	0.6625059959784698
1	11	2018	-2.94	4.9	1.34	0.3813911277166015
2	11	2018	-1.85	0.74	2.8	0.1229975161444651
3	11	2018	-4.88	1.56	0.0	0.2855703445524151
4	11	2018	-2.24	4.15	3.15	0.3000884977244471
5	11	2018	-8.3	0.01	1.65	0.3261499424279279
6	11	2018	-12.36	-8.53	0.19	0.1179433806766685
7	11	2018	-12.12	-9.6	0.0	0.0780099067549014
8	11	2018	-18.2	-9.61	0.0	0.1975636352635051
9	11	2018	-21.92	-4.3	2.12	0.3365133408163148
10	11	2018	-9.93	-3.26	0.58	0.2346983713706557
11	11	2018	-11.38	-6.13	0.0	0.169140290072844
12	11	2018	-15.31	-4.94	0.0	0.2818439872409511
13	11	2018	-8.28	4.36	0.0	0.4909081940530892
14	11	2018	-2.44	5.2	0.0	0.3718740167452435
15	11	2018	-2.44	3.35	0.0	0.2790678300208235
16	11	2018	-17.79	-4.76	0.0	0.3116111040061919
17	11	2018	-18.79	-5.64	0.0	0.2965625395214788
18	11	2018	-11.56	-6.75	0.73	0.1506039802665148
19	11	2018	-14.43	1.16	0.0	0.4512744097638819
20	11	2018	-5.8	2.25	0.0	0.3396474810878955
21	11	2018	-5.47	1.16	0.0	0.2829237650644148
22	11	2018	-2.74	6.3	0.0	0.4339890677752191
23	11	2018	-5.34	3.17	0.0	0.3672724287762778
24	11	2018	-7.58	-4.35	0.0	0.1234463616018182
25	11	2018	-7.56	-4.29	0.0	0.1254800231240766
26	11	2018	-6.67	-2.88	0.0	0.1525732798400408
27	11	2018	-4.8	-0.86	0.0	0.1693701473079449
28	11	2018	-6.37	-2.86	0.0	0.1402496011211677
29	11	2018	-5.28	-0.02	0.0	0.2222198745167517
30	11	2018	-7.4	-3.42	0.0	0.1519553932964478
1	12	2018	-7.15	-4.89	3.49	0.0837679957429916
2	12	2018	-9.08	-3.87	0.0	0.1874704042303073
3	12	2018	-13.17	-5.01	0.0	0.2400827438774845
4	12	2018	-13.67	-6.56	0.45	0.2021570551048139
5	12	2018	-13.46	-5.79	0.06	0.2204004254045983
6	12	2018	-14.16	-7.67	0.0	0.1778739560950955
7	12	2018	-18.8	-7.13	0.0	0.2511782904378407
8	12	2018	-18.17	-7.24	0.0	0.2425693213143308
9	12	2018	-14.93	-3.06	0.0	0.3175311580820725
10	12	2018	-14.13	1.02	0.0	0.4268006518663928
11	12	2018	-7.94	1.17	0.0	0.3404049408721346
12	12	2018	-5.71	1.24	0.0	0.286196412811329
13	12	2018	-9.32	3.21	0.0	0.4406281620518102
14	12	2018	-8.43	5.34	0.0	0.5036156218328812
15	12	2018	-2.83	5.61	0.0	0.3893500686148088
16	12	2018	-11.81	-2.95	0.0	0.273182541372059
17	12	2018	-7.36	5.28	0.0	0.4834770342994933
18	12	2018	-4.92	5.58	0.0	0.4440792987911696
19	12	2018	-4.05	2.54	0.0	0.2893476877222891
20	12	2018	-8.02	2.87	0.0	0.4039759432333183
21	12	2018	-4.33	4.27	0.0	0.3728581488724741
22	12	2018	-8.55	-3.48	0.0	0.1806138327274368
23	12	2018	-15.78	-5.11	1.75	0.2680150662594568
24	12	2018	-16.19	-8.33	0.28	0.1896693215203097
25	12	2018	-17.31	-9.61	0.0	0.1735686908646891
26	12	2018	-14.75	-7.08	0.0	0.1999687160921057
27	12	2018	-20.51	-8.32	0.9	0.2346364064378731
28	12	2018	-20.09	-4.65	0.0	0.3126615159106952
29	12	2018	-12.92	-3.43	1.4	0.275283340027267
30	12	2018	-18.69	-10.38	0.75	0.1722141642543313
31	12	2018	-27.73	-16.23	0.0	0.1365745994772458
1	1	2019	-25.15	-2.17	0.0	0.3710617060516433
2	1	2019	-9.89	3.97	0.0	0.4728015524219645
3	1	2019	-5.48	3.6	0.0	0.370239389128665
4	1	2019	-8.15	1.87	0.0	0.3648791067084809
5	1	2019	-6.06	-1.85	0.0	0.1630985848713512
6	1	2019	-5.17	2.34	0.0	0.309709413867036
7	1	2019	-13.62	-1.63	0.88	0.340267002356887
8	1	2019	-21.23	-13.82	0.0	0.1294665618728681
9	1	2019	-22.85	-8.9	0.51	0.2379197966614902
10	1	2019	-14.73	-7.87	0.0	0.1768089139033591
11	1	2019	-16.95	-9.41	0.0	0.1728079891932797
12	1	2019	-14.21	0.13	0.0	0.4048900308184415
13	1	2019	-11.98	-0.87	0.0	0.3461169536441601
14	1	2019	-11.39	-1.68	0.0	0.3096151316575465
15	1	2019	-17.77	-4.37	0.0	0.3128692263098615
16	1	2019	-18.19	-14.08	0.48	0.0847495138328036
17	1	2019	-25.21	-16.29	0.0	0.1253354428401978
18	1	2019	-28.0	-17.76	0.0	0.1208485047332501
19	1	2019	-21.63	-14.93	2.74	0.1114351019653682
20	1	2019	-18.64	-10.89	0.0	0.1659767212139241
21	1	2019	-17.93	-5.59	0.0	0.2891962564688613
22	1	2019	-15.67	-2.21	0.0	0.3614414320525536
23	1	2019	-21.93	-4.4	0.0	0.3414388045542783
24	1	2019	-28.59	-9.32	0.0	0.2507881776674494
25	1	2019	-21.53	-4.39	0.0	0.3431331768324871
26	1	2019	-12.46	-0.75	1.21	0.376400436769398
27	1	2019	-7.87	4.28	1.49	0.5429981494118165
28	1	2019	-22.18	-10.11	0.0	0.2244472931391637
29	1	2019	-29.31	-20.75	0.0	0.0936374528880199
30	1	2019	-23.11	-12.15	0.38	0.1916865065668025
31	1	2019	-14.84	-0.78	0.0	0.4311874665869034
1	2	2019	-18.35	-7.98	0.0	0.2458199942357931
2	2	2019	-22.58	-15.79	1.66	0.1192867902074333
3	2	2019	-24.81	-21.21	0.17	0.0520420462261939
4	2	2019	-25.4	-21.45	2.56	0.0520747269431363
5	2	2019	-32.62	-22.7	0.0	0.0904134706178481
6	2	2019	-36.15	-25.99	0.0	0.0706441634455749
7	2	2019	-37.34	-24.66	0.0	0.0836288950339465
8	2	2019	-36.85	-25.13	0.0	0.0797935616559818
9	2	2019	-33.55	-23.6	0.0	0.08612683042195
10	2	2019	-32.08	-20.93	0.0	0.1105586608563529
11	2	2019	-28.42	-16.26	1.68	0.1610250694182146
12	2	2019	-31.59	-20.21	0.0	0.1190746781678851
13	2	2019	-28.36	-20.53	0.0	0.0996158608581651
14	2	2019	-32.54	-19.99	0.0	0.1257387647869211
15	2	2019	-32.77	-18.08	1.53	0.1489766602144022
16	2	2019	-20.31	-13.62	3.58	0.1370817111849191
17	2	2019	-19.73	-13.56	0.99	0.1417093774271037
18	2	2019	-26.54	-17.72	0.53	0.1337929053670939
19	2	2019	-28.87	-10.87	0.0	0.2567835527618007
20	2	2019	-23.36	-9.05	1.03	0.2863670126169473
21	2	2019	-24.14	-12.47	0.0	0.2186410247427323
22	2	2019	-27.03	-11.47	0.0	0.2506185594172877
23	2	2019	-23.53	-13.65	0.0	0.193119018180088
24	2	2019	-31.09	-20.96	0.0	0.1173696324169051
25	2	2019	-33.17	-18.79	0.0	0.1506098282749632
26	2	2019	-29.58	-16.85	0.0	0.1719694242912695
27	2	2019	-20.56	-8.5	0.0	0.3387613539128278
28	2	2019	-17.64	-8.32	0.0	0.3077815347012508
1	3	2019	-26.58	-15.64	0.0	0.1834768649432171
2	3	2019	-32.8	-20.9	0.0	0.1289254454839332
3	3	2019	-25.85	-15.85	0.0	0.1774336581432478
4	3	2019	-21.66	-10.68	0.0	0.2911240931931175
5	3	2019	-18.14	-8.81	0.0	0.316905963044378
6	3	2019	-25.46	-13.37	0.0	0.2410338210049992
7	3	2019	-24.21	-7.61	0.0	0.4079395705788006
8	3	2019	-16.69	-5.23	0.0	0.4796522422657904
9	3	2019	-15.58	-5.34	0.0	0.4626770762285696
10	3	2019	-21.58	-6.72	0.0	0.4552037742401468
11	3	2019	-16.78	1.71	0.0	0.8151975266999739
12	3	2019	-3.19	3.32	0.0	0.6587655670281676
13	3	2019	-5.2	2.51	0.0	0.7380582287079043
14	3	2019	-9.58	1.21	0.0	0.8124256229851171
15	3	2019	-11.67	2.67	0.0	0.938663492415312
16	3	2019	-8.82	3.43	0.0	0.983587012106406
17	3	2019	-10.65	4.69	0.0	1.0783540787217782
18	3	2019	-3.48	4.84	0.0	0.952421711423384
19	3	2019	-3.63	9.29	0.0	1.3805536679863004
20	3	2019	-2.32	12.98	0.0	1.5881321287352748
21	3	2019	-1.81	12.33	0.0	1.5638090867928534
22	3	2019	-2.11	15.0	0.0	1.708925078855947
23	3	2019	-2.04	13.61	0.0	1.640947589386543
24	3	2019	-4.93	4.37	0.0	1.027586118939589
25	3	2019	-7.17	4.95	0.0	1.1668533518337991
26	3	2019	-1.08	17.18	0.0	1.85971692969222
27	3	2019	-1.41	6.02	0.0	1.0986193008708176
28	3	2019	-5.81	7.42	0.0	1.3139537646794244
29	3	2019	-4.8	4.82	0.0	1.1705767269955811
30	3	2019	-6.32	14.29	0.0	1.6598050269027445
31	3	2019	-3.92	5.9	0.0	1.2330351271403437
1	4	2019	-3.66	9.41	1.14	1.447462420182508
2	4	2019	-6.17	4.33	0.0	1.1600310518216312
3	4	2019	-8.24	12.18	0.0	1.5464778346246129
4	4	2019	-1.22	13.49	0.0	1.7030566147438913
5	4	2019	-4.11	9.48	0.0	1.4619119610907385
6	4	2019	1.42	9.72	0.61	1.4348903551829444
7	4	2019	0.41	17.26	0.0	1.954950520995415
8	4	2019	-2.86	17.0	0.0	1.906395600319958
9	4	2019	-4.73	10.12	0.0	1.5120836030467175
10	4	2019	-5.72	9.4	0.0	1.4725255802417214
11	4	2019	-7.62	9.02	0.0	1.4351947584462266
12	4	2019	-8.44	10.75	0.0	1.5128040564127103
13	4	2019	-5.05	15.67	0.0	1.8238688339655833
14	4	2019	3.4	17.44	0.0	1.9282686053410811
15	4	2019	-0.76	14.08	0.0	1.725165407558402
16	4	2019	-4.32	14.23	0.0	1.7142696719487738
17	4	2019	0.4	15.49	0.0	1.8190351904861717
18	4	2019	-0.55	17.98	0.0	1.9704566499180487
19	4	2019	5.64	20.94	0.0	2.170853488987877
20	4	2019	3.68	17.51	0.0	1.9512852347186096
21	4	2019	-1.62	14.66	0.0	1.7817880402076112
22	4	2019	-1.63	21.92	0.0	2.1980146022351637
23	4	2019	7.08	20.56	0.0	2.1403488340485386
24	4	2019	0.69	17.59	0.0	1.9783398931386085
25	4	2019	-2.03	12.63	0.0	1.6649283752680788
26	4	2019	-4.36	12.02	0.0	1.6212961540270994
27	4	2019	-1.56	11.19	4.86	1.4601577797127692
28	4	2019	-4.78	3.86	2.27	0.9020238327176906
29	4	2019	-9.07	7.18	0.0	1.3296333511482414
30	4	2019	-4.67	10.47	2.07	1.4239662144947411
1	5	2019	-6.83	10.62	0.35	1.594890864999766
2	5	2019	-3.01	11.31	0.0	1.5992055942505583
3	5	2019	-4.94	12.2	0.0	1.6547153945814566
4	5	2019	-4.27	8.74	0.0	1.4456834607838132
5	5	2019	-7.3	7.16	0.0	1.3529017786915254
6	5	2019	-6.91	12.5	0.0	1.6583754069144632
7	5	2019	-0.06	15.0	0.0	1.8544612249300028
8	5	2019	-4.84	12.61	0.0	1.695812547135938
9	5	2019	1.82	15.38	0.0	1.877639309277408
10	5	2019	3.36	18.85	1.95	2.1242315030904027
11	5	2019	2.24	16.24	0.0	1.9465241273235392
12	5	2019	2.31	25.18	0.0	2.549648981411586
13	5	2019	4.67	21.52	0.0	2.3256015936926944
14	5	2019	2.05	22.96	0.0	2.4191927304680605
15	5	2019	5.63	20.09	0.0	2.210329931120176
16	5	2019	-0.69	16.19	0.0	1.9713090875853312
17	5	2019	0.05	17.57	0.0	2.067477487310197
18	5	2019	0.74	15.54	0.0	1.9290454366328011
19	5	2019	-2.44	16.81	0.0	2.010782089225731
20	5	2019	-0.65	19.94	0.0	2.2242431102327167
21	5	2019	1.48	21.59	0.0	2.3487508778299535
22	5	2019	3.96	24.17	0.0	2.537607593304132
23	5	2019	4.32	24.32	0.0	2.548319476613492
24	5	2019	4.6	23.65	0.0	2.503969061831923
25	5	2019	4.72	15.7	2.55	1.747010360985578
26	5	2019	0.34	19.39	0.0	2.210967814249698
27	5	2019	1.75	22.2	0.0	2.4040845283101993
28	5	2019	6.7	27.76	0.0	2.789262552729305
29	5	2019	10.28	30.68	0.0	2.9788525220905737
30	5	2019	10.88	32.88	0.0	3.126156533477821
31	5	2019	5.38	21.25	0.0	2.318451287829259
1	6	2019	5.76	25.5	0.0	2.6345852269363257
2	6	2019	10.4	32.95	0.0	3.1363745071989255
3	6	2019	9.2	35.06	0.0	3.2669551704933286
4	6	2019	12.49	25.0	0.0	2.4528508723922746
5	6	2019	10.5	25.28	0.0	2.548393155148625
6	6	2019	13.89	27.32	0.0	2.6251442778748766
7	6	2019	8.96	22.04	0.0	2.3138519446976984
8	6	2019	4.48	17.02	0.0	1.9929933381426883
9	6	2019	4.1	20.18	0.0	2.258319224495402
10	6	2019	3.21	23.84	0.0	2.5287054328036604
11	6	2019	6.78	21.53	0.91	2.3298249773435415
12	6	2019	6.12	24.55	0.32	2.579172995566482
13	6	2019	8.43	30.16	1.36	2.974368846584993
14	6	2019	11.47	23.32	1.91	2.3549116862589554
15	6	2019	9.9	19.2	5.22	1.89488617652251
16	6	2019	9.41	18.28	1.25	1.9644766806816083
17	6	2019	5.75	22.86	0.0	2.4685534745359634
18	6	2019	8.04	27.27	0.0	2.784450969963438
19	6	2019	10.33	23.42	26.38	2.2371465948999028
20	6	2019	8.44	14.78	6.98	0.7460378811747829
21	6	2019	6.26	17.42	21.67	1.3958150146739652
22	6	2019	11.51	15.72	10.73	0.4483842321135975
23	6	2019	10.41	22.34	0.94	1.8264257692022112
24	6	2019	9.32	20.95	0.0	1.7133402030536593
25	6	2019	9.26	21.85	0.0	1.8724281504819031
26	6	2019	8.09	24.2	0.0	2.280872595711991
27	6	2019	11.32	26.15	12.87	1.88156729415751
28	6	2019	14.0	23.69	3.44	1.1704159694610214
29	6	2019	13.53	25.64	0.0	1.944039816039459
30	6	2019	9.81	22.39	0.0	1.846185099704936
1	7	2019	9.01	28.32	2.84	2.1522075426013756
2	7	2019	6.45	20.23	0.0	1.833062925842082
3	7	2019	8.82	20.57	0.0	1.7051564453544912
4	7	2019	8.17	21.02	0.0	1.8283593371907965
5	7	2019	11.59	20.29	0.0	1.3113066469666703
6	7	2019	11.48	26.1	0.0	2.250738622693452
7	7	2019	13.85	27.91	0.0	2.2916003626598904
8	7	2019	14.2	24.2	0.0	1.6512044807662607
9	7	2019	11.62	23.47	0.0	1.8663569674731
10	7	2019	9.43	26.52	0.0	2.4171518013875963
11	7	2019	14.06	24.84	0.0	1.8074509082010288
12	7	2019	10.37	24.69	0.0	2.162987162041356
13	7	2019	12.15	29.72	11.77	2.1458441529102683
14	7	2019	14.38	28.06	15.47	1.7387509512525772
15	7	2019	13.04	25.14	0.0	1.8006207226954958
16	7	2019	11.2	20.33	13.01	1.0032039904898398
17	7	2019	12.54	23.06	2.23	1.1776518947174273
18	7	2019	11.21	25.92	1.28	2.0046728687317854
19	7	2019	10.31	17.6	3.65	0.8013075048617546
20	7	2019	10.4	23.24	0.0	1.6995607132821986
21	7	2019	11.03	25.02	0.0	1.8634335597208267
22	7	2019	10.65	27.67	0.0	2.1610121389543684
23	7	2019	14.04	29.65	0.0	2.13564853848057
24	7	2019	15.8	30.89	4.96	1.6991339656513331
25	7	2019	11.75	19.81	3.66	0.8795390454425336
26	7	2019	13.35	25.92	0.0	1.6712228175913353
27	7	2019	12.16	32.63	0.0	2.4906574261110226
28	7	2019	9.43	22.0	0.0	1.5243933775143668
29	7	2019	5.5	24.71	0.0	2.0298172989678873
30	7	2019	11.58	30.12	0.0	2.264258911434683
31	7	2019	12.57	26.77	0.0	1.82793587649192
1	8	2019	14.02	33.51	0.0	2.43855925608499
2	8	2019	15.98	34.44	0.0	2.3913282311549233
3	8	2019	16.03	29.06	0.0	1.7309743199950025
4	8	2019	10.47	26.33	0.0	1.8732555187332025
5	8	2019	10.67	29.14	0.0	2.1389059163756916
6	8	2019	10.85	22.6	0.0	1.3512799801225217
7	8	2019	5.5	22.04	0.0	1.6841133601616582
8	8	2019	6.53	25.56	0.0	1.95387122189067
9	8	2019	10.44	27.34	1.37	1.9232769677521016
10	8	2019	9.36	21.18	0.0	1.2596457311695817
11	8	2019	8.11	22.81	5.3	1.318543367734353
12	8	2019	10.4	16.02	13.56	0.5535631649896878
13	8	2019	7.39	21.47	0.0	1.4080419404200628
14	8	2019	10.34	24.78	0.0	1.541019837087742
15	8	2019	10.26	25.56	0.0	1.6173255905281256
16	8	2019	10.81	21.75	0.0	1.1830687930278871
17	8	2019	5.21	18.17	0.0	1.21449154968121
18	8	2019	3.82	22.52	0.0	1.6422545943189766
19	8	2019	4.67	22.62	0.0	1.6004378678538802
20	8	2019	3.9	23.92	0.0	1.7285259979447132
21	8	2019	6.06	26.87	0.0	1.8814110994509312
22	8	2019	12.69	27.16	0.0	1.518579499616458
23	8	2019	10.39	21.72	0.0	1.1629015725562082
24	8	2019	12.14	29.01	6.33	1.5264734380965634
25	8	2019	11.55	21.01	9.21	0.8846146157708643
26	8	2019	9.08	20.37	0.0	1.1153877882959204
27	8	2019	8.16	19.41	0.0	1.083772672512718
28	8	2019	6.73	23.44	0.85	1.5009530992160542
29	8	2019	5.82	20.04	0.0	1.269620500560308
30	8	2019	5.74	20.93	1.32	1.3379865929772226
31	8	2019	7.53	22.69	1.4	1.3888963363513454
1	9	2019	9.27	22.74	2.38	1.162894801529751
2	9	2019	10.43	22.7	0.0	1.213558184479398
3	9	2019	7.5	25.62	0.0	1.597860026811356
4	9	2019	10.29	24.07	2.5	1.1998676984776897
5	9	2019	7.92	23.16	0.0	1.3772342907408086
6	9	2019	5.48	22.66	0.0	1.4384505319919851
7	9	2019	7.23	22.76	0.0	1.366786574938753
8	9	2019	6.44	21.66	0.0	1.3133458516410137
9	9	2019	8.68	14.29	13.7	0.4764369002191424
10	9	2019	8.46	11.48	14.88	0.2601882132415531
11	9	2019	9.07	13.94	4.06	0.4183186493327795
12	9	2019	7.36	15.76	0.0	0.7616372813154251
13	9	2019	4.07	24.31	0.0	1.554937451401719
14	9	2019	9.45	24.03	0.0	1.3210960194669632
15	9	2019	9.79	27.34	0.0	1.5447601752481457
16	9	2019	9.5	31.74	0.0	1.844727026756008
17	9	2019	12.88	25.59	0.7	1.2217838475585656
18	9	2019	10.57	22.55	0.0	1.105834241785802
19	9	2019	8.15	21.96	0.0	1.192214968451068
20	9	2019	8.67	20.93	0.0	1.081491977495142
21	9	2019	5.33	18.6	0.0	1.0680313436456164
22	9	2019	5.23	24.68	0.0	1.4773672204465085
23	9	2019	8.57	20.73	0.0	1.0519735741048273
24	9	2019	4.96	17.23	0.0	0.9635358230513618
25	9	2019	3.51	15.7	0.0	0.9141636452947977
26	9	2019	2.98	11.0	6.83	0.5411576997144464
27	9	2019	1.91	8.34	3.4	0.4183520232660206
28	9	2019	0.81	5.67	0.0	0.3327936149329583
29	9	2019	0.01	3.63	12.99	0.2196716762360418
30	9	2019	0.14	2.13	4.58	0.1256146949488885
1	10	2019	0.05	4.37	0.0	0.2898184758709158
2	10	2019	-4.12	9.53	0.0	0.7770638259164383
3	10	2019	-0.96	11.77	0.0	0.812842265399882
4	10	2019	1.53	11.69	0.0	0.7090627645723846
5	10	2019	-0.58	14.16	0.0	0.9322735793182714
6	10	2019	4.14	15.84	0.0	0.8679819161934919
7	10	2019	2.98	20.33	0.0	1.1842560324373264
8	10	2019	-1.73	8.31	1.1	0.6140023572450409
9	10	2019	-5.96	1.91	0.0	0.4022348917864597
10	10	2019	-7.5	3.73	0.0	0.5341600384620983
11	10	2019	-8.54	6.46	0.0	0.6741165756958204
12	10	2019	-8.56	7.3	0.0	0.7061453816609441
13	10	2019	-8.71	10.17	0.0	0.8288062151032682
14	10	2019	-0.85	4.33	0.48	0.3093468215165737
15	10	2019	-2.74	6.21	0.0	0.5018752449521873
16	10	2019	-0.83	13.45	0.0	0.843057950136061
17	10	2019	1.69	18.92	0.0	1.0737003054645815
18	10	2019	-0.28	16.0	0.0	0.9559750933771402
19	10	2019	-0.9	14.13	0.0	0.8649527419813031
20	10	2019	-4.43	8.06	0.0	0.6341690698089519
21	10	2019	-6.62	10.31	0.0	0.7784009073324065
22	10	2019	-6.0	6.89	0.0	0.6082275074864003
23	10	2019	-5.17	4.47	1.26	0.4683457141971339
24	10	2019	-4.24	9.14	0.0	0.669072473819829
25	10	2019	-0.21	17.85	0.0	1.0151867188167956
26	10	2019	-5.25	2.67	0.0	0.3734305018777283
27	10	2019	-8.59	-2.3	0.66	0.2576584965852818
28	10	2019	-9.27	-3.75	0.98	0.2160765598997197
29	10	2019	-12.17	-4.66	0.0	0.2560179720130198
30	10	2019	-17.15	0.77	0.0	0.4935886007575172
31	10	2019	-2.36	4.38	0.0	0.3505282324687009
1	11	2019	-2.86	5.3	0.0	0.4072607320418004
2	11	2019	-4.16	4.58	0.16	0.4137757398010638
3	11	2019	-4.32	2.28	0.0	0.306856941334147
4	11	2019	-12.26	-4.28	0.0	0.2567815153085574
5	11	2019	-13.98	-3.6	0.86	0.3163485874711589
6	11	2019	-19.61	-7.59	0.0	0.2687852023854112
7	11	2019	-19.66	-3.39	0.0	0.3725428139573369
8	11	2019	-8.25	5.11	0.0	0.5351520781042857
9	11	2019	-12.1	0.04	2.18	0.3821689701924715
10	11	2019	-20.32	-11.16	0.0	0.186362131797469
11	11	2019	-23.12	-7.98	0.0	0.2737203491513206
12	11	2019	-15.34	-1.39	0.0	0.3910083399917418
13	11	2019	-13.0	1.53	0.0	0.4575677779558642
14	11	2019	-6.85	0.91	0.0	0.3153913421369956
15	11	2019	-4.25	4.28	0.0	0.3884920615886334
16	11	2019	-0.66	2.91	1.99	0.1845039201802434
17	11	2019	-2.25	6.99	1.54	0.4470146202709079
18	11	2019	-0.34	7.93	0.0	0.4282369021798846
19	11	2019	-3.84	0.96	0.0	0.2143541105150685
20	11	2019	-5.14	-0.43	0.0	0.1994133752119688
21	11	2019	-6.28	3.77	0.0	0.4115029437888859
22	11	2019	-5.07	6.43	0.0	0.4941014480086773
23	11	2019	-0.57	10.74	0.0	0.5735151969584324
24	11	2019	-1.86	4.92	0.74	0.3283103138620185
25	11	2019	-5.18	0.0	0.0	0.2172711703216714
26	11	2019	-9.96	-1.77	0.0	0.277893796277865
27	11	2019	-8.09	-4.54	0.0	0.1276013493050783
28	11	2019	-7.9	-5.11	6.34	0.0981844038546003
29	11	2019	-11.22	-4.91	0.0	0.2018058349760984
30	11	2019	-10.18	-6.99	0.0	0.1049099694030697
1	12	2019	-13.29	-5.49	0.0	0.225066124333214
2	12	2019	-13.2	-1.42	0.0	0.3468771215259099
3	12	2019	-7.83	4.06	0.0	0.4509236201840169
4	12	2019	-8.98	-0.11	0.0	0.3160304181071384
5	12	2019	-12.82	-3.18	0.0	0.2843468357471277
6	12	2019	-11.97	-4.17	0.0	0.2380460955110722
7	12	2019	-11.66	-4.38	0.0	0.2252694246043348
8	12	2019	-20.62	-11.22	0.0	0.1771589140445459
9	12	2019	-24.55	-9.31	0.0	0.2355977178792433
10	12	2019	-27.56	-13.55	0.0	0.1743188031282015
11	12	2019	-25.2	-15.93	0.0	0.1284105308438155
12	12	2019	-18.94	-11.43	0.25	0.153564789834625
13	12	2019	-23.38	-13.46	0.0	0.156608523820195
14	12	2019	-25.3	-11.16	0.31	0.2046033505856102
15	12	2019	-18.62	-7.89	0.0	0.2289924188131437
16	12	2019	-15.07	-4.89	0.0	0.2643491274174026
17	12	2019	-13.68	-3.23	0.0	0.2925708024132047
18	12	2019	-9.45	0.95	0.0	0.3594384028388778
19	12	2019	-10.45	-2.96	0.0	0.2434140936956245
20	12	2019	-10.7	4.72	0.0	0.5085418002103085
21	12	2019	-10.55	1.79	0.0	0.4058459291378872
22	12	2019	-7.68	0.68	0.0	0.310375221276131
23	12	2019	-6.26	-2.85	0.0	0.1320667167761041
24	12	2019	-6.26	-4.53	2.7	0.0642944446877508
25	12	2019	-8.47	-1.86	0.0	0.235686577697269
26	12	2019	-14.97	-6.07	0.0	0.2305142444870695
27	12	2019	-14.29	-5.2	0.0	0.2444499420965413
28	12	2019	-15.51	-6.04	0.0	0.2383075880698784
29	12	2019	-18.63	-5.21	0.0	0.2912700036243099
30	12	2019	-15.66	-4.96	0.0	0.2690660432096947
31	12	2019	-12.31	0.72	0.0	0.3958756446801392
1	1	2020	-7.21	-0.61	0.0	0.251026193807581
2	1	2020	-7.71	-2.72	0.0	0.1836252228697733
3	1	2020	-11.82	-3.44	0.0	0.2577731215251305
4	1	2020	-8.2	5.63	0.0	0.514974950580009
5	1	2020	-10.31	-1.38	0.0	0.2982383601898109
6	1	2020	-14.29	-1.48	0.0	0.3565538756279015
7	1	2020	-23.31	-14.21	0.0	0.1445284121590747
8	1	2020	-17.58	-5.79	0.0	0.2739360205806486
9	1	2020	-24.15	-15.57	0.0	0.1285171427274382
10	1	2020	-29.56	-14.92	0.0	0.1623930463091499
11	1	2020	-17.51	-9.11	2.41	0.1837489284134829
12	1	2020	-25.47	-13.4	0.9	0.1734572180373916
13	1	2020	-29.94	-23.84	0.72	0.0587584992477704
14	1	2020	-34.46	-26.91	0.0	0.0526582584012402
15	1	2020	-35.94	-28.23	0.0	0.0479480977672912
16	1	2020	-36.08	-19.12	0.0	0.1214580094338524
17	1	2020	-22.82	-18.57	1.95	0.0671347615564816
18	1	2020	-27.98	-23.22	0.0	0.0528414073748963
19	1	2020	-29.12	-16.19	0.0	0.1491833851273857
20	1	2020	-20.37	0.96	0.0	0.4674937308867633
21	1	2020	-9.46	2.23	0.0	0.4313926631039255
22	1	2020	-12.35	-2.47	0.0	0.3159347059250113
23	1	2020	-11.74	-3.12	0.0	0.2843989036234784
24	1	2020	-8.2	1.19	0.0	0.3706101127544347
25	1	2020	-5.52	2.32	0.0	0.348855620003941
26	1	2020	-7.14	-2.38	0.0	0.1958383002089526
27	1	2020	-6.59	-0.15	0.63	0.2751725275753886
28	1	2020	-4.89	-0.75	0.0	0.1900279663315089
29	1	2020	-10.05	-2.24	1.82	0.2883086099095379
30	1	2020	-10.23	-0.44	0.0	0.3617232277231162
31	1	2020	-10.27	3.29	0.0	0.5040411382483586
1	2	2020	-5.93	6.93	0.0	0.5798040964668242
2	2	2020	-9.67	0.55	0.0	0.392696656766469
3	2	2020	-17.4	-8.25	0.0	0.2338800961040448
4	2	2020	-18.22	-3.15	0.0	0.3807729466391387
5	2	2020	-12.82	-4.22	0.0	0.2858422555182757
6	2	2020	-12.93	-8.48	0.52	0.1436488946094652
7	2	2020	-11.44	-2.2	0.0	0.3359756586337896
8	2	2020	-12.59	-2.29	0.0	0.3652301029629938
9	2	2020	-13.41	-1.8	0.58	0.4151574311760048
10	2	2020	-9.82	-3.59	0.0	0.2480096611583707
11	2	2020	-13.96	-1.65	0.01	0.449973059951018
12	2	2020	-29.25	-14.52	0.0	0.1924319866281294
13	2	2020	-28.84	-5.65	0.0	0.3444702179006849
14	2	2020	-11.99	-1.35	0.0	0.4431108558137646
15	2	2020	-18.17	-10.56	0.0	0.1969886269662533
16	2	2020	-15.48	-3.77	0.0	0.4026568285128595
17	2	2020	-21.0	-8.85	0.0	0.2755485559567179
18	2	2020	-29.68	-17.9	0.0	0.1492470050989674
19	2	2020	-29.4	-9.24	0.0	0.2974736656766406
20	2	2020	-16.56	2.47	0.0	0.7203749467472698
21	2	2020	-10.7	3.07	0.0	0.7673867139333476
22	2	2020	-8.2	3.73	0.0	0.7858705320245933
23	2	2020	-10.87	1.86	0.0	0.7160859074135739
24	2	2020	-10.95	-2.13	0.0	0.4638608576598196
25	2	2020	-16.95	-2.42	0.0	0.5520419990499799
26	2	2020	-12.93	1.64	0.0	0.7373171191963976
27	2	2020	-7.73	4.65	0.0	0.874379430454648
28	2	2020	-6.91	6.8	0.0	1.020355206311952
29	2	2020	-5.5	7.54	0.49	1.064976691789199
1	3	2020	-10.54	-0.11	0.41	0.6176552544363163
2	3	2020	-5.96	3.73	0.0	0.7767889003037054
3	3	2020	-5.93	3.82	0.0	0.7954810982951445
4	3	2020	-2.38	3.69	0.0	0.5502909388747131
5	3	2020	-5.77	5.19	0.0	0.9432129752407152
6	3	2020	-1.03	12.47	0.0	1.462693743046572
7	3	2020	-9.66	0.26	0.59	0.6675463459651183
8	3	2020	-15.22	-7.81	0.73	0.2868340249346796
9	3	2020	-16.49	1.28	0.0	0.7813197176690289
10	3	2020	-11.19	6.09	0.0	1.0646760063586254
11	3	2020	-3.46	5.41	0.0	0.8831345561919035
12	3	2020	-9.4	-0.32	0.0	0.6281763692757495
13	3	2020	-16.02	-9.6	0.0	0.220102371186727
14	3	2020	-16.05	-7.4	1.55	0.3750550277392768
15	3	2020	-14.56	-6.04	0.5	0.4126112753778673
16	3	2020	-17.36	-1.91	0.0	0.6757755298382527
17	3	2020	-13.2	-0.98	0.0	0.7143459014684648
18	3	2020	-16.41	-4.95	0.0	0.5317587930879993
19	3	2020	-16.67	-4.54	0.0	0.5634232887180268
20	3	2020	-16.93	0.13	0.0	0.7989367790021504
21	3	2020	-10.59	3.62	0.0	1.02671627039461
22	3	2020	-9.99	7.16	0.0	1.244654294603802
23	3	2020	-7.13	9.05	0.0	1.3748995479742805
24	3	2020	-8.37	-1.01	1.43	0.7389245044579152
25	3	2020	-14.5	0.1	0.0	0.9074426637954242
26	3	2020	-12.93	6.56	0.0	1.1886545328319986
27	3	2020	-3.92	7.9	0.0	1.3549544690978217
28	3	2020	-2.99	9.29	0.0	1.4416822224426575
29	3	2020	-5.08	15.14	0.0	1.736564164272
30	3	2020	-3.09	5.17	0.0	1.1903572018672346
31	3	2020	-9.88	-0.78	0.0	0.872922191209007
1	4	2020	-14.36	-10.62	0.61	0.1762140540476947
2	4	2020	-17.31	-7.92	0.0	0.5309431226546051
3	4	2020	-18.03	-1.65	0.0	0.830134655986439
4	4	2020	-11.39	-4.35	2.12	0.4887796313405649
5	4	2020	-10.67	-1.24	0.0	0.8969381633049973
6	4	2020	-6.96	2.26	2.4	0.9406319351005024
7	4	2020	-9.73	4.76	0.0	1.2152421724020457
8	4	2020	-6.44	1.72	0.0	1.0501480430992824
9	4	2020	-12.76	6.75	0.0	1.2728422021178245
10	4	2020	-1.94	8.56	0.0	1.4590765519794415
11	4	2020	-7.77	-0.87	0.0	0.854441890869412
12	4	2020	-10.1	-3.62	0.0	0.6808647370837665
13	4	2020	-12.41	-3.57	0.0	0.7953046807919218
14	4	2020	-14.78	4.39	0.0	1.1548630822398742
15	4	2020	-9.72	2.79	0.0	1.1469910502721228
16	4	2020	-6.22	6.01	0.0	1.3400861974080729
17	4	2020	-2.56	14.02	0.0	1.8433942509294832
18	4	2020	-3.51	4.94	0.0	1.2500410738712031
19	4	2020	-5.68	14.8	0.0	1.8508700667308025
20	4	2020	-2.24	11.81	0.0	1.7237075937432176
21	4	2020	-1.56	22.16	0.0	2.3358510950720595
22	4	2020	1.61	16.46	0.0	2.0429886617099093
23	4	2020	0.42	18.23	0.0	2.152142362581713
24	4	2020	-1.16	13.87	2.59	1.706415127077049
25	4	2020	-2.27	19.39	0.0	2.191334019638695
26	4	2020	3.42	15.61	0.0	1.970300538544288
27	4	2020	-0.94	20.35	0.0	2.275600197165894
28	4	2020	2.52	18.37	0.0	2.1890991157220303
29	4	2020	0.91	22.92	0.0	2.459882937664199
30	4	2020	8.07	28.16	0.0	2.84636855033204
1	5	2020	5.03	18.52	0.0	2.158731105408928
2	5	2020	-0.92	18.86	0.0	2.1868417164022276
3	5	2020	-0.61	18.44	3.68	1.9729694659972703
4	5	2020	2.89	14.94	0.0	1.838628868657766
5	5	2020	-0.76	17.93	0.0	2.0580542194510674
6	5	2020	1.15	21.67	0.0	2.304772185294139
7	5	2020	0.92	18.17	0.0	2.0821169118149063
8	5	2020	0.83	20.32	0.57	2.219899148347602
9	5	2020	-1.09	7.58	0.0	1.342759564739212
10	5	2020	-3.3	10.15	0.0	1.5548524700456845
11	5	2020	-6.45	10.93	0.0	1.594466978904065
12	5	2020	-3.91	13.79	0.0	1.784053023167984
13	5	2020	1.25	11.35	0.0	1.5787105300111968
14	5	2020	-1.57	19.28	0.0	2.1511245274833244
15	5	2020	-2.11	15.01	0.0	1.8760943111441144
16	5	2020	0.99	25.55	0.0	2.5629819781365524
17	5	2020	9.02	27.08	0.0	2.689774160289289
18	5	2020	8.47	26.03	0.0	2.6152071921731816
19	5	2020	10.27	26.71	0.0	2.6471479535472504
20	5	2020	10.4	18.94	9.9	1.83956623188699
21	5	2020	9.99	21.09	0.0	2.1890766870679
22	5	2020	5.38	21.02	0.0	2.2977409078966726
23	5	2020	3.81	16.03	0.0	1.9270551717530584
24	5	2020	4.56	19.8	0.0	2.2222904468085773
25	5	2020	5.4	25.94	0.0	2.670828397942141
26	5	2020	10.57	21.99	0.0	2.270695279016756
27	5	2020	7.06	19.03	0.0	2.1241784607806125
28	5	2020	4.2	18.66	0.0	2.1569836423943793
29	5	2020	5.16	19.59	0.0	2.2256245348906374
30	5	2020	7.8	26.15	0.0	2.7094554747383253
31	5	2020	11.71	31.75	0.0	3.0806940703218433
1	6	2020	12.11	25.64	0.0	2.5884003041420236
2	6	2020	7.85	24.75	0.0	2.612421629782712
3	6	2020	9.95	21.17	0.0	2.252179134349418
4	6	2020	6.35	19.82	0.0	2.2428724775754194
5	6	2020	3.37	21.7	0.0	2.424007885251795
6	6	2020	10.37	19.21	23.27	1.919406987784254
7	6	2020	9.58	17.56	22.35	1.2508999150223648
8	6	2020	7.41	15.72	0.0	1.271889776943604
9	6	2020	5.51	20.73	4.92	1.8082954775736564
10	6	2020	7.02	22.69	0.0	2.322655469020978
11	6	2020	6.68	23.42	0.0	2.4218749209282353
12	6	2020	8.65	28.73	0.0	2.883907041844062
13	6	2020	15.03	30.7	0.0	2.8668092922481203
14	6	2020	12.53	23.78	0.0	2.0698531812666334
15	6	2020	6.96	22.68	0.0	2.370920806876513
16	6	2020	9.24	22.87	24.41	1.8440022060917065
17	6	2020	9.79	16.85	4.15	0.7487066357473224
18	6	2020	6.75	15.66	0.84	1.1973187541473067
19	6	2020	5.6	18.97	0.0	1.7946375789690905
20	6	2020	6.53	18.25	0.0	1.6201600876402371
21	6	2020	4.3	19.06	0.0	1.8853028570935768
22	6	2020	6.0	24.04	0.0	2.3388364753130166
23	6	2020	10.54	28.49	0.0	2.6309689436375767
24	6	2020	13.82	27.29	1.06	2.2726992203604204
25	6	2020	14.6	25.89	0.0	1.9452939329187269
26	6	2020	11.84	30.99	0.0	2.8190161564050356
27	6	2020	13.8	21.5	0.0	1.2005068103764338
28	6	2020	13.2	20.74	0.0	1.1638068931790708
29	6	2020	14.52	19.46	2.47	0.5907971022283761
30	6	2020	13.88	20.85	7.74	0.8282177043977277
1	7	2020	13.47	24.27	0.88	1.8199654390318536
2	7	2020	10.83	24.49	1.48	2.129135800950479
3	7	2020	10.19	27.02	0.0	2.444042733537893
4	7	2020	12.35	28.92	0.0	2.545234044748013
5	7	2020	12.7	23.87	0.0	1.8400803581736629
6	7	2020	10.22	25.55	0.0	2.294278592329445
7	7	2020	12.05	28.93	16.14	2.077468072458102
8	7	2020	13.53	19.87	2.86	0.7380390517877068
9	7	2020	11.92	22.14	0.33	1.5080092440937864
10	7	2020	10.0	22.94	3.21	1.4605584615016405
11	7	2020	10.21	24.4	0.0	2.00359551010884
12	7	2020	12.95	25.92	0.0	1.978314468503868
13	7	2020	9.85	20.06	2.53	1.1022618171762073
14	7	2020	10.6	22.38	4.22	1.3235292632240916
15	7	2020	9.88	23.3	1.14	1.863768666014954
16	7	2020	10.21	25.88	0.0	2.1333293361489374
17	7	2020	13.99	24.9	0.0	1.6354893361423584
18	7	2020	11.96	22.16	1.99	1.4391650487680547
19	7	2020	10.36	23.28	1.98	1.7689149196534406
20	7	2020	11.03	23.82	4.19	1.391073480889053
21	7	2020	9.54	25.93	0.0	2.0951598238620734
22	7	2020	14.16	30.76	0.0	2.322697055624836
23	7	2020	17.86	28.82	0.0	1.685209655451109
24	7	2020	14.5	27.95	0.0	1.9679558931983696
25	7	2020	11.7	21.91	0.0	1.3819438901568544
26	7	2020	10.13	25.28	0.0	1.9843817347083057
27	7	2020	9.3	27.57	0.0	2.2350280768911066
28	7	2020	10.74	31.13	0.0	2.471185317677912
29	7	2020	14.44	34.73	0.0	2.6061088958798893
30	7	2020	15.64	32.44	0.0	2.283788603347059
31	7	2020	13.15	27.08	0.0	1.8310823968094092
1	8	2020	8.93	28.29	0.0	2.2191093631473753
2	8	2020	10.78	28.45	0.0	2.151406337527286
3	8	2020	13.62	30.26	0.0	2.152560628608736
4	8	2020	11.84	27.25	0.0	1.9236827731601327
5	8	2020	9.54	29.61	0.0	2.277792344496691
6	8	2020	11.81	33.63	0.0	2.5206092839821723
7	8	2020	13.9	24.12	3.38	1.066569864094319
8	8	2020	10.75	25.88	0.97	1.766821143701496
9	8	2020	8.91	22.88	0.0	1.540011412276956
10	8	2020	7.78	24.76	0.0	1.8134811009041223
11	8	2020	8.72	24.87	0.0	1.7553082948671574
12	8	2020	11.54	29.06	0.0	1.9975656277350111
13	8	2020	9.93	25.3	0.0	1.6831589663446205
14	8	2020	7.87	25.11	3.24	1.4751014064113523
15	8	2020	8.92	25.55	0.0	1.7422240708223131
16	8	2020	9.23	29.99	0.0	2.129877501986025
17	8	2020	11.49	34.55	0.0	2.399226956425178
18	8	2020	12.71	36.19	0.0	2.461705808205137
19	8	2020	14.55	34.65	0.0	2.2545910849634816
20	8	2020	12.73	34.47	0.0	2.320387029709482
21	8	2020	14.14	28.32	0.0	1.5521055173116414
22	8	2020	9.91	32.45	0.0	2.237893188301584
23	8	2020	6.73	29.04	0.0	2.0530853853395725
24	8	2020	9.46	30.45	0.0	2.0435585861570704
25	8	2020	13.17	27.45	0.0	1.4539106316884711
26	8	2020	10.96	25.32	0.0	1.3930088905341391
27	8	2020	7.79	24.21	3.94	1.3225889737250942
28	8	2020	6.68	23.92	0.0	1.5251857192134644
29	8	2020	8.43	31.96	0.0	2.134258257067667
30	8	2020	6.66	18.66	0.0	1.0448289278077385
31	8	2020	2.38	19.46	0.0	1.306894820869862
1	9	2020	8.29	23.12	0.0	1.3205076145374035
2	9	2020	7.77	17.25	4.62	0.7640708688204061
3	9	2020	5.37	21.9	0.0	1.356184149558363
4	9	2020	5.57	24.66	0.0	1.5632088849774486
5	9	2020	8.2	31.37	0.0	2.072922931901715
6	9	2020	8.2	17.59	0.0	0.8285737398561555
7	9	2020	0.07	10.81	0.0	0.7483012099921136
8	9	2020	-5.25	15.95	0.0	1.300648394463815
9	9	2020	3.95	21.49	0.0	1.468105258731224
10	9	2020	5.26	26.84	0.0	1.8542338778870124
11	9	2020	7.57	30.22	0.0	2.0314634466853954
12	9	2020	7.21	17.04	1.59	0.819178738324932
13	9	2020	-0.02	16.98	0.0	1.1861071098157816
14	9	2020	5.48	15.96	0.0	0.8282703107688135
15	9	2020	3.19	15.23	0.0	0.946958768131698
16	9	2020	-0.47	14.06	0.0	1.0642034595084582
17	9	2020	1.75	19.34	0.0	1.434632072510222
18	9	2020	-0.55	25.1	0.0	1.86662928212112
19	9	2020	6.6	26.88	0.0	1.87175044187522
20	9	2020	12.27	19.17	6.96	0.580139448005204
21	9	2020	7.79	23.52	0.0	1.4443186658576996
22	9	2020	6.92	21.28	0.94	1.265232927739701
23	9	2020	9.58	22.28	0.0	1.171526385927436
24	9	2020	8.94	24.11	0.0	1.4016800811700052
25	9	2020	6.18	22.17	0.0	1.357453206832446
26	9	2020	7.4	15.19	0.97	0.6251789026384547
27	9	2020	4.33	15.22	0.0	0.8012435547725332
28	9	2020	0.93	22.86	0.0	1.5570831977406427
29	9	2020	7.12	17.61	0.0	0.8359261353241602
30	9	2020	0.9	12.77	0.0	0.7876226315865366
1	10	2020	-4.52	12.52	0.0	0.9812712887071976
2	10	2020	0.94	17.92	0.0	1.2044649869274389
3	10	2020	-1.25	16.54	0.0	1.1520838730954597
4	10	2020	4.81	23.88	0.56	1.508138692078491
5	10	2020	7.81	19.73	0.0	0.9570962490969716
6	10	2020	6.61	17.52	0.0	0.9303958778164148
7	10	2020	0.7	15.44	0.0	1.089698471586624
8	10	2020	7.72	23.45	1.94	1.4852233884507935
9	10	2020	1.84	10.72	0.0	0.5704459084254474
10	10	2020	2.55	26.66	0.0	1.826079611921061
11	10	2020	4.68	15.8	0.0	0.8854691512298382
12	10	2020	-3.21	12.2	0.0	0.953402187426826
13	10	2020	0.4	11.0	0.0	0.7283755622179799
14	10	2020	-4.85	7.01	0.0	0.6498431689360082
15	10	2020	-4.66	6.27	0.0	0.5758509995342779
16	10	2020	-8.44	3.95	0.0	0.5475763360020589
17	10	2020	-12.89	0.18	0.0	0.4527593492660755
18	10	2020	-5.75	-3.06	0.0	0.1228236520069732
19	10	2020	-7.09	-0.67	0.0	0.2787374123707705
20	10	2020	-6.51	-1.37	0.23	0.2325469038517995
21	10	2020	-10.56	0.43	0.0	0.4730107667770343
22	10	2020	-14.12	-2.12	0.0	0.4127856945782578
23	10	2020	-13.57	-3.45	0.0	0.3316389356573316
24	10	2020	-8.5	-5.19	0.0	0.1334266469529617
25	10	2020	-11.66	-2.31	0.0	0.3351331761824584
26	10	2020	-14.94	3.5	0.0	0.6512380949790514
27	10	2020	-3.38	12.79	0.0	0.9890610859626248
28	10	2020	-4.43	5.58	0.0	0.5100465215287173
29	10	2020	-6.25	8.22	0.0	0.7399943898276309
30	10	2020	-0.43	13.92	0.0	0.9597150216686722
31	10	2020	-6.32	2.73	0.0	0.3925113665113596
1	11	2020	-7.32	13.69	0.0	1.016778248787798
2	11	2020	0.02	19.29	0.0	1.261613477743287
3	11	2020	1.92	17.44	0.0	1.0913663093655963
4	11	2020	0.63	15.38	0.0	0.9663434926402098
5	11	2020	2.08	19.08	0.0	1.1655095538147642
6	11	2020	-1.82	7.1	0.0	0.4501929887913979
7	11	2020	-2.07	1.54	0.77	0.1771443280190683
8	11	2020	-9.41	-2.89	18.22	0.2260435944123851
9	11	2020	-18.54	-8.89	0.0	0.2213118952527408
10	11	2020	-17.52	-5.92	0.0	0.2859108425504817
11	11	2020	-16.3	-6.04	1.29	0.2675049735962744
12	11	2020	-22.04	-8.69	0.0	0.2526594684356979
13	11	2020	-12.01	0.47	0.0	0.4096818864812063
14	11	2020	-9.35	-0.55	0.53	0.3220326220098785
15	11	2020	-13.46	-5.63	0.0	0.2300959954148667
16	11	2020	-10.2	-5.45	0.0	0.1613174035345038
17	11	2020	-7.53	0.7	0.0	0.3232300718642529
18	11	2020	-4.29	5.25	0.0	0.4306146821606708
19	11	2020	-12.48	-4.76	3.92	0.2244593214378945
20	11	2020	-20.25	-9.87	0.0	0.2070549706245884
21	11	2020	-18.13	-4.18	0.0	0.3243883149774897
22	11	2020	-16.14	-6.48	0.0	0.2418787583229427
23	11	2020	-10.9	-4.61	0.0	0.2018628681339548
24	11	2020	-9.83	-1.84	0.0	0.2732142890545447
25	11	2020	-7.52	2.69	0.0	0.393681817762018
26	11	2020	-11.99	-0.95	0.0	0.345293705819821
27	11	2020	-11.03	0.87	0.0	0.3901139534220417
28	11	2020	-9.89	0.0	0.0	0.338618626114461
29	11	2020	-15.33	-2.31	0.0	0.3437696863031182
30	11	2020	-8.56	2.4	0.0	0.3995318804128808
1	12	2020	-7.58	2.06	0.0	0.3657128669855962
2	12	2020	-11.09	-1.5	0.0	0.3084146140289437
3	12	2020	-7.24	2.92	0.0	0.3914328410896324
4	12	2020	-6.38	2.09	0.0	0.3376454151891462
5	12	2020	-6.93	2.37	0.0	0.3630898637169404
6	12	2020	-9.55	1.78	0.0	0.393705850136201
7	12	2020	-8.04	3.06	0.0	0.4115417885505658
8	12	2020	-4.41	3.46	0.0	0.3379169044934946
9	12	2020	-5.4	1.98	0.0	0.3032054723792545
10	12	2020	-12.39	-3.43	0.0	0.2658846282122518
11	12	2020	-13.89	-4.69	0.0	0.252270998305625
12	12	2020	-11.0	-3.17	0.0	0.2477302681714608
13	12	2020	-26.52	-13.21	0.0	0.1755694983670444
14	12	2020	-27.97	-13.08	0.21	0.1810064965518885
15	12	2020	-18.55	-9.5	0.0	0.1895971224102976
16	12	2020	-15.72	-4.15	0.0	0.2904840417180588
17	12	2020	-14.21	2.79	0.0	0.4771243512188244
18	12	2020	-22.11	-3.42	0.0	0.3449395960075374
19	12	2020	-11.53	4.04	0.0	0.4932547520301505
20	12	2020	-5.72	2.86	0.0	0.3437725671565049
21	12	2020	-8.82	-1.6	5.5	0.2414269423916623
22	12	2020	-13.58	-3.49	7.23	0.2711146826140767
23	12	2020	-17.09	-8.39	0.0	0.1968190161155459
24	12	2020	-15.41	0.34	0.0	0.4125490046025933
25	12	2020	-12.62	-2.48	0.0	0.2959789862449138
26	12	2020	-12.69	-4.54	1.18	0.2339538436161937
27	12	2020	-15.01	-6.51	0.0	0.216027629914997
28	12	2020	-17.35	-7.87	0.0	0.2132725456156029
29	12	2020	-16.65	-7.84	0.0	0.2056271134943247
30	12	2020	-20.6	-8.78	0.0	0.2248998582830999
1	1	2021	-16.82	-2.63	0.0	0.3443066709785372
2	1	2021	-9.04	4.08	0.0	0.4675364776102483
3	1	2021	-2.49	3.9	0.0	0.2967282490621238
4	1	2021	-10.74	-0.49	0.0	0.3347491900573633
5	1	2021	-9.98	0.29	0.0	0.3490272847503567
6	1	2021	-11.47	2.99	0.0	0.4649796050935225
7	1	2021	-9.22	0.81	0.0	0.3540330256648139
8	1	2021	-13.33	-2.83	0.0	0.3040948036903534
9	1	2021	-14.69	-5.22	0.0	0.2536234466035989
10	1	2021	-14.09	-4.79	0.0	0.2577231160109238
11	1	2021	-12.3	-0.58	0.0	0.3617876922217567
12	1	2021	-7.87	0.8	0.0	0.3281070828751862
13	1	2021	-5.06	6.22	5.26	0.4667955337720832
14	1	2021	-6.79	-0.81	0.0	0.2368429829696943
15	1	2021	-14.39	-5.07	0.0	0.2582548706303473
16	1	2021	-10.14	-0.95	0.0	0.3179964462568425
17	1	2021	-10.49	-1.18	1.34	0.3176446131801302
18	1	2021	-10.46	0.1	0.09	0.3639670519998898
19	1	2021	-14.25	2.19	0.0	0.4807569953649392
20	1	2021	-5.86	2.44	0.0	0.3537177789577435
21	1	2021	-11.72	-5.36	0.05	0.2036766975624427
22	1	2021	-9.24	-4.37	0.54	0.1757522355506917
23	1	2021	-27.38	-8.66	0.0	0.2625401970533316
24	1	2021	-31.83	-22.36	0.0	0.0866360734591822
25	1	2021	-28.88	-21.75	0.0	0.0788220392852312
26	1	2021	-27.98	-19.18	0.0	0.107114606634877
27	1	2021	-22.86	-14.11	0.0	0.1523809069132239
28	1	2021	-19.02	-10.7	0.0	0.1848162868487582
29	1	2021	-14.82	-9.47	0.0	0.1487772853084027
30	1	2021	-15.71	-11.12	0.0	0.1206372260053391
31	1	2021	-18.81	-8.81	0.0	0.232413432096254
1	2	2021	-14.26	-0.62	0.0	0.4172709304003149
2	2	2021	-8.57	2.24	0.0	0.4361555976263682
3	2	2021	-19.66	-10.79	0.0	0.1970279171819233
4	2	2021	-22.71	-15.86	0.0	0.123230155233617
5	2	2021	-27.69	-17.88	0.0	0.1307143018456565
6	2	2021	-35.07	-25.66	0.0	0.0716274312006793
7	2	2021	-36.46	-28.36	0.0	0.0542829214489379
8	2	2021	-36.64	-26.86	0.0	0.0666876632400756
9	2	2021	-29.12	-25.51	0.0	0.0405033535122062
10	2	2021	-33.69	-26.73	0.0	0.0587768789624927
11	2	2021	-37.39	-28.18	0.0	0.0599291934397324
12	2	2021	-33.19	-22.87	0.0	0.0963921652264105
13	2	2021	-37.05	-24.6	0.0	0.0879340243617909
14	2	2021	-34.8	-22.75	0.0	0.1021687294651702
15	2	2021	-30.35	-18.42	0.0	0.1425199372981558
16	2	2021	-25.54	-15.17	0.0	0.1730977798744396
17	2	2021	-22.67	-15.74	0.0	0.1372979525406881
18	2	2021	-24.89	-12.69	0.0	0.2190527708688515
19	2	2021	-22.34	-2.31	0.0	0.4907037039256278
20	2	2021	-10.83	-2.87	0.0	0.3751588374815923
21	2	2021	-12.38	2.75	0.0	0.7291416138362872
22	2	2021	-3.21	3.96	0.0	0.583746544503
23	2	2021	-6.52	-0.21	0.0	0.3921367142584691
24	2	2021	-10.17	-1.55	0.0	0.4788053356714941
25	2	2021	-11.17	1.05	0.0	0.6761527105240824
26	2	2021	-16.34	-1.38	0.72	0.5892576359863215
27	2	2021	-24.65	-12.47	0.0	0.2371032696167146
28	2	2021	-21.45	-11.02	0.0	0.2579803171405415
1	3	2021	-17.19	4.34	0.0	0.8268656302687916
2	3	2021	-6.28	3.66	0.0	0.7801771994570726
3	3	2021	-10.69	2.63	0.0	0.8208827828211743
4	3	2021	-9.19	2.49	0.0	0.8048973069417998
5	3	2021	-6.08	4.75	0.0	0.9299524873245248
6	3	2021	-0.75	6.47	0.0	0.8567452164855719
7	3	2021	-4.04	5.65	0.0	0.9804380329232112
8	3	2021	-4.06	4.12	0.0	0.8348465100854188
9	3	2021	-4.71	-0.47	0.0	0.3277279470626604
10	3	2021	-8.61	2.28	0.0	0.878987146435351
11	3	2021	-17.34	-2.4	0.0	0.6567447048181976
12	3	2021	-9.82	6.36	0.0	1.1481082404443332
13	3	2021	-6.57	6.66	0.0	1.187400994899831
14	3	2021	-2.18	9.48	0.0	1.369818960432878
15	3	2021	-1.39	7.95	0.0	1.2100633827488607
16	3	2021	-8.26	1.01	0.0	0.8076833560426113
17	3	2021	-7.75	9.44	0.0	1.3386212135843596
18	3	2021	-3.17	15.08	0.0	1.6709663634580056
19	3	2021	0.19	19.41	0.0	1.9338931404870237
20	3	2021	-0.95	12.65	0.0	1.5715528523975184
21	3	2021	-5.05	3.96	0.0	1.0198211063417355
22	3	2021	-5.89	9.89	0.0	1.4054612021303892
23	3	2021	-7.35	1.17	0.83	0.8797855289776935
24	3	2021	-6.11	9.68	0.0	1.403968397483723
25	3	2021	-3.58	4.2	0.0	1.0280345810988816
26	3	2021	-9.86	2.85	0.0	1.051709134620633
27	3	2021	-8.76	6.75	0.0	1.2467392393622083
28	3	2021	-0.97	18.22	0.0	1.923249164405083
29	3	2021	-8.96	5.98	5.22	1.1311772540368357
30	3	2021	-13.98	-5.41	0.0	0.5711282253624523
31	3	2021	-15.76	8.01	0.0	1.192292109651991
1	4	2021	-2.49	15.26	0.0	1.774169569149955
2	4	2021	-0.04	13.34	0.0	1.6806760011167754
3	4	2021	-1.3	14.71	0.0	1.7135628250692272
4	4	2021	-1.11	18.81	0.0	1.9384233338579129
5	4	2021	-2.65	13.06	0.0	1.616520541096116
6	4	2021	-3.1	16.93	0.0	1.8200470596180929
7	4	2021	-0.56	21.53	0.0	2.0983652589966235
8	4	2021	1.87	15.24	1.47	1.748591214885484
9	4	2021	-6.19	12.52	0.0	1.557702217707302
10	4	2021	-0.73	13.59	0.0	1.658328377811423
11	4	2021	-1.97	4.94	2.86	0.7728889667183184
12	4	2021	-3.16	2.94	1.28	0.8048437855700228
13	4	2021	-2.94	3.3	0.0	0.8544645896952264
14	4	2021	-2.76	7.65	0.0	1.3211156768506291
15	4	2021	-2.45	13.41	0.0	1.6777608933303128
16	4	2021	-4.67	14.77	0.0	1.7371946470415032
17	4	2021	-1.03	20.84	0.0	2.1215029965908383
18	4	2021	-3.33	7.26	0.0	1.3131766083550036
19	4	2021	-6.69	5.08	0.8	1.2387737060352388
20	4	2021	-9.2	9.45	0.0	1.4672214340441752
21	4	2021	-3.95	17.69	0.0	1.928350693599261
22	4	2021	-4.86	7.93	0.0	1.367309135656815
23	4	2021	-12.39	5.05	0.0	1.172351890844766
24	4	2021	-10.12	7.8	0.0	1.33233981218775
25	4	2021	-5.57	11.62	0.0	1.5856068060876525
26	4	2021	-4.06	15.08	0.0	1.800129868887338
27	4	2021	-3.98	15.92	0.0	1.8532275836018783
28	4	2021	-1.68	16.04	0.0	1.8855943565816051
29	4	2021	-2.24	11.78	0.0	1.6144115188744583
30	4	2021	2.35	26.73	0.0	2.5693625503483974
1	5	2021	5.1	20.18	0.0	2.1653058948952837
2	5	2021	0.84	14.82	0.0	1.8185992810330365
3	5	2021	-5.12	10.36	0.0	1.5401710577805343
4	5	2021	-5.01	15.04	0.0	1.8198818796535552
5	5	2021	-3.19	17.13	0.0	1.9662787530266868
6	5	2021	-0.52	18.17	0.0	2.0599517957211875
7	5	2021	-0.19	18.15	0.0	2.0671820071013545
8	5	2021	2.56	14.77	0.0	1.818455689261736
9	5	2021	-4.32	16.36	0.0	1.925724039665404
10	5	2021	-2.89	18.5	0.0	2.0714445605272327
11	5	2021	0.36	20.28	0.0	2.213157597752621
12	5	2021	2.13	21.32	0.0	2.286547509986538
13	5	2021	1.65	22.52	0.0	2.3597578331370306
14	5	2021	2.72	23.02	1.21	2.396870632271157
15	5	2021	3.34	24.83	0.0	2.52016842758697
16	5	2021	8.24	28.67	0.0	2.783102035616176
17	5	2021	7.15	33.04	0.0	3.0640613425356062
18	5	2021	11.99	29.14	0.0	2.7733039705453253
19	5	2021	2.09	13.84	0.0	1.7359144578867585
20	5	2021	-0.57	4.51	2.65	0.6534306535186852
21	5	2021	-1.85	5.51	3.67	0.9640352932335632
22	5	2021	-0.09	10.23	0.0	1.5181192280674964
23	5	2021	6.68	15.5	15.46	1.6749143359591083
24	5	2021	8.37	11.75	20.04	0.3251491254042293
25	5	2021	2.16	9.73	1.6	0.9164357974706449
26	5	2021	-0.56	14.01	0.0	1.6985017680884194
27	5	2021	0.89	19.45	0.0	2.2097089837999824
28	5	2021	7.24	21.99	0.0	2.3198939066682915
29	5	2021	6.83	21.06	0.0	2.228635097519241
30	5	2021	2.41	23.42	0.0	2.512164905722241
31	5	2021	8.17	27.4	0.0	2.792619118423133
1	6	2021	8.9	27.05	0.0	2.7606583124373865
2	6	2021	12.27	32.61	0.0	3.1319583956006203
3	6	2021	13.6	36.25	0.0	3.368908842786809
4	6	2021	15.88	29.93	0.0	2.833266262795887
5	6	2021	11.63	28.96	0.0	2.880099912604007
6	6	2021	8.83	21.59	0.0	2.200606637715197
7	6	2021	9.5	23.33	0.0	2.4009471608382182
8	6	2021	6.13	23.96	2.54	2.2081243740393015
9	6	2021	12.09	19.86	10.12	1.1118921658518766
10	6	2021	13.86	21.93	10.17	1.135443652035107
11	6	2021	10.97	21.04	0.0	1.6940083783847204
12	6	2021	6.96	24.02	0.0	2.444502164428886
13	6	2021	6.73	27.76	0.0	2.8014630112662076
14	6	2021	12.74	32.17	0.0	3.089766444365521
15	6	2021	16.64	33.93	1.28	3.1129472623191994
16	6	2021	13.06	25.5	0.0	2.2649879941079303
17	6	2021	7.29	24.78	0.0	2.536061406849979
18	6	2021	8.36	19.06	0.0	1.7160480242303482
19	6	2021	6.87	20.71	1.01	2.0719779399249485
20	6	2021	5.98	18.97	0.0	1.8804357184498903
21	6	2021	1.8	24.7	0.0	2.54753163082821
22	6	2021	10.49	31.35	0.0	3.0318802717835487
23	6	2021	13.37	24.52	0.0	1.9453286621074872
24	6	2021	8.69	23.66	0.0	2.2506402848055265
25	6	2021	9.85	27.81	0.0	2.6757307542645363
26	6	2021	13.59	29.2	0.0	2.6331956335075226
27	6	2021	12.19	28.65	0.0	2.654060951578332
28	6	2021	10.82	29.92	0.0	2.903928248297547
29	6	2021	12.69	33.46	0.0	3.1888709904555315
30	6	2021	14.39	34.82	0.0	3.262394754296437
1	7	2021	15.78	35.74	0.0	3.297059514156695
2	7	2021	18.54	39.68	0.0	3.5484906671481355
3	7	2021	17.07	30.32	0.0	2.5178803611656337
4	7	2021	12.8	28.51	4.66	2.1563328269806696
5	7	2021	13.61	24.51	0.0	1.8868429739975956
6	7	2021	10.51	21.43	0.0	1.7399613440553132
7	7	2021	11.56	28.91	3.79	2.2285441482137403
8	7	2021	14.12	27.54	4.13	1.8499592953759867
9	7	2021	12.69	30.56	0.0	2.748124968387096
10	7	2021	13.83	33.16	0.0	2.950517985590438
11	7	2021	15.8	32.26	0.0	2.7405916368872165
12	7	2021	11.89	27.91	0.0	2.4791822727798696
13	7	2021	10.33	29.65	0.0	2.7527389854610815
14	7	2021	11.32	31.74	0.0	2.9178967669706517
15	7	2021	14.01	35.33	0.0	3.156424013283998
16	7	2021	15.89	31.04	0.0	2.542525118493447
17	7	2021	17.2	36.04	0.0	3.060980354461488
18	7	2021	13.74	26.65	0.0	2.0800298294110457
19	7	2021	14.24	21.37	0.0	1.0142862627969456
20	7	2021	16.01	28.93	0.0	2.1951450785063513
21	7	2021	15.18	31.83	0.0	2.696075207324872
22	7	2021	14.28	33.82	0.0	2.9667539569397277
23	7	2021	6.83	29.0	0.0	2.709035311957499
24	7	2021	10.05	29.28	0.0	2.6415877485287846
25	7	2021	10.76	29.45	0.83	2.6220858050014573
26	7	2021	12.17	28.47	0.0	2.4130156305425463
27	7	2021	12.55	35.4	0.0	3.087642073797081
28	7	2021	12.83	29.66	0.0	2.4895521188046574
29	7	2021	12.99	34.41	0.0	2.9716345808430984
30	7	2021	12.68	31.36	0.0	2.6749928478867933
31	7	2021	12.49	31.83	0.0	2.7242792969783483
1	8	2021	12.35	33.41	0.0	2.872583803584619
2	8	2021	16.01	35.49	0.0	2.89630829535016
3	8	2021	18.93	28.9	0.0	1.6010547631098335
4	8	2021	14.34	28.31	0.0	2.1107173060566313
5	8	2021	11.05	31.21	0.0	2.652037511725564
6	8	2021	15.52	33.69	0.0	2.669193932651285
7	8	2021	15.5	29.49	0.0	2.11179647223253
8	8	2021	13.94	22.66	0.0	1.167265398130291
9	8	2021	11.24	20.38	0.0	1.1704134762771714
10	8	2021	10.73	21.38	3.68	1.0972246341581229
11	8	2021	11.17	26.24	0.0	2.0261399789043217
12	8	2021	9.12	23.79	0.0	1.8674113146675575
13	8	2021	8.62	29.98	0.0	2.530953853975467
14	8	2021	16.65	37.36	0.0	2.8870467620770106
15	8	2021	15.64	32.95	0.0	2.471844549395762
16	8	2021	14.79	26.82	0.0	1.7175699279525067
17	8	2021	10.27	19.93	0.0	1.1666157137923348
18	8	2021	10.17	18.37	2.79	0.7538211751852707
19	8	2021	7.61	20.08	2.76	1.160411483718549
20	8	2021	10.05	19.41	3.64	0.8549994148739187
21	8	2021	6.09	22.43	3.86	1.4893572433693505
22	8	2021	9.51	15.93	8.85	0.584544033443805
23	8	2021	7.22	18.0	7.86	1.0927393818055744
24	8	2021	7.24	15.22	0.0	0.8976558748294009
25	8	2021	3.36	20.69	0.0	1.8597578414603284
26	8	2021	7.21	21.42	0.0	1.767090717196972
27	8	2021	12.46	21.65	0.0	1.2852176750279771
28	8	2021	11.01	24.27	2.0	1.8491854521831288
29	8	2021	7.65	26.38	0.0	2.204385832757426
30	8	2021	8.97	29.81	0.0	2.437588159327532
31	8	2021	12.1	25.94	15.79	1.5483211406192825
1	9	2021	8.8	21.69	0.0	1.5068745477649508
2	9	2021	9.27	18.95	0.0	1.0767725751258252
3	9	2021	8.16	22.1	0.0	1.5742788978379123
4	9	2021	5.49	23.4	0.0	1.8159779744125264
5	9	2021	7.67	29.88	0.0	2.2494502052690755
6	9	2021	10.22	22.91	1.52	1.4697666510451923
7	9	2021	7.68	23.67	0.0	1.7038531588799075
8	9	2021	5.6	26.0	0.0	2.0200361879200943
9	9	2021	10.36	28.67	0.0	2.175556339885961
10	9	2021	8.43	22.06	0.0	1.585174948165167
11	9	2021	6.22	14.94	0.0	0.8476143409074869
12	9	2021	2.74	18.91	0.0	1.5342059047445131
13	9	2021	7.26	21.71	0.0	1.597100890899766
14	9	2021	4.37	23.65	0.0	1.8670836605886567
15	9	2021	8.04	19.12	0.0	1.2145821947905646
16	9	2021	3.69	15.8	0.0	1.1397274169720355
17	9	2021	-1.09	20.21	0.0	1.6347105876262822
18	9	2021	11.47	33.07	0.0	2.3419656021683446
19	9	2021	6.68	19.97	0.0	1.3324869762537104
20	9	2021	1.75	18.78	0.0	1.4364783640023755
21	9	2021	2.78	22.36	0.0	1.6676920601540248
22	9	2021	5.88	27.78	0.0	1.9825097330217092
23	9	2021	4.29	17.07	0.0	1.0866175371246782
24	9	2021	-0.67	19.7	0.0	1.4826357079811547
25	9	2021	7.37	25.88	0.0	1.73085431183248
26	9	2021	4.03	25.94	0.0	1.8033628552369116
27	9	2021	9.02	30.38	0.0	1.9858158914150263
28	9	2021	6.37	28.14	0.0	1.8720641045416768
29	9	2021	6.24	21.17	0.0	1.2725564967370775
30	9	2021	1.67	24.57	0.0	1.678101010750581
1	10	2021	5.91	23.64	0.0	1.4714478594657885
2	10	2021	0.44	21.83	0.0	1.4765292267725951
3	10	2021	5.61	23.85	0.0	1.496540828233622
4	10	2021	1.92	20.61	0.0	1.3505758215176933
5	10	2021	5.11	23.63	0.0	1.4674713589473958
6	10	2021	6.79	27.35	0.0	1.7161571447083428
7	10	2021	3.26	14.68	0.0	0.7759118454316677
8	10	2021	1.08	17.19	0.0	1.1152103221798244
9	10	2021	-0.98	20.03	0.0	1.3651313119060262
10	10	2021	-0.91	18.93	0.0	1.2729362340134267
11	10	2021	-1.98	9.52	0.0	0.6266334451756749
12	10	2021	-6.86	9.12	0.0	0.7370551552747185
13	10	2021	-3.94	5.9	3.68	0.4595222513293443
14	10	2021	-1.63	6.15	2.28	0.393071749778327
15	10	2021	-3.5	13.81	0.0	0.8989811830537419
16	10	2021	-0.72	18.02	0.0	1.0928549414772415
17	10	2021	2.87	24.44	0.0	1.4233335314232698
18	10	2021	1.46	13.95	0.0	0.7421159389247081
19	10	2021	-5.42	7.72	0.0	0.6086826605124742
20	10	2021	-7.54	8.45	0.0	0.6838872786798529
21	10	2021	-4.16	10.59	0.0	0.7158024102924004
22	10	2021	-5.51	10.18	0.0	0.7220130016705548
23	10	2021	-1.32	7.36	0.24	0.4556310890734465
24	10	2021	2.54	6.85	0.0	0.2573191509258405
25	10	2021	3.85	9.92	1.82	0.3779599375606487
26	10	2021	2.21	10.88	1.9	0.5143811505263856
27	10	2021	0.31	13.27	0.0	0.7239225966949719
28	10	2021	-2.19	11.41	0.0	0.6961442180044122
29	10	2021	0.28	8.84	1.77	0.4729827171771191
30	10	2021	-4.81	5.2	0.0	0.4575654568753931
31	10	2021	-8.42	4.5	0.0	0.5113058019534826
1	11	2021	-9.98	2.53	0.0	0.4591944822216196
2	11	2021	-10.13	7.42	0.0	0.6505308118573487
3	11	2021	-8.19	10.03	0.0	0.731166780454695
4	11	2021	-2.28	15.32	0.0	0.8769834921276843
5	11	2021	2.05	14.6	0.0	0.721258820792922
6	11	2021	-3.07	10.08	0.0	0.6329485167520882
7	11	2021	-6.07	10.53	0.0	0.7122741035537502
8	11	2021	-5.89	9.38	0.0	0.6567307724202055
9	11	2021	-9.56	8.77	0.0	0.6802826501760669
10	11	2021	-2.0	4.31	0.79	0.306156838111786
11	11	2021	-6.59	-1.92	0.0	0.184311130535994
12	11	2021	-8.35	-3.26	0.0	0.1851364073800091
13	11	2021	-9.15	5.4	0.0	0.5358059825435953
14	11	2021	-5.94	2.09	0.51	0.3308704437456272
15	11	2021	-0.96	5.28	0.84	0.312636661992891
16	11	2021	-4.49	6.97	5.05	0.486722242615504
17	11	2021	-12.27	-4.35	0.0	0.2402757725808758
18	11	2021	-14.96	-0.64	0.0	0.3934634539053645
19	11	2021	-10.78	-1.14	0.0	0.3176647425673766
20	11	2021	-11.08	0.86	0.0	0.3920693488997847
21	11	2021	-16.52	-2.76	0.0	0.3441321942396284
22	11	2021	-6.39	5.12	0.0	0.4634184779433917
23	11	2021	-9.73	3.95	0.0	0.4768550840669012
24	11	2021	-15.96	-8.52	0.0	0.179323072156499
25	11	2021	-10.63	2.18	0.0	0.423504429655596
26	11	2021	-2.68	6.06	0.0	0.399996723915338
27	11	2021	-6.96	2.55	0.0	0.3650370935886022
28	11	2021	-4.88	4.2	0.0	0.3794316534481276
29	11	2021	-3.81	5.59	0.95	0.4094354835922467
30	11	2021	-5.93	4.97	0.0	0.4362633586810482
1	12	2021	0.32	7.05	0.0	0.3396467383617049
2	12	2021	-3.76	2.63	1.17	0.2755881102405534
3	12	2021	-8.3	-0.78	0.0	0.2674762006475268
4	12	2021	-11.26	-2.3	0.73	0.2824104867789676
5	12	2021	-22.29	-7.81	0.75	0.2560912939314699
6	12	2021	-24.21	-12.46	0.0	0.1783282104133658
7	12	2021	-20.7	-9.18	0.0	0.2177308046593152
8	12	2021	-14.49	3.48	0.95	0.5029162688185116
9	12	2021	-12.31	-1.42	0.0	0.3277711932434641
10	12	2021	-14.27	-3.4	0.0	0.2946341466308105
11	12	2021	-9.6	4.71	0.0	0.4944345220962126
12	12	2021	-9.14	1.66	0.0	0.37533109492586
13	12	2021	-14.3	-3.18	0.0	0.2993740781122022
14	12	2021	-9.17	-1.46	0.23	0.2629447284154392
15	12	2021	-21.43	-11.23	0.0	0.1793805855366218
16	12	2021	-24.64	-17.35	0.35	0.0999762331483734
17	12	2021	-25.99	-17.88	0.83	0.1024966378086058
18	12	2021	-28.18	-9.09	0.0	0.2404837383296579
19	12	2021	-19.06	-9.19	0.0	0.1999440360671762
20	12	2021	-20.62	-11.81	0.0	0.1604913294476663
21	12	2021	-19.4	-7.47	0.0	0.2420279710808339
22	12	2021	-14.08	-6.64	2.19	0.1897461974384426
23	12	2021	-14.65	-1.6	1.49	0.349115013082733
24	12	2021	-24.87	-14.5	0.65	0.1461814309734112
25	12	2021	-29.07	-22.64	1.89	0.0634329062531392
26	12	2021	-27.61	-23.88	6.77	0.0375249239820126
27	12	2021	-34.75	-25.98	0.23	0.0583663344274389
28	12	2021	-37.13	-27.51	0.0	0.0535403613481027
29	12	2021	-34.94	-25.75	0.0	0.0607839700147594
30	12	2021	-36.86	-27.73	0.0	0.0516602713457714
31	12	2021	-35.93	-26.75	0.0	0.0561665940488706
1	1	2022	-34.86	-22.76	0.0	0.0839800314638081
2	1	2022	-25.95	-0.76	0.0	0.3982973443691385
3	1	2022	-16.72	-4.94	3.44	0.2697115521359208
4	1	2022	-22.98	-12.14	1.45	0.1741350279298315
5	1	2022	-32.27	-19.68	0.0	0.1082868591892834
6	1	2022	-34.8	-25.74	0.0	0.0599679642093287
7	1	2022	-24.09	-7.41	1.56	0.2694955413044788
8	1	2022	-24.1	-13.74	0.0	0.1546395494397782
9	1	2022	-28.73	-16.68	0.0	0.134209265954335
10	1	2022	-21.64	-0.25	0.0	0.4237110539663142
11	1	2022	-11.69	3.93	0.0	0.4995814195592201
12	1	2022	-1.36	5.78	0.0	0.3431205641705127
13	1	2022	-4.81	4.41	2.25	0.3768862220213829
14	1	2022	-5.52	1.89	0.0	0.3032396710400385
15	1	2022	-4.35	4.83	0.0	0.3992022436067862
16	1	2022	-4.18	4.59	0.0	0.3839049418810516
17	1	2022	-5.56	4.63	0.92	0.4252883549153549
18	1	2022	-18.82	3.2	0.0	0.5221650996910917
19	1	2022	-25.83	-15.26	0.0	0.1448845771081745
20	1	2022	-23.04	-2.4	2.02	0.3696395205781378
21	1	2022	-9.08	2.87	1.28	0.4368986546642389
22	1	2022	-7.07	4.95	1.88	0.4818109984958252
23	1	2022	-7.43	5.38	0.0	0.5092353910114275
24	1	2022	-10.07	2.36	0.0	0.4399064270407462
25	1	2022	-21.98	-4.69	0.0	0.3363908902454603
26	1	2022	-9.47	2.42	0.0	0.4350263479481008
27	1	2022	-7.21	1.58	0.0	0.3526548325921059
28	1	2022	-10.91	1.41	0.0	0.4256336585099973
29	1	2022	-8.5	2.7	0.0	0.4325102899204661
30	1	2022	-4.07	5.8	0.0	0.4605167783412837
31	1	2022	-12.24	3.88	3.37	0.5133058945948423
1	2	2022	-26.08	-16.95	0.0	0.1278221348278655
2	2	2022	-32.59	-23.65	0.0	0.0775565099438826
3	2	2022	-30.67	-19.85	0.0	0.1128797549384577
4	2	2022	-32.17	-7.55	6.52	0.2685605824399066
5	2	2022	-15.51	-6.92	0.86	0.2368127532006332
6	2	2022	-17.23	1.46	0.0	0.5071448187661993
7	2	2022	-4.81	5.25	0.0	0.4754868963683722
8	2	2022	-4.26	2.81	0.0	0.3405636644062884
9	2	2022	-8.1	2.74	0.09	0.453923682364351
10	2	2022	-8.97	5.37	0.27	0.585689121076785
11	2	2022	-17.84	-12.23	0.0	0.1357640070033703
12	2	2022	-16.48	-6.9	0.0	0.2644787566267281
13	2	2022	-15.64	2.02	0.0	0.5369015560309031
14	2	2022	-17.99	-9.13	1.13	0.2240245211998122
15	2	2022	-14.65	-6.62	1.7	0.2454182614718125
16	2	2022	-23.87	-14.72	0.4	0.1623498795393457
17	2	2022	-26.23	-3.46	0.0	0.4006815551087779
18	2	2022	-19.86	-6.83	0.0	0.3138685348659205
19	2	2022	-16.83	3.38	2.55	0.5664262180431835
20	2	2022	-21.86	-14.81	0.0	0.1423365716996887
21	2	2022	-27.96	-20.03	0.0	0.1074941229223087
22	2	2022	-30.7	-20.38	0.0	0.1196788365026024
23	2	2022	-29.53	-17.79	0.0	0.1524935796187235
24	2	2022	-26.89	-16.75	0.0	0.1574247294488142
25	2	2022	-26.58	-8.15	0.0	0.319087873808763
26	2	2022	-13.9	-2.52	0.0	0.4009027761350404
27	2	2022	-12.03	-6.76	0.0	0.1980996422837441
28	2	2022	-13.08	-7.32	0.0	0.2076257180802528
1	3	2022	-11.54	-6.61	0.0	0.1935960316251339
2	3	2022	-16.61	-8.24	0.0	0.2601205549410498
3	3	2022	-17.17	-9.81	5.26	0.2012139384849657
4	3	2022	-10.79	-7.72	2.95	0.1166056634090659
5	3	2022	-16.59	-9.98	0.0	0.2089965948917412
6	3	2022	-18.35	-4.4	0.0	0.4203299575111585
7	3	2022	-15.57	1.99	0.84	0.6371088338008891
8	3	2022	-17.75	-7.75	0.0	0.3127228766089427
9	3	2022	-24.0	-14.24	0.0	0.2073623260806672
10	3	2022	-23.57	-11.99	0.0	0.2576259540529286
11	3	2022	-30.38	-10.17	0.0	0.3017656420092381
12	3	2022	-15.05	2.92	0.0	0.712466646143459
13	3	2022	-11.92	-2.51	0.0	0.4130259096195095
14	3	2022	-11.32	0.17	0.0	0.5465190417234961
15	3	2022	-6.26	4.42	0.0	0.6951876236788964
16	3	2022	-3.82	3.93	0.0	0.5210882931013068
17	3	2022	-6.22	5.46	0.0	0.7970085757004914
18	3	2022	-1.97	5.61	0.0	0.5850835247780515
19	3	2022	-3.75	6.22	0.0	0.8057479978011953
20	3	2022	-1.05	4.38	0.0	0.4120247220919459
21	3	2022	-0.33	5.77	0.0	0.5533519332853499
22	3	2022	-2.53	7.74	0.0	0.9812339902065652
23	3	2022	-1.83	13.52	0.0	1.461402557880975
24	3	2022	-0.69	7.73	1.41	0.8774503910942886
25	3	2022	-6.73	1.15	0.0	0.5858081627107282
26	3	2022	-8.51	-1.99	0.0	0.3982458226265717
27	3	2022	-6.37	8.56	0.0	1.2143504828106528
28	3	2022	-1.6	7.93	0.0	1.1313432683633526
29	3	2022	-5.46	2.1	0.0	0.7214533989052703
30	3	2022	-7.75	9.76	0.0	1.3861560409783786
31	3	2022	-0.36	5.53	2.01	0.5180129834612057
1	4	2022	-4.0	5.81	0.0	1.0388629987465667
2	4	2022	-7.07	7.75	0.0	1.2710592997624752
3	4	2022	-3.13	12.26	0.0	1.592634224107757
4	4	2022	-1.44	16.64	0.0	1.9180993762049852
5	4	2022	-0.69	9.57	2.56	1.0955154440202122
6	4	2022	-1.27	7.35	0.71	1.103540185005909
7	4	2022	-3.17	11.41	0.0	1.584612393486981
8	4	2022	-1.62	19.24	0.0	2.0778525356000843
9	4	2022	0.02	13.15	0.0	1.723087280153244
10	4	2022	-3.89	7.07	0.0	1.2495027593053358
11	4	2022	-7.57	-1.57	0.0	0.5036466882560732
12	4	2022	-9.43	-4.98	0.0	0.2679496715283816
13	4	2022	-9.1	-4.38	0.58	0.3204930101722802
14	4	2022	-8.21	-2.7	0.69	0.4706856237818702
15	4	2022	-9.36	-1.65	0.0	0.6794749412708195
16	4	2022	-8.95	2.06	0.0	1.024759293259504
17	4	2022	-7.74	4.19	0.0	1.1851518726934327
18	4	2022	-7.56	9.34	0.0	1.537254719419767
19	4	2022	-2.65	4.37	1.06	0.96620826648711
20	4	2022	-4.64	1.81	1.06	0.7669007706275554
21	4	2022	-8.54	6.31	0.0	1.3730812085406177
22	4	2022	-2.27	4.06	0.74	0.9213269558296482
23	4	2022	0.53	10.19	1.79	1.630655935639128
24	4	2022	-2.58	11.91	0.0	1.7685605675598042
25	4	2022	-2.53	11.01	0.0	1.7116443009218525
26	4	2022	-2.26	15.22	0.0	1.974384887379426
27	4	2022	1.27	16.11	0.0	2.061385787876623
28	4	2022	0.74	18.36	0.0	2.199943394227877
29	4	2022	0.52	16.79	0.0	2.105081725570151
30	4	2022	1.53	17.88	0.0	2.179295057062492
1	5	2022	0.6	15.95	0.0	2.047241005173468
2	5	2022	-0.53	19.26	0.0	2.245530718536948
3	5	2022	3.89	20.88	0.0	2.392478700425563
4	5	2022	0.89	24.84	0.0	2.4991344548897088
5	5	2022	8.74	27.9	0.0	2.7710627931884275
6	5	2022	9.64	23.1	1.09	2.423255708419677
7	5	2022	5.77	14.76	5.31	1.5997813034982489
8	5	2022	3.01	15.07	0.0	1.9183237083739677
9	5	2022	-0.24	16.11	0.0	2.005735903711855
10	5	2022	3.44	14.47	2.53	1.6427191488944075
11	5	2022	-0.41	19.39	0.0	2.2060457997093876
12	5	2022	3.16	21.01	0.0	2.3359790590940857
13	5	2022	4.64	11.82	12.35	1.0481157184665773
14	5	2022	3.27	17.55	0.0	2.0877334735009354
15	5	2022	3.25	20.84	0.0	2.324257171644213
16	5	2022	4.68	21.26	0.0	2.3509415822208575
17	5	2022	6.71	20.53	2.56	1.9442739336007748
18	5	2022	7.52	17.01	0.94	1.74015162673103
19	5	2022	1.88	11.59	3.01	1.1105983560466768
20	5	2022	1.46	8.42	0.0	0.8947748986123049
21	5	2022	-0.83	14.68	0.0	1.9007740107370876
22	5	2022	0.81	17.03	0.0	2.0746939235152495
23	5	2022	1.82	23.09	0.0	2.4774721603202554
24	5	2022	4.78	25.19	0.0	2.634713251042229
25	5	2022	6.32	25.02	0.0	2.6250522954272
26	5	2022	5.88	24.42	0.0	2.586712700167853
27	5	2022	6.89	22.23	1.73	2.4151504638603343
28	5	2022	8.19	23.52	0.0	2.503525968933761
29	5	2022	9.49	20.93	0.0	2.1447173494847775
30	5	2022	7.56	17.8	0.0	1.8320540377411192
31	5	2022	4.22	18.98	0.0	2.21391249796844
1	6	2022	2.4	19.82	0.0	2.2920520132500206
2	6	2022	4.3	21.8	0.0	2.4332767784607507
3	6	2022	2.64	23.49	0.0	2.5474161280109047
4	6	2022	4.19	25.69	0.0	2.7029189517544254
5	6	2022	6.43	21.13	0.0	2.368016288010773
6	6	2022	6.23	21.57	0.0	2.4022585975355377
7	6	2022	8.36	21.88	0.0	2.387226364763412
8	6	2022	6.9	25.19	1.75	2.674542275719195
9	6	2022	11.31	24.92	4.93	2.3118038703333625
10	6	2022	10.5	26.74	0.65	2.756554067515979
11	6	2022	8.2	24.88	0.0	2.646672922213461
12	6	2022	8.6	25.02	5.51	2.3616945364912527
13	6	2022	11.33	22.4	4.53	1.751943233053625
14	6	2022	7.3	19.8	0.0	2.0868780767359993
15	6	2022	5.04	17.24	4.33	1.5330753972982845
16	6	2022	11.7	21.12	0.0	1.7921294185319168
17	6	2022	10.88	30.12	0.0	3.01774709502113
18	6	2022	17.94	32.64	0.0	3.0256570257254056
19	6	2022	16.22	21.03	4.83	0.5621972864565051
20	6	2022	14.9	20.89	3.6	0.7439291955768077
21	6	2022	11.78	22.83	1.07	2.003871342044213
22	6	2022	10.77	28.39	0.0	2.8436175714180107
23	6	2022	10.48	26.81	5.6	2.228558319787967
24	6	2022	8.75	18.52	1.99	1.5890874301828772
25	6	2022	9.16	21.53	3.41	1.6292905759508574
26	6	2022	9.06	24.95	0.0	2.464725400590425
27	6	2022	10.06	23.31	0.0	2.1919660275572324
28	6	2022	9.56	23.26	0.58	2.2172116329463023
29	6	2022	12.76	25.39	0.0	2.235372268351696
30	6	2022	10.07	23.16	0.0	2.1704649942808745
1	7	2022	8.38	24.73	0.0	2.4760178902244085
2	7	2022	9.98	23.07	3.29	1.7445589609180394
3	7	2022	10.69	24.19	0.99	2.255569512179554
4	7	2022	12.93	19.26	7.25	0.72950328247796
5	7	2022	12.55	18.08	3.12	0.638124617932347
6	7	2022	12.77	24.61	0.0	2.100721834891662
7	7	2022	12.48	24.52	1.57	2.1188694057401913
8	7	2022	16.74	32.14	2.96	2.2593894542198587
9	7	2022	16.84	29.69	2.29	1.911750256090798
10	7	2022	13.86	25.22	3.81	1.5833495152559232
11	7	2022	11.02	27.28	0.0	2.497123697403087
12	7	2022	10.67	30.44	0.0	2.8015534661928445
13	7	2022	16.03	33.74	2.98	2.368047658922412
14	7	2022	15.42	28.19	0.0	2.225585945224102
15	7	2022	16.23	34.18	0.0	2.893145386552667
16	7	2022	14.92	35.53	0.0	3.0521322403433526
17	7	2022	15.83	31.26	0.0	2.5621973485571847
18	7	2022	14.41	29.6	19.15	1.9783671244727417
19	7	2022	15.46	28.73	6.37	1.640722636075686
20	7	2022	12.99	24.7	0.0	1.6897134451584466
21	7	2022	10.94	28.32	0.0	2.3137017802113915
22	7	2022	11.3	24.99	0.0	1.8963021860315716
23	7	2022	8.77	21.71	0.0	1.6869549477870618
24	7	2022	7.85	28.56	0.0	2.444682393969902
25	7	2022	13.38	20.71	2.32	0.8074287013563939
26	7	2022	10.48	24.37	0.0	1.852740395956305
27	7	2022	7.86	25.86	0.0	2.166350878631204
28	7	2022	8.11	27.91	0.0	2.33283882843873
29	7	2022	12.94	33.9	0.0	2.671787902387498
30	7	2022	15.26	25.44	2.62	1.1182933020905763
31	7	2022	13.57	27.52	5.59	1.5236344853169987
1	8	2022	15.21	26.58	0.0	1.547358492426692
2	8	2022	13.5	24.74	0.0	1.4710455809575869
3	8	2022	8.46	25.66	0.0	1.9986912150159248
4	8	2022	11.11	34.8	0.0	2.682915222852872
5	8	2022	8.78	19.07	0.0	1.1076616137162387
6	8	2022	4.92	23.21	0.0	1.8939829868799056
7	8	2022	11.85	30.04	0.0	2.2185132934615948
8	8	2022	11.08	32.89	0.0	2.5014843951588595
9	8	2022	9.86	26.0	0.0	1.879911752187562
10	8	2022	10.12	26.72	0.0	1.9326411864812008
11	8	2022	15.81	25.97	0.0	1.2401890312395512
12	8	2022	11.63	31.76	0.0	2.4165232024210495
13	8	2022	16.14	33.1	1.69	2.257931822435455
14	8	2022	15.42	30.98	0.0	2.04514449478853
15	8	2022	12.28	30.06	0.0	2.167595968667491
16	8	2022	13.73	34.59	0.0	2.5264779363476855
17	8	2022	15.98	29.61	0.0	1.791330614438987
18	8	2022	12.47	29.66	0.0	2.1042477450055155
19	8	2022	10.73	29.9	0.0	2.206317577459021
20	8	2022	14.22	32.26	0.0	2.228791479568786
21	8	2022	12.61	34.55	0.0	2.5074400399580647
22	8	2022	16.29	26.43	0.0	1.1925996293741954
23	8	2022	14.02	27.18	0.0	1.5919156925854727
24	8	2022	10.61	27.66	0.0	1.9100328325531055
25	8	2022	10.36	28.99	0.0	2.0411098836046655
26	8	2022	12.79	29.1	8.66	1.553256424755392
27	8	2022	13.59	30.96	0.0	1.9791644168896037
28	8	2022	12.52	22.04	0.0	0.9895737153148684
29	8	2022	8.85	27.55	0.0	1.8963280266404157
30	8	2022	10.38	32.13	0.0	2.212860468357772
31	8	2022	13.56	35.64	0.0	2.3473936590111273
1	9	2022	14.33	32.21	0.0	1.9573690099180203
2	9	2022	6.08	27.06	0.0	1.890356769676051
3	9	2022	11.85	37.19	0.0	2.4773209065406885
4	9	2022	15.35	34.97	0.0	2.1009998382224375
5	9	2022	12.46	31.81	0.0	1.9618431984205993
6	9	2022	8.65	24.82	0.0	1.4926562019521756
7	9	2022	10.03	35.51	0.0	2.3460663917122946
8	9	2022	7.04	19.48	0.0	1.0566905514720055
9	9	2022	3.58	17.14	0.0	1.045813642213557
10	9	2022	2.05	23.33	0.0	1.6306854797079626
11	9	2022	8.41	32.67	0.0	2.1702742581556675
12	9	2022	8.81	23.54	0.0	1.338080341648626
13	9	2022	8.69	15.06	1.4	0.5517246518805214
14	9	2022	7.44	15.82	1.64	0.7027175442971768
15	9	2022	5.72	16.53	0.0	0.8668021232946028
16	9	2022	10.41	20.89	0.0	0.9367981908529034
17	9	2022	7.65	23.25	0.0	1.358725679651067
18	9	2022	5.27	22.42	0.0	1.4225528779174392
19	9	2022	8.53	17.88	2.87	0.7277888689443397
20	9	2022	4.54	14.03	0.0	0.7276993712648442
21	9	2022	-0.35	17.23	0.0	1.19536007657336
22	9	2022	1.68	19.66	0.23	1.325967258381911
23	9	2022	4.86	19.99	0.0	1.2092790423655646
24	9	2022	6.25	21.49	0.0	1.2821697239436332
25	9	2022	2.07	21.87	0.0	1.4708376325381998
26	9	2022	6.34	23.08	0.0	1.3932524417263863
27	9	2022	5.92	25.69	0.0	1.6116924492542049
28	9	2022	8.62	30.6	0.0	1.8804337843058423
29	9	2022	7.71	30.86	0.0	1.9091001070102176
30	9	2022	10.69	24.03	0.0	1.137254949718755
1	10	2022	7.66	20.61	0.0	1.0185505167382232
2	10	2022	5.09	20.48	0.0	1.1685303307374548
3	10	2022	6.8	22.96	0.0	1.3428297129437714
4	10	2022	7.52	26.19	0.0	1.5951812648961383
5	10	2022	3.04	12.2	0.0	0.6224202645314743
6	10	2022	-4.32	10.18	0.0	0.7716955294623353
7	10	2022	-2.71	19.92	0.0	1.381249045514013
8	10	2022	3.38	22.96	0.0	1.4773590735030948
9	10	2022	3.23	22.54	0.0	1.4623027942208326
10	10	2022	3.07	25.55	0.0	1.6574360860161388
11	10	2022	4.46	15.64	0.0	0.7787426601987162
12	10	2022	2.6	11.64	0.0	0.5852531998615511
13	10	2022	0.11	14.4	0.0	0.9114217023135583
14	10	2022	-2.25	15.82	0.58	1.0753763098701914
15	10	2022	-2.14	9.78	0.0	0.6451267358612949
16	10	2022	-4.42	9.06	0.0	0.6685636691496216
17	10	2022	-2.69	17.45	0.0	1.3114610748409314
18	10	2022	0.72	22.29	0.0	1.6737925111435603
19	10	2022	2.21	21.47	0.0	1.5832119792051629
20	10	2022	3.24	15.86	0.0	1.0560942186076994
21	10	2022	0.5	11.74	0.0	0.7989274965551652
22	10	2022	-3.97	11.6	4.06	0.8094195267950128
23	10	2022	-0.38	4.01	11.72	0.2248304321333844
24	10	2022	-2.15	0.72	0.0	0.1454662595305927
25	10	2022	-2.42	3.71	0.0	0.3070660609657018
26	10	2022	-4.14	6.61	0.0	0.5129508369517326
27	10	2022	0.26	10.54	0.0	0.5755945708763981
28	10	2022	-0.11	10.64	0.0	0.5936660842701419
29	10	2022	-1.77	13.25	0.0	0.844673824419965
30	10	2022	-1.0	14.93	0.0	0.982812880704286
31	10	2022	-0.93	9.16	0.0	0.5346854495113109
1	11	2022	0.01	9.2	0.0	0.5012931490220688
2	11	2022	-2.44	1.79	0.0	0.2064804467480922
3	11	2022	-7.72	-1.8	0.0	0.2314813960108258
4	11	2022	-9.26	3.82	0.84	0.5079638548198546
5	11	2022	-5.32	4.04	10.52	0.3992682276204559
6	11	2022	-12.3	-5.49	0.0	0.2169709847172476
7	11	2022	-14.84	-6.47	4.13	0.2229548689245123
8	11	2022	-18.15	-6.05	0.0	0.2912693511528006
9	11	2022	-23.89	-15.32	0.0	0.138818944108098
10	11	2022	-23.93	-14.66	0.0	0.1503828393262737
11	11	2022	-21.59	-10.82	0.0	0.2058657846190296
12	11	2022	-21.38	-10.46	1.22	0.2110636701819826
13	11	2022	-14.31	-5.72	0.0	0.2458196632523235
14	11	2022	-11.7	-5.35	0.91	0.2046914529324411
15	11	2022	-10.52	-3.69	0.0	0.2346918988770826
16	11	2022	-10.53	-2.25	0.0	0.2870569532729866
17	11	2022	-16.34	-10.03	0.0	0.157698081614268
18	11	2022	-16.13	-6.68	0.0	0.2451943758416166
19	11	2022	-11.98	-4.12	0.0	0.2526101314831379
20	11	2022	-11.79	0.89	0.0	0.416453076996971
21	11	2022	-11.62	2.09	0.75	0.453866200589945
22	11	2022	-5.67	2.62	0.0	0.3549618972113125
23	11	2022	-4.9	2.32	0.0	0.3170816416104228
24	11	2022	-6.57	3.86	0.0	0.4267976333028542
25	11	2022	0.04	7.34	0.0	0.3859174002261825
26	11	2022	-3.09	3.21	0.0	0.2944502787506425
27	11	2022	-3.85	3.4	1.31	0.32920532245499
28	11	2022	-10.68	-4.47	3.32	0.1954145389700477
29	11	2022	-16.85	-9.96	0.23	0.1626967744311907
30	11	2022	-21.5	-14.51	1.03	0.1235024088536458
1	12	2022	-23.32	-14.37	0.78	0.1432403873946483
2	12	2022	-29.1	-21.81	0.0	0.0757239920231143
3	12	2022	-23.72	-11.29	0.0	0.1991095311103903
4	12	2022	-14.58	-2.89	0.0	0.3189146342044694
5	12	2022	-24.37	-13.2	0.63	0.1685872965315087
6	12	2022	-33.25	-21.11	0.0	0.0978033908330726
7	12	2022	-34.75	-8.76	0.0	0.2314466432074262
8	12	2022	-15.48	-5.4	0.0	0.256655277075181
9	12	2022	-11.23	-1.35	0.0	0.3134987582602586
10	12	2022	-17.05	-6.53	0.0	0.2449377654089293
11	12	2022	-10.16	-4.53	1.69	0.1835016095834732
12	12	2022	-12.41	-6.76	3.01	0.1576902600606065
13	12	2022	-15.86	-11.76	0.0	0.0961601896144375
14	12	2022	-17.79	-7.95	0.2	0.2181782118928594
15	12	2022	-16.79	-10.09	0.0	0.1527891479587238
16	12	2022	-20.51	-13.66	0.45	0.1245377787012378
17	12	2022	-20.12	-14.14	1.06	0.1103500765470828
18	12	2022	-25.84	-19.75	0.96	0.0765319840661033
19	12	2022	-31.0	-23.21	1.92	0.0689547353188816
20	12	2022	-35.39	-28.86	1.5	0.0399610765417256
21	12	2022	-32.74	-27.86	0.7	0.0357968533488101
22	12	2022	-32.02	-25.26	0.0	0.05459297572827
23	12	2022	-35.2	-20.86	0.0	0.1016412290115646
24	12	2022	-22.85	-11.83	3.1	0.1748776360048792
25	12	2022	-16.03	-8.18	0.0	0.1901483554752304
26	12	2022	-15.07	1.21	0.0	0.4370582032963499
27	12	2022	-10.89	-2.13	7.74	0.270588373143486
28	12	2022	-15.86	-9.4	1.89	0.1559512667792316
29	12	2022	-14.23	-10.08	0.0	0.1076761102644405
30	12	2022	-16.66	-8.46	0.0	0.1924236196384375
31	12	2022	-18.54	-10.63	0.0	0.1659165259724031
1	1	2023	-18.76	-6.83	0.0	0.2526475617807049
2	1	2023	-14.89	-5.05	0.0	0.2562694048132748
3	1	2023	-15.02	-5.96	0.0	0.2337059048465077
4	1	2023	-17.99	-9.36	0.0	0.1875350190386499
5	1	2023	-18.15	-10.49	0.0	0.1638117650550356
6	1	2023	-17.13	-5.79	0.0	0.2645814225401859
7	1	2023	-12.86	-3.7	0.0	0.2675058560903124
8	1	2023	-14.3	-4.95	0.0	0.2537849495069086
9	1	2023	-13.92	-4.35	0.0	0.2659440232759391
10	1	2023	-16.03	-9.74	0.0	0.1522041974030475
11	1	2023	-15.4	-9.66	0.0	0.143641743409432
12	1	2023	-14.08	-7.02	0.0	0.1932925255879315
13	1	2023	-12.33	-2.87	0.0	0.2886713368351776
14	1	2023	-11.84	-4.6	0.0	0.2253956168207984
15	1	2023	-9.32	-6.85	0.0	0.085184303119188
16	1	2023	-9.51	-6.74	0.0	0.094843912872895
17	1	2023	-10.29	-7.35	0.0	0.0972378943359049
18	1	2023	-7.59	-2.73	0.0	0.1867711943659064
19	1	2023	-9.64	-3.8	0.0	0.2056271027087995
20	1	2023	-14.16	-4.73	0.0	0.2678951295437851
21	1	2023	-12.53	-1.23	0.0	0.3569285981054753
22	1	2023	-7.33	1.35	0.0	0.3565515504791783
23	1	2023	-12.76	-1.0	0.76	0.409951257778369
24	1	2023	-10.52	-2.38	0.0	0.2904085581200497
25	1	2023	-7.82	-1.07	1.54	0.2738425229738465
26	1	2023	-8.51	3.77	0.95	0.6015623962596313
27	1	2023	-19.48	-3.91	0.0	0.3741305075729573
28	1	2023	-24.24	-18.1	0.0	0.0970106096513856
29	1	2023	-25.38	-18.79	0.0	0.0972112289984348
30	1	2023	-26.29	-18.0	0.0	0.117480272203229
31	1	2023	-23.29	-13.43	0.0	0.1750531025683202
1	2	2023	-23.62	-12.06	0.0	0.2040466397072293
2	2	2023	-27.45	-17.77	0.0	0.1302762459324823
3	2	2023	-19.32	-2.47	0.0	0.4528798851173992
4	2	2023	-7.54	-0.31	0.0	0.3843631864612867
5	2	2023	-10.99	1.7	0.0	0.6132707480135122
6	2	2023	-4.91	1.59	0.0	0.4191505709619432
7	2	2023	-5.0	2.83	0.0	0.554724904432589
8	2	2023	-9.45	-0.63	1.37	0.479783558403029
9	2	2023	-13.87	-2.48	0.0	0.4724753225108076
10	2	2023	-9.72	4.72	0.0	0.8043063175575391
11	2	2023	-6.81	1.05	0.0	0.5199037084868128
12	2	2023	-7.75	1.32	0.0	0.5924769327165041
13	2	2023	-4.25	3.21	0.0	0.6061754482506438
14	2	2023	-17.33	-3.83	0.0	0.4683718401864958
15	2	2023	-17.23	-10.3	0.0	0.1898995423711984
16	2	2023	-19.97	-2.36	0.0	0.5238805778250529
17	2	2023	-9.26	-0.47	0.0	0.531491567765793
18	2	2023	-12.85	-4.36	0.0	0.3898567413649056
19	2	2023	-12.61	-6.5	1.2	0.2414593662869926
20	2	2023	-21.48	-10.72	0.0	0.2691770416584026
21	2	2023	-27.42	-17.66	0.0	0.1452310722293321
22	2	2023	-31.28	-25.44	0.0	0.0623055561836745
23	2	2023	-28.89	-21.98	0.0	0.0907796357776326
24	2	2023	-31.16	-19.59	0.0	0.13635113724013
25	2	2023	-28.23	-12.46	0.0	0.2622597806306556
26	2	2023	-18.66	-3.08	0.0	0.5684550994048153
27	2	2023	-16.02	-6.39	0.0	0.4137425690763113
28	2	2023	-20.98	-11.23	0.0	0.275430421302088
1	3	2023	-20.37	-6.36	0.0	0.4591723834060165
2	3	2023	-12.92	0.73	0.0	0.7804192734489002
3	3	2023	-10.65	-0.89	0.0	0.6664532818286885
4	3	2023	-15.28	-5.63	0.0	0.4685736363204422
5	3	2023	-21.19	-10.57	0.0	0.3265390061319653
6	3	2023	-25.85	-13.9	0.0	0.2518428593369459
7	3	2023	-17.4	-12.75	0.0	0.1395026551505096
8	3	2023	-18.85	-13.7	0.56	0.1432902398344401
9	3	2023	-19.38	-10.41	0.0	0.3284728236165954
10	3	2023	-14.24	-6.6	3.45	0.3307193898689877
11	3	2023	-12.88	-6.73	3.59	0.2728416515587338
12	3	2023	-19.58	-9.35	0.0	0.4037151181910043
13	3	2023	-17.86	-3.69	0.0	0.651224327950753
14	3	2023	-11.68	0.91	0.82	0.9105595357980988
15	3	2023	-15.14	-4.19	1.64	0.6357997825583005
16	3	2023	-15.17	-5.94	0.0	0.5404321226822056
17	3	2023	-21.21	-8.62	0.0	0.4634073757506323
18	3	2023	-19.61	-0.62	0.0	0.7777657144226884
19	3	2023	-15.09	-3.44	0.0	0.7024954616866641
20	3	2023	-13.63	-5.96	0.0	0.5146378235411585
21	3	2023	-15.63	-6.86	0.0	0.5141593124100854
22	3	2023	-16.5	-6.98	0.0	0.5314354117787867
23	3	2023	-15.5	2.15	0.0	0.9593337039574588
24	3	2023	-14.66	-4.05	0.0	0.6889540406385982
25	3	2023	-19.26	-4.31	0.0	0.6771643624771649
26	3	2023	-15.01	-6.4	0.0	0.5464070068544975
27	3	2023	-19.81	-8.96	0.0	0.4839975447100435
28	3	2023	-22.0	-6.33	0.0	0.5929191348629202
29	3	2023	-18.5	-1.16	0.0	0.8203284709833275
30	3	2023	-12.76	-1.94	0.0	0.8408281686855169
31	3	2023	-14.99	0.79	0.0	0.9474514222927568
1	4	2023	-9.08	2.99	0.0	1.1052050149924282
2	4	2023	-8.56	-3.19	2.8	0.42927939345253
3	4	2023	-13.89	-8.03	1.76	0.4153250704611657
4	4	2023	-19.36	-7.07	0.0	0.6045605857199652
5	4	2023	-22.8	-6.44	0.0	0.6105563379181229
6	4	2023	-20.92	-4.24	0.0	0.712779908542399
7	4	2023	-13.41	1.73	0.0	1.0290331912726556
8	4	2023	-4.37	5.81	0.0	1.2782651859130063
9	4	2023	0.39	7.84	0.0	1.34889532010476
10	4	2023	2.36	9.2	0.0	1.4067580200528416
11	4	2023	0.59	10.45	0.0	1.5522188150384577
12	4	2023	0.09	8.98	0.0	1.457495174065888
13	4	2023	-2.01	7.48	0.52	1.3887622435164575
14	4	2023	-0.72	9.39	0.0	1.5134812381064378
15	4	2023	-2.13	12.88	0.0	1.7498736595901898
16	4	2023	-1.03	15.64	0.0	1.8635430534966857
17	4	2023	3.11	17.22	0.0	1.9861009592932863
18	4	2023	0.17	6.78	2.95	1.009245068800441
19	4	2023	-3.72	0.72	6.13	0.4214372643814258
20	4	2023	-4.41	-1.28	0.17	0.2540806948618079
21	4	2023	-5.2	2.27	0.0	0.8959759922482541
22	4	2023	-4.41	6.97	0.0	1.3806823070936234
23	4	2023	-5.09	9.58	0.0	1.533171460544427
24	4	2023	-1.31	11.22	0.0	1.652326688784685
25	4	2023	2.18	17.5	1.79	2.060219148789146
26	4	2023	1.76	15.66	0.0	1.944470905410392
27	4	2023	1.84	10.66	0.0	1.5823520780268203
28	4	2023	-0.81	19.1	0.0	2.1370231396612196
29	4	2023	-1.1	16.52	0.0	1.9935438390820788
30	4	2023	-2.2	16.67	0.0	1.9896272222963336
1	5	2023	-0.39	20.53	0.0	2.232848336220832
2	5	2023	2.81	26.56	0.0	2.615210940850847
3	5	2023	5.44	27.5	0.0	2.7080998870168664
4	5	2023	6.03	27.62	0.0	2.723996100066284
5	5	2023	4.6	20.41	0.0	2.267066482905145
6	5	2023	4.22	17.98	0.0	2.100496707494279
7	5	2023	7.85	18.86	0.0	2.110462984812309
8	5	2023	7.19	19.94	0.0	2.221077445233611
9	5	2023	3.49	21.38	0.0	2.3482084425924694
10	5	2023	7.48	21.45	0.0	2.3291497875858655
11	5	2023	5.83	21.72	0.0	2.368863281393221
12	5	2023	8.48	18.2	0.0	2.0203460683286543
13	5	2023	4.89	24.5	0.0	2.5614489987643125
14	5	2023	5.64	26.32	0.0	2.680408063832101
15	5	2023	9.64	27.84	0.0	2.782218899103915
16	5	2023	9.61	31.05	0.0	2.998333080854825
17	5	2023	6.54	18.01	0.0	2.056681457063524
18	5	2023	3.67	16.44	0.0	1.9850417079226237
19	5	2023	1.13	26.48	0.0	2.6441128532556264
20	5	2023	10.89	26.21	0.0	2.6245692442145945
21	5	2023	6.72	25.58	0.0	2.6256666552302854
22	5	2023	12.32	31.46	3.23	2.74968665379141
23	5	2023	12.23	25.69	0.0	2.5374708127287433
24	5	2023	11.03	23.13	10.28	2.176110686467302
25	5	2023	12.41	16.36	2.85	0.4870450203819361
26	5	2023	10.89	20.0	0.0	1.9020967414815384
27	5	2023	7.94	17.75	6.17	1.4842687680439293
28	5	2023	13.0	21.24	0.0	1.7445998900544395
29	5	2023	10.12	26.6	0.0	2.7124958792129257
30	5	2023	10.98	29.31	2.03	2.659668407444721
31	5	2023	11.61	31.13	0.0	3.0423150590779455
1	6	2023	13.86	27.31	6.44	2.290622076821492
2	6	2023	12.69	23.22	0.0	2.132059366205791
3	6	2023	16.45	26.85	5.25	1.870698989811597
4	6	2023	14.96	30.93	0.0	3.0082869739090388
5	6	2023	17.07	33.25	0.0	3.1419331472628937
6	6	2023	15.99	28.22	0.0	2.5804312820752338
7	6	2023	12.92	29.6	0.0	2.948398253861581
8	6	2023	13.41	30.07	0.0	2.979689064350346
9	6	2023	11.62	26.08	0.0	2.6858885479312646
10	6	2023	9.85	24.75	0.0	2.620036761554116
11	6	2023	10.22	28.75	0.0	2.9237631010143086
12	6	2023	12.46	30.95	0.0	3.0637223120629775
13	6	2023	12.54	31.56	0.0	3.1098499628665426
14	6	2023	12.9	29.92	1.84	2.9825388858981485
15	6	2023	9.75	18.8	0.0	1.7860436532175654
16	6	2023	7.09	25.41	0.0	2.7136252237429654
17	6	2023	11.83	21.75	0.0	2.0768719826902347
18	6	2023	7.97	24.83	19.87	2.353266422534286
19	6	2023	9.78	23.03	0.0	2.2563273628673057
20	6	2023	8.79	22.89	0.0	2.317916969822029
21	6	2023	8.32	20.6	0.0	2.0460974986836336
22	6	2023	7.87	24.21	0.0	2.5282366866021384
23	6	2023	8.33	26.56	0.0	2.747441097737019
24	6	2023	9.17	27.07	0.0	2.754267644181083
25	6	2023	10.84	29.94	0.0	2.977420731368387
26	6	2023	11.72	26.95	0.0	2.594077434041077
27	6	2023	11.09	29.08	0.0	2.857220873269415
28	6	2023	11.41	25.69	0.0	2.426310429574398
29	6	2023	10.11	28.09	0.0	2.788374352122863
30	6	2023	13.75	30.97	0.0	2.949698125960999
1	7	2023	13.94	33.14	0.0	3.1621555701442654
2	7	2023	12.09	23.22	0.0	1.9856482107797977
3	7	2023	10.03	21.98	0.0	2.0212069444922665
4	7	2023	8.69	19.34	0.0	1.736035444984891
5	7	2023	6.31	24.33	0.0	2.5420290242658807
6	7	2023	8.54	27.23	0.0	2.76264333546129
7	7	2023	8.06	25.56	0.0	2.6008324357572183
8	7	2023	8.93	28.29	0.0	2.8439241082669366
9	7	2023	11.52	30.99	0.0	3.028349847863489
10	7	2023	10.14	23.86	0.0	2.252532479194266
11	7	2023	9.26	22.56	0.0	2.1420619767588005
12	7	2023	10.22	24.86	0.0	2.393168993440556
13	7	2023	11.66	26.32	0.0	2.498235145788677
14	7	2023	10.78	22.39	0.0	1.9938388333284924
15	7	2023	8.54	24.77	0.0	2.4716832826887116
16	7	2023	8.04	23.77	0.0	2.376523010631556
17	7	2023	8.67	27.32	6.9	2.2722743687094007
18	7	2023	12.03	20.42	3.22	1.0387851451130958
19	7	2023	13.02	24.34	0.0	2.0194647195757325
20	7	2023	10.59	27.8	0.0	2.683332443367027
21	7	2023	11.23	29.58	0.0	2.8302337337807755
22	7	2023	11.63	29.73	0.0	2.8212665485039072
23	7	2023	14.26	31.4	0.0	2.8748045354652856
24	7	2023	16.03	35.64	0.0	3.228609116968223
25	7	2023	18.33	34.28	0.0	2.96585168887231
26	7	2023	11.9	27.13	0.0	2.498293331587831
27	7	2023	8.98	22.03	0.0	2.0229738361964635
28	7	2023	7.77	21.84	0.0	2.077705154763283
29	7	2023	5.78	24.47	0.0	2.441099626213212
30	7	2023	9.02	30.46	0.0	2.903940996888658
31	7	2023	15.48	33.39	0.0	2.9837162407204167
1	8	2023	12.62	32.98	0.0	3.0255606139973388
2	8	2023	12.88	31.63	0.0	2.8681290622839355
3	8	2023	13.82	37.27	0.0	3.2996144605894093
4	8	2023	14.31	27.99	0.0	2.2868597873066814
5	8	2023	9.85	27.49	0.0	2.515992720741199
6	8	2023	9.24	27.59	0.0	2.5376464662340847
7	8	2023	9.28	28.8	0.0	2.6428584158364496
8	8	2023	9.94	24.98	0.0	2.193400882558909
9	8	2023	11.53	19.75	9.78	0.8893279050187451
10	8	2023	12.3	24.85	5.25	1.478394691132004
11	8	2023	12.21	22.47	0.0	1.4266603779604716
12	8	2023	9.6	23.76	4.27	1.5228264611510234
13	8	2023	9.72	26.36	0.0	2.131709418007165
14	8	2023	12.51	33.82	0.0	2.7267686040048305
15	8	2023	14.55	30.55	0.0	2.262235284465551
16	8	2023	11.74	23.59	0.0	1.569490226643372
17	8	2023	8.59	31.77	0.0	2.6104699331107555
18	8	2023	14.16	25.76	0.0	1.5728701175078803
19	8	2023	8.35	20.77	0.0	1.4598963805049758
20	8	2023	4.61	22.07	1.73	1.8392503838755483
21	8	2023	12.37	18.81	21.13	0.6189400382868507
22	8	2023	13.39	18.38	14.1	0.4946530707918343
23	8	2023	13.79	24.19	0.0	1.2150119505031989
24	8	2023	10.62	23.52	0.0	1.4859239158399884
25	8	2023	9.97	20.97	0.0	1.1975267512167715
26	8	2023	9.53	30.1	0.0	2.255328697232884
27	8	2023	11.53	28.29	0.0	1.9695927754956943
28	8	2023	10.74	30.8	0.0	2.236786914242467
29	8	2023	12.31	32.22	0.0	2.2955187500454755
30	8	2023	14.87	28.47	0.0	1.694942342398397
31	8	2023	12.56	21.62	3.54	0.8542487727561173
1	9	2023	13.49	27.58	0.0	1.7302779931073262
2	9	2023	13.17	29.19	0.0	1.9796834015513245
3	9	2023	8.35	31.75	0.0	2.3684787269357592
4	9	2023	9.71	20.88	0.0	1.2152851399857652
5	9	2023	2.24	17.61	0.0	1.3639753432436272
6	9	2023	8.83	24.38	0.0	1.6863817414701745
7	9	2023	7.8	21.62	0.0	1.441943525154508
8	9	2023	3.45	22.9	0.0	1.7327443050148237
9	9	2023	7.52	24.26	0.0	1.68298233001951
10	9	2023	6.48	25.11	0.0	1.7814171928249496
11	9	2023	6.43	23.03	0.0	1.5793810631307237
12	9	2023	8.28	29.06	0.0	2.00831888456965
13	9	2023	11.28	23.1	0.29	1.2240295017927794
14	9	2023	7.61	20.47	0.0	1.21623725394924
15	9	2023	4.71	22.51	0.0	1.5604237406849066
16	9	2023	6.53	30.49	0.0	2.10113119952071
17	9	2023	7.39	31.5	0.0	2.272879563766977
18	9	2023	9.38	26.93	0.0	1.8328620638637976
19	9	2023	6.02	18.73	0.14	1.1770725697441649
20	9	2023	5.13	20.77	0.0	1.41757645479378
21	9	2023	3.06	21.9	0.0	1.5702567644719134
22	9	2023	4.44	23.18	0.0	1.60939583068849
23	9	2023	10.41	20.65	0.0	0.9269459853841836
24	9	2023	10.62	24.28	0.0	1.3427787364474162
25	9	2023	6.89	26.57	0.0	1.7573964588671422
26	9	2023	12.36	29.87	0.0	1.7757408509591428
27	9	2023	10.06	23.55	0.0	1.263542291604428
28	9	2023	5.74	19.96	0.0	1.1790045417127235
29	9	2023	2.44	18.72	1.34	1.2183987342369953
30	9	2023	2.42	10.79	15.38	0.5241950905773657
1	10	2023	7.41	9.91	4.35	0.1874058401040302
2	10	2023	6.96	14.55	1.66	0.5873372002345478
3	10	2023	5.21	16.42	0.0	0.825428785747618
4	10	2023	3.04	14.63	1.03	0.7969529808729746
5	10	2023	-0.83	8.9	0.0	0.5872264001765293
6	10	2023	-4.53	11.58	0.0	0.8493244521301091
7	10	2023	4.52	21.66	0.0	1.1862159619807593
8	10	2023	3.18	23.3	0.0	1.3277457393128504
9	10	2023	4.01	22.72	0.0	1.2547947752269897
10	10	2023	3.38	21.45	0.0	1.189820571504785
11	10	2023	4.56	16.93	0.0	0.8550111881391727
12	10	2023	1.8	11.07	0.0	0.5900359633373421
13	10	2023	-2.34	12.84	0.0	0.8353597841631598
14	10	2023	-0.3	12.91	0.0	0.7756996412318317
15	10	2023	-0.37	16.22	0.0	0.962440455361977
16	10	2023	1.74	18.81	0.0	1.050325848018986
17	10	2023	7.68	20.51	0.0	0.9372955887686132
18	10	2023	3.33	15.78	0.0	0.8096824874475592
19	10	2023	4.24	21.96	0.0	1.1490244594359231
20	10	2023	4.12	15.35	0.0	0.740636101684618
21	10	2023	-2.69	11.42	0.0	0.7423234916002648
22	10	2023	2.04	10.99	0.0	0.5525112717879905
23	10	2023	-3.72	2.87	3.54	0.3056498599928188
24	10	2023	-11.33	-4.09	0.0	0.2514736897234619
25	10	2023	-15.47	-5.29	0.0	0.290888766254716
26	10	2023	-13.21	-4.66	0.0	0.2723151734528798
27	10	2023	-8.26	-3.25	0.53	0.2041696969687433
28	10	2023	-10.03	-2.92	0.53	0.2694760414808891
29	10	2023	-8.5	-0.45	0.0	0.3304017997028187
30	10	2023	-13.62	-4.16	0.0	0.3007859601720617
31	10	2023	-13.63	2.25	0.0	0.5166672343201821
1	11	2023	-8.87	-0.12	0.0	0.3453636985488809
2	11	2023	-6.52	3.79	0.0	0.4535950123255532
3	11	2023	-5.76	1.44	0.0	0.321439916664095
4	11	2023	-5.54	3.62	1.02	0.414992252951662
5	11	2023	-0.22	2.82	0.83	0.1638774838401054
6	11	2023	0.89	3.31	0.0	0.1372606493129667
7	11	2023	0.18	3.14	5.42	0.1539208912130273
8	11	2023	-0.69	4.39	0.0	0.2723104114658031
9	11	2023	-5.63	0.49	0.0	0.2691089577403513
10	11	2023	-7.47	3.4	0.0	0.4431265566916476
11	11	2023	-2.67	8.72	0.0	0.5608310193790125
12	11	2023	-2.57	9.12	0.0	0.5758389959322349
13	11	2023	-3.46	9.41	0.0	0.6089369824596133
14	11	2023	-1.89	8.39	0.0	0.5173545750316495
15	11	2023	-5.14	6.79	0.0	0.5267705214033648
16	11	2023	-9.01	3.76	0.0	0.4757590257686127
17	11	2023	-3.04	12.05	0.0	0.711879769282525
18	11	2023	-2.7	14.08	0.0	0.7952218070886654
19	11	2023	-1.19	12.34	0.0	0.6790778809282468
20	11	2023	-4.03	6.19	0.0	0.4630132300405623
21	11	2023	-9.38	8.38	0.0	0.6439397052317885
22	11	2023	-9.31	-0.14	0.0	0.3261396505251032
23	11	2023	-16.9	-6.42	0.0	0.251314624717489
24	11	2023	-12.63	1.0	0.0	0.4165662179846189
25	11	2023	-8.49	1.42	0.0	0.3624482944775176
26	11	2023	-14.65	-4.38	0.29	0.2799855950789813
27	11	2023	-8.2	1.33	0.0	0.3564162229136683
28	11	2023	-4.4	5.83	0.0	0.4420948856451405
29	11	2023	-5.88	3.3	0.0	0.3706754117854717
30	11	2023	-9.81	-1.07	0.0	0.294383340414724
1	12	2023	-14.53	0.19	0.0	0.4027582863422339
2	12	2023	-11.8	0.65	0.0	0.3854642059578195
3	12	2023	-13.68	0.57	0.0	0.404665198946844
4	12	2023	-8.34	0.54	0.0	0.3168894709884935
5	12	2023	-8.93	8.41	0.0	0.6188652688688138
6	12	2023	-3.58	7.28	0.0	0.4739485296390406
7	12	2023	-0.33	3.1	0.75	0.1657969162100726
8	12	2023	-6.69	0.44	0.0	0.2686008030677065
9	12	2023	-9.58	-0.76	0.0	0.2927029907683988
10	12	2023	-7.91	1.53	0.0	0.3399581217956158
11	12	2023	-11.79	-1.06	0.0	0.3227154688843422
12	12	2023	-13.82	1.27	0.0	0.4212440174121436
13	12	2023	-6.64	8.82	0.0	0.5979442643911772
14	12	2023	-4.22	6.86	0.0	0.4669895275132042
15	12	2023	-5.17	4.41	0.0	0.3866075987135197
16	12	2023	-3.82	4.36	0.0	0.347297465973062
17	12	2023	-10.2	1.8	0.0	0.3919607303969469
18	12	2023	-11.02	2.47	0.0	0.426929333342127
19	12	2023	-3.12	-0.36	0.0	0.1186656498187379
20	12	2023	-5.07	6.01	0.0	0.4525416494324329
21	12	2023	-6.58	3.57	0.0	0.3884967456238154
22	12	2023	-5.85	10.35	0.0	0.6473993745071788
23	12	2023	-5.73	3.22	0.0	0.3531897584234154
24	12	2023	-12.29	0.46	0.0	0.3788374997747959
25	12	2023	-10.78	4.48	0.0	0.4933781824426603
26	12	2023	-9.79	6.99	0.0	0.5706916460053965
27	12	2023	-8.2	5.84	0.0	0.5066042923970139
28	12	2023	-8.42	9.72	0.0	0.656862776502805
29	12	2023	-8.5	3.7	0.0	0.4314417279563444
30	12	2023	-13.28	0.56	0.0	0.3931463190445892
31	12	2023	-9.52	4.26	0.0	0.4691998736984633
