Day	Month	Year	Tmin(c)	Tmax(c)	Prcp(mm)	Et0(mm)
1	1	2018	-31.35	-13.25	0.0	0.1825089666991719
2	1	2018	-21.65	-4.68	0.0	0.3198222499747525
3	1	2018	-13.85	-1.93	0.0	0.3334255648139745
4	1	2018	-13.42	-5.07	0.0	0.2321244208325624
5	1	2018	-13.86	-5.98	0.0	0.2131586099743479
6	1	2018	-12.04	1.49	0.0	0.4206010313113944
7	1	2018	-8.51	1.21	0.0	0.3508720182008598
8	1	2018	-9.77	-1.76	0.0	0.2698787532762478
9	1	2018	-10.98	0.33	0.0	0.3677669678789905
10	1	2018	-23.95	-17.27	0.48	0.0966430414815924
11	1	2018	-29.15	-21.84	0.0	0.0739347595200047
12	1	2018	-31.39	-20.43	0.0	0.1005321855459326
13	1	2018	-27.13	-7.82	0.0	0.2703821065645271
14	1	2018	-22.39	-9.63	0.0	0.2250968035521226
15	1	2018	-29.29	-14.99	0.0	0.162344947671777
16	1	2018	-20.79	-0.21	0.0	0.4340234122762973
17	1	2018	-8.95	3.62	0.0	0.4627468726171801
18	1	2018	-7.12	7.7	0.0	0.5964308722772423
19	1	2018	-4.98	4.1	0.0	0.3950294298029747
20	1	2018	-8.17	1.13	0.0	0.3531646774550701
21	1	2018	-11.9	-0.71	0.0	0.3607938285187431
22	1	2018	-10.77	3.81	0.0	0.5060571144905172
23	1	2018	-11.05	0.64	0.0	0.3972175283066523
24	1	2018	-10.54	-1.95	0.0	0.2945010657628996
25	1	2018	-9.23	-0.95	0.0	0.3030206797911657
26	1	2018	-12.65	-7.09	0.71	0.1673915738688554
27	1	2018	-19.25	-13.25	0.0	0.1242253748926279
28	1	2018	-21.44	-13.82	0.64	0.1411340987075995
29	1	2018	-22.43	-2.1	0.0	0.4059950798671967
30	1	2018	-12.07	2.83	0.0	0.5030745021195137
31	1	2018	-23.25	-14.26	0.0	0.1537142911172227
1	2	2018	-26.32	-14.94	0.0	0.1643353431246615
2	2	2018	-21.92	-17.46	4.08	0.0744692658657087
3	2	2018	-27.41	-20.31	1.31	0.0904263643893728
4	2	2018	-28.9	-16.46	0.0	0.1545791651840746
5	2	2018	-26.84	-15.6	0.0	0.1602837657398145
6	2	2018	-28.11	-17.59	0.0	0.136413516882418
7	2	2018	-27.44	-13.57	0.0	0.1972713173464364
8	2	2018	-26.44	-17.06	0.0	0.1359564796324957
9	2	2018	-28.74	-16.61	0.0	0.155631928154987
10	2	2018	-21.31	-9.8	0.0	0.2422778093704773
11	2	2018	-27.65	-15.97	0.0	0.1625435937326084
12	2	2018	-32.49	-12.35	0.0	0.221399566587274
13	2	2018	-19.08	2.02	0.0	0.634213724033091
14	2	2018	-13.67	1.07	2.41	0.5198112487005954
15	2	2018	-27.7	-12.94	0.0	0.2170361090933415
16	2	2018	-21.04	-4.12	0.0	0.4305006019345133
17	2	2018	-19.3	-10.68	0.0	0.2078803770268142
18	2	2018	-22.81	-12.83	0.0	0.1971809111166499
19	2	2018	-27.69	-13.62	0.0	0.2101169180259675
20	2	2018	-23.93	-12.08	0.0	0.2241184872766103
21	2	2018	-29.46	-10.31	0.0	0.2799789957272818
22	2	2018	-24.65	-8.87	0.0	0.3216351204220829
23	2	2018	-19.64	-6.84	0.0	0.3661909390621995
24	2	2018	-16.11	-1.61	0.0	0.5658468724697588
25	2	2018	-16.95	-1.13	0.0	0.5931925310211801
26	2	2018	-14.88	-4.51	0.0	0.4054838261833045
27	2	2018	-14.6	-1.84	0.0	0.5516202815665247
28	2	2018	-13.55	0.6	0.0	0.6831120496884157
1	3	2018	-18.03	-2.05	0.0	0.5805759736010635
2	3	2018	-13.05	-4.34	0.0	0.4397544876596495
3	3	2018	-7.88	-4.36	4.58	0.1488466959481734
4	3	2018	-10.94	-5.46	9.11	0.2024236012926416
5	3	2018	-14.76	-8.62	0.0	0.2050656411544142
6	3	2018	-17.71	-7.6	0.0	0.3228729504653724
7	3	2018	-23.7	-6.36	0.0	0.4240904300071413
8	3	2018	-24.19	-7.73	0.0	0.3844832520545259
9	3	2018	-12.46	-0.8	0.0	0.60495403301328
10	3	2018	-12.24	-1.03	0.0	0.5907642564525855
11	3	2018	-13.94	2.64	0.0	0.8305016248393752
12	3	2018	-15.73	-0.74	0.0	0.6668053149446721
13	3	2018	-15.8	2.32	0.0	0.8198149249981109
14	3	2018	-15.59	-0.98	0.0	0.6672014737413205
15	3	2018	-10.34	-2.96	0.0	0.4080431936287708
16	3	2018	-6.86	1.86	0.0	0.683704941566491
17	3	2018	-3.84	0.24	3.11	0.2269326852536116
18	3	2018	-5.93	1.36	1.05	0.5759901086416424
19	3	2018	-8.76	-0.5	0.0	0.5624830705675672
20	3	2018	-9.02	1.84	0.0	0.786591905346211
21	3	2018	-10.97	2.47	0.0	0.8806511810236373
22	3	2018	-8.79	0.73	0.0	0.7036998058640438
23	3	2018	-5.09	0.65	4.13	0.3326598023832655
24	3	2018	-9.67	3.07	0.0	0.93578951560158
25	3	2018	-6.09	1.75	0.0	0.7162977746108137
26	3	2018	-7.08	4.36	0.0	1.0318427379890998
27	3	2018	-9.39	3.85	0.0	1.04007309161783
28	3	2018	-13.37	-1.57	0.58	0.7339590047892532
29	3	2018	-18.38	-6.68	0.66	0.504938326220354
30	3	2018	-22.04	-12.29	0.0	0.3016231921997098
31	3	2018	-21.99	-9.95	0.0	0.4080250338857427
1	4	2018	-18.91	-5.45	0.0	0.5932062238544802
2	4	2018	-20.14	-4.99	0.0	0.6123371777036035
3	4	2018	-17.11	-3.84	0.0	0.668334935231805
4	4	2018	-18.13	-2.57	0.0	0.7312798567142127
5	4	2018	-18.24	-8.82	0.0	0.410952162544547
6	4	2018	-23.39	-9.22	0.0	0.4527506549376078
7	4	2018	-20.85	-4.86	0.0	0.6337926782058396
8	4	2018	-12.3	-2.67	0.0	0.6955616306486694
9	4	2018	-7.25	1.21	0.0	0.8629776697229572
10	4	2018	-9.65	6.99	0.0	1.345945818991829
11	4	2018	-2.88	2.14	0.68	0.6359848936630607
12	4	2018	-4.93	-0.67	0.0	0.4432827385898498
13	4	2018	-4.8	1.02	0.0	0.7241204280418273
14	4	2018	-3.21	7.38	0.0	1.438404286544248
15	4	2018	-3.1	9.13	0.0	1.555944158762483
16	4	2018	-1.06	4.8	3.33	0.7075979634602795
17	4	2018	-2.11	1.65	4.83	0.2883289581394191
18	4	2018	-5.0	9.72	0.0	1.5949261901590304
19	4	2018	-1.41	12.23	0.0	1.7721364946866005
20	4	2018	0.06	18.23	0.0	2.152157595371568
21	4	2018	1.4	19.19	0.0	2.2265883163458344
22	4	2018	2.3	13.68	0.0	1.8492607478315484
23	4	2018	-0.66	13.27	0.0	1.8440771010620307
24	4	2018	-1.1	20.11	0.0	2.2481554639532
25	4	2018	3.21	17.27	0.0	2.1098884642484244
26	4	2018	-0.54	21.86	0.0	2.361211782214526
27	4	2018	-0.38	16.36	0.0	2.043337629010684
28	4	2018	2.01	26.45	0.0	2.574118750533388
29	4	2018	6.47	20.35	0.0	2.2264507072334063
30	4	2018	0.87	11.32	0.0	1.5179578630271486
1	5	2018	-2.75	16.9	0.0	1.985572801809912
2	5	2018	0.79	18.42	0.0	2.118492251527855
3	5	2018	5.53	21.57	0.0	2.337743716051517
4	5	2018	4.75	24.03	0.0	2.5032234728204004
5	5	2018	5.61	24.41	0.0	2.5310253525553645
6	5	2018	4.43	27.16	0.0	2.6903829940426807
7	5	2018	11.2	26.29	0.0	2.6271277786734673
8	5	2018	8.67	16.54	6.82	1.3727536087015446
9	5	2018	3.31	13.01	0.0	1.5646437294668818
10	5	2018	3.01	10.39	3.16	0.9081638478310692
11	5	2018	4.28	9.79	1.44	0.8284583679721129
12	5	2018	2.87	18.33	0.0	2.14334702838881
13	5	2018	6.17	25.99	0.0	2.663021225243861
14	5	2018	3.81	24.55	0.0	2.5573960907823894
15	5	2018	11.51	31.37	0.0	3.009808675015195
16	5	2018	9.61	27.46	0.0	2.744221898050818
17	5	2018	7.25	14.63	2.17	0.994339810640617
18	5	2018	3.84	17.84	0.0	2.07913625502588
19	5	2018	2.07	21.45	0.0	2.349533518446838
20	5	2018	2.65	24.75	0.0	2.5680927206255677
21	5	2018	10.65	29.85	0.0	2.9190152607680138
22	5	2018	9.75	26.65	0.0	2.6898029630262816
23	5	2018	9.05	28.91	2.86	2.617603789227857
24	5	2018	11.38	26.84	1.6	2.679899235632547
25	5	2018	10.42	27.49	0.0	2.7531362327820847
26	5	2018	10.2	29.82	1.97	2.9359299207043588
27	5	2018	9.61	25.43	0.0	2.6118162032096985
28	5	2018	9.79	30.25	0.0	2.9802291131905205
29	5	2018	13.07	27.24	0.0	2.6869033161187303
30	5	2018	10.22	22.93	5.64	1.9091626186585755
31	5	2018	8.18	14.05	0.0	0.872841146049286
1	6	2018	8.19	14.06	9.66	0.6376510737846568
2	6	2018	6.93	18.58	0.0	1.874608491833132
3	6	2018	7.5	24.12	0.0	2.5885648783906063
4	6	2018	10.31	28.01	2.76	2.5478716763794056
5	6	2018	9.71	21.1	0.0	2.1457822471713786
6	6	2018	6.87	26.64	0.0	2.7887103329826055
7	6	2018	8.46	27.24	0.0	2.8202695432005926
8	6	2018	12.49	25.19	0.0	2.5092530076327555
9	6	2018	12.73	30.65	0.0	3.019083057629849
10	6	2018	13.28	24.03	0.0	2.1900931073086873
11	6	2018	6.01	17.85	0.0	1.914371600582708
12	6	2018	7.24	21.93	0.0	2.4063592425550095
13	6	2018	7.71	25.57	0.0	2.705142539651113
14	6	2018	9.15	22.9	1.37	2.4473964042213163
15	6	2018	8.96	23.31	0.0	2.503398119379041
16	6	2018	7.5	20.91	0.0	2.299974659995942
17	6	2018	7.77	25.2	0.0	2.679291861579197
18	6	2018	8.45	27.1	0.0	2.8178957952665593
19	6	2018	11.21	26.27	0.0	2.7159781608831546
20	6	2018	10.08	29.04	0.0	2.954177309457084
21	6	2018	12.15	29.3	0.0	2.947285532120602
22	6	2018	14.25	27.94	0.0	2.779465694755985
23	6	2018	12.4	26.54	9.3	2.3940862356970065
24	6	2018	14.78	25.86	0.0	2.400304728488479
25	6	2018	14.06	29.61	2.21	2.5262874466044782
26	6	2018	12.24	24.72	0.0	2.46414635509571
27	6	2018	7.11	25.32	0.0	2.7177436891078948
28	6	2018	7.55	24.22	0.0	2.629686631343433
29	6	2018	10.82	22.68	0.0	2.286174421031011
30	6	2018	12.08	24.62	5.29	1.99661174572125
1	7	2018	10.86	20.89	4.07	1.4610478631192354
2	7	2018	8.64	22.46	3.63	1.8481280875015216
3	7	2018	6.29	20.56	9.26	1.7376463278217216
4	7	2018	10.28	19.03	5.6	1.0710378737389632
5	7	2018	7.86	24.8	0.0	2.422271723889475
6	7	2018	14.4	33.22	0.0	3.0354213136237425
7	7	2018	14.11	30.14	0.0	2.706988748672721
8	7	2018	10.53	24.88	0.0	2.272011473657818
9	7	2018	9.48	28.5	0.0	2.731934863859161
10	7	2018	12.8	29.03	4.65	2.14103972188128
11	7	2018	14.29	25.37	0.0	1.890342495135301
12	7	2018	13.87	28.91	0.0	2.483348611194175
13	7	2018	13.42	32.29	0.0	2.8996416455590457
14	7	2018	11.99	21.25	0.0	1.4469296775543936
15	7	2018	8.44	25.5	0.0	2.3931750383619814
16	7	2018	6.69	26.25	0.0	2.5368339728964937
17	7	2018	10.53	34.05	0.0	3.161024885888092
18	7	2018	15.82	31.06	0.0	2.6469175706504977
19	7	2018	13.82	28.09	0.0	2.402243595958684
20	7	2018	12.91	29.67	0.0	2.6691883602718542
21	7	2018	14.91	27.39	0.0	2.1843034322393944
22	7	2018	10.89	23.33	0.0	1.971286550809633
23	7	2018	9.07	23.56	0.0	2.1476188760923156
24	7	2018	8.32	23.21	2.25	1.7365831284609836
25	7	2018	9.19	21.58	0.0	1.8282916305679424
26	7	2018	6.48	23.49	0.0	2.2273014245114493
27	7	2018	9.58	23.57	0.0	2.0609459605905935
28	7	2018	8.65	26.85	0.0	2.479962680107074
29	7	2018	8.66	29.47	0.0	2.702633113839518
30	7	2018	11.17	32.24	0.0	2.8666437645107785
31	7	2018	11.92	24.45	0.0	1.8982981645811885
1	8	2018	7.82	28.47	0.0	2.586552357379421
2	8	2018	14.59	30.89	3.27	2.0507571107685467
3	8	2018	13.16	29.0	2.96	1.8957686799695104
4	8	2018	13.23	22.84	2.28	1.030066298765289
5	8	2018	13.04	23.29	2.36	1.1170418221920422
6	8	2018	10.69	29.5	0.0	2.455790361669641
7	8	2018	12.51	31.22	0.0	2.585148506386305
8	8	2018	11.59	30.07	0.0	2.501192598630704
9	8	2018	13.0	33.82	0.0	2.815363489765592
10	8	2018	14.0	38.96	0.0	3.1910063119229863
11	8	2018	15.03	35.16	0.0	2.820909632336697
12	8	2018	12.96	23.38	0.74	1.445391713163584
13	8	2018	8.43	17.33	0.0	1.015466706595879
14	8	2018	3.79	28.2	0.0	2.4611487593512007
15	8	2018	11.35	28.87	0.0	2.3077117612029268
16	8	2018	9.74	28.48	0.0	2.3595462417814197
17	8	2018	10.43	32.54	0.0	2.68439675667248
18	8	2018	10.43	24.8	0.0	1.865932574480743
19	8	2018	3.7	23.93	0.0	2.0816594410475875
20	8	2018	5.24	23.15	0.0	1.9479254543700328
21	8	2018	5.42	26.9	0.0	2.26096272333939
22	8	2018	9.55	30.56	0.0	2.4706979386757766
23	8	2018	8.79	28.8	0.0	2.332241302502171
24	8	2018	8.43	20.5	0.0	1.3891854665669292
25	8	2018	7.48	19.4	0.0	1.3401167478982416
26	8	2018	8.08	17.66	2.23	0.8047131623524647
27	8	2018	7.74	13.45	3.78	0.4774295256207954
28	8	2018	6.32	18.91	0.0	1.3340361780218373
29	8	2018	6.54	26.9	0.0	2.1923608999895783
30	8	2018	10.02	22.51	1.07	1.500355109762423
31	8	2018	7.53	19.99	0.0	1.464191033107195
1	9	2018	6.67	19.94	0.0	1.5183809359259577
2	9	2018	3.59	20.26	0.0	1.70812449651743
3	9	2018	4.63	22.25	0.0	1.862611386046582
4	9	2018	2.78	14.72	0.0	1.14453615714956
5	9	2018	-0.33	21.69	0.0	1.877755311966792
6	9	2018	3.32	24.4	0.0	2.0285232632557304
7	9	2018	7.38	24.74	0.0	1.9303068418360845
8	9	2018	11.18	27.76	0.0	2.0359540152323485
9	9	2018	7.87	22.12	0.0	1.610533590252244
10	9	2018	3.72	22.38	0.0	1.8130828025005237
11	9	2018	6.37	17.11	0.0	1.081291562363014
12	9	2018	4.78	14.43	4.18	0.7069727675340027
13	9	2018	3.88	11.25	2.64	0.5264759833562309
14	9	2018	1.94	8.77	0.0	0.5056810975918673
15	9	2018	5.26	11.93	4.44	0.4981140094725952
16	9	2018	6.69	9.78	6.75	0.2449793162636208
17	9	2018	3.78	12.51	0.45	0.695078208977251
18	9	2018	4.24	11.28	0.0	0.569462450445878
19	9	2018	2.53	14.52	0.0	0.9790110690324773
20	9	2018	2.97	10.81	0.0	0.6127713493304328
21	9	2018	0.91	7.89	3.82	0.4616530025804211
22	9	2018	-0.55	0.99	8.1	0.1027496464381714
23	9	2018	-0.31	4.11	0.49	0.3113083092416629
24	9	2018	-0.31	12.65	1.03	0.9548687931937592
25	9	2018	1.27	13.48	0.82	0.931171154328344
26	9	2018	3.49	16.15	0.0	1.0333278333562967
27	9	2018	-1.36	8.82	0.0	0.6737603842369094
28	9	2018	-3.74	8.35	0.0	0.7287437418725374
29	9	2018	-1.76	6.75	0.0	0.5538286435271979
30	9	2018	-7.57	3.9	0.98	0.6090071035684907
1	10	2018	-2.29	4.92	1.88	0.4551037809400156
2	10	2018	-1.71	2.75	2.29	0.259065151575598
3	10	2018	-2.82	5.02	0.0	0.4884751797811051
4	10	2018	-6.05	5.0	0.0	0.6056146117589214
5	10	2018	-3.25	8.54	0.0	0.76071291830026
6	10	2018	-4.63	11.82	0.0	1.0068881397958978
7	10	2018	-2.71	13.31	0.0	1.0581394140942209
8	10	2018	-2.56	1.48	0.0	0.2491471592493261
9	10	2018	-3.87	1.08	0.0	0.2914867559120271
10	10	2018	-6.94	4.29	0.0	0.5864111804929658
11	10	2018	-9.0	6.18	0.0	0.7264247800657058
12	10	2018	-4.65	7.8	7.35	0.6264330260042805
13	10	2018	-5.58	-1.39	0.0	0.2218937738236111
14	10	2018	-9.77	3.86	0.0	0.5906003254389536
15	10	2018	-0.61	13.05	0.0	0.8802160446058352
16	10	2018	-0.34	11.01	0.0	0.7110074120816581
17	10	2018	-1.49	21.33	0.0	1.3604667842660023
18	10	2018	2.31	19.03	0.0	1.1457941602091315
19	10	2018	-3.14	13.06	0.0	0.8851914098674191
20	10	2018	-6.83	17.4	0.0	1.1428219376535136
21	10	2018	-1.72	14.56	0.0	0.9099411213214632
22	10	2018	-6.04	11.37	0.0	0.8197977782641206
23	10	2018	-3.94	16.14	0.0	1.0245144625215403
24	10	2018	-1.88	19.46	0.0	1.1679677110536597
25	10	2018	-0.26	15.4	0.0	0.8869881246546593
26	10	2018	-1.98	12.61	0.0	0.7779147429374356
27	10	2018	-0.63	12.75	0.0	0.743460916818892
28	10	2018	-5.47	9.44	0.0	0.6911410627346511
29	10	2018	-0.22	9.66	0.0	0.5499246459964515
30	10	2018	-1.89	7.25	0.0	0.4760191552893986
31	10	2018	-3.46	10.3	0.0	0.6763200510534744
1	11	2018	-3.0	3.79	2.29	0.3126532720979504
2	11	2018	-2.36	-0.27	4.09	0.0988505374451817
3	11	2018	-4.87	0.97	0.0	0.2603333124098747
4	11	2018	-2.76	3.55	3.3	0.2911096328530123
5	11	2018	-8.43	-1.48	1.36	0.27083159045676
6	11	2018	-13.0	-8.69	0.0	0.1292758869612242
7	11	2018	-12.8	-10.16	0.0	0.0788876442850828
8	11	2018	-17.95	-9.76	0.36	0.191810640875075
9	11	2018	-21.83	-3.82	2.47	0.349085763715182
10	11	2018	-9.89	-3.2	1.04	0.2379875975419286
11	11	2018	-11.51	-6.59	0.0	0.1578259333430602
12	11	2018	-16.34	-4.14	0.0	0.3211528054577212
13	11	2018	-8.7	4.83	0.0	0.5219509321831529
14	11	2018	-1.61	5.92	0.0	0.3808214170281261
15	11	2018	-2.06	3.92	0.82	0.2944027108058907
16	11	2018	-16.92	-5.26	0.0	0.2926302527728555
17	11	2018	-19.42	-6.19	0.0	0.2903750921044893
18	11	2018	-11.42	-6.34	1.27	0.1612888071340444
19	11	2018	-13.06	1.23	0.0	0.4448975801450144
20	11	2018	-5.72	3.06	0.0	0.3763616485296428
21	11	2018	-5.81	2.33	0.0	0.3468860500899584
22	11	2018	-2.03	5.94	0.0	0.3957232515257221
23	11	2018	-5.56	3.37	0.0	0.385779801147644
24	11	2018	-7.99	-5.09	0.0	0.1088324052125025
25	11	2018	-8.27	-4.82	0.0	0.1285354747519259
26	11	2018	-7.31	-3.33	0.0	0.1561086563354976
27	11	2018	-4.97	-0.18	0.0	0.2104407644733346
28	11	2018	-6.39	-2.34	0.0	0.1661597836883719
29	11	2018	-6.18	-0.24	0.0	0.2481645242411377
30	11	2018	-8.51	-2.75	0.0	0.2157450863337868
1	12	2018	-7.54	-4.78	5.87	0.1010790143736086
2	12	2018	-8.74	-4.13	0.0	0.1687519016014921
3	12	2018	-13.32	-4.81	0.0	0.2504169722302207
4	12	2018	-13.96	-6.28	1.15	0.2167922707880037
5	12	2018	-13.82	-6.53	0.61	0.2065635199221537
6	12	2018	-14.83	-8.74	0.0	0.1613751617706031
7	12	2018	-19.18	-7.42	0.0	0.2499939952005268
8	12	2018	-18.07	-7.21	0.0	0.244409013779735
9	12	2018	-15.17	-2.76	0.0	0.3311773882313816
10	12	2018	-13.49	1.24	0.0	0.4317440342769052
11	12	2018	-8.31	0.65	0.0	0.3315776364705729
12	12	2018	-5.35	0.78	0.0	0.257457369976026
13	12	2018	-9.41	2.94	0.0	0.436332882044795
14	12	2018	-8.13	5.21	0.0	0.4985265454648812
15	12	2018	-2.87	4.6	0.0	0.346157033702168
16	12	2018	-11.95	-3.23	0.0	0.2684651317701069
17	12	2018	-7.94	4.99	0.0	0.4858597165400149
18	12	2018	-4.25	4.65	0.0	0.3901539235262179
19	12	2018	-3.74	2.77	0.0	0.2910195382686205
20	12	2018	-7.63	2.57	0.0	0.3876405479598154
21	12	2018	-4.6	3.45	0.0	0.3481027646735795
22	12	2018	-8.87	-4.52	0.0	0.1524125905984957
23	12	2018	-15.47	-5.11	2.73	0.2559700915268524
24	12	2018	-15.51	-8.45	1.54	0.1773458263179333
25	12	2018	-16.84	-9.49	0.0	0.1713433065243707
26	12	2018	-13.81	-6.57	0.0	0.1998625284400106
27	12	2018	-18.72	-8.91	1.06	0.2084898433492711
28	12	2018	-18.51	-5.32	0.0	0.2906224773430803
29	12	2018	-12.46	-3.23	1.27	0.2767634071501252
30	12	2018	-18.78	-9.8	0.86	0.1885286740375501
31	12	2018	-26.41	-15.25	0.0	0.1463929326696055
1	1	2019	-24.36	-1.88	0.0	0.3815591394755392
2	1	2019	-9.62	4.05	0.0	0.4759049886296983
3	1	2019	-4.99	3.92	0.0	0.3738529865904931
4	1	2019	-7.66	2.9	0.0	0.3977797973226239
5	1	2019	-6.33	-2.67	0.0	0.1409071929993478
6	1	2019	-5.9	2.03	0.0	0.3200163537461387
7	1	2019	-13.03	-2.63	1.05	0.3042461905509933
8	1	2019	-20.8	-14.24	0.0	0.1175254123218065
9	1	2019	-21.92	-7.86	0.0	0.256964176918156
10	1	2019	-14.33	-7.05	0.0	0.1945072524448808
11	1	2019	-17.13	-8.75	0.0	0.1937241601311386
12	1	2019	-13.43	0.89	0.0	0.4249404674464686
13	1	2019	-11.86	-0.58	0.0	0.3575074594147328
14	1	2019	-11.64	-1.07	0.0	0.3382026851409029
15	1	2019	-16.21	-4.9	0.0	0.2867133670143607
16	1	2019	-17.32	-13.16	0.7	0.0913062972564783
17	1	2019	-23.86	-15.84	0.0	0.1232374323675743
18	1	2019	-26.48	-17.34	0.0	0.1195016837632509
19	1	2019	-20.39	-14.79	4.36	0.1001180212954808
20	1	2019	-18.68	-10.12	0.0	0.1864522801551563
21	1	2019	-17.71	-5.64	0.0	0.2890233814784462
22	1	2019	-14.52	-2.77	0.0	0.3360854979907307
23	1	2019	-21.17	-4.81	0.0	0.3340325850525372
24	1	2019	-28.04	-8.41	0.0	0.2690501845793754
25	1	2019	-20.29	-3.5	0.0	0.3649041199004054
26	1	2019	-10.7	0.44	1.94	0.3921677314570972
27	1	2019	-7.22	3.83	1.74	0.4581695947210122
28	1	2019	-21.64	-10.33	0.0	0.2190573433242423
29	1	2019	-28.93	-19.73	0.0	0.1059360408147422
30	1	2019	-22.7	-10.27	0.45	0.2297320383888769
31	1	2019	-14.23	-0.23	0.0	0.4296370546755015
1	2	2019	-18.8	-7.99	0.0	0.2541245232934077
2	2	2019	-22.34	-15.89	0.0	0.1160052492232304
3	2	2019	-25.36	-21.47	1.4	0.054904425864753
4	2	2019	-26.19	-22.48	3.59	0.0461819611900143
5	2	2019	-32.89	-22.79	0.0	0.0917538513256115
6	2	2019	-36.16	-25.98	0.0	0.071835109659982
7	2	2019	-37.66	-24.59	0.0	0.0857625642995651
8	2	2019	-36.69	-24.63	0.0	0.08472349181533
9	2	2019	-33.24	-23.58	0.0	0.086543024767262
10	2	2019	-31.3	-21.24	0.0	0.1058636054220604
11	2	2019	-28.6	-17.47	1.7	0.1462223087665232
12	2	2019	-31.73	-20.0	0.48	0.1240477111965242
13	2	2019	-28.22	-20.34	0.0	0.103103442945839
14	2	2019	-32.38	-20.04	0.0	0.1268643546431626
15	2	2019	-32.5	-17.57	2.08	0.1463544145548607
16	2	2019	-21.36	-14.48	4.51	0.1333571140550989
17	2	2019	-20.78	-15.14	1.33	0.1217978294757315
18	2	2019	-26.51	-18.04	0.0	0.1301450515111478
19	2	2019	-28.29	-10.9	0.0	0.2603784190650694
20	2	2019	-23.01	-8.47	1.16	0.3026986736829308
21	2	2019	-23.78	-12.56	0.0	0.2174565369902067
22	2	2019	-27.15	-11.07	0.0	0.2618597169080675
23	2	2019	-23.6	-13.81	0.48	0.1932298413279098
24	2	2019	-31.12	-20.14	0.0	0.130308642915783
25	2	2019	-33.41	-18.88	0.0	0.151859352413837
26	2	2019	-29.18	-16.9	0.0	0.1724725118184533
27	2	2019	-22.08	-8.72	0.0	0.3255637324666804
28	2	2019	-17.86	-8.25	0.0	0.2923035582989217
1	3	2019	-26.68	-16.42	0.0	0.1720184744254347
2	3	2019	-32.98	-20.84	0.0	0.1320105855207049
3	3	2019	-26.68	-16.27	0.0	0.1775562958923896
4	3	2019	-22.76	-11.12	0.0	0.2715970901592247
5	3	2019	-18.6	-8.98	0.0	0.2949684979040768
6	3	2019	-25.71	-13.56	0.0	0.2274519513683871
7	3	2019	-23.41	-8.33	0.0	0.3725885363364474
8	3	2019	-16.75	-4.77	0.0	0.4744010348285744
9	3	2019	-15.8	-5.15	0.0	0.445507232453135
10	3	2019	-21.48	-6.4	0.0	0.4475278852434298
11	3	2019	-16.8	1.55	0.0	0.7814811400066832
12	3	2019	-3.37	3.36	0.0	0.5994141434329255
13	3	2019	-5.67	2.43	0.0	0.6851489359311238
14	3	2019	-9.7	1.39	0.0	0.7740417290096817
15	3	2019	-11.6	2.83	0.0	0.9049544946123308
16	3	2019	-8.75	3.59	0.0	0.93829863309113
17	3	2019	-10.5	4.25	0.0	1.0079391942674203
18	3	2019	-3.37	5.23	0.0	0.9064874772354488
19	3	2019	-3.49	9.9	0.0	1.379708622139628
20	3	2019	-2.16	13.59	0.0	1.6347928343911766
21	3	2019	-1.83	12.05	0.0	1.5587581733201734
22	3	2019	-1.8	14.36	0.0	1.692507302923275
23	3	2019	-2.06	13.3	0.0	1.6369466019083867
24	3	2019	-4.24	4.57	0.0	0.931968224950599
25	3	2019	-6.72	4.45	0.0	1.0787514247610075
26	3	2019	-1.05	16.84	0.0	1.8588038353617715
27	3	2019	-1.31	5.98	0.0	0.9778450520482876
28	3	2019	-5.94	7.24	0.0	1.3142775369753312
29	3	2019	-4.69	4.72	0.0	1.0748415000394955
30	3	2019	-6.02	14.38	0.0	1.686112867694159
31	3	2019	-4.89	5.63	0.0	1.1849986698558614
1	4	2019	-3.42	8.65	1.21	1.413381421790488
2	4	2019	-5.91	5.22	0.0	1.1763813267586205
3	4	2019	-7.94	11.98	0.0	1.557918852602371
4	4	2019	-1.05	13.99	0.0	1.7492002075333073
5	4	2019	-3.71	8.67	0.0	1.425752420778984
6	4	2019	1.03	10.38	0.86	1.4814406507289597
7	4	2019	0.42	16.9	0.0	1.9508415812975075
8	4	2019	-2.93	16.61	0.0	1.9022398916446623
9	4	2019	-4.64	10.39	0.0	1.5417135700148834
10	4	2019	-5.24	9.08	0.0	1.4697585311280057
11	4	2019	-7.66	7.85	0.0	1.386354285755031
12	4	2019	-8.62	10.0	0.0	1.4870988937631284
13	4	2019	-5.08	15.2	0.0	1.8160465266174817
14	4	2019	3.52	16.76	0.0	1.953528201249336
15	4	2019	-1.1	13.99	0.0	1.7890540170966276
16	4	2019	-4.42	13.67	0.0	1.7535604218854064
17	4	2019	0.12	15.5	0.0	1.892117213308504
18	4	2019	-0.63	17.52	0.0	2.0219959131113217
19	4	2019	5.8	20.91	0.0	2.1812155697116222
20	4	2019	3.65	17.24	0.0	1.944722137451783
21	4	2019	-1.85	14.67	0.0	1.7925046851716058
22	4	2019	-1.37	21.25	0.0	2.178492220007544
23	4	2019	6.14	20.58	0.0	2.1667794549685886
24	4	2019	0.75	17.65	0.0	1.9929826787762153
25	4	2019	-2.11	12.69	0.0	1.677383190305813
26	4	2019	-3.81	11.08	0.0	1.5748949590164445
27	4	2019	-1.56	10.25	7.87	1.409164100543978
28	4	2019	-5.13	3.05	4.56	0.7267893517415783
29	4	2019	-9.5	5.8	0.0	1.2608358092924985
30	4	2019	-4.89	9.13	1.95	1.469792732868657
1	5	2019	-6.85	9.71	0.29	1.5516703331437625
2	5	2019	-3.19	11.21	0.0	1.603563858825477
3	5	2019	-4.65	11.9	0.0	1.6489707517395318
4	5	2019	-3.81	8.3	0.0	1.3962547666802314
5	5	2019	-7.34	7.01	0.0	1.3531451972590804
6	5	2019	-6.92	12.02	0.0	1.6418804208035207
7	5	2019	-0.05	15.22	0.0	1.8821420487769451
8	5	2019	-4.55	12.58	0.0	1.706416432545986
9	5	2019	1.36	14.54	0.0	1.8328065037092116
10	5	2019	3.72	18.76	2.59	1.9583361232783147
11	5	2019	1.53	16.31	0.0	1.969801533040668
12	5	2019	2.63	24.93	0.0	2.550026499250548
13	5	2019	4.48	20.51	0.0	2.2662083779725672
14	5	2019	2.24	22.15	0.0	2.3807475774999327
15	5	2019	5.99	19.99	0.0	2.2102005651689023
16	5	2019	-0.6	15.37	0.0	1.9266849519541045
17	5	2019	0.38	16.12	0.0	1.9804742344420905
18	5	2019	0.8	14.21	0.0	1.8437008160005652
19	5	2019	-2.59	15.67	0.0	1.9509915816681256
20	5	2019	-0.93	18.76	0.0	2.1608736132747524
21	5	2019	1.26	19.88	0.0	2.250167324038711
22	5	2019	3.51	23.32	0.0	2.4956310025531443
23	5	2019	4.44	23.74	0.0	2.526262179907426
24	5	2019	4.22	22.4	0.0	2.435118852122093
25	5	2019	4.98	15.65	3.6	1.7518649909361448
26	5	2019	0.91	18.97	0.0	2.2008180748580295
27	5	2019	1.88	21.42	0.0	2.369253711397713
28	5	2019	5.94	27.08	0.0	2.759900956354409
29	5	2019	9.65	29.98	0.0	2.951728467645371
30	5	2019	10.64	32.22	0.0	3.0995322084134194
31	5	2019	5.56	21.39	0.0	2.3438860384302886
1	6	2019	6.11	24.95	0.0	2.609937599521863
2	6	2019	10.9	32.97	0.0	3.1520769331731446
3	6	2019	9.2	34.2	0.0	3.2282447910994723
4	6	2019	11.64	25.04	0.0	2.5040002562936303
5	6	2019	9.91	24.88	0.0	2.5452524115836295
6	6	2019	12.89	26.56	0.0	2.608610295289587
7	6	2019	8.47	21.65	0.0	2.308188930891962
8	6	2019	3.53	16.88	0.0	2.0131710946575816
9	6	2019	4.16	20.04	0.0	2.259751187955997
10	6	2019	3.19	23.74	0.0	2.534635231539165
11	6	2019	6.76	21.59	2.56	2.156769307942639
12	6	2019	6.57	24.97	1.22	2.6210491444322734
13	6	2019	8.74	29.69	2.23	2.6920942634469345
14	6	2019	12.0	23.57	4.03	2.1992515847057788
15	6	2019	10.02	20.13	6.54	1.8705085141319255
16	6	2019	8.98	17.45	3.44	1.3781724214277402
17	6	2019	6.16	21.91	0.0	2.398493068677659
18	6	2019	8.29	26.66	0.0	2.7476279320541983
19	6	2019	10.57	22.44	29.0	1.9847985274868176
20	6	2019	7.93	14.51	8.59	0.6313199779776972
21	6	2019	6.43	15.76	25.2	0.9808590904971566
22	6	2019	11.09	15.0	11.69	0.4170496459783767
23	6	2019	9.54	21.86	3.0	1.339908990108179
24	6	2019	9.1	20.74	0.0	1.5556604684389312
25	6	2019	8.98	21.66	0.0	1.7155504678720364
26	6	2019	7.97	23.98	0.0	2.1032890903658386
27	6	2019	11.81	25.03	14.49	1.546252304543288
28	6	2019	13.91	22.99	3.73	1.0282103762166377
29	6	2019	13.5	24.71	0.0	1.6438900867224242
30	6	2019	9.46	22.2	0.0	1.7206945541227945
1	7	2019	8.92	27.16	3.96	1.9271872429525048
2	7	2019	5.72	20.18	0.0	1.755013208129653
3	7	2019	8.07	20.32	0.0	1.611401451385701
4	7	2019	8.2	20.51	0.0	1.6250374024181788
5	7	2019	11.32	20.22	0.0	1.2117892559038042
6	7	2019	11.14	25.44	0.0	2.0402419450758904
7	7	2019	13.96	27.38	0.0	2.04259587962122
8	7	2019	13.94	23.61	0.0	1.4380857434042753
9	7	2019	11.53	22.84	0.0	1.6395785493737802
10	7	2019	9.41	26.06	0.0	2.2298310064869664
11	7	2019	13.86	24.6	0.0	1.645355173020336
12	7	2019	10.35	24.33	0.81	1.97776822122733
13	7	2019	12.12	29.49	6.87	1.9854777329473436
14	7	2019	14.18	27.75	11.91	1.6199610575681136
15	7	2019	12.83	25.02	0.0	1.737483972301008
16	7	2019	11.32	19.56	13.09	0.9229020698310232
17	7	2019	11.92	23.08	4.53	1.239573027107856
18	7	2019	11.16	25.42	1.95	1.8819341940735528
19	7	2019	9.45	17.85	5.0	0.9095747620534818
20	7	2019	9.84	22.35	0.0	1.5702160966473038
21	7	2019	10.54	24.61	0.0	1.7794677023394645
22	7	2019	10.38	27.33	0.0	2.0657515150435777
23	7	2019	14.37	29.82	0.0	2.046507242059134
24	7	2019	15.82	30.6	5.68	1.6272522558506668
25	7	2019	10.75	21.14	3.4	1.1007576123354557
26	7	2019	12.29	25.75	0.0	1.6836928710528698
27	7	2019	12.45	32.03	0.0	2.354645886418552
28	7	2019	9.45	22.18	0.0	1.4924885971732982
29	7	2019	5.54	25.0	0.0	2.003963165265124
30	7	2019	12.24	30.14	0.0	2.1632045323811036
31	7	2019	12.28	26.86	0.0	1.7967049109642643
1	8	2019	14.22	33.11	0.0	2.317126787338804
2	8	2019	16.24	34.67	0.0	2.32133763775585
3	8	2019	16.04	28.86	0.0	1.630162662044178
4	8	2019	10.23	26.19	0.0	1.817591211306721
5	8	2019	10.37	29.28	0.0	2.108174900720085
6	8	2019	10.65	22.82	0.91	1.3642541302419549
7	8	2019	5.78	22.22	0.0	1.6372061247954606
8	8	2019	7.08	25.27	0.0	1.8515237443016248
9	8	2019	10.79	27.36	2.22	1.5564299491653244
10	8	2019	9.4	20.36	0.0	1.1787770855625168
11	8	2019	8.43	22.84	7.62	1.3073703028495482
12	8	2019	10.29	15.55	16.09	0.5175306491482432
13	8	2019	7.17	20.86	0.0	1.3726560158201522
14	8	2019	9.94	24.22	0.0	1.5049142548250014
15	8	2019	10.15	25.37	0.0	1.5846640132716268
16	8	2019	10.76	20.58	0.0	1.072427043756919
17	8	2019	5.36	17.99	0.0	1.1966847032381551
18	8	2019	4.32	22.08	0.0	1.5687085626846131
19	8	2019	5.25	22.45	0.0	1.5528208807951005
20	8	2019	4.0	23.03	0.0	1.632670710768206
21	8	2019	6.25	26.65	0.0	1.8174854541798309
22	8	2019	12.62	25.77	1.84	1.4057023631301395
23	8	2019	9.9	21.31	0.0	1.1689393126429382
24	8	2019	11.94	28.67	7.83	1.519426040942395
25	8	2019	11.41	21.57	10.74	0.9523764641602348
26	8	2019	8.91	19.93	0.0	1.0965982016675613
27	8	2019	8.23	19.48	0.0	1.0975517915740929
28	8	2019	6.79	22.84	0.91	1.4657419099183495
29	8	2019	5.55	19.82	0.0	1.2779180449887098
30	8	2019	6.35	20.46	0.0	1.2844325537584165
31	8	2019	7.57	21.87	1.59	1.3345171672625815
1	9	2019	9.74	21.76	1.75	1.192912634816109
2	9	2019	10.41	22.37	1.54	1.1986294978532388
3	9	2019	7.16	25.27	0.0	1.6018837047174097
4	9	2019	10.43	24.63	3.08	1.246780974101104
5	9	2019	8.0	22.96	0.0	1.3735476123717094
6	9	2019	5.31	21.61	0.0	1.3848764959712268
7	9	2019	7.4	22.03	0.0	1.3189030168565945
8	9	2019	6.54	20.87	0.0	1.2636227885197684
9	9	2019	8.55	13.08	19.01	0.3887952718795016
10	9	2019	8.0	10.93	16.33	0.2522243943484145
11	9	2019	8.62	14.1	3.94	0.4691204193240306
12	9	2019	7.57	15.15	0.0	0.7034399547129077
13	9	2019	4.54	24.31	0.0	1.558899458059722
14	9	2019	9.04	23.43	0.0	1.3116414753344945
15	9	2019	9.68	27.24	0.0	1.5598813565639251
16	9	2019	9.06	31.12	0.0	1.8359094704075103
17	9	2019	12.95	24.69	0.55	1.154061064491447
18	9	2019	9.82	21.86	0.0	1.1085365990308766
19	9	2019	7.8	21.03	0.0	1.1531531758269844
20	9	2019	8.14	20.3	0.0	1.075431109633309
21	9	2019	5.06	18.36	0.0	1.0757555021325005
22	9	2019	5.3	24.16	0.0	1.4575901253393038
23	9	2019	8.91	20.4	0.0	1.0183060680377425
24	9	2019	4.52	16.64	0.0	0.9540914627908004
25	9	2019	3.11	15.74	0.0	0.9463731184711902
26	9	2019	3.55	11.09	4.86	0.5235640763126945
27	9	2019	1.88	7.49	3.31	0.3680609223588755
28	9	2019	-0.39	4.41	0.0	0.3185198351080265
29	9	2019	-0.34	2.41	15.71	0.1672307563525377
30	9	2019	-0.56	1.61	4.3	0.1330390488261276
1	10	2019	-1.05	3.35	0.0	0.2868382874699378
2	10	2019	-4.58	8.16	0.0	0.7250742880371599
3	10	2019	-1.05	10.62	0.0	0.7574597106947409
4	10	2019	1.54	12.3	0.0	0.7614666414554714
5	10	2019	-0.39	14.09	0.0	0.9348645130538672
6	10	2019	3.64	15.3	0.0	0.8653075151716516
7	10	2019	2.06	19.84	0.0	1.1929371441942298
8	10	2019	-2.06	7.36	1.83	0.5783236833245473
9	10	2019	-6.53	0.64	0.0	0.3613028317773058
10	10	2019	-7.17	2.69	0.0	0.4816315982710553
11	10	2019	-8.73	6.27	0.0	0.6770814941492256
12	10	2019	-8.85	7.26	0.0	0.7170136763380551
13	10	2019	-8.86	10.22	0.0	0.8420362100218968
14	10	2019	-0.72	4.76	0.0	0.3324675602649139
15	10	2019	-2.26	5.61	0.0	0.4546166544442374
16	10	2019	-0.56	14.23	0.0	0.8898174512215955
17	10	2019	2.22	19.01	0.0	1.0779280165834573
18	10	2019	-0.31	15.73	0.0	0.9524566988216108
19	10	2019	-0.94	13.83	0.0	0.8595739873636367
20	10	2019	-4.6	8.33	0.0	0.6594608659505963
21	10	2019	-6.79	9.87	0.0	0.7695777157109036
22	10	2019	-6.21	6.23	0.0	0.5891542031158807
23	10	2019	-4.56	3.34	1.72	0.3969118267008841
24	10	2019	-3.34	8.63	0.0	0.6288153893572829
25	10	2019	-0.05	17.67	0.0	1.0138630480422466
26	10	2019	-5.84	1.49	0.51	0.3403491166968931
27	10	2019	-9.35	-2.43	2.12	0.258242053359749
28	10	2019	-10.27	-4.42	2.65	0.2055502381535761
29	10	2019	-12.39	-5.56	0.0	0.2314359836122627
30	10	2019	-17.25	0.5	0.0	0.492004356211197
31	10	2019	-3.52	4.21	1.09	0.3898308661815596
1	11	2019	-2.59	5.23	0.0	0.4081384138728788
2	11	2019	-3.95	4.08	1.12	0.3958738842011468
3	11	2019	-4.16	1.97	1.79	0.2958869561144778
4	11	2019	-12.11	-3.87	0.0	0.2768748224536754
5	11	2019	-13.4	-3.02	1.82	0.3300067267331538
6	11	2019	-19.59	-7.83	0.0	0.2659909877596114
7	11	2019	-19.41	-2.97	0.0	0.386786728949373
8	11	2019	-8.76	5.62	0.0	0.5699631484320371
9	11	2019	-11.95	-0.28	3.81	0.3713702961566162
10	11	2019	-20.5	-12.21	0.0	0.1667237065252369
11	11	2019	-23.41	-7.9	0.0	0.2793754053472168
12	11	2019	-15.8	-1.72	0.0	0.3898997638408715
13	11	2019	-11.24	1.32	0.0	0.4320758157241423
14	11	2019	-6.03	0.8	0.0	0.2893127988399764
15	11	2019	-4.55	4.79	0.0	0.4255260517120512
16	11	2019	-1.22	2.59	3.34	0.184387280698496
17	11	2019	-3.03	7.07	3.5	0.4642644856086003
18	11	2019	-0.61	7.08	0.0	0.405648492970885
19	11	2019	-3.94	0.94	0.0	0.2186223632516297
20	11	2019	-5.86	-0.52	0.0	0.2211786919128772
21	11	2019	-7.01	2.8	0.0	0.3923970943683486
22	11	2019	-6.11	6.57	0.0	0.5270323064199578
23	11	2019	-0.79	9.81	0.0	0.5384435418824798
24	11	2019	-1.82	4.89	2.06	0.3127750692099343
25	11	2019	-5.41	-0.53	0.75	0.2034152591774178
26	11	2019	-10.38	-2.64	0.0	0.2583648884488364
27	11	2019	-9.78	-4.95	0.0	0.1620834660450761
28	11	2019	-8.76	-6.25	12.67	0.0847066384742715
29	11	2019	-13.46	-6.62	0.0	0.1966092465381291
30	11	2019	-10.1	-7.5	0.0	0.0861560263677167
1	12	2019	-13.24	-5.0	0.0	0.2411381366070936
2	12	2019	-12.44	-1.43	0.0	0.3395519589944832
3	12	2019	-7.83	3.66	0.0	0.4400552440334188
4	12	2019	-9.56	0.14	0.0	0.3405992893399688
5	12	2019	-12.04	-3.01	0.0	0.2790823118517629
6	12	2019	-12.13	-3.65	0.0	0.2597241355789066
7	12	2019	-11.53	-3.78	0.0	0.2441290963803906
8	12	2019	-20.87	-10.79	0.0	0.1899258300660107
9	12	2019	-24.56	-10.07	0.0	0.2240469423825083
10	12	2019	-27.17	-12.27	0.0	0.1941809367098086
11	12	2019	-24.75	-16.01	0.0	0.1253645748429007
12	12	2019	-19.3	-10.93	0.49	0.170267356131623
13	12	2019	-22.11	-13.96	0.0	0.1384521714400879
14	12	2019	-23.9	-10.9	0.42	0.2057847252519568
15	12	2019	-17.48	-7.58	0.0	0.2263045528436048
16	12	2019	-15.82	-5.46	0.0	0.2607105552220522
17	12	2019	-14.14	-2.28	0.0	0.3291225580922892
18	12	2019	-8.62	1.04	0.0	0.349128133569266
19	12	2019	-10.18	-2.37	0.0	0.2595052402284683
20	12	2019	-10.08	4.54	0.0	0.4993413845835153
21	12	2019	-9.89	2.59	0.0	0.4269606367552812
22	12	2019	-6.85	0.05	0.0	0.2662648532051103
23	12	2019	-6.55	-3.08	0.0	0.1332538355660551
24	12	2019	-7.14	-4.9	2.97	0.0801577680190324
25	12	2019	-9.18	-2.59	0.0	0.229043505907457
26	12	2019	-14.94	-5.76	0.0	0.2403445996722805
27	12	2019	-13.65	-4.66	0.0	0.2522290393454672
28	12	2019	-15.42	-5.74	0.0	0.2475126099645448
29	12	2019	-18.78	-4.2	0.0	0.3190982013580585
30	12	2019	-15.56	-4.51	0.0	0.2825852795720447
31	12	2019	-11.32	1.02	0.0	0.3961204109430668
1	1	2020	-6.59	0.09	0.0	0.2628696823846418
2	1	2020	-7.64	-2.54	0.0	0.1894014670063463
3	1	2020	-12.39	-3.14	0.0	0.2799971468717357
4	1	2020	-8.42	5.23	0.0	0.5079756239404972
5	1	2020	-9.53	-0.55	0.0	0.3138926300787269
6	1	2020	-13.54	-2.2	0.0	0.3286919961167147
7	1	2020	-21.8	-13.05	1.73	0.1540297861941194
8	1	2020	-17.65	-5.0	0.0	0.2973527423075713
9	1	2020	-23.59	-16.64	0.0	0.1065138306074816
10	1	2020	-29.12	-13.77	0.95	0.1789350083351799
11	1	2020	-17.17	-8.9	3.0	0.1854635509763494
12	1	2020	-25.65	-14.0	0.88	0.1663582207322619
13	1	2020	-30.06	-24.1	0.78	0.0572408614289465
14	1	2020	-34.47	-27.27	0.0	0.0502393765782141
15	1	2020	-35.78	-28.0	0.0	0.049501380499172
16	1	2020	-35.65	-19.47	0.0	0.1197587683443808
17	1	2020	-24.0	-19.24	1.47	0.0704117922234161
18	1	2020	-28.44	-23.52	0.0	0.0531446177562551
19	1	2020	-29.26	-15.6	0.0	0.1592296468812521
20	1	2020	-20.38	1.23	0.0	0.4793504833642847
21	1	2020	-9.57	2.45	0.0	0.4460840627123595
22	1	2020	-12.02	-1.87	0.0	0.3343239965841746
23	1	2020	-12.05	-2.28	0.0	0.3223729301263115
24	1	2020	-7.83	1.92	0.0	0.3956825630098158
25	1	2020	-5.82	1.69	0.0	0.3331928017167176
26	1	2020	-6.41	-2.51	0.0	0.1657250522696402
27	1	2020	-6.72	-0.43	2.11	0.2525921079335291
28	1	2020	-6.16	-1.73	0.0	0.1934284914615396
29	1	2020	-11.42	-1.99	2.35	0.3104558407108933
30	1	2020	-10.2	0.05	0.0	0.3844783092892494
31	1	2020	-9.45	3.61	0.0	0.5108292238397866
1	2	2020	-4.88	7.37	0.0	0.5845222649982201
2	2	2020	-9.41	0.13	0.0	0.3754261272491735
3	2	2020	-16.51	-7.22	0.0	0.2535648772732045
4	2	2020	-18.22	-3.66	0.0	0.3720556890677661
5	2	2020	-12.44	-3.57	0.0	0.3051089019722164
6	2	2020	-12.4	-7.63	0.84	0.1605262163563506
7	2	2020	-12.01	-1.97	0.0	0.36042926639685
8	2	2020	-13.14	-2.42	0.0	0.364888848019328
9	2	2020	-13.09	-2.11	0.0	0.3781207491787958
10	2	2020	-9.92	-3.37	0.39	0.262658052604648
11	2	2020	-13.27	-1.29	0.48	0.4151041909635896
12	2	2020	-29.25	-14.98	0.0	0.1883489517869865
13	2	2020	-28.22	-4.67	0.0	0.3661763423219369
14	2	2020	-12.5	-1.54	0.0	0.3970318814043551
15	2	2020	-17.63	-10.02	0.0	0.2056551178376782
16	2	2020	-15.33	-3.23	0.0	0.3842966356869047
17	2	2020	-20.99	-9.06	0.0	0.273476548199136
18	2	2020	-29.55	-17.75	0.0	0.1530205708847963
19	2	2020	-29.26	-9.36	0.0	0.2873439145974585
20	2	2020	-16.81	1.51	0.0	0.6219118110947632
21	2	2020	-10.83	3.23	0.0	0.6820551427547626
22	2	2020	-8.09	3.99	0.0	0.685721988969292
23	2	2020	-10.45	2.43	0.0	0.6459702799922415
24	2	2020	-10.61	-1.98	0.0	0.3731472949755063
25	2	2020	-17.23	-1.95	0.0	0.5128779215596095
26	2	2020	-12.23	1.87	0.0	0.6568690889688397
27	2	2020	-6.9	4.99	0.0	0.752086354793428
28	2	2020	-6.23	7.1	0.0	0.8985812981382095
29	2	2020	-5.46	6.55	0.58	0.8461842583287965
1	3	2020	-11.33	0.06	0.0	0.5553893137993404
2	3	2020	-6.86	3.55	0.0	0.6726549697762483
3	3	2020	-5.37	3.79	0.0	0.6322461081723578
4	3	2020	-2.7	3.71	0.0	0.4405566665825594
5	3	2020	-6.44	4.75	0.0	0.7933498985766919
6	3	2020	-1.19	11.89	0.0	1.2435923986049529
7	3	2020	-9.19	-0.58	0.81	0.4766909203455087
8	3	2020	-15.65	-7.03	0.0	0.2950053822095904
9	3	2020	-16.17	0.62	0.0	0.6953913612487028
10	3	2020	-10.69	5.09	0.0	0.9367036480196226
11	3	2020	-4.01	5.25	0.0	0.7759509391140763
12	3	2020	-9.13	-0.61	0.0	0.506655494112103
13	3	2020	-16.4	-10.27	0.0	0.2015323269909963
14	3	2020	-16.75	-8.16	2.0	0.260191858770699
15	3	2020	-14.4	-5.89	1.0	0.3624241039648633
16	3	2020	-17.63	-2.58	0.0	0.5974787447168729
17	3	2020	-13.21	-1.17	0.0	0.6353960591899646
18	3	2020	-17.12	-5.75	0.0	0.450309909650214
19	3	2020	-16.74	-4.55	0.0	0.5126117141965773
20	3	2020	-16.45	-1.02	0.0	0.6963474530150369
21	3	2020	-11.03	2.91	0.0	0.9039319060607
22	3	2020	-10.35	6.33	0.0	1.1943194186509711
23	3	2020	-6.95	8.59	0.0	1.3712572652949755
24	3	2020	-7.87	-1.01	3.85	0.5514001044467299
25	3	2020	-14.06	-0.24	0.0	0.8792671292921203
26	3	2020	-12.45	6.16	0.0	1.1970724289272334
27	3	2020	-3.95	7.66	0.0	1.35902819723602
28	3	2020	-2.7	9.73	0.0	1.4869288673256595
29	3	2020	-4.59	14.48	0.0	1.7345748639009295
30	3	2020	-3.18	4.11	0.0	1.0327128504143035
31	3	2020	-9.44	-0.19	0.0	0.8882209390993682
1	4	2020	-15.14	-10.98	0.66	0.1815202722255458
2	4	2020	-18.3	-7.84	0.0	0.5317769707718676
3	4	2020	-17.94	-1.96	0.0	0.8304000209220401
4	4	2020	-10.91	-4.59	2.6	0.4048059837138693
5	4	2020	-11.07	-1.79	1.28	0.7967858395700713
6	4	2020	-7.45	2.24	2.74	0.850366328107724
7	4	2020	-9.57	4.33	0.0	1.2124485426486582
8	4	2020	-6.03	1.87	0.0	0.9406402730301754
9	4	2020	-12.38	6.43	0.0	1.283416275951308
10	4	2020	-1.76	8.16	0.0	1.4484148216822033
11	4	2020	-8.29	-1.71	0.0	0.7263843633055943
12	4	2020	-10.75	-3.71	0.0	0.6714000435472833
13	4	2020	-13.37	-2.9	0.0	0.8495842221161604
14	4	2020	-14.55	4.93	0.0	1.196438657538218
15	4	2020	-9.28	2.51	0.0	1.147024039472495
16	4	2020	-7.31	5.91	0.0	1.3494204482607737
17	4	2020	-2.6	13.79	0.0	1.8516520272741757
18	4	2020	-3.3	4.6	0.0	1.234037882133925
19	4	2020	-5.98	14.14	0.0	1.8322508271706996
20	4	2020	-1.85	12.49	0.0	1.7895357164745014
21	4	2020	-0.86	21.56	0.0	2.344908992775056
22	4	2020	2.15	16.18	0.0	2.0449307399008823
23	4	2020	0.23	18.09	0.0	2.1661990610063127
24	4	2020	-0.96	14.02	3.25	1.7306434676648372
25	4	2020	-2.23	18.94	0.0	2.190888439244596
26	4	2020	3.54	16.05	0.0	2.024037089537461
27	4	2020	-0.6	20.42	0.0	2.3097403754739374
28	4	2020	2.91	18.4	0.0	2.2131976342649615
29	4	2020	1.0	22.64	0.0	2.4698559702891867
30	4	2020	8.79	27.74	0.0	2.847600159124402
1	5	2020	5.3	18.26	0.0	2.1544403553442093
2	5	2020	-0.98	18.94	0.0	2.2142647863721168
3	5	2020	-0.1	17.88	4.33	1.9609664875172237
4	5	2020	2.01	14.43	0.0	1.8899781741791095
5	5	2020	-0.86	17.51	0.0	2.124918734279232
6	5	2020	0.89	20.76	0.0	2.3485701895194406
7	5	2020	1.38	17.51	0.0	2.1255956396593407
8	5	2020	0.83	19.67	1.65	2.273330693132803
9	5	2020	-2.52	8.04	0.0	1.4516323121169976
10	5	2020	-2.62	9.39	0.0	1.5552609234644867
11	5	2020	-6.11	10.49	0.0	1.6378193970344546
12	5	2020	-4.03	12.6	0.0	1.7814325210441786
13	5	2020	1.23	10.24	0.81	1.541517257527336
14	5	2020	-1.78	18.84	0.0	2.132798279744492
15	5	2020	-2.38	14.74	0.0	1.8678557119703785
16	5	2020	1.33	25.09	0.0	2.551994252989221
17	5	2020	8.96	26.09	0.0	2.6316570426119585
18	5	2020	8.26	25.29	0.0	2.5767104842172213
19	5	2020	9.6	25.55	0.0	2.582062380445206
20	5	2020	9.56	18.29	11.65	1.7640022366519268
21	5	2020	9.1	19.11	0.0	2.0488016130969475
22	5	2020	4.45	19.93	0.0	2.237203805952217
23	5	2020	2.7	15.93	0.0	1.9512080453363776
24	5	2020	3.27	19.38	0.0	2.215123038197378
25	5	2020	5.49	25.16	0.0	2.62942100164575
26	5	2020	10.47	22.21	0.0	2.3079431047493624
27	5	2020	6.1	18.98	0.0	2.1563991584699376
28	5	2020	3.81	18.91	0.0	2.192335824562088
29	5	2020	5.8	19.5	0.0	2.2183363270447054
30	5	2020	7.66	25.61	0.0	2.681855836653144
31	5	2020	11.41	31.22	0.0	3.0572734044658505
1	6	2020	11.39	24.87	0.0	2.553854953617812
2	6	2020	7.75	24.2	0.0	2.581591224599057
3	6	2020	9.88	20.84	0.0	2.234514986635582
4	6	2020	6.12	19.7	0.0	2.248112860933864
5	6	2020	3.14	21.58	0.0	2.4248272011073166
6	6	2020	9.97	19.38	23.8	1.7883279588031564
7	6	2020	8.92	16.83	22.94	1.0761895833214186
8	6	2020	6.77	15.78	0.0	1.2874643186817605
9	6	2020	5.28	20.19	1.56	2.064638319721434
10	6	2020	6.13	22.64	0.0	2.296368087321204
11	6	2020	7.13	23.18	0.0	2.318612852391758
12	6	2020	8.65	28.43	0.0	2.794786314272958
13	6	2020	14.82	30.15	0.0	2.729122173607049
14	6	2020	12.34	22.91	0.0	1.8688449613573213
15	6	2020	6.77	22.29	0.0	2.279191812884038
16	6	2020	9.26	21.46	25.49	1.601149871030795
17	6	2020	10.1	15.88	6.91	0.6208240779063239
18	6	2020	6.32	15.27	2.06	0.8769165203502501
19	6	2020	5.11	18.73	0.0	1.7433478443568926
20	6	2020	6.32	18.7	0.0	1.642954732882675
21	6	2020	4.7	18.44	0.0	1.7330324402326982
22	6	2020	5.92	23.76	0.0	2.2546209044910963
23	6	2020	10.61	28.16	0.0	2.5386206144548753
24	6	2020	13.85	27.07	3.46	1.7239972137021993
25	6	2020	14.23	25.34	0.0	1.8222327088041623
26	6	2020	11.66	30.09	0.0	2.6654747751322443
27	6	2020	13.92	21.42	0.0	1.1026126680836694
28	6	2020	12.87	19.96	0.0	1.002443404196662
29	6	2020	13.77	18.36	3.81	0.5470979042216371
30	6	2020	13.43	19.56	7.39	0.730189083425614
1	7	2020	12.22	23.24	0.95	1.742777642488465
2	7	2020	10.67	23.72	1.18	1.9790146636609016
3	7	2020	9.67	26.8	0.0	2.384656456579959
4	7	2020	12.42	28.09	0.0	2.384251638576293
5	7	2020	11.93	23.73	0.0	1.859927876917939
6	7	2020	9.65	25.6	0.0	2.284878824770752
7	7	2020	12.01	27.89	19.91	1.9281473302328025
8	7	2020	12.62	18.58	6.6	0.6900298244685743
9	7	2020	11.7	21.75	0.0	1.4138756737416152
10	7	2020	10.28	21.96	4.17	1.267953254289691
11	7	2020	9.58	24.27	0.0	1.9705823698662024
12	7	2020	12.86	25.58	0.0	1.8729175653821863
13	7	2020	9.47	19.34	2.16	1.0652407264993689
14	7	2020	9.49	21.74	3.01	1.2985539798472985
15	7	2020	9.26	23.09	1.01	1.8361749420707625
16	7	2020	9.73	25.59	0.0	2.074079016268905
17	7	2020	13.83	24.77	0.0	1.57569597879929
18	7	2020	11.9	21.82	3.61	1.1072578486285862
19	7	2020	9.87	23.0	5.07	1.3597084491813682
20	7	2020	10.87	23.04	5.32	1.2977084437737545
21	7	2020	9.68	25.29	0.0	1.9508996094708344
22	7	2020	14.18	30.63	0.0	2.2250441162647396
23	7	2020	17.65	28.72	0.0	1.617778656504964
24	7	2020	14.3	27.36	0.0	1.8309814289233657
25	7	2020	11.41	21.48	0.0	1.2899555550041564
26	7	2020	9.79	25.42	0.0	1.9530519103282815
27	7	2020	9.06	27.15	0.0	2.1389818262799163
28	7	2020	10.49	30.89	0.0	2.3881723542524487
29	7	2020	14.2	34.33	0.0	2.4996101909644626
30	7	2020	15.68	32.04	0.0	2.149533235753269
31	7	2020	13.4	26.6	0.0	1.669807921129192
1	8	2020	8.67	27.49	0.0	2.093752014526313
2	8	2020	10.87	27.63	0.0	1.9946977695894703
3	8	2020	13.95	30.33	2.31	1.6703248479667157
4	8	2020	11.51	27.11	0.0	1.8587595244188784
5	8	2020	9.46	29.37	0.0	2.1908855950220825
6	8	2020	12.14	33.8	0.0	2.443929038226229
7	8	2020	12.71	22.97	5.91	1.0538852898235298
8	8	2020	9.51	25.66	2.52	1.4853956992758883
9	8	2020	8.06	22.94	0.0	1.543113732904427
10	8	2020	7.49	24.86	0.0	1.770064154906397
11	8	2020	8.84	24.55	0.0	1.640243372792216
12	8	2020	11.42	28.31	0.0	1.849542271348105
13	8	2020	10.17	24.94	0.0	1.5542873224784532
14	8	2020	7.59	25.3	0.0	1.754245992679369
15	8	2020	9.08	25.83	0.0	1.7070798642472904
16	8	2020	9.08	30.47	0.0	2.123381493237232
17	8	2020	11.56	34.21	0.0	2.3096961993369383
18	8	2020	12.69	36.02	0.0	2.38711761194883
19	8	2020	14.87	34.11	0.0	2.111362367300203
20	8	2020	12.85	33.76	0.0	2.1876847210436066
21	8	2020	13.94	28.08	0.0	1.490146830472427
22	8	2020	9.87	31.99	0.0	2.147301507870444
23	8	2020	6.43	28.81	0.0	1.9987414524317848
24	8	2020	9.26	29.89	0.0	1.9510041629753556
25	8	2020	13.51	27.41	3.12	1.2757755514799305
26	8	2020	11.56	24.87	0.0	1.3129313496434194
27	8	2020	8.02	24.22	4.62	1.3190859885372008
28	8	2020	5.92	23.73	0.0	1.5171171534688777
29	8	2020	8.78	31.29	0.0	2.015101197775149
30	8	2020	6.33	18.93	0.0	1.0934681319068815
31	8	2020	2.02	19.45	0.0	1.3275371843015462
1	9	2020	8.38	23.26	0.0	1.3347399557759485
2	9	2020	7.93	18.16	4.83	0.8290815873395754
3	9	2020	4.69	21.93	0.0	1.3951527507943868
4	9	2020	6.0	24.78	0.0	1.548467988960062
5	9	2020	8.43	31.24	0.0	1.991116711253334
6	9	2020	8.55	17.29	0.0	0.7812928426064096
7	9	2020	0.03	10.52	0.0	0.7332386120333725
8	9	2020	-5.33	15.86	0.0	1.245064174740568
9	9	2020	3.71	21.62	0.0	1.4064245609393498
10	9	2020	5.8	26.28	0.0	1.6994670934135034
11	9	2020	7.74	29.85	0.0	1.8974157923026167
12	9	2020	7.5	16.68	0.95	0.7751840106114961
13	9	2020	0.26	16.93	0.0	1.1392888259001626
14	9	2020	5.47	16.08	0.0	0.8446521308898782
15	9	2020	3.3	15.18	0.0	0.8894077256071267
16	9	2020	-1.02	13.62	0.0	0.9693616780784612
17	9	2020	1.76	19.65	0.0	1.364957838780078
18	9	2020	0.15	25.09	0.0	1.77841359021987
19	9	2020	6.9	25.74	0.0	1.6469213933715168
20	9	2020	11.65	17.87	8.65	0.5191262228586374
21	9	2020	7.13	22.99	0.0	1.3235989926670282
22	9	2020	6.88	20.64	1.13	1.1031165527599618
23	9	2020	9.2	21.8	0.0	1.0685306939303
24	9	2020	9.47	23.71	0.0	1.2235445590159506
25	9	2020	6.33	21.56	0.0	1.2050105876836392
26	9	2020	6.87	15.29	0.0	0.6712134050798166
27	9	2020	3.82	15.13	0.0	0.8265420176784692
28	9	2020	0.76	22.64	0.0	1.4855043003767905
29	9	2020	6.64	16.99	0.0	0.8101096314938233
30	9	2020	0.74	12.71	0.0	0.7859062896586954
1	10	2020	-4.79	12.39	0.0	0.9250671027047715
2	10	2020	0.95	18.11	0.0	1.1435154177008702
3	10	2020	-0.71	16.44	0.0	1.0639763440802856
4	10	2020	5.34	24.09	1.23	1.414718103495314
5	10	2020	7.33	19.62	0.0	0.9452284030062464
6	10	2020	6.32	17.14	0.0	0.8095090723916518
7	10	2020	1.38	15.13	0.0	0.9555113642482308
8	10	2020	6.73	23.92	1.99	1.4605217449357988
9	10	2020	2.28	11.16	0.0	0.5831291433049064
10	10	2020	3.25	26.06	0.0	1.7000032035764685
11	10	2020	4.24	14.92	0.0	0.7398962402932145
12	10	2020	-3.22	11.24	0.0	0.8194172678237817
13	10	2020	-0.85	10.31	0.0	0.6508672453461465
14	10	2020	-4.6	6.72	0.0	0.5703653392123516
15	10	2020	-4.19	5.44	0.0	0.4878213247919992
16	10	2020	-7.55	3.54	0.0	0.4895660946602029
17	10	2020	-13.06	-0.82	0.0	0.4171655952599628
18	10	2020	-7.09	-3.77	0.0	0.142648895686443
19	10	2020	-8.91	-1.9	0.0	0.2830371755287004
20	10	2020	-8.07	-2.04	0.3	0.2571475393541972
21	10	2020	-11.61	-0.95	0.0	0.3957021495525104
22	10	2020	-14.38	-2.63	0.0	0.3787581550007257
23	10	2020	-13.99	-4.09	0.0	0.3197736296365086
24	10	2020	-9.78	-6.14	0.0	0.1381380520536109
25	10	2020	-11.87	-3.07	0.0	0.3141861478306232
26	10	2020	-15.52	3.19	0.0	0.6118260418637044
27	10	2020	-3.85	12.11	0.0	0.8922102108094698
28	10	2020	-4.47	5.4	0.0	0.4759053838027319
29	10	2020	-5.99	8.98	0.0	0.7291768706624296
30	10	2020	-1.47	14.0	0.0	0.9242088086679436
31	10	2020	-5.56	2.72	0.0	0.3731579847742914
1	11	2020	-6.79	13.62	0.0	0.9649712646512144
2	11	2020	-0.22	19.58	0.0	1.2364543907501695
3	11	2020	2.35	17.97	0.0	1.0637756881256444
4	11	2020	1.42	15.53	0.0	0.9021786478975948
5	11	2020	2.05	17.98	0.0	1.0411461006870846
6	11	2020	-1.2	7.08	0.0	0.4307855334066621
7	11	2020	-2.15	0.64	2.43	0.1302664728607957
8	11	2020	-9.64	-3.37	20.54	0.2160080029671983
9	11	2020	-17.85	-9.12	0.0	0.2091469895903714
10	11	2020	-17.41	-5.39	0.0	0.3022959904020117
11	11	2020	-15.96	-6.91	2.3	0.2274508719040288
12	11	2020	-21.93	-7.68	0.0	0.2769783381889363
13	11	2020	-12.47	-0.14	0.0	0.3996742102595978
14	11	2020	-9.69	-1.34	0.93	0.3022318689695646
15	11	2020	-14.16	-4.95	0.0	0.2658539540694355
16	11	2020	-11.55	-5.58	0.0	0.1921929032803407
17	11	2020	-9.26	1.62	0.0	0.4026504314311919
18	11	2020	-4.96	4.46	0.0	0.4163766468396599
19	11	2020	-12.37	-5.82	4.98	0.1900032697174889
20	11	2020	-20.31	-9.81	0.0	0.2107097895857463
21	11	2020	-17.66	-4.38	0.0	0.3182578044862507
22	11	2020	-16.35	-6.26	0.0	0.2526198579804112
23	11	2020	-11.81	-4.28	0.0	0.2347807440043184
24	11	2020	-10.97	-1.01	0.0	0.32878654684873
25	11	2020	-7.47	1.86	0.0	0.3617744624798862
26	11	2020	-11.22	-1.07	0.0	0.3306554261037505
27	11	2020	-10.58	1.12	0.0	0.3953098453513915
28	11	2020	-10.06	0.63	0.0	0.3674527429566316
29	11	2020	-15.45	-1.54	0.0	0.3698371266256896
30	11	2020	-8.11	2.11	0.0	0.3817031781377452
1	12	2020	-7.4	0.77	0.0	0.3127399889291954
2	12	2020	-11.03	-1.38	0.0	0.3136188993883367
3	12	2020	-7.39	2.92	0.0	0.3981423795024186
4	12	2020	-6.32	1.83	0.0	0.3273596159138384
5	12	2020	-6.85	2.55	0.0	0.370609387665315
6	12	2020	-9.25	2.27	0.0	0.409277263003276
7	12	2020	-7.85	3.07	0.0	0.4111597264525166
8	12	2020	-4.3	3.69	0.0	0.3466683270108087
9	12	2020	-5.11	2.06	1.39	0.2997515415451413
10	12	2020	-12.21	-3.57	0.0	0.2601742386785953
11	12	2020	-13.6	-4.81	0.0	0.2457345564784982
12	12	2020	-11.41	-3.81	0.0	0.2367161926202752
13	12	2020	-25.12	-14.18	0.0	0.1554460590019075
14	12	2020	-26.86	-12.57	0.0	0.1876846940146605
15	12	2020	-18.49	-8.88	0.0	0.2044957803641875
16	12	2020	-14.79	-3.36	0.0	0.3039511960513848
17	12	2020	-13.67	2.2	0.0	0.4583602118126697
18	12	2020	-22.08	-2.83	0.0	0.3604678490385177
19	12	2020	-11.52	3.69	0.0	0.4850384263918543
20	12	2020	-6.16	2.91	0.0	0.3596548509587197
21	12	2020	-8.6	-1.9	8.4	0.2266466030957204
22	12	2020	-12.98	-3.57	9.57	0.2606807765575681
23	12	2020	-16.19	-7.9	0.0	0.1983152474374203
24	12	2020	-14.0	0.96	0.0	0.4229699355029715
25	12	2020	-12.11	-2.54	0.0	0.2884882318002849
26	12	2020	-12.01	-4.99	1.82	0.2088587416165275
27	12	2020	-14.0	-6.95	0.0	0.1890714142006615
28	12	2020	-16.61	-7.53	0.0	0.2145646753912191
29	12	2020	-16.99	-8.4	0.0	0.1984095789461265
30	12	2020	-20.63	-8.2	0.0	0.2401038263743823
1	1	2021	-16.63	-1.38	0.0	0.3797863967859456
2	1	2021	-8.03	4.03	0.0	0.4530552072921509
3	1	2021	-2.6	4.08	0.0	0.3118118085618143
4	1	2021	-10.48	0.3	0.0	0.3609777177537521
5	1	2021	-9.1	0.09	0.0	0.3275200386281027
6	1	2021	-10.82	2.48	0.0	0.4435416812149171
7	1	2021	-8.76	0.89	0.0	0.3512834185913577
8	1	2021	-13.38	-2.14	0.0	0.3290551265219748
9	1	2021	-14.59	-4.53	0.0	0.274865370943638
10	1	2021	-13.5	-4.28	0.0	0.2666026877413716
11	1	2021	-11.63	0.22	0.0	0.3827029973502952
12	1	2021	-7.54	1.53	0.0	0.3531373941673827
13	1	2021	-4.17	6.19	6.51	0.4473638452633916
14	1	2021	-6.93	-1.97	0.0	0.1959946349128605
15	1	2021	-14.23	-4.67	0.0	0.2705405680051439
16	1	2021	-9.49	-0.98	0.0	0.3067300152453782
17	1	2021	-10.03	-0.88	2.34	0.3072915522820061
18	1	2021	-9.14	-0.42	0.0	0.3220273345801521
19	1	2021	-13.27	1.92	0.0	0.4700627266715569
20	1	2021	-5.63	1.3	0.0	0.3005895379857061
21	1	2021	-11.85	-6.06	0.64	0.1853950293496352
22	1	2021	-9.84	-4.87	1.22	0.1758428723985438
23	1	2021	-26.43	-9.58	0.0	0.2496176388773076
24	1	2021	-30.39	-21.67	0.0	0.0890513877322896
25	1	2021	-27.82	-21.25	0.0	0.0788561597469017
26	1	2021	-26.88	-18.63	0.0	0.1093024757856698
27	1	2021	-22.8	-13.7	0.0	0.1617521171133485
28	1	2021	-18.59	-10.41	0.0	0.1891539982464645
29	1	2021	-16.06	-9.89	0.0	0.1634027696005511
30	1	2021	-17.21	-11.83	0.0	0.1322595385452009
31	1	2021	-19.67	-7.96	0.0	0.264883417767456
1	2	2021	-14.1	0.31	0.0	0.4513805287813474
2	2	2021	-8.47	2.75	0.0	0.4614328664068455
3	2	2021	-19.53	-11.95	0.0	0.1702816593181728
4	2	2021	-23.45	-15.77	0.0	0.1348687708397219
5	2	2021	-27.3	-18.82	0.0	0.1161582358143612
6	2	2021	-34.76	-25.45	0.0	0.0735303274624789
7	2	2021	-35.97	-27.77	0.0	0.0581426208284856
8	2	2021	-36.1	-26.78	0.0	0.0670586425668083
9	2	2021	-30.16	-25.91	0.0	0.0451231463409847
10	2	2021	-33.33	-26.93	0.0	0.0559976656008909
11	2	2021	-37.35	-28.04	0.0	0.0619409417365131
12	2	2021	-33.24	-22.53	0.0	0.1015983886597751
13	2	2021	-36.51	-24.38	0.0	0.0906024502568493
14	2	2021	-34.75	-22.42	0.0	0.1068533298099778
15	2	2021	-29.68	-18.51	0.0	0.1412459095159787
16	2	2021	-24.87	-14.73	0.0	0.1797524817156135
17	2	2021	-22.57	-15.3	0.0	0.1475563650982179
18	2	2021	-24.25	-11.83	0.0	0.2363152706325423
19	2	2021	-21.41	-1.9	0.0	0.50173360144894
20	2	2021	-11.14	-2.42	0.0	0.3958842897982494
21	2	2021	-11.82	2.79	0.0	0.7106043762164017
22	2	2021	-3.35	3.89	0.0	0.5429104791381089
23	2	2021	-6.5	0.32	0.0	0.4080706408455566
24	2	2021	-10.01	-1.76	0.0	0.4288801504484101
25	2	2021	-11.69	0.65	0.0	0.6355655470628034
26	2	2021	-16.01	-2.22	1.72	0.5380782088939093
27	2	2021	-24.18	-12.42	0.0	0.2353599361189505
28	2	2021	-21.1	-10.11	0.0	0.2699026908633256
1	3	2021	-16.78	4.04	0.0	0.7962768984985708
2	3	2021	-5.82	3.38	0.0	0.6766894481141993
3	3	2021	-9.76	3.48	0.0	0.8198482458027104
4	3	2021	-8.71	3.16	0.0	0.792825703622618
5	3	2021	-5.72	5.62	0.0	0.925943797873872
6	3	2021	-0.48	6.86	0.0	0.7980829706480184
7	3	2021	-4.19	5.95	0.0	0.9413195553989072
8	3	2021	-3.78	4.28	0.0	0.7593556191209311
9	3	2021	-4.83	-0.44	0.0	0.2788335288125261
10	3	2021	-8.42	2.31	0.0	0.8123917976436353
11	3	2021	-17.37	-2.15	0.0	0.6352938442306112
12	3	2021	-9.18	6.88	0.0	1.129733181791338
13	3	2021	-6.59	7.02	0.0	1.1447369964072578
14	3	2021	-1.82	9.47	0.0	1.2671539349750038
15	3	2021	-1.54	8.07	0.0	1.1353037940983457
16	3	2021	-9.09	1.24	0.0	0.7903545277700998
17	3	2021	-7.95	8.81	0.0	1.3185397207871246
18	3	2021	-2.71	14.57	0.0	1.6656340259578022
19	3	2021	0.63	18.54	0.0	1.9102681148319245
20	3	2021	-0.8	11.74	0.0	1.5306734797740147
21	3	2021	-4.86	3.98	0.0	0.9212668280473802
22	3	2021	-5.5	9.33	2.5	1.1985878741822764
23	3	2021	-7.34	0.11	0.0	0.6637346158511255
24	3	2021	-6.15	8.72	0.0	1.3677593310515912
25	3	2021	-3.68	2.91	0.0	0.783118769849696
26	3	2021	-10.57	2.18	1.13	1.0244659030950187
27	3	2021	-8.65	6.72	0.0	1.258342141054536
28	3	2021	-0.92	17.23	0.0	1.8886425226779355
29	3	2021	-8.89	4.62	5.3	1.0716314503642572
30	3	2021	-13.8	-5.92	0.0	0.5200636804307306
31	3	2021	-15.26	7.27	0.0	1.1862906136595903
1	4	2021	-2.24	14.36	0.0	1.7446208596264474
2	4	2021	-0.34	12.83	0.0	1.6654370548248012
3	4	2021	-1.27	14.01	0.0	1.74076846446866
4	4	2021	-1.22	17.73	0.0	1.9552639643507657
5	4	2021	-2.77	12.7	0.0	1.6098575790328324
6	4	2021	-3.15	16.45	0.0	1.8094140482743009
7	4	2021	-0.32	20.78	0.0	2.0787520945711817
8	4	2021	1.64	14.31	1.95	1.7046760011702085
9	4	2021	-6.54	12.27	0.0	1.5539633518076716
10	4	2021	-0.93	12.44	0.0	1.6025498975598862
11	4	2021	-2.78	4.79	2.78	0.767308613308047
12	4	2021	-4.09	2.13	1.04	0.6733869158518715
13	4	2021	-3.64	3.1	0.0	0.764256032545875
14	4	2021	-3.8	6.72	0.0	1.283496466141568
15	4	2021	-2.42	12.67	0.0	1.650117004845171
16	4	2021	-4.35	14.55	0.0	1.7451513518329231
17	4	2021	-1.3	20.6	0.0	2.120031440470287
18	4	2021	-3.27	6.66	0.0	1.286333371350102
19	4	2021	-6.8	4.93	2.14	1.1488053189267349
20	4	2021	-9.21	9.01	0.0	1.458038433106621
21	4	2021	-3.93	17.03	0.0	1.974901524207593
22	4	2021	-5.14	6.91	0.0	1.3590022698279256
23	4	2021	-12.2	4.58	0.0	1.203460121837204
24	4	2021	-10.26	7.84	0.0	1.3902781286145127
25	4	2021	-5.23	10.18	0.0	1.568922482859103
26	4	2021	-4.93	14.87	0.0	1.85432039468218
27	4	2021	-3.89	16.42	0.0	1.895297944182932
28	4	2021	-2.13	15.99	0.0	1.8918454926804196
29	4	2021	-1.1	12.55	0.0	1.671791707702019
30	4	2021	2.89	26.28	0.0	2.5641528485398473
1	5	2021	4.83	20.19	0.0	2.1814354577212107
2	5	2021	0.78	14.49	0.0	1.806197121117724
3	5	2021	-5.21	10.58	0.0	1.562160168790706
4	5	2021	-4.16	14.02	0.0	1.780294220371894
5	5	2021	-3.09	16.43	0.0	1.9367532601752313
6	5	2021	-0.68	17.67	0.0	2.0383531249394977
7	5	2021	0.5	17.45	0.0	2.034921153991548
8	5	2021	2.41	13.18	0.0	1.7061976969505006
9	5	2021	-4.27	15.29	0.0	1.8754898186730864
10	5	2021	-3.03	17.86	0.0	2.043281634098351
11	5	2021	0.11	19.52	0.0	2.1756163808058604
12	5	2021	1.81	20.5	0.0	2.244655453696621
13	5	2021	1.29	21.43	0.0	2.3005570754071676
14	5	2021	2.38	22.96	0.0	2.4054341705986353
15	5	2021	3.28	24.44	0.0	2.5076500680591125
16	5	2021	8.06	28.37	0.0	2.778025032520352
17	5	2021	7.22	32.1	0.0	3.021983335885344
18	5	2021	11.75	27.74	0.0	2.681727680220849
19	5	2021	2.44	13.85	0.0	1.7408494908959604
20	5	2021	-1.64	4.17	2.81	0.7426050241468495
21	5	2021	-2.63	4.69	2.2	0.8922226195490167
22	5	2021	0.03	8.97	0.0	1.426751259839704
23	5	2021	5.63	13.83	15.98	1.492578504728667
24	5	2021	7.62	11.07	20.96	0.3282985642258008
25	5	2021	2.7	8.57	1.51	0.6336128221123538
26	5	2021	-0.67	13.56	0.0	1.6450298004753643
27	5	2021	1.09	18.62	0.0	2.1224738575571136
28	5	2021	6.86	21.28	0.0	2.252557654747752
29	5	2021	6.08	20.41	0.0	2.1873006522966754
30	5	2021	2.53	22.85	0.0	2.490874154781237
31	5	2021	8.24	26.55	0.0	2.749201905445724
1	6	2021	8.64	26.36	0.0	2.730555809843865
2	6	2021	12.4	31.87	0.0	3.0978381018363184
3	6	2021	13.45	35.51	0.0	3.3390044802641863
4	6	2021	16.05	29.27	0.0	2.713761080263904
5	6	2021	11.76	27.99	0.0	2.819079523309729
6	6	2021	7.92	21.21	0.0	2.2131695301630243
7	6	2021	8.73	22.38	0.0	2.318815108088552
8	6	2021	6.33	22.84	2.64	2.082454718272919
9	6	2021	11.63	19.16	10.92	1.0452749534550172
10	6	2021	13.15	20.26	8.69	0.91997936758104
11	6	2021	10.3	20.67	0.0	1.7335013964604948
12	6	2021	6.82	23.25	0.0	2.377143436124483
13	6	2021	6.41	27.42	0.0	2.779488253209628
14	6	2021	12.75	32.05	0.0	3.082852311975486
15	6	2021	16.4	34.08	1.34	3.1488048188517537
16	6	2021	13.14	24.94	0.0	2.180561779250609
17	6	2021	7.43	24.4	0.0	2.4992627865727823
18	6	2021	8.25	19.03	0.0	1.7386257076535354
19	6	2021	6.78	20.48	1.32	2.06182573685738
20	6	2021	6.08	18.88	0.0	1.8731122959713944
21	6	2021	1.62	24.5	0.0	2.5458402794830697
22	6	2021	10.57	31.19	0.0	3.0292098636847844
23	6	2021	13.48	24.15	0.0	1.8886353245031
24	6	2021	9.0	22.58	0.0	2.102137375175916
25	6	2021	9.8	27.64	0.0	2.6876186998006695
26	6	2021	13.27	28.63	0.36	2.6134305265441737
27	6	2021	12.27	28.01	0.0	2.5942159233896844
28	6	2021	10.9	29.52	0.0	2.884335867669106
29	6	2021	12.68	33.01	0.0	3.1693453063917656
30	6	2021	14.16	33.9	0.0	3.205546388394919
1	7	2021	15.92	35.06	0.0	3.2470075108328116
2	7	2021	18.93	39.04	0.0	3.5056882314001903
3	7	2021	16.96	29.26	0.0	2.3865459190534093
4	7	2021	12.52	28.67	5.29	2.2158099371676596
5	7	2021	13.32	24.15	0.0	1.8828215885401287
6	7	2021	10.44	21.16	0.0	1.7243920506359838
7	7	2021	11.63	28.57	3.04	2.203102273273991
8	7	2021	14.35	27.17	5.56	1.8028326983599932
9	7	2021	12.45	29.75	0.0	2.6876492465150927
10	7	2021	13.52	32.06	0.0	2.8644526231956298
11	7	2021	15.69	31.3	0.0	2.641155805574987
12	7	2021	11.62	27.69	0.0	2.48283345369291
13	7	2021	10.22	28.86	0.0	2.6898629350148036
14	7	2021	11.12	30.78	0.0	2.845636356794334
15	7	2021	14.32	35.2	0.0	3.14772780331429
16	7	2021	15.85	30.29	0.0	2.458259189620559
17	7	2021	16.55	35.27	0.0	3.03167355039676
18	7	2021	13.61	26.23	0.0	2.047884949262713
19	7	2021	13.82	20.44	0.0	0.921318225324872
20	7	2021	15.82	28.09	0.0	2.1176289741642647
21	7	2021	15.4	31.06	0.0	2.620075066707768
22	7	2021	13.89	33.17	0.0	2.9519324510994114
23	7	2021	6.34	28.74	0.0	2.718103595525775
24	7	2021	9.78	29.16	0.0	2.668035256537299
25	7	2021	10.77	28.98	2.16	2.151738577113811
26	7	2021	12.54	28.06	0.0	2.355189274976748
27	7	2021	12.76	35.51	0.0	3.106185651734618
28	7	2021	12.86	29.33	0.0	2.4681385550781427
29	7	2021	12.91	33.45	0.0	2.90121994983896
30	7	2021	12.51	31.0	0.0	2.662889461400888
31	7	2021	12.64	31.63	0.0	2.7137998345089716
1	8	2021	12.54	33.03	0.0	2.8462974962879097
2	8	2021	16.15	35.23	0.0	2.876823732518354
3	8	2021	18.62	28.42	0.0	1.5786864215488303
4	8	2021	14.0	28.86	0.0	2.240293775273581
5	8	2021	11.13	30.76	0.0	2.6214573161150345
6	8	2021	15.7	32.85	0.0	2.57735422220313
7	8	2021	14.8	29.5	0.0	2.203106285653641
8	8	2021	13.53	22.91	0.0	1.2920478538578688
9	8	2021	11.35	20.27	0.0	1.145280791110711
10	8	2021	10.44	20.09	3.61	0.953334874438672
11	8	2021	11.46	25.3	0.0	1.897295231872641
12	8	2021	8.57	24.05	0.0	1.955622940437769
13	8	2021	8.49	29.84	0.0	2.5276796529710284
14	8	2021	16.02	37.53	0.0	2.9338942160963137
15	8	2021	15.66	33.0	0.0	2.4780637710241895
16	8	2021	14.79	26.85	0.0	1.7220648098968638
17	8	2021	10.21	18.71	4.76	0.7894592081220163
18	8	2021	9.05	17.2	0.0	0.8421108979218198
19	8	2021	7.42	18.85	4.65	1.0204191767595463
20	8	2021	9.77	19.13	5.48	0.8538249939378485
21	8	2021	6.02	21.53	6.11	1.3717989844214449
22	8	2021	9.63	15.71	11.72	0.5584884211334232
23	8	2021	7.54	17.93	6.63	0.9718600814142876
24	8	2021	6.99	14.45	0.0	0.7423738642506059
25	8	2021	3.19	19.81	0.0	1.7223421189145305
26	8	2021	7.41	20.31	0.0	1.5479090268148568
27	8	2021	12.31	21.8	0.0	1.2500531931468983
28	8	2021	10.74	23.97	0.0	1.7463311980010514
29	8	2021	7.62	25.88	0.0	2.106195390439386
30	8	2021	8.7	28.87	0.0	2.3115968754338345
31	8	2021	11.7	24.83	7.36	1.3914904841761897
1	9	2021	8.33	21.36	0.0	1.521398366535136
2	9	2021	8.36	18.97	0.0	1.1939305533636195
3	9	2021	7.72	21.84	0.0	1.5925662613464198
4	9	2021	5.03	23.53	0.0	1.858043641792685
5	9	2021	8.05	29.06	0.0	2.2005761043997754
6	9	2021	10.23	22.68	1.35	1.457725803783419
7	9	2021	7.32	23.76	0.0	1.7513182685906603
8	9	2021	5.46	25.43	0.0	2.0054082872141223
9	9	2021	10.28	28.51	0.0	2.1756281943712565
10	9	2021	8.62	21.92	0.0	1.5643274658381816
11	9	2021	6.97	14.32	0.0	0.6719014297971231
12	9	2021	2.87	17.79	0.0	1.4414619273657496
13	9	2021	6.99	21.27	0.0	1.5832633863761576
14	9	2021	4.11	23.02	0.0	1.840134424269276
15	9	2021	8.52	18.86	0.0	1.1522823943979306
16	9	2021	3.51	15.22	0.0	1.1037099443371718
17	9	2021	-1.43	19.77	0.0	1.6228437644054918
18	9	2021	11.13	32.35	0.0	2.317206906196674
19	9	2021	6.72	20.4	0.0	1.393462068726381
20	9	2021	1.59	19.13	0.0	1.486162074346448
21	9	2021	2.63	22.13	0.0	1.670569849027277
22	9	2021	5.97	27.77	0.0	1.9982023632741464
23	9	2021	4.59	17.24	0.0	1.095222117680247
24	9	2021	-1.45	19.76	0.0	1.5118802247960348
25	9	2021	7.41	26.05	0.0	1.762851142976642
26	9	2021	4.08	25.9	0.0	1.8184748994148048
27	9	2021	9.16	29.91	0.0	1.9645850247450551
28	9	2021	6.46	26.82	0.0	1.7887174751595918
29	9	2021	6.13	20.83	0.0	1.2607708442408585
30	9	2021	1.71	23.93	0.0	1.6530716981131952
1	10	2021	5.99	23.06	0.0	1.4359865915582215
2	10	2021	0.05	21.58	0.0	1.484306789999525
3	10	2021	5.96	24.13	0.0	1.5296089193921054
4	10	2021	2.07	21.07	0.0	1.4036284055683588
5	10	2021	5.4	24.42	0.0	1.5429436370086322
6	10	2021	7.21	25.93	0.0	1.603514552676692
7	10	2021	2.64	14.23	0.0	0.7931081352212876
8	10	2021	0.57	16.82	0.0	1.1288563194828094
9	10	2021	-1.51	19.85	0.0	1.3868045238273556
10	10	2021	-0.69	18.96	0.0	1.2952144646110353
11	10	2021	-2.34	9.43	0.0	0.6377094858428234
12	10	2021	-7.14	8.82	0.0	0.7395250962117278
13	10	2021	-4.61	5.04	3.64	0.4395501539592967
14	10	2021	-2.53	6.85	2.1	0.4628799637582318
15	10	2021	-4.01	13.68	0.0	0.9214336726150568
16	10	2021	-0.61	18.28	0.0	1.12778427509756
17	10	2021	3.32	24.47	0.0	1.440337363265639
18	10	2021	1.19	13.41	0.0	0.7235905024055118
19	10	2021	-5.19	6.75	0.0	0.5590079152191391
20	10	2021	-7.26	8.08	0.0	0.6672732759203094
21	10	2021	-4.01	11.46	0.0	0.761812587508013
22	10	2021	-5.61	9.68	0.0	0.7059069468736334
23	10	2021	-1.62	7.08	0.0	0.4537372267330826
24	10	2021	1.87	7.27	0.0	0.31507395143801
25	10	2021	2.93	9.75	3.01	0.3920622037045085
26	10	2021	2.3	11.26	0.0	0.5362560264350787
27	10	2021	0.01	13.62	0.0	0.7580426068611839
28	10	2021	-2.17	11.26	1.64	0.6927308260581537
29	10	2021	0.78	8.81	1.4	0.4530284109793571
30	10	2021	-5.21	4.62	0.0	0.444198990333191
31	10	2021	-9.0	4.0	0.0	0.5049327048989133
1	11	2021	-10.88	2.44	0.0	0.4737291774363313
2	11	2021	-10.49	6.99	0.0	0.6423869732324458
3	11	2021	-8.04	10.63	0.0	0.760768336887571
4	11	2021	-1.93	16.13	0.0	0.9163564081874584
5	11	2021	2.17	14.49	0.0	0.715521192915015
6	11	2021	-3.04	10.15	0.0	0.6397317956359319
7	11	2021	-6.02	9.87	0.0	0.687590030600802
8	11	2021	-5.62	8.82	0.0	0.6310558788636679
9	11	2021	-9.78	7.97	0.0	0.6564590342954231
10	11	2021	-2.12	3.65	1.0	0.2794725664257049
11	11	2021	-6.68	-2.54	0.0	0.1626655537959037
12	11	2021	-9.15	-1.98	0.0	0.2563787888131755
13	11	2021	-8.43	6.16	0.0	0.5586853897405822
14	11	2021	-5.33	2.45	0.73	0.3300892518563899
15	11	2021	-1.57	5.84	1.01	0.3658526836064175
16	11	2021	-4.9	7.03	4.86	0.5005566369868159
17	11	2021	-13.09	-5.44	0.0	0.2226559400115573
18	11	2021	-15.23	-1.2	0.0	0.3824471277142448
19	11	2021	-10.89	-1.79	0.0	0.2987524314960942
20	11	2021	-11.28	1.03	0.0	0.4038203615076067
21	11	2021	-16.85	-1.92	0.0	0.372638172754134
22	11	2021	-7.47	5.2	0.0	0.4915609226826776
23	11	2021	-9.93	3.04	0.0	0.4492158301817716
24	11	2021	-17.23	-8.0	0.0	0.2114840155342255
25	11	2021	-11.16	3.13	0.0	0.4673764575404138
26	11	2021	-1.89	6.6	0.0	0.4015785744603393
27	11	2021	-6.67	1.96	0.0	0.3357135013964727
28	11	2021	-4.65	5.22	0.0	0.419001545316121
29	11	2021	-3.55	5.55	0.0	0.4021072864623277
30	11	2021	-5.34	5.51	0.0	0.4472616837466301
1	12	2021	-0.28	7.13	0.0	0.3677048980492911
2	12	2021	-3.25	2.48	1.41	0.2522299143749704
3	12	2021	-8.16	-0.87	0.0	0.2616770703682537
4	12	2021	-10.64	-2.71	0.87	0.2578256498824931
5	12	2021	-22.43	-7.86	1.05	0.257492533253598
6	12	2021	-25.1	-13.04	0.0	0.1741884548060536
7	12	2021	-20.88	-8.3	0.0	0.2392910170326299
8	12	2021	-14.69	3.2	0.56	0.4989138645905784
9	12	2021	-12.39	-2.17	0.0	0.3068581702875387
10	12	2021	-14.47	-4.4	0.0	0.2700452674136113
11	12	2021	-10.39	3.98	0.0	0.48244381216737
12	12	2021	-9.26	1.23	0.0	0.364223792461958
13	12	2021	-14.58	-2.87	0.0	0.3138717361567848
14	12	2021	-9.58	-2.36	0.61	0.2417676423711887
15	12	2021	-21.78	-12.8	0.0	0.153240267072398
16	12	2021	-25.2	-16.78	0.86	0.1135364735899758
17	12	2021	-25.77	-18.07	0.0	0.0986519282906876
18	12	2021	-27.94	-7.92	0.0	0.2611189078306997
19	12	2021	-19.75	-9.41	0.0	0.2028871580207273
20	12	2021	-21.14	-12.5	0.0	0.1525116383652924
21	12	2021	-20.08	-7.13	0.0	0.256348322953194
22	12	2021	-13.77	-5.95	2.86	0.2042725481267003
23	12	2021	-14.36	-0.57	1.68	0.3786660395958772
24	12	2021	-24.35	-15.72	0.77	0.1238189333427919
25	12	2021	-28.87	-22.55	1.92	0.0634863278284252
26	12	2021	-28.43	-24.45	7.49	0.038114511777651
27	12	2021	-34.93	-26.72	0.0	0.0535935645080405
28	12	2021	-37.57	-27.55	0.0	0.0546635876990624
29	12	2021	-34.3	-25.9	0.0	0.0580140417632073
30	12	2021	-36.3	-27.24	0.0	0.054047540727514
31	12	2021	-35.89	-27.25	0.0	0.052862654195296
1	1	2022	-35.21	-22.48	0.0	0.0876045359459733
2	1	2022	-26.13	-1.27	0.0	0.3901646772317993
3	1	2022	-17.12	-5.02	3.46	0.2731087467803084
4	1	2022	-24.09	-12.94	1.6	0.1685168172595287
5	1	2022	-33.05	-19.84	0.0	0.1090491405631139
6	1	2022	-35.06	-26.46	0.0	0.0556268731739805
7	1	2022	-24.13	-8.15	1.55	0.2575050738855353
8	1	2022	-24.49	-13.83	0.0	0.1568258253559641
9	1	2022	-28.6	-15.9	0.0	0.1453236469748437
10	1	2022	-21.49	-0.05	0.0	0.4319968283892864
11	1	2022	-10.9	3.94	0.0	0.4948578697721308
12	1	2022	-1.9	5.15	0.0	0.3337376427894444
13	1	2022	-4.92	4.0	2.42	0.3635922120091149
14	1	2022	-5.58	1.8	0.0	0.3030146760769524
15	1	2022	-4.7	4.39	0.0	0.3918646138336821
16	1	2022	-4.49	4.17	0.0	0.3770478413213464
17	1	2022	-5.6	4.63	0.98	0.4297432940982442
18	1	2022	-19.33	2.57	0.0	0.5096386771958548
19	1	2022	-26.19	-15.68	0.0	0.1418427488511335
20	1	2022	-23.09	-2.85	2.03	0.3619287858597689
21	1	2022	-9.19	2.61	1.23	0.4325564342872181
22	1	2022	-7.35	4.45	1.87	0.4713540839520672
23	1	2022	-7.32	5.18	0.0	0.5036422291012407
24	1	2022	-9.86	2.47	0.0	0.444483419180615
25	1	2022	-22.28	-4.9	0.0	0.3359904895879517
26	1	2022	-9.24	2.21	0.0	0.426695883100728
27	1	2022	-7.49	1.15	0.0	0.3443347755889493
28	1	2022	-10.49	1.61	0.0	0.4305685426771539
29	1	2022	-8.49	2.52	0.0	0.4293203424296633
30	1	2022	-4.35	5.4	0.0	0.453408536794091
31	1	2022	-12.38	3.9	3.85	0.5188090899269394
1	2	2022	-25.94	-16.43	0.0	0.1366266129300486
2	2	2022	-31.81	-22.9	0.0	0.0828825071847162
3	2	2022	-29.6	-19.25	0.0	0.1173844390626929
4	2	2022	-31.47	-5.61	6.64	0.3033758039676817
5	2	2022	-13.92	-4.97	1.08	0.2728734756623939
6	2	2022	-15.41	1.97	0.0	0.5206058938165213
7	2	2022	-4.97	5.83	0.0	0.5136479020762863
8	2	2022	-4.25	2.58	0.0	0.3313260456809977
9	2	2022	-7.75	2.97	0.64	0.4610949325985702
10	2	2022	-8.19	5.31	1.03	0.5772433264191135
11	2	2022	-17.27	-11.03	0.0	0.1590452939629857
12	2	2022	-16.55	-6.16	0.0	0.291058700300812
13	2	2022	-14.87	2.16	0.0	0.5443968471900292
14	2	2022	-16.76	-8.75	1.26	0.2180207134523366
15	2	2022	-14.47	-6.75	1.36	0.2402826368107875
16	2	2022	-23.44	-15.23	0.56	0.1495832626745728
17	2	2022	-25.63	-2.21	0.0	0.4358940448809837
18	2	2022	-19.47	-6.26	0.0	0.3305269328615888
19	2	2022	-16.71	3.65	4.43	0.5794511887895482
20	2	2022	-22.2	-14.71	0.0	0.1505582524734081
21	2	2022	-28.09	-20.0	0.0	0.1099868861988894
22	2	2022	-31.31	-20.26	0.0	0.1253568680012629
23	2	2022	-30.6	-18.62	0.0	0.146204914770289
24	2	2022	-26.28	-16.45	0.0	0.1605182788861018
25	2	2022	-25.91	-7.6	0.0	0.3355868030375616
26	2	2022	-13.92	-2.1	0.0	0.4225802755010325
27	2	2022	-11.43	-5.6	0.0	0.2289124978933135
28	2	2022	-13.79	-6.87	0.0	0.2445568116891311
1	3	2022	-13.02	-6.6	0.0	0.2378754721010751
2	3	2022	-15.08	-8.91	0.0	0.2065120565316082
3	3	2022	-16.37	-9.77	7.5	0.1887817489096724
4	3	2022	-11.78	-8.11	3.88	0.1328301646595586
5	3	2022	-17.08	-10.27	0.0	0.2115499708106052
6	3	2022	-18.44	-4.76	0.0	0.4163119548516784
7	3	2022	-15.49	1.64	1.38	0.6210936561019212
8	3	2022	-17.72	-8.66	0.0	0.2866536014812269
9	3	2022	-23.89	-13.7	0.0	0.2221329102608459
10	3	2022	-23.62	-12.22	0.0	0.2562830379837739
11	3	2022	-30.28	-9.88	0.0	0.3121087548883444
12	3	2022	-14.89	2.95	0.0	0.7090234833617168
13	3	2022	-10.98	-1.84	0.0	0.4258040763983723
14	3	2022	-11.31	1.12	0.0	0.5919209400682459
15	3	2022	-5.15	5.12	0.0	0.6813418530474431
16	3	2022	-3.09	4.48	0.0	0.513993528037594
17	3	2022	-5.75	5.77	0.0	0.7833405769320197
18	3	2022	-1.41	6.0	0.0	0.5508560357302779
19	3	2022	-3.08	6.92	0.0	0.8082422540261566
20	3	2022	-0.97	5.09	3.1	0.4116046572446278
21	3	2022	-1.2	6.33	0.0	0.6606721678358
22	3	2022	-2.39	8.67	0.0	1.0104602625331287
23	3	2022	-1.42	13.8	0.0	1.4254729047355004
24	3	2022	-0.68	7.92	1.3	0.838568622731756
25	3	2022	-6.14	1.33	0.0	0.5186666143276368
26	3	2022	-8.8	-2.31	0.0	0.3769963372873381
27	3	2022	-6.68	9.05	0.0	1.2027885475683997
28	3	2022	-2.3	9.22	0.0	1.2082239134841943
29	3	2022	-5.36	2.34	0.0	0.6673721352986008
30	3	2022	-7.59	10.38	0.0	1.369882560836641
31	3	2022	-0.84	4.68	1.95	0.5429554671804265
1	4	2022	-4.1	5.53	0.0	0.9356755249568252
2	4	2022	-6.99	8.02	0.0	1.23069940591268
3	4	2022	-4.17	11.89	0.0	1.497284336694364
4	4	2022	-1.94	16.02	0.0	1.8290267548656804
5	4	2022	-1.08	9.0	3.21	0.9495302288992408
6	4	2022	-1.0	7.37	1.11	0.975856325632944
7	4	2022	-3.76	11.1	0.0	1.4781493175846745
8	4	2022	-1.14	18.92	0.0	2.0679932044039577
9	4	2022	-0.17	12.15	0.0	1.5139723800910876
10	4	2022	-4.23	7.12	0.0	1.1703225631034668
11	4	2022	-8.29	-1.12	0.0	0.540445802927182
12	4	2022	-10.29	-5.72	0.0	0.2598416642616026
13	4	2022	-9.97	-5.67	2.55	0.2193597038637452
14	4	2022	-9.31	-3.76	2.23	0.298857962810365
15	4	2022	-10.2	-2.43	0.0	0.5613303454969132
16	4	2022	-10.01	1.08	0.0	0.8752773225871536
17	4	2022	-7.56	4.01	0.0	1.062824811382014
18	4	2022	-7.51	8.62	0.0	1.4284600691309974
19	4	2022	-3.08	5.07	2.82	0.738776423237601
20	4	2022	-4.49	1.56	2.25	0.4214165854337071
21	4	2022	-8.49	5.34	0.0	1.1941631007564752
22	4	2022	-2.73	3.45	0.94	0.7064197159769858
23	4	2022	0.0	9.35	1.72	1.3514308274408808
24	4	2022	-2.69	11.83	0.0	1.6995006262525516
25	4	2022	-1.87	11.71	0.0	1.6773415300423988
26	4	2022	-2.52	16.28	0.0	2.048518563172639
27	4	2022	1.2	15.86	0.0	2.0293106431764887
28	4	2022	0.55	17.34	0.0	2.1562269213351755
29	4	2022	0.21	16.26	0.0	2.078890515010615
30	4	2022	1.17	17.26	0.0	2.156800056843261
1	5	2022	0.77	15.47	0.0	1.9962680143736924
2	5	2022	-0.27	18.39	0.0	2.2210543646884977
3	5	2022	3.83	20.01	0.0	2.3592758669365663
4	5	2022	0.96	24.14	0.0	2.5816563683885483
5	5	2022	8.13	27.31	0.0	2.8572677147362704
6	5	2022	9.84	22.2	2.93	2.129110056242427
7	5	2022	5.72	14.38	8.03	1.3101690850134764
8	5	2022	3.03	15.18	0.0	1.7819753257424022
9	5	2022	-0.52	14.36	3.58	1.4989608593800583
10	5	2022	2.96	14.06	2.89	1.2896274014737854
11	5	2022	-0.59	18.46	0.0	2.10900102479263
12	5	2022	3.25	19.64	0.0	2.1928786357032295
13	5	2022	5.02	10.74	9.89	0.5320377237818561
14	5	2022	2.77	16.74	0.0	1.8150953861324357
15	5	2022	3.36	20.45	0.0	2.173342191255955
16	5	2022	5.16	21.17	0.0	2.2100229460276504
17	5	2022	6.05	20.09	1.83	2.065300978863772
18	5	2022	6.6	16.9	0.78	1.5765641218648374
19	5	2022	1.21	10.91	3.08	0.917759628434157
20	5	2022	0.52	8.39	0.0	0.8512718717468706
21	5	2022	-0.79	14.0	0.0	1.6850451136260498
22	5	2022	0.33	16.58	0.0	1.904139853968556
23	5	2022	1.41	22.4	0.0	2.3926460405723127
24	5	2022	4.29	24.14	0.0	2.5291691406531895
25	5	2022	6.42	23.95	0.0	2.4779984164739073
26	5	2022	5.84	23.92	0.0	2.4955559294569074
27	5	2022	6.9	20.64	2.28	1.696166063026053
28	5	2022	8.02	22.45	0.0	2.2398632849427123
29	5	2022	9.34	20.7	0.0	1.8930368032378124
30	5	2022	6.45	18.06	0.0	1.770768716473636
31	5	2022	2.98	18.72	0.0	2.059661814318083
1	6	2022	2.48	19.84	0.0	2.192835062074503
2	6	2022	3.73	21.44	0.0	2.39218094425242
3	6	2022	2.5	23.01	0.0	2.525392451804967
4	6	2022	4.41	24.87	0.0	2.662046592496226
5	6	2022	6.94	20.35	0.0	2.2099794259593866
6	6	2022	6.02	20.29	0.0	2.261561239897702
7	6	2022	7.82	20.49	0.0	2.182055044855766
8	6	2022	6.46	24.22	3.39	2.251173533751114
9	6	2022	11.62	24.51	6.65	1.9675567067603568
10	6	2022	10.93	26.53	1.79	2.67016698155028
11	6	2022	8.1	23.98	0.0	2.4866478215513736
12	6	2022	8.93	24.71	6.25	2.0734450194516656
13	6	2022	11.29	21.01	8.11	1.2955134577431802
14	6	2022	6.54	18.99	0.0	1.8012009244356293
15	6	2022	4.86	16.83	6.08	1.3036839650766583
16	6	2022	11.54	20.81	0.0	1.49372022685911
17	6	2022	11.17	29.59	0.0	2.785529075004087
18	6	2022	17.4	31.03	0.0	2.505492342110537
19	6	2022	15.68	21.23	5.51	0.6483793947018401
20	6	2022	14.05	20.67	2.74	0.7538468031614685
21	6	2022	11.75	22.78	1.56	1.7960558021820283
22	6	2022	11.03	27.79	0.0	2.5666152820655803
23	6	2022	10.38	26.43	6.2	2.004045854025987
24	6	2022	7.66	18.16	2.5	1.162123811222216
25	6	2022	8.14	21.02	3.35	1.4920746589794722
26	6	2022	8.35	24.91	0.0	2.3191306671640888
27	6	2022	9.82	23.75	0.0	2.0840597527767186
28	6	2022	9.57	22.69	2.58	1.5540790609457662
29	6	2022	12.5	24.84	0.0	1.9617267752408032
30	6	2022	9.32	23.17	0.0	2.0348536572352467
1	7	2022	8.37	24.28	0.0	2.2360172934072886
2	7	2022	10.15	22.87	2.59	1.529701277855076
3	7	2022	10.97	23.37	1.32	1.9224570663177256
4	7	2022	12.58	17.73	7.55	0.5970631677822021
5	7	2022	12.37	18.89	3.24	0.7547019417904
6	7	2022	12.57	24.28	0.0	1.8905270713039315
7	7	2022	12.86	24.58	1.75	1.904203963931961
8	7	2022	16.84	31.43	5.03	1.9794064775999232
9	7	2022	15.86	28.85	1.82	2.1779204737536815
10	7	2022	13.7	25.14	3.15	1.4339073591763862
11	7	2022	10.73	27.11	0.0	2.3302532505769005
12	7	2022	10.32	30.38	0.0	2.645118903917935
13	7	2022	16.21	33.2	3.11	2.1412257415260645
14	7	2022	15.02	28.14	0.0	2.0954222538859986
15	7	2022	16.24	33.88	0.0	2.688611052410779
16	7	2022	14.81	35.12	0.0	2.8598310539145655
17	7	2022	15.47	31.91	0.0	2.495649108519938
18	7	2022	14.09	29.01	17.28	1.79560223158213
19	7	2022	14.82	28.54	7.91	1.589562458493348
20	7	2022	12.7	24.85	0.0	1.6558561033980148
21	7	2022	10.81	28.67	0.0	2.266008647997387
22	7	2022	10.96	25.0	0.0	1.8342276148503207
23	7	2022	8.89	22.27	0.0	1.6652894948098431
24	7	2022	7.88	28.61	0.0	2.3676144803455412
25	7	2022	13.07	20.65	3.63	0.8305112980170328
26	7	2022	10.55	24.43	0.0	1.7622553685973026
27	7	2022	7.81	26.08	0.0	2.108704921549367
28	7	2022	8.33	27.99	0.0	2.250007946229145
29	7	2022	13.21	33.8	0.0	2.5511142100841533
30	7	2022	15.53	26.03	3.98	1.1577002497957507
31	7	2022	13.44	28.2	7.81	1.528726384417091
1	8	2022	14.83	26.94	0.0	1.5446726957403294
2	8	2022	13.44	25.21	0.0	1.4491222993276751
3	8	2022	8.04	26.37	0.0	2.0011105397161764
4	8	2022	10.96	34.48	0.0	2.5689190332956215
5	8	2022	8.7	19.17	0.0	1.1130096710172197
6	8	2022	4.53	22.84	0.0	1.8084270300118448
7	8	2022	11.61	30.39	0.0	2.1772395402161417
8	8	2022	10.72	33.02	0.0	2.457274799869796
9	8	2022	9.95	26.18	0.0	1.8236767982864632
10	8	2022	10.68	26.63	0.0	1.8122851218678664
11	8	2022	15.7	26.44	0.0	1.2596552205917595
12	8	2022	11.84	31.99	0.0	2.3308932314385764
13	8	2022	16.07	32.89	1.68	2.1251900252531217
14	8	2022	15.36	31.1	0.0	1.9550677973079775
15	8	2022	11.88	29.78	0.0	2.067205430457183
16	8	2022	13.79	34.88	0.0	2.445662923417524
17	8	2022	16.12	29.95	0.0	1.7051852276772743
18	8	2022	12.41	29.37	0.0	1.9698704976869752
19	8	2022	10.47	29.56	0.0	2.089846201861857
20	8	2022	14.22	31.88	0.0	2.079726268660797
21	8	2022	12.61	33.8	0.0	2.3441579632540885
22	8	2022	16.47	26.69	0.0	1.152575177987925
23	8	2022	14.53	26.58	0.0	1.3512051543807522
24	8	2022	10.64	26.95	0.0	1.7427132990834888
25	8	2022	10.24	28.26	0.0	1.8904971603977103
26	8	2022	13.15	28.57	9.76	1.4149779257488175
27	8	2022	13.34	30.63	0.0	1.8756184662771445
28	8	2022	12.35	21.81	0.0	0.982691561528088
29	8	2022	8.63	27.43	0.0	1.827981814415597
30	8	2022	10.25	31.68	0.0	2.1101649509795024
31	8	2022	13.87	35.2	0.0	2.213601401931238
1	9	2022	14.13	32.21	0.0	1.891580157865758
2	9	2022	6.08	27.12	0.0	1.8417530036074885
3	9	2022	12.45	36.71	0.0	2.3520338839255626
4	9	2022	15.75	34.81	0.0	1.9792835037235377
5	9	2022	12.59	31.13	0.0	1.820822421637661
6	9	2022	8.63	24.71	0.0	1.4288139568400535
7	9	2022	10.54	35.28	0.0	2.2607818897939707
8	9	2022	7.11	19.5	0.0	1.0630066347757554
9	9	2022	3.5	17.35	0.0	1.0743265865980214
10	9	2022	1.82	22.9	0.0	1.5744670818932722
11	9	2022	8.44	32.15	0.0	2.088173443975069
12	9	2022	8.84	23.24	0.0	1.271344748179324
13	9	2022	9.73	15.22	1.5	0.4919180177055778
14	9	2022	7.55	15.88	1.06	0.7064155056943678
15	9	2022	5.73	15.87	0.0	0.821644473405643
16	9	2022	10.59	20.41	0.0	0.8912243169957662
17	9	2022	8.04	23.52	0.0	1.3439750528470296
18	9	2022	4.69	22.29	0.0	1.425919979992402
19	9	2022	8.86	18.51	3.3	0.7619709399875909
20	9	2022	4.15	13.56	0.0	0.7205048858214262
21	9	2022	-0.73	16.91	0.0	1.1725229230781244
22	9	2022	1.96	18.17	1.55	1.1780358691882094
23	9	2022	4.55	20.3	0.0	1.2327074149846289
24	9	2022	6.55	21.45	0.0	1.2316718238016724
25	9	2022	1.77	22.11	0.0	1.4760673665384232
26	9	2022	5.97	22.99	0.0	1.3752592939059396
27	9	2022	6.6	25.82	0.0	1.5792798981768992
28	9	2022	8.87	31.09	0.0	1.889863211365649
29	9	2022	8.13	30.22	0.0	1.8320181910174331
30	9	2022	10.25	23.39	0.0	1.0918790655300563
1	10	2022	7.39	19.46	0.0	0.9419182179014624
2	10	2022	5.42	19.61	0.0	1.0510714593690105
3	10	2022	6.92	22.27	0.0	1.2481365541566822
4	10	2022	7.78	25.81	0.0	1.526429548184861
5	10	2022	3.59	12.25	0.0	0.6040986586485524
6	10	2022	-3.11	10.17	0.0	0.7417019973210179
7	10	2022	-2.25	19.74	0.0	1.3616082962078573
8	10	2022	3.15	22.65	0.0	1.4468468897907398
9	10	2022	3.44	22.61	0.0	1.4391286808510608
10	10	2022	3.1	25.32	0.0	1.6210150078756966
11	10	2022	3.24	14.43	0.0	0.7497833262936525
12	10	2022	2.22	11.32	0.0	0.5882896546942562
13	10	2022	-0.39	14.26	0.0	0.9026019951682612
14	10	2022	-1.71	16.02	1.24	1.0591392950485043
15	10	2022	-1.67	9.15	0.0	0.5995683583754816
16	10	2022	-3.85	9.78	0.0	0.6974876849070042
17	10	2022	-2.62	18.04	0.0	1.2808407916474631
18	10	2022	1.27	22.8	0.0	1.613083584366937
19	10	2022	1.89	21.77	0.0	1.5138013353283453
20	10	2022	2.99	15.23	0.0	0.9072237385343492
21	10	2022	0.51	11.02	0.0	0.6464070606032117
22	10	2022	-3.83	10.08	5.2	0.6493069475515686
23	10	2022	-0.95	3.02	11.49	0.1992459891563427
24	10	2022	-2.94	0.9	0.0	0.1880826554377718
25	10	2022	-3.52	3.1	0.0	0.3207940807353165
26	10	2022	-4.48	5.9	0.0	0.4923220953932002
27	10	2022	-0.67	9.61	0.0	0.562306002566311
28	10	2022	-0.4	9.99	0.0	0.5730972372881674
29	10	2022	-1.46	13.03	0.0	0.7955630070452879
30	10	2022	-0.8	14.62	0.0	0.9405743780471584
31	10	2022	-1.21	8.87	0.0	0.5335460543152369
1	11	2022	-0.34	9.56	0.0	0.5383731455025705
2	11	2022	-2.83	0.93	0.0	0.1819655175628133
3	11	2022	-8.16	-2.84	0.0	0.204098555241306
4	11	2022	-9.3	4.04	1.66	0.5194481544232348
5	11	2022	-5.43	3.58	12.36	0.3836631252160966
6	11	2022	-12.31	-6.8	0.0	0.1742291603300648
7	11	2022	-14.41	-7.02	6.47	0.2011609764069926
8	11	2022	-18.49	-7.95	0.0	0.2483586956975844
9	11	2022	-24.4	-15.62	0.0	0.1393807995324607
10	11	2022	-23.59	-14.61	0.0	0.1501600904581237
11	11	2022	-21.73	-10.85	0.0	0.2088044279920333
12	11	2022	-21.46	-10.04	1.51	0.2234539147995306
13	11	2022	-13.84	-5.28	0.0	0.2539883827508515
14	11	2022	-11.62	-4.79	0.9	0.2243666507008901
15	11	2022	-9.11	-3.44	0.0	0.2091066623001558
16	11	2022	-10.48	-2.78	0.0	0.2700722504684251
17	11	2022	-16.83	-10.24	0.0	0.162468473742037
18	11	2022	-17.25	-7.39	0.0	0.2441105876741832
19	11	2022	-12.29	-3.84	0.0	0.2715196989576462
20	11	2022	-11.38	0.76	0.0	0.4114802978058302
21	11	2022	-11.13	1.62	1.09	0.4364352490045551
22	11	2022	-6.12	2.96	0.0	0.3861670628603063
23	11	2022	-4.68	2.32	0.0	0.3136717626624076
24	11	2022	-6.55	4.52	0.0	0.4586589641594659
25	11	2022	-0.05	6.92	0.0	0.3714603824929205
26	11	2022	-3.32	2.69	0.0	0.2807747633629592
27	11	2022	-4.3	2.71	2.83	0.2998976143522173
28	11	2022	-11.92	-5.4	4.96	0.1943027782819767
29	11	2022	-16.85	-11.21	0.0	0.1327025382371043
30	11	2022	-20.73	-13.86	2.12	0.1227597879495373
1	12	2022	-23.18	-15.17	0.74	0.1296725431216542
2	12	2022	-29.25	-21.66	0.0	0.0792158132719162
3	12	2022	-24.55	-11.07	0.0	0.2088749820746802
4	12	2022	-15.28	-3.03	0.0	0.3264849914424393
5	12	2022	-23.9	-13.79	0.87	0.157384122418811
6	12	2022	-33.19	-21.59	0.0	0.0940226316610609
7	12	2022	-34.62	-8.29	0.0	0.2398787424811682
8	12	2022	-14.78	-4.65	0.0	0.270298956356643
9	12	2022	-10.61	-1.79	0.0	0.2894604188895968
10	12	2022	-16.63	-6.06	0.0	0.2547129305144046
11	12	2022	-10.45	-4.31	1.37	0.1993936887849087
12	12	2022	-12.75	-7.86	2.81	0.1333532575002
13	12	2022	-16.75	-11.82	0.0	0.1117098560562167
14	12	2022	-18.86	-8.18	0.52	0.2259041489007256
15	12	2022	-16.82	-10.74	0.0	0.1386322852368658
16	12	2022	-20.04	-13.0	0.82	0.1333271224790865
17	12	2022	-20.44	-14.43	1.33	0.1092572282901874
18	12	2022	-25.95	-20.17	1.05	0.0723342930238724
19	12	2022	-31.55	-23.22	2.19	0.0689998193675292
20	12	2022	-35.65	-29.53	2.07	0.0351238135405341
21	12	2022	-33.72	-28.42	0.92	0.0365888631322772
22	12	2022	-32.77	-26.68	0.0	0.0462062338654807
23	12	2022	-35.73	-19.94	0.0	0.1107953494487702
24	12	2022	-22.52	-10.65	2.32	0.1949397902524964
25	12	2022	-16.82	-7.56	0.0	0.2184503182313187
26	12	2022	-15.26	1.61	0.0	0.4537356255660639
27	12	2022	-9.8	-1.98	7.81	0.2544960012298559
28	12	2022	-16.19	-8.1	1.98	0.1958551611641433
29	12	2022	-14.52	-9.74	0.0	0.1228303556687027
30	12	2022	-16.09	-7.62	0.0	0.2075392846423157
31	12	2022	-17.52	-9.67	0.0	0.1760561458112169
1	1	2023	-17.39	-6.01	0.0	0.2621026395815033
2	1	2023	-14.11	-4.43	0.0	0.2651221518054574
3	1	2023	-14.62	-5.53	0.0	0.2419133812566419
4	1	2023	-17.12	-9.07	0.0	0.1846395838214632
5	1	2023	-17.16	-10.25	0.0	0.1567437768342383
6	1	2023	-16.75	-4.47	0.0	0.2969852621187551
7	1	2023	-11.69	-3.03	0.0	0.2707081514349241
8	1	2023	-13.55	-4.47	0.0	0.2584928090681821
9	1	2023	-13.17	-3.66	0.0	0.2772276666912117
10	1	2023	-15.4	-9.36	0.0	0.1521790675631529
11	1	2023	-15.62	-9.66	0.0	0.1486170324709992
12	1	2023	-13.63	-6.21	0.0	0.2106773873148117
13	1	2023	-11.2	-1.51	0.0	0.3166995057957353
14	1	2023	-11.24	-3.46	0.0	0.2527832111186111
15	1	2023	-9.84	-6.77	0.0	0.1039158198379765
16	1	2023	-9.11	-7.18	0.0	0.0675992129263283
17	1	2023	-9.97	-6.59	0.0	0.1146956182947431
18	1	2023	-8.45	-2.8	0.0	0.2114259393818901
19	1	2023	-10.15	-4.65	0.0	0.1897514974820052
20	1	2023	-13.9	-4.6	0.0	0.2703415465111626
21	1	2023	-11.9	-0.39	0.0	0.392450854359484
22	1	2023	-6.62	1.12	0.0	0.3288071463679952
23	1	2023	-12.89	-1.48	0.0	0.3792968458503344
24	1	2023	-9.37	-1.81	0.0	0.2797352754803105
25	1	2023	-7.96	-0.74	1.44	0.3145163036648122
26	1	2023	-9.2	3.46	1.02	0.618878655905728
27	1	2023	-18.84	-4.21	0.0	0.3757623191765022
28	1	2023	-24.08	-18.21	0.0	0.09432845755621
29	1	2023	-25.45	-19.49	0.0	0.0875495902943097
30	1	2023	-25.46	-17.35	0.0	0.1230723460479532
31	1	2023	-22.68	-12.37	0.0	0.1933185440044427
1	2	2023	-22.72	-11.2	1.93	0.2181231271250609
2	2	2023	-26.8	-17.14	0.0	0.1378379098643532
3	2	2023	-19.29	-1.26	0.0	0.5053599086793753
4	2	2023	-6.94	0.56	0.0	0.4420836518866498
5	2	2023	-11.02	1.6	0.0	0.6305967799988934
6	2	2023	-4.53	0.71	0.0	0.3092817324297839
7	2	2023	-4.33	3.06	0.0	0.5614049672018229
8	2	2023	-9.13	-0.43	2.17	0.389207420181571
9	2	2023	-13.39	-2.32	0.0	0.4924101180100644
10	2	2023	-9.03	4.64	0.0	0.8262046297433572
11	2	2023	-6.69	1.15	0.0	0.5456808901227116
12	2	2023	-7.8	1.57	0.0	0.6370046113096175
13	2	2023	-3.71	3.46	0.0	0.6230634979757875
14	2	2023	-16.78	-4.68	0.0	0.4475144668887555
15	2	2023	-16.7	-9.33	0.0	0.2280811874874931
16	2	2023	-18.52	-1.59	0.0	0.5738529553824943
17	2	2023	-8.82	-0.29	0.0	0.5517570363147433
18	2	2023	-12.58	-3.83	0.0	0.43367008435409
19	2	2023	-12.28	-5.6	1.1	0.305783872817721
20	2	2023	-20.3	-10.53	0.0	0.2718048323709371
21	2	2023	-26.55	-17.36	0.0	0.1466577856400342
22	2	2023	-30.31	-25.39	0.0	0.0562517804749276
23	2	2023	-29.18	-22.02	0.0	0.0936894426625379
24	2	2023	-31.0	-19.9	0.0	0.1338455925471253
25	2	2023	-27.56	-11.98	0.0	0.2818800570814308
26	2	2023	-17.9	-1.99	0.0	0.6305809002508419
27	2	2023	-15.99	-5.7	0.0	0.4651497613750672
28	2	2023	-20.42	-10.93	0.0	0.2894013242935171
1	3	2023	-19.31	-6.9	0.0	0.4499834042586046
2	3	2023	-12.49	1.2	0.0	0.8271035319991753
3	3	2023	-10.54	-0.63	0.0	0.70485999452099
4	3	2023	-15.22	-5.11	0.0	0.5141530838989699
5	3	2023	-20.57	-11.36	0.0	0.297135416652069
6	3	2023	-25.29	-13.4	0.0	0.2725552760220885
7	3	2023	-17.48	-12.98	0.0	0.1358943020212046
8	3	2023	-19.47	-14.02	0.96	0.1485607097063682
9	3	2023	-18.85	-10.88	0.0	0.3054759778298857
10	3	2023	-14.19	-7.22	4.65	0.2998170742306078
11	3	2023	-12.43	-7.15	4.07	0.2269023634267275
12	3	2023	-19.22	-9.41	0.0	0.411334143695298
13	3	2023	-17.1	-3.03	0.0	0.7016172403688262
14	3	2023	-11.19	0.89	1.18	0.9334336927992491
15	3	2023	-14.51	-3.79	2.55	0.5523487459075525
16	3	2023	-13.98	-5.01	0.0	0.5784053197019121
17	3	2023	-20.53	-8.11	0.0	0.4864671054699819
18	3	2023	-19.23	-0.71	0.0	0.7852802878550188
19	3	2023	-14.84	-3.05	0.0	0.7270509813895648
20	3	2023	-14.14	-7.03	0.0	0.450506725906858
21	3	2023	-15.41	-6.7	0.0	0.5224906452396293
22	3	2023	-15.95	-6.68	0.0	0.5422341728952655
23	3	2023	-15.23	2.49	0.0	0.9854388972065898
24	3	2023	-14.52	-4.01	0.0	0.6912344578312402
25	3	2023	-18.97	-4.16	0.0	0.6888434302958049
26	3	2023	-14.08	-6.26	0.0	0.52828349329585
27	3	2023	-19.3	-8.43	0.0	0.5080974219912857
28	3	2023	-21.52	-6.34	0.0	0.5999350849584135
29	3	2023	-18.46	-1.15	0.0	0.8294612804971396
30	3	2023	-13.19	-1.99	0.0	0.8442858794360432
31	3	2023	-14.97	0.22	0.0	0.935167438794869
1	4	2023	-8.09	3.39	0.0	1.1397508088961334
2	4	2023	-8.44	-2.81	3.0	0.458697144349022
3	4	2023	-13.8	-8.2	1.65	0.3601333229509268
4	4	2023	-19.48	-7.38	0.0	0.5623716983258301
5	4	2023	-23.27	-6.7	0.0	0.5768502310646745
6	4	2023	-21.17	-4.38	0.0	0.6847755357837354
7	4	2023	-12.66	1.62	0.0	1.0424219697626786
8	4	2023	-3.2	6.38	0.0	1.315448846205953
9	4	2023	0.77	8.4	0.0	1.369154126091494
10	4	2023	2.66	9.49	0.0	1.3663602058431146
11	4	2023	0.71	11.4	0.0	1.6325302671238306
12	4	2023	0.03	8.35	0.0	1.4202680455958845
13	4	2023	-1.77	6.4	1.19	1.3151602563963478
14	4	2023	-1.13	8.4	0.0	1.4584297034756966
15	4	2023	-2.03	12.0	0.0	1.7110475100157612
16	4	2023	-0.75	15.23	0.0	1.9200278858639923
17	4	2023	2.67	16.56	0.0	1.9569927530730504
18	4	2023	0.18	6.84	4.24	0.8942529071088948
19	4	2023	-4.09	-0.11	7.63	0.2598637062734256
20	4	2023	-5.41	-1.4	1.15	0.3004214744605013
21	4	2023	-5.39	1.57	0.0	0.7179756582394136
22	4	2023	-5.21	6.41	0.0	1.2671324627254064
23	4	2023	-5.01	9.02	0.0	1.490052874689875
24	4	2023	-1.54	11.19	0.0	1.654137813047194
25	4	2023	2.02	17.35	1.77	2.0625644703439794
26	4	2023	1.18	15.09	0.0	1.9185560651270828
27	4	2023	2.26	10.44	0.0	1.398726537143521
28	4	2023	-0.74	18.81	0.0	2.133477823382528
29	4	2023	-1.18	16.2	0.0	1.984944917256656
30	4	2023	-2.15	16.31	0.0	1.9810560647889208
1	5	2023	-0.12	20.38	0.0	2.2406477110861776
2	5	2023	3.09	25.79	0.0	2.5910829478770965
3	5	2023	5.36	26.94	0.0	2.6886001819164105
4	5	2023	6.28	26.86	0.0	2.695673722564264
5	5	2023	4.88	19.64	0.0	2.225888604107217
6	5	2023	4.42	16.81	0.0	2.0233075112415237
7	5	2023	7.3	17.87	0.0	2.0557422259370335
8	5	2023	7.13	18.98	0.0	2.1590565994072235
9	5	2023	3.51	20.48	0.0	2.3041907848780756
10	5	2023	7.55	20.61	0.0	2.279231962938505
11	5	2023	5.75	20.31	0.0	2.284154354824968
12	5	2023	8.28	17.65	0.0	1.9951813530063367
13	5	2023	4.66	23.35	0.0	2.502756004261079
14	5	2023	5.29	25.33	0.0	2.6320508562892257
15	5	2023	9.21	27.02	0.0	2.745830713652169
16	5	2023	9.72	30.48	0.0	2.97893042988575
17	5	2023	5.67	18.24	0.0	2.1139259696489354
18	5	2023	3.85	15.56	0.0	1.925500432824795
19	5	2023	1.31	25.74	0.0	2.6174617514819167
20	5	2023	11.49	25.24	0.0	2.548010928201399
21	5	2023	6.98	25.36	0.0	2.6268452544289578
22	5	2023	12.3	31.02	4.07	2.735501936009177
23	5	2023	11.24	25.39	0.0	2.5601097616278894
24	5	2023	10.88	22.3	9.96	2.002473537289681
25	5	2023	12.14	15.52	3.24	0.3637387264982589
26	5	2023	10.35	19.56	0.0	1.7718445498616442
27	5	2023	8.01	16.4	8.09	1.1481552686375378
28	5	2023	12.69	20.11	1.66	1.410893722667527
29	5	2023	10.26	26.56	0.0	2.726902413292321
30	5	2023	10.94	28.33	2.42	2.435983960266939
31	5	2023	11.61	29.94	0.0	2.9788743124810395
1	6	2023	13.88	25.51	0.0	2.3328183943123975
2	6	2023	12.53	22.51	0.0	1.9862672145683888
3	6	2023	16.05	25.45	3.78	1.6257899276782963
4	6	2023	14.79	29.57	0.0	2.882814917594708
5	6	2023	16.91	32.11	0.0	3.0653132423502174
6	6	2023	15.76	26.62	0.0	2.313282311781223
7	6	2023	12.81	28.36	13.77	2.35568868895439
8	6	2023	13.17	29.14	0.0	2.7709592694112044
9	6	2023	11.79	25.28	0.0	2.4127156245373813
10	6	2023	10.17	23.83	0.0	2.384992756259158
11	6	2023	10.08	27.94	0.0	2.8616184704248435
12	6	2023	11.83	29.88	0.0	3.0091887722815622
13	6	2023	12.54	30.76	0.0	3.072830359246324
14	6	2023	12.75	28.52	6.47	2.373427479986191
15	6	2023	8.54	17.18	0.0	1.4481369133180917
16	6	2023	6.08	24.72	0.0	2.631938764664246
17	6	2023	11.88	20.57	0.0	1.617012775100123
18	6	2023	7.98	23.63	17.96	2.046811589407791
19	6	2023	8.55	21.79	0.0	2.0635676538576395
20	6	2023	7.35	22.16	0.0	2.1973179795758893
21	6	2023	7.39	20.34	0.0	1.9716595909743404
22	6	2023	7.93	23.65	0.0	2.350116004954499
23	6	2023	8.09	25.67	0.0	2.547959579456353
24	6	2023	8.87	26.05	0.0	2.5381535750581983
25	6	2023	10.47	28.95	0.0	2.7631374059868485
26	6	2023	11.03	25.92	0.0	2.3743831152438903
27	6	2023	10.72	28.53	0.0	2.6802337317602944
28	6	2023	11.11	25.71	0.0	2.320105152673098
29	6	2023	9.51	27.82	0.0	2.6516179178336583
30	6	2023	14.21	30.35	0.0	2.6953789469774567
1	7	2023	13.62	32.74	0.0	2.979901413845668
2	7	2023	12.18	22.77	0.0	1.7482365785636784
3	7	2023	9.56	22.01	0.0	1.9310576958398065
4	7	2023	7.91	19.09	0.0	1.6475929148991104
5	7	2023	6.76	24.14	0.0	2.3794299944839565
6	7	2023	8.6	26.78	0.0	2.5752582663305987
7	7	2023	7.96	25.33	0.0	2.439846375238398
8	7	2023	9.06	28.4	0.0	2.7079314381046995
9	7	2023	11.44	30.62	0.0	2.836691066052256
10	7	2023	11.06	24.02	0.0	2.034408035280224
11	7	2023	9.53	21.59	0.0	1.8214662848631535
12	7	2023	9.59	24.58	0.0	2.2431665173549034
13	7	2023	11.66	25.83	0.0	2.268051345197478
14	7	2023	10.5	22.9	0.0	1.9459198171770544
15	7	2023	8.12	24.54	0.0	2.3193673555501815
16	7	2023	8.35	23.79	0.0	2.218534340429234
17	7	2023	9.49	27.03	7.11	2.0703823248427335
18	7	2023	11.14	19.95	2.98	0.976129167098003
19	7	2023	13.07	24.03	0.0	1.8148381097969917
20	7	2023	10.38	27.42	0.0	2.5332878729979784
21	7	2023	11.24	29.61	0.0	2.715003162924884
22	7	2023	11.6	30.14	0.0	2.743199895693878
23	7	2023	14.56	31.03	0.0	2.6755825323723106
24	7	2023	15.96	35.56	0.0	3.083993636408656
25	7	2023	18.44	33.63	0.0	2.702590295813892
26	7	2023	11.61	27.24	0.0	2.3990782578252072
27	7	2023	8.99	22.35	0.0	1.9481424444829556
28	7	2023	7.56	21.15	0.0	1.8924095177553235
29	7	2023	5.85	24.06	0.0	2.302634879891475
30	7	2023	9.76	30.03	0.0	2.7448658905451344
31	7	2023	15.58	32.98	0.0	2.78894448276276
1	8	2023	12.77	32.61	0.0	2.8625809480789757
2	8	2023	12.93	30.94	0.0	2.666876872328177
3	8	2023	14.4	36.9	0.0	3.1495599380106336
4	8	2023	14.1	27.93	0.0	2.164077138770532
5	8	2023	10.17	27.59	0.0	2.399514911018981
6	8	2023	8.99	26.64	0.0	2.342859210613008
7	8	2023	9.14	28.74	0.0	2.536901141711843
8	8	2023	10.33	24.5	0.0	1.9909931414370343
9	8	2023	11.51	20.22	11.77	0.8828885987778105
10	8	2023	12.05	24.65	5.55	1.3758789452590767
11	8	2023	11.62	22.84	0.0	1.4615718014652237
12	8	2023	9.77	22.41	3.38	1.262721440434352
13	8	2023	9.67	26.11	0.0	2.024109664837614
14	8	2023	12.69	33.54	0.0	2.6034461820414365
15	8	2023	14.42	30.62	0.0	2.1811763872526715
16	8	2023	11.86	23.77	0.0	1.4986769314913335
17	8	2023	8.76	32.0	0.0	2.549259955657444
18	8	2023	13.86	25.77	0.0	1.519009398177536
19	8	2023	7.99	20.46	0.0	1.3793166499918934
20	8	2023	4.78	21.29	2.26	1.3909664369404848
21	8	2023	11.88	18.55	24.7	0.6388479636259873
22	8	2023	13.2	18.72	13.1	0.546470699220634
23	8	2023	13.84	24.63	0.0	1.2116988027964042
24	8	2023	10.69	23.18	0.0	1.371862498332388
25	8	2023	10.09	20.95	0.0	1.126573121538951
26	8	2023	9.83	29.75	0.0	2.1550973621365395
27	8	2023	11.62	28.09	0.0	1.8882025809787155
28	8	2023	10.96	30.3	0.0	2.1313099706222145
29	8	2023	12.42	31.88	0.0	2.203936411726948
30	8	2023	14.97	27.46	0.0	1.4896276137325135
31	8	2023	11.7	21.88	4.09	0.9454045592074612
1	9	2023	13.21	27.51	0.0	1.644305210516633
2	9	2023	13.42	28.66	0.0	1.7808159164955506
3	9	2023	8.49	31.2	0.0	2.2291857514031004
4	9	2023	9.98	20.69	0.0	1.0675066746110589
5	9	2023	2.26	17.1	0.0	1.2470131299125329
6	9	2023	9.03	23.87	0.0	1.5997855697439043
7	9	2023	8.19	21.71	0.0	1.4042447591711535
8	9	2023	3.85	22.42	0.0	1.6708252880381298
9	9	2023	7.16	23.21	0.0	1.584901545300864
10	9	2023	6.39	24.44	0.0	1.7142816423691287
11	9	2023	6.27	22.63	0.0	1.5358562761719905
12	9	2023	8.77	28.62	0.0	1.941105118649619
13	9	2023	11.2	22.79	0.69	1.2018800706237809
14	9	2023	7.12	20.44	0.0	1.2590517607450011
15	9	2023	4.26	22.14	0.0	1.5574324132349258
16	9	2023	6.96	30.07	0.0	2.076778195678444
17	9	2023	7.13	31.26	0.0	2.2517409469522387
18	9	2023	9.13	27.08	0.0	1.846146949534089
19	9	2023	6.35	18.63	1.45	1.1302727742232528
20	9	2023	5.48	20.08	0.0	1.3133651401493684
21	9	2023	2.92	20.99	0.0	1.4880223758262303
22	9	2023	4.21	22.04	0.0	1.5093554886418727
23	9	2023	10.39	19.41	0.0	0.7918791511027605
24	9	2023	10.6	24.17	0.0	1.3135855815926116
25	9	2023	6.7	26.34	0.0	1.7316450904354577
26	9	2023	12.1	30.03	0.0	1.7851753545967095
27	9	2023	9.92	23.57	1.95	1.2579897351697304
28	9	2023	5.5	19.27	0.0	1.1004812716711665
29	9	2023	2.53	18.21	2.78	0.9954498934022692
30	9	2023	2.84	9.71	16.24	0.4379900820750331
1	10	2023	7.14	9.27	5.41	0.1616149792660013
2	10	2023	6.57	14.22	2.65	0.545904106720745
3	10	2023	5.37	15.85	0.0	0.7853643457464339
4	10	2023	3.16	14.4	1.55	0.78528775729618
5	10	2023	-1.3	8.35	0.0	0.5787117725593115
6	10	2023	-5.4	11.47	0.0	0.8708302481473995
7	10	2023	4.73	21.39	0.0	1.1747478930546358
8	10	2023	3.19	22.95	0.0	1.3111303940106698
9	10	2023	4.49	22.64	0.0	1.248482027429915
10	10	2023	3.78	21.39	0.0	1.1868083420575448
11	10	2023	4.05	16.33	0.0	0.8459582696806836
12	10	2023	1.09	9.97	0.0	0.5575325545515162
13	10	2023	-3.22	11.98	0.0	0.8198789206930142
14	10	2023	-0.65	12.22	0.0	0.7555525616995551
15	10	2023	0.1	15.79	0.0	0.9361287222960816
16	10	2023	1.69	18.94	0.0	1.071113966106206
17	10	2023	8.01	19.33	0.0	0.8481359234671842
18	10	2023	3.56	15.45	0.0	0.7889787513419538
19	10	2023	4.7	21.96	0.0	1.1474790106032915
20	10	2023	3.83	14.56	0.0	0.7102390613943698
21	10	2023	-2.87	11.23	0.0	0.7452492259820608
22	10	2023	1.81	9.61	0.0	0.4827923702037432
23	10	2023	-3.62	1.81	5.97	0.2528922373214908
24	10	2023	-11.5	-4.27	0.0	0.2518433970915028
25	10	2023	-15.63	-5.61	0.0	0.2870764836198508
26	10	2023	-13.54	-5.21	0.0	0.2632405167899119
27	10	2023	-8.92	-3.7	0.64	0.208255432493077
28	10	2023	-9.99	-3.2	0.47	0.2603388997894506
29	10	2023	-8.53	-0.92	0.0	0.3151728045344772
30	10	2023	-13.61	-4.31	0.0	0.2994532636789204
31	10	2023	-13.17	2.27	0.0	0.519700882187616
1	11	2023	-8.72	0.25	0.0	0.3611090785376033
2	11	2023	-6.09	3.9	0.0	0.4523859826388191
3	11	2023	-6.22	1.21	0.0	0.3293975458718856
4	11	2023	-5.52	4.26	0.93	0.4494361746542074
5	11	2023	-0.45	3.42	1.73	0.2079928206121809
6	11	2023	0.27	3.21	0.4	0.1631758274242078
7	11	2023	-0.05	3.06	7.25	0.1610800444301965
8	11	2023	-1.54	4.01	0.0	0.2901625016858982
9	11	2023	-6.05	0.82	0.0	0.2999045535009206
10	11	2023	-7.21	2.9	0.0	0.4215866935178518
11	11	2023	-3.14	8.26	0.0	0.5577790667027684
12	11	2023	-2.49	8.51	0.0	0.5498652657571567
13	11	2023	-3.02	9.69	0.0	0.6172144559051271
14	11	2023	-2.35	7.75	0.0	0.5049190304158239
15	11	2023	-4.81	6.46	0.0	0.5096469349752528
16	11	2023	-9.7	2.83	0.0	0.4566935437155583
17	11	2023	-3.02	11.36	0.0	0.6864309250921239
18	11	2023	-2.73	14.12	0.0	0.8051450912181015
19	11	2023	-0.71	12.39	0.0	0.67505138289793
20	11	2023	-4.33	5.24	0.0	0.4332748033509756
21	11	2023	-9.32	9.3	0.0	0.6837672819584129
22	11	2023	-8.33	0.33	0.0	0.3244976128275046
23	11	2023	-15.97	-6.25	0.0	0.2464087802493638
24	11	2023	-12.26	0.17	0.0	0.3881477760573754
25	11	2023	-8.15	0.57	0.0	0.3257746595721477
26	11	2023	-14.5	-4.12	0.0	0.2832974814831369
27	11	2023	-8.81	0.98	0.0	0.3530065056119241
28	11	2023	-4.56	5.19	0.0	0.4220017634867888
29	11	2023	-6.0	2.59	0.0	0.3473995170735431
30	11	2023	-10.53	-1.54	0.0	0.2949152712742957
1	12	2023	-14.66	-0.5	0.0	0.3869543369166672
2	12	2023	-11.38	0.99	0.0	0.3938928789988836
3	12	2023	-13.12	1.11	2.47	0.408967665667853
4	12	2023	-7.43	0.89	0.0	0.3163543520208181
5	12	2023	-8.27	8.59	0.0	0.6306320424714688
6	12	2023	-3.26	8.08	0.0	0.5124394878555051
7	12	2023	-0.65	3.16	0.54	0.1830660415774593
8	12	2023	-6.82	0.0	0.0	0.2565237755846903
9	12	2023	-9.31	-0.63	0.0	0.29389128837355
10	12	2023	-7.47	1.27	0.0	0.3222321839115034
11	12	2023	-11.57	-1.82	0.0	0.2972632130153547
12	12	2023	-13.32	1.27	0.0	0.4192253575619471
13	12	2023	-6.22	8.74	0.0	0.5924015214477905
14	12	2023	-3.84	6.4	0.0	0.4408621764653019
15	12	2023	-5.18	4.37	0.0	0.3882534084485561
16	12	2023	-3.33	4.24	0.0	0.3291953665328497
17	12	2023	-9.6	0.85	0.0	0.3506434729335886
18	12	2023	-10.39	3.36	0.0	0.4520758871877927
19	12	2023	-3.37	-0.45	0.0	0.1246228832645941
20	12	2023	-4.67	7.41	0.0	0.5060672173459612
21	12	2023	-5.92	4.23	0.0	0.402995792148363
22	12	2023	-5.11	10.36	0.0	0.6402959663719611
23	12	2023	-6.05	2.34	0.0	0.3283747084763735
24	12	2023	-12.43	0.65	0.0	0.3894918386931761
25	12	2023	-10.28	5.43	0.0	0.5238752461902094
26	12	2023	-9.49	7.57	0.0	0.5923801102939683
27	12	2023	-8.05	6.47	0.0	0.5319283410073962
28	12	2023	-8.13	10.18	0.0	0.6755563303543249
29	12	2023	-8.43	4.46	0.0	0.4614833123872638
30	12	2023	-12.97	1.09	0.0	0.4094530327642166
31	12	2023	-8.78	4.22	0.0	0.4593669486551072
