Day	Month	Year	Tmin(c)	Tmax(c)	Prcp(mm)	Et0(mm)
1	1	2018	-31.46	-14.37	0.0	0.1664143880132245
2	1	2018	-19.45	-5.22	0.0	0.2940271791723574
3	1	2018	-14.43	-3.36	0.0	0.2951454546327032
4	1	2018	-14.14	-6.63	0.0	0.1980005329914112
5	1	2018	-14.37	-7.74	0.0	0.1713104968424154
6	1	2018	-13.86	-0.15	0.0	0.3857208638696376
7	1	2018	-9.52	0.61	0.0	0.3465144882464052
8	1	2018	-10.26	-2.77	0.0	0.2435899819967947
9	1	2018	-13.56	-2.05	0.0	0.3261442879778996
10	1	2018	-25.03	-16.78	0.31	0.1129766575618635
11	1	2018	-30.37	-22.23	0.0	0.0759824691784006
12	1	2018	-31.92	-20.56	0.0	0.0998303410308253
13	1	2018	-28.09	-9.65	0.0	0.2363065836697835
14	1	2018	-23.91	-9.89	0.0	0.2249772294453087
15	1	2018	-29.79	-15.99	0.0	0.1484461575160378
16	1	2018	-20.95	-2.27	0.0	0.3787368299684696
17	1	2018	-9.56	4.3	0.53	0.5300771010415162
18	1	2018	-8.02	7.59	0.0	0.6824231364301165
19	1	2018	-5.37	3.87	0.0	0.3921893311500217
20	1	2018	-8.55	0.03	0.0	0.3162854427580492
21	1	2018	-12.14	-2.86	0.0	0.28936822989409
22	1	2018	-10.92	1.54	0.0	0.4504074067908435
23	1	2018	-10.98	-1.37	0.0	0.3206181466930259
24	1	2018	-10.65	-4.41	0.0	0.2075743541706103
25	1	2018	-10.62	-3.81	0.0	0.2288100666377002
26	1	2018	-13.3	-8.27	0.79	0.1449344227763476
27	1	2018	-20.85	-13.15	0.0	0.1465671875026679
28	1	2018	-23.4	-15.53	0.37	0.1278186379653878
29	1	2018	-24.11	-4.71	0.0	0.3471319453322046
30	1	2018	-13.25	1.91	0.0	0.5488127507807666
31	1	2018	-24.56	-13.51	0.0	0.1755354326332685
1	2	2018	-27.16	-16.48	0.0	0.1423155553116691
2	2	2018	-22.48	-18.3	2.07	0.0663962839901026
3	2	2018	-27.96	-21.07	1.31	0.0831500484577662
4	2	2018	-28.33	-17.03	0.0	0.1422470995074256
5	2	2018	-26.31	-15.48	0.0	0.1571017132621676
6	2	2018	-27.68	-17.68	0.0	0.1313048286620446
7	2	2018	-28.39	-15.34	0.0	0.1695281319920324
8	2	2018	-27.28	-17.6	0.0	0.1313210353149434
9	2	2018	-28.78	-15.99	0.0	0.1628803055972603
10	2	2018	-20.94	-9.0	0.0	0.2655953701648161
11	2	2018	-28.77	-15.41	0.0	0.1730433448429597
12	2	2018	-32.16	-13.07	0.0	0.2087240291112468
13	2	2018	-18.51	1.98	0.0	0.651607631650733
14	2	2018	-16.35	1.19	1.62	0.6426381172222527
15	2	2018	-28.55	-13.48	0.0	0.2064356027847594
16	2	2018	-21.24	-5.11	0.0	0.4194549821461283
17	2	2018	-19.33	-10.86	0.0	0.2015381489151434
18	2	2018	-23.74	-13.24	0.0	0.1937587357824496
19	2	2018	-28.03	-14.4	0.0	0.1959709090927263
20	2	2018	-24.19	-12.31	0.0	0.2282879814502486
21	2	2018	-30.59	-10.56	0.0	0.2762327482065015
22	2	2018	-24.56	-8.2	0.0	0.350315995597685
23	2	2018	-20.17	-5.98	0.0	0.419303912571458
24	2	2018	-15.79	-1.63	0.0	0.5873941913392211
25	2	2018	-17.09	-2.41	0.0	0.5602255628576446
26	2	2018	-15.42	-4.98	0.0	0.4199131179875279
27	2	2018	-15.06	-2.72	0.0	0.5409051780320064
28	2	2018	-14.33	0.1	0.0	0.6924614630952094
1	3	2018	-17.96	-3.76	0.0	0.5303280953170554
2	3	2018	-15.12	-4.99	0.0	0.4403286262200078
3	3	2018	-8.71	-4.17	3.71	0.1831579849785163
4	3	2018	-11.12	-5.33	5.52	0.2099863810509461
5	3	2018	-14.71	-8.84	1.46	0.202543374079696
6	3	2018	-18.33	-7.32	0.0	0.4000641131956845
7	3	2018	-23.94	-7.41	0.0	0.4243362317334772
8	3	2018	-23.94	-7.57	0.0	0.4223853871746745
9	3	2018	-13.71	-2.94	0.0	0.5773717505486583
10	3	2018	-12.82	-0.92	0.0	0.6968860303423193
11	3	2018	-14.15	2.26	0.0	0.8855372620783685
12	3	2018	-15.55	-0.82	0.0	0.7326833727987138
13	3	2018	-15.67	1.79	0.0	0.8636692186528565
14	3	2018	-15.15	-1.35	0.0	0.7201623354207077
15	3	2018	-10.59	-3.21	0.0	0.4980660251977982
16	3	2018	-7.38	1.2	0.0	0.7806058953551377
17	3	2018	-4.03	-0.51	3.06	0.1926179960738729
18	3	2018	-6.76	0.04	0.0	0.6063038628849063
19	3	2018	-9.13	-1.25	0.0	0.6243930467436629
20	3	2018	-8.26	1.26	0.0	0.8335058499965753
21	3	2018	-11.5	2.08	0.0	0.9571904854998418
22	3	2018	-9.48	0.76	0.0	0.8486399357881702
23	3	2018	-5.2	0.67	4.57	0.4685859540344718
24	3	2018	-8.76	3.1	0.0	0.9970683897454642
25	3	2018	-6.52	1.32	0.41	0.7742005680388062
26	3	2018	-8.11	3.41	0.0	1.0351503609375363
27	3	2018	-10.87	0.43	0.46	0.8651183397217752
28	3	2018	-16.16	-2.41	0.0	0.7264892293732582
29	3	2018	-20.48	-7.83	0.52	0.4856121124687131
30	3	2018	-22.98	-12.14	0.0	0.3366809373403306
31	3	2018	-22.15	-9.53	0.0	0.4425843352019183
1	4	2018	-19.43	-5.51	0.0	0.6126535452553958
2	4	2018	-21.15	-4.96	0.0	0.626510435956523
3	4	2018	-18.37	-5.11	0.0	0.6334967696928654
4	4	2018	-18.88	-3.32	0.0	0.7160004782848114
5	4	2018	-19.37	-9.57	0.0	0.4188891007139326
6	4	2018	-24.12	-9.27	0.0	0.4651897225036286
7	4	2018	-22.35	-4.88	0.0	0.6375123367218246
8	4	2018	-13.46	-2.81	0.0	0.7524264284260266
9	4	2018	-8.14	0.09	0.0	0.8466175891042694
10	4	2018	-11.29	5.9	0.0	1.2554362374528645
11	4	2018	-3.95	0.73	0.49	0.6025802755598255
12	4	2018	-6.09	-0.98	0.0	0.5968656899681497
13	4	2018	-6.83	1.47	0.0	0.999040444173428
14	4	2018	-2.34	6.79	0.0	1.3710628819043016
15	4	2018	-3.99	7.86	0.0	1.458810450748098
16	4	2018	-0.68	4.94	2.08	0.7637804026033537
17	4	2018	-2.03	2.12	5.29	0.4240662254065163
18	4	2018	-5.12	10.11	0.0	1.597022784041019
19	4	2018	-1.42	12.64	0.0	1.776117302094769
20	4	2018	0.01	17.82	0.0	2.1043584810945792
21	4	2018	1.06	18.77	0.0	2.17402606230448
22	4	2018	3.17	13.5	0.0	1.799246741149626
23	4	2018	-0.56	13.27	0.0	1.8230355609405735
24	4	2018	-0.99	20.92	0.0	2.271778876449179
25	4	2018	2.54	17.28	0.0	2.0211464160605064
26	4	2018	-0.8	21.54	0.0	2.2379674891868886
27	4	2018	-0.83	16.93	0.0	1.985686698770121
28	4	2018	2.07	27.12	0.0	2.59456220241974
29	4	2018	6.13	19.97	0.0	2.185173129322095
30	4	2018	0.3	12.1	0.0	1.6737820782037942
1	5	2018	-2.51	17.17	0.0	1.9904997543912128
2	5	2018	0.41	18.95	0.0	2.1331747934776475
3	5	2018	4.93	21.51	0.0	2.318258487978409
4	5	2018	3.31	23.83	0.0	2.4626528424307437
5	5	2018	4.48	24.41	0.0	2.5077324375678773
6	5	2018	4.73	27.43	0.0	2.693771759652488
7	5	2018	10.27	26.59	0.0	2.6462437110831605
8	5	2018	7.87	16.56	6.52	1.5826002540893702
9	5	2018	2.86	13.69	0.0	1.7565767824230538
10	5	2018	2.4	9.65	2.65	0.918154576443778
11	5	2018	3.71	10.29	1.01	1.084694752105149
12	5	2018	1.58	20.75	0.0	2.2874629591910582
13	5	2018	6.53	26.2	0.0	2.66057302686148
14	5	2018	3.17	25.38	0.0	2.5858733618988268
15	5	2018	10.38	31.44	0.0	2.9979463293759303
16	5	2018	9.89	27.29	1.23	2.7065838225185073
17	5	2018	7.02	13.92	3.65	0.9382111806596752
18	5	2018	2.86	18.76	0.0	2.142032464676687
19	5	2018	2.61	22.34	0.0	2.3934037088761326
20	5	2018	3.29	25.7	0.0	2.616894812186893
21	5	2018	10.95	30.16	0.0	2.917817760058137
22	5	2018	9.76	27.28	0.0	2.716358101667828
23	5	2018	10.27	29.94	2.46	2.6629664954578325
24	5	2018	12.28	27.5	1.38	2.6903759365572095
25	5	2018	10.54	26.69	0.0	2.666279665905298
26	5	2018	9.66	29.65	0.38	2.908022980910713
27	5	2018	8.73	25.67	0.0	2.6254491606685577
28	5	2018	9.16	31.51	0.0	3.0460113934365216
29	5	2018	13.37	25.57	0.0	2.4974803812169877
30	5	2018	9.28	21.69	6.7	1.8642715632523852
31	5	2018	8.83	13.89	0.0	0.7314815045463319
1	6	2018	7.98	12.6	8.4	0.4442090571455238
2	6	2018	7.19	18.46	0.0	1.8563934085641776
3	6	2018	7.37	23.91	0.0	2.5601541171085715
4	6	2018	9.62	27.63	3.95	2.5454500014303707
5	6	2018	9.14	20.89	0.0	2.1517465202336075
6	6	2018	6.01	27.23	0.0	2.8139614036688587
7	6	2018	8.64	27.72	0.0	2.841574655463317
8	6	2018	12.76	25.9	0.0	2.5853966382140823
9	6	2018	12.98	31.15	4.69	2.710115560353267
10	6	2018	12.12	24.06	0.0	2.245008853128077
11	6	2018	6.93	16.83	0.0	1.598525618920264
12	6	2018	7.25	21.74	0.0	2.322534939455817
13	6	2018	7.41	25.73	0.0	2.712223291667647
14	6	2018	8.81	24.1	3.14	2.120149369041882
15	6	2018	9.23	23.45	0.0	2.420012516554664
16	6	2018	6.98	21.86	0.0	2.3648764806400706
17	6	2018	7.54	25.59	0.0	2.7033942112591314
18	6	2018	8.7	27.72	0.0	2.8541536836455736
19	6	2018	10.45	27.82	0.0	2.848172000748306
20	6	2018	10.63	29.9	0.0	3.002800433101791
21	6	2018	12.09	30.03	0.0	2.9949971248046614
22	6	2018	14.53	29.38	0.0	2.8881860978044207
23	6	2018	12.71	26.98	6.29	2.30476947125534
24	6	2018	15.48	26.54	6.7	1.8796024077056652
25	6	2018	14.38	30.31	0.0	2.94883213511628
26	6	2018	12.17	24.41	0.0	2.2981452169389587
27	6	2018	6.72	25.38	0.0	2.707954021574992
28	6	2018	7.3	23.62	0.0	2.5120364866865854
29	6	2018	9.32	23.68	0.0	2.4175716799350506
30	6	2018	11.79	25.15	2.37	1.966206595778405
1	7	2018	11.11	20.23	9.75	1.236027966972143
2	7	2018	8.46	22.1	3.3	1.6923118695869004
3	7	2018	7.91	20.26	3.45	1.4768788543829474
4	7	2018	10.95	19.49	2.55	1.002412277595551
5	7	2018	7.95	25.17	0.0	2.42523489551249
6	7	2018	14.02	32.82	0.0	2.9765178123104725
7	7	2018	13.92	30.42	0.0	2.7153420945946825
8	7	2018	10.86	24.12	1.57	2.102345107938006
9	7	2018	9.04	27.6	0.0	2.615435659331644
10	7	2018	12.83	29.43	10.13	2.144984667604178
11	7	2018	14.79	25.36	1.08	1.7154776357272337
12	7	2018	15.1	28.16	0.0	2.1427178647931457
13	7	2018	14.66	31.26	0.0	2.6112990840799406
14	7	2018	11.89	20.99	0.0	1.3298694155399575
15	7	2018	8.69	24.28	0.0	2.159159186624612
16	7	2018	7.35	26.42	0.0	2.449914205268558
17	7	2018	10.38	34.13	0.0	3.072936876022799
18	7	2018	15.33	29.36	0.0	2.33704543336891
19	7	2018	13.59	27.88	0.0	2.2914377686858236
20	7	2018	13.37	29.46	0.0	2.5145366116680976
21	7	2018	15.59	26.58	0.0	1.8636149118068617
22	7	2018	11.24	23.34	0.0	1.8575095906343797
23	7	2018	10.08	22.63	0.0	1.8638070383916332
24	7	2018	8.44	23.02	0.0	2.035406368684504
25	7	2018	8.82	22.28	0.0	1.9077404556713748
26	7	2018	7.06	24.0	0.0	2.201890633828239
27	7	2018	10.13	24.37	0.0	2.0673353050651575
28	7	2018	9.03	26.89	0.0	2.407267596421247
29	7	2018	8.72	29.29	0.0	2.6240188743197215
30	7	2018	11.92	32.45	0.0	2.797258704841318
31	7	2018	11.47	24.66	0.0	1.9208679384372895
1	8	2018	8.28	28.38	3.53	2.0910358457004214
2	8	2018	14.41	30.38	8.17	1.9214427534737408
3	8	2018	12.81	27.89	5.09	1.6880018589898322
4	8	2018	13.35	23.06	2.36	1.00200241535743
5	8	2018	13.1	23.51	0.0	1.3705921020059506
6	8	2018	10.84	29.26	0.0	2.3136158112056413
7	8	2018	12.58	29.94	0.0	2.315281310845718
8	8	2018	11.52	29.65	0.0	2.3342265147593406
9	8	2018	12.99	33.82	0.0	2.669010350849357
10	8	2018	14.27	38.36	0.0	2.9803086623484347
11	8	2018	14.83	31.54	0.0	2.28818001672418
12	8	2018	12.23	22.69	0.0	1.3129876654518269
13	8	2018	8.05	16.97	0.0	0.924877033244228
14	8	2018	3.8	28.13	0.0	2.3487591421194
15	8	2018	10.68	27.95	0.0	2.1225178567763714
16	8	2018	9.43	27.28	0.0	2.139533963769609
17	8	2018	9.52	31.25	0.0	2.480860813190665
18	8	2018	10.43	24.22	0.0	1.6837119565307015
19	8	2018	3.49	23.67	0.0	1.971442988116814
20	8	2018	4.67	23.63	0.0	1.9156511004330945
21	8	2018	5.17	27.5	0.0	2.210320374329445
22	8	2018	10.17	31.23	0.0	2.378134911253455
23	8	2018	8.57	25.7	0.0	1.9091776922381272
24	8	2018	7.74	17.76	0.0	0.98192782698033
25	8	2018	7.3	18.75	0.0	1.1637573442867664
26	8	2018	7.48	18.65	4.91	0.9257609054228342
27	8	2018	7.71	13.47	6.28	0.4819066675364134
28	8	2018	5.49	18.53	0.0	1.2318320746925506
29	8	2018	6.23	27.11	0.0	2.061541439493104
30	8	2018	9.21	22.86	1.05	1.465541681613686
31	8	2018	7.44	20.1	0.0	1.3162105670655797
1	9	2018	6.4	19.07	0.0	1.2674239042995206
2	9	2018	3.03	20.1	0.0	1.5553186537896864
3	9	2018	4.76	20.21	0.0	1.491517938637312
4	9	2018	2.27	14.03	0.0	0.9739703133404072
5	9	2018	-0.56	21.74	0.0	1.7452164716887737
6	9	2018	3.41	24.46	0.0	1.868515349532096
7	9	2018	6.9	24.83	0.0	1.7739480747365317
8	9	2018	10.78	26.61	0.0	1.7643831844144595
9	9	2018	8.27	21.37	0.0	1.3479064904310971
10	9	2018	3.46	20.13	11.36	1.2404609578460828
11	9	2018	6.08	16.89	0.0	0.906976332596083
12	9	2018	3.95	14.95	13.84	0.7847386537030926
13	9	2018	3.9	10.76	1.9	0.5392430092341787
14	9	2018	2.0	7.88	0.0	0.4345992773762558
15	9	2018	5.4	10.82	2.25	0.4061276436578094
16	9	2018	5.5	9.13	9.84	0.2752408159144266
17	9	2018	3.5	10.4	0.79	0.542404817459222
18	9	2018	4.4	10.88	0.0	0.5261726050602736
19	9	2018	1.85	15.01	0.0	0.9739736286108908
20	9	2018	4.08	12.62	0.0	0.6887949430265347
21	9	2018	0.31	6.35	2.65	0.3903562971131986
22	9	2018	-0.54	1.28	9.01	0.1185541822159911
23	9	2018	-0.43	2.6	0.0	0.2130934996978518
24	9	2018	-0.55	12.55	1.15	0.89326790886634
25	9	2018	1.64	13.68	0.62	0.8818066330541645
26	9	2018	3.22	15.95	0.0	0.9632813492261744
27	9	2018	-1.72	8.17	0.0	0.6423189914638858
28	9	2018	-4.03	7.89	0.0	0.705268840899314
29	9	2018	-1.99	6.73	0.0	0.5600586565477498
30	9	2018	-7.84	4.16	0.57	0.6239369079270066
1	10	2018	-1.26	3.93	2.27	0.3075204977368512
2	10	2018	-1.83	4.52	2.02	0.3697485517368815
3	10	2018	-2.66	6.24	0.0	0.5523637783126653
4	10	2018	-5.63	6.28	0.0	0.645842477009322
5	10	2018	-4.44	9.15	0.0	0.7630092830585794
6	10	2018	-5.58	12.78	0.0	0.9547970801674954
7	10	2018	-2.46	12.99	0.0	0.9106868380512042
8	10	2018	-2.99	1.0	0.29	0.2404560104200611
9	10	2018	-4.99	2.45	0.0	0.413673286516897
10	10	2018	-8.9	4.92	0.0	0.6291900209078406
11	10	2018	-9.28	6.17	0.0	0.6818247385952001
12	10	2018	-3.7	6.14	9.54	0.5137337364738572
13	10	2018	-5.08	-0.49	0.0	0.2458018149039179
14	10	2018	-9.3	4.04	0.0	0.5814601916550725
15	10	2018	0.62	13.41	0.0	0.8127691058332037
16	10	2018	-1.11	10.2	0.0	0.6781195714671057
17	10	2018	-1.28	21.32	0.0	1.250998977981278
18	10	2018	1.34	18.7	0.0	1.0630915946557142
19	10	2018	-3.51	13.34	0.0	0.8797102731103112
20	10	2018	-7.43	17.06	0.0	1.0837285070474325
21	10	2018	-2.15	14.09	0.0	0.8764477655398311
22	10	2018	-6.69	11.1	0.0	0.8041637386950601
23	10	2018	-4.35	16.32	0.0	1.0074820098463395
24	10	2018	-2.28	19.02	0.0	1.1048833136566512
25	10	2018	-1.23	14.86	0.0	0.8694869075577462
26	10	2018	-3.22	12.32	0.0	0.780072687584351
27	10	2018	-1.42	12.72	0.0	0.7522643702284043
28	10	2018	-5.56	9.3	0.0	0.6758787410534421
29	10	2018	0.08	7.95	0.0	0.4345610409598396
30	10	2018	-1.55	6.93	0.0	0.4408603815087793
31	10	2018	-3.65	10.08	0.0	0.6603513574930258
1	11	2018	-2.35	4.19	1.17	0.3229428576157377
2	11	2018	-2.19	0.16	3.21	0.1104940717597692
3	11	2018	-5.01	1.47	0.0	0.2849339917957434
4	11	2018	-2.92	3.94	2.23	0.3135573842699681
5	11	2018	-8.97	-0.73	1.64	0.3120298984708075
6	11	2018	-13.06	-8.73	0.0	0.1280587665465185
7	11	2018	-12.96	-9.72	0.0	0.0953304748740785
8	11	2018	-18.0	-9.91	0.0	0.1862886672522528
9	11	2018	-21.67	-4.29	1.97	0.3504338969955814
10	11	2018	-10.27	-3.54	0.0	0.2323159557333639
11	11	2018	-11.46	-6.1	0.0	0.1711588082504962
12	11	2018	-15.67	-5.23	0.0	0.2770275352841427
13	11	2018	-8.18	3.96	0.0	0.4709840382494938
14	11	2018	-3.54	5.34	0.0	0.4131393893124963
15	11	2018	-3.39	2.87	0.0	0.2897413292086269
16	11	2018	-18.46	-5.58	0.0	0.2945862671651377
17	11	2018	-19.89	-5.88	0.0	0.2965894066285032
18	11	2018	-12.78	-7.39	0.61	0.157774882664127
19	11	2018	-15.31	0.25	0.0	0.4284110232847724
20	11	2018	-6.65	1.16	0.0	0.3152323945825461
21	11	2018	-6.12	0.24	0.0	0.2610127416868625
22	11	2018	-3.56	5.13	0.0	0.4016479928656951
23	11	2018	-5.78	2.27	0.0	0.3390757508004465
24	11	2018	-8.6	-5.08	0.0	0.1272282315254384
25	11	2018	-8.56	-4.78	0.0	0.1372382354753098
26	11	2018	-6.73	-3.11	0.04	0.1437321700664572
27	11	2018	-5.46	-1.95	0.0	0.1483593057261462
28	11	2018	-7.32	-3.41	0.0	0.1516995767551475
29	11	2018	-5.68	-1.28	0.0	0.184157741069451
30	11	2018	-8.02	-3.75	0.0	0.1603694225931026
1	12	2018	-7.7	-5.38	3.91	0.0835084981715254
2	12	2018	-9.49	-4.58	0.0	0.1714523614491543
3	12	2018	-13.47	-5.72	0.1	0.2223957975827436
4	12	2018	-13.83	-6.83	0.53	0.1958866475105964
5	12	2018	-12.86	-6.18	0.25	0.1963984805038837
6	12	2018	-15.81	-8.56	0.0	0.1808341055524599
7	12	2018	-19.86	-8.28	0.0	0.2324938473746616
8	12	2018	-18.69	-7.02	0.0	0.2510906440015871
9	12	2018	-15.82	-4.36	0.0	0.289770194208262
10	12	2018	-15.19	-0.41	0.0	0.3916481039143856
11	12	2018	-8.58	0.55	0.0	0.3294557663273084
12	12	2018	-6.39	0.93	0.0	0.2911271925610598
13	12	2018	-10.59	2.56	0.0	0.4342070839244599
14	12	2018	-9.03	4.94	0.0	0.4954499052834852
15	12	2018	-3.46	5.5	0.0	0.400410158287364
16	12	2018	-13.26	-3.77	0.0	0.2701938987998924
17	12	2018	-8.13	4.04	0.0	0.4468527059309993
18	12	2018	-6.03	4.42	0.0	0.4194796291578486
19	12	2018	-4.92	1.69	0.0	0.2774656555651003
20	12	2018	-9.02	2.41	0.0	0.402354815407035
21	12	2018	-4.56	4.01	0.0	0.3652060465775333
22	12	2018	-9.65	-3.69	0.0	0.2001591084158941
23	12	2018	-17.18	-6.14	0.35	0.2548743496261946
24	12	2018	-16.51	-9.27	0.0	0.1692624775790927
25	12	2018	-18.42	-10.43	0.0	0.1678055932928077
26	12	2018	-14.28	-7.29	0.0	0.1847990978484881
27	12	2018	-20.2	-8.65	0.0	0.2240946537846559
28	12	2018	-19.26	-4.68	0.0	0.3063619097324156
29	12	2018	-13.43	-4.11	1.56	0.2614428344225057
30	12	2018	-19.4	-12.11	0.8	0.1424084701133897
31	12	2018	-28.19	-15.88	0.0	0.1424182119542196
1	1	2019	-24.65	-1.75	0.0	0.379062079847446
2	1	2019	-10.39	3.73	0.0	0.4683602321408726
3	1	2019	-5.62	3.37	0.0	0.3617109200385312
4	1	2019	-8.38	0.74	0.0	0.3253243911456715
5	1	2019	-6.63	-2.57	0.0	0.1522417225842757
6	1	2019	-5.7	1.58	0.0	0.2917094128068492
7	1	2019	-14.21	-2.58	1.21	0.317478401754966
8	1	2019	-22.7	-13.99	0.0	0.1397290675080403
9	1	2019	-24.13	-9.76	0.37	0.2257019470055592
10	1	2019	-15.64	-9.25	0.0	0.1548165264623202
11	1	2019	-17.23	-9.81	0.0	0.1663251595499971
12	1	2019	-14.71	-1.36	0.0	0.3630440837493604
13	1	2019	-12.66	-1.12	0.0	0.3456745348050586
14	1	2019	-11.61	-2.45	0.0	0.2860009736838269
15	1	2019	-18.95	-5.36	0.0	0.2953494245971199
16	1	2019	-19.76	-15.28	0.35	0.0837737690032516
17	1	2019	-26.6	-16.46	0.0	0.1306102968268477
18	1	2019	-29.51	-18.66	0.0	0.1152157607905875
19	1	2019	-22.7	-15.66	2.04	0.1092916828824406
20	1	2019	-19.74	-11.08	0.0	0.1740171314298596
21	1	2019	-18.75	-6.17	0.0	0.2799956697135085
22	1	2019	-15.65	-3.84	0.0	0.312103165257528
23	1	2019	-23.08	-5.17	0.0	0.3245266557028883
24	1	2019	-28.61	-9.6	0.0	0.2450096407805133
25	1	2019	-22.24	-5.28	0.0	0.3231407754982992
26	1	2019	-12.0	-0.16	1.44	0.3848190759209612
27	1	2019	-7.76	4.13	1.34	0.4943970355260628
28	1	2019	-23.17	-10.28	0.0	0.225789204456543
29	1	2019	-30.4	-20.92	0.0	0.0963591661998406
30	1	2019	-22.81	-12.36	0.45	0.1840594156865685
31	1	2019	-15.09	-1.48	0.0	0.3904607938902165
1	2	2019	-19.11	-8.8	0.0	0.2317893968795454
2	2	2019	-23.25	-17.17	0.91	0.1003836524803963
3	2	2019	-25.09	-21.55	0.29	0.0496746224852241
4	2	2019	-26.27	-22.54	1.89	0.0484652033092718
5	2	2019	-33.76	-23.42	0.0	0.086159991827949
6	2	2019	-37.49	-25.71	0.0	0.0748239013324196
7	2	2019	-38.21	-24.82	0.0	0.0825762186354709
8	2	2019	-37.08	-25.12	0.0	0.079602396315273
9	2	2019	-33.6	-23.39	0.0	0.0877376132684316
10	2	2019	-32.69	-21.71	0.0	0.1029244782610735
11	2	2019	-28.66	-17.2	1.71	0.1469318160969435
12	2	2019	-32.38	-21.01	0.12	0.1111736425119643
13	2	2019	-29.88	-20.86	0.0	0.1036821713243836
14	2	2019	-33.03	-19.79	0.0	0.1278727472767249
15	2	2019	-32.34	-18.58	1.53	0.1414560117951264
16	2	2019	-20.68	-14.12	2.7	0.1300834412673862
17	2	2019	-19.6	-14.3	1.02	0.1203011621666342
18	2	2019	-27.81	-17.76	0.0	0.1404637020454525
19	2	2019	-28.69	-12.03	0.0	0.2360888381806228
20	2	2019	-22.74	-9.41	0.0	0.2816369745558164
21	2	2019	-23.64	-12.57	0.0	0.2119061377500663
22	2	2019	-27.3	-12.0	0.0	0.2402359960258405
23	2	2019	-23.76	-14.04	0.31	0.1855806174533318
24	2	2019	-31.25	-20.82	0.0	0.1191849581508293
25	2	2019	-32.97	-18.82	0.0	0.1491161848701085
26	2	2019	-30.62	-16.96	0.0	0.1715919591343426
27	2	2019	-19.91	-7.74	0.0	0.3744856369074721
28	2	2019	-17.72	-8.89	0.0	0.296265286265034
1	3	2019	-27.12	-16.17	0.0	0.1757782624467074
2	3	2019	-33.4	-20.32	0.0	0.1361814640800379
3	3	2019	-25.88	-15.68	0.0	0.1818953775387673
4	3	2019	-20.91	-10.47	0.0	0.3011944244778787
5	3	2019	-18.13	-8.72	0.0	0.3349862553307401
6	3	2019	-25.44	-13.52	0.0	0.2438737852283611
7	3	2019	-23.74	-8.62	0.0	0.388415048746784
8	3	2019	-17.4	-6.12	0.0	0.4633885790137032
9	3	2019	-16.17	-6.01	0.0	0.458048463942202
10	3	2019	-22.07	-6.66	0.0	0.4697437330569144
11	3	2019	-16.28	0.93	0.0	0.8066712274391692
12	3	2019	-3.79	3.32	0.0	0.760755357628047
13	3	2019	-5.62	2.6	0.0	0.8144895623123528
14	3	2019	-10.06	1.34	0.0	0.8609750927430665
15	3	2019	-12.02	2.32	0.0	0.943873554772202
16	3	2019	-9.97	3.0	0.0	0.994503919596764
17	3	2019	-11.97	3.86	0.0	1.043672765450352
18	3	2019	-4.1	4.84	0.0	1.0324023655614338
19	3	2019	-3.85	8.75	0.0	1.346672593174579
20	3	2019	-2.62	12.2	0.0	1.5402957546308202
21	3	2019	-2.24	11.22	0.0	1.496226475123244
22	3	2019	-2.01	14.51	0.0	1.6794305083458136
23	3	2019	-1.59	12.13	0.0	1.557524594147042
24	3	2019	-4.85	3.82	0.0	1.0089486603215871
25	3	2019	-6.96	5.58	0.0	1.1970044899898655
26	3	2019	-1.65	15.17	0.0	1.7423741904111891
27	3	2019	-1.73	4.98	0.0	1.0154545510499682
28	3	2019	-5.99	7.22	0.0	1.301121479900511
29	3	2019	-4.34	4.58	0.0	1.153287838551715
30	3	2019	-5.31	13.66	0.0	1.6436389796950337
31	3	2019	-4.11	5.35	0.0	1.2012221543403965
1	4	2019	-2.93	9.04	2.28	1.329244161836156
2	4	2019	-6.28	3.7	0.0	1.126096883903302
3	4	2019	-7.66	11.48	0.0	1.5219876684477744
4	4	2019	-1.83	11.8	0.0	1.6014186950252498
5	4	2019	-4.67	9.12	0.0	1.441881196982865
6	4	2019	0.91	8.41	0.0	1.3516848534994157
7	4	2019	0.21	16.8	0.0	1.8697264631804629
8	4	2019	-3.03	16.6	0.0	1.8239755015151176
9	4	2019	-4.64	9.67	0.0	1.4455450968879209
10	4	2019	-5.84	9.97	0.0	1.4581851135104296
11	4	2019	-6.94	8.96	0.0	1.396532277904049
12	4	2019	-8.31	10.61	0.0	1.4609238342861597
13	4	2019	-4.62	15.57	0.0	1.768480312873863
14	4	2019	3.05	17.07	0.0	1.9119825071823968
15	4	2019	-0.83	13.34	0.0	1.685754472552459
16	4	2019	-3.35	13.77	0.0	1.7048312419016265
17	4	2019	0.29	16.11	0.0	1.8658525605509977
18	4	2019	-0.96	17.94	0.0	1.9697309347942864
19	4	2019	5.94	19.63	0.0	2.084553795363123
20	4	2019	2.14	16.87	0.0	1.9263387165031816
21	4	2019	-2.23	14.39	0.0	1.7687155910832744
22	4	2019	-0.91	22.3	0.0	2.232518577886719
23	4	2019	6.41	19.99	0.0	2.1153796209721376
24	4	2019	0.2	17.3	0.0	1.9641995870029405
25	4	2019	-2.48	12.49	0.0	1.6608960654864275
26	4	2019	-4.66	11.8	0.0	1.6101836190822478
27	4	2019	-2.54	10.41	0.0	1.5298940878235323
28	4	2019	-5.19	5.18	1.44	1.2118903428503605
29	4	2019	-9.22	8.01	0.0	1.3726395513673186
30	4	2019	-5.86	10.35	3.55	1.4105992616289869
1	5	2019	-7.67	10.11	0.62	1.5569151649461344
2	5	2019	-3.92	9.32	0.61	1.4734846479346846
3	5	2019	-4.53	11.63	0.0	1.622979032529174
4	5	2019	-5.12	8.67	0.0	1.442646052807295
5	5	2019	-7.32	6.94	0.0	1.339675091092794
6	5	2019	-6.43	12.25	0.0	1.6494911386750477
7	5	2019	0.48	14.28	0.0	1.8005402156491142
8	5	2019	-4.95	12.54	0.0	1.6903701299956462
9	5	2019	1.81	15.54	0.0	1.889516576025632
10	5	2019	3.97	18.65	1.22	2.105091346565697
11	5	2019	2.04	16.99	0.0	2.0042103174372157
12	5	2019	3.15	24.91	0.0	2.541515865846662
13	5	2019	4.35	21.51	0.0	2.3260719581977143
14	5	2019	2.09	21.74	0.65	2.340477271114654
15	5	2019	4.77	17.14	0.0	1.9884729575716655
16	5	2019	-0.89	15.86	0.0	1.9488361839035264
17	5	2019	-0.26	17.5	0.0	2.0627565034336985
18	5	2019	1.01	15.74	0.0	1.9437108816265092
19	5	2019	-1.9	16.82	0.0	2.0159528829548297
20	5	2019	-0.23	19.84	0.0	2.222595143596853
21	5	2019	1.91	21.52	0.0	2.3483601985880793
22	5	2019	4.68	24.06	0.0	2.533787072379263
23	5	2019	5.71	24.24	0.0	2.545065441298225
24	5	2019	5.25	23.73	0.0	2.5128640958748307
25	5	2019	4.73	14.39	5.3	1.653293025654212
26	5	2019	0.34	19.16	0.0	2.1997921654438115
27	5	2019	2.47	23.05	0.0	2.468543729396696
28	5	2019	6.71	27.92	0.0	2.805228389205703
29	5	2019	9.75	30.74	0.0	2.9926054547089223
30	5	2019	10.58	32.04	0.0	3.0778170607317814
31	5	2019	5.85	21.6	0.0	2.3495291116473274
1	6	2019	5.67	25.18	0.0	2.6193109432361092
2	6	2019	10.67	32.97	0.0	3.1432506448224085
3	6	2019	8.52	34.51	0.0	3.235086849132356
4	6	2019	11.23	24.72	0.0	2.4808426708718745
5	6	2019	9.8	24.78	0.0	2.5318971490623157
6	6	2019	14.1	26.76	0.0	2.5723234168879667
7	6	2019	8.21	20.87	0.0	2.2386887711229124
8	6	2019	4.18	16.46	0.0	1.9600353985542132
9	6	2019	3.79	19.46	0.0	2.212164272246573
10	6	2019	3.1	23.46	0.0	2.508461018222439
11	6	2019	6.37	21.26	1.04	2.3229785285307263
12	6	2019	6.62	24.57	0.51	2.5845680387888965
13	6	2019	8.98	29.65	0.0	2.943069523414932
14	6	2019	11.28	23.21	1.86	2.3590297819757917
15	6	2019	10.08	19.33	10.88	1.905260686536214
16	6	2019	9.85	17.74	2.74	1.537460292727598
17	6	2019	5.68	22.62	0.0	2.457850422872267
18	6	2019	8.84	27.18	0.0	2.777513963087952
19	6	2019	10.65	24.12	22.4	2.2918749265560416
20	6	2019	8.66	14.53	8.52	0.6536401942232746
21	6	2019	6.26	18.46	18.31	1.514271141020786
22	6	2019	11.56	15.79	15.99	0.453892949998658
23	6	2019	9.95	22.02	2.93	1.4193795406548786
24	6	2019	9.14	20.55	0.0	1.624577693069211
25	6	2019	9.61	20.73	0.0	1.6144052984453796
26	6	2019	7.81	23.87	0.0	2.2108601542715505
27	6	2019	10.61	25.75	12.56	1.839300396052852
28	6	2019	14.38	23.38	6.55	1.0365194405558034
29	6	2019	12.98	25.33	0.0	1.9010267747369372
30	6	2019	9.86	22.34	0.0	1.784114556576718
1	7	2019	8.3	28.31	5.06	2.1317188637205287
2	7	2019	6.11	21.0	0.0	1.8949734653190633
3	7	2019	8.71	20.2	0.55	1.6051512044956653
4	7	2019	7.26	20.61	0.69	1.788326289071569
5	7	2019	11.37	19.71	1.99	1.174934591980259
6	7	2019	11.46	25.71	1.1	2.112009488208463
7	7	2019	14.49	26.91	0.0	1.977865780903915
8	7	2019	13.85	23.62	6.62	1.1454876598387536
9	7	2019	10.79	23.57	0.0	1.8377177332514676
10	7	2019	9.42	26.46	0.0	2.2828581025593095
11	7	2019	13.27	23.75	0.0	1.5915721545911925
12	7	2019	9.46	24.8	0.0	2.103099039914067
13	7	2019	12.1	28.53	0.0	2.362078853306805
14	7	2019	14.06	27.08	10.83	1.5939977264885663
15	7	2019	12.78	24.69	0.0	1.7371730357229045
16	7	2019	10.64	19.43	13.77	0.9597148608229302
17	7	2019	13.25	22.68	1.21	1.290435572608997
18	7	2019	10.87	25.65	2.0	1.5838645100366278
19	7	2019	10.13	17.32	7.61	0.7905092661145522
20	7	2019	10.09	22.91	0.0	1.6505193561638596
21	7	2019	11.45	24.73	0.0	1.7564275441619537
22	7	2019	11.02	27.31	0.0	2.0651325917467975
23	7	2019	14.24	29.75	0.0	2.0947490884134496
24	7	2019	15.64	30.5	2.95	1.6387437379608485
25	7	2019	11.88	18.36	4.95	0.7165181799633819
26	7	2019	13.0	25.63	0.0	1.642359276914504
27	7	2019	12.52	31.68	0.0	2.340161838035651
28	7	2019	9.47	21.07	0.0	1.3580620805779928
29	7	2019	5.61	24.26	0.64	1.9464549115509129
30	7	2019	11.9	29.34	0.0	2.121760035622359
31	7	2019	12.22	25.82	0.0	1.7005812190366816
1	8	2019	13.68	32.03	0.0	2.2711501182911045
2	8	2019	15.6	33.58	0.0	2.28385923130513
3	8	2019	15.48	27.61	0.0	1.5585146289007463
4	8	2019	9.84	25.87	0.0	1.8361532977690669
5	8	2019	10.32	29.01	0.0	2.1082189241132925
6	8	2019	10.2	21.26	1.67	1.245506799783085
7	8	2019	4.66	22.2	0.0	1.7071380522487054
8	8	2019	6.6	24.37	0.0	1.8067944545257972
9	8	2019	10.54	25.34	1.5	1.658613466551836
10	8	2019	8.28	20.72	0.0	1.3011320750243835
11	8	2019	7.7	21.81	1.63	1.4489581411447936
12	8	2019	10.1	17.59	3.03	0.7367935555923382
13	8	2019	6.93	21.9	0.0	1.494747165460955
14	8	2019	9.3	24.89	0.0	1.638721335209782
15	8	2019	9.86	25.75	0.0	1.6729639649729549
16	8	2019	10.61	21.49	0.0	1.1780155179483756
17	8	2019	4.65	17.81	0.0	1.218430257848819
18	8	2019	3.58	21.26	0.0	1.5428179944257996
19	8	2019	4.46	21.17	0.0	1.4807392463832036
20	8	2019	3.28	23.95	0.0	1.74900781175881
21	8	2019	6.42	27.04	0.0	1.8797705351931804
22	8	2019	12.24	26.27	2.65	1.3163345571009364
23	8	2019	8.36	22.28	0.0	1.3498180967018103
24	8	2019	11.66	28.05	8.37	1.4777494115393468
25	8	2019	11.04	21.52	21.41	0.9675411369527755
26	8	2019	8.74	19.59	0.0	1.0655318505340905
27	8	2019	8.55	19.56	0.0	1.0711739604006654
28	8	2019	7.1	23.43	0.86	1.4827502059576707
29	8	2019	5.77	19.99	0.0	1.265925690466235
30	8	2019	5.26	19.69	0.0	1.2610332766262822
31	8	2019	7.28	21.62	1.24	1.3132254616999015
1	9	2019	8.02	22.31	3.48	1.1924440394643578
2	9	2019	10.45	21.75	2.21	1.0072812921024183
3	9	2019	6.7	26.0	0.0	1.651254014972252
4	9	2019	9.59	22.78	2.0	1.2601116138812496
5	9	2019	7.97	22.91	0.0	1.3511598415697357
6	9	2019	5.32	22.18	0.0	1.4075950957609942
7	9	2019	7.35	23.03	0.0	1.3785696722732794
8	9	2019	7.08	21.53	0.0	1.2679619954712225
9	9	2019	9.13	14.45	4.96	0.4562575523875231
10	9	2019	8.13	11.39	9.83	0.276488162557623
11	9	2019	8.51	13.82	2.21	0.4471808116278247
12	9	2019	7.54	16.46	0.0	0.8096251898534881
13	9	2019	4.4	24.15	0.0	1.531612651393978
14	9	2019	8.91	23.99	0.0	1.3421758219054452
15	9	2019	8.92	26.74	0.0	1.5345870649980065
16	9	2019	8.91	31.01	0.0	1.812181004612895
17	9	2019	12.69	25.55	0.0	1.227972553078122
18	9	2019	10.09	21.92	0.0	1.0797788854805483
19	9	2019	9.01	19.92	0.0	0.9778081319173412
20	9	2019	8.13	20.99	0.0	1.1137146436120011
21	9	2019	4.78	18.78	0.0	1.1026538803937265
22	9	2019	5.37	25.45	0.0	1.519032189514531
23	9	2019	8.39	20.39	0.0	1.032562749498794
24	9	2019	4.42	17.11	0.0	0.9786515065385756
25	9	2019	2.8	15.78	0.7	0.9478590261684
26	9	2019	2.47	10.55	5.95	0.5360622093764824
27	9	2019	1.43	7.76	0.0	0.443438706005076
28	9	2019	0.77	5.38	0.0	0.3143622956763629
29	9	2019	-0.04	4.14	10.81	0.252524726759756
30	9	2019	0.03	1.96	4.88	0.1215224379365349
1	10	2019	-0.41	4.13	0.0	0.2987381466726411
2	10	2019	-4.16	9.87	0.0	0.7935747955173454
3	10	2019	-1.27	11.55	0.0	0.8059520648102758
4	10	2019	1.57	12.91	0.0	0.7846175497671263
5	10	2019	-1.02	13.87	0.0	0.9228884198823556
6	10	2019	3.33	15.85	0.0	0.8975891120262143
7	10	2019	2.5	20.24	0.0	1.1858509175340082
8	10	2019	-2.44	7.83	0.74	0.6070171120156382
9	10	2019	-7.37	2.26	0.0	0.4610713510711907
10	10	2019	-8.6	3.88	0.0	0.5612277556530587
11	10	2019	-8.9	6.96	0.0	0.6968955133320336
12	10	2019	-9.35	7.82	0.0	0.7340451903230624
13	10	2019	-9.12	9.78	0.57	0.8346630813747733
14	10	2019	-1.5	4.33	0.4	0.3371775017707272
15	10	2019	-3.0	6.21	0.0	0.506144592433028
16	10	2019	-1.27	12.92	0.0	0.8199872747038661
17	10	2019	1.32	19.14	0.0	1.0882786919943657
18	10	2019	-0.95	16.13	0.0	0.971435217908969
19	10	2019	-1.4	14.08	0.0	0.8679250469062941
20	10	2019	-4.72	7.52	0.0	0.6088912771901908
21	10	2019	-7.19	9.69	0.0	0.7532421661848195
22	10	2019	-5.69	6.66	0.0	0.5851053037924202
23	10	2019	-4.67	3.86	1.19	0.4174838843672953
24	10	2019	-4.33	9.0	0.0	0.659594371412031
25	10	2019	-0.49	17.61	0.0	1.0026305344087878
26	10	2019	-6.03	1.99	0.0	0.3625231663004582
27	10	2019	-8.47	-2.19	1.7	0.2565035636889409
28	10	2019	-9.39	-3.94	1.32	0.209925166299702
29	10	2019	-12.7	-4.75	0.0	0.2619314486157397
30	10	2019	-17.31	1.05	0.0	0.4996869891411136
31	10	2019	-3.07	4.6	0.43	0.385206278619242
1	11	2019	-2.92	5.54	0.0	0.4280003163490442
2	11	2019	-4.48	4.62	1.37	0.4216058846022753
3	11	2019	-4.9	1.86	0.0	0.3035825552496924
4	11	2019	-12.33	-4.16	0.0	0.2600072989124741
5	11	2019	-14.78	-4.26	1.43	0.3047387031472333
6	11	2019	-20.28	-7.96	0.0	0.2630486195131934
7	11	2019	-20.35	-3.79	0.0	0.3628042516247212
8	11	2019	-7.54	4.69	0.9	0.5001777092486298
9	11	2019	-12.87	-0.69	1.88	0.3858994179172225
10	11	2019	-21.27	-11.62	0.0	0.1847334405393012
11	11	2019	-23.81	-8.74	0.0	0.2592388244341987
12	11	2019	-15.44	-1.67	0.0	0.3810353146497581
13	11	2019	-13.47	0.78	0.0	0.4357078341396289
14	11	2019	-6.56	0.16	0.0	0.2736976044847776
15	11	2019	-4.85	3.36	3.84	0.3453304944555115
16	11	2019	-1.54	2.24	1.78	0.1881282014388947
17	11	2019	-2.52	6.27	0.0	0.426287901011059
18	11	2019	-0.74	7.61	0.0	0.4246574069898624
19	11	2019	-4.27	0.71	0.0	0.2177909756143668
20	11	2019	-5.32	-0.32	0.0	0.2088911464796103
21	11	2019	-5.5	3.97	0.0	0.3982110798275475
22	11	2019	-5.41	6.31	0.0	0.4938104115604547
23	11	2019	-0.93	10.75	0.0	0.581222360758589
24	11	2019	-1.73	4.22	1.15	0.2872100349533963
25	11	2019	-5.55	-0.06	0.32	0.2253823392534773
26	11	2019	-10.28	-2.35	0.15	0.2676369638715993
27	11	2019	-8.7	-5.47	0.0	0.1135076841768024
28	11	2019	-8.47	-5.36	2.37	0.1055836467127378
29	11	2019	-11.92	-6.0	0.0	0.1809569337399866
30	11	2019	-10.04	-7.27	0.0	0.0908076134242831
1	12	2019	-13.67	-5.64	0.0	0.2260591295177622
2	12	2019	-14.12	-1.77	0.0	0.3454096966216919
3	12	2019	-8.04	3.77	0.0	0.4415795201600733
4	12	2019	-8.91	-0.39	0.0	0.3031045757862464
5	12	2019	-13.47	-3.53	0.0	0.2827850751886246
6	12	2019	-11.87	-4.82	0.0	0.2144350910758781
7	12	2019	-12.47	-5.17	0.0	0.2153975157130857
8	12	2019	-21.36	-11.6	0.0	0.1750589398528223
9	12	2019	-24.46	-9.77	0.0	0.2258149232403518
10	12	2019	-26.97	-12.59	0.0	0.1862680172043188
11	12	2019	-25.69	-16.35	0.0	0.124611659775136
12	12	2019	-19.15	-12.49	0.0	0.1326515501066465
13	12	2019	-24.13	-14.06	0.0	0.1506791260220144
14	12	2019	-25.62	-11.32	0.35	0.2020431980796654
15	12	2019	-18.86	-8.37	0.0	0.2188571320562061
16	12	2019	-14.63	-4.92	0.0	0.2558645592932246
17	12	2019	-14.73	-3.23	0.0	0.3043434558321622
18	12	2019	-10.04	0.58	0.0	0.3545561566466819
19	12	2019	-10.7	-2.91	0.0	0.2485950749730596
20	12	2019	-11.56	3.6	0.0	0.4770726856782957
21	12	2019	-11.4	-0.71	0.0	0.3330488159022445
22	12	2019	-8.91	-1.12	0.0	0.2706651021326089
23	12	2019	-6.78	-3.82	0.0	0.1109933568581336
24	12	2019	-7.44	-5.09	3.91	0.0819581568577465
25	12	2019	-10.16	-2.41	0.0	0.2547644300856672
26	12	2019	-15.72	-7.1	0.0	0.2124034924872417
27	12	2019	-15.6	-6.48	0.0	0.2266758088060884
28	12	2019	-16.22	-6.26	0.0	0.240467674341951
29	12	2019	-19.58	-4.84	0.0	0.3043959123334208
30	12	2019	-16.65	-5.58	0.0	0.2626071966378925
31	12	2019	-12.23	0.08	0.0	0.3722974495026434
1	1	2020	-8.49	-0.91	0.0	0.2704916664187905
2	1	2020	-7.99	-2.82	0.0	0.1862930475093644
3	1	2020	-12.3	-4.15	0.0	0.2420509552565
4	1	2020	-8.44	4.5	0.0	0.473226072707414
5	1	2020	-11.45	-1.8	0.0	0.3037846219615471
6	1	2020	-16.18	-2.08	0.0	0.3556437399373613
7	1	2020	-25.05	-15.15	1.79	0.140062365797961
8	1	2020	-18.61	-8.11	0.9	0.2257447444137857
9	1	2020	-25.15	-16.84	0.0	0.1149158362217044
10	1	2020	-30.88	-16.03	0.49	0.1494235752143227
11	1	2020	-19.14	-10.96	1.64	0.1682532532002186
12	1	2020	-26.82	-14.74	1.01	0.1574272287642113
13	1	2020	-30.25	-24.02	0.65	0.0582619210002902
14	1	2020	-34.99	-27.45	0.0	0.0498818581209085
15	1	2020	-36.99	-28.7	0.0	0.0474472434692759
16	1	2020	-36.7	-19.87	0.0	0.1139830216330284
17	1	2020	-23.2	-19.17	1.98	0.0613232897172407
18	1	2020	-28.27	-22.97	0.0	0.0577106935350191
19	1	2020	-29.6	-16.68	0.0	0.1429602428328635
20	1	2020	-20.47	0.59	0.0	0.4556784569304596
21	1	2020	-12.04	1.91	0.0	0.4542146498733439
22	1	2020	-12.82	-3.05	0.0	0.3025583258788466
23	1	2020	-11.45	-3.17	0.0	0.2742908197712081
24	1	2020	-9.06	0.81	0.0	0.37141286372317
25	1	2020	-6.25	1.59	0.0	0.3357988904815155
26	1	2020	-6.93	-2.17	0.0	0.195769044919822
27	1	2020	-7.17	-1.36	0.0	0.2393557019090325
28	1	2020	-5.71	-2.12	0.0	0.1567195432563332
29	1	2020	-12.25	-3.17	1.51	0.2987108586477088
30	1	2020	-10.66	-0.22	0.0	0.3757624442041147
31	1	2020	-9.78	2.82	0.0	0.4754882740723476
1	2	2020	-6.52	6.18	0.0	0.5549612030651458
2	2	2020	-11.26	0.12	0.0	0.4025722103543463
3	2	2020	-18.75	-9.2	0.0	0.2241722820362804
4	2	2020	-19.26	-4.39	0.0	0.3514015821624378
5	2	2020	-13.2	-5.62	0.47	0.2436291798007599
6	2	2020	-14.42	-9.05	0.54	0.1597079213548945
7	2	2020	-12.49	-2.52	0.0	0.3416396160910219
8	2	2020	-14.04	-3.49	0.0	0.3447669833525172
9	2	2020	-14.65	-2.79	0.69	0.3958207773129609
10	2	2020	-9.97	-3.45	0.13	0.2556022356167024
11	2	2020	-14.24	-2.34	0.38	0.4320705978293459
12	2	2020	-30.64	-16.01	0.0	0.1717152987989182
13	2	2020	-29.41	-5.73	0.0	0.3417648254831237
14	2	2020	-13.45	-2.88	0.0	0.4022757910659559
15	2	2020	-20.29	-11.97	0.0	0.1885769818621751
16	2	2020	-16.75	-5.26	0.0	0.3621680003244215
17	2	2020	-22.54	-10.24	0.47	0.2516986446633244
18	2	2020	-30.84	-18.53	0.0	0.143077033026417
19	2	2020	-30.3	-10.28	0.0	0.2786801527219071
20	2	2020	-17.16	1.81	0.0	0.7078465672695587
21	2	2020	-11.73	1.64	0.0	0.7236897192625121
22	2	2020	-8.51	2.77	0.0	0.7592473404406614
23	2	2020	-12.24	0.72	0.0	0.6923792042935042
24	2	2020	-12.89	-2.67	0.0	0.5106162621585607
25	2	2020	-18.72	-3.38	0.0	0.5318262663556068
26	2	2020	-13.3	0.74	0.0	0.7161413661360355
27	2	2020	-8.5	4.17	0.0	0.8861918696942944
28	2	2020	-7.39	6.05	0.0	1.0101670164202563
29	2	2020	-6.57	6.1	1.48	1.014771423479731
1	3	2020	-11.32	-0.86	0.0	0.6002531337233872
2	3	2020	-5.93	3.24	0.0	0.7558357246807299
3	3	2020	-6.41	3.28	0.0	0.7948226936123314
4	3	2020	-2.82	3.12	0.0	0.5486877284027742
5	3	2020	-7.26	4.28	0.0	0.935234737224024
6	3	2020	-2.4	10.03	0.0	1.3167503366491062
7	3	2020	-11.99	-2.0	0.52	0.5911780935859711
8	3	2020	-16.84	-9.62	0.0	0.2490940351150571
9	3	2020	-18.09	0.25	0.0	0.7441061687181997
10	3	2020	-12.26	5.15	0.0	1.034478150296843
11	3	2020	-4.5	4.0	0.0	0.8371776212288257
12	3	2020	-10.67	-1.85	0.0	0.5850330191034525
13	3	2020	-17.05	-10.54	0.0	0.2208373050932788
14	3	2020	-16.68	-9.21	1.6	0.3044914360711522
15	3	2020	-15.34	-7.84	0.0	0.3390018212132336
16	3	2020	-19.36	-2.0	0.0	0.6811490168823497
17	3	2020	-14.5	-3.18	0.0	0.62687170807786
18	3	2020	-18.29	-6.55	0.0	0.4941132015445186
19	3	2020	-18.17	-5.47	0.0	0.5516778286494044
20	3	2020	-17.95	-0.39	0.0	0.7879271056748219
21	3	2020	-11.85	2.47	0.0	0.9887308760627826
22	3	2020	-11.33	5.88	0.0	1.167826707986956
23	3	2020	-7.79	5.97	0.0	1.2181381589939466
24	3	2020	-8.63	-1.77	3.03	0.5235441609930174
25	3	2020	-14.74	-0.71	0.0	0.8739629098374162
26	3	2020	-14.24	5.09	0.0	1.1062070737174674
27	3	2020	-4.92	6.62	0.0	1.2835338708801345
28	3	2020	-3.92	6.9	0.0	1.3029070197062576
29	3	2020	-5.52	12.57	0.0	1.6042215374188231
30	3	2020	-4.61	3.39	1.46	1.08630617496851
31	3	2020	-11.28	-2.6	0.0	0.7480822825234653
1	4	2020	-15.46	-11.47	0.52	0.1723372866653114
2	4	2020	-18.26	-8.87	0.0	0.4803026000120873
3	4	2020	-18.72	-3.08	0.0	0.7737077943300893
4	4	2020	-13.26	-6.34	2.61	0.3968319526175239
5	4	2020	-12.02	-2.64	0.0	0.7643616639270122
6	4	2020	-9.25	0.84	6.62	0.8249052987071229
7	4	2020	-11.8	3.6	0.0	1.1416884006153143
8	4	2020	-7.3	0.82	0.0	0.8825553894780309
9	4	2020	-13.98	5.34	0.0	1.192543720150558
10	4	2020	-2.32	6.89	0.0	1.3531550014273244
11	4	2020	-8.11	-1.54	0.0	0.7043595359723896
12	4	2020	-10.34	-4.38	0.0	0.5448084061890581
13	4	2020	-12.91	-4.35	0.0	0.6972486862922533
14	4	2020	-15.03	3.86	0.0	1.131753406105612
15	4	2020	-9.07	1.62	0.0	1.0901792385624802
16	4	2020	-5.68	5.91	0.0	1.341951958343284
17	4	2020	-1.82	12.05	0.0	1.735922242733432
18	4	2020	-3.03	4.55	0.0	1.2232370885100012
19	4	2020	-4.14	14.11	0.0	1.8509091439295424
20	4	2020	-1.57	11.15	0.0	1.6954212212563105
21	4	2020	-1.65	21.32	0.0	2.2971956874984394
22	4	2020	1.76	15.7	0.0	2.006587600853148
23	4	2020	0.15	17.92	0.0	2.143800559793171
24	4	2020	-1.04	14.19	2.01	1.7372059266713238
25	4	2020	-2.07	19.43	0.0	2.2061755936072633
26	4	2020	2.78	14.69	2.56	1.7669610416070574
27	4	2020	-0.8	19.27	0.0	2.2262158396091634
28	4	2020	2.53	18.53	0.0	2.2153364665137856
29	4	2020	1.05	22.38	0.0	2.440797526912646
30	4	2020	7.95	27.98	0.0	2.8482359076293005
1	5	2020	4.58	18.18	0.0	2.156169659399983
2	5	2020	-1.27	18.56	0.0	2.175990079908271
3	5	2020	-0.3	18.52	2.8	1.9901627072300363
4	5	2020	3.06	14.65	0.0	1.8859543201382063
5	5	2020	-1.09	18.24	0.0	2.1603674094101093
6	5	2020	1.03	21.35	0.0	2.376445041895863
7	5	2020	1.22	18.45	0.0	2.110528805792632
8	5	2020	0.74	18.75	1.83	2.1274439437972545
9	5	2020	-1.69	7.75	1.8	1.340986553683089
10	5	2020	-2.92	9.69	0.0	1.531053743399701
11	5	2020	-6.06	10.69	0.0	1.591334821741071
12	5	2020	-3.18	13.99	0.0	1.8093662388090337
13	5	2020	0.89	11.64	0.0	1.618432559853901
14	5	2020	-1.76	19.84	0.0	2.1877202479300824
15	5	2020	-3.05	14.41	0.0	1.8398218543059384
16	5	2020	1.61	25.73	0.0	2.5863053780224248
17	5	2020	10.1	27.1	0.0	2.6848268703048688
18	5	2020	8.12	24.37	0.0	2.499466859794524
19	5	2020	10.19	25.46	0.0	2.5550483730749294
20	5	2020	9.4	16.45	13.9	1.3045195311281204
21	5	2020	8.99	19.96	0.0	2.0729408958444577
22	5	2020	5.22	19.99	0.0	2.225406399813577
23	5	2020	3.74	14.72	0.0	1.7273599421829702
24	5	2020	3.29	20.23	0.0	2.2723095195970164
25	5	2020	6.57	25.91	0.0	2.674001930908438
26	5	2020	10.59	21.21	0.0	2.1680098049048304
27	5	2020	6.38	17.82	0.0	2.023621103689256
28	5	2020	3.68	18.63	0.0	2.168870987769454
29	5	2020	5.63	18.94	0.0	2.172851550566131
30	5	2020	8.43	26.15	0.0	2.71263980239113
31	5	2020	12.11	31.49	0.0	3.0668916571683895
1	6	2020	12.51	24.99	0.0	2.5275306495437126
2	6	2020	7.72	24.64	0.0	2.61588797746052
3	6	2020	9.85	20.09	0.0	2.1626285221956523
4	6	2020	6.19	18.64	0.0	2.158166981166432
5	6	2020	4.05	20.74	0.0	2.3655132391497453
6	6	2020	9.87	17.93	25.67	1.4345418805404866
7	6	2020	9.09	15.85	24.17	0.8148400705987657
8	6	2020	6.87	15.18	0.0	1.1254627481914303
9	6	2020	4.92	20.53	1.53	2.0703163507498905
10	6	2020	7.04	22.76	0.0	2.217681843392578
11	6	2020	6.33	22.44	0.0	2.218091253398839
12	6	2020	8.55	28.62	0.0	2.7551712343439307
13	6	2020	15.11	30.21	0.0	2.643155766706329
14	6	2020	12.93	23.69	0.0	1.8678774939337968
15	6	2020	7.28	22.33	0.0	2.199090087072263
16	6	2020	8.84	23.21	20.43	1.796428565733737
17	6	2020	9.44	16.73	4.21	0.7781534419219913
18	6	2020	6.95	16.45	0.0	1.267705715464962
19	6	2020	5.73	18.53	0.0	1.6851490114014445
20	6	2020	6.69	18.83	0.0	1.6440602891595313
21	6	2020	4.61	18.81	0.0	1.7948425847871723
22	6	2020	6.68	24.48	0.0	2.303885782537657
23	6	2020	10.28	28.61	0.0	2.5972802130184514
24	6	2020	13.89	26.15	1.17	2.035685841445931
25	6	2020	14.53	26.15	0.0	1.9435471788941063
26	6	2020	11.35	30.08	0.0	2.6858802349245163
27	6	2020	13.79	21.39	0.0	1.1368159441563646
28	6	2020	12.86	20.39	0.0	1.1093495993307865
29	6	2020	14.13	19.67	1.75	0.7636392452465506
30	6	2020	13.66	19.77	7.29	0.7331696530953753
1	7	2020	13.4	23.66	0.95	1.6900060933687286
2	7	2020	10.38	24.07	1.21	2.074628178158928
3	7	2020	9.85	26.35	0.0	2.3534664854336333
4	7	2020	12.22	29.07	0.0	2.528564821459561
5	7	2020	11.74	23.41	0.0	1.8419328617167696
6	7	2020	10.45	24.98	0.0	2.1999101417746467
7	7	2020	12.2	28.34	17.24	1.9971834984935564
8	7	2020	13.65	19.48	5.93	0.6842321325658032
9	7	2020	12.11	21.84	0.0	1.4080480076937298
10	7	2020	10.22	22.62	3.25	1.3849214103755925
11	7	2020	9.56	24.95	0.0	2.0858540207714915
12	7	2020	12.7	25.42	0.0	1.9046461485179111
13	7	2020	9.79	19.94	2.9	1.0925901823997537
14	7	2020	10.53	21.92	5.01	1.2492886816001212
15	7	2020	10.03	22.98	0.0	1.7803493598690103
16	7	2020	10.11	25.49	0.0	2.0703421447916805
17	7	2020	13.68	24.8	0.0	1.637719365943446
18	7	2020	11.38	21.69	1.96	1.4180447155143678
19	7	2020	9.93	23.17	0.0	1.7713389777034168
20	7	2020	11.4	23.79	2.64	1.345626715116403
21	7	2020	9.85	25.53	0.0	2.0272154160736444
22	7	2020	14.56	30.59	0.0	2.2673991088504803
23	7	2020	17.08	28.74	0.0	1.7791714046554308
24	7	2020	14.36	26.88	0.0	1.825427066928204
25	7	2020	11.51	21.33	0.0	1.308872886240666
26	7	2020	10.43	24.85	0.0	1.9188098047389652
27	7	2020	8.97	27.62	0.0	2.249779437683177
28	7	2020	10.85	31.12	0.0	2.463576095502572
29	7	2020	14.31	33.75	0.0	2.5234685609813674
30	7	2020	15.81	31.91	0.0	2.2123151390083415
31	7	2020	13.31	26.69	0.0	1.7681917240457
1	8	2020	8.98	28.08	0.0	2.1981016343436477
2	8	2020	10.9	28.09	0.0	2.1054392444088643
3	8	2020	13.58	30.54	0.0	2.184932171228127
4	8	2020	11.39	27.07	0.0	1.9370389247731443
5	8	2020	9.0	29.33	0.0	2.2690258709633557
6	8	2020	11.8	33.99	0.0	2.541656472418788
7	8	2020	13.13	23.72	1.82	1.260080194699038
8	8	2020	10.72	25.15	2.9	1.3752212167273097
9	8	2020	8.38	22.34	0.0	1.5240783417267734
10	8	2020	7.29	24.1	0.0	1.7798657116097538
11	8	2020	8.78	24.18	0.0	1.6825870728039076
12	8	2020	11.5	27.29	0.0	1.817313347376528
13	8	2020	8.42	24.87	0.0	1.746228655720884
14	8	2020	7.45	24.5	0.43	1.751043825000095
15	8	2020	8.39	25.03	0.0	1.7356133788736154
16	8	2020	8.83	29.82	0.0	2.145053552043203
17	8	2020	11.39	34.26	0.0	2.3927178720120423
18	8	2020	12.27	35.82	0.0	2.462837513106353
19	8	2020	13.99	33.72	0.0	2.236196354257064
20	8	2020	13.57	33.24	0.0	2.1964513344569707
21	8	2020	13.96	26.83	0.0	1.4135587445608926
22	8	2020	9.8	31.47	0.0	2.1917299730496973
23	8	2020	6.83	28.39	0.0	2.0233515714534436
24	8	2020	9.5	29.19	0.0	1.959169287853816
25	8	2020	12.17	25.98	0.0	1.4049626550288474
26	8	2020	9.7	25.07	0.0	1.5015042739287587
27	8	2020	7.38	21.17	9.71	1.115269530892876
28	8	2020	6.27	23.37	0.0	1.5048249351060567
29	8	2020	8.69	30.29	0.0	1.9970577422630904
30	8	2020	5.79	17.3	0.0	0.9845677129797168
31	8	2020	1.93	19.2	0.0	1.3077585114406314
1	9	2020	8.32	22.79	0.0	1.2956403714775149
2	9	2020	7.71	17.12	6.81	0.7603687456360155
3	9	2020	4.96	21.72	0.0	1.3628976085889315
4	9	2020	4.76	24.26	0.0	1.56616457177613
5	9	2020	8.08	30.53	0.0	2.0201683341346586
6	9	2020	7.52	17.26	0.0	0.8495150003262304
7	9	2020	-0.24	10.8	0.0	0.7648098023020068
8	9	2020	-5.18	15.85	0.0	1.294133233612126
9	9	2020	3.31	21.38	0.0	1.4887260576301482
10	9	2020	4.46	26.62	0.0	1.8590266708794108
11	9	2020	7.87	30.32	0.0	2.0284778300865636
12	9	2020	5.83	16.04	2.66	0.7503858019320568
13	9	2020	-0.49	16.09	0.0	1.129505563847739
14	9	2020	4.95	15.79	0.0	0.8471855534449397
15	9	2020	3.21	14.2	0.0	0.8157202704370775
16	9	2020	-0.73	13.87	0.0	1.0377382175451946
17	9	2020	2.0	18.37	0.0	1.3101279463775954
18	9	2020	0.06	25.08	0.0	1.8284795880786937
19	9	2020	6.77	26.56	0.0	1.7961696405718308
20	9	2020	11.74	17.99	6.6	0.5218911233464159
21	9	2020	6.91	23.17	0.0	1.4254899769783864
22	9	2020	6.98	20.41	0.0	1.1391820869109344
23	9	2020	8.89	21.89	0.0	1.1559013958366473
24	9	2020	8.75	23.86	0.0	1.3575462094469368
25	9	2020	4.9	21.94	0.0	1.370321331008429
26	9	2020	6.95	15.33	0.0	0.6641647303537889
27	9	2020	3.78	14.9	0.0	0.8035005594932777
28	9	2020	0.48	23.22	0.0	1.5579035284460243
29	9	2020	6.69	17.57	0.0	0.8420439803472989
30	9	2020	0.33	12.71	0.0	0.7920649921316565
1	10	2020	-4.89	12.12	0.0	0.9363355838155102
2	10	2020	0.46	18.26	0.0	1.2076942734098517
3	10	2020	-0.08	16.84	0.0	1.1063994548269294
4	10	2020	5.16	23.22	0.71	1.4022730117354458
5	10	2020	7.51	19.29	0.0	0.900147851148273
6	10	2020	5.97	17.51	0.0	0.9343438030670382
7	10	2020	-0.15	15.45	0.0	1.106804709849286
8	10	2020	7.6	22.4	1.78	1.3666101966388136
9	10	2020	1.61	10.51	0.0	0.565928054246667
10	10	2020	2.9	26.63	0.0	1.8013671532276998
11	10	2020	3.97	15.19	0.0	0.8551173627495466
12	10	2020	-3.61	11.98	0.0	0.9368782762077396
13	10	2020	-0.42	10.41	0.0	0.7196261093606005
14	10	2020	-5.23	7.13	0.0	0.6607187416577811
15	10	2020	-5.31	5.87	0.0	0.5611399396667489
16	10	2020	-8.99	3.46	0.0	0.5225474789661826
17	10	2020	-12.78	-0.62	0.0	0.4136917730552537
18	10	2020	-6.01	-3.18	0.0	0.1268070624861295
19	10	2020	-7.04	-0.94	0.0	0.2635040428318324
20	10	2020	-7.81	-1.66	0.32	0.2618084424364699
21	10	2020	-10.82	0.19	0.0	0.4273108738029543
22	10	2020	-14.09	-2.12	0.0	0.3856984513792137
23	10	2020	-14.26	-3.88	0.0	0.3260993768598986
24	10	2020	-8.41	-5.11	0.0	0.132252118178493
25	10	2020	-11.42	-2.11	0.0	0.3356602315642532
26	10	2020	-14.47	3.62	0.0	0.6218554691385212
27	10	2020	-3.06	12.21	0.0	0.882082420704699
28	10	2020	-4.77	4.83	0.0	0.4499188427511646
29	10	2020	-5.97	7.73	0.24	0.653917996969917
30	10	2020	-0.59	12.98	0.0	0.8244606216460673
31	10	2020	-6.07	2.32	0.0	0.3659100310068379
1	11	2020	-6.91	14.04	0.0	0.9803553220762186
2	11	2020	-0.07	18.39	0.0	1.1348264270717332
3	11	2020	1.29	16.15	0.0	0.9424971664409044
4	11	2020	-0.21	14.72	0.0	0.8755874240597039
5	11	2020	1.83	16.64	0.0	0.9260776645318538
6	11	2020	-2.43	6.81	1.96	0.4544865694262119
7	11	2020	-2.79	0.71	2.53	0.1583415701945709
8	11	2020	-9.91	-3.36	19.11	0.2208878191275838
9	11	2020	-18.35	-9.34	0.0	0.2070411415903117
10	11	2020	-16.36	-5.59	0.0	0.2808998339667954
11	11	2020	-17.55	-6.39	1.91	0.271888188929053
12	11	2020	-22.96	-9.16	0.0	0.2468600857248934
13	11	2020	-12.59	-0.45	0.0	0.3850502361117117
14	11	2020	-10.09	-1.21	0.67	0.3124563042120127
15	11	2020	-13.49	-6.32	0.0	0.2090076600610853
16	11	2020	-9.44	-5.69	0.0	0.1307844021232731
17	11	2020	-7.66	0.1	0.0	0.3016924443324874
18	11	2020	-4.94	3.78	0.0	0.3818262342950244
19	11	2020	-12.82	-5.16	4.95	0.2183354827990051
20	11	2020	-19.72	-10.74	0.0	0.1817843174208682
21	11	2020	-18.69	-4.61	0.0	0.3165194070850309
22	11	2020	-17.42	-7.55	0.0	0.229839869149377
23	11	2020	-11.45	-5.34	0.0	0.1900109568802231
24	11	2020	-9.73	-2.07	0.0	0.2627834580061743
25	11	2020	-8.81	1.92	0.0	0.3899895378070332
26	11	2020	-12.34	-1.32	0.0	0.3372051793067729
27	11	2020	-10.75	0.37	0.0	0.3672775321033174
28	11	2020	-10.55	-0.99	0.0	0.3159292937281662
29	11	2020	-16.15	-2.71	0.0	0.3395184809781623
30	11	2020	-8.7	1.73	0.0	0.3761870935323738
1	12	2020	-7.96	2.02	0.0	0.3713910809988309
2	12	2020	-11.21	-1.54	0.0	0.3082980650428515
3	12	2020	-7.64	2.54	0.0	0.3842907369592795
4	12	2020	-6.44	2.01	0.0	0.3350821371497424
5	12	2020	-7.5	1.77	0.0	0.3512016109495653
6	12	2020	-9.48	0.73	0.0	0.3533191639537074
7	12	2020	-8.55	3.27	0.0	0.427553011753694
8	12	2020	-4.81	3.61	0.0	0.3544611521265516
9	12	2020	-5.82	1.73	0.0	0.3036078942928627
10	12	2020	-13.07	-4.14	0.0	0.2549073912935234
11	12	2020	-13.35	-4.57	0.0	0.2464444793386632
12	12	2020	-11.73	-3.64	0.0	0.246032422205805
13	12	2020	-27.58	-13.94	0.0	0.1673387983978757
14	12	2020	-28.78	-14.72	0.0	0.1591586978896658
15	12	2020	-19.65	-11.23	0.0	0.1631835244693374
16	12	2020	-16.82	-4.84	0.0	0.2823869481149222
17	12	2020	-15.39	1.74	0.0	0.4509386556806881
18	12	2020	-23.29	-4.44	0.0	0.3227436039081962
19	12	2020	-12.74	3.99	0.0	0.5002946708407443
20	12	2020	-6.2	2.53	0.0	0.3404409097441551
21	12	2020	-9.15	-1.83	2.9	0.2398601698571372
22	12	2020	-13.58	-4.57	4.91	0.2388941802765128
23	12	2020	-17.04	-8.31	0.0	0.1966922370775921
24	12	2020	-13.74	0.45	0.0	0.3990784359395808
25	12	2020	-12.89	-3.05	0.0	0.2812895862144031
26	12	2020	-11.96	-5.41	0.45	0.1921589614515496
27	12	2020	-15.0	-6.87	0.0	0.2056173507887074
28	12	2020	-17.53	-8.53	0.0	0.1985499832520758
29	12	2020	-17.59	-8.24	0.0	0.2068136579171754
30	12	2020	-20.71	-9.33	0.0	0.213065331139272
1	1	2021	-16.35	-3.09	0.0	0.325893986883028
2	1	2021	-10.04	3.66	0.0	0.4641994177730859
3	1	2021	-3.54	3.77	0.0	0.3237665083389322
4	1	2021	-10.91	-1.31	0.0	0.3082458868857127
5	1	2021	-10.18	-0.39	0.0	0.3266895515879136
6	1	2021	-11.88	2.4	0.0	0.4476330580681445
7	1	2021	-9.62	0.91	0.0	0.3629767208468836
8	1	2021	-13.28	-2.79	0.0	0.3023983590715489
9	1	2021	-14.41	-4.8	0.0	0.2597497583905612
10	1	2021	-14.97	-6.02	0.0	0.234320200932155
11	1	2021	-12.91	-1.28	0.0	0.3463147654651636
12	1	2021	-9.05	0.36	0.0	0.3361753130261988
13	1	2021	-6.44	5.82	5.2	0.4774228252115323
14	1	2021	-6.89	-0.85	0.0	0.2361352724436935
15	1	2021	-15.0	-5.23	0.0	0.2609135801814745
16	1	2021	-10.19	-0.51	0.0	0.3321060096186889
17	1	2021	-11.12	-1.53	1.3	0.3154802627788774
18	1	2021	-10.03	0.1	0.52	0.3538916101070737
19	1	2021	-13.94	2.69	0.0	0.4919515033239562
20	1	2021	-6.25	2.45	0.0	0.3621737784667305
21	1	2021	-12.01	-5.99	0.22	0.1881309891516808
22	1	2021	-9.46	-4.86	0.45	0.1624607712669808
23	1	2021	-28.7	-10.2	0.0	0.2355631425669268
24	1	2021	-32.63	-23.32	0.0	0.0792790191145726
25	1	2021	-29.99	-22.85	0.0	0.0723085648383863
26	1	2021	-28.09	-19.31	0.0	0.1052428600532185
27	1	2021	-22.99	-14.01	0.0	0.154316552715532
28	1	2021	-19.54	-11.44	0.0	0.172851115086421
29	1	2021	-15.88	-10.63	0.0	0.1360236477478816
30	1	2021	-16.41	-11.38	0.0	0.1266580533973714
31	1	2021	-19.16	-10.13	0.0	0.2022575563388755
1	2	2021	-14.53	-1.58	0.0	0.3875683462822614
2	2	2021	-10.27	-0.81	0.0	0.3496040311527201
3	2	2021	-20.14	-11.33	0.0	0.1887834664630213
4	2	2021	-22.92	-15.72	0.0	0.1277273824143287
5	2	2021	-28.49	-18.48	0.0	0.1254954380600175
6	2	2021	-35.88	-26.06	0.0	0.0700117215212254
7	2	2021	-37.57	-28.6	0.0	0.0552692337013214
8	2	2021	-37.02	-26.9	0.0	0.0669005646279112
9	2	2021	-29.19	-25.59	0.0	0.0397495913886658
10	2	2021	-34.09	-26.98	0.0	0.0578626059783562
11	2	2021	-37.86	-27.62	0.0	0.0645954423027577
12	2	2021	-32.97	-22.57	0.0	0.0982357991487115
13	2	2021	-36.81	-24.33	0.0	0.0894838735863856
14	2	2021	-34.89	-22.6	0.0	0.1031027132104839
15	2	2021	-30.48	-18.98	0.0	0.1347833745309711
16	2	2021	-26.2	-16.23	0.0	0.1576920822833479
17	2	2021	-23.44	-15.41	0.0	0.1518249924395108
18	2	2021	-25.66	-12.73	0.0	0.2288438697308814
19	2	2021	-22.03	-3.05	0.0	0.4968085775064426
20	2	2021	-11.59	-3.0	0.0	0.4474850387628466
21	2	2021	-12.78	3.04	0.0	0.798050499990648
22	2	2021	-3.43	4.25	0.0	0.7225954057725567
23	2	2021	-7.47	0.07	0.0	0.5473649758486583
24	2	2021	-10.47	-1.91	0.0	0.5216871527357599
25	2	2021	-11.67	0.56	0.0	0.7130122390701973
26	2	2021	-16.85	-2.28	0.0	0.5934247993068222
27	2	2021	-24.19	-11.93	0.0	0.2710498580526014
28	2	2021	-21.97	-11.73	0.0	0.2686029795263726
1	3	2021	-16.37	3.1	0.0	0.8425936637133539
2	3	2021	-6.85	2.49	0.0	0.8031119969891959
3	3	2021	-11.5	1.77	0.0	0.839894264607677
4	3	2021	-10.14	1.23	0.0	0.8052760760140196
5	3	2021	-7.29	4.35	0.0	0.9953974579956868
6	3	2021	-0.85	6.74	0.0	0.9846969869115714
7	3	2021	-4.98	4.89	0.0	1.011234626727249
8	3	2021	-5.78	3.35	0.0	0.9074211617404518
9	3	2021	-5.96	-0.97	0.0	0.4349615204057972
10	3	2021	-10.03	0.39	0.0	0.8045118494557394
11	3	2021	-18.4	-2.93	0.0	0.6509275109422585
12	3	2021	-10.03	5.11	0.0	1.0961624058808055
13	3	2021	-7.14	5.86	0.0	1.1605412922188654
14	3	2021	-2.2	8.35	0.0	1.3038456823363398
15	3	2021	-1.97	6.63	0.0	1.1472253032058446
16	3	2021	-9.55	0.57	0.0	0.8489133070511006
17	3	2021	-7.85	8.55	0.0	1.295271654577816
18	3	2021	-2.81	13.77	0.0	1.6089202614363645
19	3	2021	0.15	17.64	0.0	1.840983641732819
20	3	2021	-1.27	12.2	0.0	1.544706822568452
21	3	2021	-5.05	3.39	0.0	0.9921585983726662
22	3	2021	-5.87	8.76	0.97	1.3499247401640402
23	3	2021	-8.06	-0.01	0.0	0.7969134759897647
24	3	2021	-6.27	8.63	0.0	1.351430210638659
25	3	2021	-4.75	2.93	0.0	0.9551030417727489
26	3	2021	-10.13	2.48	0.0	1.0353343958288057
27	3	2021	-8.42	6.69	0.0	1.2491512879476392
28	3	2021	-0.21	18.0	0.0	1.9213187872049284
29	3	2021	-9.1	5.4	3.46	1.1060738755311863
30	3	2021	-13.93	-5.21	0.0	0.5916776052370434
31	3	2021	-14.83	8.55	0.0	1.2319652043626916
1	4	2021	-2.04	15.71	0.0	1.8030713370910925
2	4	2021	-0.48	12.43	0.0	1.6269268067515066
3	4	2021	-1.29	14.11	0.0	1.681804631241865
4	4	2021	-0.86	17.43	0.0	1.8701971792907115
5	4	2021	-2.86	12.31	0.0	1.5770249128472809
6	4	2021	-2.98	16.62	0.0	1.807358239287479
7	4	2021	-0.95	21.39	0.0	2.085906827918938
8	4	2021	1.25	14.33	1.69	1.6994345223599467
9	4	2021	-7.1	12.35	0.0	1.5389777539802412
10	4	2021	-1.69	13.3	0.0	1.6458396019945276
11	4	2021	-2.0	5.26	0.87	1.043568910543789
12	4	2021	-3.25	4.55	0.0	1.0566796751882717
13	4	2021	-2.92	5.23	0.0	1.1360224887083992
14	4	2021	-2.97	8.82	0.0	1.398548978274096
15	4	2021	-3.27	14.63	0.0	1.7416494643681122
16	4	2021	-4.63	15.7	0.0	1.7855927329217025
17	4	2021	-0.56	20.68	0.0	2.117548564421008
18	4	2021	-2.35	7.51	0.0	1.318461148037989
19	4	2021	-6.69	5.07	0.37	1.237352500527625
20	4	2021	-9.85	9.99	0.0	1.4819183762414534
21	4	2021	-3.84	17.54	0.0	1.9192160476148912
22	4	2021	-5.57	7.63	0.0	1.347655837804621
23	4	2021	-12.65	5.33	0.0	1.179044488118074
24	4	2021	-10.23	7.66	0.0	1.3211339672500635
25	4	2021	-5.59	11.86	0.0	1.5952331041161911
26	4	2021	-2.95	15.44	0.0	1.828224402409626
27	4	2021	-4.37	12.82	0.0	1.6680392230822634
28	4	2021	-2.39	16.07	0.0	1.8787833914680896
29	4	2021	-2.59	11.66	0.0	1.6041066728965845
30	4	2021	2.99	26.37	0.0	2.5533764227938813
1	5	2021	4.51	19.74	0.0	2.134534159551784
2	5	2021	0.59	13.42	0.0	1.7176156053900993
3	5	2021	-5.97	10.46	0.0	1.539147429196297
4	5	2021	-4.78	14.8	0.0	1.8050898524803176
5	5	2021	-3.12	16.93	0.0	1.9512199648279969
6	5	2021	-1.27	17.8	0.0	2.0266297114665632
7	5	2021	0.72	17.74	0.0	2.0381669853725706
8	5	2021	2.57	14.8	0.0	1.8159520187389264
9	5	2021	-3.94	16.22	0.0	1.9197912667594887
10	5	2021	-2.33	18.48	0.0	2.0754520676141532
11	5	2021	0.22	19.88	0.0	2.184205490982569
12	5	2021	2.96	20.9	0.0	2.257986078360817
13	5	2021	1.45	22.28	0.0	2.3433533023524795
14	5	2021	3.06	22.9	0.53	2.3909999606774983
15	5	2021	3.41	24.68	0.0	2.5124516256289637
16	5	2021	7.9	27.45	0.0	2.7032622866412086
17	5	2021	7.84	32.76	0.0	3.054433119914037
18	5	2021	11.08	27.57	0.0	2.6724085658177783
19	5	2021	1.29	12.92	0.0	1.6827266323569237
20	5	2021	-1.21	3.85	1.46	0.8326589815172079
21	5	2021	-1.53	6.91	0.0	1.296803899420219
22	5	2021	-1.61	11.2	0.0	1.6170003073008772
23	5	2021	6.69	16.87	14.85	1.7842042373659632
24	5	2021	8.13	11.45	25.83	0.5447211950827158
25	5	2021	2.41	9.68	0.0	0.9509677730146606
26	5	2021	-0.5	14.17	0.0	1.796115385299892
27	5	2021	1.39	20.12	0.0	2.27612497490306
28	5	2021	8.02	21.36	0.0	2.3004012626629624
29	5	2021	6.43	20.79	0.0	2.300406184541005
30	5	2021	1.67	23.61	0.0	2.51860823825105
31	5	2021	8.97	27.11	0.0	2.768167176497897
1	6	2021	8.46	27.07	0.0	2.7682386263561014
2	6	2021	12.05	32.46	0.0	3.125448705445644
3	6	2021	12.86	36.12	0.0	3.3652979816453152
4	6	2021	15.38	29.24	0.0	2.797225498634247
5	6	2021	11.09	27.7	0.0	2.7921620387123505
6	6	2021	8.55	20.47	0.0	2.166868457990824
7	6	2021	8.94	22.53	0.0	2.408961819502114
8	6	2021	5.44	23.14	1.26	2.518472882973769
9	6	2021	11.58	19.95	3.07	1.335660138189453
10	6	2021	13.77	21.46	7.87	1.2597512226173586
11	6	2021	10.45	20.84	0.0	1.9391656184666688
12	6	2021	6.25	23.79	0.0	2.596090979583612
13	6	2021	6.21	27.73	0.0	2.8678481413365913
14	6	2021	12.87	32.72	0.0	3.197050217390028
15	6	2021	17.26	34.62	1.99	3.267005429646622
16	6	2021	12.2	24.84	0.0	2.4520657392594347
17	6	2021	7.05	23.48	0.0	2.5684458940754142
18	6	2021	8.45	18.76	0.0	1.832349202557829
19	6	2021	6.53	20.93	1.23	2.2840855743517534
20	6	2021	5.79	18.53	0.0	1.9902725964675825
21	6	2021	1.6	24.94	0.0	2.6449143183643185
22	6	2021	10.45	31.18	0.0	3.0961905830345624
23	6	2021	13.01	24.19	0.0	2.152464085512327
24	6	2021	8.83	24.82	0.0	2.567638163804152
25	6	2021	9.67	27.74	0.0	2.834409717395729
26	6	2021	12.86	29.64	0.0	2.9296843265993413
27	6	2021	12.11	28.74	0.0	2.86349057935516
28	6	2021	10.98	30.33	0.0	3.0079270833442107
29	6	2021	13.01	33.69	0.0	3.227725649605718
30	6	2021	14.78	34.94	0.0	3.291921333150634
1	7	2021	16.11	35.9	0.0	3.336688286690044
2	7	2021	18.58	39.66	0.0	3.5548915068505016
3	7	2021	17.24	29.61	3.55	2.1021961876555944
4	7	2021	12.61	26.88	3.26	2.10894005092538
5	7	2021	13.1	24.09	0.0	2.0387428159306475
6	7	2021	10.58	21.25	0.0	1.8446854726562956
7	7	2021	12.46	28.84	1.2	2.79828052513537
8	7	2021	13.44	28.4	0.0	2.687846078028681
9	7	2021	12.25	31.02	0.0	3.023251931606993
10	7	2021	13.31	33.29	0.0	3.1634479429772315
11	7	2021	15.43	31.08	0.0	2.8423264497838745
12	7	2021	11.13	28.03	0.0	2.721931003998775
13	7	2021	9.61	29.2	0.0	2.894943603829334
14	7	2021	11.69	31.4	0.0	3.031213075370363
15	7	2021	14.33	35.09	0.0	3.257661731028907
16	7	2021	16.33	29.77	0.0	2.533446249180033
17	7	2021	16.4	35.43	0.0	3.231981212728718
18	7	2021	13.58	25.47	0.0	2.1079721828678677
19	7	2021	13.76	20.65	0.0	1.117296672990483
20	7	2021	15.39	27.47	0.0	2.244526406226141
21	7	2021	15.07	31.73	0.0	2.904117861592566
22	7	2021	12.68	32.99	0.0	3.1061749059560175
23	7	2021	6.46	28.8	0.0	2.832503383297767
24	7	2021	9.73	28.95	0.0	2.7892329983581066
25	7	2021	10.67	28.14	1.57	2.6636975566430636
26	7	2021	12.44	27.55	0.0	2.4630707794453675
27	7	2021	12.49	33.35	0.0	3.0827415218113137
28	7	2021	12.14	29.66	0.0	2.716877147301736
29	7	2021	12.34	33.9	0.0	3.116111291386407
30	7	2021	11.86	31.01	0.0	2.8526314824854393
31	7	2021	12.03	31.72	0.0	2.906316868246973
1	8	2021	12.78	33.46	0.0	3.036572093677064
2	8	2021	16.18	35.57	0.0	3.0939943050527816
3	8	2021	18.5	29.08	0.0	1.9233598816877249
4	8	2021	13.75	27.81	0.0	2.289000976755126
5	8	2021	11.29	31.38	0.0	2.8241503334640603
6	8	2021	15.59	33.62	0.0	2.851741452169608
7	8	2021	15.19	28.59	0.0	2.2100448781298714
8	8	2021	13.02	21.44	0.0	1.2453830176287228
9	8	2021	10.81	20.08	1.14	1.3332007916427262
10	8	2021	10.77	21.98	4.1	1.3038997778222348
11	8	2021	11.03	25.81	0.0	2.127979475940887
12	8	2021	8.78	23.88	0.0	2.0371461925658623
13	8	2021	8.46	30.47	0.0	2.6918233066665027
14	8	2021	15.84	37.63	0.0	3.0964723081840675
15	8	2021	16.0	32.13	0.0	2.5046760149643528
16	8	2021	14.25	25.49	0.0	1.7150819123041017
17	8	2021	10.61	18.42	2.24	0.7298477069348325
18	8	2021	9.56	18.97	0.0	1.1806659887359312
19	8	2021	7.15	20.43	0.0	1.6411463743633077
20	8	2021	9.3	20.11	0.0	1.393787390007939
21	8	2021	5.77	22.16	2.52	1.5803078959667145
22	8	2021	9.9	15.56	6.68	0.5207793729202778
23	8	2021	7.72	16.4	14.98	1.0989713412382522
24	8	2021	6.93	14.92	1.4	1.0329442396987476
25	8	2021	3.0	20.43	0.0	1.968655634138176
26	8	2021	6.97	21.85	27.67	1.6249866345985196
27	8	2021	11.87	21.0	0.0	1.1289338068580548
28	8	2021	10.36	24.42	0.0	1.7793059025795572
29	8	2021	7.68	26.35	0.0	2.095740124011067
30	8	2021	9.03	29.5	0.0	2.3034083543981647
31	8	2021	11.12	26.0	1.7	1.8724719413693085
1	9	2021	8.14	21.55	0.0	1.547338028116098
2	9	2021	9.39	18.11	0.0	0.9443886670911508
3	9	2021	8.21	21.87	0.0	1.5551571293016266
4	9	2021	4.78	23.32	0.0	1.8374755001703609
5	9	2021	7.66	29.27	0.0	2.2147672378299417
6	9	2021	9.44	22.9	1.23	1.538936567897605
7	9	2021	7.13	23.72	0.0	1.7341808733634256
8	9	2021	4.91	26.02	0.0	1.9854038732833417
9	9	2021	9.91	28.38	0.0	2.0752406718593908
10	9	2021	8.19	21.76	0.0	1.4837944762196245
11	9	2021	5.58	15.21	0.0	0.886832843458464
12	9	2021	2.3	19.15	0.0	1.5027766140820356
13	9	2021	6.57	21.33	0.0	1.515953352265328
14	9	2021	3.55	23.6	0.0	1.8105433772496744
15	9	2021	7.64	18.09	0.0	1.0446442614643712
16	9	2021	2.93	14.91	0.0	1.0295874596787344
17	9	2021	-2.05	19.64	0.0	1.5520455283510486
18	9	2021	11.04	32.5	0.0	2.2262666517488445
19	9	2021	6.29	19.52	0.0	1.2410829353424244
20	9	2021	1.28	18.48	0.0	1.3694886161768665
21	9	2021	1.69	22.39	0.0	1.6311449079302878
22	9	2021	6.1	26.76	0.0	1.8331074968425511
23	9	2021	3.64	15.94	0.0	0.9528054104471292
24	9	2021	-1.55	19.94	0.0	1.4608877620867096
25	9	2021	6.67	25.14	0.0	1.6236420494437096
26	9	2021	3.55	25.63	0.0	1.7293177326692044
27	9	2021	8.13	29.79	0.0	1.895756341851131
28	9	2021	6.5	27.48	0.0	1.7512198398884078
29	9	2021	6.38	21.05	0.0	1.1884770301199048
30	9	2021	2.39	24.77	0.0	1.6250775019367394
1	10	2021	5.47	22.82	0.0	1.3617338050370005
2	10	2021	-0.39	21.57	0.0	1.443344397623965
3	10	2021	4.51	23.69	0.0	1.4733966830084169
4	10	2021	1.57	18.49	0.0	1.154028976577943
5	10	2021	5.07	21.6	0.0	1.2511618979074588
6	10	2021	5.68	26.17	0.0	1.5873674137525005
7	10	2021	1.96	14.12	0.0	0.7716027987869526
8	10	2021	-0.76	17.04	0.0	1.0850673544873033
9	10	2021	-2.86	19.62	0.0	1.2884738909973648
10	10	2021	-1.24	18.01	0.0	1.138537324098632
11	10	2021	-2.2	8.59	0.0	0.5791122073800014
12	10	2021	-7.4	9.08	0.0	0.7339421808435784
13	10	2021	-4.79	6.06	3.15	0.4906752389866248
14	10	2021	-2.16	6.61	2.29	0.4348981193935413
15	10	2021	-4.38	13.81	0.0	0.9008598020280956
16	10	2021	-1.66	17.8	0.0	1.0511290886260556
17	10	2021	2.73	23.98	0.0	1.3195935390758602
18	10	2021	0.59	13.2	0.0	0.7259035439730012
19	10	2021	-5.86	7.26	0.0	0.5944445576732345
20	10	2021	-7.23	8.55	0.0	0.6807698883343868
21	10	2021	-4.05	9.51	0.0	0.6555717558742862
22	10	2021	-5.76	10.01	0.0	0.716082998846607
23	10	2021	-1.27	7.31	0.14	0.4493590624563907
24	10	2021	2.18	7.32	0.0	0.3014339889116396
25	10	2021	4.17	9.82	1.69	0.3529403789048968
26	10	2021	1.68	11.27	0.0	0.5573267128862801
27	10	2021	-1.31	12.95	0.0	0.7511005822295855
28	10	2021	-2.56	11.25	0.0	0.6942531782448228
29	10	2021	-0.09	8.8	0.0	0.4821948555779912
30	10	2021	-5.89	5.16	0.0	0.4822271010521817
31	10	2021	-9.51	4.2	0.0	0.5152868919271602
1	11	2021	-11.07	2.7	0.0	0.480633589373948
2	11	2021	-10.97	7.52	0.0	0.6585758358414366
3	11	2021	-9.52	9.51	0.0	0.7200571178632071
4	11	2021	-3.47	14.55	0.0	0.8565782958524695
5	11	2021	1.11	13.73	0.0	0.6982927033089742
6	11	2021	-4.09	8.88	0.0	0.5959544697177371
7	11	2021	-6.69	9.84	0.0	0.68779733720677
8	11	2021	-6.97	8.84	0.0	0.647933662899516
9	11	2021	-10.41	8.02	0.0	0.6553232725262144
10	11	2021	-2.72	3.66	1.64	0.2988703579104371
11	11	2021	-6.96	-1.8	0.0	0.1997113296049078
12	11	2021	-8.58	-3.52	0.0	0.1806371699526765
13	11	2021	-10.33	5.72	0.0	0.5603839416968733
14	11	2021	-6.44	1.64	0.67	0.3287898292456774
15	11	2021	-1.5	5.03	0.54	0.3183598746269405
16	11	2021	-4.59	6.26	5.33	0.4557651221344271
17	11	2021	-13.4	-4.66	0.0	0.2497896952955918
18	11	2021	-15.58	-1.22	0.0	0.379723203084385
19	11	2021	-11.87	-1.81	0.0	0.3126593534372122
20	11	2021	-11.94	0.24	0.0	0.3810150735351179
21	11	2021	-17.35	-3.3	0.0	0.3340453501455161
22	11	2021	-6.77	4.24	0.0	0.4320104426597752
23	11	2021	-10.62	2.74	0.0	0.4435132589705928
24	11	2021	-17.19	-9.25	0.0	0.1776157333860499
25	11	2021	-11.09	1.13	0.0	0.391358453110903
26	11	2021	-3.86	6.14	0.0	0.4349842927474642
27	11	2021	-8.43	2.25	0.0	0.3829448302591794
28	11	2021	-5.63	3.51	0.0	0.3672063392559844
29	11	2021	-4.85	5.35	1.33	0.4240122190263609
30	11	2021	-6.55	4.71	0.0	0.4369494292277504
1	12	2021	-0.22	6.86	0.0	0.3480318887119051
2	12	2021	-5.08	2.1	1.35	0.2918749528290977
3	12	2021	-10.35	-1.87	0.0	0.2727288277818408
4	12	2021	-13.16	-4.46	0.0	0.2426360116869938
5	12	2021	-23.28	-9.65	0.36	0.2232677598537084
6	12	2021	-25.24	-13.32	0.0	0.1680679254018333
7	12	2021	-21.81	-9.89	0.0	0.2098400321747299
8	12	2021	-14.21	2.39	0.97	0.4651042029424407
9	12	2021	-13.25	-2.03	0.0	0.319738283082457
10	12	2021	-15.45	-4.13	0.0	0.2867616490608776
11	12	2021	-10.81	4.35	0.0	0.4947449040205498
12	12	2021	-9.53	0.79	0.0	0.3493970885333374
13	12	2021	-14.09	-4.09	0.0	0.2686854066186914
14	12	2021	-10.59	-2.19	0.0	0.2668878367327678
15	12	2021	-22.75	-12.34	0.0	0.1678115702801436
16	12	2021	-25.73	-17.93	0.29	0.0992453408594155
17	12	2021	-26.51	-18.15	0.0	0.101366418382419
18	12	2021	-28.67	-11.85	0.0	0.1976176665552968
19	12	2021	-19.58	-11.9	0.0	0.14602628706946
20	12	2021	-20.6	-11.75	0.0	0.1601393724040207
21	12	2021	-19.42	-7.82	0.0	0.232698263542337
22	12	2021	-14.32	-7.07	1.43	0.1873278997608842
23	12	2021	-15.76	-4.32	0.96	0.2831821867955053
24	12	2021	-25.76	-15.21	0.22	0.1395730717747834
25	12	2021	-29.66	-23.09	1.2	0.06174002414356
26	12	2021	-27.61	-24.65	5.09	0.0292945483025315
27	12	2021	-34.69	-26.39	0.0	0.0547063521630446
28	12	2021	-36.67	-27.55	0.0	0.0521018258356898
29	12	2021	-34.72	-26.32	0.0	0.055560704840978
30	12	2021	-37.47	-27.92	0.0	0.051569985825458
31	12	2021	-35.63	-27.91	0.0	0.046931013335399
1	1	2022	-35.26	-23.39	0.0	0.0790488730954985
2	1	2022	-25.49	-0.97	0.0	0.3936761147109516
3	1	2022	-17.65	-5.92	4.23	0.2535087418545378
4	1	2022	-23.83	-12.8	2.16	0.161821289811029
5	1	2022	-32.87	-19.62	0.0	0.1096517864654894
6	1	2022	-35.6	-26.53	0.0	0.0560469935572119
7	1	2022	-23.59	-7.62	1.49	0.2627466862467767
8	1	2022	-24.96	-15.86	0.0	0.125147102969446
9	1	2022	-29.31	-17.38	0.0	0.1264934601503879
10	1	2022	-20.77	0.76	0.0	0.4467480816154942
11	1	2022	-13.2	3.11	0.0	0.4852153575917929
12	1	2022	-1.73	5.51	0.0	0.341532977389674
13	1	2022	-5.66	4.55	1.86	0.4169602728103643
14	1	2022	-6.3	1.48	0.0	0.3064008812742053
15	1	2022	-4.09	5.16	0.0	0.404079051724138
16	1	2022	-5.0	4.8	0.0	0.4145664342039406
17	1	2022	-6.0	4.09	1.05	0.4110195903008313
18	1	2022	-18.95	2.82	0.0	0.5095533543740963
19	1	2022	-26.72	-15.24	0.0	0.1492153624867526
20	1	2022	-22.47	-2.16	2.19	0.3734673264072304
21	1	2022	-8.84	3.16	1.48	0.4415516043603237
22	1	2022	-6.48	5.26	1.11	0.479909004609294
23	1	2022	-7.98	5.49	0.0	0.521094199850202
24	1	2022	-9.17	2.87	0.0	0.4409728149630968
25	1	2022	-20.49	-3.75	0.0	0.3522942721029722
26	1	2022	-8.96	2.82	0.0	0.4387684136439633
27	1	2022	-7.64	2.14	0.0	0.3844037741243669
28	1	2022	-12.0	0.7	0.0	0.4148556136626811
29	1	2022	-9.63	1.77	0.0	0.4159610010589721
30	1	2022	-4.38	5.44	0.0	0.4498209185407164
31	1	2022	-12.51	2.91	3.74	0.4808180001712487
1	2	2022	-26.51	-18.69	0.0	0.1032796816985483
2	2	2022	-33.32	-24.17	0.0	0.0748874251207953
3	2	2022	-30.63	-21.08	0.0	0.0973997976780792
4	2	2022	-32.55	-10.15	6.87	0.2294796250806861
5	2	2022	-16.95	-8.79	0.84	0.2054992155943151
6	2	2022	-17.62	1.49	0.0	0.5070735779880856
7	2	2022	-5.57	5.18	0.0	0.4910398876280376
8	2	2022	-4.76	3.02	0.0	0.3664962294310523
9	2	2022	-8.21	3.17	0.4	0.4727076658891876
10	2	2022	-9.16	5.46	0.26	0.589413106909982
11	2	2022	-17.43	-12.19	0.0	0.1285321705379219
12	2	2022	-16.5	-6.88	0.0	0.2645209399902677
13	2	2022	-15.21	1.77	0.0	0.524443821845313
14	2	2022	-18.21	-9.78	1.01	0.2085942743148931
15	2	2022	-15.17	-6.52	1.51	0.2577723264310395
16	2	2022	-24.61	-15.19	0.0	0.1587916878016711
17	2	2022	-26.58	-5.23	0.0	0.3612151000847778
18	2	2022	-19.85	-7.48	0.0	0.2956922822007419
19	2	2022	-16.92	3.56	2.33	0.5707610381565015
20	2	2022	-22.11	-15.56	0.0	0.1288717280681069
21	2	2022	-28.62	-19.79	0.0	0.1155724837821841
22	2	2022	-31.57	-20.38	0.0	0.1227899113261549
23	2	2022	-30.38	-18.27	0.0	0.1480464440471154
24	2	2022	-26.71	-16.49	0.0	0.1603773928029855
25	2	2022	-25.95	-7.83	0.0	0.3249027922633681
26	2	2022	-13.96	-2.41	0.0	0.4050371785001953
27	2	2022	-12.09	-7.54	0.0	0.1688609609361365
28	2	2022	-12.43	-7.97	0.0	0.1644473726366669
1	3	2022	-10.99	-6.83	0.0	0.16716133685026
2	3	2022	-17.06	-8.56	0.0	0.2574293459012177
3	3	2022	-17.84	-10.04	4.03	0.205605655367679
4	3	2022	-11.49	-8.39	2.69	0.1134455101241624
5	3	2022	-17.74	-9.66	0.0	0.2412914467756846
6	3	2022	-17.68	-4.23	0.0	0.4186222980046687
7	3	2022	-15.31	1.96	0.59	0.6346747699606873
8	3	2022	-18.18	-8.13	0.0	0.3050211987165571
9	3	2022	-24.25	-14.54	0.0	0.2017923536980675
10	3	2022	-23.8	-12.43	0.0	0.2479792410356945
11	3	2022	-31.12	-10.0	0.0	0.3008784437746806
12	3	2022	-14.44	3.32	0.0	0.7283739171536495
13	3	2022	-12.78	-3.4	0.0	0.39225787725379
14	3	2022	-11.24	-1.39	0.0	0.4499107659919507
15	3	2022	-7.45	4.07	0.0	0.710704063429978
16	3	2022	-4.87	4.02	0.0	0.5977598264120024
17	3	2022	-6.77	5.38	0.0	0.804198126338721
18	3	2022	-2.38	5.49	0.0	0.5986024760566747
19	3	2022	-4.65	5.6	0.0	0.7812967352321454
20	3	2022	-1.28	4.25	10.94	0.3671519226367964
21	3	2022	-0.61	5.6	0.0	0.4883880092100182
22	3	2022	-2.92	7.81	0.0	0.902375873858381
23	3	2022	-1.4	12.91	0.0	1.293986241957762
24	3	2022	-1.18	7.09	1.62	0.7340576362004007
25	3	2022	-7.09	0.33	0.0	0.4658869496624415
26	3	2022	-8.96	-2.87	0.0	0.3465165888969038
27	3	2022	-7.11	7.76	0.0	1.0953266728755384
28	3	2022	-1.84	6.63	0.0	0.889297829509944
29	3	2022	-5.63	2.67	0.0	0.7104389199171236
30	3	2022	-7.39	9.84	0.0	1.311024734138528
31	3	2022	-0.78	5.02	2.38	0.4204014052478435
1	4	2022	-4.44	5.02	0.0	0.8792576259390512
2	4	2022	-7.49	6.88	0.0	1.1285185391570751
3	4	2022	-3.81	11.93	0.0	1.467705324998595
4	4	2022	-1.49	16.49	0.0	1.8370955597525305
5	4	2022	-0.79	8.8	3.06	0.9110387818146553
6	4	2022	-1.5	7.38	0.84	1.0174861715601249
7	4	2022	-4.08	11.55	0.0	1.5029372297630594
8	4	2022	-1.2	19.63	0.0	2.0908062690599736
9	4	2022	-0.1	12.4	0.0	1.530496435324361
10	4	2022	-4.15	5.38	0.0	0.9817428305127676
11	4	2022	-8.36	-2.62	0.0	0.3845692606194055
12	4	2022	-9.92	-4.97	0.0	0.2886703344312086
13	4	2022	-9.63	-4.12	0.0	0.342196780615732
14	4	2022	-8.29	-2.03	0.34	0.4919069907853438
15	4	2022	-8.73	-0.97	0.0	0.6454329381317452
16	4	2022	-8.58	2.66	0.0	0.992138239668792
17	4	2022	-8.37	4.49	0.0	1.1381428029105118
18	4	2022	-8.22	9.7	0.0	1.502567752132713
19	4	2022	-2.14	4.91	2.49	0.6768409924247928
20	4	2022	-4.78	2.32	0.84	0.7511202342683234
21	4	2022	-8.61	6.48	0.0	1.302428107195852
22	4	2022	-2.16	4.12	0.97	0.7992543752053536
23	4	2022	0.48	11.49	0.95	1.6440962707430364
24	4	2022	-3.11	12.27	0.0	1.7701052009315492
25	4	2022	-1.61	11.38	0.0	1.6800569055259225
26	4	2022	-2.2	15.82	0.0	2.005861997259311
27	4	2022	1.39	15.95	0.0	2.045225693743549
28	4	2022	0.22	17.7	0.0	2.1502033838172787
29	4	2022	-0.62	16.54	0.0	2.0753714419115528
30	4	2022	0.36	17.78	0.0	2.1596162152235716
1	5	2022	0.62	15.44	0.0	2.007242717137163
2	5	2022	-0.22	19.48	0.0	2.259178604083185
3	5	2022	3.66	19.94	0.0	2.323617052106676
4	5	2022	0.19	24.48	0.0	2.5549501912002466
5	5	2022	7.69	27.59	0.0	2.74159846773216
6	5	2022	9.38	22.75	2.04	2.189294288346407
7	5	2022	4.09	15.33	0.0	1.8983520849585676
8	5	2022	1.85	14.51	0.0	1.880150308385619
9	5	2022	-0.66	15.86	0.0	1.9799001192777508
10	5	2022	3.35	14.33	2.59	1.5186412594733614
11	5	2022	-1.21	19.16	0.0	2.173950384042357
12	5	2022	3.18	21.49	0.0	2.3584049724917406
13	5	2022	4.97	12.31	8.82	0.9885096974427116
14	5	2022	3.22	17.57	0.0	2.0553201485860235
15	5	2022	2.75	20.76	0.0	2.3081295813071674
16	5	2022	4.7	20.1	0.0	2.256738925212807
17	5	2022	6.79	18.15	2.86	1.600485758504883
18	5	2022	7.24	16.6	0.96	1.6491640200891349
19	5	2022	1.72	10.88	2.52	0.9940517635319746
20	5	2022	1.16	8.75	0.0	0.9610344728169196
21	5	2022	-1.3	15.14	0.0	1.922822213076037
22	5	2022	0.31	17.29	0.0	2.087718068448975
23	5	2022	1.67	23.2	0.0	2.479055382169255
24	5	2022	4.42	24.88	0.0	2.6092959546739665
25	5	2022	5.85	24.86	0.0	2.6105850055203064
26	5	2022	5.11	24.03	0.0	2.5554807169853957
27	5	2022	6.54	22.08	0.0	2.40233797489565
28	5	2022	8.23	23.1	0.0	2.4626822597645535
29	5	2022	8.23	21.64	0.0	2.3289897192064757
30	5	2022	6.67	17.46	0.0	1.849003530123421
31	5	2022	2.91	19.13	0.0	2.2302698240450147
1	6	2022	1.78	19.68	0.0	2.2757764475356783
2	6	2022	4.41	21.63	0.0	2.4134925167988097
3	6	2022	2.05	23.48	0.0	2.535462577840011
4	6	2022	3.98	25.53	0.0	2.6853817207344757
5	6	2022	7.1	20.9	0.0	2.328816988635166
6	6	2022	7.05	21.42	0.0	2.3724998801665422
7	6	2022	7.94	22.14	0.0	2.4155637301903488
8	6	2022	6.36	25.22	2.53	2.4366310217569005
9	6	2022	11.46	24.26	4.26	2.1504857749380406
10	6	2022	10.39	26.36	1.24	2.724382592251769
11	6	2022	8.11	24.16	0.0	2.588523999533834
12	6	2022	8.46	24.03	8.22	2.2203379173900486
13	6	2022	11.17	21.23	17.57	1.49984118927342
14	6	2022	7.71	19.43	0.0	1.7926080260185882
15	6	2022	6.12	16.07	5.74	1.1133229574415768
16	6	2022	11.47	20.55	0.0	1.4849872320614808
17	6	2022	10.98	29.37	0.0	2.8059572510387167
18	6	2022	17.53	30.92	0.0	2.516591947986174
19	6	2022	15.57	20.84	1.35	0.8264910847709417
20	6	2022	14.54	20.11	4.12	0.6364478359292869
21	6	2022	11.73	22.58	0.85	1.9049458362207912
22	6	2022	11.2	27.82	3.6	2.229039998996954
23	6	2022	10.74	25.3	6.93	1.9623424393674216
24	6	2022	8.48	17.58	0.0	1.3811141600766352
25	6	2022	8.94	21.57	3.55	1.5988701422859648
26	6	2022	8.47	24.79	0.0	2.412407313483103
27	6	2022	9.78	22.66	0.0	2.0579711031383967
28	6	2022	8.77	22.78	0.87	2.151524692141912
29	6	2022	12.24	23.55	0.0	1.9293224109530656
30	6	2022	9.47	22.95	0.0	2.137356709743426
1	7	2022	7.36	23.98	0.0	2.3817709471279285
2	7	2022	9.67	22.01	0.0	1.9943499571557988
3	7	2022	10.41	23.35	0.0	2.142692370005423
4	7	2022	12.4	20.62	0.0	1.438420143803712
5	7	2022	12.18	17.75	2.21	0.6454483939925844
6	7	2022	12.76	23.65	0.0	2.02014376330042
7	7	2022	12.01	24.37	3.03	1.7635689711548532
8	7	2022	16.41	31.95	2.98	2.3144262320503173
9	7	2022	16.2	28.75	1.85	2.404311445491183
10	7	2022	13.18	24.82	8.4	1.6522717259202444
11	7	2022	10.68	26.66	0.0	2.4562118452449355
12	7	2022	10.19	30.65	0.0	2.8275474031576655
13	7	2022	16.14	32.92	2.94	2.281041314437765
14	7	2022	14.1	27.95	0.0	2.3190187832694087
15	7	2022	16.46	33.6	0.0	2.8106363039437423
16	7	2022	15.23	35.01	0.0	2.9839998660734715
17	7	2022	15.7	30.16	0.0	2.4261257089343644
18	7	2022	13.76	29.34	15.67	1.9890322121867392
19	7	2022	15.53	28.55	4.45	1.637886699054902
20	7	2022	12.17	24.72	0.0	1.8222833168760804
21	7	2022	10.42	28.17	0.0	2.355622698402382
22	7	2022	11.15	24.37	0.0	1.856731344514614
23	7	2022	8.4	21.67	0.0	1.73564605385534
24	7	2022	7.61	29.15	0.98	2.5181666986188818
25	7	2022	13.68	20.81	1.48	0.9027816379410382
26	7	2022	10.12	24.16	0.0	1.8747348659018035
27	7	2022	7.54	26.05	0.0	2.2135764618585445
28	7	2022	8.43	28.68	0.0	2.4079532464975006
29	7	2022	13.39	34.47	0.0	2.720580964307486
30	7	2022	15.56	23.95	4.14	0.9349625611339644
31	7	2022	13.37	26.53	3.63	1.4312908273185994
1	8	2022	14.67	26.31	0.0	1.5955875753794493
2	8	2022	12.7	23.45	0.0	1.3892643096778357
3	8	2022	7.46	25.48	0.0	2.049140935599459
4	8	2022	11.67	33.53	0.0	2.5846421790122243
5	8	2022	8.41	17.49	0.0	0.9658606798332606
6	8	2022	4.61	23.42	0.0	1.926479250747814
7	8	2022	12.35	29.86	0.0	2.1710972515018225
8	8	2022	11.08	31.9	0.0	2.4159417771886975
9	8	2022	8.98	25.3	0.0	1.86510819802802
10	8	2022	9.98	26.37	0.0	1.9070830783365185
11	8	2022	15.94	27.18	0.0	1.427352734610405
12	8	2022	11.72	31.48	0.0	2.365597098369794
13	8	2022	15.86	33.04	3.09	1.842548574159364
14	8	2022	14.91	29.9	0.0	1.9279565671578385
15	8	2022	11.37	29.73	0.0	2.1588604078293425
16	8	2022	13.69	34.4	0.0	2.478972635207995
17	8	2022	15.83	28.91	0.0	1.679707120893908
18	8	2022	12.25	29.49	0.0	2.068251258782395
19	8	2022	10.29	30.0	0.0	2.2055107506181417
20	8	2022	14.36	32.66	0.0	2.2260773535535683
21	8	2022	12.38	34.51	0.0	2.477911507105914
22	8	2022	15.74	24.81	0.0	1.0182080174338866
23	8	2022	12.88	27.19	0.0	1.678198926191537
24	8	2022	10.12	27.68	0.0	1.912188971747263
25	8	2022	10.42	29.12	0.0	2.0200608989754567
26	8	2022	12.34	28.07	3.0	1.448707619935904
27	8	2022	13.15	30.99	5.81	1.6590629554640126
28	8	2022	12.04	21.94	0.0	1.0192154644474345
29	8	2022	8.23	27.57	0.0	1.8916461461768033
30	8	2022	9.82	32.34	0.0	2.210897866472224
31	8	2022	12.78	35.58	0.0	2.332901044201765
1	9	2022	13.1	31.04	0.0	1.878497050938433
2	9	2022	4.97	27.37	0.0	1.91562798533301
3	9	2022	11.81	36.88	0.0	2.41241932071737
4	9	2022	15.28	35.41	0.0	2.09748726313269
5	9	2022	12.06	30.14	0.0	1.7806197259854573
6	9	2022	8.41	24.58	0.0	1.4469187442197062
7	9	2022	9.68	35.01	0.0	2.2822231247134948
8	9	2022	6.29	18.4	0.0	1.0059406583624169
9	9	2022	3.1	16.72	0.0	1.0320962499013542
10	9	2022	1.13	23.63	0.0	1.6449949581373904
11	9	2022	7.89	32.86	0.0	2.1695814688267294
12	9	2022	9.25	22.8	0.0	1.2610993930020016
13	9	2022	8.57	14.96	1.21	0.5493259576813458
14	9	2022	7.08	16.48	0.0	0.7771854396292234
15	9	2022	4.24	17.27	0.0	1.0383573171991118
16	9	2022	10.81	20.91	0.0	0.9052913695174876
17	9	2022	7.92	23.01	0.0	1.3717028245925602
18	9	2022	4.88	22.32	0.0	1.4677147526552154
19	9	2022	7.96	16.48	5.38	0.6513354963402338
20	9	2022	4.09	13.87	0.0	0.7354723720525701
21	9	2022	-0.93	17.28	0.0	1.2491673297189023
22	9	2022	1.82	20.2	0.0	1.4144509293761889
23	9	2022	5.03	21.26	0.0	1.364447529624059
24	9	2022	5.73	21.29	0.0	1.3435028229423251
25	9	2022	1.2	22.0	0.0	1.544626220055151
26	9	2022	6.64	23.08	0.0	1.4300242058046193
27	9	2022	6.13	26.1	0.0	1.6937858123961034
28	9	2022	8.15	30.3	0.0	1.934112390744566
29	9	2022	7.96	29.47	0.0	1.8595573727872745
30	9	2022	11.34	23.28	0.0	1.0536530409340628
1	10	2022	8.05	20.7	0.0	1.0334462112150222
2	10	2022	5.2	21.34	0.0	1.2684037220231732
3	10	2022	6.79	22.47	0.0	1.2798713156015626
4	10	2022	6.99	25.94	0.0	1.5689232315019408
5	10	2022	2.89	11.67	0.0	0.5916911265210731
6	10	2022	-4.47	10.56	0.0	0.7941483975650103
7	10	2022	-2.11	19.83	0.0	1.3572357030867217
8	10	2022	2.89	23.11	0.0	1.481211353117166
9	10	2022	3.11	22.45	0.0	1.4787440476504536
10	10	2022	2.89	25.21	0.0	1.6581793967624086
11	10	2022	3.85	15.0	0.0	0.7763251800432367
12	10	2022	2.55	11.48	0.0	0.5748243811476644
13	10	2022	-0.36	14.58	0.0	0.9616298807482896
14	10	2022	-2.4	16.17	0.37	1.117974843199199
15	10	2022	-2.27	9.22	0.0	0.6161406847136527
16	10	2022	-3.61	9.25	0.0	0.654000978749467
17	10	2022	-3.05	17.85	0.0	1.3333180782673368
18	10	2022	0.84	22.27	0.0	1.6335978262317288
19	10	2022	1.79	21.66	0.0	1.5605821200233645
20	10	2022	3.48	15.33	0.0	0.9476275551868129
21	10	2022	-0.65	11.57	0.0	0.8099945896340471
22	10	2022	-5.01	10.91	1.71	0.9012808931091184
23	10	2022	-0.43	4.2	7.6	0.2353052675262154
24	10	2022	-2.91	1.34	0.0	0.2069603661974685
25	10	2022	-2.74	4.46	0.0	0.3569892512075867
26	10	2022	-4.61	7.67	0.0	0.578358275760956
27	10	2022	-0.5	12.05	0.0	0.7248507698553414
28	10	2022	-1.48	11.0	0.0	0.6831924759387509
29	10	2022	-2.59	13.31	0.0	0.9228191215663202
30	10	2022	-1.5	15.53	0.0	1.0792684106769028
31	10	2022	-1.06	9.13	0.0	0.5581485047808317
1	11	2022	-0.45	7.72	0.0	0.4340335749334255
2	11	2022	-2.98	1.24	0.86	0.200098144836213
3	11	2022	-8.41	-2.57	0.0	0.218921551243586
4	11	2022	-10.79	1.54	0.0	0.4293281250955499
5	11	2022	-5.91	2.47	5.93	0.3388267176715666
6	11	2022	-13.49	-6.3	0.0	0.2091972062690302
7	11	2022	-17.02	-7.58	4.27	0.2231570702601596
8	11	2022	-19.52	-6.98	0.0	0.2771946371510362
9	11	2022	-25.89	-15.59	0.0	0.1473302905337738
10	11	2022	-25.78	-15.01	0.0	0.1554344897504897
11	11	2022	-22.39	-11.42	0.0	0.1976074617318374
12	11	2022	-22.67	-10.81	0.87	0.2111869675007141
13	11	2022	-13.74	-5.26	0.0	0.2472608018729826
14	11	2022	-11.06	-4.86	0.63	0.203985332526855
15	11	2022	-9.79	-3.52	0.0	0.2195506559642862
16	11	2022	-10.18	-2.42	0.15	0.2702770577385614
17	11	2022	-16.36	-10.07	0.0	0.1551279809664433
18	11	2022	-16.3	-6.5	0.0	0.2500006893905384
19	11	2022	-13.04	-4.64	0.0	0.2535072079052177
20	11	2022	-12.23	1.0	0.0	0.422326075384252
21	11	2022	-10.94	1.91	0.36	0.434754419762236
22	11	2022	-6.06	2.28	0.0	0.3477072462154071
23	11	2022	-5.43	2.18	0.0	0.3235161605204824
24	11	2022	-7.29	3.79	0.0	0.4357207502071376
25	11	2022	-0.34	6.89	0.0	0.3733009289360849
26	11	2022	-4.17	3.03	0.0	0.3200351661931947
27	11	2022	-4.72	2.58	1.88	0.3163321968330205
28	11	2022	-10.91	-5.17	3.38	0.1766492004975486
29	11	2022	-17.14	-10.13	0.31	0.1616954938022145
30	11	2022	-21.6	-14.94	0.78	0.1158011356154908
1	12	2022	-25.24	-16.15	0.6	0.1270013866110709
2	12	2022	-30.38	-22.69	0.0	0.0724254334687416
3	12	2022	-25.21	-11.09	0.0	0.2072750489155537
4	12	2022	-14.94	-3.05	0.0	0.3163406110201591
5	12	2022	-25.48	-14.07	0.0	0.1590540148450406
6	12	2022	-34.18	-21.66	0.0	0.093790381571202
7	12	2022	-35.06	-9.79	0.0	0.2165798406440086
8	12	2022	-15.84	-5.83	0.0	0.2477612892809572
9	12	2022	-12.25	-1.82	0.0	0.3129372633410798
10	12	2022	-18.41	-7.22	0.0	0.2406693933570537
11	12	2022	-10.46	-4.91	0.85	0.1765579928580513
12	12	2022	-13.05	-7.5	2.27	0.1485634336434917
13	12	2022	-17.5	-12.14	0.0	0.1147677526258247
14	12	2022	-18.97	-7.5	0.36	0.238907159872314
15	12	2022	-17.14	-9.97	0.0	0.159842878399235
16	12	2022	-20.63	-13.75	0.0	0.1229743497683959
17	12	2022	-20.43	-14.05	0.66	0.114848982371311
18	12	2022	-26.01	-20.12	0.75	0.0722504921613863
19	12	2022	-30.74	-24.05	1.39	0.0586588448260936
20	12	2022	-35.77	-28.54	0.39	0.0429495714616755
21	12	2022	-34.03	-27.48	0.36	0.0444021858042004
22	12	2022	-32.91	-25.54	0.0	0.0555197095992598
23	12	2022	-36.29	-20.83	0.0	0.1016920764725244
24	12	2022	-22.63	-12.6	5.43	0.1586450318270111
25	12	2022	-16.47	-9.7	1.25	0.1570350937721094
26	12	2022	-15.49	-1.99	0.0	0.347133493749952
27	12	2022	-12.24	-4.99	7.83	0.2055588251736091
28	12	2022	-16.06	-10.84	1.73	0.1221119546255639
29	12	2022	-14.66	-10.1	0.0	0.1149179449703845
30	12	2022	-17.43	-9.35	0.0	0.1801703444763442
31	12	2022	-19.92	-11.78	0.0	0.1563088398211839
1	1	2023	-19.06	-6.96	0.0	0.2507423226888892
2	1	2023	-15.62	-5.8	0.0	0.2442968568965433
3	1	2023	-15.24	-5.97	0.0	0.2349671107756949
4	1	2023	-18.86	-9.52	0.0	0.1925285435261562
5	1	2023	-18.68	-10.6	0.0	0.1670323928391545
6	1	2023	-17.46	-6.84	0.0	0.240866967628155
7	1	2023	-14.27	-4.74	0.0	0.2570106851348542
8	1	2023	-15.09	-4.99	0.0	0.2618739592437036
9	1	2023	-15.1	-5.49	0.0	0.2490150834152097
10	1	2023	-17.03	-10.24	0.0	0.1547696141446107
11	1	2023	-15.32	-9.51	0.0	0.1455220943606667
12	1	2023	-14.68	-7.82	0.0	0.1800188877724338
13	1	2023	-14.08	-5.18	0.0	0.2451160689573442
14	1	2023	-12.48	-6.27	0.0	0.1841938619798568
15	1	2023	-9.38	-6.87	0.0	0.0852827397866086
16	1	2023	-9.43	-6.83	0.0	0.0882735324981111
17	1	2023	-10.46	-7.62	0.0	0.0919327176445348
18	1	2023	-8.16	-3.37	0.0	0.1778325205613614
19	1	2023	-10.2	-4.04	0.0	0.2098003791694912
20	1	2023	-14.51	-5.15	0.0	0.2590645782025457
21	1	2023	-12.71	-0.8	0.0	0.3702397540588966
22	1	2023	-6.79	1.43	0.42	0.3636136749125125
23	1	2023	-13.56	-1.1	0.36	0.4060558330351726
24	1	2023	-9.79	-2.46	0.0	0.2669661587282692
25	1	2023	-8.17	-0.53	1.97	0.3117509722271332
26	1	2023	-8.69	3.87	0.86	0.5967010302616805
27	1	2023	-19.65	-4.42	0.73	0.3544157703767893
28	1	2023	-24.43	-17.97	0.0	0.1002811908634462
29	1	2023	-26.02	-18.74	0.0	0.1025622552661913
30	1	2023	-26.09	-17.56	0.0	0.1220439625321526
31	1	2023	-23.53	-13.65	0.1	0.1711349511566618
1	2	2023	-24.19	-12.81	0.3	0.1918419841775088
2	2	2023	-28.72	-18.23	0.0	0.1290889737261832
3	2	2023	-19.8	-3.37	0.0	0.4191497334573844
4	2	2023	-8.19	-0.58	0.0	0.3852961461198906
5	2	2023	-11.14	1.24	0.0	0.581441374595647
6	2	2023	-4.86	1.58	0.0	0.4032053428710762
7	2	2023	-5.53	2.69	0.0	0.5568095751046194
8	2	2023	-9.91	-0.38	0.0	0.5000606078038486
9	2	2023	-14.22	-3.02	0.0	0.444201010241987
10	2	2023	-10.02	4.54	0.0	0.7858141550452984
11	2	2023	-6.93	0.96	0.0	0.5072753615975306
12	2	2023	-8.23	1.18	0.0	0.5865098080435
13	2	2023	-4.54	3.13	0.0	0.6008587020242907
14	2	2023	-17.22	-4.54	0.0	0.4331525720834783
15	2	2023	-16.98	-10.7	0.0	0.1726420322574105
16	2	2023	-19.41	-2.47	0.0	0.517257824380308
17	2	2023	-9.18	-0.81	0.0	0.4940635203876983
18	2	2023	-13.0	-4.65	0.0	0.3693771808393645
19	2	2023	-13.21	-7.75	1.19	0.1876534110452827
20	2	2023	-21.98	-11.92	0.0	0.2304857332150511
21	2	2023	-27.76	-18.18	0.0	0.1382978007322049
22	2	2023	-31.67	-25.51	0.0	0.0637711520470676
23	2	2023	-30.18	-21.77	0.0	0.1018005349011348
24	2	2023	-31.41	-19.99	0.0	0.1311828217274801
25	2	2023	-28.83	-12.6	0.0	0.2562568616127383
26	2	2023	-18.67	-5.4	0.0	0.4760432998343723
27	2	2023	-16.74	-7.4	0.0	0.3713009592223653
28	2	2023	-22.27	-11.67	0.0	0.2727388184062342
1	3	2023	-21.21	-7.19	0.0	0.426307767943164
2	3	2023	-13.86	0.1	0.0	0.7421135237648505
3	3	2023	-11.31	-1.1	0.0	0.6613186704024375
4	3	2023	-16.0	-6.26	0.0	0.4439093813264687
5	3	2023	-21.74	-11.82	0.0	0.2824491892681102
6	3	2023	-25.72	-14.26	0.0	0.2396843466354573
7	3	2023	-17.97	-12.83	0.22	0.1492954454273296
8	3	2023	-19.54	-14.13	0.0	0.1442920749016927
9	3	2023	-20.15	-11.06	0.0	0.3098390450754627
10	3	2023	-14.73	-7.12	2.17	0.313734831278089
11	3	2023	-13.28	-6.82	1.02	0.3782966480130714
12	3	2023	-20.13	-9.03	0.0	0.4194237947119421
13	3	2023	-17.55	-4.02	0.0	0.6342609043766997
14	3	2023	-11.86	-0.82	0.47	0.801262152345051
15	3	2023	-16.47	-4.24	0.81	0.6361486407638819
16	3	2023	-16.08	-5.84	0.0	0.5572639312483195
17	3	2023	-21.49	-8.1	0.0	0.4789342263406138
18	3	2023	-19.41	-1.28	0.0	0.7525848663590766
19	3	2023	-14.96	-3.27	0.0	0.7054739074808022
20	3	2023	-12.85	-6.05	0.0	0.4687006543207654
21	3	2023	-15.12	-6.71	0.0	0.5061755501007907
22	3	2023	-16.88	-6.76	0.0	0.5447086260508074
23	3	2023	-15.22	1.57	0.0	0.940237113263751
24	3	2023	-14.84	-4.35	0.0	0.667056778598133
25	3	2023	-19.79	-4.26	0.0	0.6704020999309502
26	3	2023	-14.66	-6.48	0.0	0.5270716792264711
27	3	2023	-19.86	-9.24	0.0	0.4681641699029955
28	3	2023	-22.09	-6.66	0.0	0.5763102353119721
29	3	2023	-18.32	-1.36	0.0	0.813745790127257
30	3	2023	-11.77	-1.97	0.0	0.8198565473200174
31	3	2023	-14.69	0.13	0.0	0.9237491351088772
1	4	2023	-9.82	1.55	0.0	1.0293120496527042
2	4	2023	-8.8	-3.58	2.9	0.4041224702107428
3	4	2023	-14.2	-8.04	0.95	0.4312069023603932
4	4	2023	-19.91	-6.96	0.0	0.6126797405047674
5	4	2023	-23.12	-5.69	0.0	0.6335800301135477
6	4	2023	-20.61	-4.33	0.0	0.7120925623478529
7	4	2023	-13.32	1.76	0.0	1.0289578245031268
8	4	2023	-4.25	6.03	0.0	1.2893482459985184
9	4	2023	-0.46	7.56	0.0	1.3455191988494342
10	4	2023	2.48	8.88	0.0	1.375711279296342
11	4	2023	0.72	9.41	0.0	1.470218120211744
12	4	2023	-0.4	9.04	0.0	1.470818084608497
13	4	2023	-2.91	8.51	0.0	1.4641583437519663
14	4	2023	-0.95	10.09	0.0	1.5165536329233946
15	4	2023	-2.52	13.21	0.0	1.7068121521916035
16	4	2023	-1.09	16.04	0.0	1.8833515133374372
17	4	2023	2.85	17.59	0.0	2.0070473108556044
18	4	2023	-0.77	7.43	3.03	1.2129598161261002
19	4	2023	-3.69	0.57	6.9	0.4674798223166456
20	4	2023	-4.4	-0.71	0.05	0.4222183446015028
21	4	2023	-5.13	2.96	0.0	1.066544198266865
22	4	2023	-4.57	7.66	0.0	1.4180038876692789
23	4	2023	-5.31	10.28	0.0	1.564383705765539
24	4	2023	-1.0	11.93	0.0	1.6919080780450797
25	4	2023	2.36	17.75	1.94	2.0703519568289965
26	4	2023	0.99	15.41	0.0	1.920437227300439
27	4	2023	1.64	10.95	0.0	1.6018672883364289
28	4	2023	-0.45	18.86	0.0	2.124845736699413
29	4	2023	-1.65	16.47	0.0	1.9766323532102896
30	4	2023	-2.14	16.91	0.0	1.997456135860612
1	5	2023	0.13	21.1	0.0	2.2669565947904524
2	5	2023	3.99	26.84	0.0	2.644206517239052
3	5	2023	6.42	27.29	0.0	2.6992330253860906
4	5	2023	6.29	27.71	0.0	2.7255662188951306
5	5	2023	4.83	20.01	0.0	2.230078905740939
6	5	2023	4.7	17.76	0.0	2.0706196183258134
7	5	2023	7.95	18.82	0.0	2.096300183749297
8	5	2023	7.48	20.04	0.0	2.215621155908814
9	5	2023	3.33	21.14	0.0	2.3270105539418
10	5	2023	7.09	21.49	0.0	2.3317077298280804
11	5	2023	5.12	22.04	0.0	2.3869262721886124
12	5	2023	8.03	19.69	0.0	2.1609894019536067
13	5	2023	4.35	24.82	0.0	2.5720330164122984
14	5	2023	5.88	26.81	0.0	2.7061125343625436
15	5	2023	10.03	28.2	0.0	2.796571892985452
16	5	2023	10.02	30.82	0.0	2.978048207347193
17	5	2023	5.8	17.24	0.0	2.0028069889786173
18	5	2023	3.86	16.69	0.0	1.9978178243881592
19	5	2023	1.37	26.91	0.0	2.6696925845286517
20	5	2023	10.83	25.91	0.0	2.597222401871875
21	5	2023	7.02	25.44	0.0	2.6112004790515213
22	5	2023	12.83	31.34	3.71	2.735991419226931
23	5	2023	11.81	24.71	3.39	2.2786949537380523
24	5	2023	10.29	20.44	14.74	1.980164587485464
25	5	2023	11.91	16.39	4.29	0.5620785785926091
26	5	2023	10.65	20.33	0.0	1.9207925267055428
27	5	2023	8.31	18.73	6.57	1.5361570324465377
28	5	2023	12.64	21.53	0.0	1.784364546951245
29	5	2023	10.02	26.85	0.0	2.733670383408544
30	5	2023	10.57	28.77	1.46	2.8776640641358537
31	5	2023	11.39	30.99	0.0	3.0347769324489704
1	6	2023	14.05	27.04	0.0	2.649346935719868
2	6	2023	12.8	23.11	0.0	2.1415790343678607
3	6	2023	15.99	26.04	8.99	1.832114144750305
4	6	2023	14.99	30.28	0.0	2.9493388363151976
5	6	2023	16.88	33.16	0.0	3.137689397068657
6	6	2023	15.11	26.21	0.0	2.3135837127454204
7	6	2023	11.68	28.77	0.0	2.90438866665621
8	6	2023	12.8	29.83	0.0	2.9712269107551745
9	6	2023	11.01	25.68	0.0	2.642738625695161
10	6	2023	9.9	24.99	0.0	2.6361963845417926
11	6	2023	10.84	29.07	0.0	2.942500625141181
12	6	2023	12.27	30.74	0.0	3.053369851157477
13	6	2023	12.91	31.16	0.0	3.0793033018263394
14	6	2023	12.98	29.52	6.02	2.551967075528617
15	6	2023	9.46	18.76	0.0	1.6740922764970092
16	6	2023	6.29	25.36	0.0	2.7131522996456208
17	6	2023	12.21	22.45	0.0	2.0004900196434896
18	6	2023	7.8	24.87	13.87	2.2359038020953808
19	6	2023	9.38	22.57	0.0	2.177670240517345
20	6	2023	7.73	22.06	0.0	2.2314776210174867
21	6	2023	8.18	20.06	0.0	1.9330784133147851
22	6	2023	6.41	23.89	0.0	2.496033271456941
23	6	2023	7.81	26.53	0.0	2.708216832713654
24	6	2023	8.89	27.35	0.0	2.740971566275769
25	6	2023	10.89	30.07	4.4	2.4456139873283957
26	6	2023	11.22	26.35	0.0	2.445649648467721
27	6	2023	11.15	28.22	0.0	2.6633389041009736
28	6	2023	11.32	25.34	0.0	2.2863941518026905
29	6	2023	10.54	28.1	0.0	2.6814013471857305
30	6	2023	13.68	30.04	0.0	2.741253847091304
1	7	2023	13.66	32.5	0.0	3.007311728086605
2	7	2023	12.13	22.31	0.0	1.71494317160383
3	7	2023	10.11	20.58	0.0	1.6755501658392409
4	7	2023	8.14	19.44	0.0	1.7181578785454483
5	7	2023	5.5	24.26	0.0	2.467947066125065
6	7	2023	8.22	26.49	0.0	2.6024883142909685
7	7	2023	8.25	25.26	0.0	2.465983830720788
8	7	2023	8.63	28.02	0.0	2.7316032018291247
9	7	2023	11.37	30.61	0.0	2.8936536016542176
10	7	2023	10.1	23.75	0.0	2.1363461211948684
11	7	2023	9.81	22.28	0.0	1.9538459668600856
12	7	2023	9.45	24.84	0.0	2.3375452397171803
13	7	2023	11.42	25.65	0.0	2.309782933823908
14	7	2023	10.75	22.04	0.0	1.825884023955498
15	7	2023	8.1	24.42	0.0	2.3501483205674565
16	7	2023	7.9	23.7	0.0	2.274689789241532
17	7	2023	8.95	27.45	4.5	2.179140646865674
18	7	2023	12.27	19.61	4.85	0.7996198362488065
19	7	2023	12.93	24.4	0.0	1.9449594799654892
20	7	2023	10.56	27.08	0.0	2.515710179039322
21	7	2023	11.24	29.01	0.0	2.680535860240708
22	7	2023	11.45	29.16	1.51	2.6786356007106717
23	7	2023	13.95	30.89	0.0	2.721207054455826
24	7	2023	16.05	34.85	0.0	3.0312685702251914
25	7	2023	18.09	33.19	0.0	2.7104089584044737
26	7	2023	11.68	26.46	0.0	2.3249047339511755
27	7	2023	9.59	20.59	0.0	1.6567838944388342
28	7	2023	8.26	21.58	0.0	1.9243019770395255
29	7	2023	6.21	23.88	0.0	2.294180970939112
30	7	2023	8.37	30.13	0.0	2.795589934938051
31	7	2023	15.39	32.82	0.0	2.810544699327981
1	8	2023	12.08	31.66	0.0	2.8169347708802595
2	8	2023	12.06	30.99	0.0	2.7303837649069806
3	8	2023	13.91	36.36	0.0	3.1325025705120977
4	8	2023	13.59	27.45	0.0	2.171228076523937
5	8	2023	9.38	27.0	0.0	2.3914488572621657
6	8	2023	8.7	27.5	0.0	2.4562974427786175
7	8	2023	9.14	28.1	0.0	2.48826387037148
8	8	2023	9.22	24.38	0.0	2.073430845735204
9	8	2023	11.65	19.93	9.11	0.8361100531779112
10	8	2023	12.01	24.4	3.63	1.3836710375412933
11	8	2023	12.2	22.0	0.0	1.3010589889263444
12	8	2023	9.57	23.8	4.0	1.4877729699053752
13	8	2023	9.53	26.69	0.0	2.1291641156501564
14	8	2023	12.21	33.8	0.0	2.6765205002711094
15	8	2023	13.95	30.59	6.65	1.8427318543513511
16	8	2023	11.38	23.39	0.0	1.4868804527892086
17	8	2023	8.47	31.87	0.0	2.523908459755635
18	8	2023	13.77	24.66	0.0	1.3484234007346427
19	8	2023	7.65	20.32	0.0	1.3805991883198423
20	8	2023	3.4	22.17	1.46	1.8115064792284057
21	8	2023	12.61	19.24	11.19	0.6413139833570116
22	8	2023	13.27	17.02	5.32	0.3757593008499511
23	8	2023	13.58	23.11	0.0	1.154663640457636
24	8	2023	10.33	22.51	0.0	1.4760334533664414
25	8	2023	10.11	21.24	0.0	1.3124006045560763
26	8	2023	9.32	29.67	0.0	2.328850400598005
27	8	2023	11.01	27.8	0.0	2.06017496146977
28	8	2023	10.42	31.08	0.0	2.37655406065442
29	8	2023	12.21	32.5	0.0	2.43217922911175
30	8	2023	14.96	28.11	0.0	1.7537559063074186
31	8	2023	11.96	20.98	5.62	0.8395481195419782
1	9	2023	13.14	26.94	0.0	1.7217191734214046
2	9	2023	12.78	28.22	0.0	1.9771814603565288
3	9	2023	8.02	30.02	0.0	2.311291123025514
4	9	2023	8.9	20.47	0.0	1.3021397491544608
5	9	2023	1.33	17.62	0.0	1.4479910002248604
6	9	2023	8.81	23.21	0.0	1.6269628228883235
7	9	2023	7.57	21.29	0.0	1.4821290796685649
8	9	2023	3.26	22.44	0.0	1.7513956122751162
9	9	2023	7.34	24.2	0.0	1.7452205740356168
10	9	2023	7.18	24.87	0.0	1.7901715756435208
11	9	2023	6.8	22.87	0.0	1.6030599310079785
12	9	2023	8.81	29.15	0.0	2.0600042194560255
13	9	2023	10.36	23.26	0.0	1.4294786598003788
14	9	2023	6.85	19.59	0.0	1.262889034312327
15	9	2023	4.21	22.62	0.0	1.6689337547831742
16	9	2023	6.58	30.44	0.0	2.183178229904349
17	9	2023	6.54	31.26	0.0	2.3294923392960007
18	9	2023	8.7	27.08	0.0	1.9499597893003515
19	9	2023	5.78	19.02	0.0	1.2901196523148206
20	9	2023	5.3	19.88	0.0	1.3852498213177349
21	9	2023	2.3	21.38	0.0	1.6038115698894913
22	9	2023	3.37	23.24	0.0	1.7008727196390374
23	9	2023	8.9	21.5	0.0	1.240083230426436
24	9	2023	10.36	24.51	0.0	1.5041820592365172
25	9	2023	6.17	26.15	0.0	1.8459481764618852
26	9	2023	12.54	30.16	0.0	1.9179655656205965
27	9	2023	10.09	23.76	0.0	1.3932506987184348
28	9	2023	5.48	19.58	0.0	1.2463451012748394
29	9	2023	2.27	17.99	1.4	1.240979855618633
30	9	2023	2.05	10.64	15.92	0.5297926823083193
1	10	2023	7.13	9.63	6.95	0.1854149971680527
2	10	2023	6.42	13.37	3.45	0.4875995954280891
3	10	2023	4.64	16.84	0.0	0.8767737606993828
4	10	2023	2.46	14.21	1.07	0.7894417909104899
5	10	2023	-1.19	8.73	0.0	0.5874725700837696
6	10	2023	-5.35	12.22	0.0	0.8931650893253845
7	10	2023	4.19	21.87	0.0	1.21772119035154
8	10	2023	3.22	23.35	0.0	1.3462614601352427
9	10	2023	4.04	22.97	0.0	1.2763201411738156
10	10	2023	3.65	21.29	0.0	1.1658157930207966
11	10	2023	4.63	16.82	0.0	0.8383149097546573
12	10	2023	2.01	10.22	0.0	0.5216248603700693
13	10	2023	-2.08	12.94	0.0	0.8297545958826077
14	10	2023	-0.45	12.79	0.0	0.7695121944155036
15	10	2023	-0.2	16.34	0.0	0.9597556191193118
16	10	2023	0.98	18.15	0.0	1.028012180009641
17	10	2023	8.04	19.18	0.0	0.8214439083090471
18	10	2023	2.48	16.03	0.0	0.8519428305832006
19	10	2023	3.61	21.84	0.0	1.1548322646980795
20	10	2023	3.56	15.16	0.0	0.7473087458580467
21	10	2023	-3.42	11.06	0.0	0.7365604056720045
22	10	2023	0.5	10.04	0.0	0.5553631281108897
23	10	2023	-4.11	2.03	2.41	0.278039946582104
24	10	2023	-11.72	-4.22	0.0	0.2545518941006961
25	10	2023	-15.91	-5.08	0.0	0.3021826079159884
26	10	2023	-13.19	-3.92	0.0	0.2954154078787017
27	10	2023	-8.03	-2.74	0.31	0.2166270845662574
28	10	2023	-11.12	-2.62	0.33	0.3060196673531551
29	10	2023	-9.21	-0.28	0.0	0.3529303122322139
30	10	2023	-13.3	-3.7	0.0	0.3085417267033692
31	10	2023	-12.21	2.45	0.0	0.5057434036051525
1	11	2023	-8.61	0.24	0.0	0.3511983474964579
2	11	2023	-5.92	4.11	0.0	0.4491740520399467
3	11	2023	-5.17	1.72	0.0	0.3132200338926431
4	11	2023	-4.95	3.89	2.05	0.3777972203546509
5	11	2023	-0.06	2.2	0.0	0.1228758430794923
6	11	2023	0.61	2.93	0.0	0.1293821560907301
7	11	2023	0.47	3.16	2.93	0.1408886303171178
8	11	2023	-0.9	4.35	0.55	0.2776679479311444
9	11	2023	-6.28	0.45	0.0	0.2860914589945589
10	11	2023	-7.22	3.51	0.0	0.4393607835709086
11	11	2023	-2.73	8.79	0.0	0.5632027579433201
12	11	2023	-3.19	9.01	0.0	0.5825052279110196
13	11	2023	-3.89	9.51	0.0	0.619645400260116
14	11	2023	-2.48	7.92	0.0	0.5085812264168434
15	11	2023	-5.77	6.32	0.0	0.516771742391639
16	11	2023	-9.88	3.93	0.0	0.492687198264325
17	11	2023	-3.76	12.06	0.0	0.7222535443416286
18	11	2023	-3.17	13.7	0.0	0.7823516288025983
19	11	2023	-1.38	12.16	0.0	0.6714134110162194
20	11	2023	-4.65	6.01	0.0	0.4680406598663818
21	11	2023	-9.96	6.93	0.0	0.5931357436727068
22	11	2023	-9.9	-1.23	0.0	0.297344529715589
23	11	2023	-17.27	-6.38	0.0	0.254919409370749
24	11	2023	-11.94	1.55	0.0	0.4237635938236747
25	11	2023	-8.74	1.33	0.0	0.3620670244568516
26	11	2023	-15.0	-4.42	0.27	0.2818146229098691
27	11	2023	-9.3	1.01	0.0	0.3646772496511077
28	11	2023	-5.08	6.12	0.0	0.46866301191198
29	11	2023	-6.23	3.07	0.0	0.3681320272596692
30	11	2023	-10.57	-0.92	0.0	0.3132219428016654
1	12	2023	-15.13	-0.38	0.0	0.3897397293928785
2	12	2023	-13.11	-1.17	0.0	0.3432043564437873
3	12	2023	-14.41	0.16	0.0	0.3973176323958832
4	12	2023	-9.41	0.94	0.0	0.3520107279963374
5	12	2023	-9.14	7.12	0.0	0.5709703232844427
6	12	2023	-4.39	6.57	0.45	0.4611139897495215
7	12	2023	-0.37	3.32	1.1	0.1775534865603929
8	12	2023	-6.7	0.08	0.0	0.2530519461638471
9	12	2023	-9.68	-1.0	0.0	0.2848561664159438
10	12	2023	-8.56	0.95	0.0	0.3301737160267479
11	12	2023	-12.51	-1.71	0.0	0.3120080241637694
12	12	2023	-13.82	0.54	0.0	0.3970433481413108
13	12	2023	-6.91	7.86	0.0	0.5617694241531472
14	12	2023	-4.03	6.61	0.0	0.4492173944838738
15	12	2023	-5.5	4.61	0.0	0.4012690017362582
16	12	2023	-3.94	4.3	0.0	0.346466860408837
17	12	2023	-10.16	1.54	0.0	0.3800787190041336
18	12	2023	-10.73	1.72	0.0	0.3951248500278
19	12	2023	-4.19	-0.97	0.0	0.1311046480491519
20	12	2023	-6.1	4.8	0.0	0.4239607157682868
21	12	2023	-7.21	3.12	0.0	0.3825547992951342
22	12	2023	-6.4	9.21	0.0	0.6063019436306072
23	12	2023	-5.98	3.09	0.0	0.352513759806437
24	12	2023	-12.69	0.22	0.0	0.3742616283674302
25	12	2023	-11.25	3.55	0.0	0.4649599129595212
26	12	2023	-9.34	6.83	0.0	0.5572302700804019
27	12	2023	-8.57	6.02	0.0	0.5170687185540844
28	12	2023	-7.96	8.98	0.0	0.6208647742294562
29	12	2023	-9.06	2.83	0.0	0.4080661521411051
30	12	2023	-13.19	0.97	0.0	0.4039912627991632
31	12	2023	-8.82	3.83	0.0	0.4406699832489717
