Day	Month	Year	Tmin(c)	Tmax(c)	Prcp(mm)	Et0(mm)
1	1	2018	-31.14	-13.1	0.0	0.1832986985516096
2	1	2018	-21.42	-4.97	0.0	0.3107674439572746
3	1	2018	-14.16	-2.25	0.0	0.3260170057795694
4	1	2018	-13.66	-5.55	0.0	0.2216619424310252
5	1	2018	-13.92	-6.41	0.0	0.2012292114578882
6	1	2018	-12.14	1.17	0.0	0.4090468536040542
7	1	2018	-8.33	1.08	0.0	0.3407813622968778
8	1	2018	-9.64	-2.06	0.0	0.2553526997913652
9	1	2018	-11.22	-0.17	0.0	0.3529762088719601
10	1	2018	-23.96	-16.92	0.39	0.1023620855988059
11	1	2018	-29.14	-21.79	0.0	0.0743190615977274
12	1	2018	-31.18	-20.44	0.0	0.0992274366384512
13	1	2018	-27.33	-8.23	0.0	0.2612372366389761
14	1	2018	-22.51	-10.26	0.0	0.2120650587950809
15	1	2018	-29.21	-15.36	0.0	0.1562659871710228
16	1	2018	-20.91	-0.53	0.0	0.4228334366728332
17	1	2018	-9.27	3.79	0.0	0.4718697020404861
18	1	2018	-7.36	7.73	0.0	0.6007316099213067
19	1	2018	-4.91	4.09	0.0	0.3905516789245121
20	1	2018	-8.03	1.01	0.0	0.3437660988477705
21	1	2018	-11.95	-1.14	0.0	0.3447911869914966
22	1	2018	-10.93	3.56	0.0	0.4957336935210424
23	1	2018	-10.8	0.09	0.0	0.3708634206129103
24	1	2018	-10.66	-2.77	0.0	0.2667797670296999
25	1	2018	-9.5	-1.33	0.0	0.2941843125109931
26	1	2018	-12.64	-7.3	0.72	0.1604122924015823
27	1	2018	-19.96	-13.44	0.0	0.1298926063333397
28	1	2018	-22.12	-14.16	0.55	0.1411994926090558
29	1	2018	-22.89	-2.59	0.0	0.3908986333746038
30	1	2018	-12.16	2.6	0.0	0.5022046526032309
31	1	2018	-23.3	-14.33	0.0	0.1522568175111148
1	2	2018	-26.67	-15.23	0.0	0.1602810022367037
2	2	2018	-22.01	-17.6	3.7	0.0730976592505332
3	2	2018	-27.27	-20.48	1.28	0.0866237107592422
4	2	2018	-28.71	-16.56	0.0	0.1513315555204619
5	2	2018	-26.47	-15.53	0.0	0.1583208472041506
6	2	2018	-27.84	-17.47	0.0	0.1358862053197748
7	2	2018	-27.64	-14.03	0.0	0.1887098900745598
8	2	2018	-26.64	-17.05	0.0	0.1367862514127009
9	2	2018	-28.5	-16.35	0.0	0.1573712007837037
10	2	2018	-20.99	-9.76	0.0	0.2403109942095288
11	2	2018	-27.6	-16.16	0.0	0.1580480601963048
12	2	2018	-32.15	-12.48	0.0	0.2181245154791728
13	2	2018	-18.81	1.96	0.0	0.6485369786960063
14	2	2018	-14.2	1.1	2.1	0.5456173456738496
15	2	2018	-28.06	-13.14	0.0	0.212437355704149
16	2	2018	-21.14	-4.39	0.0	0.4301882628107356
17	2	2018	-19.08	-10.61	0.0	0.205695002646145
18	2	2018	-22.62	-12.64	0.0	0.1982511907093589
19	2	2018	-27.6	-13.69	0.0	0.2069689260378893
20	2	2018	-23.7	-12.02	0.0	0.2277697418751635
21	2	2018	-29.7	-10.33	0.0	0.2813720346306007
22	2	2018	-24.65	-8.64	0.0	0.3336629810047727
23	2	2018	-19.75	-6.73	0.0	0.3823000268120194
24	2	2018	-16.47	-1.51	0.0	0.5857990992027114
25	2	2018	-16.65	-1.31	0.0	0.598437012925456
26	2	2018	-14.91	-4.45	0.0	0.428223972688629
27	2	2018	-14.79	-1.77	0.0	0.5764851875824742
28	2	2018	-13.43	0.73	0.0	0.709013876601881
1	3	2018	-17.6	-2.27	0.0	0.5844071480063622
2	3	2018	-13.67	-4.36	0.0	0.4520179462661344
3	3	2018	-8.12	-4.44	4.47	0.153668747656516
4	3	2018	-10.85	-5.36	8.32	0.2032997870921858
5	3	2018	-14.37	-8.67	2.04	0.1763052469055608
6	3	2018	-17.38	-7.31	0.0	0.325232798695616
7	3	2018	-23.5	-6.43	0.0	0.4153141357981169
8	3	2018	-24.0	-7.94	0.0	0.3718551491085246
9	3	2018	-13.02	-1.42	0.0	0.5699991247242217
10	3	2018	-12.18	-1.1	0.0	0.5770975304553724
11	3	2018	-13.82	2.77	0.0	0.8250675826337127
12	3	2018	-15.5	-0.69	0.0	0.6588443928728035
13	3	2018	-15.5	2.36	0.0	0.8120302600061606
14	3	2018	-15.43	-1.09	0.0	0.6515235547354236
15	3	2018	-10.96	-3.14	0.0	0.420645598907323
16	3	2018	-7.32	2.01	0.0	0.7139054379452838
17	3	2018	-4.02	0.21	2.29	0.2336878143092563
18	3	2018	-6.14	1.34	0.81	0.5930229637007794
19	3	2018	-8.82	-0.43	0.0	0.5756186057741793
20	3	2018	-8.22	1.84	0.0	0.7609677088767387
21	3	2018	-10.63	2.6	0.0	0.884376596972399
22	3	2018	-8.92	0.62	0.0	0.7020869069513375
23	3	2018	-4.8	0.43	3.96	0.2970876789386982
24	3	2018	-9.29	3.1	0.0	0.9302374839260504
25	3	2018	-6.2	1.77	0.0	0.7301768872943747
26	3	2018	-7.45	4.34	0.0	1.0366453477640087
27	3	2018	-9.57	3.72	0.0	1.0286489881044287
28	3	2018	-13.86	-2.32	0.44	0.6921077008853216
29	3	2018	-19.11	-7.59	0.55	0.4683264374962168
30	3	2018	-22.6	-12.22	0.0	0.314259586543074
31	3	2018	-21.93	-9.74	0.0	0.416275549832215
1	4	2018	-18.69	-5.3	0.0	0.599903440764304
2	4	2018	-20.07	-5.06	0.0	0.6095402192360596
3	4	2018	-16.71	-3.77	0.0	0.6718393504218906
4	4	2018	-17.96	-2.44	0.0	0.7382202045205432
5	4	2018	-18.34	-8.79	0.0	0.4190420853926168
6	4	2018	-23.09	-8.99	0.0	0.4614368341849517
7	4	2018	-21.0	-5.01	0.0	0.6263830232573259
8	4	2018	-12.66	-2.65	0.0	0.7130125815191766
9	4	2018	-7.63	0.95	0.0	0.8636898986366248
10	4	2018	-10.1	6.85	0.0	1.3252689808960323
11	4	2018	-3.08	1.61	0.87	0.5831819342550483
12	4	2018	-5.33	-0.7	0.0	0.4975853910399278
13	4	2018	-5.36	0.84	0.0	0.7592275237113109
14	4	2018	-3.49	6.97	0.0	1.4074867553826715
15	4	2018	-3.37	8.59	0.0	1.5158055730909454
16	4	2018	-1.32	4.54	2.68	0.7099518535645328
17	4	2018	-2.1	1.38	4.83	0.2585610005196545
18	4	2018	-5.16	9.44	0.0	1.571464718633248
19	4	2018	-1.63	11.89	0.0	1.74319531196123
20	4	2018	-0.13	17.82	0.0	2.1169140901484185
21	4	2018	1.35	19.13	0.0	2.213390635133807
22	4	2018	2.5	13.55	0.0	1.8309226087646175
23	4	2018	-0.47	13.33	0.0	1.842008474293651
24	4	2018	-1.1	20.05	0.0	2.235927730132663
25	4	2018	3.18	17.31	0.0	2.106767468495523
26	4	2018	-0.52	21.77	0.0	2.347184129558403
27	4	2018	-0.44	16.03	0.0	2.0157880035066875
28	4	2018	1.57	26.28	0.0	2.54855573047339
29	4	2018	6.29	20.25	0.0	2.216950273552743
30	4	2018	0.64	11.37	0.0	1.5560972607028134
1	5	2018	-2.88	16.69	0.0	1.9664129971102533
2	5	2018	1.12	18.2	0.0	2.1017782084239816
3	5	2018	5.54	21.45	0.0	2.32449096546622
4	5	2018	4.46	23.93	0.0	2.4889520609825873
5	5	2018	5.27	24.45	0.0	2.5264047186104768
6	5	2018	4.58	27.12	0.0	2.6836109810393096
7	5	2018	11.33	26.38	0.0	2.627929753190101
8	5	2018	8.4	16.51	6.47	1.4326693910877164
9	5	2018	2.89	13.04	0.0	1.6242002650267555
10	5	2018	2.42	10.62	3.24	1.030755073936571
11	5	2018	4.28	10.12	1.78	0.9154644334532268
12	5	2018	2.76	18.49	0.0	2.150857710303761
13	5	2018	6.36	26.04	0.0	2.6616712585591378
14	5	2018	3.71	24.39	0.0	2.541926761153055
15	5	2018	11.34	31.41	0.0	3.008364455296267
16	5	2018	9.64	27.1	0.0	2.7135088857329097
17	5	2018	7.21	14.4	3.48	0.9685702625889686
18	5	2018	3.8	17.92	0.0	2.083478760508684
19	5	2018	2.43	21.53	0.0	2.352599756925328
20	5	2018	2.73	24.74	0.0	2.564426682604718
21	5	2018	10.46	29.9	0.0	2.9199779986504097
22	5	2018	10.33	26.7	0.0	2.6805702832793843
23	5	2018	9.36	28.99	4.06	2.620669079053496
24	5	2018	11.6	26.3	2.37	2.247229583009965
25	5	2018	10.55	27.06	0.0	2.7151278717539364
26	5	2018	10.16	29.69	2.01	2.634771988305469
27	5	2018	9.83	25.32	0.0	2.5961142449520596
28	5	2018	9.59	30.11	0.0	2.9691035708104727
29	5	2018	12.98	27.24	0.0	2.686795997868037
30	5	2018	10.28	23.03	6.04	1.8802099307509537
31	5	2018	8.49	13.95	0.0	0.7627189565659797
1	6	2018	8.26	14.05	8.98	0.5990338978044555
2	6	2018	6.95	18.13	0.0	1.7757225969263877
3	6	2018	7.5	23.84	0.0	2.566722652973224
4	6	2018	9.89	27.66	2.99	2.512977925870187
5	6	2018	9.55	20.89	0.0	2.1117822628487075
6	6	2018	6.72	26.66	0.0	2.789403504472698
7	6	2018	8.54	27.13	0.0	2.8117813797108826
8	6	2018	12.78	24.36	0.0	2.3302645986496984
9	6	2018	12.8	30.16	0.0	2.983074994572771
10	6	2018	13.5	24.24	0.0	2.1898085703483012
11	6	2018	6.22	18.09	0.0	1.9258767270213872
12	6	2018	7.24	21.71	0.0	2.370833890578916
13	6	2018	7.39	25.67	0.0	2.7179708861165004
14	6	2018	9.06	23.07	1.29	2.466212108816648
15	6	2018	8.89	23.42	0.0	2.510992023774755
16	6	2018	7.39	21.04	0.0	2.3039817336102817
17	6	2018	7.94	25.32	0.0	2.690231922742217
18	6	2018	8.7	27.22	0.0	2.8275704665250077
19	6	2018	11.02	26.54	0.0	2.746242808266952
20	6	2018	10.38	29.13	0.0	2.9610824930814936
21	6	2018	12.21	29.3	0.0	2.9488294643877677
22	6	2018	14.07	27.92	0.0	2.7875480289306553
23	6	2018	12.67	26.65	10.47	2.3500193069343633
24	6	2018	14.99	25.95	0.0	2.3331966287719763
25	6	2018	14.12	29.38	0.0	2.9252255489842343
26	6	2018	12.23	24.83	0.0	2.4638861833165584
27	6	2018	7.2	25.36	0.0	2.721530153986697
28	6	2018	7.66	24.24	0.0	2.6301882652047506
29	6	2018	10.65	22.88	0.0	2.311608622940567
30	6	2018	12.07	24.6	5.73	1.9729484221826608
1	7	2018	10.91	20.46	4.79	1.361319596313695
2	7	2018	8.79	22.61	3.73	1.828759479780986
3	7	2018	6.23	20.77	9.09	1.7391731457722088
4	7	2018	10.31	18.9	5.73	1.0264560648175918
5	7	2018	8.1	24.7	0.0	2.376238097261032
6	7	2018	14.21	32.95	0.0	2.985689377975384
7	7	2018	14.15	30.15	0.0	2.6740096834424794
8	7	2018	10.56	24.56	0.0	2.1975806147985124
9	7	2018	9.32	27.81	0.0	2.6419763816707658
10	7	2018	13.06	28.82	5.0	2.0751236162717213
11	7	2018	14.38	25.29	0.0	1.8342841831169217
12	7	2018	14.18	28.97	0.0	2.435710334014001
13	7	2018	13.54	32.14	0.0	2.848805557093532
14	7	2018	12.22	21.33	0.0	1.407252093601529
15	7	2018	8.64	25.22	0.0	2.3303314605675447
16	7	2018	6.64	25.98	0.0	2.4847212879295943
17	7	2018	10.27	33.93	0.0	3.119132609355696
18	7	2018	15.88	31.19	0.0	2.6189498516085465
19	7	2018	14.01	28.02	0.0	2.3401753156712206
20	7	2018	12.8	29.35	0.0	2.6019203378157134
21	7	2018	15.22	27.06	0.0	2.0570292235902956
22	7	2018	11.16	23.1	0.0	1.879176948855933
23	7	2018	9.45	23.5	0.0	2.085265730770497
24	7	2018	8.33	23.24	1.79	2.113265572323185
25	7	2018	9.16	21.67	0.0	1.8221782243653273
26	7	2018	6.72	23.35	0.0	2.179560264367693
27	7	2018	9.31	23.85	0.0	2.0910652936559813
28	7	2018	8.93	26.9	0.0	2.446294084920855
29	7	2018	8.87	29.52	0.0	2.6732283628136955
30	7	2018	11.6	32.24	0.0	2.8238639110652453
31	7	2018	11.88	24.38	0.0	1.8679361081645849
1	8	2018	7.81	28.04	0.0	2.5207217434227647
2	8	2018	14.71	30.8	3.42	2.0081924333506462
3	8	2018	13.33	28.91	2.6	1.850933281238153
4	8	2018	13.19	22.94	2.11	1.0405694632049518
5	8	2018	13.09	23.4	3.36	1.1180262583141976
6	8	2018	10.89	29.38	0.0	2.4031605590611695
7	8	2018	12.73	31.12	0.0	2.5250654740965066
8	8	2018	11.58	29.93	0.0	2.4478815704522146
9	8	2018	13.07	33.65	0.0	2.7521363792105102
10	8	2018	14.1	38.74	0.0	3.1272827163926884
11	8	2018	15.11	34.95	0.0	2.7522661960485975
12	8	2018	12.9	23.19	0.0	1.395950703572977
13	8	2018	8.38	17.22	0.0	0.9906565536981043
14	8	2018	3.89	27.9	0.0	2.409882361694091
15	8	2018	11.25	28.86	0.0	2.2801829260933224
16	8	2018	9.73	27.97	0.0	2.28794536721554
17	8	2018	10.39	32.25	0.0	2.6369458268278563
18	8	2018	10.71	24.78	0.0	1.8251428572948336
19	8	2018	3.98	23.84	0.0	2.0490845505962
20	8	2018	5.33	23.17	0.0	1.9283623296079744
21	8	2018	5.44	26.99	0.0	2.2446297058479066
22	8	2018	9.76	30.51	0.0	2.4446182869073487
23	8	2018	8.81	28.37	0.0	2.2833881585717086
24	8	2018	8.27	21.03	0.0	1.4764188193299297
25	8	2018	7.46	19.23	0.0	1.320020869338373
26	8	2018	7.86	17.25	2.92	0.7863161517978688
27	8	2018	7.95	13.42	4.74	0.4607752129534616
28	8	2018	6.71	18.49	0.0	1.2377135620864663
29	8	2018	6.35	26.9	0.0	2.1765600397376006
30	8	2018	10.02	22.52	0.99	1.4933509045014088
31	8	2018	7.45	19.97	0.0	1.45205312287679
1	9	2018	6.74	20.08	0.0	1.510239677112546
2	9	2018	3.67	20.19	0.0	1.676133360470819
3	9	2018	4.87	21.98	0.0	1.805574286537496
4	9	2018	2.81	14.69	0.0	1.126668185566721
5	9	2018	-0.38	21.64	0.0	1.8517979746149864
6	9	2018	3.24	24.29	0.0	1.995219594046493
7	9	2018	6.98	24.44	0.0	1.8918306093661736
8	9	2018	11.22	27.19	0.0	1.945167579151489
9	9	2018	8.06	21.95	0.0	1.556997302411191
10	9	2018	3.54	21.71	0.0	1.7365295809475607
11	9	2018	6.17	17.03	0.0	1.0748025631786535
12	9	2018	4.62	14.26	3.07	0.7029764917153891
13	9	2018	3.88	11.72	1.62	0.6189351051153903
14	9	2018	2.03	8.94	0.0	0.5140004053988559
15	9	2018	5.19	11.82	4.44	0.4945888464161839
16	9	2018	6.5	9.61	7.67	0.2462892579583777
17	9	2018	3.68	12.4	0.46	0.6913990935646559
18	9	2018	4.1	11.35	0.0	0.584187257523058
19	9	2018	2.32	14.73	0.0	1.0023913773213955
20	9	2018	3.11	11.21	0.0	0.6347152988365815
21	9	2018	0.85	7.31	3.77	0.4260404301110075
22	9	2018	-0.6	0.97	8.59	0.1046953171568157
23	9	2018	-0.42	3.49	0.43	0.2735740824868838
24	9	2018	-0.35	12.38	0.85	0.9144013899875229
25	9	2018	1.29	13.4	0.83	0.9054296974709732
26	9	2018	3.37	16.11	0.0	1.0161130916533012
27	9	2018	-1.6	8.64	0.0	0.6688059915079343
28	9	2018	-3.88	8.26	0.0	0.7226214254529639
29	9	2018	-2.03	6.92	0.0	0.5735100234061806
30	9	2018	-7.65	3.97	0.75	0.6101430905965957
1	10	2018	-2.33	4.86	1.78	0.4516519052468127
2	10	2018	-1.64	3.05	2.15	0.2739249536981595
3	10	2018	-2.63	5.48	0.0	0.5062196185511697
4	10	2018	-5.9	5.29	0.0	0.6102392005607867
5	10	2018	-3.07	8.42	0.0	0.7303711906604362
6	10	2018	-4.73	11.75	0.0	0.9862033900694024
7	10	2018	-2.68	13.3	0.0	1.0380300740630133
8	10	2018	-2.59	1.02	0.0	0.2215505525669802
9	10	2018	-4.16	1.3	0.0	0.3160453052778963
10	10	2018	-7.55	4.37	0.0	0.5967220318884876
11	10	2018	-9.03	6.33	0.0	0.7205661826761149
12	10	2018	-4.72	7.28	8.32	0.6000754110574028
13	10	2018	-5.46	-1.33	0.0	0.218690876228452
14	10	2018	-9.6	3.72	0.0	0.5762185728047541
15	10	2018	-0.87	13.07	0.0	0.8674497257860442
16	10	2018	-0.8	10.51	0.0	0.691254399966447
17	10	2018	-1.33	21.05	0.0	1.3178868922773843
18	10	2018	2.35	19.13	0.0	1.1249445142243906
19	10	2018	-3.25	13.03	0.0	0.8654642293395328
20	10	2018	-7.28	16.77	0.0	1.0935690346106703
21	10	2018	-1.45	14.18	0.0	0.8720962707945508
22	10	2018	-5.98	11.06	0.0	0.7974900720621139
23	10	2018	-4.28	15.82	0.0	0.9898711102706648
24	10	2018	-1.75	18.99	0.0	1.1141402887320069
25	10	2018	-0.49	15.21	0.0	0.8762350323596246
26	10	2018	-2.22	12.17	0.0	0.755794294225917
27	10	2018	-0.82	12.76	0.0	0.7448572129339448
28	10	2018	-5.24	9.34	0.0	0.6770832544394211
29	10	2018	0.27	9.42	0.0	0.5157391820867558
30	10	2018	-1.8	7.07	0.0	0.4615821050476696
31	10	2018	-3.19	10.11	0.0	0.6567798803866259
1	11	2018	-2.87	4.01	1.88	0.3363498276982805
2	11	2018	-2.43	-0.28	3.42	0.1011206979054708
3	11	2018	-4.85	1.04	0.0	0.2626824621069459
4	11	2018	-2.64	3.38	3.44	0.2796434781422546
5	11	2018	-8.29	-1.23	1.59	0.2770305679801825
6	11	2018	-12.87	-8.57	0.21	0.1300708317129116
7	11	2018	-12.92	-10.03	0.0	0.0861197416407721
8	11	2018	-18.02	-9.78	0.0	0.191852340892532
9	11	2018	-21.81	-4.2	2.29	0.3392306173918878
10	11	2018	-9.84	-3.93	0.85	0.209167540984018
11	11	2018	-11.53	-6.89	0.0	0.1485282997120614
12	11	2018	-15.65	-4.56	0.0	0.2989986800225425
13	11	2018	-8.65	4.52	0.0	0.5060921775626769
14	11	2018	-2.03	5.51	0.0	0.3745225443264582
15	11	2018	-2.19	3.65	0.0	0.2863977057497204
16	11	2018	-17.42	-5.57	0.0	0.287742824042773
17	11	2018	-19.6	-6.15	0.0	0.2909987232051395
18	11	2018	-11.55	-6.64	0.95	0.1550005477395965
19	11	2018	-13.89	1.14	0.0	0.4470710050853782
20	11	2018	-5.64	2.55	0.0	0.3503023416809213
21	11	2018	-5.61	1.61	0.0	0.3084931892017201
22	11	2018	-2.42	5.83	0.0	0.402638778856516
23	11	2018	-5.34	3.35	0.0	0.3767779306801749
24	11	2018	-8.0	-5.31	0.0	0.1007027954211428
25	11	2018	-8.31	-5.1	0.0	0.1194009627326931
26	11	2018	-7.45	-3.68	0.0	0.1470835403079095
27	11	2018	-5.18	-1.05	0.0	0.1796137460531389
28	11	2018	-6.65	-3.1	0.0	0.1438690126151566
29	11	2018	-6.04	-0.58	0.0	0.2282639967292471
30	11	2018	-8.26	-3.19	0.0	0.1913953115417495
1	12	2018	-7.57	-4.87	4.31	0.0987292936297544
2	12	2018	-8.88	-4.22	0.0	0.1693464578318814
3	12	2018	-13.18	-4.88	0.0	0.2447566816193874
4	12	2018	-13.74	-6.41	1.03	0.2080911719833808
5	12	2018	-14.19	-6.72	0.59	0.2065189989474521
6	12	2018	-14.73	-8.49	0.0	0.1660185018676788
7	12	2018	-18.74	-7.56	0.0	0.2415419840889515
8	12	2018	-18.0	-7.11	0.0	0.2447717362842192
9	12	2018	-14.85	-2.87	0.0	0.3223925201890301
10	12	2018	-13.76	1.0	0.0	0.4237684358247076
11	12	2018	-8.4	0.71	0.0	0.3339021471861939
12	12	2018	-5.49	0.68	0.0	0.2563374747611098
13	12	2018	-9.61	2.74	0.0	0.4291684684030528
14	12	2018	-8.25	5.11	0.0	0.4929940128009312
15	12	2018	-2.73	4.65	0.0	0.342677454961542
16	12	2018	-12.1	-3.8	0.0	0.2520903429546111
17	12	2018	-8.1	4.88	0.0	0.4814105207981016
18	12	2018	-4.63	4.65	0.0	0.3982446118176465
19	12	2018	-3.86	2.57	0.0	0.2854871290918861
20	12	2018	-7.76	2.35	0.0	0.3798407463447046
21	12	2018	-4.31	3.45	0.0	0.3380584944317193
22	12	2018	-8.55	-4.46	0.0	0.145648604082681
23	12	2018	-15.6	-5.42	2.36	0.2488691398119373
24	12	2018	-15.96	-8.89	1.45	0.172692533563342
25	12	2018	-17.16	-9.67	0.0	0.1708805407387597
26	12	2018	-14.37	-6.83	0.0	0.2017583434482579
27	12	2018	-19.89	-9.22	1.12	0.2111664473412061
28	12	2018	-19.42	-5.32	0.0	0.2944358330143924
29	12	2018	-12.72	-3.5	1.38	0.270930719656726
30	12	2018	-19.18	-10.65	0.81	0.17307445092358
31	12	2018	-27.26	-15.84	0.0	0.1406734380158995
1	1	2019	-24.82	-2.03	0.0	0.3750875420946744
2	1	2019	-9.58	3.98	0.0	0.469736864085091
3	1	2019	-5.3	3.77	0.0	0.3739701875646808
4	1	2019	-7.92	2.28	0.0	0.3775674207364081
5	1	2019	-6.57	-2.78	0.0	0.1441047459872924
6	1	2019	-6.03	1.61	0.0	0.3051507524019671
7	1	2019	-13.43	-2.67	0.97	0.3073195674335074
8	1	2019	-21.05	-14.71	0.0	0.110913211354897
9	1	2019	-22.49	-8.52	0.55	0.2445673377787577
10	1	2019	-14.48	-7.56	0.0	0.1818196629443765
11	1	2019	-16.94	-9.12	0.0	0.1806160675135702
12	1	2019	-13.91	0.18	0.0	0.4048124988610355
13	1	2019	-11.77	-0.61	0.0	0.3528938980509876
14	1	2019	-11.43	-1.41	0.0	0.321146156080003
15	1	2019	-17.33	-5.23	0.0	0.2877041538094627
16	1	2019	-18.32	-13.77	0.62	0.094596606075737
17	1	2019	-24.76	-16.2	0.0	0.1239629749618452
18	1	2019	-27.45	-17.86	0.0	0.1171342682460443
19	1	2019	-21.33	-15.3	3.39	0.1018389499097544
20	1	2019	-18.86	-10.56	0.0	0.1773618225492728
21	1	2019	-17.8	-6.05	0.0	0.277002863975443
22	1	2019	-15.2	-2.88	0.0	0.3381034045054105
23	1	2019	-21.66	-5.16	0.0	0.3246391039582394
24	1	2019	-28.34	-9.35	0.0	0.2508779379216945
25	1	2019	-21.07	-4.4	0.0	0.3424696523738385
26	1	2019	-11.75	-0.24	1.83	0.3823526012222196
27	1	2019	-7.75	3.78	1.91	0.46421018542253
28	1	2019	-21.91	-10.92	0.0	0.2068501823936726
29	1	2019	-29.45	-20.51	0.0	0.0980855564203208
30	1	2019	-23.55	-11.41	0.38	0.2099675268083169
31	1	2019	-15.3	-0.81	0.0	0.4173014874552661
1	2	2019	-18.98	-8.71	0.0	0.2358182492107444
2	2	2019	-22.39	-16.32	2.21	0.1014458385658491
3	2	2019	-25.45	-22.01	0.65	0.047807637043165
4	2	2019	-25.91	-22.3	3.0	0.0457148205532406
5	2	2019	-32.64	-22.68	0.0	0.0912722149091491
6	2	2019	-36.1	-25.93	0.0	0.071384317091287
7	2	2019	-37.3	-24.52	0.0	0.0850486981339421
8	2	2019	-36.63	-24.88	0.0	0.0817928677903991
9	2	2019	-33.34	-23.52	0.0	0.0868285085215184
10	2	2019	-31.72	-21.37	0.0	0.1049380983718983
11	2	2019	-28.37	-17.24	1.67	0.1470645933292163
12	2	2019	-31.52	-20.13	0.13	0.1205933559845812
13	2	2019	-28.21	-20.38	0.0	0.1015378060306382
14	2	2019	-32.41	-19.91	0.0	0.1270378851892362
15	2	2019	-32.58	-17.89	1.78	0.1518380706430639
16	2	2019	-21.26	-14.27	4.02	0.1361295975227209
17	2	2019	-20.36	-14.71	1.21	0.1249530615269117
18	2	2019	-26.4	-17.71	0.72	0.1339275179464072
19	2	2019	-28.69	-11.16	0.0	0.2528548913857172
20	2	2019	-23.11	-8.69	1.12	0.294793056621258
21	2	2019	-23.96	-12.39	0.0	0.2204689054553606
22	2	2019	-26.97	-11.35	0.0	0.2536410601170717
23	2	2019	-23.49	-13.92	0.38	0.1882355931842684
24	2	2019	-31.0	-20.67	0.0	0.1215825716718564
25	2	2019	-33.08	-18.7	0.0	0.1522641232692348
26	2	2019	-29.35	-16.79	0.0	0.1730855623195432
27	2	2019	-21.76	-8.5	0.0	0.3263736159085402
28	2	2019	-17.51	-8.37	0.0	0.2765934577364761
1	3	2019	-26.5	-16.59	0.0	0.1663265678495193
2	3	2019	-32.89	-21.04	0.0	0.1280966948144315
3	3	2019	-26.18	-16.19	0.0	0.1745200203572738
4	3	2019	-21.94	-10.99	0.0	0.2645374930373453
5	3	2019	-18.12	-8.79	0.0	0.2919802397095507
6	3	2019	-25.41	-13.49	0.0	0.2254952555661744
7	3	2019	-23.86	-8.52	0.0	0.3629036069774172
8	3	2019	-16.62	-5.01	0.0	0.4571719498376427
9	3	2019	-15.54	-5.2	0.0	0.4355456740139439
10	3	2019	-21.46	-6.56	0.0	0.4373401274917157
11	3	2019	-16.63	1.52	0.0	0.7731773873035857
12	3	2019	-3.61	3.41	0.0	0.6318903205325511
13	3	2019	-5.28	2.53	0.0	0.6735273483597815
14	3	2019	-9.53	1.31	0.0	0.7603693675917063
15	3	2019	-11.5	2.88	0.0	0.9004413940146891
16	3	2019	-8.68	3.61	0.0	0.9331544443691718
17	3	2019	-10.53	4.29	0.0	1.002348536073914
18	3	2019	-3.34	4.99	0.0	0.879101887598607
19	3	2019	-3.5	9.52	0.0	1.3415173874643365
20	3	2019	-2.16	13.27	0.0	1.6096473899580708
21	3	2019	-1.71	11.81	0.0	1.531185107957363
22	3	2019	-1.92	14.2	0.0	1.6740605046706676
23	3	2019	-1.93	13.08	0.0	1.618371438861136
24	3	2019	-4.61	3.73	0.0	0.8622913036356343
25	3	2019	-7.14	4.33	0.0	1.077864972573466
26	3	2019	-1.03	16.84	0.0	1.848740228387882
27	3	2019	-1.32	5.86	0.0	0.968745777558663
28	3	2019	-5.97	7.27	0.0	1.3114202171952565
29	3	2019	-4.66	4.69	0.0	1.0744017746093906
30	3	2019	-6.15	14.23	0.0	1.666254918191575
31	3	2019	-4.69	5.33	0.0	1.1490771735223475
1	4	2019	-3.55	8.89	1.24	1.424102353385161
2	4	2019	-5.99	4.68	0.0	1.1271484242073624
3	4	2019	-8.06	11.61	0.0	1.5291869524353512
4	4	2019	-1.1	13.57	0.0	1.7168168027253956
5	4	2019	-3.97	8.55	0.0	1.415260303068899
6	4	2019	1.01	9.24	0.97	1.3260542400322928
7	4	2019	0.37	16.99	0.0	1.948272733019628
8	4	2019	-2.86	16.65	0.0	1.895834941511215
9	4	2019	-4.68	9.79	0.0	1.5016892837989728
10	4	2019	-5.51	8.91	0.0	1.4543325222921346
11	4	2019	-7.63	7.98	0.0	1.3887280145606484
12	4	2019	-8.4	10.02	0.0	1.485197996062099
13	4	2019	-4.98	15.24	0.0	1.811443493876564
14	4	2019	3.55	16.7	0.0	1.9456011599836065
15	4	2019	-0.77	13.98	0.0	1.7836647710278415
16	4	2019	-4.27	13.62	0.0	1.7461622557551242
17	4	2019	0.22	15.22	0.0	1.869216014489672
18	4	2019	-0.46	17.48	0.0	1.9496636774470169
19	4	2019	5.78	21.0	0.0	2.184958752048367
20	4	2019	3.73	17.43	0.0	1.956295698378484
21	4	2019	-1.61	14.67	0.0	1.790406629785072
22	4	2019	-1.48	21.23	0.0	2.1694110641970368
23	4	2019	6.92	20.48	0.0	2.147301389484753
24	4	2019	0.77	17.65	0.0	1.9904480085440115
25	4	2019	-1.98	12.68	0.0	1.6759379559810663
26	4	2019	-4.08	11.21	0.0	1.58081164629641
27	4	2019	-1.41	10.5	7.16	1.4244590503407606
28	4	2019	-4.83	2.81	4.06	0.6886426531221742
29	4	2019	-9.12	5.99	0.0	1.2730149357102352
30	4	2019	-4.69	9.33	2.14	1.2936228493113249
1	5	2019	-6.82	9.65	0.38	1.5468794070796912
2	5	2019	-3.05	11.31	0.0	1.6097309738777008
3	5	2019	-4.77	11.72	0.0	1.6366219719192645
4	5	2019	-4.07	8.49	0.0	1.439320918023664
5	5	2019	-7.29	6.59	0.0	1.328755842483125
6	5	2019	-6.84	11.92	0.0	1.6353195639432485
7	5	2019	0.04	15.15	0.0	1.876508757215956
8	5	2019	-4.72	12.49	0.0	1.6986511595294604
9	5	2019	1.14	14.51	0.0	1.8332483883812445
10	5	2019	3.62	18.68	2.22	1.9540995334218587
11	5	2019	2.06	16.13	0.0	1.9521930944872632
12	5	2019	2.5	24.54	0.0	2.5220449589994813
13	5	2019	4.72	20.75	0.0	2.281730969665037
14	5	2019	2.18	22.03	0.0	2.3710523075294447
15	5	2019	5.83	19.76	0.0	2.1950738284995484
16	5	2019	-0.57	15.3	0.0	1.9217765843865495
17	5	2019	0.23	16.45	0.0	2.0030969339791467
18	5	2019	0.84	14.44	0.0	1.8605449573370751
19	5	2019	-2.39	15.77	0.0	1.9572451118227008
20	5	2019	-0.69	18.87	0.0	2.16826467759631
21	5	2019	1.46	20.36	0.0	2.2816767931525974
22	5	2019	3.9	23.42	0.0	2.5020266953190147
23	5	2019	4.47	23.79	0.0	2.528138852517747
24	5	2019	4.53	22.62	0.0	2.448892881490219
25	5	2019	4.89	15.11	2.77	1.7134872033421331
26	5	2019	0.57	18.84	0.0	2.190527710694967
27	5	2019	1.86	21.64	0.0	2.382540984715492
28	5	2019	6.33	27.3	0.0	2.7735625879722785
29	5	2019	10.17	30.13	0.0	2.9573873626507003
30	5	2019	10.88	32.38	0.0	3.1076505764518547
31	5	2019	5.5	21.16	0.0	2.3261463708563186
1	6	2019	5.99	24.69	0.0	2.5906540571739938
2	6	2019	10.64	32.89	0.0	3.146645047546014
3	6	2019	9.28	34.29	0.0	3.232176309723741
4	6	2019	11.71	24.98	0.0	2.4969195027861746
5	6	2019	9.95	24.86	0.0	2.543798548287722
6	6	2019	12.96	26.43	0.0	2.5952448383861277
7	6	2019	8.84	21.96	0.0	2.3260851290849094
8	6	2019	3.64	17.08	0.0	2.0283758552631785
9	6	2019	4.25	19.89	0.0	2.247926774041863
10	6	2019	3.27	23.9	0.0	2.5454346906304335
11	6	2019	6.8	21.31	2.06	2.1369853003911192
12	6	2019	6.32	24.61	0.89	2.596195783658832
13	6	2019	8.62	29.4	1.63	2.9335563257515425
14	6	2019	11.66	23.35	2.7	2.19226706055839
15	6	2019	9.99	19.65	5.95	1.928992030751551
16	6	2019	8.9	17.31	2.06	1.487999909718231
17	6	2019	5.94	22.09	0.0	2.4177916197483595
18	6	2019	8.19	26.59	0.0	2.7436793964561073
19	6	2019	10.48	22.48	28.66	2.1480876766557366
20	6	2019	8.06	14.44	8.83	0.6518693029251248
21	6	2019	6.35	16.14	23.04	1.0964154536436677
22	6	2019	11.19	15.09	11.19	0.4182187889312783
23	6	2019	9.8	21.92	1.77	1.7403968415890818
24	6	2019	9.14	20.82	0.0	1.624607311608724
25	6	2019	9.23	21.48	0.0	1.728474259910018
26	6	2019	8.12	23.85	0.0	2.1447317088181457
27	6	2019	11.55	25.11	13.63	1.643513887228388
28	6	2019	13.91	23.14	3.66	1.046142531712191
29	6	2019	13.58	24.91	0.0	1.7327260006882357
30	6	2019	9.56	22.22	0.0	1.7713754154372598
1	7	2019	9.04	27.26	4.36	1.9828305031824651
2	7	2019	5.77	20.29	0.0	1.8124342984990347
3	7	2019	8.28	20.34	0.0	1.646697545626272
4	7	2019	8.18	20.58	0.0	1.6886005513569289
5	7	2019	11.33	20.29	0.0	1.2767290093249486
6	7	2019	11.41	25.36	0.0	2.069211877746864
7	7	2019	13.85	27.7	0.0	2.162453144455547
8	7	2019	13.93	23.79	0.0	1.5332376511986836
9	7	2019	11.67	22.92	0.0	1.6933862777294983
10	7	2019	9.5	26.1	0.0	2.2842430064547137
11	7	2019	14.05	24.66	0.0	1.6921315343292715
12	7	2019	10.45	24.32	0.0	2.0259433017910395
13	7	2019	12.23	29.47	9.85	2.0338816417660155
14	7	2019	14.4	27.6	14.18	1.6214757340807198
15	7	2019	12.94	24.89	0.0	1.7338399051921218
16	7	2019	11.31	19.56	14.21	0.9254751267734358
17	7	2019	12.12	22.96	4.04	1.2133247558660445
18	7	2019	11.27	25.31	1.86	1.8798604872852296
19	7	2019	9.62	17.66	4.05	0.8768874920362459
20	7	2019	10.23	22.41	0.0	1.5635015345704344
21	7	2019	10.89	24.56	0.0	1.769511991708015
22	7	2019	10.69	27.16	0.0	2.05299785049273
23	7	2019	14.23	29.54	0.0	2.0519358821061613
24	7	2019	15.67	30.11	6.47	1.5954989428622646
25	7	2019	11.05	20.22	4.91	0.9883451980509096
26	7	2019	12.36	25.41	0.0	1.6519460875625391
27	7	2019	12.35	31.75	0.0	2.346954666893311
28	7	2019	9.51	21.58	0.0	1.4236905595479228
29	7	2019	5.62	24.6	0.0	1.9767716344202129
30	7	2019	11.9	29.78	0.0	2.163478666943027
31	7	2019	12.43	26.47	0.0	1.7546512215665684
1	8	2019	14.17	32.87	0.0	2.3136529827124783
2	8	2019	16.17	34.35	0.0	2.3115256981080163
3	8	2019	16.11	28.69	0.0	1.6220692591491168
4	8	2019	10.44	26.05	0.0	1.8039274669644485
5	8	2019	10.65	28.8	0.0	2.0611042102751167
6	8	2019	10.87	22.7	0.0	1.3410640996340806
7	8	2019	5.54	22.03	0.0	1.64744789053076
8	8	2019	6.82	24.9	0.0	1.8438577513444625
9	8	2019	10.66	27.01	2.95	1.5390153852459865
10	8	2019	9.11	20.42	0.0	1.2122932057643525
11	8	2019	8.06	22.58	7.21	1.3101468806220078
12	8	2019	10.42	15.58	15.42	0.513523772844186
13	8	2019	7.35	21.01	0.0	1.3795792621021827
14	8	2019	10.06	24.22	0.0	1.500142289376142
15	8	2019	10.19	25.4	0.0	1.5860324347141956
16	8	2019	10.89	20.67	0.0	1.0760590674672443
17	8	2019	5.3	18.04	0.0	1.2073673010263748
18	8	2019	4.08	21.67	0.0	1.5458757103519565
19	8	2019	4.93	21.95	0.0	1.525119660143767
20	8	2019	3.97	22.95	0.0	1.6249293796453943
21	8	2019	6.24	26.44	0.0	1.80362500974696
22	8	2019	12.38	25.97	2.84	1.2875979415640844
23	8	2019	10.26	21.14	0.0	1.1278923124539677
24	8	2019	12.1	28.78	6.74	1.519633478039639
25	8	2019	11.57	21.17	9.98	0.9069419205141004
26	8	2019	8.95	19.87	0.0	1.0887781063206878
27	8	2019	8.22	19.51	0.0	1.1011700105516733
28	8	2019	6.8	22.89	0.9	1.4650066102125447
29	8	2019	5.79	19.9	0.0	1.269830614502005
30	8	2019	6.02	20.08	1.3	1.2676661909282978
31	8	2019	7.62	21.78	1.43	1.3215622434456915
1	9	2019	9.39	21.88	2.13	1.0971106866311493
2	9	2019	10.46	22.16	1.28	1.1744085745136976
3	9	2019	7.41	25.04	0.0	1.5687376986620802
4	9	2019	10.42	23.94	2.8	1.1915540488908678
5	9	2019	8.0	22.87	0.0	1.3617734676242308
6	9	2019	5.52	21.7	0.0	1.3779410167690025
7	9	2019	7.36	22.07	0.0	1.3190321262463598
8	9	2019	6.53	20.98	0.0	1.268580970305429
9	9	2019	8.49	13.17	15.57	0.4016967339949633
10	9	2019	8.07	10.81	15.5	0.2380298881858625
11	9	2019	8.68	13.69	4.07	0.4309168905569164
12	9	2019	7.52	14.96	0.0	0.6897830462930101
13	9	2019	4.3	23.83	0.0	1.525528418412642
14	9	2019	9.11	23.41	0.0	1.3016887618017796
15	9	2019	9.54	26.98	0.0	1.5396894672928367
16	9	2019	9.47	31.07	0.0	1.8093724624212455
17	9	2019	12.92	25.1	0.87	1.188992926988676
18	9	2019	10.31	21.97	0.0	1.084850820044645
19	9	2019	7.96	21.38	0.0	1.1678240955797508
20	9	2019	8.55	20.38	0.0	1.0550788435723877
21	9	2019	5.17	18.3	0.0	1.0623569587834971
22	9	2019	5.37	24.25	0.0	1.4520938367842344
23	9	2019	8.69	20.46	0.0	1.0328680217996054
24	9	2019	4.68	16.67	0.0	0.9447856554888252
25	9	2019	3.12	15.62	0.0	0.9333563484765104
26	9	2019	3.22	10.68	6.02	0.5125836550356032
27	9	2019	1.87	7.6	3.61	0.3763387994118101
28	9	2019	-0.11	4.75	0.0	0.3258507419244872
29	9	2019	-0.26	2.51	14.26	0.1698647661368797
30	9	2019	-0.41	1.58	4.72	0.1242241329359974
1	10	2019	-0.66	3.58	0.0	0.2802613046604899
2	10	2019	-4.21	8.4	0.0	0.7235888996151606
3	10	2019	-0.85	10.72	0.0	0.7519427239460321
4	10	2019	1.63	11.71	0.0	0.7136122238755183
5	10	2019	-0.43	14.12	0.0	0.93074279961829
6	10	2019	3.75	15.27	0.0	0.8534525803314061
7	10	2019	2.08	19.7	0.0	1.1750844248928296
8	10	2019	-1.91	7.27	1.58	0.5636613970355717
9	10	2019	-6.41	1.0	0.0	0.374635503130857
10	10	2019	-7.29	3.03	0.0	0.4987306522241135
11	10	2019	-8.5	6.26	0.0	0.6678787500755168
12	10	2019	-8.66	7.2	0.0	0.7060907847387449
13	10	2019	-8.63	9.94	0.0	0.8207759028139049
14	10	2019	-0.69	4.49	0.48	0.3148755241417759
15	10	2019	-2.64	5.65	0.0	0.470862412496467
16	10	2019	-0.8	13.72	0.0	0.8605420606030126
17	10	2019	1.99	18.84	0.0	1.0652298765595338
18	10	2019	-0.22	15.6	0.0	0.9361946405818308
19	10	2019	-0.76	13.95	0.0	0.8551507607656162
20	10	2019	-4.4	7.97	0.0	0.6322297597877901
21	10	2019	-6.57	9.75	0.0	0.7549207483684931
22	10	2019	-5.95	6.04	0.0	0.5699529321882757
23	10	2019	-4.88	3.58	1.41	0.4180786390530344
24	10	2019	-3.85	8.39	0.0	0.6259081778611852
25	10	2019	-0.07	17.28	0.0	0.9855854084576516
26	10	2019	-5.75	1.53	0.61	0.3380701429104115
27	10	2019	-9.47	-2.69	2.32	0.251307023855466
28	10	2019	-10.04	-4.67	2.73	0.1905105629394952
29	10	2019	-12.19	-5.4	0.0	0.2321980320262374
30	10	2019	-17.1	0.43	0.0	0.4848640878758442
31	10	2019	-3.36	4.0	1.19	0.3724064980555856
1	11	2019	-2.67	4.89	0.0	0.3917931187398004
2	11	2019	-3.95	4.08	1.16	0.3949093236835162
3	11	2019	-4.14	1.74	0.0	0.2834330913853304
4	11	2019	-12.66	-4.16	0.0	0.2773360839327755
5	11	2019	-13.71	-3.5	1.88	0.3170078291606927
6	11	2019	-19.66	-7.89	0.0	0.2631499246727997
7	11	2019	-19.68	-3.1	0.0	0.3813181097884981
8	11	2019	-9.16	5.01	0.0	0.5479515303194687
9	11	2019	-12.28	-0.76	3.59	0.3596133274521374
10	11	2019	-20.34	-12.14	0.0	0.1659191118507093
11	11	2019	-23.12	-8.4	0.0	0.2659423931369025
12	11	2019	-15.53	-1.9	0.0	0.3791404094670035
13	11	2019	-12.43	1.0	0.0	0.4344694037165661
14	11	2019	-6.47	0.41	0.0	0.2854441827994537
15	11	2019	-4.73	4.27	0.0	0.4050204171804032
16	11	2019	-1.11	2.27	2.67	0.164223600144448
17	11	2019	-2.97	6.58	2.43	0.4384832845684261
18	11	2019	-0.31	6.99	0.0	0.3878671838249459
19	11	2019	-3.89	0.89	0.0	0.2142253819446808
20	11	2019	-5.96	-0.71	0.0	0.215910892635465
21	11	2019	-6.94	2.9	0.0	0.3933116634970193
22	11	2019	-6.03	6.57	0.0	0.5220771456480369
23	11	2019	-0.8	9.94	0.0	0.5422503173206845
24	11	2019	-1.72	4.55	1.84	0.3064734917256504
25	11	2019	-5.51	-0.62	0.64	0.2022480930094629
26	11	2019	-10.05	-2.68	0.0	0.2489503368612869
27	11	2019	-9.31	-5.08	0.0	0.1446296743637274
28	11	2019	-8.71	-6.16	8.97	0.0865424913796665
29	11	2019	-12.44	-6.09	0.0	0.1912269590401133
30	11	2019	-10.22	-7.58	0.0	0.0866560803786298
1	12	2019	-13.21	-5.25	0.0	0.2317452031361026
2	12	2019	-12.85	-1.7	0.0	0.3346148321744229
3	12	2019	-7.73	3.66	0.0	0.4348299149723467
4	12	2019	-9.07	-0.03	0.0	0.3225695010369437
5	12	2019	-12.41	-3.28	0.0	0.2758048918468588
6	12	2019	-11.88	-3.91	0.0	0.245476946033508
7	12	2019	-11.47	-4.16	0.0	0.2297564819333092
8	12	2019	-21.08	-11.19	0.0	0.1825395748442582
9	12	2019	-24.41	-10.23	0.0	0.2192016340723054
10	12	2019	-27.34	-13.53	0.0	0.1746001430929135
11	12	2019	-25.49	-16.39	0.0	0.1238798099887254
12	12	2019	-19.44	-11.57	0.4	0.1571088937555876
13	12	2019	-22.85	-14.35	0.0	0.1374303735201716
14	12	2019	-24.84	-11.05	0.38	0.2054487960472415
15	12	2019	-18.09	-7.73	0.0	0.227806437895582
16	12	2019	-15.9	-5.48	0.0	0.2595311843503368
17	12	2019	-14.19	-2.82	0.0	0.3122682443208504
18	12	2019	-9.09	1.08	0.0	0.3579651471739282
19	12	2019	-10.81	-2.93	0.0	0.2528470292176463
20	12	2019	-10.45	4.31	0.0	0.4922781198156843
21	12	2019	-10.23	2.17	0.0	0.4151288024986948
22	12	2019	-7.3	-0.25	0.0	0.2664023830826575
23	12	2019	-6.92	-3.28	0.0	0.1373891250602049
24	12	2019	-7.2	-4.92	2.89	0.0810885196603102
25	12	2019	-8.56	-2.54	0.0	0.2140444089316509
26	12	2019	-14.85	-6.0	0.0	0.230998298295439
27	12	2019	-13.98	-4.97	0.0	0.2469745525334331
28	12	2019	-15.35	-5.85	0.0	0.2420523410147868
29	12	2019	-18.57	-4.73	0.0	0.3029093230692158
30	12	2019	-15.48	-4.66	0.0	0.2758663592977518
31	12	2019	-11.88	0.81	0.0	0.3942757393428412
1	1	2020	-6.89	-0.31	0.0	0.2547902523075922
2	1	2020	-7.64	-2.85	0.0	0.1774850952359562
3	1	2020	-11.91	-3.43	0.0	0.2607538672799498
4	1	2020	-8.73	5.12	0.0	0.505448916519104
5	1	2020	-9.94	-1.09	0.0	0.3019594432705821
6	1	2020	-13.86	-2.41	0.0	0.3246053172906761
7	1	2020	-22.8	-14.03	0.0	0.1439312235091144
8	1	2020	-18.21	-5.94	0.0	0.2763837246112565
9	1	2020	-23.95	-16.69	0.0	0.1087749461890241
10	1	2020	-29.33	-14.45	0.0	0.1687261330232717
11	1	2020	-18.02	-9.3	2.98	0.1865524073017258
12	1	2020	-25.54	-14.46	0.96	0.1574711349777071
13	1	2020	-30.17	-24.3	0.7	0.0556047132186411
14	1	2020	-34.42	-27.12	0.0	0.0510356604916568
15	1	2020	-35.83	-28.09	0.0	0.0487854255064882
16	1	2020	-35.84	-19.6	0.0	0.117587113107372
17	1	2020	-23.64	-19.08	1.71	0.0689870777195561
18	1	2020	-28.31	-23.28	0.0	0.0550072860373617
19	1	2020	-29.1	-15.89	0.0	0.1535174356395356
20	1	2020	-20.55	0.8	0.0	0.4642532026902485
21	1	2020	-9.3	2.4	0.0	0.4363027434618513
22	1	2020	-12.12	-2.19	0.0	0.3228138242024153
23	1	2020	-11.75	-2.79	0.0	0.2974129248336733
24	1	2020	-7.97	1.53	0.0	0.3806457858674854
25	1	2020	-5.69	1.44	0.0	0.3164765261773121
26	1	2020	-6.86	-2.93	0.0	0.1640062566012133
27	1	2020	-7.12	-0.75	1.76	0.2670870657231791
28	1	2020	-5.44	-1.44	0.0	0.1797572462159258
29	1	2020	-10.43	-2.09	2.58	0.2864314705505096
30	1	2020	-10.49	-0.23	0.0	0.3768401637901473
31	1	2020	-9.95	3.47	0.0	0.5081363157093888
1	2	2020	-5.46	7.11	0.0	0.5803973215081195
2	2	2020	-9.45	-0.32	0.0	0.3558805110133072
3	2	2020	-16.97	-7.78	0.0	0.2427618380747365
4	2	2020	-18.73	-3.84	0.0	0.3665865379056292
5	2	2020	-12.56	-3.93	0.0	0.2928226739789658
6	2	2020	-13.02	-8.13	0.62	0.1590653204335305
7	2	2020	-12.17	-2.14	0.0	0.3537565436546611
8	2	2020	-12.63	-2.25	0.0	0.3595306281649862
9	2	2020	-13.16	-2.09	1.7	0.3765936323829453
10	2	2020	-9.68	-3.52	0.44	0.2487980027370819
11	2	2020	-13.63	-1.46	0.41	0.4099603401355898
12	2	2020	-29.61	-15.29	0.0	0.1823961776780493
13	2	2020	-28.5	-5.24	0.0	0.3503178300484507
14	2	2020	-12.4	-1.65	0.0	0.3885464454203849
15	2	2020	-18.29	-10.31	0.0	0.2067477799925633
16	2	2020	-15.27	-3.51	0.0	0.3710007309029383
17	2	2020	-20.89	-9.6	0.0	0.2573169060940677
18	2	2020	-29.6	-17.76	0.0	0.151824978798713
19	2	2020	-29.22	-9.43	0.0	0.28316032899843
20	2	2020	-16.42	1.51	0.0	0.6316113603969137
21	2	2020	-10.58	3.01	0.0	0.6851905820351415
22	2	2020	-8.01	3.91	0.0	0.7030482602011995
23	2	2020	-10.66	2.15	0.0	0.6537379103390757
24	2	2020	-10.55	-2.01	0.0	0.3909039588396428
25	2	2020	-17.19	-2.09	0.0	0.5175870036236042
26	2	2020	-12.54	1.64	0.0	0.6659480063485751
27	2	2020	-7.24	4.87	0.0	0.7824737646904989
28	2	2020	-6.56	7.03	0.0	0.9282849089423056
29	2	2020	-5.27	6.63	0.81	0.8783843565173236
1	3	2020	-11.26	-0.27	0.0	0.5514484315131689
2	3	2020	-6.88	3.44	0.0	0.6932064302912587
3	3	2020	-5.87	3.61	0.0	0.674014922083512
4	3	2020	-2.95	3.63	0.0	0.4902786829134122
5	3	2020	-6.43	4.5	0.0	0.8021871414426688
6	3	2020	-1.39	11.89	0.0	1.2872613064204808
7	3	2020	-9.43	-0.69	0.69	0.5046570019257514
8	3	2020	-15.83	-7.86	0.0	0.267123254518797
9	3	2020	-16.46	0.46	0.0	0.6996065532022036
10	3	2020	-10.93	5.16	0.0	0.949006583498536
11	3	2020	-4.19	5.34	0.0	0.8183936703853667
12	3	2020	-9.46	-0.9	0.0	0.513921551277262
13	3	2020	-16.59	-10.49	0.0	0.1978911642787871
14	3	2020	-16.91	-8.29	1.9	0.3109518443800161
15	3	2020	-14.54	-5.9	0.89	0.3796326356976073
16	3	2020	-17.71	-2.48	0.0	0.6092089880137778
17	3	2020	-13.02	-1.56	0.0	0.6209339475028214
18	3	2020	-17.21	-5.83	0.0	0.4569447715150079
19	3	2020	-17.01	-4.63	0.0	0.5214266927823331
20	3	2020	-16.58	-0.85	0.0	0.7118395268331884
21	3	2020	-10.8	2.87	0.0	0.913761292727751
22	3	2020	-10.42	6.41	0.0	1.2049190387204816
23	3	2020	-6.92	8.3	0.0	1.348259488451415
24	3	2020	-8.17	-1.2	3.08	0.5717843539770859
25	3	2020	-14.3	-0.3	0.0	0.8859364757847561
26	3	2020	-12.71	6.21	0.0	1.185184654417743
27	3	2020	-3.92	7.43	0.0	1.3374827011806714
28	3	2020	-2.81	9.53	0.0	1.4666862205222604
29	3	2020	-4.87	14.35	0.0	1.7114061461919376
30	3	2020	-3.0	4.02	0.0	1.0423144558629824
31	3	2020	-9.66	-0.51	0.0	0.8877980340593585
1	4	2020	-15.11	-11.08	0.63	0.1854902191542216
2	4	2020	-18.3	-8.17	0.0	0.5247199948022216
3	4	2020	-18.13	-2.37	0.0	0.809860078220721
4	4	2020	-11.4	-4.64	2.26	0.451105848947935
5	4	2020	-11.06	-1.54	1.05	0.8393396389362245
6	4	2020	-6.96	2.17	2.58	0.8571107741264747
7	4	2020	-9.61	4.39	0.0	1.2081510274546252
8	4	2020	-6.32	1.66	0.0	0.9397404526936164
9	4	2020	-12.57	6.3	0.0	1.265657297105888
10	4	2020	-1.7	8.37	0.0	1.4571528220847276
11	4	2020	-8.24	-1.65	0.0	0.7260297923327426
12	4	2020	-10.66	-3.65	0.0	0.6701585944023488
13	4	2020	-13.3	-3.36	0.0	0.8076345068478307
14	4	2020	-14.64	4.53	0.0	1.1710659664196317
15	4	2020	-9.48	2.64	0.0	1.1497991032002084
16	4	2020	-7.23	5.79	0.0	1.3368731087097154
17	4	2020	-2.84	13.81	0.0	1.8409965208096737
18	4	2020	-3.3	4.6	0.0	1.2311546271003089
19	4	2020	-6.0	14.05	0.0	1.8171203240916705
20	4	2020	-2.1	12.0	0.0	1.7494956596363682
21	4	2020	-1.31	21.55	0.0	2.3225514258526614
22	4	2020	1.95	16.2	0.0	2.038948694341233
23	4	2020	0.51	18.22	0.0	2.166573340672223
24	4	2020	-1.03	13.95	3.28	1.7220551509747732
25	4	2020	-2.15	18.78	0.0	2.172433091623706
26	4	2020	3.55	15.69	0.0	1.9886239211949384
27	4	2020	-0.76	20.22	0.0	2.285088855502485
28	4	2020	2.66	18.32	0.0	2.200503417880439
29	4	2020	0.99	22.67	0.0	2.4608587627842793
30	4	2020	8.48	27.71	0.0	2.8350057778134192
1	5	2020	5.21	18.25	0.0	2.1493458109710635
2	5	2020	-0.86	18.79	0.0	2.1977000763509467
3	5	2020	-0.53	17.54	4.37	1.933441797928441
4	5	2020	2.3	14.5	0.0	1.8863396127077665
5	5	2020	-0.72	17.63	0.0	2.1265348260926853
6	5	2020	1.2	20.73	0.0	2.3409361865327187
7	5	2020	1.06	17.32	0.0	2.1067126093056054
8	5	2020	0.93	19.8	1.78	2.2757118002161363
9	5	2020	-2.23	7.55	1.38	1.407341376176866
10	5	2020	-3.0	9.33	0.0	1.503107674959443
11	5	2020	-6.33	10.51	0.0	1.575912381583787
12	5	2020	-3.84	12.71	0.0	1.7229863077075218
13	5	2020	1.35	10.51	0.0	1.5182338338803971
14	5	2020	-1.56	18.8	0.0	2.129437743874252
15	5	2020	-2.41	14.61	0.0	1.8574457086656493
16	5	2020	1.23	25.07	0.0	2.5455330886122525
17	5	2020	8.89	26.19	0.0	2.637751825869409
18	5	2020	8.44	25.39	0.0	2.5794491610419676
19	5	2020	10.06	25.79	0.0	2.590804078685958
20	5	2020	9.7	18.71	11.53	1.85090119957386
21	5	2020	9.27	19.85	0.0	2.112744857744545
22	5	2020	4.61	20.24	0.0	2.2578342896198547
23	5	2020	2.86	16.06	0.0	1.9580749593307087
24	5	2020	3.8	19.38	0.0	2.2089003489321284
25	5	2020	5.54	25.28	0.0	2.635686423614834
26	5	2020	10.6	22.13	0.0	2.2949184663243973
27	5	2020	6.26	19.08	0.0	2.1601003273438537
28	5	2020	3.95	18.74	0.0	2.1764157933158033
29	5	2020	5.38	19.27	0.0	2.206543724603903
30	5	2020	7.37	25.49	0.0	2.673882355159723
31	5	2020	11.12	30.94	0.0	3.0382982995399104
1	6	2020	11.48	25.03	0.0	2.5649355092055037
2	6	2020	7.9	24.29	0.0	2.585512086987659
3	6	2020	9.77	20.84	0.0	2.2384236575790557
4	6	2020	6.17	19.41	0.0	2.2226673004013886
5	6	2020	3.22	21.27	0.0	2.4019197811231527
6	6	2020	9.76	18.75	24.09	1.7295862271857116
7	6	2020	9.01	16.83	23.1	1.0762047923078415
8	6	2020	6.81	15.81	0.0	1.2951468388891785
9	6	2020	5.33	20.29	3.31	1.694345822957714
10	6	2020	6.28	22.53	0.0	2.2693876710552994
11	6	2020	6.9	22.73	0.0	2.2687977397373804
12	6	2020	8.32	28.0	0.0	2.752189161048094
13	6	2020	14.48	30.1	0.0	2.7350729947658765
14	6	2020	12.6	22.69	0.0	1.7818053631450606
15	6	2020	6.85	22.15	0.0	2.2495517868418227
16	6	2020	9.3	21.99	25.28	1.6607646789902788
17	6	2020	9.99	15.97	6.21	0.6416909760166222
18	6	2020	6.27	15.31	2.39	0.8861334000881906
19	6	2020	5.3	18.56	0.0	1.7058525519877843
20	6	2020	6.17	18.06	0.0	1.566360188254918
21	6	2020	4.5	18.19	0.0	1.714820017982804
22	6	2020	6.06	23.52	0.0	2.224141436041785
23	6	2020	10.65	27.87	0.0	2.497453457897305
24	6	2020	13.92	26.86	1.82	2.1302104288734474
25	6	2020	14.31	25.39	0.0	1.828982330430996
26	6	2020	11.87	30.03	0.0	2.653869035094641
27	6	2020	13.85	21.35	0.0	1.1106824150850645
28	6	2020	12.86	20.07	0.0	1.0367634330788462
29	6	2020	13.91	18.42	2.98	0.541179235330571
30	6	2020	13.42	19.65	7.6	0.7460623273720166
1	7	2020	12.67	23.46	0.87	1.7357253262061867
2	7	2020	10.81	23.78	1.36	1.9842315699751176
3	7	2020	9.95	26.76	0.0	2.3745209996837424
4	7	2020	12.44	28.15	0.0	2.395671444363034
5	7	2020	12.16	23.66	0.0	1.8299949611365391
6	7	2020	10.11	25.39	0.0	2.238034811067746
7	7	2020	12.13	27.95	18.36	1.9301503081627005
8	7	2020	12.85	19.0	5.09	0.7178444720384358
9	7	2020	11.78	21.92	0.0	1.4519115004264846
10	7	2020	10.18	22.2	3.94	1.3229045866266695
11	7	2020	9.85	24.38	0.0	1.981153545995588
12	7	2020	13.01	25.59	0.0	1.8771809133586963
13	7	2020	9.72	19.42	2.37	1.0574672186911551
14	7	2020	9.7	21.67	3.75	1.2856633865840823
15	7	2020	9.68	23.03	1.11	1.8083422128212512
16	7	2020	9.96	25.49	0.0	2.0612533620298494
17	7	2020	14.04	24.78	0.0	1.5684043874689837
18	7	2020	11.93	22.01	3.23	1.1277880731311123
19	7	2020	10.09	23.0	4.12	1.3542888958053452
20	7	2020	11.08	23.14	5.65	1.2951711485982695
21	7	2020	9.67	25.2	0.0	1.953793476193384
22	7	2020	14.25	30.47	0.0	2.2162186434403357
23	7	2020	17.91	28.72	0.0	1.600347297291651
24	7	2020	14.39	27.47	0.0	1.852198918488386
25	7	2020	11.69	21.48	0.0	1.2695580102421795
26	7	2020	10.01	25.41	0.0	1.9486457370263863
27	7	2020	9.29	27.24	0.0	2.144949662226592
28	7	2020	10.74	30.78	0.0	2.3764107145538684
29	7	2020	14.49	34.3	0.0	2.492272721879392
30	7	2020	15.73	32.02	0.0	2.158564541242081
31	7	2020	13.3	26.52	0.0	1.684644012290894
1	8	2020	8.93	27.45	0.0	2.0857698018944277
2	8	2020	10.91	27.48	0.0	1.9862878023899675
3	8	2020	13.79	30.01	1.9	2.049860217726971
4	8	2020	11.76	27.12	0.0	1.853343705350199
5	8	2020	9.61	29.22	0.0	2.1779102147015115
6	8	2020	12.03	33.68	0.0	2.4453414410683356
7	8	2020	13.05	22.96	4.49	1.0291598275959903
8	8	2020	9.98	25.67	1.75	1.7502140376338815
9	8	2020	8.27	22.85	0.0	1.5392846812649803
10	8	2020	7.75	24.78	0.0	1.7677847056435976
11	8	2020	8.83	24.28	0.0	1.633487346255659
12	8	2020	11.4	28.62	0.0	1.9035207927975484
13	8	2020	10.06	24.9	0.0	1.5777422956101106
14	8	2020	7.9	25.25	0.0	1.7463099853425352
15	8	2020	9.06	25.72	0.0	1.712093070449499
16	8	2020	9.28	30.07	0.0	2.0928391088952947
17	8	2020	11.61	34.15	0.0	2.315147253121659
18	8	2020	12.82	36.01	0.0	2.3935994153983695
19	8	2020	14.76	34.15	0.0	2.142923094907194
20	8	2020	12.82	33.59	0.0	2.189310302474329
21	8	2020	14.14	28.12	0.0	1.4860943738082524
22	8	2020	9.95	31.92	0.0	2.1495800739752493
23	8	2020	6.74	28.59	0.0	1.979295749627736
24	8	2020	9.49	29.59	0.0	1.9255856891476777
25	8	2020	13.34	27.27	0.0	1.4154640620557477
26	8	2020	11.27	24.69	0.0	1.3152846007654122
27	8	2020	7.96	24.11	4.1	1.3138402030623355
28	8	2020	6.09	23.61	0.0	1.501027131483489
29	8	2020	8.65	31.44	0.0	2.0488582067372705
30	8	2020	6.63	18.4	0.0	1.031296396342666
31	8	2020	2.13	19.33	0.0	1.3122704970501464
1	9	2020	8.25	23.02	0.0	1.3206622982328753
2	9	2020	7.93	17.5	4.77	0.777565102440366
3	9	2020	4.85	21.87	0.0	1.380959002194208
4	9	2020	5.8	24.59	0.0	1.5379269735565102
5	9	2020	8.39	30.83	0.0	1.980383642718928
6	9	2020	8.39	17.25	0.0	0.7905634100003766
7	9	2020	0.11	10.44	0.0	0.7239300024964599
8	9	2020	-5.26	15.55	0.0	1.240916456066214
9	9	2020	3.98	21.51	0.0	1.4176592161227346
10	9	2020	5.51	26.06	0.0	1.726053817793568
11	9	2020	7.68	29.9	0.0	1.938953214055579
12	9	2020	7.37	16.42	1.57	0.7618433230688951
13	9	2020	0.17	16.23	0.0	1.0919077150214584
14	9	2020	5.56	15.87	0.0	0.8231346240095483
15	9	2020	3.27	14.96	0.0	0.8731432474927642
16	9	2020	-1.09	13.29	0.0	0.9785725601478832
17	9	2020	1.83	19.3	0.0	1.376912901963632
18	9	2020	-0.27	24.71	0.0	1.7906234105929395
19	9	2020	6.83	25.84	0.0	1.711632112240842
20	9	2020	11.81	18.14	8.22	0.5315835449466825
21	9	2020	7.45	22.94	0.0	1.347295444413484
22	9	2020	6.99	20.68	1.31	1.1445332803964765
23	9	2020	9.26	21.63	0.0	1.070204764918869
24	9	2020	9.19	23.82	0.0	1.296741833566166
25	9	2020	6.18	21.64	0.0	1.2553177685272
26	9	2020	7.32	15.28	0.0	0.6429376730295513
27	9	2020	4.13	14.92	0.0	0.7951120899216991
28	9	2020	0.9	22.36	0.0	1.4832353578081707
29	9	2020	7.12	17.08	0.0	0.7889734566487034
30	9	2020	0.88	12.58	0.0	0.7698577294230532
1	10	2020	-4.58	12.05	0.0	0.9181543892173596
2	10	2020	0.99	17.82	0.0	1.148709063332313
3	10	2020	-1.0	16.05	0.0	1.0695925737801035
4	10	2020	5.09	24.03	1.22	1.4527163510158096
5	10	2020	7.54	19.48	0.0	0.9215084788294484
6	10	2020	6.66	17.17	0.0	0.8239833817163829
7	10	2020	0.91	15.36	0.0	1.031439897161525
8	10	2020	6.77	23.6	1.99	1.473011193307159
9	10	2020	2.03	10.86	0.0	0.5753203441680703
10	10	2020	2.79	25.89	0.0	1.721384083572996
11	10	2020	4.69	14.84	0.0	0.7363791406723333
12	10	2020	-3.2	11.36	0.0	0.8543862840430938
13	10	2020	-0.58	10.37	0.0	0.6784610712079207
14	10	2020	-5.0	6.69	0.0	0.5914765669364357
15	10	2020	-4.54	5.36	0.0	0.4936526372968142
16	10	2020	-8.08	3.78	0.0	0.5103355144333912
17	10	2020	-12.99	-0.64	0.0	0.4204458756483375
18	10	2020	-6.84	-3.59	0.0	0.1411690838931963
19	10	2020	-8.25	-1.65	0.0	0.2738195597764727
20	10	2020	-7.62	-2.03	0.23	0.2428756572060015
21	10	2020	-10.87	-0.66	0.0	0.4064989420816673
22	10	2020	-14.2	-2.43	0.0	0.3919774994665096
23	10	2020	-14.15	-3.95	0.0	0.3256969295036022
24	10	2020	-9.62	-5.91	0.0	0.1421407994075965
25	10	2020	-11.62	-2.76	0.0	0.3189731865257357
26	10	2020	-15.58	3.19	0.0	0.6293274363490052
27	10	2020	-4.22	11.89	0.0	0.928205372488405
28	10	2020	-4.36	5.21	0.0	0.4652898115384642
29	10	2020	-6.1	8.6	0.0	0.7440640046445461
30	10	2020	-1.27	13.4	0.0	0.9251084134090568
31	10	2020	-6.0	2.3	0.0	0.3651460287223412
1	11	2020	-7.05	13.52	0.0	0.990947966810617
2	11	2020	0.11	19.21	0.0	1.2577391099910784
3	11	2020	2.2	17.65	0.0	1.1025957536560864
4	11	2020	1.01	15.16	0.0	0.9423674182760468
5	11	2020	1.5	18.21	0.0	1.1246199547855276
6	11	2020	-1.54	7.17	0.0	0.4515738099984384
7	11	2020	-2.21	0.58	2.32	0.1304886947516276
8	11	2020	-9.61	-3.81	20.15	0.1991190436113626
9	11	2020	-18.24	-9.2	0.0	0.2108992445715432
10	11	2020	-17.44	-5.69	0.0	0.2923045589772819
11	11	2020	-16.08	-7.04	2.24	0.2250887168448284
12	11	2020	-21.99	-8.3	0.0	0.2615742250713778
13	11	2020	-12.79	-0.28	0.0	0.3962706331520266
14	11	2020	-9.38	-1.5	0.7	0.2874533543037237
15	11	2020	-13.65	-5.42	0.0	0.241128560612522
16	11	2020	-11.16	-5.41	0.0	0.1883492538358465
17	11	2020	-8.67	1.12	0.0	0.3689671533133509
18	11	2020	-5.01	4.32	0.0	0.4099035793923378
19	11	2020	-12.4	-5.84	4.83	0.1899686790510781
20	11	2020	-20.24	-9.75	0.0	0.2102568360710042
21	11	2020	-17.89	-4.09	0.0	0.3255610543331099
22	11	2020	-16.06	-6.66	0.0	0.2366918470140182
23	11	2020	-11.63	-4.43	0.0	0.2254420785277036
24	11	2020	-10.83	-1.49	0.0	0.3079069312470126
25	11	2020	-7.71	1.74	0.0	0.3614795805497491
26	11	2020	-11.66	-1.06	0.0	0.337318712512529
27	11	2020	-10.88	1.01	0.0	0.3941085244492678
28	11	2020	-9.79	0.22	0.0	0.345368400970559
29	11	2020	-15.27	-1.96	0.0	0.353707968356218
30	11	2020	-8.24	1.91	0.0	0.3754361253278369
1	12	2020	-7.4	0.93	0.0	0.3178933899478279
2	12	2020	-11.01	-1.37	0.0	0.3126188047627162
3	12	2020	-7.09	3.09	0.0	0.3962598774377964
4	12	2020	-6.2	2.1	0.0	0.334355084033153
5	12	2020	-6.74	2.56	0.0	0.3667188729187954
6	12	2020	-9.29	2.06	0.0	0.4003048463660815
7	12	2020	-7.82	3.16	0.0	0.4123690070983666
8	12	2020	-4.27	3.56	0.0	0.3390475055403067
9	12	2020	-5.19	2.08	0.0	0.3022805148309266
10	12	2020	-12.22	-3.34	0.0	0.2662742336395234
11	12	2020	-13.78	-4.85	0.0	0.2463106601264522
12	12	2020	-10.98	-3.79	0.0	0.2275638319291156
13	12	2020	-26.07	-14.28	0.0	0.1577463291499162
14	12	2020	-27.53	-13.02	0.52	0.1812526889267106
15	12	2020	-18.86	-9.3	0.0	0.1980685955791095
16	12	2020	-15.33	-3.72	0.0	0.2985642482124067
17	12	2020	-13.85	1.95	0.0	0.4494788417073548
18	12	2020	-22.25	-3.07	0.0	0.3531660679390508
19	12	2020	-12.18	3.69	0.0	0.4889250946645769
20	12	2020	-6.44	2.74	0.0	0.3582291495095501
21	12	2020	-8.61	-1.76	7.29	0.2315214074232841
22	12	2020	-13.29	-3.79	8.72	0.2589476317782528
23	12	2020	-16.67	-8.07	0.0	0.1996504712639309
24	12	2020	-14.91	0.64	0.0	0.418588477676746
25	12	2020	-12.3	-2.39	0.0	0.2949133237548124
26	12	2020	-12.31	-5.37	1.6	0.202291390510374
27	12	2020	-14.65	-6.96	0.0	0.1991503182572743
28	12	2020	-16.9	-7.67	0.0	0.2137630899375931
29	12	2020	-16.67	-8.19	0.0	0.1978322491901231
30	12	2020	-20.6	-8.56	0.0	0.2305793751841417
1	1	2021	-16.65	-2.05	0.0	0.3589617491858813
2	1	2021	-8.61	3.95	0.0	0.4568341781071335
3	1	2021	-2.62	4.03	0.0	0.309020755866648
4	1	2021	-10.52	-0.19	0.0	0.3426908393650094
5	1	2021	-9.55	-0.08	0.0	0.328353204795451
6	1	2021	-11.2	2.34	0.0	0.4406506029203036
7	1	2021	-8.95	0.95	0.0	0.3554855098036056
8	1	2021	-13.15	-2.5	0.0	0.3123279445519453
9	1	2021	-14.51	-4.89	0.0	0.2616618361633755
10	1	2021	-13.82	-4.52	0.0	0.262666208939209
11	1	2021	-11.96	-0.19	0.0	0.3707204166021405
12	1	2021	-7.61	1.11	0.0	0.3358686924676211
13	1	2021	-4.6	6.11	5.7	0.4526578874155842
14	1	2021	-6.78	-1.9	0.0	0.1933388794957125
15	1	2021	-14.41	-4.88	0.0	0.2650481299995612
16	1	2021	-9.89	-0.93	0.0	0.3147226735562561
17	1	2021	-10.25	-1.12	2.23	0.3017889105772242
18	1	2021	-9.98	-0.52	0.96	0.3338971892424816
19	1	2021	-13.98	1.72	0.0	0.4655118252561393
20	1	2021	-5.72	1.36	0.0	0.3046973068166743
21	1	2021	-12.09	-6.2	0.55	0.1855192282064056
22	1	2021	-10.07	-4.95	1.17	0.1788285433727748
23	1	2021	-27.14	-9.68	0.0	0.2460105986468591
24	1	2021	-31.38	-22.65	0.0	0.0821502571866919
25	1	2021	-28.43	-21.85	0.0	0.0751793296381946
26	1	2021	-27.55	-19.41	0.0	0.10186430154707
27	1	2021	-23.4	-14.26	0.0	0.1549296219679631
28	1	2021	-18.87	-10.59	0.0	0.1866832481532878
29	1	2021	-15.8	-9.55	0.0	0.1672496857693346
30	1	2021	-16.44	-11.29	0.0	0.1318954800321871
31	1	2021	-19.03	-8.53	0.0	0.2429622879766821
1	2	2021	-14.17	-0.18	0.0	0.4320223182085137
2	2	2021	-8.38	2.54	0.0	0.4468872484073918
3	2	2021	-19.61	-11.93	0.0	0.170532908318582
4	2	2021	-23.3	-15.77	0.0	0.1322313207520606
5	2	2021	-27.5	-18.9	0.0	0.1152614409966147
6	2	2021	-34.93	-25.51	0.0	0.0729295628560266
7	2	2021	-36.22	-28.09	0.0	0.0559695411140258
8	2	2021	-36.38	-26.94	0.0	0.0658476338492112
9	2	2021	-29.98	-25.78	0.0	0.0450644379156317
10	2	2021	-33.49	-26.94	0.0	0.0563161471288832
11	2	2021	-37.66	-28.02	0.0	0.0621125799147244
12	2	2021	-33.43	-22.62	0.0	0.1001405016446855
13	2	2021	-36.76	-24.4	0.0	0.0896201670020528
14	2	2021	-34.68	-22.61	0.0	0.1036522743457279
15	2	2021	-30.02	-18.81	0.0	0.1369102235374472
16	2	2021	-25.3	-14.91	0.0	0.1771672411993621
17	2	2021	-22.62	-15.63	0.0	0.1399011318662815
18	2	2021	-24.57	-12.29	0.0	0.2260553839551213
19	2	2021	-21.89	-2.33	0.0	0.4727947831729489
20	2	2021	-11.07	-2.7	0.0	0.3582209111709951
21	2	2021	-12.06	2.67	0.0	0.6814545242008152
22	2	2021	-3.08	3.73	0.0	0.4826307686783019
23	2	2021	-6.73	0.03	0.0	0.3791907279707203
24	2	2021	-10.01	-1.72	0.0	0.4147899593296172
25	2	2021	-11.95	0.61	0.0	0.6144104283111523
26	2	2021	-16.15	-2.29	0.98	0.5179702564197443
27	2	2021	-24.58	-12.89	0.0	0.2256293797302095
28	2	2021	-21.23	-10.68	0.0	0.252697595848729
1	3	2021	-17.27	3.91	0.0	0.7759694614200616
2	3	2021	-5.97	3.2	0.0	0.6632583720908845
3	3	2021	-10.29	3.0	0.0	0.7856130832835403
4	3	2021	-8.87	2.76	0.0	0.7590397468229354
5	3	2021	-5.84	5.1	0.0	0.8777980112220319
6	3	2021	-0.52	6.67	0.0	0.7700133357334269
7	3	2021	-4.03	5.63	0.0	0.8941207495187253
8	3	2021	-3.88	4.22	0.0	0.7527200814340363
9	3	2021	-4.94	-0.38	0.0	0.3027366128617743
10	3	2021	-8.51	2.25	0.0	0.8034129922887625
11	3	2021	-17.65	-2.55	0.0	0.6105623353253073
12	3	2021	-9.51	6.61	0.0	1.1015153680433876
13	3	2021	-6.43	6.81	0.0	1.1194678710720083
14	3	2021	-1.95	9.09	0.0	1.2294625145471738
15	3	2021	-1.31	8.09	0.0	1.1173199668980756
16	3	2021	-9.2	1.14	0.0	0.7780323565654508
17	3	2021	-7.9	8.65	0.0	1.291465383216969
18	3	2021	-2.92	14.28	0.0	1.6393012707735477
19	3	2021	0.46	18.53	0.0	1.897200904135836
20	3	2021	-0.85	12.03	0.0	1.5417939334859885
21	3	2021	-4.95	3.58	0.0	0.8870051819475018
22	3	2021	-5.7	9.07	0.0	1.371793187289979
23	3	2021	-7.53	0.25	1.63	0.7366058349459916
24	3	2021	-6.12	8.74	0.0	1.3630048942193156
25	3	2021	-3.51	3.16	0.0	0.8351767021010131
26	3	2021	-10.42	2.17	0.0	1.0224037164486548
27	3	2021	-8.81	6.66	0.0	1.2478361550899824
28	3	2021	-1.17	17.22	0.0	1.8752412834066223
29	3	2021	-8.9	4.8	5.18	1.078361983780416
30	3	2021	-13.84	-6.03	0.0	0.5320124560070547
31	3	2021	-15.55	7.05	0.0	1.164656206711283
1	4	2021	-2.28	14.48	0.0	1.7428002243585563
2	4	2021	-0.05	12.62	0.0	1.64642108175096
3	4	2021	-1.19	13.89	0.0	1.7272124376654407
4	4	2021	-1.04	17.78	0.0	1.9510642848444115
5	4	2021	-2.79	12.57	0.0	1.6449838754258936
6	4	2021	-3.02	16.51	0.0	1.8060471013747783
7	4	2021	-0.38	20.76	0.0	2.0677116492859327
8	4	2021	1.85	14.71	1.79	1.7252106362551691
9	4	2021	-6.33	11.98	0.0	1.535958566974892
10	4	2021	-0.72	12.73	0.0	1.616327700220909
11	4	2021	-2.62	4.31	2.96	0.762386804168917
12	4	2021	-4.09	2.0	1.21	0.7091415816580965
13	4	2021	-3.63	2.91	0.0	0.7870667490346072
14	4	2021	-3.64	6.86	0.0	1.289485832643971
15	4	2021	-2.3	12.71	0.0	1.648416669672376
16	4	2021	-4.47	14.48	0.0	1.7334321093875569
17	4	2021	-1.01	20.56	0.0	2.114952086530156
18	4	2021	-3.51	6.67	0.0	1.2881234941315298
19	4	2021	-7.01	5.05	1.4	1.2488547505803222
20	4	2021	-9.19	9.1	0.0	1.4577413491113742
21	4	2021	-3.85	17.36	0.0	1.9867638408507136
22	4	2021	-4.84	6.87	0.0	1.3524236292597964
23	4	2021	-12.34	4.62	0.0	1.2001032123663116
24	4	2021	-10.11	7.77	0.0	1.3841921119227478
25	4	2021	-5.38	10.53	0.0	1.533769824415811
26	4	2021	-4.65	14.78	0.0	1.7844545185429257
27	4	2021	-3.9	15.94	0.0	1.8635307844423536
28	4	2021	-2.16	15.69	0.0	1.869822573416602
29	4	2021	-1.85	12.03	0.0	1.638461854958806
30	4	2021	2.62	26.33	0.0	2.557318623528922
1	5	2021	5.07	20.21	0.0	2.178320027120291
2	5	2021	0.86	14.09	0.0	1.775276344297668
3	5	2021	-5.11	10.32	0.0	1.5449755853688694
4	5	2021	-4.67	14.07	0.0	1.7751872772103507
5	5	2021	-3.06	16.62	0.0	1.9446729390011157
6	5	2021	-0.48	17.48	0.0	2.024601573591751
7	5	2021	0.11	17.24	0.0	2.017620812777682
8	5	2021	2.6	13.62	0.0	1.7371135230985886
9	5	2021	-4.26	15.35	0.0	1.8758155873457116
10	5	2021	-2.83	18.0	0.0	2.0505469805851493
11	5	2021	0.39	19.71	0.0	2.1859239240596993
12	5	2021	2.12	20.5	0.0	2.2417804483538073
13	5	2021	1.62	21.5	0.0	2.303344683885774
14	5	2021	2.68	22.93	1.41	2.401288707517421
15	5	2021	3.4	24.38	0.0	2.501096452751152
16	5	2021	8.25	28.08	0.0	2.754066490632987
17	5	2021	7.21	32.12	0.0	3.018728353968899
18	5	2021	11.86	28.03	0.0	2.701927264023835
19	5	2021	2.18	13.79	0.0	1.7409829781368893
20	5	2021	-1.59	4.12	2.61	0.7304123006457098
21	5	2021	-2.45	4.72	2.97	0.9260731596357064
22	5	2021	0.02	9.21	0.0	1.4465374379333034
23	5	2021	5.87	14.28	16.81	1.593776470287583
24	5	2021	7.89	11.07	21.67	0.3072954148337698
25	5	2021	2.35	8.67	1.67	0.6995796067410309
26	5	2021	-0.82	13.13	0.0	1.6006714972502734
27	5	2021	0.97	18.49	0.0	2.107319301893007
28	5	2021	6.77	21.56	0.0	2.277200131435229
29	5	2021	6.29	20.52	0.0	2.176439772413774
30	5	2021	2.47	22.67	0.0	2.4770593799226774
31	5	2021	8.32	26.52	0.0	2.7449522986986197
1	6	2021	8.89	26.4	0.0	2.7293873906932373
2	6	2021	12.39	31.85	0.0	3.0951160163460933
3	6	2021	13.62	35.34	0.0	3.325481376850272
4	6	2021	15.99	29.21	0.0	2.694978601114975
5	6	2021	11.72	27.96	0.0	2.816661933396444
6	6	2021	8.08	20.84	0.0	2.1385647623502577
7	6	2021	8.72	22.45	0.0	2.317851225877132
8	6	2021	6.28	22.95	2.48	2.086091015255407
9	6	2021	11.78	19.18	10.18	1.0185863306139442
10	6	2021	13.25	20.67	9.53	0.9889337400627982
11	6	2021	10.58	20.55	0.0	1.6691768941860743
12	6	2021	6.96	23.36	0.0	2.3756407373179687
13	6	2021	6.7	27.27	0.0	2.7564462807440067
14	6	2021	12.84	31.68	0.0	3.035632736444913
15	6	2021	16.19	33.57	1.34	3.093176850927865
16	6	2021	13.16	24.74	0.0	2.139777882632034
17	6	2021	7.37	24.24	0.0	2.478516004926701
18	6	2021	8.18	18.7	0.0	1.6887303527030968
19	6	2021	6.88	20.43	1.2	2.0444158536742085
20	6	2021	6.05	18.67	0.0	1.8444827256651255
21	6	2021	1.82	24.4	0.0	2.5190195315967863
22	6	2021	10.6	31.06	0.0	3.003044755017823
23	6	2021	13.49	24.11	0.0	1.8691347343961449
24	6	2021	8.82	23.06	0.0	2.171795497351695
25	6	2021	9.92	27.77	0.0	2.6731682283238474
26	6	2021	13.32	28.66	1.0	2.58718094066907
27	6	2021	12.28	27.97	0.0	2.5575271665640535
28	6	2021	10.95	29.38	0.0	2.833344585195271
29	6	2021	12.74	32.87	0.0	3.1188368914425366
30	6	2021	14.39	33.83	0.0	3.1522414519223334
1	7	2021	15.91	34.84	0.0	3.1856063005265067
2	7	2021	18.65	39.01	0.0	3.4712169483498463
3	7	2021	17.13	29.69	0.0	2.398284727879284
4	7	2021	12.76	28.28	6.01	2.121672635146092
5	7	2021	13.37	23.97	0.0	1.806146212982276
6	7	2021	10.53	20.9	0.0	1.634374159606773
7	7	2021	11.57	28.33	3.93	2.1455039570446877
8	7	2021	14.25	27.28	5.51	1.7859205849933564
9	7	2021	12.75	30.07	0.0	2.660414197923223
10	7	2021	13.81	32.21	0.0	2.817994402358654
11	7	2021	15.84	31.53	0.0	2.6069723675206267
12	7	2021	11.78	27.8	0.0	2.443383759285441
13	7	2021	10.36	28.88	0.0	2.642579555067376
14	7	2021	11.34	30.85	0.0	2.7983373123000796
15	7	2021	14.15	35.14	0.0	3.0970699550504506
16	7	2021	15.87	30.24	0.0	2.396222460442535
17	7	2021	16.69	35.21	0.0	2.9615940240232175
18	7	2021	13.59	25.99	0.0	1.9632789448297072
19	7	2021	13.74	20.37	0.0	0.8811468405135672
20	7	2021	15.8	28.02	0.0	2.04744702562434
21	7	2021	15.33	31.02	0.0	2.555840705048849
22	7	2021	14.25	33.31	0.0	2.8871462252722613
23	7	2021	6.37	28.69	0.0	2.666181844831061
24	7	2021	10.05	29.18	0.0	2.6072750553021797
25	7	2021	10.83	28.62	2.08	2.0663278014122612
26	7	2021	12.4	27.93	0.0	2.2954543233457727
27	7	2021	12.7	35.55	0.0	3.054302960235237
28	7	2021	12.88	29.27	0.0	2.402389682008559
29	7	2021	13.1	33.46	0.0	2.8369982406162437
30	7	2021	12.74	31.05	0.0	2.6003419758015465
31	7	2021	12.67	31.49	0.0	2.6403305028062953
1	8	2021	12.56	32.9	0.0	2.775854567650967
2	8	2021	16.21	35.03	0.0	2.788146004205361
3	8	2021	18.99	28.21	0.0	1.4162048483016645
4	8	2021	13.99	28.58	0.0	2.147659645128373
5	8	2021	11.17	30.57	0.0	2.5456751493055596
6	8	2021	15.69	32.82	0.0	2.5129704297499327
7	8	2021	15.06	29.26	0.0	2.0866311245240787
8	8	2021	13.48	22.74	0.0	1.2276307430242888
9	8	2021	11.34	20.29	0.0	1.1132346569572753
10	8	2021	10.33	20.5	3.7	0.9935275302267906
11	8	2021	11.35	25.23	0.0	1.8494572830878209
12	8	2021	8.62	23.91	0.0	1.8888208686842891
13	8	2021	8.7	29.78	0.0	2.476132234361971
14	8	2021	15.93	37.46	0.0	2.8798514188044546
15	8	2021	15.76	32.92	0.0	2.4139364273255253
16	8	2021	14.88	26.59	0.0	1.6336698184970937
17	8	2021	10.18	18.75	4.33	0.7968057768376945
18	8	2021	9.17	17.3	3.37	0.7362510547446245
19	8	2021	7.55	19.03	4.01	0.994963654727374
20	8	2021	10.04	19.07	5.28	0.8310513500025323
21	8	2021	6.11	21.46	5.37	1.3322843893918466
22	8	2021	9.48	15.42	10.2	0.5446133516051133
23	8	2021	7.45	17.68	7.58	0.9387595647418034
24	8	2021	7.18	14.53	0.0	0.7191691116440526
25	8	2021	3.33	19.72	0.0	1.6830568684755092
26	8	2021	7.33	20.31	0.0	1.5294799004555455
27	8	2021	12.27	21.3	0.0	1.1503471755923176
28	8	2021	10.78	23.98	0.0	1.7149467193233068
29	8	2021	7.74	25.92	0.0	2.071850215750052
30	8	2021	8.94	28.84	0.0	2.2659891219655903
31	8	2021	11.77	24.78	13.66	1.3604631100805589
1	9	2021	8.72	21.29	0.0	1.418680973804432
2	9	2021	8.51	18.87	0.0	1.1108073787385109
3	9	2021	8.09	21.73	0.0	1.4908996327815631
4	9	2021	5.44	23.27	0.0	1.7590293750698962
5	9	2021	7.91	29.07	0.0	2.129230564170378
6	9	2021	10.36	22.36	1.62	1.3419205337290048
7	9	2021	7.51	23.59	0.0	1.6558068529982528
8	9	2021	5.65	25.21	0.0	1.898506901272772
9	9	2021	10.41	28.39	0.0	2.0548819788826123
10	9	2021	8.54	21.82	0.0	1.4714236441866084
11	9	2021	6.57	14.39	0.0	0.6982898021159553
12	9	2021	2.85	17.81	0.0	1.3708776676371677
13	9	2021	7.3	21.32	0.0	1.4835544001847372
14	9	2021	4.39	23.04	0.0	1.7484656235300962
15	9	2021	8.3	18.98	0.0	1.1113277442832852
16	9	2021	3.71	15.18	0.0	1.0177615871599894
17	9	2021	-1.15	19.41	0.0	1.5282599455586887
18	9	2021	11.1	32.39	0.0	2.2064810306733684
19	9	2021	6.73	20.08	0.0	1.2761406273330649
20	9	2021	1.8	18.82	0.0	1.380810166818864
21	9	2021	2.87	22.14	0.0	1.586018014590283
22	9	2021	6.01	27.64	0.0	1.8953266228165684
23	9	2021	4.47	17.16	0.0	1.0291920887889312
24	9	2021	-1.06	19.5	0.0	1.4228343128873302
25	9	2021	7.47	25.89	0.0	1.6591727572388195
26	9	2021	4.16	25.44	0.0	1.7038246807995217
27	9	2021	9.18	29.8	0.0	1.8625088731287571
28	9	2021	6.49	27.32	0.0	1.741857895988376
29	9	2021	6.27	20.93	0.0	1.1917137555267412
30	9	2021	1.79	23.93	0.0	1.5807623595404108
1	10	2021	6.05	23.26	0.0	1.37534158206355
2	10	2021	0.41	21.42	0.0	1.402571799064719
3	10	2021	5.83	23.89	0.0	1.4366370892093665
4	10	2021	2.06	20.81	0.0	1.3159268074056278
5	10	2021	5.29	23.88	0.0	1.4270070704857616
6	10	2021	7.16	26.19	0.0	1.5469757744398525
7	10	2021	2.87	14.21	0.0	0.7470397684535847
8	10	2021	0.93	16.81	0.0	1.0506459148759342
9	10	2021	-1.05	19.9	0.0	1.316950528876077
10	10	2021	-0.77	18.9	0.0	1.2286968856485418
11	10	2021	-2.05	9.08	0.0	0.6069648910652092
12	10	2021	-6.91	8.8	0.0	0.7167658133296932
13	10	2021	-4.08	4.93	3.69	0.4182722437622386
14	10	2021	-1.81	6.45	2.25	0.4170272588982625
15	10	2021	-3.56	13.63	0.0	0.8824267596481019
16	10	2021	-0.58	18.12	0.0	1.0648756031519997
17	10	2021	3.14	24.23	0.0	1.363437366431324
18	10	2021	1.52	13.49	0.0	0.7151407430681428
19	10	2021	-5.26	6.81	0.0	0.5625469477227037
20	10	2021	-7.37	7.82	0.0	0.6545233643507137
21	10	2021	-4.29	10.61	0.0	0.7222058903973475
22	10	2021	-5.44	9.39	0.0	0.6855180483576633
23	10	2021	-1.9	6.92	1.6	0.455904088616632
24	10	2021	2.03	6.47	0.0	0.2613521695610407
25	10	2021	3.27	9.45	2.67	0.3600162150051362
26	10	2021	2.34	10.73	0.0	0.5018333691473226
27	10	2021	0.05	13.47	0.0	0.746262652330855
28	10	2021	-2.07	11.14	0.0	0.6813783068969363
29	10	2021	0.55	8.72	1.55	0.4569985597634398
30	10	2021	-5.03	4.72	0.0	0.4432046947866294
31	10	2021	-8.58	4.03	0.0	0.4964929479571378
1	11	2021	-10.19	2.32	0.0	0.4562417978432427
2	11	2021	-10.16	6.79	0.0	0.627531227216063
3	11	2021	-8.01	10.29	0.0	0.7413186163317164
4	11	2021	-2.06	15.67	0.0	0.891429089102017
5	11	2021	2.25	14.38	0.0	0.7042268176150079
6	11	2021	-2.92	10.15	0.0	0.6345116032019796
7	11	2021	-5.97	9.8	0.0	0.680127491554062
8	11	2021	-5.73	8.8	0.0	0.6300222058842592
9	11	2021	-9.5	7.86	0.0	0.6454178077286779
10	11	2021	-2.11	3.35	1.1	0.2640794628782167
11	11	2021	-6.51	-2.51	0.0	0.1589733290737763
12	11	2021	-9.06	-2.8	0.0	0.2231908437495558
13	11	2021	-8.97	5.62	0.0	0.5431987670189513
14	11	2021	-5.6	2.03	0.55	0.3201103685304671
15	11	2021	-1.44	5.33	0.86	0.3355183658413023
16	11	2021	-4.57	6.24	4.95	0.4582888343625571
17	11	2021	-12.54	-5.45	0.0	0.2116930838433085
18	11	2021	-15.09	-1.5	0.0	0.370146530882634
19	11	2021	-10.7	-1.96	0.0	0.2886474031587829
20	11	2021	-11.05	0.75	0.0	0.3888778332709181
21	11	2021	-17.06	-2.37	0.0	0.3599499570760326
22	11	2021	-7.31	4.99	0.0	0.4785887615642708
23	11	2021	-9.63	2.96	0.0	0.4397655025614029
24	11	2021	-17.07	-8.31	0.0	0.201285608862745
25	11	2021	-11.43	2.55	0.0	0.4484659758572282
26	11	2021	-2.21	6.25	0.0	0.3951956023701859
27	11	2021	-6.86	2.05	0.0	0.3435729211470252
28	11	2021	-4.96	4.62	0.0	0.4009499904873434
29	11	2021	-3.56	5.49	1.04	0.3984351978103351
30	11	2021	-5.69	5.23	0.0	0.4428852928304717
1	12	2021	-0.24	6.67	0.0	0.3430906550666865
2	12	2021	-3.44	2.18	1.23	0.2456463711178063
3	12	2021	-8.13	-1.16	0.0	0.2500088852660083
4	12	2021	-10.91	-2.84	0.81	0.258332150491784
5	12	2021	-22.22	-8.55	0.86	0.2411771183157627
6	12	2021	-24.97	-13.29	0.0	0.1687469076107358
7	12	2021	-20.86	-8.79	0.0	0.2278336672226419
8	12	2021	-15.18	2.96	0.77	0.4914839338742637
9	12	2021	-12.2	-2.14	0.0	0.3036759378812838
10	12	2021	-14.14	-4.2	0.0	0.2701458868493626
11	12	2021	-10.43	4.02	0.0	0.4817356381179524
12	12	2021	-9.04	1.1	0.0	0.3541912589043974
13	12	2021	-14.28	-3.16	0.0	0.300700173747912
14	12	2021	-9.19	-2.43	0.25	0.2298672341141966
15	12	2021	-21.73	-12.53	0.0	0.1575376645630623
16	12	2021	-25.13	-17.1	0.45	0.1079738164460984
17	12	2021	-25.8	-17.84	0.92	0.1019171007995888
18	12	2021	-28.03	-8.59	0.0	0.2485978978661227
19	12	2021	-19.82	-10.04	0.0	0.1894067762490614
20	12	2021	-20.85	-12.53	0.0	0.1488074235866524
21	12	2021	-19.68	-7.37	0.0	0.2469678302017444
22	12	2021	-13.88	-6.65	2.93	0.186731175366216
23	12	2021	-14.61	-1.22	1.81	0.3604881802817097
24	12	2021	-24.63	-15.66	0.72	0.1265292163582099
25	12	2021	-29.22	-22.64	1.92	0.0646201673637687
26	12	2021	-28.5	-24.43	7.04	0.0388464671396174
27	12	2021	-34.68	-26.46	0.55	0.0546426546604199
28	12	2021	-37.13	-27.5	0.0	0.0538706766946971
29	12	2021	-34.67	-25.99	0.0	0.0583366106812251
30	12	2021	-36.55	-27.5	0.0	0.0526561067240418
31	12	2021	-35.77	-27.45	0.0	0.0510112299751137
1	1	2022	-35.22	-22.85	0.0	0.0840693216807125
2	1	2022	-26.38	-1.47	0.0	0.3828431867104782
3	1	2022	-17.2	-5.25	3.77	0.267369251400508
4	1	2022	-23.89	-12.99	1.77	0.1653933536593163
5	1	2022	-32.86	-19.92	0.0	0.1072256466804763
6	1	2022	-35.14	-26.38	0.0	0.05628609839421
7	1	2022	-24.39	-7.98	1.56	0.2598793445059378
8	1	2022	-24.48	-13.96	0.0	0.1539486741588145
9	1	2022	-28.85	-16.51	0.0	0.137229637717722
10	1	2022	-21.79	-0.36	0.0	0.4214798151424059
11	1	2022	-11.52	3.68	0.0	0.4900130580509522
12	1	2022	-2.03	5.09	0.0	0.3351374396880324
13	1	2022	-5.17	3.93	2.31	0.3665858560726031
14	1	2022	-5.84	1.55	0.0	0.2991426606643531
15	1	2022	-4.77	4.37	0.0	0.3911102097237822
16	1	2022	-4.57	4.13	0.0	0.3764330013573871
17	1	2022	-5.76	4.39	0.96	0.4211894664210476
18	1	2022	-19.46	2.42	0.0	0.5016086963696772
19	1	2022	-26.43	-15.8	0.0	0.1404334633298209
20	1	2022	-23.33	-2.8	2.07	0.3614781446853077
21	1	2022	-9.49	2.5	1.28	0.4314669949534816
22	1	2022	-7.61	4.38	1.87	0.4708887918420505
23	1	2022	-7.69	5.03	0.0	0.5014628201441461
24	1	2022	-10.48	1.96	0.0	0.4328964041039089
25	1	2022	-22.44	-4.98	0.0	0.3317961372952671
26	1	2022	-9.63	2.1	0.0	0.4269959288858246
27	1	2022	-7.6	1.13	0.0	0.3446932084590843
28	1	2022	-10.91	1.26	0.0	0.4216057358008894
29	1	2022	-8.76	2.33	0.0	0.4243485010341093
30	1	2022	-4.6	5.19	0.0	0.4484695169797384
31	1	2022	-12.49	3.65	3.79	0.5093855990924141
1	2	2022	-26.09	-17.45	0.0	0.120453493680945
2	2	2022	-32.25	-23.33	0.0	0.0798098738012771
3	2	2022	-30.21	-19.6	0.0	0.1145822953082804
4	2	2022	-31.87	-6.82	6.81	0.2813764795495633
5	2	2022	-14.92	-6.18	1.01	0.2505199940018495
6	2	2022	-16.53	1.59	0.0	0.5098525467692236
7	2	2022	-5.22	5.52	0.0	0.502310472504774
8	2	2022	-4.19	2.69	0.0	0.3340361752099219
9	2	2022	-7.92	2.89	0.71	0.4582193672173968
10	2	2022	-8.64	5.23	1.02	0.5763635985166254
11	2	2022	-17.98	-11.84	0.0	0.1491485242781112
12	2	2022	-17.04	-6.54	0.0	0.2843671946703142
13	2	2022	-15.58	1.95	0.0	0.535975151793816
14	2	2022	-17.51	-9.29	1.18	0.2133905784453631
15	2	2022	-14.84	-6.99	1.57	0.238452659955161
16	2	2022	-24.06	-15.56	0.48	0.1482294172869266
17	2	2022	-26.21	-3.31	0.0	0.4051000166845342
18	2	2022	-20.09	-6.52	0.0	0.3250658369907805
19	2	2022	-17.44	3.53	4.07	0.57351502822703
20	2	2022	-22.39	-15.46	0.0	0.13559217413719
21	2	2022	-28.16	-19.93	0.0	0.1109102736518965
22	2	2022	-31.39	-20.27	0.0	0.1243920342937629
23	2	2022	-30.47	-18.73	0.0	0.1428995864285338
24	2	2022	-26.58	-16.58	0.0	0.15897251463616
25	2	2022	-26.27	-7.9	0.0	0.3256026495340569
26	2	2022	-13.84	-2.31	0.0	0.409752207966031
27	2	2022	-11.79	-6.35	0.0	0.2083112669382105
28	2	2022	-13.67	-7.13	0.0	0.2307650796784713
1	3	2022	-12.7	-6.85	0.0	0.2185348616381151
2	3	2022	-16.01	-9.12	0.0	0.2191597909419814
3	3	2022	-17.33	-10.01	6.94	0.1987770453322536
4	3	2022	-11.76	-8.3	4.05	0.1251944241978879
5	3	2022	-16.72	-10.09	0.0	0.2088028365994163
6	3	2022	-18.31	-4.7	0.0	0.4124234408403557
7	3	2022	-15.47	1.67	1.05	0.6118406060215865
8	3	2022	-17.68	-8.74	0.0	0.2805773910219462
9	3	2022	-23.9	-14.23	0.0	0.2079613104308898
10	3	2022	-23.51	-12.59	0.0	0.2441996880575287
11	3	2022	-30.31	-9.96	0.0	0.30732186624544
12	3	2022	-15.64	2.99	0.0	0.7025058756300535
13	3	2022	-11.56	-2.26	0.0	0.4179229661568887
14	3	2022	-11.33	0.53	0.0	0.5507666453623176
15	3	2022	-5.84	4.74	0.0	0.6766085209940312
16	3	2022	-3.5	4.16	0.0	0.5091162356592475
17	3	2022	-5.99	5.42	0.0	0.7570614195856589
18	3	2022	-1.82	5.79	0.0	0.5601559159846625
19	3	2022	-3.45	6.51	0.0	0.7810292001087085
20	3	2022	-1.27	4.64	1.41	0.4478591830982952
21	3	2022	-1.05	6.02	0.0	0.6148361118984088
22	3	2022	-2.49	8.13	0.0	0.9635768546997128
23	3	2022	-1.6	12.99	0.0	1.36210078044076
24	3	2022	-0.66	7.11	1.44	0.7435716758310792
25	3	2022	-6.49	0.67	0.0	0.4837638099693094
26	3	2022	-9.25	-2.76	0.0	0.3686431960564314
27	3	2022	-7.12	8.07	0.0	1.1400123355835594
28	3	2022	-2.35	8.17	0.0	1.1171825464887188
29	3	2022	-5.5	1.94	0.0	0.6461836180223741
30	3	2022	-7.63	9.64	0.0	1.3256033113897
31	3	2022	-1.15	4.88	1.95	0.6315435853912443
1	4	2022	-3.98	5.14	0.0	0.9001681552841982
2	4	2022	-6.99	7.32	0.0	1.1868386404283682
3	4	2022	-3.98	11.61	0.0	1.481734019562238
4	4	2022	-1.55	15.83	0.0	1.826260809963117
5	4	2022	-0.76	8.73	2.82	0.9303226972812964
6	4	2022	-1.1	7.18	0.83	0.9933184479797288
7	4	2022	-3.57	10.94	0.0	1.484603118583289
8	4	2022	-1.38	18.52	0.0	2.052938162901287
9	4	2022	0.01	12.15	0.0	1.540416302133481
10	4	2022	-4.11	6.73	0.0	1.155386526879998
11	4	2022	-8.31	-1.47	0.0	0.5296066488628556
12	4	2022	-10.22	-5.6	0.0	0.266989357888434
13	4	2022	-9.86	-5.43	2.17	0.2296585299813602
14	4	2022	-9.15	-3.69	2.17	0.2994647854853012
15	4	2022	-10.15	-2.24	0.0	0.6019697780380919
16	4	2022	-9.73	1.07	0.0	0.8907662145027457
17	4	2022	-7.63	4.0	0.0	1.0904308133920877
18	4	2022	-7.47	8.54	0.0	1.4426396591240191
19	4	2022	-2.83	4.4	2.82	0.6744943550366201
20	4	2022	-4.55	1.5	2.29	0.4507858240049709
21	4	2022	-8.45	5.38	0.0	1.2185690709245391
22	4	2022	-2.4	3.41	0.76	0.7022330003468665
23	4	2022	0.01	9.35	1.72	1.3991654788314671
24	4	2022	-2.57	11.5	0.0	1.7004282032599658
25	4	2022	-2.23	11.02	0.0	1.6534753670640947
26	4	2022	-2.76	15.32	0.0	1.9879008899324615
27	4	2022	0.97	15.62	0.0	2.0460500064349287
28	4	2022	0.74	17.56	0.0	2.1700056338050637
29	4	2022	0.46	16.46	0.0	2.103257279014598
30	4	2022	1.46	17.32	0.0	2.162773414036412
1	5	2022	0.72	15.14	0.0	2.0020349990235227
2	5	2022	-0.39	18.32	0.0	2.211721776849822
3	5	2022	3.95	19.91	0.0	2.350805796518038
4	5	2022	0.97	23.96	0.0	2.565658084989407
5	5	2022	8.21	27.29	0.0	2.8520981557940064
6	5	2022	9.73	22.27	2.99	2.222647652708739
7	5	2022	5.78	14.47	7.51	1.385125414945625
8	5	2022	3.07	15.09	0.0	1.8218053157509368
9	5	2022	-0.29	14.84	0.0	1.8947992427287363
10	5	2022	3.12	13.84	2.53	1.340202715768728
11	5	2022	-0.43	18.58	0.0	2.1659511913484533
12	5	2022	3.27	19.91	0.0	2.275022387403309
13	5	2022	4.83	10.78	11.59	0.6439281175016336
14	5	2022	2.68	16.75	0.0	1.8789337088964864
15	5	2022	3.37	20.41	0.0	2.226445491509781
16	5	2022	4.93	20.59	0.0	2.2200891146058632
17	5	2022	6.15	19.93	2.3	1.731510860877647
18	5	2022	6.79	16.57	0.9	1.5750422624134397
19	5	2022	1.19	10.92	3.19	0.9665945229658696
20	5	2022	0.64	8.26	0.0	0.8626700803036191
21	5	2022	-0.77	14.15	0.0	1.7440621246548025
22	5	2022	0.68	16.69	0.0	1.9529016319051775
23	5	2022	1.74	22.44	0.0	2.4392611709364016
24	5	2022	4.7	24.2	0.0	2.579610013223295
25	5	2022	6.4	23.99	0.0	2.538802677639033
26	5	2022	5.91	23.92	0.0	2.548105104571711
27	5	2022	6.92	21.02	1.92	2.1984715475745245
28	5	2022	8.16	22.76	0.0	2.3363097491958422
29	5	2022	9.48	20.33	0.0	1.88875208711322
30	5	2022	6.71	17.88	0.0	1.7870217193247346
31	5	2022	3.18	18.74	0.0	2.1093672095320173
1	6	2022	2.47	19.72	0.0	2.2320467169556086
2	6	2022	4.17	21.42	0.0	2.418455522120469
3	6	2022	2.66	22.99	0.0	2.525371396617609
4	6	2022	4.34	24.77	0.0	2.6549157294929815
5	6	2022	6.65	20.21	0.0	2.281593212511817
6	6	2022	5.81	20.48	0.0	2.335411740570131
7	6	2022	7.81	20.76	0.0	2.2944473622906036
8	6	2022	6.81	24.3	3.57	2.316813042231289
9	6	2022	11.49	24.18	6.88	2.009408612057644
10	6	2022	10.71	26.05	2.35	2.217160666586425
11	6	2022	8.22	23.91	0.0	2.522930053362867
12	6	2022	8.76	24.6	5.99	2.119877125941581
13	6	2022	11.4	21.27	6.01	1.375544469665954
14	6	2022	6.84	18.89	0.0	1.8241846954967045
15	6	2022	5.03	16.94	5.23	1.3560351124514085
16	6	2022	11.3	20.83	0.0	1.6091756352165554
17	6	2022	11.05	29.28	0.0	2.829554481706872
18	6	2022	17.46	31.43	0.0	2.6556588615901786
19	6	2022	15.75	21.12	4.83	0.6301850113548763
20	6	2022	14.24	20.74	3.15	0.7457379922369975
21	6	2022	11.74	22.68	0.99	1.8385881735453249
22	6	2022	10.92	27.9	0.0	2.6419372228820315
23	6	2022	10.48	26.35	5.74	2.0429819237865554
24	6	2022	7.95	18.25	2.21	1.1883311756588184
25	6	2022	8.28	21.02	3.45	1.5292293397941492
26	6	2022	8.59	24.9	0.0	2.3590586747502167
27	6	2022	10.05	23.47	0.0	2.0864556263717065
28	6	2022	9.39	22.5	2.34	1.5948823363684022
29	6	2022	12.47	24.91	0.0	2.0382655791894604
30	6	2022	9.49	23.06	0.0	2.064415806863891
1	7	2022	8.34	23.99	0.0	2.258847825360762
2	7	2022	10.1	22.61	3.03	1.5514362356291802
3	7	2022	10.85	23.38	1.07	1.9912078343024435
4	7	2022	12.64	18.06	7.17	0.6310872088666373
5	7	2022	12.19	18.37	2.98	0.715870980966801
6	7	2022	12.66	24.27	0.0	1.933604110543888
7	7	2022	12.49	24.15	1.53	1.9330423931746257
8	7	2022	16.7	31.35	3.41	2.036329272466156
9	7	2022	16.07	28.98	2.28	1.7721634160411537
10	7	2022	13.86	25.05	3.59	1.4547871657757676
11	7	2022	10.98	27.07	0.0	2.362740727371219
12	7	2022	10.59	30.17	0.0	2.6655059637041387
13	7	2022	16.17	33.14	2.97	2.1882722183934535
14	7	2022	14.97	28.04	0.0	2.144668126584537
15	7	2022	16.25	33.7	0.0	2.7266320786631417
16	7	2022	14.95	35.15	0.0	2.908202952436559
17	7	2022	15.77	31.42	0.0	2.4744307941247894
18	7	2022	14.36	28.93	18.97	1.8148545976872428
19	7	2022	15.14	28.49	7.75	1.5869146621363364
20	7	2022	12.73	24.75	0.0	1.6740790820249158
21	7	2022	10.95	28.44	0.0	2.267184224952856
22	7	2022	11.24	24.9	0.0	1.831030879157985
23	7	2022	8.85	21.96	0.0	1.6615318805278567
24	7	2022	7.92	28.25	0.0	2.3603852279979005
25	7	2022	13.35	20.58	2.94	0.801820023868804
26	7	2022	10.55	24.26	0.0	1.7778889849985584
27	7	2022	7.89	25.76	0.0	2.10244211805685
28	7	2022	8.26	27.72	0.0	2.2557728474118353
29	7	2022	13.12	33.53	0.0	2.563471888374694
30	7	2022	15.44	25.68	2.89	1.1350665830736222
31	7	2022	13.58	27.8	6.32	1.506683863670902
1	8	2022	14.71	26.48	0.0	1.5382521565708405
2	8	2022	13.54	24.93	0.0	1.4405204448293525
3	8	2022	8.18	25.81	0.0	1.975108970635309
4	8	2022	10.92	34.04	0.0	2.568921166694734
5	8	2022	8.81	18.84	0.0	1.076674375117609
6	8	2022	4.78	22.74	0.0	1.8206403967738207
7	8	2022	11.58	30.22	0.0	2.2040245949602384
8	8	2022	11.06	32.98	0.0	2.4621182769680874
9	8	2022	9.87	25.98	0.0	1.833657954734381
10	8	2022	10.39	26.04	0.0	1.7922319700087603
11	8	2022	15.51	25.91	0.0	1.2310018443457111
12	8	2022	11.76	31.77	0.0	2.3480254389050534
13	8	2022	15.94	32.7	1.67	2.1579453740604873
14	8	2022	15.46	30.85	0.0	1.958982448934797
15	8	2022	12.19	29.53	0.0	2.056299631223196
16	8	2022	13.81	34.51	0.0	2.4464492135454186
17	8	2022	16.09	29.76	0.0	1.7301819846963271
18	8	2022	12.52	29.31	0.0	1.996665106980711
19	8	2022	10.71	29.4	0.0	2.097931451184147
20	8	2022	14.21	31.79	0.0	2.1119856106606005
21	8	2022	12.68	33.92	0.0	2.384231189785297
22	8	2022	16.4	26.53	0.0	1.146205663006037
23	8	2022	14.24	26.54	0.0	1.4213267798443607
24	8	2022	10.69	26.88	0.0	1.7662037152904682
25	8	2022	10.39	28.34	0.0	1.9205227523079016
26	8	2022	13.0	28.53	9.42	1.4331615641957995
27	8	2022	13.55	30.58	0.0	1.8858417368739824
28	8	2022	12.52	21.5	0.0	0.9405960033626812
29	8	2022	8.83	27.33	0.0	1.831209827926362
30	8	2022	10.4	31.67	0.0	2.123513150707857
31	8	2022	13.73	35.09	0.0	2.236423394236942
1	9	2022	14.32	32.24	0.0	1.9080359313425663
2	9	2022	6.04	26.81	0.0	1.832748642766323
3	9	2022	12.14	36.41	0.0	2.3575945523945023
4	9	2022	15.56	34.57	0.0	1.9944061487754097
5	9	2022	12.57	31.19	0.0	1.8489074661709803
6	9	2022	8.72	24.73	0.0	1.4434231078831063
7	9	2022	10.28	35.05	0.0	2.265990032576565
8	9	2022	7.12	19.52	0.0	1.063189658217403
9	9	2022	3.47	17.26	0.0	1.067129733371638
10	9	2022	2.03	22.77	0.0	1.572067016272941
11	9	2022	8.31	32.02	0.0	2.101876250384265
12	9	2022	8.93	23.08	0.0	1.268235134069359
13	9	2022	9.13	15.13	1.44	0.5303229398796159
14	9	2022	7.54	15.48	1.43	0.6739302298544325
15	9	2022	5.77	16.01	0.0	0.8295281649983981
16	9	2022	10.38	20.2	0.0	0.8864532404665012
17	9	2022	7.87	23.24	0.0	1.3386955330816193
18	9	2022	5.14	22.17	0.0	1.4006207656682814
19	9	2022	8.71	18.12	3.24	0.740791676786703
20	9	2022	4.47	13.63	0.0	0.7068379874489753
21	9	2022	-0.44	16.87	0.0	1.1621969491616952
22	9	2022	1.85	18.52	1.15	1.216085560368357
23	9	2022	4.81	19.84	0.0	1.1833104805449957
24	9	2022	6.42	21.48	0.0	1.2515346891072308
25	9	2022	2.02	21.9	0.0	1.4557856960296889
26	9	2022	6.31	22.93	0.0	1.360304731422651
27	9	2022	6.25	25.44	0.0	1.5661602077662655
28	9	2022	8.78	30.74	0.0	1.867697578843829
29	9	2022	7.94	30.07	0.0	1.8281181478733772
30	9	2022	10.44	23.15	0.0	1.0592780786820244
1	10	2022	7.37	19.54	0.0	0.9456660538783987
2	10	2022	5.29	19.53	0.0	1.060306560589775
3	10	2022	6.94	22.29	0.0	1.258503142276307
4	10	2022	7.72	25.76	0.0	1.529852176109297
5	10	2022	3.31	11.99	0.0	0.6000749380926731
6	10	2022	-3.84	9.94	0.0	0.7453426853493472
7	10	2022	-2.48	19.71	0.0	1.3509416270802876
8	10	2022	3.39	22.64	0.0	1.433280799954027
9	10	2022	3.38	22.44	0.0	1.4254816621504842
10	10	2022	3.17	25.31	0.0	1.6135518953019516
11	10	2022	3.6	14.69	0.0	0.7490371427827819
12	10	2022	2.46	11.23	0.0	0.5699329172484857
13	10	2022	-0.25	14.02	0.0	0.8791350402231382
14	10	2022	-1.99	15.55	1.26	1.0321111078540934
15	10	2022	-1.93	8.87	0.0	0.5915772878735759
16	10	2022	-4.17	8.99	0.0	0.662029411153602
17	10	2022	-2.62	17.34	0.0	1.2537113469906709
18	10	2022	1.01	22.48	0.0	1.6258498569978312
19	10	2022	2.19	21.57	0.0	1.5291591626596308
20	10	2022	3.26	15.18	0.0	0.9298597566177188
21	10	2022	0.56	11.33	0.0	0.710843797834417
22	10	2022	-3.88	10.42	4.69	0.6943444793844246
23	10	2022	-0.89	3.0	11.68	0.1963518015373886
24	10	2022	-2.75	0.77	0.0	0.174013517275124
25	10	2022	-3.46	3.08	0.0	0.3176605217589473
26	10	2022	-4.33	5.92	0.0	0.4874861538032751
27	10	2022	-0.67	9.61	0.0	0.5603053118609336
28	10	2022	-0.14	9.94	0.0	0.5592608638650556
29	10	2022	-1.6	12.95	0.0	0.7976422869546613
30	10	2022	-0.88	14.48	0.0	0.9251249596791188
31	10	2022	-0.94	8.73	0.0	0.5144342259883031
1	11	2022	-0.31	9.23	0.0	0.5174643270184115
2	11	2022	-2.74	0.99	0.0	0.1811724011958698
3	11	2022	-8.06	-2.85	0.0	0.2007361517493258
4	11	2022	-9.22	3.93	2.0	0.5108549718477228
5	11	2022	-5.3	3.43	12.29	0.3733879892026451
6	11	2022	-12.25	-6.65	0.0	0.1780962835913809
7	11	2022	-14.64	-6.91	5.85	0.2082842700711615
8	11	2022	-18.2	-7.37	0.0	0.2587690921880723
9	11	2022	-24.06	-15.36	0.0	0.1403999310818844
10	11	2022	-23.79	-14.6	0.0	0.1513495320489788
11	11	2022	-21.57	-10.74	0.0	0.2084478534639295
12	11	2022	-21.35	-10.28	1.4	0.2160319149048659
13	11	2022	-14.12	-5.72	0.0	0.2442587570802642
14	11	2022	-11.56	-5.14	0.9	0.2103746520267576
15	11	2022	-9.93	-3.63	0.0	0.2237074826139399
16	11	2022	-10.42	-2.78	0.0	0.2673121936766492
17	11	2022	-16.52	-10.27	0.0	0.1559640388882929
18	11	2022	-16.82	-7.21	0.0	0.2414380409220055
19	11	2022	-12.42	-3.97	0.0	0.2680130119890485
20	11	2022	-11.59	0.7	0.0	0.4087839170608296
21	11	2022	-11.37	1.46	1.13	0.4305354442373231
22	11	2022	-6.08	2.6	0.0	0.3677467836224111
23	11	2022	-4.73	2.18	0.0	0.3072906875349453
24	11	2022	-6.46	4.17	0.0	0.4392920096461301
25	11	2022	-0.16	6.81	0.0	0.3682632431410836
26	11	2022	-3.6	2.62	0.0	0.2865849575908121
27	11	2022	-4.4	2.7	2.95	0.3021902585834168
28	11	2022	-11.46	-5.48	5.14	0.1815396488070792
29	11	2022	-16.81	-10.95	0.0	0.1383065912241399
30	11	2022	-21.22	-14.28	2.03	0.1199987329139077
1	12	2022	-23.25	-15.37	0.77	0.1260650431637331
2	12	2022	-29.35	-21.72	0.0	0.0786343907389037
3	12	2022	-24.68	-11.13	0.0	0.2067129954827635
4	12	2022	-15.47	-3.27	0.0	0.3190678453230984
5	12	2022	-24.17	-14.09	0.71	0.1528327658981364
6	12	2022	-33.15	-21.96	0.0	0.0898044280884171
7	12	2022	-34.65	-8.49	0.0	0.2356901650700842
8	12	2022	-15.15	-5.25	0.0	0.2570938595330496
9	12	2022	-10.93	-2.12	0.0	0.2833548314100491
10	12	2022	-16.84	-6.3	0.0	0.2494301084041427
11	12	2022	-10.52	-4.4	1.6	0.1971337275710414
12	12	2022	-12.49	-7.62	2.98	0.1346797844639696
13	12	2022	-16.13	-11.74	0.0	0.102295289098711
14	12	2022	-18.11	-8.4	0.36	0.2115691372963463
15	12	2022	-16.73	-10.88	0.0	0.1335192080023372
16	12	2022	-20.28	-13.39	0.6	0.1279173108966847
17	12	2022	-20.69	-14.83	1.09	0.1045564821200902
18	12	2022	-25.8	-20.32	1.0	0.0686921009636464
19	12	2022	-31.13	-23.16	2.05	0.0676391384221072
20	12	2022	-35.43	-29.05	1.8	0.0389914195675281
21	12	2022	-33.51	-28.01	0.85	0.038659584458021
22	12	2022	-32.22	-26.02	0.0	0.0490980122805916
23	12	2022	-35.31	-20.54	0.0	0.1047847891858399
24	12	2022	-23.36	-11.37	2.81	0.1863775602137364
25	12	2022	-16.88	-8.67	0.0	0.1907807630448037
26	12	2022	-15.39	0.71	0.0	0.4255643559304126
27	12	2022	-10.48	-2.77	7.69	0.2424325488821357
28	12	2022	-16.41	-8.93	1.91	0.1772556696444296
29	12	2022	-14.96	-10.08	0.0	0.1227745688675351
30	12	2022	-16.39	-8.12	0.0	0.1979398133443442
31	12	2022	-18.14	-10.23	0.0	0.1707536285572549
1	1	2023	-18.21	-6.5	0.0	0.2560673797736229
2	1	2023	-14.58	-4.81	0.0	0.2595337353186699
3	1	2023	-14.86	-5.78	0.0	0.2368762835674206
4	1	2023	-17.67	-9.22	0.0	0.18712250193394
5	1	2023	-17.74	-10.37	0.0	0.1613238070937166
6	1	2023	-16.95	-5.33	0.0	0.2750152635433555
7	1	2023	-12.44	-3.45	0.0	0.2686026263250791
8	1	2023	-14.02	-4.73	0.0	0.2565051783504061
9	1	2023	-13.64	-4.08	0.0	0.2702996197426743
10	1	2023	-15.77	-9.56	0.0	0.1529073132585926
11	1	2023	-15.42	-9.61	0.0	0.1460126743999987
12	1	2023	-13.89	-6.71	0.0	0.1991500825221295
13	1	2023	-11.94	-2.4	0.0	0.2977066409164499
14	1	2023	-11.58	-4.18	0.0	0.234230954563135
15	1	2023	-9.82	-6.86	0.0	0.0997239929404905
16	1	2023	-9.31	-7.29	0.0	0.0700128080222565
17	1	2023	-10.39	-7.04	0.0	0.1108972462069178
18	1	2023	-8.54	-3.18	0.0	0.1986390936000022
19	1	2023	-9.81	-4.53	0.0	0.1840944835542114
20	1	2023	-14.03	-4.64	0.0	0.2693157047227954
21	1	2023	-12.26	-0.87	0.0	0.3715633023580174
22	1	2023	-7.0	1.1	0.0	0.33290376031831
23	1	2023	-12.78	-1.66	0.82	0.3851490741323748
24	1	2023	-10.27	-2.32	0.0	0.2898948243883351
25	1	2023	-8.09	-0.9	1.54	0.2985232526112115
26	1	2023	-9.02	3.48	0.99	0.5983673848485014
27	1	2023	-19.22	-4.66	0.0	0.3528175470587062
28	1	2023	-24.3	-18.27	0.0	0.0950051199793247
29	1	2023	-25.78	-19.66	0.0	0.0874791479080809
30	1	2023	-25.95	-17.71	0.0	0.1199410362094453
31	1	2023	-23.31	-12.99	0.0	0.1840075941319162
1	2	2023	-23.27	-11.71	1.7	0.2091569646166767
2	2	2023	-27.7	-17.53	0.0	0.1354102920112545
3	2	2023	-19.64	-2.02	0.0	0.4688687682279449
4	2	2023	-7.3	0.05	0.0	0.406768793783041
5	2	2023	-10.97	1.4	0.0	0.6026650741029794
6	2	2023	-4.73	0.72	0.0	0.3205938867309736
7	2	2023	-4.72	2.93	0.0	0.5579909919490554
8	2	2023	-9.3	-0.49	1.87	0.4910332257108411
9	2	2023	-13.66	-2.55	0.0	0.4712997611501672
10	2	2023	-9.42	4.48	0.0	0.7979306429537794
11	2	2023	-6.72	1.13	0.0	0.5316454745097771
12	2	2023	-7.73	1.45	0.0	0.6099395223455972
13	2	2023	-4.01	3.36	0.0	0.6160519717662055
14	2	2023	-17.08	-4.76	0.0	0.4346487586279927
15	2	2023	-17.31	-9.91	0.0	0.2113431743381648
16	2	2023	-19.36	-2.04	0.0	0.5410099074055607
17	2	2023	-9.05	-0.53	0.0	0.5284851492880001
18	2	2023	-12.71	-4.12	0.0	0.407648756155847
19	2	2023	-12.86	-6.38	1.36	0.268964480601951
20	2	2023	-21.01	-11.0	0.0	0.2572654375977097
21	2	2023	-27.08	-18.02	0.0	0.1376732681866333
22	2	2023	-30.88	-25.56	0.0	0.0582748281596546
23	2	2023	-29.5	-21.94	0.0	0.0962833078339163
24	2	2023	-31.05	-19.92	0.0	0.1323142057050783
25	2	2023	-27.94	-12.24	0.0	0.269598666215848
26	2	2023	-18.34	-2.79	0.0	0.5851218054690552
27	2	2023	-15.98	-6.09	0.0	0.4345602900598077
28	2	2023	-20.76	-11.08	0.0	0.2822497941981382
1	3	2023	-19.95	-7.09	0.0	0.4350535035413241
2	3	2023	-12.74	0.84	0.0	0.7925007997247911
3	3	2023	-10.6	-0.75	0.0	0.6841661361979398
4	3	2023	-15.23	-5.41	0.0	0.4876963922012589
5	3	2023	-20.94	-11.51	0.0	0.2907467751442811
6	3	2023	-25.59	-13.67	0.0	0.2604376814383903
7	3	2023	-18.07	-13.06	0.0	0.1463492906098734
8	3	2023	-19.72	-14.07	0.95	0.1523076668224053
9	3	2023	-19.22	-11.01	0.0	0.3017808523227156
10	3	2023	-14.55	-7.2	3.87	0.3104555561007025
11	3	2023	-12.68	-7.05	3.79	0.2462573327549128
12	3	2023	-19.42	-9.32	0.0	0.4097244347572972
13	3	2023	-17.55	-3.44	0.0	0.6691531943086916
14	3	2023	-11.49	0.68	1.12	0.9056696492402904
15	3	2023	-14.91	-4.01	2.25	0.5379090902217603
16	3	2023	-14.72	-5.56	0.0	0.5574399037455816
17	3	2023	-20.93	-8.4	0.0	0.4726681810048322
18	3	2023	-19.46	-0.94	0.0	0.7684023625187162
19	3	2023	-14.96	-3.26	0.0	0.7130292929694994
20	3	2023	-13.75	-6.88	0.0	0.4473320727363353
21	3	2023	-15.51	-6.84	0.0	0.5153155210955853
22	3	2023	-16.27	-6.81	0.0	0.5397162342260092
23	3	2023	-15.35	2.29	0.0	0.9691498581406844
24	3	2023	-14.57	-3.99	0.0	0.6928225410078762
25	3	2023	-19.12	-4.22	0.0	0.6827433649051915
26	3	2023	-14.63	-6.51	0.0	0.5302556867761055
27	3	2023	-19.59	-8.74	0.0	0.4944279365326502
28	3	2023	-21.78	-6.58	0.0	0.5866087845751395
29	3	2023	-18.43	-1.33	0.0	0.8182800621504541
30	3	2023	-12.85	-1.92	0.0	0.8460013661302583
31	3	2023	-14.93	0.04	0.0	0.9228214827943408
1	4	2023	-8.69	3.12	0.0	1.1178901494226785
2	4	2023	-8.53	-2.98	3.05	0.454399672823433
3	4	2023	-13.82	-8.2	1.75	0.3638366770032957
4	4	2023	-19.39	-7.26	0.0	0.5646928778733944
5	4	2023	-22.93	-6.5	0.0	0.583996427206339
6	4	2023	-20.98	-4.42	0.0	0.6820844261182447
7	4	2023	-13.09	1.41	0.0	1.023096443731066
8	4	2023	-3.96	6.06	0.0	1.2974549850004788
9	4	2023	0.41	8.09	0.0	1.3563163206329796
10	4	2023	2.52	9.25	0.0	1.3464465928237832
11	4	2023	0.69	10.85	0.0	1.5874139009634065
12	4	2023	-0.05	8.35	0.0	1.419142012050642
13	4	2023	-1.9	6.69	0.7	1.3366221667131155
14	4	2023	-1.08	8.53	0.0	1.4634827926520129
15	4	2023	-2.06	12.05	0.0	1.7072594460101167
16	4	2023	-0.89	15.02	0.0	1.8985039413416855
17	4	2023	2.57	16.36	0.0	1.9376325991599224
18	4	2023	0.08	6.58	4.42	0.88558549176146
19	4	2023	-4.09	-0.18	7.83	0.2599618418679077
20	4	2023	-5.27	-1.36	1.18	0.293204586140758
21	4	2023	-5.29	1.75	0.0	0.7372591521937463
22	4	2023	-4.99	6.51	0.0	1.270838198041244
23	4	2023	-5.04	8.97	0.0	1.48413029874768
24	4	2023	-1.77	10.85	0.0	1.6350700445630566
25	4	2023	1.9	16.79	1.83	2.021061085542335
26	4	2023	1.26	14.95	0.0	1.904323134518301
27	4	2023	2.04	10.62	0.0	1.4691553799272847
28	4	2023	-0.73	18.67	0.0	2.119366799495916
29	4	2023	-1.11	16.03	0.0	1.9706926841093584
30	4	2023	-2.14	16.0	0.0	1.9587350864675976
1	5	2023	-0.24	20.07	0.0	2.21536190657582
2	5	2023	2.98	25.68	0.0	2.5759528423420983
3	5	2023	5.48	26.73	0.0	2.671317388210622
4	5	2023	6.17	26.71	0.0	2.6798178801548187
5	5	2023	4.75	19.48	0.0	2.2117377895599497
6	5	2023	4.35	16.91	0.0	2.0307426596379847
7	5	2023	7.1	17.95	0.0	2.066955906225333
8	5	2023	6.96	18.96	0.0	2.1594328876013646
9	5	2023	3.53	20.45	0.0	2.2988083643466193
10	5	2023	7.36	20.81	0.0	2.2970403142532057
11	5	2023	5.82	20.57	0.0	2.2997311289558073
12	5	2023	8.45	17.91	0.0	2.0127815668170763
13	5	2023	4.85	23.51	0.0	2.5099861439727604
14	5	2023	5.55	25.51	0.0	2.6405798908844464
15	5	2023	9.35	27.11	0.0	2.74844701031315
16	5	2023	9.7	30.4	0.0	2.9699580155929213
17	5	2023	5.72	17.79	0.0	2.073585429126082
18	5	2023	3.72	15.65	0.0	1.9349712067699656
19	5	2023	1.23	25.57	0.0	2.602224525666327
20	5	2023	11.15	25.21	0.0	2.553406542248907
21	5	2023	6.88	24.86	0.0	2.589124537592358
22	5	2023	11.85	30.8	3.85	2.7247815327915896
23	5	2023	11.24	24.94	0.0	2.520925545978176
24	5	2023	10.47	22.31	10.12	2.0750390157925342
25	5	2023	12.22	15.83	2.95	0.3870002210595684
26	5	2023	10.23	19.39	0.0	1.7830824943816297
27	5	2023	8.03	16.73	7.31	1.2267595349181633
28	5	2023	12.72	20.5	1.11	1.5309343955743715
29	5	2023	10.21	26.62	0.0	2.7320884313494096
30	5	2023	10.99	28.3	2.35	2.467889641431636
31	5	2023	11.65	30.08	0.0	2.985155915727292
1	6	2023	13.91	26.03	8.21	1.984585006749548
2	6	2023	12.67	22.64	0.0	1.910048962609791
3	6	2023	16.09	25.7	4.5	1.5888711553088095
4	6	2023	14.96	29.79	0.0	2.80961630276135
5	6	2023	17.06	32.2	0.0	2.97119663489793
6	6	2023	15.92	27.06	0.0	2.2795951208288647
7	6	2023	12.91	28.5	0.0	2.7887075666715404
8	6	2023	13.36	29.23	0.0	2.8584526429288486
9	6	2023	11.72	25.26	0.0	2.4974183458939834
10	6	2023	10.02	23.79	0.0	2.468498945088747
11	6	2023	10.09	27.83	0.0	2.878123238976829
12	6	2023	11.98	29.91	0.0	3.013982329987239
13	6	2023	12.59	30.62	0.0	3.0618742796707306
14	6	2023	12.76	28.78	4.45	2.486022216824713
15	6	2023	8.91	17.59	0.0	1.5646287328089286
16	6	2023	6.39	24.64	0.0	2.6799130790947125
17	6	2023	11.9	20.72	0.0	1.7496248248056476
18	6	2023	8.01	23.78	20.14	2.145321431633421
19	6	2023	8.95	21.94	0.0	2.1039539592477774
20	6	2023	7.87	22.22	0.0	2.2228157294045863
21	6	2023	7.65	20.29	0.0	1.9938990008855324
22	6	2023	7.91	23.62	0.0	2.39580196981634
23	6	2023	8.27	25.75	0.0	2.5996476756484457
24	6	2023	9.1	26.17	0.0	2.5933509521555647
25	6	2023	10.77	28.94	0.0	2.8057808984006276
26	6	2023	11.38	25.93	0.0	2.4097604682990523
27	6	2023	11.02	28.33	0.0	2.703364907907964
28	6	2023	11.35	25.44	0.0	2.3256217675131916
29	6	2023	9.94	27.63	0.0	2.672330550467661
30	6	2023	13.95	30.07	0.0	2.746960145265651
1	7	2023	13.87	32.49	0.0	3.009954689907939
2	7	2023	12.15	22.79	0.0	1.825163453330077
3	7	2023	9.61	21.78	0.0	1.9595027522824375
4	7	2023	7.74	18.96	0.0	1.7070630116803711
5	7	2023	6.47	23.94	0.0	2.4249416999037865
6	7	2023	8.61	26.51	0.0	2.6075367375974956
7	7	2023	8.07	24.95	0.0	2.4547467914907486
8	7	2023	9.03	28.2	0.0	2.749606124297188
9	7	2023	11.53	30.27	0.0	2.86394919821967
10	7	2023	10.52	23.74	0.0	2.114479554495592
11	7	2023	9.24	21.54	0.0	1.9103090799973557
12	7	2023	9.48	24.54	0.0	2.31123688801865
13	7	2023	11.64	25.84	0.0	2.339522918209277
14	7	2023	10.54	22.51	0.0	1.9471793430527091
15	7	2023	8.25	24.25	0.0	2.3382783578455504
16	7	2023	8.19	23.51	0.0	2.253344331804784
17	7	2023	9.01	26.74	8.02	2.1185208203302035
18	7	2023	11.42	19.95	4.14	0.9838647567674192
19	7	2023	13.03	23.96	0.0	1.8635537060039464
20	7	2023	10.55	27.24	0.0	2.5515847694371216
21	7	2023	11.28	29.36	0.0	2.732942834003002
22	7	2023	11.64	29.76	0.0	2.748267804023655
23	7	2023	14.41	30.69	0.0	2.6998762872165845
24	7	2023	15.82	35.03	0.0	3.088672325020378
25	7	2023	18.39	33.63	0.0	2.773007180390016
26	7	2023	11.83	27.07	0.0	2.4155381527879194
27	7	2023	9.05	22.15	0.0	1.9640050598461256
28	7	2023	7.77	21.09	0.0	1.9121029111513463
29	7	2023	5.86	23.97	0.0	2.328656222239806
30	7	2023	9.33	29.78	0.0	2.770431131447744
31	7	2023	15.56	32.86	0.0	2.828528653308196
1	8	2023	12.72	32.47	0.0	2.8940769932453563
2	8	2023	12.92	30.74	0.0	2.6916122254906503
3	8	2023	14.08	36.75	0.0	3.184656252724672
4	8	2023	14.04	27.84	0.0	2.209033546911083
5	8	2023	10.0	27.47	0.0	2.4342834082437688
6	8	2023	9.18	26.75	0.0	2.382959181790034
7	8	2023	9.26	28.54	0.0	2.54815450755916
8	8	2023	10.1	24.29	0.0	2.022613630129518
9	8	2023	11.24	19.97	11.8	0.9145581741235538
10	8	2023	11.86	24.41	6.13	1.3952097282786933
11	8	2023	11.68	22.44	0.0	1.419726508731536
12	8	2023	9.7	22.81	4.05	1.3430663553040445
13	8	2023	9.74	25.93	0.0	2.0157198598046815
14	8	2023	12.6	33.42	0.0	2.609763556293188
15	8	2023	14.52	30.27	0.0	2.1507572071354555
16	8	2023	11.8	23.51	0.0	1.4885019674804822
17	8	2023	8.69	31.63	0.0	2.530254889461066
18	8	2023	14.1	25.6	0.0	1.486957177115426
19	8	2023	8.15	20.5	0.0	1.388699159026827
20	8	2023	4.68	21.48	2.46	1.4246744946061194
21	8	2023	11.88	18.54	22.65	0.6384004893332061
22	8	2023	13.15	18.33	13.85	0.5144144848674279
23	8	2023	13.8	24.26	0.0	1.179768072793191
24	8	2023	10.67	23.12	0.0	1.3799817674995187
25	8	2023	10.06	21.02	0.0	1.1547260760190183
26	8	2023	9.67	29.54	0.0	2.146417796604751
27	8	2023	11.6	27.97	0.0	1.882383994093459
28	8	2023	10.85	30.22	0.0	2.1295921037296517
29	8	2023	12.39	31.7	0.0	2.1908736883342663
30	8	2023	14.96	27.69	0.0	1.5327738797033188
31	8	2023	11.99	21.78	3.8	0.9170139689835533
1	9	2023	13.2	27.54	0.0	1.706459480913954
2	9	2023	13.29	28.59	0.0	1.8475655329086296
3	9	2023	8.43	30.95	0.0	2.257550700051408
4	9	2023	9.82	20.84	0.0	1.159359677176281
5	9	2023	2.23	17.02	0.0	1.2774214446145975
6	9	2023	8.68	23.85	0.0	1.5956356350032437
7	9	2023	7.99	21.46	0.0	1.369941538630131
8	9	2023	3.64	22.39	0.0	1.6499714050281866
9	9	2023	7.22	23.32	0.0	1.5675659007114902
10	9	2023	6.5	24.45	0.0	1.683074939132493
11	9	2023	6.43	22.27	0.0	1.470192910125445
12	9	2023	8.42	28.26	0.0	1.89517513560035
13	9	2023	11.27	22.77	0.72	1.1599137253747152
14	9	2023	7.26	20.28	0.0	1.1990696844460371
15	9	2023	4.58	21.97	0.0	1.4954136084725316
16	9	2023	6.72	29.69	0.0	2.0109765221222258
17	9	2023	7.3	31.17	0.0	2.203949247617106
18	9	2023	9.32	27.04	0.0	1.7985376128485209
19	9	2023	6.16	18.5	0.65	1.1089786011937286
20	9	2023	5.3	20.21	0.0	1.3171986977049184
21	9	2023	3.03	21.22	0.0	1.4797327832485103
22	9	2023	4.37	22.17	0.0	1.4898506220914371
23	9	2023	10.3	19.64	0.0	0.8172233264094269
24	9	2023	10.64	23.94	0.0	1.2617553031037048
25	9	2023	6.84	26.3	0.0	1.6950345713426744
26	9	2023	12.09	29.67	0.0	1.7217981043440171
27	9	2023	10.01	23.61	1.65	1.2354865384042495
28	9	2023	5.69	19.39	0.0	1.0840765309261513
29	9	2023	2.52	18.37	1.78	1.146909844345236
30	9	2023	2.6	10.1	15.82	0.4751375829416709
1	10	2023	7.15	9.38	4.78	0.168872926153507
2	10	2023	6.53	14.06	2.02	0.5361958467738855
3	10	2023	5.28	15.72	0.0	0.7774165649270359
4	10	2023	3.11	14.2	1.14	0.7707888012658145
5	10	2023	-0.97	8.25	0.0	0.5570902920343604
6	10	2023	-5.07	11.26	0.0	0.8478766091083697
7	10	2023	4.5	21.35	0.0	1.1735146776448748
8	10	2023	3.22	22.72	0.0	1.2883678174492237
9	10	2023	4.22	22.17	0.0	1.219226804482631
10	10	2023	3.57	20.99	0.0	1.1609851416688708
11	10	2023	3.85	16.26	0.0	0.8460972678717242
12	10	2023	1.59	10.01	0.0	0.5362956393790962
13	10	2023	-2.59	11.89	0.0	0.7946416907453538
14	10	2023	-0.39	12.11	0.0	0.7370601536847444
15	10	2023	-0.16	15.51	0.0	0.9217519986519216
16	10	2023	1.73	18.73	0.0	1.050268448585809
17	10	2023	7.84	19.42	0.0	0.8597301269300712
18	10	2023	3.38	15.4	0.0	0.7885317663721684
19	10	2023	4.42	21.83	0.0	1.1407845968179111
20	10	2023	4.03	14.75	0.0	0.710601513722861
21	10	2023	-2.74	11.12	0.0	0.7313862204343997
22	10	2023	1.75	9.98	0.0	0.5072299344101047
23	10	2023	-3.64	1.84	5.4	0.255561269916436
24	10	2023	-11.36	-4.09	0.0	0.2545489481426157
25	10	2023	-15.46	-5.37	0.0	0.2907877624040507
26	10	2023	-13.28	-4.79	0.0	0.271162505223283
27	10	2023	-8.67	-3.49	0.66	0.2093346543783082
28	10	2023	-10.21	-3.23	0.53	0.2648165310354918
29	10	2023	-8.61	-0.87	0.0	0.3180296053465816
30	10	2023	-13.59	-4.23	0.0	0.3002648632016789
31	10	2023	-13.4	2.01	0.0	0.5079729388299606
1	11	2023	-8.75	0.08	0.0	0.3534386866187973
2	11	2023	-6.3	3.76	0.0	0.449165400226586
3	11	2023	-5.86	1.12	0.0	0.3128807694864202
4	11	2023	-5.43	3.91	1.14	0.4284999443753277
5	11	2023	-0.43	3.09	1.0	0.1892386494337747
6	11	2023	0.26	3.0	0.02	0.1521686390076013
7	11	2023	-0.15	2.81	5.96	0.1531851565805636
8	11	2023	-1.52	3.89	0.0	0.2827962451961189
9	11	2023	-5.78	0.65	0.0	0.2829963869321916
10	11	2023	-7.37	2.57	0.0	0.4081598645488123
11	11	2023	-3.37	7.93	0.0	0.5444096368590031
12	11	2023	-2.53	8.47	0.0	0.5454937395426709
13	11	2023	-3.28	9.26	0.0	0.5989795993099813
14	11	2023	-2.4	7.63	0.0	0.4967510548000632
15	11	2023	-4.99	6.44	0.0	0.5092340044208921
16	11	2023	-9.64	2.97	0.0	0.4575531399935583
17	11	2023	-3.15	11.19	0.0	0.6763578257208669
18	11	2023	-2.69	13.86	0.0	0.7866133631627125
19	11	2023	-0.99	11.97	0.0	0.6569511191942392
20	11	2023	-4.12	5.2	0.0	0.4225808388238357
21	11	2023	-9.33	8.42	0.0	0.6461073585198286
22	11	2023	-8.93	-0.26	0.0	0.3143921482980343
23	11	2023	-16.54	-6.51	0.0	0.245448014811478
24	11	2023	-12.5	0.4	0.0	0.3965653532836076
25	11	2023	-8.32	0.61	0.0	0.3297968916624088
26	11	2023	-14.61	-4.4	0.3	0.2800775078145687
27	11	2023	-8.74	0.97	0.0	0.3555447161843253
28	11	2023	-4.66	5.29	0.0	0.4268847619417003
29	11	2023	-5.89	2.72	0.0	0.3483919817781503
30	11	2023	-10.06	-1.42	0.0	0.2888119939056899
1	12	2023	-14.55	-0.65	0.0	0.3792886563711604
2	12	2023	-11.64	0.58	0.0	0.3820030151443317
3	12	2023	-13.46	0.81	3.22	0.4023266454590583
4	12	2023	-8.0	0.73	0.0	0.3227875171109876
5	12	2023	-8.66	7.95	0.0	0.6073811459326748
6	12	2023	-3.44	7.61	0.0	0.4933855269459216
7	12	2023	-0.68	3.19	0.67	0.1863577070527061
8	12	2023	-6.69	0.08	0.0	0.2558333933959376
9	12	2023	-9.44	-0.75	0.0	0.2912410688338369
10	12	2023	-7.73	1.11	0.0	0.3208496305170989
11	12	2023	-11.71	-1.99	0.0	0.2926314984594163
12	12	2023	-13.59	1.01	0.0	0.4118082880701225
13	12	2023	-6.45	8.43	0.0	0.5807308018238304
14	12	2023	-4.05	6.38	0.0	0.4431837850343854
15	12	2023	-5.16	4.26	0.0	0.3816102887388744
16	12	2023	-3.59	4.19	0.0	0.3345882217540529
17	12	2023	-9.95	0.83	0.0	0.3550766435513045
18	12	2023	-10.73	2.83	0.0	0.436519210623822
19	12	2023	-3.72	-0.78	0.0	0.123739310066547
20	12	2023	-4.89	6.54	0.0	0.4721016589893375
21	12	2023	-6.32	3.85	0.0	0.3948666869067743
22	12	2023	-5.56	9.72	0.0	0.6180563847065706
23	12	2023	-5.81	2.27	0.0	0.3180630996180773
24	12	2023	-12.3	0.38	0.0	0.3773667193416425
25	12	2023	-10.58	4.8	0.0	0.5027110169499404
26	12	2023	-9.65	7.2	0.0	0.577145256419067
27	12	2023	-8.12	6.11	0.0	0.5165407621927143
28	12	2023	-8.28	9.55	0.0	0.6496115900572889
29	12	2023	-8.45	3.9	0.0	0.439102667390686
30	12	2023	-13.12	0.69	0.0	0.396633391238161
31	12	2023	-9.21	3.75	0.0	0.4470022895792117
