Day	Month	Year	Tmin(c)	Tmax(c)	Prcp(mm)	Et0(mm)
1	1	2018	-31.13	-13.17	0.0	0.1823985278478505
2	1	2018	-20.91	-4.99	0.0	0.3082511501581091
3	1	2018	-14.4	-2.5	0.0	0.3214349790623457
4	1	2018	-13.81	-5.8	0.0	0.2165163336209389
5	1	2018	-13.98	-6.64	0.0	0.1953878634455338
6	1	2018	-12.25	0.97	0.0	0.4037617493419696
7	1	2018	-8.4	1.22	0.0	0.3469364670007547
8	1	2018	-9.66	-2.19	0.0	0.2509965408750774
9	1	2018	-11.4	-0.44	0.0	0.3467423179265157
10	1	2018	-24.02	-16.32	0.32	0.1123892166850076
11	1	2018	-29.21	-21.8	0.0	0.0744976561100915
12	1	2018	-31.19	-20.08	0.0	0.1030218346253862
13	1	2018	-27.47	-8.43	0.0	0.2577546911661976
14	1	2018	-22.64	-9.97	0.0	0.2183728120868859
15	1	2018	-29.28	-15.55	0.0	0.1536520319765397
16	1	2018	-20.9	-0.61	0.0	0.4206937575043107
17	1	2018	-9.16	4.03	0.36	0.4789342365912693
18	1	2018	-7.49	8.01	0.0	0.6421020884283638
19	1	2018	-4.93	4.26	0.0	0.3980043388325085
20	1	2018	-8.03	0.91	0.0	0.3396302041647857
21	1	2018	-11.99	-1.36	0.0	0.3378283572452689
22	1	2018	-11.01	3.64	0.0	0.5102851707215116
23	1	2018	-10.74	-0.19	0.0	0.3593676318708693
24	1	2018	-10.73	-3.07	0.0	0.257078411081493
25	1	2018	-9.65	-1.54	0.0	0.2891124164252592
26	1	2018	-12.65	-7.01	0.66	0.1696347106061762
27	1	2018	-20.28	-13.35	0.0	0.1357388903365805
28	1	2018	-22.44	-14.37	0.0	0.1403487334156027
29	1	2018	-23.15	-2.89	0.0	0.383876047431971
30	1	2018	-12.28	2.98	0.0	0.5440145330250266
31	1	2018	-23.32	-13.86	0.0	0.161013992474665
1	2	2018	-26.52	-15.23	0.0	0.1592190395974513
2	2	2018	-21.91	-17.47	3.18	0.0737957328727925
3	2	2018	-27.3	-20.59	1.11	0.0851019374529307
4	2	2018	-28.67	-16.55	0.0	0.1510713330152032
5	2	2018	-26.44	-15.38	0.0	0.1601604089753039
6	2	2018	-27.78	-17.47	0.0	0.13534363272147
7	2	2018	-27.79	-14.26	0.0	0.1851662668346472
8	2	2018	-26.77	-17.11	0.0	0.1363426182365456
9	2	2018	-28.47	-16.02	0.0	0.1619965471206997
10	2	2018	-20.9	-9.47	0.0	0.252280592176793
11	2	2018	-27.69	-15.74	0.0	0.1648040874759509
12	2	2018	-32.11	-12.59	0.0	0.2169435201477004
13	2	2018	-18.6	1.99	0.0	0.6577086956207574
14	2	2018	-14.44	1.22	1.85	0.654853055105995
15	2	2018	-27.79	-13.22	0.0	0.2123807286792075
16	2	2018	-21.23	-4.42	0.0	0.4468888184207195
17	2	2018	-19.09	-10.3	0.0	0.2185554256452573
18	2	2018	-22.66	-12.57	0.0	0.2009816414702995
19	2	2018	-27.66	-13.5	0.0	0.2166321276654022
20	2	2018	-23.48	-11.93	0.0	0.2363732283705174
21	2	2018	-29.85	-9.91	0.0	0.2948510452487132
22	2	2018	-24.69	-8.57	0.0	0.3443787676428
23	2	2018	-19.9	-6.21	0.0	0.4158059086056645
24	2	2018	-16.58	-1.55	0.0	0.6017093170822972
25	2	2018	-16.59	-1.29	0.0	0.6168511040693221
26	2	2018	-15.03	-4.46	0.0	0.4479895305849447
27	2	2018	-14.92	-1.59	0.0	0.6064540703109914
28	2	2018	-13.49	0.69	0.0	0.729425737743245
1	3	2018	-17.56	-2.4	0.0	0.5955389188169593
2	3	2018	-13.97	-4.04	0.0	0.4764857546332367
3	3	2018	-8.01	-4.11	3.7	0.1631549843452128
4	3	2018	-10.88	-5.12	7.22	0.2127285335336191
5	3	2018	-14.27	-8.69	1.03	0.1887805317224986
6	3	2018	-17.34	-7.25	0.0	0.3530547651974854
7	3	2018	-23.52	-6.55	0.0	0.4303569707184455
8	3	2018	-24.01	-8.03	0.0	0.3866765942998221
9	3	2018	-13.13	-1.49	0.0	0.6087535641623503
10	3	2018	-12.21	-1.18	0.0	0.6164581988183085
11	3	2018	-13.9	2.69	0.0	0.8624303606332606
12	3	2018	-15.53	-0.77	0.0	0.6921061199773
13	3	2018	-15.52	2.23	0.0	0.8433620766274528
14	3	2018	-15.46	-1.14	0.0	0.6868278703168886
15	3	2018	-10.79	-2.94	0.0	0.4728527726109347
16	3	2018	-7.26	2.07	0.0	0.7796846502253292
17	3	2018	-4.16	0.23	2.0	0.2400210144720803
18	3	2018	-6.21	1.23	0.75	0.6453195608105307
19	3	2018	-8.88	-0.2	0.0	0.6510544230498068
20	3	2018	-8.04	1.96	0.0	0.8226042699794337
21	3	2018	-10.59	2.56	0.0	0.9322766924613152
22	3	2018	-9.05	0.88	0.0	0.7845369190304359
23	3	2018	-4.73	0.7	3.9	0.3650285742179744
24	3	2018	-9.1	3.07	0.0	0.974624295641506
25	3	2018	-6.32	1.72	0.0	0.7844046877043978
26	3	2018	-7.5	4.51	0.0	1.100740710694904
27	3	2018	-9.73	3.85	0.0	1.0806013475255534
28	3	2018	-14.05	-2.09	0.4	0.7421334441714106
29	3	2018	-19.44	-7.41	0.52	0.5016185352342553
30	3	2018	-22.59	-12.25	0.0	0.3289971759466612
31	3	2018	-21.79	-9.57	0.0	0.4414837514106617
1	4	2018	-18.6	-5.33	0.0	0.6244885913479754
2	4	2018	-20.17	-5.16	0.0	0.6280695086529902
3	4	2018	-16.74	-3.85	0.0	0.6976975821919972
4	4	2018	-18.02	-2.51	0.0	0.7619475496638911
5	4	2018	-18.44	-8.44	0.0	0.4656648063685369
6	4	2018	-22.96	-8.98	0.0	0.4799546015403442
7	4	2018	-21.15	-4.6	0.0	0.662821099088173
8	4	2018	-12.64	-2.47	0.0	0.7654151898213121
9	4	2018	-7.37	0.8	0.0	0.8878971086326687
10	4	2018	-10.32	6.89	0.0	1.3205770360375386
11	4	2018	-3.09	1.52	0.94	0.6326920242278189
12	4	2018	-5.04	-0.4	0.0	0.564022701439003
13	4	2018	-5.18	1.22	0.0	0.8559395702509105
14	4	2018	-3.15	7.26	0.0	1.4195061022365336
15	4	2018	-3.55	8.83	0.0	1.5258782397507349
16	4	2018	-1.13	4.93	2.42	0.8161941903299764
17	4	2018	-1.98	1.77	4.86	0.3529374133673738
18	4	2018	-5.19	9.8	0.0	1.586685784691891
19	4	2018	-1.77	12.24	0.0	1.758948186504995
20	4	2018	-0.27	18.1	0.0	2.124932165868553
21	4	2018	1.28	19.51	0.0	2.228719194871443
22	4	2018	2.74	13.93	0.0	1.8499134472624212
23	4	2018	-0.47	13.29	0.0	1.8320857310017156
24	4	2018	-1.14	20.36	0.0	2.246349688651098
25	4	2018	3.09	17.3	0.0	2.028548835353132
26	4	2018	-0.57	21.84	0.0	2.264365216853777
27	4	2018	-0.52	16.34	0.0	1.9605973188917452
28	4	2018	1.4	26.54	0.0	2.557357343093374
29	4	2018	6.17	20.21	0.0	2.2110810443639157
30	4	2018	0.52	11.78	0.0	1.6537499501888082
1	5	2018	-2.94	16.82	0.0	1.9699755024204677
2	5	2018	1.19	18.43	0.0	2.1132607758996227
3	5	2018	5.63	21.59	0.0	2.328702967951769
4	5	2018	4.27	24.01	0.0	2.488753822915152
5	5	2018	5.07	24.58	0.0	2.529834687102701
6	5	2018	4.55	27.25	0.0	2.6875852200271804
7	5	2018	11.22	26.66	0.0	2.6453972030612194
8	5	2018	8.27	16.58	6.27	1.5454989007109308
9	5	2018	3.02	13.48	0.0	1.730732946038512
10	5	2018	2.59	10.89	2.87	1.105652167633108
11	5	2018	4.34	10.29	1.7	0.9954066897613018
12	5	2018	2.61	18.92	0.0	2.17579814792777
13	5	2018	6.6	26.19	0.0	2.6669301588291208
14	5	2018	3.6	24.68	0.0	2.5545453998562695
15	5	2018	11.21	31.59	0.0	3.015256445997098
16	5	2018	9.56	27.47	0.0	2.7349015114383053
17	5	2018	7.27	14.48	2.78	1.0315770276461251
18	5	2018	3.93	18.26	0.0	2.102993307461147
19	5	2018	2.5	21.9	0.0	2.373179747528084
20	5	2018	2.74	25.13	0.0	2.58477521006178
21	5	2018	10.36	30.12	0.0	2.9309938115299805
22	5	2018	10.43	27.04	0.0	2.6993846543308084
23	5	2018	9.4	29.5	3.81	2.6478978864648575
24	5	2018	11.69	26.59	2.06	2.354007848292218
25	5	2018	10.56	27.12	0.0	2.713033250784412
26	5	2018	10.1	30.09	1.54	2.9480562666682766
27	5	2018	9.84	25.62	0.0	2.6146362409967976
28	5	2018	9.46	30.55	0.0	2.993724348745876
29	5	2018	13.15	27.2	0.0	2.6723033837839907
30	5	2018	10.32	23.51	5.7	2.022450788508481
31	5	2018	8.78	14.16	0.0	0.8097140598518011
1	6	2018	8.5	14.12	8.64	0.622314293157447
2	6	2018	7.23	18.27	0.0	1.8253783259604544
3	6	2018	7.42	24.0	0.0	2.5739860413703406
4	6	2018	9.73	27.98	2.28	2.5888070568785193
5	6	2018	9.44	21.08	0.0	2.199928380916704
6	6	2018	6.6	27.15	0.0	2.8166891991051117
7	6	2018	8.51	27.56	0.0	2.836593422149446
8	6	2018	13.0	24.58	0.0	2.3978583420391635
9	6	2018	12.79	30.48	0.0	3.000895272331325
10	6	2018	13.5	24.63	0.0	2.3203633724938797
11	6	2018	6.63	18.1	0.0	1.937993408443678
12	6	2018	7.2	22.04	0.0	2.4248776110141295
13	6	2018	7.24	26.03	0.0	2.7384396521916488
14	6	2018	8.96	23.41	1.29	2.5143331796437605
15	6	2018	9.03	23.55	0.0	2.5288170968055748
16	6	2018	7.32	21.38	0.0	2.3738105324435197
17	6	2018	7.95	25.49	0.0	2.6961503655881165
18	6	2018	8.71	27.65	0.0	2.8522879265584726
19	6	2018	10.89	26.92	0.0	2.773213449278238
20	6	2018	10.44	29.54	0.0	2.983200895167071
21	6	2018	12.19	29.63	0.0	2.967327069440016
22	6	2018	14.06	28.44	0.0	2.8259397310326353
23	6	2018	12.73	27.13	10.23	2.461776448288736
24	6	2018	15.22	26.39	0.0	2.4326725008446086
25	6	2018	14.1	29.57	0.0	2.9347553131383424
26	6	2018	12.19	24.81	0.0	2.507431767297212
27	6	2018	7.16	25.37	0.0	2.7161909372713184
28	6	2018	7.64	24.19	0.0	2.620507922378119
29	6	2018	10.54	23.27	0.0	2.422518547598706
30	6	2018	12.3	24.65	5.93	2.0037165269079793
1	7	2018	11.17	20.29	5.1	1.326174025674597
2	7	2018	8.96	22.6	3.73	1.8403359856875972
3	7	2018	6.43	20.86	8.93	1.7591765341710563
4	7	2018	10.63	19.14	5.6	1.038866375467078
5	7	2018	8.12	24.84	0.0	2.4126701416052914
6	7	2018	14.09	33.16	0.0	3.0408727186321656
7	7	2018	14.13	30.55	0.0	2.752408016575611
8	7	2018	10.63	24.62	0.0	2.2235083745006494
9	7	2018	9.2	27.7	0.0	2.6584928144471927
10	7	2018	13.09	29.09	5.25	2.1297433565175594
11	7	2018	14.68	25.41	0.0	1.834628356428271
12	7	2018	14.23	28.92	0.0	2.449468268453133
13	7	2018	13.54	32.19	0.0	2.879185569583061
14	7	2018	12.22	21.38	0.0	1.436473079768904
15	7	2018	8.64	25.07	0.0	2.3339128655164205
16	7	2018	6.59	26.18	0.0	2.525083049470986
17	7	2018	10.13	34.26	0.0	3.16892963009111
18	7	2018	15.84	31.16	0.0	2.64914477823276
19	7	2018	13.99	28.19	0.0	2.3946097018551016
20	7	2018	12.7	29.35	0.0	2.6360682879053443
21	7	2018	15.51	27.04	0.0	2.048762191344763
22	7	2018	11.5	23.23	0.0	1.8913186762520977
23	7	2018	9.54	23.39	0.0	2.091390704575573
24	7	2018	8.33	23.3	0.0	2.1481362501369334
25	7	2018	9.09	21.94	0.0	1.909926610282522
26	7	2018	6.76	23.69	0.0	2.25221657208724
27	7	2018	9.19	24.16	0.0	2.180357235853979
28	7	2018	8.96	27.11	0.0	2.5074269336080905
29	7	2018	8.87	29.56	0.0	2.7183654762909875
30	7	2018	11.68	32.24	0.0	2.86731668950197
31	7	2018	11.81	24.61	0.0	1.952832200362342
1	8	2018	7.79	28.14	0.56	2.56785308867412
2	8	2018	14.69	30.83	3.57	2.0515754080357924
3	8	2018	13.32	28.81	2.57	1.8720793215402831
4	8	2018	13.25	22.94	2.14	1.0568864702906982
5	8	2018	13.04	23.4	3.87	1.148255292459161
6	8	2018	10.9	29.29	0.0	2.421846482598215
7	8	2018	12.72	30.99	0.0	2.541901163936756
8	8	2018	11.54	29.95	0.0	2.4818884373234766
9	8	2018	13.02	33.69	0.0	2.786730345173331
10	8	2018	14.08	38.62	0.0	3.14826050069796
11	8	2018	15.04	34.74	0.0	2.765823465181615
12	8	2018	12.82	23.5	0.0	1.483262263442775
13	8	2018	8.29	17.32	0.0	1.034999781094412
14	8	2018	3.86	27.75	0.0	2.41796595051467
15	8	2018	11.14	28.95	0.0	2.322156019499451
16	8	2018	9.68	28.11	0.0	2.324215518599724
17	8	2018	10.32	32.11	0.0	2.647674046782935
18	8	2018	10.72	24.89	0.0	1.8580747847572388
19	8	2018	4.01	23.93	0.0	2.072131160795157
20	8	2018	5.28	23.44	0.0	1.9717290072125375
21	8	2018	5.39	27.19	0.0	2.2786815198608923
22	8	2018	10.12	30.75	0.0	2.472318299685475
23	8	2018	8.74	28.4	0.0	2.3042651852308578
24	8	2018	8.17	21.1	0.0	1.5087197015324192
25	8	2018	7.37	19.35	0.0	1.3531180005392862
26	8	2018	7.7	17.63	3.22	0.8283133765219409
27	8	2018	7.97	13.66	5.16	0.4787765206764887
28	8	2018	6.79	18.51	0.0	1.2359980246996525
29	8	2018	6.29	27.08	0.0	2.1948826184298027
30	8	2018	9.94	22.75	0.96	1.5305593898139005
31	8	2018	7.37	20.03	0.0	1.4629910530475383
1	9	2018	6.69	20.28	0.0	1.535843300765333
2	9	2018	3.63	20.21	0.0	1.6781463701689043
3	9	2018	4.91	22.01	0.0	1.7995373512828965
4	9	2018	2.73	14.67	0.0	1.1208759992358162
5	9	2018	-0.45	21.79	0.0	1.85710062094
6	9	2018	3.16	24.72	0.0	2.022489716063727
7	9	2018	6.8	24.64	0.0	1.908485320736821
8	9	2018	11.17	27.2	0.0	1.9377138005680736
9	9	2018	8.09	22.18	0.0	1.569856706841822
10	9	2018	3.47	21.92	0.0	1.7478025107285815
11	9	2018	6.06	17.22	0.0	1.0987256637672331
12	9	2018	4.5	14.65	2.72	0.7364924074003868
13	9	2018	3.84	11.93	1.31	0.6353065050711068
14	9	2018	2.47	9.02	0.0	0.4917846443064756
15	9	2018	5.43	11.87	4.43	0.4817851658388329
16	9	2018	6.52	10.03	8.08	0.2745588616337797
17	9	2018	4.08	12.29	0.47	0.6560837604490496
18	9	2018	4.4	11.44	0.0	0.5699710086346603
19	9	2018	2.2	15.01	0.0	1.0295472801900054
20	9	2018	3.12	11.63	0.0	0.6643889669749946
21	9	2018	0.75	7.54	3.69	0.4445740723337065
22	9	2018	-0.39	1.18	8.71	0.1049533984515658
23	9	2018	-0.37	3.43	0.37	0.2653081686876708
24	9	2018	-0.25	12.39	0.78	0.9048753304371232
25	9	2018	1.56	13.49	0.83	0.8916664762264089
26	9	2018	3.26	16.18	0.0	1.022226215075956
27	9	2018	-1.73	8.67	0.0	0.6737700246255848
28	9	2018	-3.86	8.19	0.0	0.7170203291467133
29	9	2018	-1.98	7.24	0.0	0.5905538008809512
30	9	2018	-7.7	4.33	0.64	0.6281681661674172
1	10	2018	-1.93	4.88	1.71	0.433128940781593
2	10	2018	-1.46	3.54	2.05	0.2935869872496207
3	10	2018	-2.25	5.94	0.0	0.5168990403153609
4	10	2018	-5.89	5.87	0.0	0.6472781135587721
5	10	2018	-3.1	8.51	0.0	0.7355150024432211
6	10	2018	-4.85	12.2	0.0	1.0127256602942578
7	10	2018	-2.76	13.6	0.0	1.0563620522317734
8	10	2018	-2.43	1.39	0.0	0.2350545815568222
9	10	2018	-4.09	1.88	0.0	0.3454867408259272
10	10	2018	-7.78	4.8	0.0	0.6264073638239686
11	10	2018	-9.12	6.33	0.0	0.7216166034507526
12	10	2018	-4.78	7.16	7.89	0.5947971656769167
13	10	2018	-4.97	-0.79	0.0	0.2252273531424234
14	10	2018	-9.09	3.8	0.0	0.5711132625130841
15	10	2018	-0.47	13.33	0.0	0.8745739843252077
16	10	2018	-0.86	10.34	0.0	0.6821270680923207
17	10	2018	-1.37	21.16	0.0	1.3272305061570069
18	10	2018	2.23	19.22	0.0	1.1368244549048236
19	10	2018	-3.36	13.24	0.0	0.8815581373148936
20	10	2018	-7.5	16.88	0.0	1.10214081184975
21	10	2018	-1.46	14.22	0.0	0.8733796975646274
22	10	2018	-6.03	11.12	0.0	0.8008312714308028
23	10	2018	-4.46	16.08	0.0	1.0033048447371238
24	10	2018	-1.78	19.1	0.0	1.1151305523501998
25	10	2018	-0.65	15.4	0.0	0.8890402980330265
26	10	2018	-2.39	12.4	0.0	0.7702637904517319
27	10	2018	-0.99	12.93	0.0	0.7569457108688612
28	10	2018	-5.23	9.58	0.0	0.6868959242965804
29	10	2018	0.38	9.28	0.0	0.5020451014049506
30	10	2018	-1.8	7.02	0.0	0.4582579815757897
31	10	2018	-3.18	10.18	0.0	0.658484075374391
1	11	2018	-2.88	4.43	1.57	0.356867580343383
2	11	2018	-2.17	0.19	3.05	0.1119246180235029
3	11	2018	-4.86	1.34	0.0	0.2762198213758148
4	11	2018	-2.45	3.75	3.3	0.2895456371231542
5	11	2018	-8.3	-0.63	1.65	0.3011692870554268
6	11	2018	-12.62	-8.52	0.2	0.1250323206297026
7	11	2018	-12.55	-9.77	0.0	0.084065845293376
8	11	2018	-18.1	-9.67	0.0	0.1953858443821134
9	11	2018	-21.85	-4.28	2.19	0.3372078566576211
10	11	2018	-9.87	-3.7	0.72	0.2179288771763854
11	11	2018	-11.47	-6.54	0.0	0.1580052892474412
12	11	2018	-15.5	-4.79	0.0	0.2897109536399835
13	11	2018	-8.52	4.39	0.0	0.4978774323789017
14	11	2018	-2.29	5.32	0.0	0.3738034890877975
15	11	2018	-2.35	3.47	0.0	0.282842752782525
16	11	2018	-17.65	-5.23	0.0	0.2986811693442139
17	11	2018	-19.24	-5.9	0.0	0.2941650349849558
18	11	2018	-11.6	-6.72	0.8	0.152710396498955
19	11	2018	-14.26	1.11	0.0	0.4491232368239742
20	11	2018	-5.72	2.33	0.0	0.3417481106882301
21	11	2018	-5.59	1.29	0.0	0.2928752434090032
22	11	2018	-2.63	6.03	0.0	0.4184499849905305
23	11	2018	-5.32	3.25	0.0	0.371435590554312
24	11	2018	-7.82	-4.89	0.0	0.110583478620049
25	11	2018	-7.99	-4.75	0.0	0.1217700051679382
26	11	2018	-7.08	-3.33	0.0	0.1482839926447448
27	11	2018	-5.03	-1.04	0.0	0.1741889890962584
28	11	2018	-6.57	-3.06	0.0	0.1421557502640291
29	11	2018	-5.68	-0.36	0.0	0.2214576756371833
30	11	2018	-7.83	-3.36	0.0	0.1676526074676186
1	12	2018	-7.38	-4.9	3.82	0.0914747815078958
2	12	2018	-9.01	-4.08	0.0	0.1782974875415774
3	12	2018	-13.18	-4.96	0.0	0.2421605359946244
4	12	2018	-13.69	-6.5	0.74	0.2043887181605833
5	12	2018	-13.86	-6.3	0.33	0.212634120338424
6	12	2018	-14.52	-8.09	0.0	0.1731985613303746
7	12	2018	-18.74	-7.4	0.0	0.2449672352156013
8	12	2018	-18.09	-7.15	0.0	0.2443059758881822
9	12	2018	-14.87	-3.0	0.0	0.3189164731444024
10	12	2018	-13.98	0.95	0.0	0.4238993946090463
11	12	2018	-8.22	0.92	0.0	0.3375059821934963
12	12	2018	-5.63	0.94	0.0	0.2714742060700171
13	12	2018	-9.54	2.93	0.0	0.4344343642785143
14	12	2018	-8.36	5.19	0.0	0.4975139201501363
15	12	2018	-2.78	5.12	0.0	0.3655085724940933
16	12	2018	-12.02	-3.47	0.0	0.2607473255603559
17	12	2018	-7.8	5.03	0.0	0.4816775010532265
18	12	2018	-4.85	5.08	0.0	0.4222953079309022
19	12	2018	-3.98	2.49	0.0	0.2858373007594998
20	12	2018	-7.92	2.58	0.0	0.3915309292930614
21	12	2018	-4.29	3.83	0.0	0.3534134401185734
22	12	2018	-8.54	-3.97	0.0	0.1627186861835112
23	12	2018	-15.73	-5.32	2.0	0.2623431745182323
24	12	2018	-16.13	-8.7	0.86	0.1797670712224715
25	12	2018	-17.3	-9.68	0.0	0.1721570554381112
26	12	2018	-14.61	-6.98	0.0	0.2010958264046651
27	12	2018	-20.32	-8.83	1.03	0.2226784039341388
28	12	2018	-19.82	-5.0	0.0	0.3037037497967846
29	12	2018	-12.85	-3.53	1.4	0.2716432431728862
30	12	2018	-18.98	-10.63	0.78	0.1707132304761248
31	12	2018	-27.58	-16.07	0.0	0.1384194157128978
1	1	2019	-25.01	-2.11	0.0	0.3728919892907145
2	1	2019	-9.69	3.96	0.0	0.4703194212781787
3	1	2019	-5.44	3.67	0.0	0.3727376346086428
4	1	2019	-8.07	1.99	0.0	0.3685071234576715
5	1	2019	-6.34	-2.35	0.0	0.1533743525494073
6	1	2019	-5.63	1.92	0.0	0.3057488443969758
7	1	2019	-13.6	-2.2	0.94	0.3230848076657003
8	1	2019	-21.21	-14.35	0.0	0.1192877890945414
9	1	2019	-22.75	-8.78	0.52	0.2401831272628534
10	1	2019	-14.61	-7.81	0.0	0.1768270580436959
11	1	2019	-16.92	-9.3	0.0	0.175354617753298
12	1	2019	-14.12	0.08	0.0	0.4030662185537633
13	1	2019	-11.86	-0.74	0.0	0.3492331571419265
14	1	2019	-11.4	-1.61	0.0	0.3132543008874253
15	1	2019	-17.66	-4.87	0.0	0.2997273065671587
16	1	2019	-18.37	-14.03	0.54	0.0890734734052723
17	1	2019	-25.12	-16.31	0.0	0.124692751302985
18	1	2019	-27.86	-17.87	0.0	0.1189513928975697
19	1	2019	-21.57	-15.2	2.91	0.1063019273730373
20	1	2019	-18.82	-10.76	0.0	0.1716244829911944
21	1	2019	-17.89	-5.86	0.0	0.282263156769648
22	1	2019	-15.51	-2.58	0.0	0.34988362266759
23	1	2019	-21.89	-4.84	0.0	0.3318475207842936
24	1	2019	-28.49	-9.43	0.0	0.2493519307044785
25	1	2019	-21.38	-4.48	0.0	0.3410511920016281
26	1	2019	-12.17	-0.56	1.53	0.377198282819054
27	1	2019	-7.88	4.0	1.72	0.4787628552608472
28	1	2019	-22.09	-10.61	0.0	0.2141630022805802
29	1	2019	-29.44	-20.69	0.0	0.0954590767159563
30	1	2019	-23.41	-11.88	0.38	0.1994719920125597
31	1	2019	-15.19	-0.84	0.0	0.4146319138043204
1	2	2019	-18.71	-8.46	0.0	0.2384902261471119
2	2	2019	-22.5	-16.14	1.83	0.1122092742600274
3	2	2019	-25.15	-21.69	0.32	0.0487663354252289
4	2	2019	-25.65	-21.88	2.7	0.048689641739307
5	2	2019	-32.64	-22.7	0.0	0.0908037251734434
6	2	2019	-36.16	-25.95	0.0	0.0711931923947009
7	2	2019	-37.26	-24.57	0.0	0.084499146224348
8	2	2019	-36.69	-25.02	0.0	0.080645458075623
9	2	2019	-33.43	-23.54	0.0	0.0865733399354262
10	2	2019	-31.94	-21.18	0.0	0.1075717062163594
11	2	2019	-28.35	-16.74	1.67	0.1540525212483716
12	2	2019	-31.53	-20.2	0.03	0.1193810437673718
13	2	2019	-28.3	-20.46	0.0	0.1007160601731079
14	2	2019	-32.48	-19.92	0.0	0.1267842621514264
15	2	2019	-32.66	-18.02	1.6	0.1500161194038483
16	2	2019	-20.78	-13.94	3.74	0.1368723604810796
17	2	2019	-20.01	-14.11	1.08	0.1331888540912965
18	2	2019	-26.47	-17.67	0.61	0.1347536283787275
19	2	2019	-28.84	-11.04	0.0	0.2544509738217257
20	2	2019	-23.22	-8.86	1.1	0.2908209692696806
21	2	2019	-24.07	-12.39	0.0	0.2205026581477944
22	2	2019	-26.98	-11.45	0.0	0.2513378837815226
23	2	2019	-23.5	-13.8	0.0	0.1904393607143344
24	2	2019	-31.02	-20.87	0.0	0.1187840969382424
25	2	2019	-33.05	-18.71	0.0	0.1518349382096945
26	2	2019	-29.49	-16.81	0.0	0.1728063491689359
27	2	2019	-21.13	-8.45	0.0	0.3368257085979487
28	2	2019	-17.51	-8.36	0.0	0.2929369206279068
1	3	2019	-26.53	-16.17	0.0	0.1739731101830244
2	3	2019	-32.83	-20.97	0.0	0.1285753387272714
3	3	2019	-25.97	-16.0	0.0	0.1761986358082094
4	3	2019	-21.72	-10.81	0.0	0.280208848436845
5	3	2019	-18.06	-8.77	0.0	0.3077133980337372
6	3	2019	-25.4	-13.42	0.0	0.2341189781110828
7	3	2019	-24.06	-8.12	0.0	0.3864047511326147
8	3	2019	-16.65	-5.17	0.0	0.4704629496164441
9	3	2019	-15.54	-5.28	0.0	0.4527107462583911
10	3	2019	-21.51	-6.66	0.0	0.4487929599758548
11	3	2019	-16.66	1.6	0.0	0.7990056222359571
12	3	2019	-3.42	3.37	0.0	0.659101034415017
13	3	2019	-5.2	2.53	0.0	0.7152280084308973
14	3	2019	-9.54	1.25	0.0	0.7937036608264058
15	3	2019	-11.55	2.81	0.0	0.9291841328211486
16	3	2019	-8.75	3.53	0.0	0.968561819450084
17	3	2019	-10.6	4.47	0.0	1.0475268796975914
18	3	2019	-3.4	4.89	0.0	0.9247189375740958
19	3	2019	-3.56	9.36	0.0	1.3800868403304305
20	3	2019	-2.23	13.09	0.0	1.5975715305346552
21	3	2019	-1.74	12.03	0.0	1.5503147959625767
22	3	2019	-2.01	14.57	0.0	1.6907522459062836
23	3	2019	-1.95	13.25	0.0	1.6255338944324644
24	3	2019	-4.79	3.93	0.0	0.9469038187845232
25	3	2019	-7.18	4.64	0.0	1.150414744397651
26	3	2019	-1.07	16.94	0.0	1.8508486015725696
27	3	2019	-1.38	5.89	0.0	1.0438813350174592
28	3	2019	-5.89	7.33	0.0	1.3127864408747445
29	3	2019	-4.7	4.73	0.0	1.1337329324558472
30	3	2019	-6.22	14.23	0.0	1.66238889572306
31	3	2019	-4.29	5.58	0.0	1.2134176972241604
1	4	2019	-3.6	9.14	1.21	1.4359137721474728
2	4	2019	-6.08	4.45	0.0	1.1538740348569865
3	4	2019	-8.13	11.83	0.0	1.5357528669982683
4	4	2019	-1.18	13.43	0.0	1.7047463602093147
5	4	2019	-4.09	8.97	0.0	1.4369065780836268
6	4	2019	1.2	9.31	0.83	1.3903573711722934
7	4	2019	0.38	17.11	0.0	1.9516057807745335
8	4	2019	-2.86	16.79	0.0	1.8999147089049535
9	4	2019	-4.71	9.89	0.0	1.5039114852038615
10	4	2019	-5.64	9.14	0.0	1.4631933336807397
11	4	2019	-7.61	8.5	0.0	1.4130474537643158
12	4	2019	-8.38	10.34	0.0	1.4979807945272747
13	4	2019	-4.99	15.45	0.0	1.8183702885622663
14	4	2019	3.47	17.03	0.0	1.9635469369501155
15	4	2019	-0.72	13.99	0.0	1.7253083873955164
16	4	2019	-4.25	13.9	0.0	1.7019000536755755
17	4	2019	0.31	15.36	0.0	1.8169237885947895
18	4	2019	-0.48	17.71	0.0	1.9606260898833137
19	4	2019	5.73	20.96	0.0	2.178844530041489
20	4	2019	3.68	17.47	0.0	1.9560327538363935
21	4	2019	-1.6	14.66	0.0	1.7872355693310842
22	4	2019	-1.56	21.58	0.0	2.1848760544502746
23	4	2019	7.08	20.49	0.0	2.1418292415958
24	4	2019	0.71	17.61	0.0	1.9850072213673535
25	4	2019	-2.01	12.64	0.0	1.670527684503745
26	4	2019	-4.25	11.59	0.0	1.6008779434595348
27	4	2019	-1.48	10.83	6.03	1.442676192789311
28	4	2019	-4.78	3.31	3.14	0.7984854334668333
29	4	2019	-9.03	6.59	0.0	1.3029863685203744
30	4	2019	-4.71	9.9	2.17	1.3974383757132
1	5	2019	-6.86	10.09	0.4	1.5692319430856765
2	5	2019	-3.04	11.26	0.0	1.6024503761260736
3	5	2019	-4.85	11.89	0.0	1.6425957361690589
4	5	2019	-4.22	8.62	0.0	1.444232155586339
5	5	2019	-7.3	6.83	0.0	1.339189084626956
6	5	2019	-6.84	12.19	0.0	1.647304505396079
7	5	2019	0.02	15.06	0.0	1.8658382914073828
8	5	2019	-4.81	12.53	0.0	1.697083587189811
9	5	2019	1.47	14.94	0.0	1.8563095726226144
10	5	2019	3.52	18.72	2.03	1.9534236770703
11	5	2019	2.2	16.18	0.0	1.9503694608022863
12	5	2019	2.42	24.81	0.0	2.534288045636049
13	5	2019	4.74	21.12	0.0	2.304082000358912
14	5	2019	2.12	22.44	0.0	2.3930397115191084
15	5	2019	5.7	19.78	0.0	2.1934388753260907
16	5	2019	-0.62	15.73	0.0	1.9470176797037897
17	5	2019	0.12	17.04	0.0	2.038863354620743
18	5	2019	0.8	15.01	0.0	1.8978313838085197
19	5	2019	-2.37	16.28	0.0	1.9848333445365416
20	5	2019	-0.63	19.39	0.0	2.1971489156388744
21	5	2019	1.49	21.01	0.0	2.3189443461707393
22	5	2019	4.0	23.8	0.0	2.521925064778205
23	5	2019	4.45	24.05	0.0	2.539431345171491
24	5	2019	4.61	23.15	0.0	2.4792256483784065
25	5	2019	4.8	15.3	2.7	1.7238196490464568
26	5	2019	0.39	19.1	0.0	2.200709146672823
27	5	2019	1.83	21.96	0.0	2.397420039669924
28	5	2019	6.55	27.53	0.0	2.782658547499407
29	5	2019	10.28	30.4	0.0	2.9693230202381016
30	5	2019	10.9	32.62	0.0	3.117784807146789
31	5	2019	5.45	21.18	0.0	2.322132155400323
1	6	2019	5.89	25.05	0.0	2.6114036915827676
2	6	2019	10.51	32.9	0.0	3.142010025601232
3	6	2019	9.25	34.63	0.0	3.248424343770902
4	6	2019	12.08	24.98	0.0	2.4766516793592745
5	6	2019	10.22	25.05	0.0	2.545854198848104
6	6	2019	13.43	26.83	0.0	2.6076244073670063
7	6	2019	8.92	22.01	0.0	2.321835111385003
8	6	2019	4.07	17.08	0.0	2.0147789915719745
9	6	2019	4.2	19.99	0.0	2.2507852153691807
10	6	2019	3.26	23.89	0.0	2.540231900407808
11	6	2019	6.78	21.38	1.51	2.3263347687743834
12	6	2019	6.2	24.54	0.64	2.5863213232308406
13	6	2019	8.53	29.73	1.47	2.95184136194909
14	6	2019	11.52	23.33	2.2	2.190602171643169
15	6	2019	9.94	19.41	5.68	1.916805342424303
16	6	2019	9.16	17.76	1.6	1.9309815541185364
17	6	2019	5.82	22.46	0.0	2.444409544959006
18	6	2019	8.11	26.89	0.0	2.7624523009578343
19	6	2019	10.4	22.97	27.48	2.2060348730334653
20	6	2019	8.28	14.62	8.0	0.6952624543906164
21	6	2019	6.29	16.81	22.12	1.2496551054665137
22	6	2019	11.39	15.4	11.06	0.4304641210459254
23	6	2019	10.12	22.1	1.27	1.7775189154783106
24	6	2019	9.23	20.87	0.0	1.6674161387636843
25	6	2019	9.28	21.61	0.0	1.789375896061618
26	6	2019	8.12	23.99	0.0	2.208308074822609
27	6	2019	11.4	25.62	13.24	1.7656169023959722
28	6	2019	13.96	23.41	3.66	1.097063705704645
29	6	2019	13.55	25.27	0.0	1.8385360213983657
30	6	2019	9.68	22.29	0.0	1.807654956417283
1	7	2019	9.03	27.78	3.73	2.0669095418627155
2	7	2019	6.09	20.29	0.0	1.8277676774672924
3	7	2019	8.55	20.45	0.0	1.674490455471218
4	7	2019	8.14	20.79	0.0	1.7585441086884368
5	7	2019	11.44	20.28	0.0	1.292452234859516
6	7	2019	11.47	25.7	0.0	2.153308974289747
7	7	2019	13.84	27.8	0.0	2.225734115852906
8	7	2019	14.07	23.96	0.0	1.5841507154839467
9	7	2019	11.66	23.2	0.0	1.7789190400410906
10	7	2019	9.49	26.3	0.0	2.348083405319765
11	7	2019	14.06	24.72	0.0	1.742733711454448
12	7	2019	10.42	24.51	0.0	2.093573966639839
13	7	2019	12.22	29.58	10.95	2.085488387607088
14	7	2019	14.42	27.79	14.82	1.6723758296841231
15	7	2019	13.0	25.0	0.0	1.763949326293469
16	7	2019	11.24	19.89	13.78	0.9605341772062572
17	7	2019	12.36	22.98	3.11	1.1914272588055363
18	7	2019	11.24	25.58	1.61	1.9375085785460284
19	7	2019	9.97	17.57	3.85	0.8339313630241961
20	7	2019	10.34	22.81	0.0	1.6273967269273382
21	7	2019	10.99	24.77	0.0	1.8108003787531672
22	7	2019	10.73	27.38	0.0	2.0997121609306815
23	7	2019	14.13	29.57	0.0	2.091008547572479
24	7	2019	15.73	30.41	5.75	1.6291657669931134
25	7	2019	11.41	19.86	4.47	0.9188594852865136
26	7	2019	12.86	25.63	0.0	1.6557759478648226
27	7	2019	12.24	32.11	0.0	2.411726288748962
28	7	2019	9.48	21.71	0.0	1.462714350440925
29	7	2019	5.59	24.61	0.0	1.9985580953380957
30	7	2019	11.72	29.91	0.0	2.210938186892307
31	7	2019	12.51	26.56	0.0	1.784864468020272
1	8	2019	14.09	33.13	0.0	2.3703388067284266
2	8	2019	16.06	34.34	0.0	2.346103369521428
3	8	2019	16.07	28.81	0.0	1.6687264472547934
4	8	2019	10.47	26.16	0.0	1.8352715507594084
5	8	2019	10.7	28.94	0.0	2.0958241509031543
6	8	2019	10.88	22.59	0.0	1.3311567618728222
7	8	2019	5.49	22.02	0.0	1.6666237404174404
8	8	2019	6.67	25.17	0.0	1.894103645049234
9	8	2019	10.56	27.08	2.3	1.5483187290846443
10	8	2019	9.21	20.78	0.0	1.2383284128950007
11	8	2019	8.03	22.65	6.05	1.3145296421681367
12	8	2019	10.41	15.82	14.09	0.5354289691607858
13	8	2019	7.37	21.26	0.0	1.3974247861840374
14	8	2019	10.18	24.49	0.0	1.513859564249889
15	8	2019	10.22	25.47	0.0	1.5917054689709924
16	8	2019	10.87	21.18	0.0	1.1275937919005206
17	8	2019	5.26	18.09	0.0	1.21124799088627
18	8	2019	3.93	21.99	0.0	1.5772311911147705
19	8	2019	4.77	22.19	0.0	1.547476894860954
20	8	2019	3.92	23.42	0.0	1.6716248995195648
21	8	2019	6.17	26.62	0.0	1.8393181412592272
22	8	2019	12.51	26.53	2.74	1.323697721178306
23	8	2019	10.31	21.42	0.0	1.147573281063056
24	8	2019	12.12	28.88	6.46	1.5228838968425995
25	8	2019	11.57	21.08	9.71	0.8950272347134363
26	8	2019	9.0	20.1	0.0	1.1018920412092683
27	8	2019	8.19	19.46	0.0	1.094269953707535
28	8	2019	6.78	23.17	0.88	1.4843884305385942
29	8	2019	5.83	19.96	0.0	1.2687123803715898
30	8	2019	5.85	20.42	1.31	1.2990275954466703
31	8	2019	7.58	22.19	1.42	1.3531611306809193
1	9	2019	9.28	22.29	2.33	1.1321785829177289
2	9	2019	10.44	22.35	1.28	1.1880296685428322
3	9	2019	7.45	25.32	0.0	1.584184947943224
4	9	2019	10.35	23.93	2.63	1.1915613756603485
5	9	2019	7.96	22.98	0.0	1.367445631345821
6	9	2019	5.53	22.17	0.0	1.4073460970193252
7	9	2019	7.29	22.44	0.0	1.3463112770805992
8	9	2019	6.5	21.32	0.0	1.2909729290389451
9	9	2019	8.59	13.72	14.04	0.438346790482213
10	9	2019	8.25	11.12	14.92	0.2484013376199334
11	9	2019	8.85	13.8	3.96	0.4250562009218715
12	9	2019	7.44	15.35	0.0	0.7264848073813742
13	9	2019	4.17	24.02	0.0	1.5382544717264222
14	9	2019	9.28	23.71	0.0	1.311009912972114
15	9	2019	9.64	27.12	0.0	1.5411008753127753
16	9	2019	9.53	31.38	0.0	1.8249201440212903
17	9	2019	12.88	25.35	0.83	1.2084032026924765
18	9	2019	10.47	22.24	0.0	1.0923815276343545
19	9	2019	8.09	21.64	0.0	1.1766480156111143
20	9	2019	8.63	20.65	0.0	1.0675480180484689
21	9	2019	5.24	18.44	0.0	1.0657102204256133
22	9	2019	5.32	24.48	0.0	1.465605795160548
23	9	2019	8.63	20.57	0.0	1.0416246940020677
24	9	2019	4.83	16.92	0.0	0.9522180130098812
25	9	2019	3.31	15.65	0.0	0.924247510708694
26	9	2019	3.06	10.81	6.5	0.5279389560199091
27	9	2019	1.87	7.96	3.5	0.3976966721313192
28	9	2019	0.38	5.22	0.0	0.3287403401919428
29	9	2019	-0.12	3.07	13.49	0.1943310285156441
30	9	2019	-0.14	1.84	4.69	0.1241701563224711
1	10	2019	-0.29	3.97	0.0	0.2842031585892539
2	10	2019	-4.13	8.99	0.0	0.7513153959143589
3	10	2019	-0.88	11.23	0.0	0.7812906616927081
4	10	2019	1.6	11.7	0.0	0.7108870037776526
5	10	2019	-0.52	14.13	0.0	0.931807532310818
6	10	2019	3.96	15.54	0.0	0.8603497211712593
7	10	2019	2.52	20.0	0.0	1.1800252616388782
8	10	2019	-1.82	7.73	1.31	0.5861051436068123
9	10	2019	-6.18	1.49	0.0	0.3908815495528361
10	10	2019	-7.42	3.4	0.0	0.5183411101127581
11	10	2019	-8.49	6.36	0.0	0.6711434528364529
12	10	2019	-8.63	7.23	0.0	0.705833375191973
13	10	2019	-8.63	10.01	0.0	0.8230025226342907
14	10	2019	-0.76	4.37	0.47	0.3095820024181309
15	10	2019	-2.76	5.93	0.0	0.4896126468526587
16	10	2019	-0.82	13.53	0.0	0.8496105679586805
17	10	2019	1.83	18.88	0.0	1.0705592080482602
18	10	2019	-0.26	15.79	0.0	0.946196419790731
19	10	2019	-0.8	14.04	0.0	0.8595224711819782
20	10	2019	-4.39	7.96	0.0	0.6304301520791293
21	10	2019	-6.57	10.01	0.0	0.766035068210264
22	10	2019	-5.92	6.42	0.0	0.5859984730532802
23	10	2019	-5.04	4.01	1.32	0.4431708857107913
24	10	2019	-4.09	8.74	0.0	0.6477697601921406
25	10	2019	-0.14	17.51	0.0	0.9976292790714806
26	10	2019	-5.49	2.05	0.06	0.353304658893894
27	10	2019	-9.05	-2.5	1.58	0.2650001447454508
28	10	2019	-9.65	-4.27	1.93	0.2078478240711395
29	10	2019	-12.17	-5.03	0.0	0.2441124573404181
30	10	2019	-17.09	0.62	0.0	0.4900990089545826
31	10	2019	-2.85	4.17	0.6	0.36058917912988
1	11	2019	-2.76	5.07	0.0	0.4036019955369588
2	11	2019	-4.04	4.32	0.69	0.4083614762181491
3	11	2019	-4.23	1.98	0.0	0.2904849414626839
4	11	2019	-12.48	-4.23	0.0	0.2640203412250127
5	11	2019	-13.88	-3.59	1.39	0.316012451293324
6	11	2019	-19.63	-7.75	0.0	0.2658120392273891
7	11	2019	-19.7	-3.25	0.0	0.3769964183987902
8	11	2019	-8.79	4.99	0.0	0.5406813250326409
9	11	2019	-12.22	-0.46	2.86	0.3680821858915218
10	11	2019	-20.35	-11.67	0.0	0.1759383036711029
11	11	2019	-23.09	-8.24	0.0	0.2688593585444696
12	11	2019	-15.46	-1.68	0.0	0.384345216107516
13	11	2019	-12.86	1.23	0.0	0.446987774491941
14	11	2019	-6.69	0.61	0.0	0.2991230176844565
15	11	2019	-4.55	4.22	0.0	0.396288150798664
16	11	2019	-0.93	2.52	2.2	0.1686467005719071
17	11	2019	-2.64	6.74	1.85	0.4571355197252343
18	11	2019	-0.28	7.43	0.0	0.4012655630496691
19	11	2019	-3.87	0.89	0.0	0.2128813185507102
20	11	2019	-5.55	-0.6	0.0	0.2067860784715577
21	11	2019	-6.61	3.33	0.0	0.4020517715170898
22	11	2019	-5.55	6.51	0.0	0.508827513966189
23	11	2019	-0.73	10.32	0.0	0.5587945359289069
24	11	2019	-1.75	4.69	1.31	0.3141002526115968
25	11	2019	-5.39	-0.33	0.27	0.2100300941354593
26	11	2019	-9.98	-2.23	0.0	0.2626932455282459
27	11	2019	-8.67	-4.83	0.0	0.1349663783349036
28	11	2019	-8.34	-5.65	7.07	0.092694158575143
29	11	2019	-11.83	-5.49	0.0	0.1966134614095478
30	11	2019	-10.2	-7.32	0.0	0.0944825477051368
1	12	2019	-13.26	-5.4	0.0	0.2275693685039458
2	12	2019	-13.09	-1.6	0.0	0.3407853129690523
3	12	2019	-7.76	3.83	0.0	0.4417488983812604
4	12	2019	-8.95	-0.11	0.0	0.3164628884723792
5	12	2019	-12.65	-3.27	0.0	0.2796715673420335
6	12	2019	-11.87	-4.07	0.0	0.2401470417365084
7	12	2019	-11.55	-4.35	0.0	0.2248012154350848
8	12	2019	-20.9	-11.23	0.0	0.1797384423276273
9	12	2019	-24.44	-9.8	0.0	0.2267351949778145
10	12	2019	-27.45	-13.63	0.0	0.1730929186256212
11	12	2019	-25.42	-16.2	0.0	0.1260974014621914
12	12	2019	-19.27	-11.59	0.34	0.1543937828809416
13	12	2019	-23.21	-13.99	0.0	0.1464124328997392
14	12	2019	-25.14	-11.12	0.35	0.2051222960768472
15	12	2019	-18.4	-7.83	0.0	0.2283533883270471
16	12	2019	-15.48	-5.23	0.0	0.2607863743612572
17	12	2019	-14.02	-3.08	0.0	0.3022549122934225
18	12	2019	-9.35	1.02	0.0	0.3601878668447412
19	12	2019	-10.7	-2.98	0.0	0.2484678254363244
20	12	2019	-10.62	4.46	0.0	0.4990641923075493
21	12	2019	-10.45	1.89	0.0	0.4081339764634594
22	12	2019	-7.56	0.11	0.0	0.2864892102166827
23	12	2019	-6.64	-3.1	0.0	0.1348754163169752
24	12	2019	-6.76	-4.76	2.82	0.0729023917922873
25	12	2019	-8.47	-2.22	0.0	0.2230076845163596
26	12	2019	-14.9	-6.09	0.0	0.2292248816867493
27	12	2019	-14.2	-5.15	0.0	0.2447262581626077
28	12	2019	-15.43	-5.96	0.0	0.239703365751426
29	12	2019	-18.59	-4.99	0.0	0.296530497781138
30	12	2019	-15.57	-4.82	0.0	0.271991367054512
31	12	2019	-12.14	0.73	0.0	0.3942301605552891
1	1	2020	-7.09	-0.51	0.0	0.252531005283267
2	1	2020	-7.7	-2.81	0.0	0.1803769500338829
3	1	2020	-11.81	-3.49	0.0	0.2567412424906875
4	1	2020	-8.51	5.31	0.0	0.5083680323657384
5	1	2020	-10.19	-1.3	0.0	0.2993627856237473
6	1	2020	-14.13	-2.01	0.0	0.3395996127745791
7	1	2020	-23.21	-14.22	0.0	0.1438186125513744
8	1	2020	-17.97	-6.01	0.0	0.2723878317659696
9	1	2020	-24.13	-16.21	0.0	0.1181086670792096
10	1	2020	-29.5	-14.78	0.0	0.1643823004745057
11	1	2020	-17.88	-9.29	2.71	0.1847702730546499
12	1	2020	-25.53	-14.07	0.96	0.1631969896000152
13	1	2020	-30.05	-24.11	0.71	0.0568045238630184
14	1	2020	-34.46	-27.03	0.0	0.0517751212337537
15	1	2020	-35.91	-28.18	0.0	0.0483865585360567
16	1	2020	-35.99	-19.38	0.0	0.11935462374343
17	1	2020	-23.23	-18.83	1.87	0.0679669734253694
18	1	2020	-28.11	-23.22	0.0	0.0539603654615273
19	1	2020	-29.1	-16.08	0.0	0.1507728874440989
20	1	2020	-20.5	0.86	0.0	0.4655686363992442
21	1	2020	-9.38	2.31	0.0	0.4335695120262487
22	1	2020	-12.24	-2.36	0.0	0.3184864276431358
23	1	2020	-11.7	-3.01	0.0	0.2883537560008637
24	1	2020	-8.1	1.32	0.0	0.37425326011285
25	1	2020	-5.62	1.8	0.0	0.3300581419535587
26	1	2020	-7.05	-2.72	0.0	0.1787606039212408
27	1	2020	-6.91	-0.5	1.21	0.270923205704507
28	1	2020	-5.16	-1.11	0.0	0.1841921828837929
29	1	2020	-10.18	-2.17	2.22	0.2775001004900861
30	1	2020	-10.34	-0.36	0.0	0.3682159805555932
31	1	2020	-10.15	3.37	0.0	0.5064595610534847
1	2	2020	-5.77	6.98	0.0	0.5798748093922009
2	2	2020	-9.6	0.03	0.0	0.3715939145601108
3	2	2020	-17.25	-8.08	0.0	0.2373796681142516
4	2	2020	-18.52	-3.54	0.0	0.3728505844893548
5	2	2020	-12.69	-4.14	0.0	0.2873965189618275
6	2	2020	-13.05	-8.36	0.56	0.1515614951084222
7	2	2020	-11.83	-2.21	0.0	0.3444766026178661
8	2	2020	-12.56	-2.28	0.0	0.3567260691635038
9	2	2020	-13.29	-1.96	1.15	0.3848507658303629
10	2	2020	-9.69	-3.57	0.18	0.2462767441613675
11	2	2020	-13.83	-1.58	0.21	0.4282437457259437
12	2	2020	-29.47	-14.98	0.0	0.1864566142516318
13	2	2020	-28.69	-5.49	0.0	0.3444583274330027
14	2	2020	-12.3	-1.55	0.0	0.4121749980461781
15	2	2020	-18.32	-10.49	0.0	0.2020188602092834
16	2	2020	-15.37	-3.7	0.0	0.3817267120392319
17	2	2020	-20.97	-9.33	0.0	0.2640018811068062
18	2	2020	-29.67	-17.84	0.0	0.1506202596098572
19	2	2020	-29.3	-9.35	0.0	0.2878098345135659
20	2	2020	-16.44	1.97	0.0	0.6750892706231482
21	2	2020	-10.6	3.0	0.0	0.7235285339378916
22	2	2020	-8.07	3.79	0.0	0.7417765886003351
23	2	2020	-10.82	1.96	0.0	0.682540978138513
24	2	2020	-10.75	-2.09	0.0	0.4256220109322804
25	2	2020	-17.11	-2.26	0.0	0.5339577545592309
26	2	2020	-12.76	1.6	0.0	0.6993196043919615
27	2	2020	-7.52	4.75	0.0	0.8281422928036452
28	2	2020	-6.76	6.9	0.0	0.9740530084545702
29	2	2020	-5.36	7.03	0.68	0.9675678839655634
1	3	2020	-10.92	-0.24	0.59	0.5804206627015519
2	3	2020	-6.46	3.56	0.0	0.7274352984639069
3	3	2020	-5.96	3.67	0.0	0.7267742451954521
4	3	2020	-2.73	3.63	0.0	0.5157143294788691
5	3	2020	-6.13	4.81	0.0	0.8640142390152147
6	3	2020	-1.31	12.12	0.0	1.3651150271732018
7	3	2020	-9.62	-0.3	0.63	0.5780542683376845
8	3	2020	-15.57	-7.92	0.75	0.2700695226269495
9	3	2020	-16.53	0.83	0.0	0.7338014761729976
10	3	2020	-11.09	5.6	0.0	0.9996718726023632
11	3	2020	-3.85	5.33	0.0	0.8360363519817665
12	3	2020	-9.47	-0.67	0.0	0.5595518205436892
13	3	2020	-16.35	-10.12	0.0	0.2043585067693417
14	3	2020	-16.52	-7.92	1.73	0.3344981344423382
15	3	2020	-14.6	-6.0	0.72	0.3905955424962201
16	3	2020	-17.59	-2.21	0.0	0.6369549575187246
17	3	2020	-13.09	-1.36	0.0	0.6560696826513062
18	3	2020	-16.86	-5.43	0.0	0.4876678330881988
19	3	2020	-16.89	-4.62	0.0	0.5365097983221927
20	3	2020	-16.75	-0.35	0.0	0.7521248905983424
21	3	2020	-10.76	3.18	0.0	0.9596203363714436
22	3	2020	-10.26	6.76	0.0	1.2270849632975915
23	3	2020	-7.02	8.56	0.0	1.357070108173716
24	3	2020	-8.33	-1.19	2.28	0.5751210643869522
25	3	2020	-14.44	-0.11	0.0	0.903410908243769
26	3	2020	-12.87	6.33	0.0	1.18455198553755
27	3	2020	-3.93	7.59	0.0	1.3432933779301082
28	3	2020	-2.93	9.34	0.0	1.4506679911259348
29	3	2020	-5.02	14.7	0.0	1.7222111443352626
30	3	2020	-3.05	4.48	0.0	1.1342442274382447
31	3	2020	-9.82	-0.72	0.0	0.8895752309939439
1	4	2020	-14.77	-10.87	0.63	0.1888906191794394
2	4	2020	-17.84	-8.1	0.0	0.5361387352406192
3	4	2020	-18.13	-2.09	0.0	0.81729776332517
4	4	2020	-11.5	-4.56	2.18	0.485589665407203
5	4	2020	-10.91	-1.42	0.0	0.866031702720254
6	4	2020	-6.94	2.14	2.56	0.8977083245088285
7	4	2020	-9.73	4.52	0.0	1.2092719598541966
8	4	2020	-6.42	1.63	0.0	0.9828508265755058
9	4	2020	-12.69	6.47	0.0	1.267355462089384
10	4	2020	-1.78	8.4	0.0	1.454431020087288
11	4	2020	-8.02	-1.3	0.0	0.7923201354231508
12	4	2020	-10.39	-3.67	0.0	0.6867630160640027
13	4	2020	-12.86	-3.5	0.0	0.8171034518004301
14	4	2020	-14.71	4.42	0.0	1.1620467059509736
15	4	2020	-9.59	2.66	0.0	1.1464976346061826
16	4	2020	-6.7	5.88	0.0	1.3389562181863648
17	4	2020	-2.73	13.85	0.0	1.8393503331709005
18	4	2020	-3.37	4.74	0.0	1.2387725345071587
19	4	2020	-5.79	14.37	0.0	1.8335850405706824
20	4	2020	-2.17	11.83	0.0	1.7334471547662855
21	4	2020	-1.49	21.79	0.0	2.326076483436606
22	4	2020	1.78	16.3	0.0	2.0405098119934246
23	4	2020	0.52	18.21	0.0	2.1608574815230637
24	4	2020	-1.09	13.91	2.91	1.7156076750522051
25	4	2020	-2.18	19.06	0.0	2.1829155560953475
26	4	2020	3.48	15.59	0.0	1.9766698043964264
27	4	2020	-0.85	20.21	0.0	2.2779663558021848
28	4	2020	2.56	18.35	0.0	2.19721840239571
29	4	2020	0.95	22.78	0.0	2.461134341949606
30	4	2020	8.27	27.9	0.0	2.840681758087493
1	5	2020	5.1	18.34	0.0	2.152924368820631
2	5	2020	-0.87	18.78	0.0	2.1913736286502346
3	5	2020	-0.6	17.93	4.01	1.951223427789067
4	5	2020	2.59	14.68	0.0	1.8909387729532576
5	5	2020	-0.72	17.79	0.0	2.131556632698443
6	5	2020	1.24	21.18	0.0	2.3645393162581483
7	5	2020	0.96	17.73	0.0	2.057272139379124
8	5	2020	0.91	20.03	1.29	2.2067417914184193
9	5	2020	-1.65	7.54	0.77	1.3545291643652286
10	5	2020	-3.18	9.72	0.0	1.5294167107890515
11	5	2020	-6.4	10.71	0.0	1.5857753354220454
12	5	2020	-3.83	13.24	0.0	1.754670510204423
13	5	2020	1.3	10.97	0.0	1.552663212129011
14	5	2020	-1.55	19.05	0.0	2.142072337603238
15	5	2020	-2.28	14.78	0.0	1.8659370522625616
16	5	2020	1.13	25.3	0.0	2.555294366431716
17	5	2020	8.97	26.64	0.0	2.665839756783601
18	5	2020	8.46	25.67	0.0	2.595892777168682
19	5	2020	10.16	26.22	0.0	2.618819610572084
20	5	2020	10.0	18.77	10.91	1.844194376947338
21	5	2020	9.6	20.49	0.0	2.1556252937243965
22	5	2020	5.0	20.62	0.0	2.278496623768931
23	5	2020	3.34	16.03	0.0	1.9430878614861704
24	5	2020	4.2	19.6	0.0	2.218017109074882
25	5	2020	5.51	25.62	0.0	2.655209506666587
26	5	2020	10.61	22.04	0.0	2.281315348978982
27	5	2020	6.66	19.03	0.0	2.142038547400242
28	5	2020	4.07	18.64	0.0	2.163797432726992
29	5	2020	5.27	19.39	0.0	2.2149195901959495
30	5	2020	7.59	25.81	0.0	2.692095527274325
31	5	2020	11.37	31.3	0.0	3.058098449761415
1	6	2020	11.79	25.32	0.0	2.5770070725247765
2	6	2020	7.89	24.51	0.0	2.599496438552594
3	6	2020	9.84	20.96	0.0	2.2432904074002717
4	6	2020	6.28	19.53	0.0	2.2264866785010544
5	6	2020	3.33	21.42	0.0	2.4095809787884623
6	6	2020	10.02	18.92	23.74	1.828357041346386
7	6	2020	9.28	17.14	22.73	1.1533685949869183
8	6	2020	7.1	15.76	0.0	1.2861806367738835
9	6	2020	5.4	20.5	4.1	1.7514499642524215
10	6	2020	6.66	22.58	0.0	2.2936844218789845
11	6	2020	6.76	22.99	0.0	2.3394392850933055
12	6	2020	8.44	28.31	0.0	2.814977473538544
13	6	2020	14.72	30.37	0.0	2.8007760014560787
14	6	2020	12.62	23.16	0.0	1.909343048326419
15	6	2020	6.9	22.38	0.0	2.3094917980823997
16	6	2020	9.27	22.46	24.84	1.7598112349912225
17	6	2020	9.88	16.38	5.19	0.694001103596024
18	6	2020	6.5	15.5	1.76	1.1818043924953914
19	6	2020	5.45	18.71	0.0	1.7445916657600284
20	6	2020	6.33	18.09	0.0	1.5864869571505285
21	6	2020	4.39	18.59	0.0	1.798347192455232
22	6	2020	6.07	23.77	0.0	2.2795414651245087
23	6	2020	10.61	28.15	0.0	2.5622056413684313
24	6	2020	13.9	27.01	1.32	2.1922322415521753
25	6	2020	14.48	25.65	0.0	1.8880716228962044
26	6	2020	11.88	30.48	0.0	2.735029441282775
27	6	2020	13.82	21.4	0.0	1.1542690204715875
28	6	2020	13.0	20.39	0.0	1.1032174537500474
29	6	2020	14.21	18.92	2.67	0.5659638084616314
30	6	2020	13.63	20.2	7.67	0.7848339886059505
1	7	2020	13.08	23.87	0.88	1.7806429036010982
2	7	2020	10.82	24.11	1.43	2.0566280663886167
3	7	2020	10.09	26.86	0.0	2.408168672398922
4	7	2020	12.4	28.52	0.0	2.471465237124316
5	7	2020	12.42	23.75	0.0	1.8329120718971463
6	7	2020	10.21	25.44	0.0	2.259027715126008
7	7	2020	12.12	28.42	17.19	2.000648867894261
8	7	2020	13.21	19.45	3.95	0.728216193090436
9	7	2020	11.85	22.03	1.42	1.4806858060806989
10	7	2020	10.1	22.57	3.64	1.3878466910099538
11	7	2020	10.03	24.39	0.0	1.9871784627970024
12	7	2020	13.0	25.74	0.0	1.9170035864049129
13	7	2020	9.79	19.72	2.46	1.0760789185214523
14	7	2020	10.16	21.99	4.06	1.2960238396809494
15	7	2020	9.79	23.14	1.15	1.8265255596467924
16	7	2020	10.09	25.66	0.0	2.08772495869076
17	7	2020	14.04	24.82	0.0	1.5904733013416
18	7	2020	11.94	22.09	2.54	1.1315180221168488
19	7	2020	10.23	23.13	2.95	1.3714696169575054
20	7	2020	11.1	23.48	4.94	1.3214701485167386
21	7	2020	9.63	25.56	0.0	2.0186641216520607
22	7	2020	14.22	30.6	0.0	2.2601534794109734
23	7	2020	17.91	28.75	0.0	1.6309178499839343
24	7	2020	14.45	27.7	0.0	1.902651434529938
25	7	2020	11.73	21.67	0.0	1.3146917859483829
26	7	2020	10.1	25.35	0.0	1.960654971356104
27	7	2020	9.32	27.41	0.0	2.1834616895456502
28	7	2020	10.78	30.95	0.0	2.416385029941213
29	7	2020	14.51	34.49	0.0	2.5388616017719414
30	7	2020	15.7	32.2	0.0	2.211291201437176
31	7	2020	13.22	26.76	0.0	1.748015899514022
1	8	2020	8.98	27.86	0.0	2.1447059438611027
2	8	2020	10.87	27.92	0.0	2.058395225304539
3	8	2020	13.7	30.12	0.0	2.094518498494227
4	8	2020	11.81	27.16	0.0	1.8832057739735084
5	8	2020	9.61	29.38	0.0	2.2222847759397713
6	8	2020	11.92	33.64	0.0	2.4796833274444365
7	8	2020	13.49	23.47	3.75	1.0417927301396763
8	8	2020	10.4	25.74	1.3	1.7531366050257686
9	8	2020	8.59	22.84	0.0	1.5375148010141255
10	8	2020	7.79	24.73	0.0	1.7858331474234692
11	8	2020	8.79	24.53	0.0	1.6897137248300265
12	8	2020	11.48	28.8	0.0	1.9466540682031688
13	8	2020	9.96	25.07	0.0	1.6303040688819543
14	8	2020	7.92	25.17	3.71	1.481624710402787
15	8	2020	9.0	25.61	0.0	1.7191186242453282
16	8	2020	9.28	29.98	0.0	2.099395637768024
17	8	2020	11.57	34.33	0.0	2.347836427756246
18	8	2020	12.78	36.08	0.0	2.4177730656652323
19	8	2020	14.65	34.37	0.0	2.1896006900735743
20	8	2020	12.81	33.98	0.0	2.242506109627131
21	8	2020	14.16	28.18	0.0	1.5063716458648573
22	8	2020	9.93	32.09	0.0	2.179237803059381
23	8	2020	6.79	28.79	0.0	2.007225049025658
24	8	2020	9.52	29.94	0.0	1.9696603557842771
25	8	2020	13.2	27.31	0.0	1.425167690097307
26	8	2020	11.08	24.98	0.0	1.3518624682726084
27	8	2020	7.86	24.08	4.14	1.313480477637582
28	8	2020	6.39	23.72	0.0	1.5040716674042398
29	8	2020	8.55	31.67	0.0	2.0839921996946833
30	8	2020	6.66	18.47	0.0	1.0327940723837743
31	8	2020	2.26	19.38	0.0	1.310462499094855
1	9	2020	8.25	23.01	0.0	1.3184080063455408
2	9	2020	7.87	17.29	4.75	0.7641210793835801
3	9	2020	5.11	21.85	0.0	1.3673117233466476
4	9	2020	5.65	24.59	0.0	1.5422446022642962
5	9	2020	8.32	31.04	0.0	2.0148333923589115
6	9	2020	8.27	17.38	0.0	0.8096528817712534
7	9	2020	0.09	10.59	0.0	0.7342513920952075
8	9	2020	-5.25	15.72	0.0	1.2634067374576945
9	9	2020	3.99	21.49	0.0	1.4324197055368886
10	9	2020	5.33	26.41	0.0	1.77931708948141
11	9	2020	7.62	30.05	0.0	1.9742626699467825
12	9	2020	7.24	16.68	1.66	0.7903676299442342
13	9	2020	0.07	16.49	0.0	1.1172680520366551
14	9	2020	5.53	15.88	0.0	0.8233268412024914
15	9	2020	3.23	15.05	0.0	0.8856920347377378
16	9	2020	-0.82	13.65	0.0	1.010107790849406
17	9	2020	1.82	19.21	0.0	1.3839868294207016
18	9	2020	-0.44	24.86	0.0	1.8146125686069816
19	9	2020	6.73	26.35	0.0	1.77581964939404
20	9	2020	12.03	18.65	7.62	0.556952282561921
21	9	2020	7.62	23.2	0.0	1.3799208599923107
22	9	2020	6.98	20.94	1.19	1.1862480787859482
23	9	2020	9.4	21.91	0.0	1.1032555281104743
24	9	2020	9.05	23.94	0.0	1.333863410718049
25	9	2020	6.14	21.9	0.0	1.2953453663372232
26	9	2020	7.42	15.23	0.0	0.6308273763371672
27	9	2020	4.24	15.03	0.0	0.7959249530830843
28	9	2020	0.92	22.57	0.0	1.5087234780587977
29	9	2020	7.19	17.35	0.0	0.8032446040934692
30	9	2020	0.88	12.64	0.0	0.771645602670639
1	10	2020	-4.54	12.25	0.0	0.9392154696037712
2	10	2020	0.96	17.83	0.0	1.16287636831484
3	10	2020	-1.13	16.26	0.0	1.098912411624739
4	10	2020	4.94	23.94	0.9	1.4670779827226723
5	10	2020	7.66	19.59	0.0	0.9214377504947306
6	10	2020	6.68	17.34	0.0	0.8535837096332882
7	10	2020	0.72	15.4	0.0	1.047012377835164
8	10	2020	7.23	23.48	1.96	1.466355798135978
9	10	2020	1.9	10.76	0.0	0.5730382767138006
10	10	2020	2.63	26.26	0.0	1.7665386208369125
11	10	2020	4.75	15.29	0.0	0.7962297827328085
12	10	2020	-3.21	11.78	0.0	0.8980600963530357
13	10	2020	-0.1	10.66	0.0	0.69548319480574
14	10	2020	-4.97	6.84	0.0	0.616876736822036
15	10	2020	-4.62	5.8	0.0	0.5175228981421283
16	10	2020	-8.28	3.86	0.0	0.5175330256446619
17	10	2020	-12.92	-0.25	0.0	0.4329783092520706
18	10	2020	-6.3	-3.32	0.0	0.1327355024481464
19	10	2020	-7.6	-1.16	0.0	0.2742495806133752
20	10	2020	-7.09	-1.71	0.21	0.2384733596050702
21	10	2020	-10.65	-0.09	0.0	0.4336588156355306
22	10	2020	-14.14	-2.28	0.0	0.3981511294167085
23	10	2020	-13.86	-3.71	0.0	0.3283325957546314
24	10	2020	-9.06	-5.54	0.0	0.1384055933122554
25	10	2020	-11.59	-2.51	0.0	0.3275202914401098
26	10	2020	-15.25	3.33	0.0	0.6355175398201481
27	10	2020	-3.86	12.29	0.0	0.9483898462644385
28	10	2020	-4.38	5.32	0.0	0.4744557241692976
29	10	2020	-6.17	8.38	0.0	0.7334220190246449
30	10	2020	-0.87	13.61	0.0	0.9302374526581848
31	10	2020	-6.2	2.45	0.0	0.3772695029642853
1	11	2020	-7.18	13.58	0.0	0.996321346940136
2	11	2020	0.14	19.19	0.0	1.2319945090208588
3	11	2020	2.04	17.47	0.0	1.067410516050049
4	11	2020	0.78	15.19	0.0	0.9274297882833228
5	11	2020	1.74	18.59	0.0	1.1179403585181824
6	11	2020	-1.72	7.12	0.0	0.4487735533783538
7	11	2020	-2.17	1.04	1.6	0.1575183456530354
8	11	2020	-9.52	-3.45	19.24	0.2092538610524152
9	11	2020	-18.44	-9.08	0.0	0.2158830144856995
10	11	2020	-17.44	-5.82	0.0	0.2882211961076679
11	11	2020	-16.24	-6.59	1.79	0.2518638026019462
12	11	2020	-22.03	-8.58	0.0	0.2556073371148023
13	11	2020	-12.45	0.06	0.0	0.4025459837575428
14	11	2020	-9.35	-1.08	0.61	0.3022504064360886
15	11	2020	-13.49	-5.57	0.0	0.2329644786302173
16	11	2020	-10.64	-5.42	0.0	0.1742614408982224
17	11	2020	-8.04	0.87	0.0	0.3436047551895396
18	11	2020	-4.7	4.72	0.0	0.4190876267623569
19	11	2020	-12.47	-5.34	4.41	0.2064051734510163
20	11	2020	-20.24	-9.82	0.0	0.2085589466633927
21	11	2020	-18.05	-4.09	0.0	0.3267562525645404
22	11	2020	-16.06	-6.61	0.0	0.2379340333113825
23	11	2020	-11.3	-4.55	0.0	0.2138923392820018
24	11	2020	-10.36	-1.7	0.0	0.2905053147851641
25	11	2020	-7.66	2.16	0.0	0.3762441796283655
26	11	2020	-11.89	-1.02	0.0	0.3418929904864176
27	11	2020	-11.01	0.91	0.0	0.3919523987184592
28	11	2020	-9.8	0.03	0.0	0.3385952727517869
29	11	2020	-15.29	-2.18	0.0	0.3475028180325476
30	11	2020	-8.4	2.11	0.0	0.3857848035417758
1	12	2020	-7.48	1.48	0.0	0.3415975295621498
2	12	2020	-11.08	-1.44	0.0	0.3105113072468912
3	12	2020	-7.11	3.04	0.0	0.3938845953531328
4	12	2020	-6.26	2.13	0.0	0.3366400057064293
5	12	2020	-6.82	2.46	0.0	0.3643222544959626
6	12	2020	-9.41	1.88	0.0	0.395276837276078
7	12	2020	-7.93	3.13	0.0	0.4126194342995767
8	12	2020	-4.34	3.48	0.0	0.3369984780202995
9	12	2020	-5.31	2.03	0.0	0.3030423607621977
10	12	2020	-12.32	-3.36	0.0	0.267337560730985
11	12	2020	-13.87	-4.78	0.0	0.2498992526067378
12	12	2020	-10.93	-3.5	0.0	0.2358836886005745
13	12	2020	-26.44	-13.8	0.0	0.166532344145938
14	12	2020	-27.82	-13.13	0.37	0.1802560611021825
15	12	2020	-18.8	-9.5	0.0	0.192822242202388
16	12	2020	-15.62	-3.97	0.0	0.2946456452035282
17	12	2020	-14.05	2.32	0.0	0.4619525553603918
18	12	2020	-22.24	-3.27	0.0	0.3485336804770986
19	12	2020	-11.96	3.83	0.0	0.4909947547902579
20	12	2020	-6.11	2.74	0.0	0.349612140002979
21	12	2020	-8.7	-1.72	6.24	0.2348667078419049
22	12	2020	-13.47	-3.7	7.82	0.263624727379301
23	12	2020	-16.91	-8.22	0.0	0.1987742424782091
24	12	2020	-15.24	0.47	0.0	0.4156970202498166
25	12	2020	-12.47	-2.41	0.0	0.2964703483211881
26	12	2020	-12.5	-5.04	1.36	0.2154877017749617
27	12	2020	-14.92	-6.74	0.0	0.2090334751597616
28	12	2020	-17.15	-7.81	0.0	0.2128322538821528
29	12	2020	-16.64	-8.04	0.0	0.2008994469794147
30	12	2020	-20.61	-8.72	0.0	0.2265648543088438
1	1	2021	-16.71	-2.4	0.0	0.3499543208594433
2	1	2021	-8.9	4.0	0.0	0.4630829142093738
3	1	2021	-2.59	3.96	0.0	0.3036351105213448
4	1	2021	-10.64	-0.41	0.0	0.3366505112179616
5	1	2021	-9.79	0.07	0.0	0.3382573105963162
6	1	2021	-11.38	2.64	0.0	0.4524534187459889
7	1	2021	-9.1	0.91	0.0	0.3560711535824329
8	1	2021	-13.18	-2.71	0.0	0.3060001498823929
9	1	2021	-14.57	-5.09	0.0	0.2562438157616675
10	1	2021	-14.03	-4.71	0.0	0.2599689504676331
11	1	2021	-12.17	-0.44	0.0	0.3650088397169492
12	1	2021	-7.74	0.89	0.0	0.3295538316372255
13	1	2021	-4.88	6.15	5.42	0.4603370838619759
14	1	2021	-6.77	-1.37	0.0	0.2141096365576023
15	1	2021	-14.47	-4.99	0.0	0.2621289836596819
16	1	2021	-10.03	-0.93	0.0	0.3170351661929381
17	1	2021	-10.39	-1.18	1.79	0.3166924878136166
18	1	2021	-10.31	-0.25	0.55	0.3491999697443317
19	1	2021	-14.21	1.93	0.0	0.4729779780194409
20	1	2021	-5.81	1.88	0.0	0.3291827725330118
21	1	2021	-11.92	-5.81	0.31	0.1941975950188054
22	1	2021	-9.69	-4.69	0.86	0.1770118757916781
23	1	2021	-27.41	-9.24	0.0	0.2530728707476851
24	1	2021	-31.74	-22.57	0.0	0.0843506774948409
25	1	2021	-28.74	-21.87	0.0	0.0766432655972636
26	1	2021	-27.82	-19.35	0.0	0.1042161063288184
27	1	2021	-23.23	-14.21	0.0	0.154106176029769
28	1	2021	-18.98	-10.68	0.0	0.1854310561950583
29	1	2021	-15.36	-9.5	0.0	0.1596372439427646
30	1	2021	-16.04	-11.15	0.0	0.1271176847638813
31	1	2021	-18.86	-8.75	0.0	0.2349630570551142
1	2	2021	-14.24	-0.45	0.0	0.4232246126738591
2	2	2021	-8.46	2.31	0.0	0.4382235322513504
3	2	2021	-19.67	-11.41	0.0	0.1831128124619533
4	2	2021	-23.01	-15.8	0.0	0.1283542545419854
5	2	2021	-27.63	-18.43	0.0	0.1227446276183447
6	2	2021	-35.03	-25.6	0.0	0.0722776587379502
7	2	2021	-36.39	-28.27	0.0	0.0549142982807999
8	2	2021	-36.55	-26.92	0.0	0.0662116088583102
9	2	2021	-29.56	-25.64	0.0	0.0429609555523776
10	2	2021	-33.61	-26.85	0.0	0.057572011321681
11	2	2021	-37.57	-28.07	0.0	0.0612944477437354
12	2	2021	-33.33	-22.72	0.0	0.0985945743897501
13	2	2021	-36.9	-24.48	0.0	0.0890473005630026
14	2	2021	-34.72	-22.71	0.0	0.102635124146999
15	2	2021	-30.21	-18.65	0.0	0.1394363581433155
16	2	2021	-25.49	-15.06	0.0	0.1751799463901777
17	2	2021	-22.67	-15.71	0.0	0.1383463409612746
18	2	2021	-24.76	-12.54	0.0	0.2219261503181138
19	2	2021	-22.13	-2.35	0.0	0.4813584965134778
20	2	2021	-10.91	-2.84	0.0	0.3617968301678209
21	2	2021	-12.25	2.7	0.0	0.7059048437933082
22	2	2021	-3.09	3.83	0.0	0.527108995453541
23	2	2021	-6.67	-0.12	0.0	0.3875456079240394
24	2	2021	-10.1	-1.64	0.0	0.4466938692352267
25	2	2021	-11.61	0.8	0.0	0.644019367698951
26	2	2021	-16.28	-1.88	0.74	0.5526492516320342
27	2	2021	-24.67	-12.7	0.0	0.2297059865427807
28	2	2021	-21.35	-10.93	0.0	0.2514248881402072
1	3	2021	-17.29	4.09	0.0	0.8010115412623764
2	3	2021	-6.13	3.36	0.0	0.7187983933578007
3	3	2021	-10.56	2.73	0.0	0.8018825193360644
4	3	2021	-9.04	2.55	0.0	0.7800051673412687
5	3	2021	-5.98	4.86	0.0	0.9029521060518612
6	3	2021	-0.62	6.54	0.0	0.8121860656289862
7	3	2021	-4.04	5.59	0.0	0.9367079446254424
8	3	2021	-4.01	4.13	0.0	0.7961561221637717
9	3	2021	-4.84	-0.41	0.0	0.3219251518674403
10	3	2021	-8.6	2.22	0.0	0.8424278449637393
11	3	2021	-17.54	-2.51	0.0	0.6336483268726921
12	3	2021	-9.7	6.42	0.0	1.1248252262352152
13	3	2021	-6.47	6.67	0.0	1.1532770205408327
14	3	2021	-2.07	9.21	0.0	1.2992997003385385
15	3	2021	-1.32	8.0	0.0	1.1650622264711443
16	3	2021	-8.76	1.05	0.0	0.7957265529379998
17	3	2021	-7.83	9.0	0.0	1.320251852260327
18	3	2021	-3.04	14.61	0.0	1.6528865797054249
19	3	2021	0.33	18.91	0.0	1.913714422461519
20	3	2021	-0.93	12.34	0.0	1.5574074072022936
21	3	2021	-5.02	3.72	0.0	0.9528179332265272
22	3	2021	-5.81	9.42	0.0	1.386383560395381
23	3	2021	-7.47	0.67	1.2	0.8177155509467253
24	3	2021	-6.12	9.19	0.0	1.3833036388497435
25	3	2021	-3.54	3.66	0.0	0.9616781909743468
26	3	2021	-10.15	2.5	0.0	1.0373819898310703
27	3	2021	-8.8	6.69	0.0	1.2471338834145589
28	3	2021	-1.07	17.69	0.0	1.898542944823682
29	3	2021	-8.95	5.36	5.12	1.1073133186898554
30	3	2021	-13.9	-5.74	0.0	0.5515155930110495
31	3	2021	-15.65	7.49	0.0	1.1776742222084964
1	4	2021	-2.35	14.84	0.0	1.7583781671639742
2	4	2021	-0.02	12.93	0.0	1.66126421336841
3	4	2021	-1.22	14.26	0.0	1.7444824060748416
4	4	2021	-1.03	18.24	0.0	1.9141550958746656
5	4	2021	-2.71	12.79	0.0	1.6060950582907842
6	4	2021	-3.03	16.7	0.0	1.813586468610356
7	4	2021	-0.49	21.14	0.0	2.083440242502861
8	4	2021	1.87	14.97	1.62	1.7377783389434254
9	4	2021	-6.27	12.22	0.0	1.5460983594376956
10	4	2021	-0.73	13.16	0.0	1.6385452947570018
11	4	2021	-2.29	4.58	2.9	0.7691321708328757
12	4	2021	-3.64	2.49	1.23	0.7825886732920859
13	4	2021	-3.29	3.13	0.0	0.8306084984926325
14	4	2021	-3.2	7.3	0.0	1.3092120939287106
15	4	2021	-2.35	13.1	0.0	1.666821653690174
16	4	2021	-4.57	14.66	0.0	1.7379932118440438
17	4	2021	-0.96	20.69	0.0	2.1196739813248526
18	4	2021	-3.39	6.95	0.0	1.3001749784346115
19	4	2021	-6.85	5.05	0.96	1.2441565255059537
20	4	2021	-9.23	9.29	0.0	1.4633911904595291
21	4	2021	-3.89	17.54	0.0	1.9925311864000657
22	4	2021	-4.83	7.37	0.0	1.33872443449601
23	4	2021	-12.4	4.84	0.0	1.16652875566855
24	4	2021	-10.1	7.76	0.0	1.3345639333447157
25	4	2021	-5.48	11.11	0.0	1.562596796723159
26	4	2021	-4.33	14.94	0.0	1.7941339913655008
27	4	2021	-3.95	15.81	0.0	1.8524884805402464
28	4	2021	-1.95	15.84	0.0	1.8772002095322435
29	4	2021	-2.14	11.86	0.0	1.6248041293733233
30	4	2021	2.47	26.51	0.0	2.5629164045086616
1	5	2021	5.1	20.18	0.0	2.1716966422813178
2	5	2021	0.86	14.39	0.0	1.7935066295728987
3	5	2021	-5.13	10.32	0.0	1.5418732408280469
4	5	2021	-4.89	14.55	0.0	1.7974204839054089
5	5	2021	-3.1	16.87	0.0	1.9563832617300745
6	5	2021	-0.49	17.78	0.0	2.040155778735861
7	5	2021	-0.05	17.64	0.0	2.0401362692762213
8	5	2021	2.62	14.24	0.0	1.7820268969323405
9	5	2021	-4.26	15.85	0.0	1.90176109617715
10	5	2021	-2.81	18.26	0.0	2.0631095654593445
11	5	2021	0.44	19.99	0.0	2.200562278941768
12	5	2021	2.18	20.89	0.0	2.2639399303790153
13	5	2021	1.69	21.99	0.0	2.3320412988309647
14	5	2021	2.75	22.94	1.3	2.3983707084003347
15	5	2021	3.39	24.58	0.0	2.510058394609104
16	5	2021	8.26	28.3	0.0	2.7651299529015985
17	5	2021	7.19	32.56	0.0	3.0417658051479304
18	5	2021	11.93	28.55	0.0	2.7359073087239714
19	5	2021	2.06	13.76	0.0	1.736466188673789
20	5	2021	-1.1	4.29	2.55	0.6943345032786359
21	5	2021	-2.16	5.12	3.32	0.9482208829427824
22	5	2021	-0.07	9.74	0.0	1.4860366922573467
23	5	2021	6.26	14.95	16.21	1.648450072838471
24	5	2021	8.14	11.38	21.03	0.314043107388558
25	5	2021	2.21	9.2	1.72	0.819306923651809
26	5	2021	-0.72	13.5	0.0	1.646318737272804
27	5	2021	0.92	18.95	0.0	2.160379578042737
28	5	2021	7.02	21.77	0.0	2.299230346308179
29	5	2021	6.59	20.78	0.0	2.2023074935443177
30	5	2021	2.42	23.02	0.0	2.494101087532729
31	5	2021	8.29	26.93	0.0	2.7679511404454167
1	6	2021	8.92	26.71	0.0	2.745569406647572
2	6	2021	12.32	32.21	0.0	3.113672419858196
3	6	2021	13.62	35.75	0.0	3.3457936163063513
4	6	2021	15.91	29.54	0.0	2.767376780977235
5	6	2021	11.64	28.41	0.0	2.847991218643054
6	6	2021	8.46	21.13	0.0	2.1606448088658703
7	6	2021	9.11	22.86	0.0	2.3586371973959857
8	6	2021	6.19	23.44	2.42	2.1492577505989066
9	6	2021	11.92	19.52	9.86	1.0717597976094728
10	6	2021	13.54	21.3	9.84	1.0712447061058936
11	6	2021	10.79	20.77	0.0	1.6813681808117438
12	6	2021	6.97	23.67	0.0	2.414207755431874
13	6	2021	6.74	27.5	0.0	2.782568692618957
14	6	2021	12.81	31.91	0.0	3.0672680748065813
15	6	2021	16.39	33.73	1.33	3.1102502768930465
16	6	2021	13.09	25.09	0.0	2.2085874915814085
17	6	2021	7.31	24.46	0.0	2.508255300335079
18	6	2021	8.28	18.84	0.0	1.7017712164623713
19	6	2021	6.89	20.56	1.1	2.0620147619833933
20	6	2021	6.0	18.78	0.0	1.8636866789259976
21	6	2021	1.84	24.55	0.0	2.5373877175833073
22	6	2021	10.56	31.17	0.0	3.0201267427118235
23	6	2021	13.44	24.29	0.0	1.90909561207237
24	6	2021	8.74	23.43	0.0	2.2285451332404924
25	6	2021	9.9	27.79	0.0	2.679385315659225
26	6	2021	13.44	28.94	0.0	2.6200850442261427
27	6	2021	12.23	28.3	0.0	2.6175550159451855
28	6	2021	10.92	29.65	0.0	2.8792221117590877
29	6	2021	12.73	33.16	0.0	3.164090436668044
30	6	2021	14.43	34.3	0.0	3.215652816010236
1	7	2021	15.85	35.25	0.0	3.2502290998087373
2	7	2021	18.58	39.35	0.0	3.5301419589360834
3	7	2021	17.12	30.0	0.0	2.4677997867989543
4	7	2021	12.81	28.34	5.37	2.1425893981616846
5	7	2021	13.48	24.21	0.0	1.8531889684445264
6	7	2021	10.54	21.15	0.0	1.6923444558121747
7	7	2021	11.58	28.6	3.91	2.1936600512687643
8	7	2021	14.15	27.44	4.67	1.8357278196396465
9	7	2021	12.76	30.34	0.0	2.714734414073528
10	7	2021	13.85	32.7	0.0	2.89613771311624
11	7	2021	15.83	31.86	0.0	2.6811972492312908
12	7	2021	11.83	27.88	0.0	2.4746138142641647
13	7	2021	10.36	29.24	0.0	2.7042801874579867
14	7	2021	11.37	31.28	0.0	2.8655728394165103
15	7	2021	14.07	35.23	0.0	3.1372951165776533
16	7	2021	15.9	30.6	0.0	2.474083871875451
17	7	2021	16.91	35.62	0.0	3.0245205147939496
18	7	2021	13.66	26.26	0.0	2.0230746261423596
19	7	2021	13.95	20.82	0.0	0.9513922135304548
20	7	2021	15.86	28.46	0.0	2.1327399872295163
21	7	2021	15.24	31.41	0.0	2.6365795430617944
22	7	2021	14.27	33.54	0.0	2.9342874566399053
23	7	2021	6.59	28.83	0.0	2.693374235892536
24	7	2021	10.08	29.21	0.0	2.6294744280967075
25	7	2021	10.81	28.95	1.49	2.5629929223835153
26	7	2021	12.3	28.16	0.0	2.3585662301493784
27	7	2021	12.63	35.45	0.0	3.0767571006400867
28	7	2021	12.84	29.46	0.0	2.4551841149664715
29	7	2021	13.07	33.93	0.0	2.9113581640782393
30	7	2021	12.72	31.18	0.0	2.642960516985858
31	7	2021	12.6	31.64	0.0	2.68851006536647
1	8	2021	12.5	33.15	0.0	2.8301396588061976
2	8	2021	16.15	35.26	0.0	2.848806454405541
3	8	2021	19.02	28.55	0.0	1.506667361613167
4	8	2021	14.14	28.42	0.0	2.1367336243294903
5	8	2021	11.14	30.88	0.0	2.605260191411262
6	8	2021	15.64	33.25	0.0	2.5980012903196856
7	8	2021	15.28	29.34	0.0	2.104403684422487
8	8	2021	13.69	22.64	0.0	1.1982408899521753
9	8	2021	11.29	20.32	0.0	1.147274034456094
10	8	2021	10.52	20.98	3.71	1.0578080876650062
11	8	2021	11.25	25.69	0.0	1.9410034478068712
12	8	2021	8.88	23.82	0.0	1.8822192892313752
13	8	2021	8.7	29.87	0.0	2.508151788438482
14	8	2021	16.25	37.4	0.0	2.893196449070797
15	8	2021	15.73	32.91	0.0	2.4460868563320375
16	8	2021	14.84	26.63	0.0	1.6710714467418286
17	8	2021	10.24	19.24	0.0	1.051539566167073
18	8	2021	9.66	17.83	2.99	0.7461258360389135
19	8	2021	7.58	19.57	3.29	1.0965419021215403
20	8	2021	10.07	19.26	4.4	0.8441101299418273
21	8	2021	6.09	21.91	4.58	1.423115345313998
22	8	2021	9.47	15.66	9.38	0.5651633635760265
23	8	2021	7.35	17.79	7.99	1.030539180259204
24	8	2021	7.21	14.86	0.0	0.8250668305680867
25	8	2021	3.34	20.17	0.0	1.7908414547437168
26	8	2021	7.25	20.84	0.0	1.6741815134553857
27	8	2021	12.34	21.42	0.0	1.2394959799177685
28	8	2021	10.89	24.11	2.0	1.8103577251063112
29	8	2021	7.73	26.14	0.0	2.1553275990042113
30	8	2021	8.99	29.31	0.0	2.3693908694614207
31	8	2021	11.89	25.31	14.88	1.4700145985477575
1	9	2021	8.79	21.48	0.0	1.475022474433057
2	9	2021	8.91	18.88	0.0	1.1017877784380237
3	9	2021	8.18	21.89	0.0	1.5402566950059395
4	9	2021	5.52	23.31	0.0	1.7970704133219348
5	9	2021	7.8	29.44	0.0	2.201067942770941
6	9	2021	10.31	22.61	1.59	1.416620905039609
7	9	2021	7.59	23.61	0.0	1.6918617130935805
8	9	2021	5.66	25.59	0.0	1.9698889278168663
9	9	2021	10.39	28.51	0.0	2.129265652917536
10	9	2021	8.48	21.91	0.0	1.5402664896333158
11	9	2021	6.36	14.67	0.0	0.7795576664093672
12	9	2021	2.77	18.36	0.0	1.4652044002834257
13	9	2021	7.31	21.51	0.0	1.5518556975572877
14	9	2021	4.41	23.34	0.0	1.8193485037411308
15	9	2021	8.14	19.03	0.0	1.1765684567380617
16	9	2021	3.71	15.45	0.0	1.0846511187329928
17	9	2021	-1.11	19.75	0.0	1.5867057020717856
18	9	2021	11.25	32.7	0.0	2.289259507923181
19	9	2021	6.69	20.0	0.0	1.3159611457780602
20	9	2021	1.8	18.78	0.0	1.4172712592809875
21	9	2021	2.85	22.24	0.0	1.6370712461369
22	9	2021	5.98	27.66	0.0	1.947754170107992
23	9	2021	4.34	17.08	0.0	1.067334766218868
24	9	2021	-0.84	19.58	0.0	1.4599963478217357
25	9	2021	7.43	25.84	0.0	1.7009653156649698
26	9	2021	4.11	25.64	0.0	1.75823125110435
27	9	2021	9.09	30.06	0.0	1.932034025986811
28	9	2021	6.45	27.71	0.0	1.8142932295515413
29	9	2021	6.26	21.04	0.0	1.2391584459863303
30	9	2021	1.77	24.25	0.0	1.6357164854189556
1	10	2021	5.99	23.43	0.0	1.4297876620325058
2	10	2021	0.46	21.6	0.0	1.443331325142973
3	10	2021	5.7	23.84	0.0	1.4746462745633395
4	10	2021	2.0	20.62	0.0	1.334013284169898
5	10	2021	5.19	23.64	0.0	1.4471320324567327
6	10	2021	6.99	26.74	0.0	1.640639940988896
7	10	2021	3.05	14.43	0.0	0.7547532909098558
8	10	2021	0.99	16.99	0.0	1.090672550617334
9	10	2021	-1.0	19.96	0.0	1.3477563762546494
10	10	2021	-0.86	18.88	0.0	1.2560005643765306
11	10	2021	-2.0	9.25	0.0	0.6134546128433269
12	10	2021	-6.88	8.96	0.0	0.7230783020348884
13	10	2021	-3.96	5.41	3.67	0.4373547779906874
14	10	2021	-1.64	6.27	2.28	0.400972292987182
15	10	2021	-3.49	13.71	0.0	0.8851693163944486
16	10	2021	-0.65	18.06	0.0	1.0841606635384868
17	10	2021	3.0	24.29	0.0	1.3978062552020876
18	10	2021	1.52	13.71	0.0	0.7269068623619765
19	10	2021	-5.36	7.25	0.0	0.5856637527718234
20	10	2021	-7.45	8.12	0.0	0.6692304764193532
21	10	2021	-4.25	10.52	0.0	0.7161279809146545
22	10	2021	-5.45	9.75	0.0	0.7020961361861411
23	10	2021	-1.63	7.11	0.94	0.4550017633069732
24	10	2021	2.27	6.63	0.0	0.2585891151914365
25	10	2021	3.55	9.68	2.23	0.3588614421728865
26	10	2021	2.28	10.77	2.06	0.4791480435290841
27	10	2021	0.15	13.36	0.0	0.7361423161269329
28	10	2021	-2.12	11.26	0.0	0.6881237180740113
29	10	2021	0.41	8.74	1.67	0.4637503719259934
30	10	2021	-4.93	4.96	0.0	0.4511323848139533
31	10	2021	-8.49	4.24	0.0	0.5027708898013482
1	11	2021	-10.02	2.41	0.0	0.4561153608237727
2	11	2021	-10.12	7.08	0.0	0.6381283374020206
3	11	2021	-8.11	10.13	0.0	0.7353443276128422
4	11	2021	-2.2	15.42	0.0	0.881568765088771
5	11	2021	2.17	14.45	0.0	0.7101464497852298
6	11	2021	-2.98	10.09	0.0	0.6324725123323809
7	11	2021	-6.0	10.13	0.0	0.6950769832136598
8	11	2021	-5.85	9.07	0.0	0.6436189733644975
9	11	2021	-9.49	8.27	0.0	0.6610998416255365
10	11	2021	-2.08	3.75	1.02	0.2822369136442922
11	11	2021	-6.54	-2.23	0.0	0.1707883455349987
12	11	2021	-8.72	-3.13	0.0	0.2010843896366227
13	11	2021	-9.13	5.51	0.0	0.540364883585712
14	11	2021	-5.79	2.02	0.51	0.3247087390094634
15	11	2021	-1.23	5.25	0.84	0.3230151418453542
16	11	2021	-4.5	6.47	5.01	0.4661019319339909
17	11	2021	-12.37	-4.94	0.0	0.2243000614861739
18	11	2021	-15.04	-1.13	0.0	0.380118610826634
19	11	2021	-10.73	-1.6	0.0	0.301574195885972
20	11	2021	-11.05	0.75	0.0	0.3882288976123917
21	11	2021	-16.82	-2.61	0.0	0.351089041680116
22	11	2021	-6.88	5.01	0.0	0.4702815885500952
23	11	2021	-9.63	3.4	0.0	0.4555545973988119
24	11	2021	-16.55	-8.46	0.0	0.1902981266588336
25	11	2021	-11.07	2.29	0.0	0.4342629100439192
26	11	2021	-2.45	6.11	0.0	0.3959607067566085
27	11	2021	-6.95	2.27	0.0	0.3542618470948551
28	11	2021	-4.98	4.34	0.0	0.3884665821754637
29	11	2021	-3.67	5.51	1.03	0.4025489163929383
30	11	2021	-5.87	5.06	0.0	0.4395962047188054
1	12	2021	-0.08	6.82	0.0	0.3440192311414232
2	12	2021	-3.62	2.36	1.2	0.2594111869838157
3	12	2021	-8.25	-1.03	0.0	0.2572081782997421
4	12	2021	-11.13	-2.63	0.79	0.2693906542339821
5	12	2021	-22.26	-8.31	0.78	0.2460889149770391
6	12	2021	-24.6	-12.92	0.0	0.172867274630827
7	12	2021	-20.81	-9.04	0.0	0.2217890309621187
8	12	2021	-14.88	3.16	0.88	0.4956160985312959
9	12	2021	-12.25	-1.83	0.0	0.3140346210258727
10	12	2021	-14.15	-3.84	0.0	0.2806491929186934
11	12	2021	-10.04	4.33	0.0	0.4873353112501831
12	12	2021	-9.06	1.36	0.0	0.3638373208476388
13	12	2021	-14.25	-3.21	0.0	0.2982719004649345
14	12	2021	-9.14	-1.98	0.22	0.2445665096614579
15	12	2021	-21.57	-11.92	0.0	0.1676615872924435
16	12	2021	-24.9	-17.28	0.37	0.1032724739616512
17	12	2021	-25.9	-17.84	0.85	0.1025463641719883
18	12	2021	-28.11	-8.94	0.0	0.2430663253891437
19	12	2021	-19.48	-9.77	0.0	0.1916799665266254
20	12	2021	-20.72	-12.18	0.0	0.1542889357463365
21	12	2021	-19.56	-7.46	0.0	0.2436921631288729
22	12	2021	-13.98	-6.72	2.55	0.186367331885308
23	12	2021	-14.7	-1.54	1.64	0.3518429295059442
24	12	2021	-24.8	-15.12	0.67	0.1362111042792448
25	12	2021	-29.16	-22.65	1.9	0.0640295322272145
26	12	2021	-28.06	-24.19	6.85	0.0379968815569915
27	12	2021	-34.69	-26.23	0.34	0.056368030313634
28	12	2021	-37.05	-27.5	0.0	0.0535893832811523
29	12	2021	-34.82	-25.91	0.0	0.059383099602198
30	12	2021	-36.74	-27.65	0.0	0.0519726532331762
31	12	2021	-35.82	-27.11	0.0	0.0533747668480648
1	1	2022	-35.05	-22.83	0.0	0.0838662192402216
2	1	2022	-26.17	-1.14	0.0	0.3901395152477745
3	1	2022	-17.0	-5.14	3.67	0.2677025028907127
4	1	2022	-23.45	-12.6	1.66	0.1692037511381221
5	1	2022	-32.56	-19.82	0.0	0.1076431895090566
6	1	2022	-34.99	-26.07	0.0	0.0581398134962954
7	1	2022	-24.27	-7.69	1.56	0.2647191407238595
8	1	2022	-24.32	-13.92	0.0	0.1533038486408646
9	1	2022	-28.82	-16.64	0.0	0.1352626168491565
10	1	2022	-21.71	-0.3	0.0	0.4229377481330726
11	1	2022	-11.69	3.76	0.0	0.4940447926656265
12	1	2022	-1.74	5.4	0.0	0.3386052038554143
13	1	2022	-5.04	4.16	2.35	0.3723546408111425
14	1	2022	-5.73	1.68	0.0	0.3011089209440448
15	1	2022	-4.57	4.61	0.0	0.3957818242067377
16	1	2022	-4.41	4.36	0.0	0.3812930203006577
17	1	2022	-5.69	4.48	0.94	0.4226352873262526
18	1	2022	-19.16	2.76	0.0	0.5105457222572478
19	1	2022	-26.18	-15.55	0.0	0.1426088468077577
20	1	2022	-23.2	-2.59	2.06	0.3657788113028067
21	1	2022	-9.32	2.68	1.28	0.4347532862084926
22	1	2022	-7.35	4.66	1.85	0.4765993503958924
23	1	2022	-7.6	5.2	0.0	0.5060441139539018
24	1	2022	-10.31	2.11	0.0	0.435467913128705
25	1	2022	-22.18	-4.81	0.0	0.3346647976619012
26	1	2022	-9.58	2.26	0.0	0.4316363469569536
27	1	2022	-7.44	1.36	0.0	0.3498996223505206
28	1	2022	-10.98	1.29	0.0	0.4230423684243069
29	1	2022	-8.68	2.48	0.0	0.4282336270778061
30	1	2022	-4.38	5.46	0.0	0.4541806696576555
31	1	2022	-12.38	3.72	3.59	0.5098351875757734
1	2	2022	-26.1	-17.27	0.0	0.1231125553414414
2	2	2022	-32.48	-23.54	0.0	0.078397784405246
3	2	2022	-30.49	-19.8	0.0	0.1130801892382554
4	2	2022	-32.07	-7.37	6.68	0.2719799761485441
5	2	2022	-15.34	-6.72	0.94	0.2406262552524375
6	2	2022	-16.98	1.48	0.0	0.5078949265621968
7	2	2022	-5.1	5.36	0.0	0.4904099234931435
8	2	2022	-4.23	2.77	0.0	0.338817775186463
9	2	2022	-8.02	2.82	0.42	0.4567698733684405
10	2	2022	-8.85	5.29	0.66	0.581491516346295
11	2	2022	-17.96	-12.1	0.0	0.1416609825630336
12	2	2022	-16.82	-6.76	0.0	0.2742808901325587
13	2	2022	-15.67	1.96	0.0	0.5363406665447535
14	2	2022	-17.81	-9.28	1.15	0.2181160711153007
15	2	2022	-14.78	-6.83	1.66	0.2420119929298362
16	2	2022	-24.05	-15.2	0.43	0.1548079113763873
17	2	2022	-26.3	-3.54	0.0	0.3995193382317843
18	2	2022	-20.02	-6.74	0.0	0.3183835267753082
19	2	2022	-17.21	3.45	3.29	0.57035884215291
20	2	2022	-22.15	-15.23	0.0	0.1374165428336396
21	2	2022	-28.1	-19.98	0.0	0.1094918250210293
22	2	2022	-31.11	-20.33	0.0	0.1223803555139598
23	2	2022	-30.04	-18.28	0.0	0.1476482028972741
24	2	2022	-26.76	-16.67	0.0	0.1583202647772721
25	2	2022	-26.43	-8.04	0.0	0.3223567894386531
26	2	2022	-13.87	-2.43	0.0	0.4051102337777281
27	2	2022	-11.93	-6.63	0.0	0.2008504782662968
28	2	2022	-13.37	-7.26	0.0	0.2182134211217619
1	3	2022	-12.1	-6.77	0.0	0.2047364477317236
2	3	2022	-16.4	-8.73	0.0	0.2403742772262024
3	3	2022	-17.38	-9.94	6.08	0.2014037004866831
4	3	2022	-11.32	-8.05	3.56	0.120908345701161
5	3	2022	-16.66	-10.02	0.0	0.2097441469052906
6	3	2022	-18.3	-4.53	0.0	0.4172372004994015
7	3	2022	-15.51	1.83	0.92	0.6248923159641346
8	3	2022	-17.73	-8.28	0.0	0.2960004363893784
9	3	2022	-23.96	-14.27	0.0	0.2070723789303168
10	3	2022	-23.54	-12.32	0.0	0.2504700308626987
11	3	2022	-30.37	-10.08	0.0	0.3043704484349814
12	3	2022	-15.4	2.97	0.0	0.7085978860190173
13	3	2022	-11.81	-2.44	0.0	0.4150158192918716
14	3	2022	-11.35	0.26	0.0	0.5440611911734988
15	3	2022	-6.14	4.53	0.0	0.6862052139823046
16	3	2022	-3.74	4.02	0.0	0.5104870652697494
17	3	2022	-6.14	5.4	0.0	0.775799508884664
18	3	2022	-1.94	5.68	0.0	0.5748777211271074
19	3	2022	-3.66	6.31	0.0	0.7915908414884568
20	3	2022	-1.21	4.46	0.59	0.4294923775707053
21	3	2022	-0.7	5.86	0.0	0.5814413427128402
22	3	2022	-2.54	7.91	0.0	0.970186352702576
23	3	2022	-1.73	13.16	0.0	1.4044279536111468
24	3	2022	-0.7	7.33	1.46	0.7995380193861331
25	3	2022	-6.66	0.83	0.0	0.5296661450561342
26	3	2022	-8.95	-2.45	0.0	0.3732824842530209
27	3	2022	-6.83	8.2	0.0	1.1690799661788382
28	3	2022	-2.01	7.92	0.0	1.111753099674489
29	3	2022	-5.51	2.01	0.0	0.6822365563601109
30	3	2022	-7.7	9.64	0.0	1.3513644449906284
31	3	2022	-0.82	5.2	1.99	0.6760693199027545
1	4	2022	-4.0	5.4	0.0	0.9601740392389184
2	4	2022	-7.04	7.44	0.0	1.2216802165317306
3	4	2022	-3.59	11.88	0.0	1.5317150325818816
4	4	2022	-1.47	16.18	0.0	1.8868030044270545
5	4	2022	-0.71	9.09	2.66	1.0044636757822951
6	4	2022	-1.21	7.26	0.75	1.0500737113465153
7	4	2022	-3.41	11.15	0.0	1.533510786393621
8	4	2022	-1.51	18.83	0.0	2.065837379019154
9	4	2022	0.02	12.62	0.0	1.6302025976773014
10	4	2022	-4.0	6.84	0.0	1.1963124233420568
11	4	2022	-7.97	-1.57	0.0	0.514952292171222
12	4	2022	-9.85	-5.29	0.0	0.2673051744859657
13	4	2022	-9.5	-4.88	1.33	0.2802395569844244
14	4	2022	-8.69	-3.19	1.42	0.4266887697153372
15	4	2022	-9.75	-1.92	0.0	0.6418589848618381
16	4	2022	-9.33	1.57	0.0	0.9564635581049982
17	4	2022	-7.71	4.1	0.0	1.1390763191611293
18	4	2022	-7.54	8.93	0.0	1.5043991458223749
19	4	2022	-2.73	4.34	2.01	0.7014477040154901
20	4	2022	-4.61	1.64	1.69	0.6891610041122256
21	4	2022	-8.5	5.84	0.0	1.2950189918771755
22	4	2022	-2.31	3.73	0.75	0.8032554433150092
23	4	2022	0.26	9.8	1.74	1.5179121328134066
24	4	2022	-2.58	11.67	0.0	1.7629949828954194
25	4	2022	-2.37	10.97	0.0	1.710477970578286
26	4	2022	-2.54	15.21	0.0	1.979316082640859
27	4	2022	1.09	15.82	0.0	2.0526831516664337
28	4	2022	0.74	17.95	0.0	2.1866728832691136
29	4	2022	0.48	16.63	0.0	2.106411590623828
30	4	2022	1.48	17.6	0.0	2.172977075192176
1	5	2022	0.66	15.48	0.0	2.0275426486830708
2	5	2022	-0.46	18.78	0.0	2.2299580988344037
3	5	2022	3.92	20.35	0.0	2.3709761815934565
4	5	2022	0.9	24.37	0.0	2.57803280085193
5	5	2022	8.42	27.59	0.0	2.860694019919522
6	5	2022	9.69	22.67	2.16	2.2068611889702465
7	5	2022	5.73	14.64	6.51	1.4263104140080396
8	5	2022	3.0	15.05	0.0	1.9227735728348736
9	5	2022	-0.26	15.49	0.0	1.971075733764614
10	5	2022	3.3	14.13	2.55	1.469533603231168
11	5	2022	-0.43	18.99	0.0	2.186880891057345
12	5	2022	3.22	20.49	0.0	2.308668662172938
13	5	2022	4.73	11.31	12.02	0.8316636514848962
14	5	2022	2.94	17.14	0.0	1.976581975502568
15	5	2022	3.28	20.62	0.0	2.310644217467861
16	5	2022	4.78	20.83	0.0	2.3184814248418464
17	5	2022	6.42	20.13	2.49	1.8175862349313472
18	5	2022	7.15	16.75	0.93	1.6420661831678929
19	5	2022	1.52	11.21	3.1	1.0256875351890848
20	5	2022	1.04	8.33	0.0	0.8732137345077161
21	5	2022	-0.81	14.45	0.0	1.8220675568421103
22	5	2022	0.76	16.88	0.0	2.0207693694767377
23	5	2022	1.8	22.78	0.0	2.4637821505969932
24	5	2022	4.74	24.68	0.0	2.6075917982475305
25	5	2022	6.35	24.49	0.0	2.5954782327733565
26	5	2022	5.88	24.17	0.0	2.577088594084335
27	5	2022	6.9	21.63	1.82	2.3394799819006753
28	5	2022	8.2	23.14	0.0	2.448224819232032
29	5	2022	9.46	20.59	0.0	2.005410600634072
30	5	2022	7.12	17.82	0.0	1.8018953107690077
31	5	2022	3.66	18.87	0.0	2.1638319607373693
1	6	2022	2.42	19.75	0.0	2.288786078894474
2	6	2022	4.27	21.6	0.0	2.42620143897274
3	6	2022	2.64	23.24	0.0	2.537258005854095
4	6	2022	4.25	25.2	0.0	2.67809966051509
5	6	2022	6.53	20.65	0.0	2.3347326356585256
6	6	2022	6.0	21.02	0.0	2.369865460489718
7	6	2022	8.05	21.33	0.0	2.3559978581733443
8	6	2022	6.87	24.74	2.74	2.4130634990556423
9	6	2022	11.39	24.49	5.98	2.1441127577349044
10	6	2022	10.58	26.32	1.6	2.730389029352855
11	6	2022	8.21	24.35	0.0	2.6134667663112237
12	6	2022	8.66	24.78	5.95	2.227133161529545
13	6	2022	11.36	21.81	5.3	1.5441368472023629
14	6	2022	7.1	19.3	0.0	1.9319868438554564
15	6	2022	5.08	17.06	4.77	1.4257990219816143
16	6	2022	11.45	20.96	0.0	1.689318860326284
17	6	2022	10.95	29.63	0.0	2.946784571270509
18	6	2022	17.67	31.99	0.0	2.8196600028880345
19	6	2022	15.96	21.08	4.69	0.5996777793566812
20	6	2022	14.57	20.79	3.43	0.7232591631864098
21	6	2022	11.75	22.74	1.0	1.907495389407982
22	6	2022	10.85	28.14	0.0	2.732769198956509
23	6	2022	10.49	26.5	5.67	2.11816298251698
24	6	2022	8.36	18.36	2.12	1.1998304259728412
25	6	2022	8.72	21.27	3.47	1.5715352647909906
26	6	2022	8.81	24.92	0.0	2.4044087627370163
27	6	2022	10.06	23.36	0.0	2.126557986931304
28	6	2022	9.43	22.84	1.45	2.0980137561482546
29	6	2022	12.6	25.1	0.0	2.121194289449708
30	6	2022	9.76	23.1	0.0	2.1088839490070397
1	7	2022	8.31	24.3	0.0	2.3551089991599765
2	7	2022	10.02	22.78	3.15	1.633713034562008
3	7	2022	10.75	23.76	0.95	2.1139786512804206
4	7	2022	12.76	18.72	7.1	0.6902632926887542
5	7	2022	12.33	18.18	3.03	0.6776307952508179
6	7	2022	12.71	24.41	0.0	2.0084836744172017
7	7	2022	12.44	24.29	1.68	2.019201419972647
8	7	2022	16.69	31.71	3.22	2.139412249120546
9	7	2022	16.44	29.31	2.3	1.8318152189020935
10	7	2022	13.85	25.13	3.84	1.51375623442416
11	7	2022	11.01	27.15	0.0	2.419961814730329
12	7	2022	10.64	30.3	0.0	2.726239489143931
13	7	2022	16.09	33.4	2.98	2.2673377924481763
14	7	2022	15.15	28.11	0.0	2.181973421211814
15	7	2022	16.23	33.9	0.0	2.7991415342247623
16	7	2022	14.95	35.33	0.0	2.9715119283350746
17	7	2022	15.82	31.26	0.0	2.4993956139587863
18	7	2022	14.38	29.25	19.11	1.8889522940280348
19	7	2022	15.33	28.61	7.02	1.6073664546799906
20	7	2022	12.84	24.73	0.0	1.6833245796431886
21	7	2022	10.94	28.37	0.0	2.286379573727371
22	7	2022	11.28	24.92	0.0	1.8562147203793895
23	7	2022	8.8	21.81	0.0	1.6690526074473178
24	7	2022	7.88	28.39	0.0	2.398295495578438
25	7	2022	13.39	20.64	2.54	0.8037039905319164
26	7	2022	10.5	24.3	0.0	1.811268105695945
27	7	2022	7.87	25.79	0.0	2.129665718931313
28	7	2022	8.19	27.82	0.0	2.2921012046299083
29	7	2022	13.03	33.7	0.0	2.613311343855705
30	7	2022	15.34	25.48	2.63	1.1193851477856007
31	7	2022	13.57	27.6	5.75	1.5061117515419955
1	8	2022	14.91	26.5	0.0	1.5435361261582714
2	8	2022	13.5	24.77	0.0	1.4480387021029617
3	8	2022	8.3	25.7	0.0	1.9840148875042956
4	8	2022	11.01	34.33	0.0	2.6176349916074835
5	8	2022	8.79	18.9	0.0	1.0833441135694155
6	8	2022	4.84	22.97	0.0	1.8575005359570735
7	8	2022	11.71	30.12	0.0	2.21087065025517
8	8	2022	11.08	32.9	0.0	2.478736322194124
9	8	2022	9.82	25.96	0.0	1.8569173739551268
10	8	2022	10.23	26.31	0.0	1.8584943292098264
11	8	2022	15.63	25.95	0.0	1.2427857797636643
12	8	2022	11.69	31.75	0.0	2.381752247174776
13	8	2022	16.01	32.88	1.8	2.2085195416984216
14	8	2022	15.43	30.87	0.0	1.9967251604388891
15	8	2022	12.23	29.75	0.0	2.107555625697454
16	8	2022	13.77	34.51	0.0	2.4827330494461135
17	8	2022	16.03	29.65	0.0	1.7570771310643682
18	8	2022	12.5	29.48	0.0	2.0497341280210586
19	8	2022	10.72	29.63	0.0	2.1505189987287476
20	8	2022	14.21	32.02	0.0	2.17078347039807
21	8	2022	12.64	34.23	0.0	2.4458610070281366
22	8	2022	16.33	26.42	0.0	1.1566976154087394
23	8	2022	14.08	26.84	0.0	1.5113516909546
24	8	2022	10.63	27.26	0.0	1.8381959242003512
25	8	2022	10.39	28.66	0.0	1.980230998867206
26	8	2022	12.86	28.77	8.97	1.4907152298682955
27	8	2022	13.57	30.75	0.0	1.930341069882988
28	8	2022	12.51	21.76	0.0	0.9651709786027396
29	8	2022	8.84	27.42	0.0	1.8628656044504417
30	8	2022	10.38	31.9	0.0	2.1687034556916784
31	8	2022	13.61	35.35	0.0	2.2927028422775093
1	9	2022	14.3	32.2	0.0	1.932395084222986
2	9	2022	6.04	26.91	0.0	1.8606901922481167
3	9	2022	11.97	36.74	0.0	2.4145626936748568
4	9	2022	15.44	34.73	0.0	2.0454292605961104
5	9	2022	12.5	31.47	0.0	1.9032948297994656
6	9	2022	8.68	24.78	0.0	1.4690492004794418
7	9	2022	10.12	35.23	0.0	2.304482365193288
8	9	2022	7.05	19.48	0.0	1.059576140964473
9	9	2022	3.51	17.18	0.0	1.0567532411052771
10	9	2022	2.02	23.04	0.0	1.6024877885984403
11	9	2022	8.31	32.33	0.0	2.139139981653008
12	9	2022	8.88	23.27	0.0	1.3010831897747928
13	9	2022	8.85	15.1	1.4	0.5457959268536722
14	9	2022	7.47	15.63	1.52	0.6883153391951362
15	9	2022	5.69	16.31	0.0	0.8543037044130799
16	9	2022	10.38	20.51	0.0	0.9098526072347614
17	9	2022	7.75	23.21	0.0	1.3488134694866871
18	9	2022	5.23	22.29	0.0	1.4124460844524334
19	9	2022	8.59	17.93	3.15	0.7311057747846688
20	9	2022	4.51	13.83	0.0	0.7167173928422129
21	9	2022	-0.38	17.05	0.0	1.1801021501759366
22	9	2022	1.76	19.12	0.61	1.27548171083685
23	9	2022	4.86	19.91	0.0	1.196171676102416
24	9	2022	6.31	21.49	0.0	1.272054936343307
25	9	2022	2.04	21.88	0.0	1.465554987406015
26	9	2022	6.35	23.0	0.0	1.37771203119652
27	9	2022	6.06	25.54	0.0	1.5911867826534771
28	9	2022	8.68	30.63	0.0	1.874964083514432
29	9	2022	7.81	30.39	0.0	1.8668234623533628
30	9	2022	10.57	23.53	0.0	1.0896987051912672
1	10	2022	7.51	20.08	0.0	0.9765353623624824
2	10	2022	5.18	20.01	0.0	1.119033252780894
3	10	2022	6.86	22.61	0.0	1.301308058535686
4	10	2022	7.59	25.96	0.0	1.5639652134957027
5	10	2022	3.14	12.07	0.0	0.6115123869968491
6	10	2022	-4.14	10.07	0.0	0.7583242078994368
7	10	2022	-2.59	19.81	0.0	1.367872778897614
8	10	2022	3.38	22.79	0.0	1.4571699875641886
9	10	2022	3.29	22.47	0.0	1.4463227641997212
10	10	2022	3.11	25.42	0.0	1.638661989473342
11	10	2022	4.02	15.15	0.0	0.7584176500804704
12	10	2022	2.53	11.43	0.0	0.5777513753761516
13	10	2022	-0.08	14.2	0.0	0.89764623065622
14	10	2022	-2.15	15.65	0.94	1.0553364570212098
15	10	2022	-2.06	9.28	0.0	0.616842049802826
16	10	2022	-4.29	8.99	0.0	0.6638022704368026
17	10	2022	-2.66	17.36	0.0	1.2849637002215506
18	10	2022	0.85	22.36	0.0	1.654866248998199
19	10	2022	2.2	21.51	0.0	1.5619040924997594
20	10	2022	3.26	15.49	0.0	0.9952536071892722
21	10	2022	0.49	11.56	0.0	0.7639733713773628
22	10	2022	-3.96	11.0	4.25	0.7559347966870393
23	10	2022	-0.64	3.5	11.61	0.2104868762031972
24	10	2022	-2.46	0.78	0.0	0.161872683354978
25	10	2022	-2.95	3.43	0.0	0.3150859150451379
26	10	2022	-4.21	6.31	0.0	0.5018447704948243
27	10	2022	-0.25	10.1	0.0	0.571003529534794
28	10	2022	-0.16	10.3	0.0	0.5782869710167443
29	10	2022	-1.72	13.11	0.0	0.8264374203546382
30	10	2022	-0.96	14.71	0.0	0.9568664392610998
31	10	2022	-0.92	8.94	0.0	0.524256263463897
1	11	2022	-0.18	9.13	0.0	0.5059038904140594
2	11	2022	-2.59	1.37	0.0	0.19304848779687
3	11	2022	-7.9	-2.35	0.0	0.2150966497747564
4	11	2022	-9.29	3.8	1.44	0.5053786186861008
5	11	2022	-5.34	3.67	11.36	0.3841171819296062
6	11	2022	-12.31	-6.09	0.0	0.1975900741662082
7	11	2022	-14.83	-6.71	4.92	0.2165839218835274
8	11	2022	-18.2	-6.74	0.0	0.2745257030996019
9	11	2022	-24.01	-15.33	0.0	0.1400801294948882
10	11	2022	-23.93	-14.63	0.0	0.1514722037704122
11	11	2022	-21.59	-10.79	0.0	0.2071402873496204
12	11	2022	-21.4	-10.4	1.29	0.2130883493284399
13	11	2022	-14.22	-5.75	0.0	0.2443893213839316
14	11	2022	-11.64	-5.26	0.89	0.2072586023437883
15	11	2022	-10.3	-3.67	0.0	0.2308399097691957
16	11	2022	-10.46	-2.53	0.0	0.2766273421901368
17	11	2022	-16.41	-10.14	0.0	0.1568738188280308
18	11	2022	-16.48	-6.92	0.0	0.2441760381884107
19	11	2022	-12.26	-4.07	0.0	0.2607724149256617
20	11	2022	-11.72	0.77	0.0	0.4121555074925354
21	11	2022	-11.5	1.74	0.94	0.440947081880404
22	11	2022	-5.92	2.56	0.0	0.360736557623386
23	11	2022	-4.85	2.23	0.0	0.3121473600164035
24	11	2022	-6.54	3.98	0.0	0.4324115928378635
25	11	2022	-0.1	7.04	0.0	0.3770849413828364
26	11	2022	-3.41	2.89	0.0	0.2916943546112554
27	11	2022	-4.19	3.0	2.15	0.3077799603390805
28	11	2022	-11.05	-5.01	4.32	0.1869056359940024
29	11	2022	-16.83	-10.44	0.99	0.1508091962504664
30	11	2022	-21.39	-14.43	1.51	0.1241789497955978
1	12	2022	-23.35	-14.95	0.76	0.133790079828183
2	12	2022	-29.29	-21.8	0.0	0.0772264995509963
3	12	2022	-24.27	-11.2	0.0	0.2034463847607841
4	12	2022	-15.07	-3.12	0.0	0.3186097848231638
5	12	2022	-24.33	-13.71	0.66	0.1600191823615583
6	12	2022	-33.23	-21.58	0.0	0.0934933541795411
7	12	2022	-34.7	-8.68	0.0	0.232944382275955
8	12	2022	-15.36	-5.38	0.0	0.255849880200058
9	12	2022	-11.14	-1.78	0.0	0.2982152075154852
10	12	2022	-17.01	-6.46	0.0	0.2466289672385031
11	12	2022	-10.39	-4.48	1.63	0.1911107257668331
12	12	2022	-12.44	-7.19	2.98	0.1459052310103086
13	12	2022	-16.0	-11.75	0.0	0.0994283225328283
14	12	2022	-17.94	-8.18	0.24	0.2147557186749077
15	12	2022	-16.77	-10.5	0.0	0.1429741638220721
16	12	2022	-20.43	-13.56	0.49	0.125942946938719
17	12	2022	-20.45	-14.52	1.05	0.1074499464144254
18	12	2022	-25.82	-20.08	0.96	0.072066168277995
19	12	2022	-31.03	-23.21	1.93	0.0691936213900525
20	12	2022	-35.41	-28.9	1.57	0.0397903551705252
21	12	2022	-33.15	-27.88	0.74	0.0379132721471919
22	12	2022	-32.1	-25.6	0.0	0.0521451725007082
23	12	2022	-35.26	-20.73	0.0	0.1029986736343933
24	12	2022	-23.18	-11.68	3.08	0.1797923813546325
25	12	2022	-16.5	-8.56	0.0	0.1877987082662432
26	12	2022	-15.28	0.77	0.0	0.4261806239934976
27	12	2022	-10.78	-2.62	7.67	0.2530162156470554
28	12	2022	-16.18	-9.28	1.87	0.1644315155698736
29	12	2022	-14.68	-10.11	0.0	0.1161902224505766
30	12	2022	-16.57	-8.36	0.0	0.1942299613057355
31	12	2022	-18.43	-10.52	0.0	0.1673963236424174
1	1	2023	-18.57	-6.72	0.0	0.2537459770671567
2	1	2023	-14.79	-4.97	0.0	0.257462222203975
3	1	2023	-14.95	-5.88	0.0	0.2353035462203265
4	1	2023	-17.89	-9.3	0.0	0.1879003453172253
5	1	2023	-18.01	-10.44	0.0	0.163404962651606
6	1	2023	-17.06	-5.65	0.0	0.2678805209437674
7	1	2023	-12.75	-3.64	0.0	0.2676581749116449
8	1	2023	-14.21	-4.87	0.0	0.2552230532888728
9	1	2023	-13.85	-4.29	0.0	0.2669299429552021
10	1	2023	-15.96	-9.68	0.0	0.1528584387733246
11	1	2023	-15.39	-9.62	0.0	0.1448994098269614
12	1	2023	-14.02	-6.92	0.0	0.1952007064873295
13	1	2023	-12.24	-2.77	0.0	0.2906935505805599
14	1	2023	-11.76	-4.5	0.0	0.2273867448497811
15	1	2023	-9.58	-6.87	0.0	0.0924337442316698
16	1	2023	-9.42	-7.04	0.0	0.0820962016685142
17	1	2023	-10.4	-7.25	0.0	0.1038145335800443
18	1	2023	-8.1	-3.01	0.0	0.1918064031915173
19	1	2023	-9.7	-4.18	0.0	0.193474614996389
20	1	2023	-14.11	-4.7	0.0	0.2684687230007433
21	1	2023	-12.43	-1.08	0.0	0.3639399200639995
22	1	2023	-7.18	1.22	0.0	0.3457219540431092
23	1	2023	-12.78	-1.36	0.78	0.3965967596376158
24	1	2023	-10.47	-2.41	0.0	0.2898014850279456
25	1	2023	-7.99	-0.97	1.59	0.2846423447042012
26	1	2023	-8.77	3.62	0.99	0.6009230114123364
27	1	2023	-19.38	-4.36	0.0	0.3618646236728947
28	1	2023	-24.31	-18.19	0.0	0.0962721675388414
29	1	2023	-25.63	-19.26	0.0	0.0922649912039525
30	1	2023	-26.17	-17.87	0.0	0.1188018389292164
31	1	2023	-23.38	-13.27	0.0	0.178850269958593
1	2	2023	-23.51	-11.95	0.83	0.2056736119944067
2	2	2023	-27.69	-17.69	0.0	0.132930872097032
3	2	2023	-19.55	-2.33	0.0	0.4583455158102273
4	2	2023	-7.46	-0.18	0.0	0.3943723361730548
5	2	2023	-10.97	1.51	0.0	0.6067301357800501
6	2	2023	-4.83	1.14	0.0	0.3713410268385668
7	2	2023	-4.9	2.87	0.0	0.5582416897909068
8	2	2023	-9.39	-0.56	1.52	0.4867736627624683
9	2	2023	-13.8	-2.55	0.0	0.470891239306007
10	2	2023	-9.61	4.57	0.0	0.8005868413515649
11	2	2023	-6.77	1.09	0.0	0.5261936887965643
12	2	2023	-7.75	1.37	0.0	0.6008134770827617
13	2	2023	-4.16	3.27	0.0	0.6121881132502363
14	2	2023	-17.23	-4.35	0.0	0.4501954613315648
15	2	2023	-17.35	-10.17	0.0	0.1976329028315208
16	2	2023	-19.73	-2.24	0.0	0.5311341712635211
17	2	2023	-9.17	-0.55	0.0	0.5274821321218857
18	2	2023	-12.79	-4.27	0.0	0.3974135350155179
19	2	2023	-12.81	-6.55	1.31	0.2514601057981011
20	2	2023	-21.32	-10.97	0.0	0.2606817115661722
21	2	2023	-27.3	-17.94	0.0	0.1403156581976299
22	2	2023	-31.14	-25.52	0.0	0.0605680839877588
23	2	2023	-29.27	-21.95	0.0	0.0943259620813693
24	2	2023	-31.11	-19.77	0.0	0.1342456054086279
25	2	2023	-28.13	-12.38	0.0	0.2654794192534421
26	2	2023	-18.53	-3.05	0.0	0.5729029545806461
27	2	2023	-16.02	-6.31	0.0	0.4212308554534091
28	2	2023	-20.93	-11.18	0.0	0.2790945507832415
1	3	2023	-20.24	-6.77	0.0	0.4464566599346204
2	3	2023	-12.88	0.73	0.0	0.7843256311677455
3	3	2023	-10.64	-0.84	0.0	0.6753590466084468
4	3	2023	-15.27	-5.56	0.0	0.4767917757868715
5	3	2023	-21.11	-11.11	0.0	0.3071086649167197
6	3	2023	-25.74	-13.82	0.0	0.2556487120600397
7	3	2023	-17.82	-12.93	0.0	0.1442352540350425
8	3	2023	-19.34	-13.91	0.77	0.1479110801486939
9	3	2023	-19.36	-10.74	0.0	0.31524663406297
10	3	2023	-14.46	-6.92	3.6	0.3222420959935204
11	3	2023	-12.81	-6.89	3.61	0.2609857579604686
12	3	2023	-19.52	-9.32	0.0	0.4081396186072611
13	3	2023	-17.73	-3.6	0.0	0.6591025739248952
14	3	2023	-11.6	0.73	1.04	0.9050965329508504
15	3	2023	-15.09	-4.12	1.97	0.6443139752994902
16	3	2023	-15.03	-5.8	0.0	0.5515038357390899
17	3	2023	-21.11	-8.51	0.0	0.4704679765344564
18	3	2023	-19.54	-0.82	0.0	0.7744249626477716
19	3	2023	-15.02	-3.36	0.0	0.7113616066331687
20	3	2023	-13.63	-6.43	0.0	0.4826650746421979
21	3	2023	-15.55	-6.86	0.0	0.5177901002321271
22	3	2023	-16.42	-6.9	0.0	0.5395544598909118
23	3	2023	-15.42	2.2	0.0	0.9640160491773212
24	3	2023	-14.62	-4.03	0.0	0.6944210136067888
25	3	2023	-19.22	-4.26	0.0	0.6827505824007583
26	3	2023	-14.85	-6.49	0.0	0.5406273279529438
27	3	2023	-19.72	-8.87	0.0	0.4910722616847187
28	3	2023	-21.92	-6.48	0.0	0.5909975917443491
29	3	2023	-18.46	-1.26	0.0	0.819175985434224
30	3	2023	-12.74	-1.92	0.0	0.8478399496737843
31	3	2023	-14.95	0.38	0.0	0.9342710587004598
1	4	2023	-8.96	3.01	0.0	1.1093838031765544
2	4	2023	-8.54	-3.12	2.91	0.4429493510090456
3	4	2023	-13.86	-8.12	1.74	0.3962333108786031
4	4	2023	-19.37	-7.15	0.0	0.5860202284617021
5	4	2023	-22.84	-6.42	0.0	0.5996582421938476
6	4	2023	-20.92	-4.35	0.0	0.6989759607803032
7	4	2023	-13.28	1.56	0.0	1.025864929933174
8	4	2023	-4.23	5.92	0.0	1.2875581355651198
9	4	2023	0.34	7.92	0.0	1.3608949041860212
10	4	2023	2.43	9.17	0.0	1.4004631363020887
11	4	2023	0.64	10.55	0.0	1.5630339341802082
12	4	2023	0.0	8.66	0.0	1.4392736904583947
13	4	2023	-1.99	7.14	0.57	1.3679287161949047
14	4	2023	-0.91	8.98	0.0	1.490548571936228
15	4	2023	-2.1	12.48	0.0	1.7305600819281883
16	4	2023	-0.97	15.32	0.0	1.912537832775518
17	4	2023	2.81	16.77	0.0	1.961293009200707
18	4	2023	0.09	6.66	3.76	0.9489773049852782
19	4	2023	-3.9	0.23	6.99	0.3301537744480001
20	4	2023	-4.84	-1.3	0.67	0.2785716316016499
21	4	2023	-5.23	2.04	0.0	0.8168719891046827
22	4	2023	-4.69	6.77	0.0	1.33711066409682
23	4	2023	-5.06	9.29	0.0	1.5205718357952211
24	4	2023	-1.55	11.02	0.0	1.6439851286850165
25	4	2023	2.04	17.1	1.82	2.038608674406885
26	4	2023	1.48	15.28	0.0	1.923719803237934
27	4	2023	1.92	10.67	0.0	1.5597992082405312
28	4	2023	-0.76	18.86	0.0	2.1277854223765775
29	4	2023	-1.11	16.26	0.0	1.9819206280335249
30	4	2023	-2.16	16.3	0.0	1.973241530794488
1	5	2023	-0.31	20.28	0.0	2.223746742866761
2	5	2023	2.93	26.11	0.0	2.5966720472207827
3	5	2023	5.51	27.08	0.0	2.689321465879426
4	5	2023	6.1	27.14	0.0	2.701466824482653
5	5	2023	4.67	19.9	0.0	2.237371345617335
6	5	2023	4.29	17.43	0.0	2.0658074863255096
7	5	2023	7.44	18.39	0.0	2.089557843863762
8	5	2023	7.05	19.44	0.0	2.190902402839446
9	5	2023	3.51	20.89	0.0	2.3228154927525795
10	5	2023	7.4	21.14	0.0	2.3157717733704763
11	5	2023	5.82	21.17	0.0	2.3374060662094234
12	5	2023	8.47	18.13	0.0	2.0238750010115085
13	5	2023	4.87	24.02	0.0	2.537863456513528
14	5	2023	5.64	25.94	0.0	2.6636664040376896
15	5	2023	9.52	27.49	0.0	2.767321629437702
16	5	2023	9.67	30.71	0.0	2.9842213003869693
17	5	2023	6.1	17.84	0.0	2.0620483059365755
18	5	2023	3.7	16.05	0.0	1.9618182483128297
19	5	2023	1.19	26.01	0.0	2.6233858736424094
20	5	2023	11.0	25.69	0.0	2.589884774918533
21	5	2023	6.8	25.16	0.0	2.604231311400864
22	5	2023	12.07	31.1	3.58	2.7367304683743585
23	5	2023	11.7	25.23	0.0	2.523453232974149
24	5	2023	10.68	22.64	10.43	2.153265652869792
25	5	2023	12.31	16.11	2.89	0.4062495993152961
26	5	2023	10.55	19.68	0.0	1.8363830251733593
27	5	2023	8.0	17.27	6.63	1.355718967897012
28	5	2023	12.86	20.9	0.74	1.6422009215498128
29	5	2023	10.16	26.62	0.0	2.724382347247768
30	5	2023	10.98	28.78	2.18	2.563218479585169
31	5	2023	11.64	30.6	0.0	3.0148742484669824
1	6	2023	13.89	26.69	7.28	2.135725827454383
2	6	2023	12.69	22.94	0.0	2.0169690770180595
3	6	2023	16.26	26.26	5.24	1.7204089325452918
4	6	2023	14.98	30.34	0.0	2.9216862286568994
5	6	2023	17.08	32.71	0.0	3.081743077744343
6	6	2023	15.95	27.61	0.0	2.415877377528904
7	6	2023	12.89	29.03	0.0	2.8888633840558153
8	6	2023	13.39	29.65	0.0	2.943109473640475
9	6	2023	11.65	25.65	0.0	2.58924452477308
10	6	2023	9.92	24.26	0.0	2.566574497027411
11	6	2023	10.16	28.28	0.0	2.901086868618897
12	6	2023	12.23	30.42	0.0	3.0393373069880396
13	6	2023	12.6	31.06	0.0	3.085017646786083
14	6	2023	12.83	29.35	3.14	2.5794215453582106
15	6	2023	9.34	18.21	0.0	1.664210634636029
16	6	2023	6.73	25.0	0.0	2.6965121583123866
17	6	2023	11.89	21.25	0.0	1.9026218628404383
18	6	2023	7.99	24.3	20.02	2.239994835956539
19	6	2023	9.37	22.47	0.0	2.169173570484038
20	6	2023	8.33	22.54	0.0	2.2618243725975393
21	6	2023	8.0	20.42	0.0	2.008764759721058
22	6	2023	7.85	23.91	0.0	2.4567263106044974
23	6	2023	8.3	26.15	0.0	2.6664340995184785
24	6	2023	9.16	26.63	0.0	2.668309791231258
25	6	2023	10.83	29.43	0.0	2.8831847075220054
26	6	2023	11.57	26.41	0.0	2.489065002792385
27	6	2023	11.08	28.66	0.0	2.7681178559853703
28	6	2023	11.4	25.53	0.0	2.3624226588885877
29	6	2023	10.08	27.83	0.0	2.718974522354487
30	6	2023	13.84	30.46	0.0	2.836311567392681
1	7	2023	13.92	32.77	0.0	3.0742058955122262
2	7	2023	12.13	22.99	0.0	1.895186896365887
3	7	2023	9.82	21.83	0.0	1.9759286108773868
4	7	2023	8.18	19.16	0.0	1.7207289671373769
5	7	2023	6.36	24.12	0.0	2.4776798777868443
6	7	2023	8.57	26.82	0.0	2.6747458659518726
7	7	2023	8.08	25.2	0.0	2.5151504937576306
8	7	2023	8.97	28.23	0.0	2.789960099429309
9	7	2023	11.53	30.58	0.0	2.9342029996581256
10	7	2023	10.29	23.78	0.0	2.1785667435978517
11	7	2023	9.24	22.03	0.0	2.018325119429171
12	7	2023	9.8	24.71	0.0	2.349935060740916
13	7	2023	11.62	26.06	0.0	2.4102225986736165
14	7	2023	10.66	22.42	0.0	1.9581742888877367
15	7	2023	8.39	24.48	0.0	2.395064173983717
16	7	2023	8.1	23.62	0.0	2.3068340040631408
17	7	2023	8.82	27.01	7.37	2.1888236433346893
18	7	2023	11.74	20.14	3.86	0.9966872111370346
19	7	2023	13.03	24.15	0.0	1.9344664069959268
20	7	2023	10.59	27.49	0.0	2.606494387600945
21	7	2023	11.27	29.44	0.0	2.771817405850471
22	7	2023	11.65	29.71	0.0	2.774581035297198
23	7	2023	14.32	31.0	0.0	2.7755035825606287
24	7	2023	15.91	35.26	0.0	3.144203752184128
25	7	2023	18.36	33.94	0.0	2.858867187007991
26	7	2023	11.88	27.08	0.0	2.445780839839759
27	7	2023	9.03	22.05	0.0	1.9792755363729189
28	7	2023	7.8	21.44	0.0	1.9842142406399448
29	7	2023	5.84	24.2	0.0	2.3776345977520195
30	7	2023	9.12	30.08	0.0	2.829583123335516
31	7	2023	15.52	33.09	0.0	2.8948018823401953
1	8	2023	12.65	32.68	0.0	2.949666981014126
2	8	2023	12.88	31.14	0.0	2.7692811461054214
3	8	2023	13.93	36.97	0.0	3.2394022923935126
4	8	2023	14.14	27.9	0.0	2.2401483686854995
5	8	2023	9.9	27.47	0.0	2.468658650264012
6	8	2023	9.22	27.18	0.0	2.454966539316233
7	8	2023	9.29	28.64	0.0	2.585911388003656
8	8	2023	9.99	24.59	0.0	2.098884840054511
9	8	2023	11.36	19.85	10.76	0.8993647388991121
10	8	2023	12.03	24.58	5.73	1.4297260712827653
11	8	2023	11.93	22.41	0.0	1.4124378437062508
12	8	2023	9.64	23.32	4.21	1.433267732047336
13	8	2023	9.74	26.14	0.0	2.0678610495834313
14	8	2023	12.55	33.62	0.0	2.6626846290711463
15	8	2023	14.53	30.38	0.0	2.195648412421222
16	8	2023	11.77	23.52	0.0	1.5204943635933477
17	8	2023	8.64	31.68	0.0	2.564009873223705
18	8	2023	14.14	25.62	0.0	1.5131987734031511
19	8	2023	8.24	20.64	0.0	1.4204317961930029
20	8	2023	4.61	21.79	2.24	1.4747591280463337
21	8	2023	12.12	18.68	21.59	0.6303845639865484
22	8	2023	13.25	18.26	13.83	0.4966493988183477
23	8	2023	13.78	24.17	0.0	1.1905766150988282
24	8	2023	10.64	23.29	0.0	1.428715098086747
25	8	2023	10.03	21.0	0.0	1.176323782733364
26	8	2023	9.59	29.78	0.0	2.197114189422237
27	8	2023	11.55	28.11	0.0	1.924475482555425
28	8	2023	10.78	30.51	0.0	2.1835309940141014
29	8	2023	12.35	31.93	0.0	2.240135311966762
30	8	2023	14.92	28.07	0.0	1.6122886361646855
31	8	2023	12.27	21.66	3.8	0.8832243741602883
1	9	2023	13.33	27.56	0.0	1.7185416563529363
2	9	2023	13.22	28.84	0.0	1.910949284470752
3	9	2023	8.39	31.27	0.0	2.3090684036554534
4	9	2023	9.73	20.87	0.0	1.1922351614713886
5	9	2023	2.21	17.31	0.0	1.3221429584629538
6	9	2023	8.72	24.08	0.0	1.6399930206987448
7	9	2023	7.87	21.52	0.0	1.4059351895148111
8	9	2023	3.53	22.62	0.0	1.6911698767114431
9	9	2023	7.36	23.78	0.0	1.6254067318987069
10	9	2023	6.53	24.77	0.0	1.7304931655973643
11	9	2023	6.46	22.6	0.0	1.5195449529798954
12	9	2023	8.34	28.62	0.0	1.9504460766015517
13	9	2023	11.26	22.94	0.51	1.195565384185037
14	9	2023	7.42	20.34	0.0	1.2059721257605025
15	9	2023	4.66	22.22	0.0	1.5260544872483108
16	9	2023	6.62	30.05	0.0	2.0550382678732553
17	9	2023	7.35	31.32	0.0	2.2386411839006812
18	9	2023	9.35	26.99	0.0	1.817180945492514
19	9	2023	6.08	18.61	0.35	1.1443896345409268
20	9	2023	5.21	20.48	0.0	1.3677903897674923
21	9	2023	3.04	21.56	0.0	1.5263846868901692
22	9	2023	4.4	22.68	0.0	1.5519633890003648
23	9	2023	10.3	20.19	0.0	0.8619725160175966
24	9	2023	10.64	24.1	0.0	1.3016287769243826
25	9	2023	6.87	26.42	0.0	1.726043266491491
26	9	2023	12.22	29.75	0.0	1.7480440590021675
27	9	2023	10.05	23.59	0.0	1.2507563047129635
28	9	2023	5.73	19.68	0.0	1.1367613886913093
29	9	2023	2.48	18.56	1.52	1.1891685913020127
30	9	2023	2.48	10.47	15.65	0.5027227889404736
1	10	2023	7.27	9.63	4.67	0.1773379305037934
2	10	2023	6.72	14.26	1.9	0.5822862205491983
3	10	2023	5.23	16.07	0.0	0.8024084440661364
4	10	2023	3.06	14.39	1.1	0.7831977384523399
5	10	2023	-0.88	8.55	0.0	0.569672860060179
6	10	2023	-4.8	11.41	0.0	0.8484252204859174
7	10	2023	4.46	21.51	0.0	1.1819181218593355
8	10	2023	3.21	22.99	0.0	1.302724197806699
9	10	2023	4.1	22.4	0.0	1.2354936166786066
10	10	2023	3.47	21.17	0.0	1.1731397719381778
11	10	2023	4.16	16.57	0.0	0.8506148307139618
12	10	2023	1.75	10.51	0.0	0.5588671262402718
13	10	2023	-2.4	12.35	0.0	0.8129963121110818
14	10	2023	-0.32	12.49	0.0	0.75488828097654
15	10	2023	-0.27	15.84	0.0	0.9416060364639656
16	10	2023	1.73	18.72	0.0	1.0481436209014026
17	10	2023	7.76	19.92	0.0	0.8958766049274769
18	10	2023	3.31	15.6	0.0	0.8021060943536994
19	10	2023	4.3	21.88	0.0	1.145417699492196
20	10	2023	4.08	15.05	0.0	0.7255244598873275
21	10	2023	-2.72	11.24	0.0	0.735555601245091
22	10	2023	1.85	10.48	0.0	0.5311916773734621
23	10	2023	-3.69	2.32	4.41	0.2794138677568519
24	10	2023	-11.34	-4.09	0.0	0.253017397845211
25	10	2023	-15.47	-5.29	0.0	0.2923663474246528
26	10	2023	-13.22	-4.66	0.0	0.2734626158349392
27	10	2023	-8.45	-3.34	0.6	0.2071682061207833
28	10	2023	-10.16	-3.07	0.53	0.2685571311713192
29	10	2023	-8.57	-0.65	0.0	0.3255274266615257
30	10	2023	-13.58	-4.16	0.0	0.3014093791646001
31	10	2023	-13.5	2.1	0.0	0.5117085125647446
1	11	2023	-8.81	-0.03	0.0	0.3489246297375631
2	11	2023	-6.41	3.76	0.0	0.4508811361136464
3	11	2023	-5.76	1.27	0.0	0.3152570323656701
4	11	2023	-5.47	3.74	1.17	0.4203997117909124
5	11	2023	-0.33	2.91	0.91	0.1743617339716405
6	11	2023	0.56	3.1	0.0	0.1427553495843726
7	11	2023	0.01	2.93	5.59	0.1518010603575949
8	11	2023	-1.12	4.12	0.0	0.2773160522875719
9	11	2023	-5.69	0.56	0.0	0.2749865401394661
10	11	2023	-7.4	2.95	0.0	0.4242187564233929
11	11	2023	-3.04	8.29	0.0	0.5520180233023206
12	11	2023	-2.56	8.78	0.0	0.5604872402145515
13	11	2023	-3.4	9.3	0.0	0.603016443222522
14	11	2023	-2.17	7.98	0.0	0.5067681157346935
15	11	2023	-5.09	6.59	0.0	0.517970285615965
16	11	2023	-9.35	3.38	0.0	0.4678142533031291
17	11	2023	-3.14	11.6	0.0	0.6941557566249404
18	11	2023	-2.7	13.94	0.0	0.7892230090450271
19	11	2023	-1.11	12.11	0.0	0.6665966407064524
20	11	2023	-4.06	5.67	0.0	0.4418367701588533
21	11	2023	-9.37	8.32	0.0	0.6420986747699954
22	11	2023	-9.18	-0.32	0.0	0.3173767375446134
23	11	2023	-16.77	-6.49	0.0	0.2486083576901598
24	11	2023	-12.58	0.74	0.0	0.4082107886832918
25	11	2023	-8.42	1.0	0.0	0.3460979231724351
26	11	2023	-14.65	-4.42	0.29	0.2794940787908777
27	11	2023	-8.53	1.13	0.0	0.3562688142027043
28	11	2023	-4.58	5.58	0.0	0.4362291505059924
29	11	2023	-5.88	3.0	0.0	0.359120388989735
30	11	2023	-9.91	-1.24	0.0	0.2910669776261532
1	12	2023	-14.54	-0.26	0.0	0.3902331172264976
2	12	2023	-11.77	0.55	0.0	0.3825210987128101
3	12	2023	-13.62	0.65	0.0	0.4067907443077916
4	12	2023	-8.24	0.63	0.0	0.3190029867383789
5	12	2023	-8.82	8.09	0.0	0.606583830881956
6	12	2023	-3.54	7.38	0.0	0.4785572857270987
7	12	2023	-0.51	3.15	0.76	0.1765217653469137
8	12	2023	-6.68	0.26	0.0	0.2615885498416047
9	12	2023	-9.52	-0.77	0.0	0.2917047659300371
10	12	2023	-7.85	1.29	0.0	0.3301433196945785
11	12	2023	-11.77	-1.58	0.0	0.3062789210623323
12	12	2023	-13.73	1.09	0.0	0.4151455031504045
13	12	2023	-6.57	8.58	0.0	0.5877958596677365
14	12	2023	-4.14	6.63	0.0	0.4556120504640559
15	12	2023	-5.16	4.34	0.0	0.3841070823476885
16	12	2023	-3.73	4.26	0.0	0.3412757196218218
17	12	2023	-10.1	1.28	0.0	0.3726325244701556
18	12	2023	-10.89	2.58	0.0	0.42976248928948
19	12	2023	-3.49	-0.63	0.0	0.1210032421527619
20	12	2023	-5.03	6.17	0.0	0.4591191077291966
21	12	2023	-6.5	3.66	0.0	0.3907141549877237
22	12	2023	-5.75	9.94	0.0	0.6297487700162755
23	12	2023	-5.75	2.72	0.0	0.3341837582671555
24	12	2023	-12.29	0.39	0.0	0.3772789958124374
25	12	2023	-10.71	4.57	0.0	0.4959349796120229
26	12	2023	-9.71	7.08	0.0	0.5733856770418971
27	12	2023	-8.17	5.96	0.0	0.5111720022275988
28	12	2023	-8.34	9.57	0.0	0.6506432495357499
29	12	2023	-8.49	3.73	0.0	0.4327396901894141
30	12	2023	-13.2	0.61	0.0	0.3946876226873109
31	12	2023	-9.37	3.96	0.0	0.4565954840438644
