Day	Month	Year	Tmin(c)	Tmax(c)	Prcp(mm)	Et0(mm)
1	1	2018	-31.03	-13.78	0.0	0.1741470205664731
2	1	2018	-21.7	-5.73	0.0	0.2943432392051328
3	1	2018	-16.2	-4.21	0.0	0.2937970055872159
4	1	2018	-14.4	-7.04	0.0	0.1915113680141836
5	1	2018	-13.98	-7.64	0.0	0.1672382634209469
6	1	2018	-12.57	0.06	0.0	0.3778446172406894
7	1	2018	-8.68	0.99	0.0	0.343841639925563
8	1	2018	-9.72	-2.5	0.0	0.2412481132998586
9	1	2018	-12.13	-1.62	0.0	0.3195024047701928
10	1	2018	-24.21	-15.58	0.0	0.1261897741641671
11	1	2018	-29.42	-21.87	0.0	0.0749942556323333
12	1	2018	-31.13	-20.34	0.0	0.0998496871291043
13	1	2018	-28.1	-9.18	0.0	0.244406852943891
14	1	2018	-23.01	-10.87	0.0	0.2026764994160018
15	1	2018	-29.69	-16.31	0.0	0.1444326186156223
16	1	2018	-21.08	-2.26	0.0	0.3800531201154231
17	1	2018	-10.21	4.38	0.24	0.5517148011692602
18	1	2018	-7.94	7.6	0.0	0.6878756060884487
19	1	2018	-4.78	3.99	0.0	0.3815933561254008
20	1	2018	-7.78	0.6	0.0	0.3208569123415293
21	1	2018	-11.79	-2.09	0.0	0.3094378766838009
22	1	2018	-11.12	2.23	0.0	0.4935082780534895
23	1	2018	-10.16	-1.63	0.0	0.2952243443100212
24	1	2018	-10.54	-3.98	0.0	0.2203717258482299
25	1	2018	-10.09	-2.24	0.0	0.27362618324034
26	1	2018	-12.94	-7.53	1.43	0.1599267648189579
27	1	2018	-21.78	-13.73	0.0	0.1453722923651529
28	1	2018	-24.18	-15.36	0.0	0.1379483428231909
29	1	2018	-24.72	-4.89	0.0	0.3474929904284839
30	1	2018	-12.75	2.57	0.0	0.5858122361432517
31	1	2018	-23.41	-13.98	0.0	0.1593449001492222
1	2	2018	-27.43	-16.25	0.0	0.1477873050601505
2	2	2018	-22.33	-17.91	2.28	0.0716424693713941
3	2	2018	-27.38	-21.11	0.88	0.0785487758238461
4	2	2018	-28.3	-16.74	0.0	0.1468133996570352
5	2	2018	-26.23	-15.73	0.0	0.1532230225581511
6	2	2018	-27.32	-17.15	0.0	0.1375569003318544
7	2	2018	-28.56	-15.31	0.0	0.1710462397765786
8	2	2018	-27.17	-17.32	0.0	0.1354882360825761
9	2	2018	-28.19	-15.72	0.0	0.1653256728962789
10	2	2018	-20.47	-9.63	0.0	0.2406261567161473
11	2	2018	-28.03	-16.13	0.0	0.1600248082823928
12	2	2018	-31.91	-13.14	0.0	0.2086590781734814
13	2	2018	-18.5	1.64	0.0	0.6431582064347597
14	2	2018	-15.06	1.1	0.63	0.6464087230632664
15	2	2018	-28.4	-13.66	0.0	0.2037937221730363
16	2	2018	-21.43	-5.28	0.0	0.41717775484617
17	2	2018	-19.19	-10.62	0.0	0.2078961253821651
18	2	2018	-22.93	-12.76	0.0	0.1986269359430302
19	2	2018	-27.99	-14.01	0.0	0.2055181758225922
20	2	2018	-23.86	-12.19	0.0	0.2313229335648617
21	2	2018	-30.41	-10.73	0.0	0.2751208440448157
22	2	2018	-24.59	-7.78	0.0	0.3638980738447717
23	2	2018	-20.89	-6.28	0.0	0.4136436161351554
24	2	2018	-17.02	-1.81	0.0	0.5864497312260913
25	2	2018	-16.04	-1.87	0.0	0.5848025777708998
26	2	2018	-15.72	-4.52	0.0	0.4546769249200453
27	2	2018	-15.41	-1.74	0.0	0.5991043397042916
28	2	2018	-13.81	0.57	0.0	0.7194341653188108
1	3	2018	-17.58	-3.03	0.0	0.5644454471455626
2	3	2018	-15.31	-4.51	0.0	0.4745303268167046
3	3	2018	-8.95	-4.37	4.75	0.1831260492877857
4	3	2018	-10.95	-5.14	5.84	0.2135950403993383
5	3	2018	-13.3	-8.59	0.38	0.1660346643994663
6	3	2018	-16.81	-6.89	0.0	0.4024109719501898
7	3	2018	-23.91	-7.26	0.0	0.4335603925050894
8	3	2018	-24.3	-8.53	0.0	0.3962733494199572
9	3	2018	-15.39	-2.96	0.0	0.6098814190051828
10	3	2018	-11.97	-1.59	0.0	0.6462505661619002
11	3	2018	-14.72	1.86	0.0	0.8702763670605629
12	3	2018	-16.35	-1.26	0.0	0.7171811508080526
13	3	2018	-16.14	0.91	0.0	0.8257721167786225
14	3	2018	-16.11	-0.96	0.0	0.7462301904151203
15	3	2018	-12.19	-3.42	0.0	0.5564407358367107
16	3	2018	-8.5	1.69	0.0	0.8728952803363484
17	3	2018	-4.85	0.05	0.3	0.4711521237586602
18	3	2018	-6.74	0.48	0.06	0.7074981052452651
19	3	2018	-8.81	-0.67	0.0	0.7096999460166672
20	3	2018	-7.37	1.5	0.0	0.870634936726725
21	3	2018	-10.34	2.27	0.0	1.0064748205340763
22	3	2018	-9.89	0.64	0.0	0.892517366913019
23	3	2018	-4.28	0.08	4.03	0.3438388520961564
24	3	2018	-7.59	2.96	0.0	1.02601860877398
25	3	2018	-6.97	1.6	0.0	0.9025907616072434
26	3	2018	-8.76	3.77	0.0	1.120943943978327
27	3	2018	-10.61	2.28	0.0	1.0437362466966098
28	3	2018	-15.09	-3.76	0.59	0.7036056991477848
29	3	2018	-20.99	-8.68	0.76	0.4858499769504313
30	3	2018	-24.62	-12.31	0.0	0.3644101498933659
31	3	2018	-21.95	-9.34	0.0	0.4771918393708091
1	4	2018	-18.63	-5.61	0.0	0.644934368467162
2	4	2018	-20.9	-5.83	0.0	0.6252954414421352
3	4	2018	-17.08	-4.32	0.0	0.7120021415700843
4	4	2018	-18.71	-3.11	0.0	0.761500490895337
5	4	2018	-18.74	-8.77	0.0	0.4860654220482251
6	4	2018	-22.48	-9.08	0.0	0.5014171883075808
7	4	2018	-21.97	-5.42	0.0	0.6490559287209133
8	4	2018	-14.15	-2.98	0.0	0.8015458057510926
9	4	2018	-9.3	0.31	0.0	0.9796879178870638
10	4	2018	-11.23	5.87	0.72	1.2553455519438412
11	4	2018	-3.81	0.58	1.93	0.623524473401131
12	4	2018	-6.22	-0.91	0.0	0.6542472470333732
13	4	2018	-7.47	0.57	0.0	0.9633544572269092
14	4	2018	-4.6	5.6	0.0	1.315763983307889
15	4	2018	-4.48	7.13	0.0	1.4165512635443258
16	4	2018	-2.03	4.16	1.1	1.0694208021083704
17	4	2018	-1.85	1.54	6.11	0.3463417896519155
18	4	2018	-4.47	8.69	0.0	1.524381953797794
19	4	2018	-2.43	11.05	0.0	1.6784039583802002
20	4	2018	-0.99	16.31	0.0	2.0094726105442455
21	4	2018	1.03	18.2	0.0	2.1455070324914147
22	4	2018	3.04	13.47	0.0	1.8059244905483456
23	4	2018	-0.34	12.98	0.0	1.808666366992544
24	4	2018	-1.23	19.91	0.0	2.1397618274894468
25	4	2018	2.83	17.16	0.0	2.020323728100696
26	4	2018	-0.75	21.43	0.0	2.237891582641005
27	4	2018	-0.85	15.54	0.0	1.9089266189035796
28	4	2018	0.83	25.74	0.0	2.5029149915968123
29	4	2018	5.63	20.43	0.0	2.2334919012500714
30	4	2018	0.12	11.46	0.0	1.6369573845774907
1	5	2018	-3.09	16.11	0.0	1.9282438067546903
2	5	2018	1.74	17.88	0.0	2.0808547874699097
3	5	2018	5.46	21.12	0.0	2.2993773416925625
4	5	2018	3.43	23.54	0.0	2.4541984841842917
5	5	2018	3.91	24.37	0.0	2.508896577543357
6	5	2018	4.07	27.07	0.0	2.670904503094091
7	5	2018	10.36	26.67	0.0	2.659793016460185
8	5	2018	7.25	17.44	4.87	1.8345866748634816
9	5	2018	1.98	13.4	0.0	1.7620551627999153
10	5	2018	0.6	11.14	2.88	1.3628467763833898
11	5	2018	3.99	11.18	2.56	1.0075908439723444
12	5	2018	1.96	19.05	0.0	2.1826102177223463
13	5	2018	6.54	26.21	0.0	2.666465062321644
14	5	2018	3.09	24.2	0.0	2.5182086627506455
15	5	2018	10.9	31.54	0.0	3.0101917745954174
16	5	2018	8.85	26.72	1.3	2.6847934880753246
17	5	2018	6.91	13.83	2.23	0.966808898443884
18	5	2018	3.68	18.32	0.0	2.106947211731038
19	5	2018	2.66	21.86	0.0	2.367129887770628
20	5	2018	3.04	24.78	0.0	2.5618693604272424
21	5	2018	9.96	29.99	0.0	2.919559635634758
22	5	2018	10.78	27.13	0.0	2.69378682260817
23	5	2018	9.36	29.56	7.08	2.6472064773673005
24	5	2018	12.49	25.14	5.85	2.045994931542595
25	5	2018	10.86	25.97	0.0	2.605531930691249
26	5	2018	10.06	29.44	4.21	2.590044797582879
27	5	2018	10.12	25.25	0.0	2.536760861639731
28	5	2018	8.78	29.98	0.0	2.9530234608541983
29	5	2018	13.06	27.06	0.0	2.6006734370847697
30	5	2018	10.28	23.73	6.62	1.9134956356105908
31	5	2018	9.1	13.91	0.0	0.587217007906458
1	6	2018	8.47	13.84	8.0	0.5239855966910082
2	6	2018	6.81	17.08	0.0	1.5701037396712427
3	6	2018	6.93	23.49	0.0	2.5149278656358907
4	6	2018	9.32	26.87	1.68	2.7748724974313816
5	6	2018	9.04	20.59	0.0	2.0205638746820336
6	6	2018	6.07	27.11	0.0	2.8108474541584427
7	6	2018	8.18	27.06	0.0	2.8032581050104626
8	6	2018	13.21	22.83	0.0	1.8935426384710552
9	6	2018	13.06	29.4	0.0	2.9128594003908157
10	6	2018	13.71	25.52	0.0	2.3158572667033597
11	6	2018	6.97	18.57	0.0	1.8748049054952616
12	6	2018	7.29	21.35	0.0	2.2614577450221702
13	6	2018	6.68	25.78	0.0	2.729685930998232
14	6	2018	8.63	23.57	2.14	2.0528734543781333
15	6	2018	8.93	23.4	0.0	2.433767113603626
16	6	2018	7.16	21.44	0.0	2.2727671464895214
17	6	2018	8.31	25.4	0.0	2.6850689075822083
18	6	2018	8.53	27.51	0.0	2.850311303799479
19	6	2018	10.22	27.17	0.0	2.8098390402652265
20	6	2018	10.92	29.54	0.0	2.9857191497491553
21	6	2018	12.26	29.48	0.0	2.960749518872274
22	6	2018	13.79	28.56	0.0	2.852122899874857
23	6	2018	13.08	26.81	14.49	2.19736474164033
24	6	2018	15.52	26.41	0.0	2.149187574138368
25	6	2018	14.21	29.21	0.0	2.750610296533636
26	6	2018	12.29	24.92	0.0	2.294512729331003
27	6	2018	7.11	25.24	0.0	2.632934238557462
28	6	2018	7.56	24.3	0.0	2.5255773309179257
29	6	2018	10.49	23.5	0.0	2.2550830005078906
30	6	2018	11.68	24.59	8.18	1.844925745215285
1	7	2018	10.93	19.96	5.61	1.1239183181916486
2	7	2018	8.83	22.68	3.06	1.688735749973021
3	7	2018	6.62	21.37	8.39	1.663293803375438
4	7	2018	10.38	18.67	6.33	0.8798045705708558
5	7	2018	8.22	24.83	0.0	2.2668469732138496
6	7	2018	13.62	32.68	0.0	2.843650873911226
7	7	2018	14.42	30.42	0.0	2.5414555687181273
8	7	2018	10.43	23.96	0.0	1.995675680115808
9	7	2018	8.61	27.08	4.3	2.0370208246284287
10	7	2018	13.41	28.85	7.51	1.9045937186855
11	7	2018	14.72	24.9	0.72	1.544554724868903
12	7	2018	14.36	28.85	0.0	2.2195556378244774
13	7	2018	13.47	31.46	0.0	2.6060332179149985
14	7	2018	12.27	21.56	0.0	1.2968321542364762
15	7	2018	8.81	24.53	0.0	2.095318329365452
16	7	2018	6.21	25.33	0.0	2.293874837486557
17	7	2018	9.49	33.71	0.0	2.9539429324600697
18	7	2018	15.85	31.34	0.0	2.4354407880008537
19	7	2018	13.85	27.83	0.0	2.1378555363289875
20	7	2018	12.01	28.71	0.0	2.394454365068479
21	7	2018	15.83	25.92	0.0	1.5804500427484325
22	7	2018	12.01	23.01	0.0	1.6068938567882038
23	7	2018	10.08	22.94	0.0	1.8016248010841769
24	7	2018	8.72	22.76	0.0	1.8815466763735105
25	7	2018	8.88	21.7	0.0	1.722200521102327
26	7	2018	6.91	23.14	0.0	2.023613954818893
27	7	2018	8.53	24.45	0.0	2.0767132442944116
28	7	2018	8.91	26.97	0.0	2.316815107614675
29	7	2018	8.74	29.34	0.0	2.527669539349452
30	7	2018	11.9	32.01	0.0	2.645093707507224
31	7	2018	11.68	24.1	0.0	1.707864273719848
1	8	2018	7.75	27.01	0.91	2.30125655612637
2	8	2018	14.61	30.19	5.72	1.8048695029367647
3	8	2018	13.46	28.38	3.35	1.6399998294215914
4	8	2018	12.85	23.22	2.29	1.0595369987307774
5	8	2018	12.76	23.16	6.33	1.0629362435932062
6	8	2018	10.73	28.89	0.0	2.2043491971216196
7	8	2018	12.76	30.34	0.0	2.246321647777738
8	8	2018	11.58	29.43	0.0	2.2129025097398674
9	8	2018	12.6	33.09	0.0	2.5178617116785293
10	8	2018	13.83	37.88	0.0	2.8631184490568096
11	8	2018	14.45	33.96	0.0	2.474871437384475
12	8	2018	12.72	22.87	0.0	1.199830552593898
13	8	2018	7.93	17.08	0.0	0.91893255141937
14	8	2018	3.61	27.08	0.0	2.212218309942752
15	8	2018	10.75	28.77	0.0	2.118953582525778
16	8	2018	9.68	26.9	0.0	1.995139533077371
17	8	2018	10.3	31.26	0.0	2.3661421099839823
18	8	2018	10.64	24.73	0.26	1.6451066312657403
19	8	2018	4.25	23.67	0.0	1.8808694621195965
20	8	2018	4.93	23.19	0.0	1.7946544245549487
21	8	2018	5.13	27.14	0.0	2.1094272646689376
22	8	2018	10.24	30.32	0.0	2.2286820409747836
23	8	2018	8.18	27.06	0.0	2.0311100953088133
24	8	2018	7.83	22.23	0.0	1.520939223171907
25	8	2018	6.93	18.56	0.0	1.1586171284914717
26	8	2018	6.77	16.83	4.27	0.8202204671222175
27	8	2018	8.2	13.96	6.43	0.4890842913722404
28	8	2018	7.05	17.62	0.0	0.9777662433851536
29	8	2018	6.26	26.78	0.0	2.0272369459157535
30	8	2018	9.85	22.67	0.74	1.379391436776181
31	8	2018	7.15	19.94	0.0	1.3105171098814905
1	9	2018	6.35	20.6	0.0	1.4362817628671647
2	9	2018	3.59	20.26	0.0	1.5385444505159438
3	9	2018	5.11	21.39	0.0	1.567161011690292
4	9	2018	2.48	14.48	0.0	0.9889753726305008
5	9	2018	-0.86	21.51	0.0	1.7142389544272263
6	9	2018	2.67	24.27	0.0	1.847500682782869
7	9	2018	6.14	24.02	0.0	1.7059580627999589
8	9	2018	11.07	25.22	0.0	1.5192257303475842
9	9	2018	8.39	21.6	0.0	1.308294692453867
10	9	2018	3.61	20.42	0.0	1.464508544763264
11	9	2018	5.65	16.83	0.0	0.9483259274935366
12	9	2018	3.89	14.49	3.02	0.7564267966720462
13	9	2018	3.81	12.75	0.59	0.7039800214246267
14	9	2018	2.34	9.34	0.0	0.5247927228009845
15	9	2018	5.01	11.71	5.21	0.4965424957980476
16	9	2018	6.03	9.66	11.56	0.2803847150561847
17	9	2018	4.0	12.35	0.97	0.6660024137052551
18	9	2018	3.64	10.89	0.0	0.5732208695086044
19	9	2018	1.82	15.16	0.0	0.98350991715393
20	9	2018	3.13	12.18	0.0	0.7058129749262106
21	9	2018	0.36	6.6	2.69	0.4022164079517835
22	9	2018	-0.68	1.22	8.39	0.1223928633855223
23	9	2018	-0.63	2.61	0.0	0.2246685412615162
24	9	2018	-0.17	11.54	0.33	0.8167584045213989
25	9	2018	1.16	13.2	0.71	0.8682678332948517
26	9	2018	2.55	16.11	0.0	1.000512422888596
27	9	2018	-2.22	8.15	0.0	0.6594402434595378
28	9	2018	-4.4	7.74	0.0	0.7058667952414703
29	9	2018	-3.4	7.25	0.0	0.6428910558240924
30	9	2018	-7.67	4.29	0.19	0.6239962131276476
1	10	2018	-2.38	4.54	1.15	0.4314222241931616
2	10	2018	-1.58	3.95	1.5	0.3556242878700644
3	10	2018	-2.72	6.18	0.0	0.548813360223976
4	10	2018	-6.03	5.99	0.0	0.6392299042460677
5	10	2018	-3.26	7.6	0.0	0.6474486267965258
6	10	2018	-5.56	11.71	0.0	0.9232853928795108
7	10	2018	-3.44	13.04	0.0	0.9556306876600844
8	10	2018	-2.88	1.15	0.0	0.2422191247311554
9	10	2018	-5.27	2.29	0.0	0.4138276597197033
10	10	2018	-9.02	4.55	0.0	0.615961675577845
11	10	2018	-9.76	6.39	0.0	0.6974115893456059
12	10	2018	-5.26	6.52	8.89	0.5732082163479801
13	10	2018	-4.99	-0.47	0.0	0.2420261554291939
14	10	2018	-8.69	3.5	0.0	0.5480018915567214
15	10	2018	-1.39	13.26	0.0	0.8597546035410172
16	10	2018	-2.07	9.83	0.0	0.6878451936086691
17	10	2018	-1.99	20.49	0.0	1.24726532046906
18	10	2018	1.51	19.32	0.0	1.1027976898768803
19	10	2018	-3.81	12.97	0.0	0.8684071991186004
20	10	2018	-8.85	14.95	0.0	1.000573628185622
21	10	2018	-1.63	13.78	0.0	0.8505074040007713
22	10	2018	-6.21	10.31	0.0	0.7634668375448729
23	10	2018	-5.35	15.29	0.0	0.9731532677751972
24	10	2018	-1.85	17.88	0.0	1.0439858419089134
25	10	2018	-1.36	14.64	0.0	0.8628042491662584
26	10	2018	-3.13	10.5	0.0	0.6894578838196701
27	10	2018	-1.94	12.78	0.0	0.7714309586472692
28	10	2018	-5.1	9.33	0.0	0.6697739048872896
29	10	2018	1.07	9.02	0.0	0.4565989315225514
30	10	2018	-1.7	6.59	0.0	0.4299547250936487
31	10	2018	-3.12	9.52	0.0	0.6222281490477154
1	11	2018	-2.98	4.64	0.23	0.3705199105986783
2	11	2018	-2.62	0.03	1.84	0.1289662574480941
3	11	2018	-4.62	1.54	0.0	0.2764830766070437
4	11	2018	-2.08	3.57	3.61	0.2663105502547858
5	11	2018	-8.07	0.19	1.85	0.3276055337725458
6	11	2018	-12.38	-8.14	0.12	0.1306354440003925
7	11	2018	-13.33	-9.39	0.0	0.114664234656779
8	11	2018	-18.66	-9.67	0.0	0.2020866653179336
9	11	2018	-21.94	-5.49	1.67	0.3248287971825364
10	11	2018	-9.9	-4.81	0.31	0.1772385324189264
11	11	2018	-11.87	-7.13	0.0	0.1485037440169639
12	11	2018	-15.03	-5.99	0.0	0.2470124248291779
13	11	2018	-9.2	3.28	0.0	0.4654792781224093
14	11	2018	-3.71	4.36	0.0	0.3750554187711931
15	11	2018	-3.35	2.59	0.0	0.2765288209532198
16	11	2018	-18.78	-6.33	0.0	0.2802105999929399
17	11	2018	-20.38	-6.45	0.0	0.2879077431432911
18	11	2018	-12.78	-7.37	0.31	0.1600226883302113
19	11	2018	-15.81	0.67	0.0	0.4457832171687836
20	11	2018	-6.18	1.08	0.0	0.30112362165239
21	11	2018	-5.79	0.04	0.0	0.2443385575944358
22	11	2018	-3.41	5.35	0.0	0.4098908402471107
23	11	2018	-5.2	2.77	0.0	0.346180284221516
24	11	2018	-8.21	-5.16	0.0	0.1126103316280034
25	11	2018	-8.69	-5.7	0.0	0.1079305530646389
26	11	2018	-8.51	-4.36	0.0	0.1528601887297212
27	11	2018	-5.91	-2.81	0.0	0.1291777366342471
28	11	2018	-7.23	-4.31	0.0	0.114112957920853
29	11	2018	-5.88	-1.53	0.0	0.1818883162258604
30	11	2018	-7.32	-3.69	0.0	0.1415055242733975
1	12	2018	-7.61	-4.78	1.72	0.1086001645153856
2	12	2018	-9.53	-4.53	0.0	0.1761496396348083
3	12	2018	-12.94	-5.19	0.0	0.2299892359829325
4	12	2018	-13.14	-6.73	0.36	0.1869303909623673
5	12	2018	-15.39	-6.78	0.2	0.2232760332114056
6	12	2018	-15.63	-8.13	0.0	0.1903976614833967
7	12	2018	-19.1	-8.09	0.0	0.2318500065265077
8	12	2018	-18.76	-7.62	0.0	0.2390252502555449
9	12	2018	-15.22	-3.6	0.0	0.3049408191954051
10	12	2018	-15.52	-0.04	0.0	0.4056350736921697
11	12	2018	-8.85	0.64	0.0	0.3394027227831457
12	12	2018	-6.19	0.75	0.0	0.279360582766718
13	12	2018	-10.03	2.17	0.0	0.4139821787771591
14	12	2018	-8.84	4.42	0.0	0.4750630783016607
15	12	2018	-2.94	5.01	0.0	0.3649247700199549
16	12	2018	-12.29	-3.99	0.0	0.2485966196758339
17	12	2018	-8.44	4.29	0.0	0.4637716680405407
18	12	2018	-6.04	4.39	0.0	0.4207649527497409
19	12	2018	-4.58	1.65	0.0	0.2674197125254183
20	12	2018	-8.86	1.84	0.0	0.3814207700772226
21	12	2018	-4.27	3.48	0.0	0.3367714907767628
22	12	2018	-8.57	-3.83	0.0	0.16848359528431
23	12	2018	-16.05	-6.08	1.02	0.2455927389824957
24	12	2018	-16.46	-9.34	0.49	0.1681416564707127
25	12	2018	-17.41	-9.98	0.0	0.1660372851839389
26	12	2018	-15.64	-7.74	0.0	0.1960944306855172
27	12	2018	-22.09	-9.33	0.4	0.2235288831715324
28	12	2018	-22.2	-5.31	0.0	0.3049490067765211
29	12	2018	-13.22	-4.33	1.29	0.2524725410205684
30	12	2018	-20.37	-11.3	0.38	0.1705753301837316
31	12	2018	-28.69	-16.94	0.0	0.1304944006068974
1	1	2019	-25.86	-2.25	0.53	0.3667044650337713
2	1	2019	-10.87	3.8	0.0	0.4784959298298183
3	1	2019	-5.53	3.3	0.0	0.3583006908503611
4	1	2019	-8.57	0.75	0.0	0.3315802639635696
5	1	2019	-7.74	-2.96	0.0	0.1718522827895559
6	1	2019	-6.58	0.68	0.0	0.2805067238123183
7	1	2019	-13.81	-2.15	0.63	0.3263156974584892
8	1	2019	-21.56	-14.74	0.0	0.1153299622525047
9	1	2019	-23.75	-9.77	0.48	0.2249060335989006
10	1	2019	-15.32	-8.62	0.0	0.1666541881556808
11	1	2019	-16.61	-10.08	0.0	0.1508316489054851
12	1	2019	-14.81	-2.23	0.0	0.3395109453574821
13	1	2019	-12.6	-1.72	0.0	0.3269627403129128
14	1	2019	-10.88	-2.28	0.0	0.278921922836827
15	1	2019	-19.97	-5.54	0.0	0.2987864702538626
16	1	2019	-20.85	-14.86	0.3	0.1072694925225652
17	1	2019	-26.38	-16.62	0.0	0.1276149543771101
18	1	2019	-29.55	-19.08	0.0	0.1107303170917202
19	1	2019	-24.01	-16.27	1.66	0.1164266521054898
20	1	2019	-19.58	-11.7	0.0	0.1590401120775703
21	1	2019	-18.16	-7.17	0.0	0.2505882543511175
22	1	2019	-16.79	-3.07	0.0	0.3466520512056247
23	1	2019	-22.48	-6.1	0.0	0.3045140446224237
24	1	2019	-29.11	-11.57	0.0	0.2151085657296798
25	1	2019	-22.74	-6.69	0.0	0.2948948059287326
26	1	2019	-14.48	-2.21	1.85	0.3705415605035934
27	1	2019	-9.27	3.76	2.23	0.4866166072105661
28	1	2019	-22.86	-11.27	0.0	0.2050477715464898
29	1	2019	-30.31	-22.3	0.0	0.0804574435183615
30	1	2019	-25.91	-14.35	0.57	0.1686542787697992
31	1	2019	-17.27	-2.83	0.0	0.4055265899645575
1	2	2019	-19.11	-9.38	0.0	0.2189361430308422
2	2	2019	-23.04	-17.07	0.52	0.1005834784312091
3	2	2019	-26.07	-22.67	0.0	0.0447122301443722
4	2	2019	-25.52	-21.95	1.91	0.0492094646585539
5	2	2019	-32.61	-22.44	0.0	0.0929485964315076
6	2	2019	-36.27	-25.88	0.0	0.0717615057561664
7	2	2019	-37.51	-24.96	0.0	0.0813016915868913
8	2	2019	-37.55	-25.75	0.0	0.0758146481648603
9	2	2019	-34.08	-23.52	0.0	0.0883796996584536
10	2	2019	-33.1	-21.77	0.0	0.1039523176657477
11	2	2019	-28.32	-16.94	1.81	0.1499435800810078
12	2	2019	-31.47	-20.7	0.0	0.1124138840873432
13	2	2019	-28.6	-20.83	0.0	0.0968761033532443
14	2	2019	-32.51	-19.97	0.0	0.1256037892593338
15	2	2019	-33.18	-18.58	1.36	0.1431276649108673
16	2	2019	-21.36	-13.72	2.18	0.1479943694813753
17	2	2019	-19.66	-13.99	0.52	0.1297730658729129
18	2	2019	-26.78	-17.58	0.0	0.1379102305527218
19	2	2019	-29.03	-12.0	0.0	0.2468336598486353
20	2	2019	-23.99	-10.05	1.13	0.2923565013424994
21	2	2019	-24.44	-12.55	0.0	0.2236038801549453
22	2	2019	-27.15	-12.04	0.0	0.2516759815184915
23	2	2019	-23.4	-13.99	0.0	0.184231942396614
24	2	2019	-31.06	-21.43	0.0	0.1109007799751602
25	2	2019	-33.26	-18.85	0.0	0.1494697953295885
26	2	2019	-30.12	-16.84	0.0	0.1743787803062637
27	2	2019	-20.49	-8.15	0.0	0.3819571734801503
28	2	2019	-18.11	-9.31	0.45	0.3049611536234191
1	3	2019	-26.61	-16.49	0.0	0.1713508444914324
2	3	2019	-32.87	-21.48	0.35	0.1218194371025583
3	3	2019	-25.58	-16.04	0.0	0.1794240992715179
4	3	2019	-20.63	-10.76	0.0	0.3049344685852351
5	3	2019	-18.14	-8.62	0.0	0.364306340395684
6	3	2019	-25.42	-13.2	0.0	0.2657732016581562
7	3	2019	-25.0	-8.77	0.0	0.3954481325530535
8	3	2019	-16.62	-5.82	0.0	0.4946017868367298
9	3	2019	-15.52	-5.61	0.0	0.4967667069813747
10	3	2019	-21.75	-6.89	0.0	0.4807726700487377
11	3	2019	-17.07	0.59	0.0	0.8084454638705243
12	3	2019	-4.23	3.23	0.0	0.8423528151458402
13	3	2019	-4.8	2.78	0.0	0.8424809525291275
14	3	2019	-9.65	1.22	0.0	0.8882120123987395
15	3	2019	-12.23	2.02	0.0	0.955724441434552
16	3	2019	-9.05	2.89	0.0	1.0167950143469513
17	3	2019	-10.81	4.06	0.0	1.0684662768643964
18	3	2019	-3.6	4.74	0.0	1.05120958742491
19	3	2019	-3.75	8.59	0.0	1.3428163411995406
20	3	2019	-2.66	12.19	0.0	1.5436437045745093
21	3	2019	-1.93	11.56	0.0	1.5206991271099064
22	3	2019	-2.5	13.62	0.0	1.632395271557512
23	3	2019	-2.24	12.24	0.0	1.5657532843211774
24	3	2019	-5.76	2.46	0.0	0.9576863755760836
25	3	2019	-7.88	4.67	0.0	1.1515917671500178
26	3	2019	-0.86	16.15	0.0	1.8070235385470437
27	3	2019	-1.46	5.41	0.0	1.0704714465325318
28	3	2019	-6.09	7.04	0.0	1.2950288639197032
29	3	2019	-4.87	4.39	0.0	1.1506840776931002
30	3	2019	-6.4	12.86	0.0	1.5897354729732651
31	3	2019	-4.32	4.91	0.0	1.179977613487193
1	4	2019	-4.14	9.1	1.0	1.431814136078637
2	4	2019	-6.66	3.45	0.63	1.115768059440426
3	4	2019	-8.54	10.54	0.2	1.4647551701672952
4	4	2019	-1.32	12.35	0.0	1.6379545707656953
5	4	2019	-4.25	8.4	0.0	1.4037036919583528
6	4	2019	0.76	7.12	1.33	1.2123860813011975
7	4	2019	0.29	16.81	0.0	1.8750524682098983
8	4	2019	-2.58	16.49	0.0	1.8289815439096335
9	4	2019	-4.57	8.67	0.0	1.39436835127137
10	4	2019	-6.09	8.45	0.0	1.3811400812443926
11	4	2019	-7.16	8.35	0.0	1.368111052939922
12	4	2019	-8.33	9.8	0.0	1.4261679858648624
13	4	2019	-5.01	15.09	0.0	1.7423038856524364
14	4	2019	3.16	16.01	0.7	1.8467208165176183
15	4	2019	-0.48	13.55	0.0	1.7055020505144192
16	4	2019	-4.16	13.51	0.0	1.6868185555051027
17	4	2019	0.13	14.72	0.0	1.7843768329061114
18	4	2019	-0.56	17.36	0.0	1.9455793959231804
19	4	2019	5.48	20.95	0.0	2.188511135111725
20	4	2019	3.65	17.5	0.0	1.9669098083370224
21	4	2019	-1.46	14.61	0.0	1.7913128109195198
22	4	2019	-1.7	21.18	0.0	2.1638683300497563
23	4	2019	7.63	20.4	0.0	2.1344684480225413
24	4	2019	0.69	17.48	0.0	1.9844220265706325
25	4	2019	-1.92	12.39	0.0	1.6621108967021223
26	4	2019	-5.12	11.79	0.0	1.6123727360863995
27	4	2019	-2.04	10.87	4.64	1.4514178287954766
28	4	2019	-4.43	3.61	1.87	1.0957273991305243
29	4	2019	-8.73	7.22	0.0	1.3428251898868464
30	4	2019	-4.62	10.26	1.86	1.5401882377749894
1	5	2019	-6.65	9.74	0.34	1.5545160767602126
2	5	2019	-2.47	11.53	0.78	1.6237227441937072
3	5	2019	-5.15	11.52	0.0	1.6223937088103249
4	5	2019	-4.58	8.8	0.0	1.460881452035702
5	5	2019	-6.9	5.94	0.0	1.2905545192941366
6	5	2019	-6.91	11.74	0.0	1.62331404228366
7	5	2019	0.04	14.69	0.0	1.8442797717336477
8	5	2019	-4.9	12.22	0.0	1.6804969608433251
9	5	2019	-0.38	14.69	0.0	1.8534476881222184
10	5	2019	2.89	17.86	1.94	2.0658632595128106
11	5	2019	2.91	15.66	0.0	1.9044446875711616
12	5	2019	2.03	23.7	0.0	2.463943877874256
13	5	2019	4.74	21.42	0.0	2.3281060553219413
14	5	2019	1.84	21.79	0.63	2.3500928080135353
15	5	2019	5.25	18.69	0.0	2.1155962496802476
16	5	2019	-1.0	15.2	0.0	1.9122541684193293
17	5	2019	-0.28	17.2	0.0	2.0499036182818915
18	5	2019	0.65	15.15	0.0	1.9099826221289404
19	5	2019	-2.33	16.22	0.0	1.98169053281068
20	5	2019	-0.19	19.41	0.0	2.2028603091694836
21	5	2019	1.88	21.53	0.0	2.3563956514641817
22	5	2019	4.15	23.69	0.0	2.5155129336212787
23	5	2019	4.14	24.12	0.0	2.543465237285612
24	5	2019	5.29	23.18	0.0	2.4799418453947326
25	5	2019	4.47	14.28	2.25	1.654776822249561
26	5	2019	-0.13	18.47	0.0	2.157418402548215
27	5	2019	1.83	22.13	0.0	2.4102214828270165
28	5	2019	6.75	27.57	0.0	2.7868877563914274
29	5	2019	10.83	30.48	0.0	2.972431813320464
30	5	2019	11.1	32.53	0.0	3.1127241571211406
31	5	2019	5.25	20.52	0.0	2.2762069544804797
1	6	2019	5.19	24.35	0.0	2.5660315062726355
2	6	2019	9.94	32.34	0.0	3.1083623612808595
3	6	2019	8.93	34.16	0.0	3.219594369876559
4	6	2019	11.79	24.8	0.0	2.473644648726317
5	6	2019	10.27	24.83	0.0	2.5289925515344978
6	6	2019	12.98	26.02	0.0	2.5523651852277194
7	6	2019	9.59	22.58	0.0	2.3564841020006932
8	6	2019	3.96	17.01	0.0	2.0148371646625254
9	6	2019	3.78	19.33	0.0	2.2074923758424476
10	6	2019	3.23	23.89	0.0	2.5418055163867375
11	6	2019	6.99	21.04	0.93	2.295089582834964
12	6	2019	5.92	23.62	0.87	2.521762731541322
13	6	2019	8.16	28.81	1.22	2.891328156114367
14	6	2019	11.45	23.11	0.06	2.348303905861415
15	6	2019	9.95	17.91	2.66	1.7926822270762566
16	6	2019	8.66	17.44	0.0	1.9258471177207228
17	6	2019	5.55	22.47	0.0	2.451857364571974
18	6	2019	7.77	26.36	0.0	2.7302064577976757
19	6	2019	10.29	23.45	23.22	2.2512038903215505
20	6	2019	8.6	15.07	10.17	0.876031274061495
21	6	2019	6.23	17.79	19.99	1.5043954611075028
22	6	2019	11.2	15.99	12.23	0.5082507677781314
23	6	2019	10.13	22.03	1.32	1.857262478575434
24	6	2019	9.38	20.89	2.13	1.370992402201424
25	6	2019	9.7	20.96	2.09	1.3447235370617951
26	6	2019	8.32	23.56	0.0	2.198715795229991
27	6	2019	10.81	25.52	9.81	1.8511673863747848
28	6	2019	14.09	23.86	2.63	1.2152911343439363
29	6	2019	13.71	25.46	0.0	1.9357508097545153
30	6	2019	9.92	22.37	0.0	1.8696302391700672
1	7	2019	9.24	27.73	4.06	2.1165389835879247
2	7	2019	5.99	20.31	0.0	1.899462506937418
3	7	2019	8.93	20.31	0.0	1.6866908664214966
4	7	2019	8.01	21.1	0.0	1.8822002722888025
5	7	2019	11.06	20.54	0.0	1.469698207602402
6	7	2019	12.13	25.11	0.0	2.102311075637919
7	7	2019	13.78	28.08	0.0	2.3608987907191885
8	7	2019	14.06	24.14	0.0	1.7049452670240537
9	7	2019	11.77	23.03	0.0	1.8209426943342537
10	7	2019	9.52	26.05	0.0	2.397715902813072
11	7	2019	14.4	24.6	0.0	1.7635494664531055
12	7	2019	10.3	24.45	0.0	2.1735223365455267
13	7	2019	12.15	29.06	16.41	2.1128673062560543
14	7	2019	14.69	27.35	16.32	1.6289251258774795
15	7	2019	13.3	24.75	3.96	1.3353509607396494
16	7	2019	11.09	20.32	12.91	1.019347306746295
17	7	2019	12.8	22.69	2.31	1.1276911858009655
18	7	2019	11.25	25.31	2.47	1.5291677728903272
19	7	2019	9.87	17.74	4.06	0.8625259033864933
20	7	2019	10.71	22.71	0.0	1.5898613036193807
21	7	2019	11.25	24.55	0.0	1.77660368169927
22	7	2019	10.71	26.91	0.0	2.0650928070710597
23	7	2019	13.82	29.05	0.0	2.071035192711003
24	7	2019	15.23	29.41	5.49	1.5755568726205649
25	7	2019	11.78	18.85	5.3	0.7847102061922417
26	7	2019	12.91	25.03	0.0	1.5830055226128164
27	7	2019	11.88	31.42	0.0	2.3724427184743195
28	7	2019	9.53	20.59	0.0	1.314465695089041
29	7	2019	5.33	23.71	0.0	1.931698522692076
30	7	2019	11.03	28.95	2.73	1.7693114100905545
31	7	2019	12.64	26.03	0.0	1.704636789959758
1	8	2019	13.72	31.92	0.0	2.2720021527696086
2	8	2019	15.74	33.13	0.0	2.2427341646708117
3	8	2019	16.08	28.87	0.0	1.6829583685330214
4	8	2019	10.89	25.7	0.0	1.75685114284328
5	8	2019	11.07	28.05	0.0	1.986837669811504
6	8	2019	10.95	22.17	0.0	1.2914704277729523
7	8	2019	5.21	21.68	0.0	1.6526610220849525
8	8	2019	5.85	24.13	0.0	1.836407301610795
9	8	2019	10.03	26.33	2.3	1.5230085558012951
10	8	2019	8.45	20.52	0.0	1.276299105298179
11	8	2019	6.79	22.13	0.0	1.561422661727157
12	8	2019	10.52	16.09	12.38	0.5582996002835932
13	8	2019	7.67	21.54	0.0	1.4135656598605295
14	8	2019	10.14	24.12	0.0	1.4903065957893442
15	8	2019	9.84	25.47	1.19	1.6440833522549545
16	8	2019	10.73	21.23	0.0	1.151256672283283
17	8	2019	5.29	17.94	0.0	1.2027715891941475
18	8	2019	3.28	21.16	0.0	1.5454994116023055
19	8	2019	4.11	21.26	0.0	1.5068379625621813
20	8	2019	3.95	23.15	0.0	1.660562331713467
21	8	2019	5.56	25.92	0.0	1.8173246984146512
22	8	2019	11.86	26.98	0.0	1.5689745920478195
23	8	2019	11.06	20.75	0.0	1.0286264425647629
24	8	2019	12.61	28.43	3.99	1.4646291388098986
25	8	2019	11.8	20.98	6.8	0.872757992283441
26	8	2019	9.09	19.85	0.0	1.0775300053060108
27	8	2019	8.4	19.26	0.0	1.0650434329724685
28	8	2019	6.83	23.15	0.66	1.4830949853209143
29	8	2019	6.2	19.85	0.0	1.2444492888382102
30	8	2019	5.12	19.64	1.37	1.273929246444203
31	8	2019	7.56	21.78	1.52	1.322958662205394
1	9	2019	8.11	22.0	0.0	1.307675896752262
2	9	2019	10.31	21.05	0.0	1.0797008065877982
3	9	2019	8.03	24.39	0.0	1.4904266874841474
4	9	2019	10.03	22.74	2.24	1.1161460093061026
5	9	2019	8.02	22.62	0.0	1.337935378084768
6	9	2019	5.61	21.88	0.0	1.3841623332462216
7	9	2019	7.04	21.81	0.0	1.3115761435149245
8	9	2019	6.63	21.03	0.0	1.2644839645537636
9	9	2019	8.41	14.13	9.49	0.4876326595839403
10	9	2019	8.33	11.01	13.61	0.2345163842221375
11	9	2019	8.9	13.04	4.95	0.3597494579050719
12	9	2019	7.15	14.81	0.0	0.7024918432415576
13	9	2019	3.61	22.55	0.0	1.4600513813937628
14	9	2019	8.92	23.39	0.0	1.3080181059136906
15	9	2019	9.05	26.83	0.0	1.5469194633193402
16	9	2019	9.79	31.34	0.0	1.8141855432564895
17	9	2019	13.24	25.48	2.09	1.0895335041286645
18	9	2019	11.1	22.05	0.0	1.0405095141833216
19	9	2019	8.37	22.18	0.0	1.2075255557540154
20	9	2019	9.39	20.55	0.0	1.0182816012527265
21	9	2019	5.24	18.04	0.0	1.0405671621086927
22	9	2019	5.04	24.52	0.0	1.4776339090541202
23	9	2019	8.31	20.66	0.0	1.0695419136923725
24	9	2019	5.43	16.71	0.0	0.9093335504603742
25	9	2019	3.04	15.43	0.89	0.9224446916061744
26	9	2019	2.47	10.04	8.77	0.5073877221256852
27	9	2019	1.6	7.92	3.36	0.4113648172223193
28	9	2019	0.46	5.71	0.0	0.3600396490805197
29	9	2019	0.0	3.44	8.74	0.2111524904692909
30	9	2019	-0.03	1.85	5.18	0.1189019970648295
1	10	2019	0.04	4.38	0.28	0.2950526948603056
2	10	2019	-3.46	9.27	0.0	0.74967620494942
3	10	2019	-1.2	11.21	0.0	0.7905816280256254
4	10	2019	1.56	10.24	0.0	0.6148108170297405
5	10	2019	-0.8	14.02	0.0	0.932849638546552
6	10	2019	3.55	15.28	0.0	0.8601301467948388
7	10	2019	1.91	19.65	0.0	1.1734786683604268
8	10	2019	-1.62	7.8	0.86	0.5828430923473619
9	10	2019	-5.88	1.95	0.0	0.4041844609851279
10	10	2019	-7.94	3.72	0.0	0.5459328057720454
11	10	2019	-8.41	6.24	0.0	0.6630646243100247
12	10	2019	-7.76	7.1	0.0	0.6856146299278643
13	10	2019	-8.79	9.54	0.0	0.8025312301896265
14	10	2019	-1.17	4.27	1.05	0.322777233419764
15	10	2019	-2.49	5.44	0.0	0.4504287207512261
16	10	2019	-1.0	12.85	0.0	0.8165400390767904
17	10	2019	0.94	18.05	0.0	1.044628155939572
18	10	2019	-0.23	15.14	0.0	0.9086360935057476
19	10	2019	-1.2	14.03	0.0	0.8674114919001686
20	10	2019	-4.24	7.43	0.0	0.5988556677797073
21	10	2019	-6.54	9.48	0.0	0.739554865011427
22	10	2019	-6.04	6.03	0.0	0.5700528620261818
23	10	2019	-5.89	4.23	1.01	0.4779499487291087
24	10	2019	-5.46	7.97	0.0	0.6409911178617621
25	10	2019	-0.44	16.69	0.0	0.9595297783887942
26	10	2019	-5.55	2.53	0.42	0.3775880732390949
27	10	2019	-9.85	-3.46	2.09	0.2305318185605166
28	10	2019	-9.55	-4.68	1.77	0.1882138947080443
29	10	2019	-11.75	-5.35	0.0	0.2217460565380069
30	10	2019	-17.06	0.15	0.0	0.4747712161192698
31	10	2019	-3.15	3.45	0.66	0.3340524504541241
1	11	2019	-3.16	4.05	0.0	0.3649468574330979
2	11	2019	-4.74	4.25	0.52	0.4270025461295817
3	11	2019	-4.84	1.41	0.0	0.2916097269737759
4	11	2019	-13.23	-4.52	0.0	0.2749478503109653
5	11	2019	-14.77	-4.57	1.44	0.2979185827526327
6	11	2019	-19.78	-8.24	0.0	0.2547703435226307
7	11	2019	-20.44	-4.18	0.0	0.3556635307945185
8	11	2019	-8.94	3.45	0.0	0.480298840516709
9	11	2019	-12.89	-1.34	2.35	0.3485120755675519
10	11	2019	-20.05	-11.82	0.0	0.1688984774851316
11	11	2019	-22.73	-9.14	0.0	0.2484106528050907
12	11	2019	-14.91	-2.18	0.0	0.3631894138344698
13	11	2019	-14.45	0.27	0.0	0.4315549604309623
14	11	2019	-7.76	-0.09	0.0	0.2999760148751773
15	11	2019	-5.87	3.13	1.9	0.3845312089435111
16	11	2019	-1.32	2.01	1.08	0.1687465364508674
17	11	2019	-2.62	5.55	0.0	0.3978164818392414
18	11	2019	-0.29	6.94	0.0	0.375924605099781
19	11	2019	-3.99	1.01	0.0	0.2230740187290468
20	11	2019	-6.72	-1.55	0.0	0.2048568698416701
21	11	2019	-7.35	2.97	0.0	0.4035845930760243
22	11	2019	-6.07	6.15	0.0	0.5038107980434046
23	11	2019	-1.46	10.11	0.0	0.5685690178278419
24	11	2019	-2.07	4.06	1.25	0.294716894236995
25	11	2019	-5.76	-0.74	0.4	0.2047763255260674
26	11	2019	-9.29	-2.32	0.06	0.2478208224888889
27	11	2019	-8.16	-5.02	0.0	0.1144510490016652
28	11	2019	-8.66	-5.76	1.91	0.102854371365687
29	11	2019	-10.53	-5.36	0.0	0.1701915805644737
30	11	2019	-10.62	-7.62	0.0	0.0964959085199967
1	12	2019	-13.34	-6.08	0.0	0.2083812038438035
2	12	2019	-14.14	-2.04	0.0	0.3393848491366918
3	12	2019	-7.9	3.4	0.0	0.4261811472547166
4	12	2019	-8.48	-0.07	0.0	0.3067390497575257
5	12	2019	-14.02	-4.33	0.0	0.2688172991706681
6	12	2019	-12.28	-4.88	0.0	0.2218068992270624
7	12	2019	-12.3	-4.89	0.0	0.2222333096433112
8	12	2019	-22.05	-11.87	0.0	0.1762141731417984
9	12	2019	-24.93	-10.41	0.0	0.2167582722053442
10	12	2019	-27.86	-15.82	0.0	0.1432086143734954
11	12	2019	-27.08	-16.95	0.0	0.1243558760512313
12	12	2019	-19.92	-12.06	0.31	0.1517278062610819
13	12	2019	-24.99	-14.53	0.0	0.1489741387434859
14	12	2019	-27.46	-11.74	0.41	0.2000636627071306
15	12	2019	-20.17	-8.17	0.0	0.2352354056693393
16	12	2019	-16.66	-5.27	0.0	0.2721008590934625
17	12	2019	-15.46	-4.45	0.0	0.280349217232778
18	12	2019	-10.71	0.76	0.0	0.3732855798469153
19	12	2019	-11.66	-3.93	0.0	0.2356877839923801
20	12	2019	-11.13	3.23	0.0	0.4613773331297702
21	12	2019	-11.56	0.6	0.0	0.3796412820729248
22	12	2019	-9.33	-0.36	0.0	0.308167567777213
23	12	2019	-8.4	-3.75	0.0	0.1633042319741803
24	12	2019	-7.31	-4.91	0.0	0.0882547546598304
25	12	2019	-8.17	-2.49	0.0	0.2035669664280039
26	12	2019	-15.18	-6.1	0.0	0.2315601390420059
27	12	2019	-15.06	-5.77	0.0	0.2386556356884532
28	12	2019	-15.96	-6.56	0.0	0.229963045386964
29	12	2019	-18.78	-6.54	0.0	0.2600152887998198
30	12	2019	-16.14	-5.86	0.0	0.2500209236825974
31	12	2019	-13.43	0.18	0.0	0.3905406628792641
1	1	2020	-8.25	-1.27	0.0	0.2533099291105806
2	1	2020	-7.84	-2.84	0.0	0.1834299606541532
3	1	2020	-11.4	-3.69	0.0	0.2418539521176812
4	1	2020	-8.91	4.62	0.0	0.4875873499096005
5	1	2020	-11.23	-2.14	0.0	0.2901790342913489
6	1	2020	-15.82	-2.5	0.0	0.3424381094136145
7	1	2020	-24.73	-16.05	0.0	0.1245858133076842
8	1	2020	-19.71	-8.05	1.22	0.2385776992799697
9	1	2020	-24.46	-15.89	0.0	0.1257836039873557
10	1	2020	-30.11	-16.18	0.0	0.1471423017095855
11	1	2020	-19.7	-10.15	2.87	0.1855678133368118
12	1	2020	-24.82	-13.67	1.39	0.1656393114591654
13	1	2020	-30.28	-24.46	0.74	0.0544772495601449
14	1	2020	-34.35	-26.94	0.0	0.052060489060588
15	1	2020	-36.02	-28.47	0.0	0.0465766965290798
16	1	2020	-36.73	-19.49	0.0	0.117656449770403
17	1	2020	-22.88	-18.7	3.11	0.0626775273273905
18	1	2020	-27.49	-22.61	0.0	0.0564971869847367
19	1	2020	-29.02	-17.04	0.0	0.1374991149459688
20	1	2020	-20.95	-0.63	0.0	0.4270470052684524
21	1	2020	-9.88	1.92	0.0	0.4268410843348831
22	1	2020	-12.99	-3.24	0.0	0.3022341737222216
23	1	2020	-11.53	-3.84	0.0	0.2559584522568086
24	1	2020	-8.67	0.25	0.0	0.3450473551888556
25	1	2020	-5.59	1.16	0.0	0.2997449960655491
26	1	2020	-7.7	-3.44	0.0	0.1706771010287114
27	1	2020	-7.54	-1.55	1.17	0.2456819016548213
28	1	2020	-4.55	-1.15	0.0	0.1582666748559777
29	1	2020	-8.72	-2.52	2.46	0.2282770508944118
30	1	2020	-10.56	-0.93	0.0	0.35088549992375
31	1	2020	-11.05	2.89	0.0	0.4991233131105211
1	2	2020	-7.32	6.49	0.0	0.5869253644464574
2	2	2020	-10.35	-0.52	0.0	0.3657496213854218
3	2	2020	-18.73	-9.72	0.0	0.2131314246685293
4	2	2020	-19.94	-4.46	0.0	0.3549457239442958
5	2	2020	-13.49	-5.04	0.0	0.2714228678114612
6	2	2020	-15.06	-9.53	0.35	0.1607346994879908
7	2	2020	-13.47	-2.94	0.0	0.3459730110511232
8	2	2020	-12.53	-2.41	0.0	0.3511512342269439
9	2	2020	-14.08	-2.26	0.0	0.3961146339865227
10	2	2020	-10.07	-3.69	0.29	0.2515342440706107
11	2	2020	-14.91	-2.13	0.0	0.431567684585153
12	2	2020	-30.52	-16.64	0.0	0.1641032116280523
13	2	2020	-29.78	-6.7	0.0	0.3174755329077495
14	2	2020	-13.0	-2.06	0.0	0.4170746626753718
15	2	2020	-20.12	-11.31	0.0	0.2047333993229672
16	2	2020	-16.21	-4.9	0.0	0.3547554981952689
17	2	2020	-21.37	-10.5	0.0	0.2388558537164881
18	2	2020	-29.69	-18.22	0.0	0.1447634344089378
19	2	2020	-29.92	-9.93	0.0	0.2777350028938324
20	2	2020	-16.89	1.49	0.0	0.6671739285295536
21	2	2020	-10.99	2.43	0.0	0.7169075385130727
22	2	2020	-8.73	3.29	0.0	0.7459532316717974
23	2	2020	-11.26	1.02	0.0	0.6540242289784625
24	2	2020	-12.48	-2.33	0.0	0.4828852838155462
25	2	2020	-17.48	-3.43	0.0	0.4989771102986219
26	2	2020	-14.08	0.25	0.0	0.6549513514506357
27	2	2020	-9.36	3.99	0.0	0.8306791838980441
28	2	2020	-7.98	6.05	0.0	0.95449847118026
29	2	2020	-6.46	6.22	0.89	0.9539359671713068
1	3	2020	-10.93	-0.98	0.62	0.5432222693487458
2	3	2020	-6.99	3.06	0.0	0.7251564400532383
3	3	2020	-7.86	2.75	0.0	0.7417207144560967
4	3	2020	-3.94	3.38	0.0	0.608220249124959
5	3	2020	-6.32	3.39	0.0	0.7669311943570845
6	3	2020	-2.5	11.25	0.0	1.340631454627594
7	3	2020	-10.4	-0.86	0.37	0.5790120377705001
8	3	2020	-16.44	-9.32	0.57	0.228785006996699
9	3	2020	-17.73	-0.18	0.0	0.6974966577579187
10	3	2020	-11.7	4.88	0.0	0.9780756520959862
11	3	2020	-4.52	4.91	0.0	0.8599410747307867
12	3	2020	-10.44	-1.9	0.0	0.5211646089178337
13	3	2020	-17.19	-10.79	0.0	0.1993522360809577
14	3	2020	-17.43	-8.73	1.73	0.3258140059796005
15	3	2020	-14.71	-6.4	0.73	0.3816476167415205
16	3	2020	-18.15	-2.38	0.0	0.6412151628987613
17	3	2020	-13.82	-2.72	0.0	0.6006952212600559
18	3	2020	-17.72	-6.46	0.0	0.4592859125850796
19	3	2020	-18.21	-5.26	0.0	0.528574624113733
20	3	2020	-18.05	-0.89	0.0	0.73224324970466
21	3	2020	-11.23	2.19	0.0	0.9184930406140168
22	3	2020	-11.03	6.1	0.0	1.184342755018294
23	3	2020	-7.88	7.07	0.0	1.2732123671671731
24	3	2020	-8.76	-1.07	1.28	0.7510667783531553
25	3	2020	-15.18	-0.65	0.0	0.8692434864924904
26	3	2020	-13.44	5.79	0.0	1.14960236558473
27	3	2020	-4.18	6.38	0.0	1.2681852726085578
28	3	2020	-3.39	8.48	0.0	1.397411715004309
29	3	2020	-5.4	13.3	0.0	1.6441150228479786
30	3	2020	-3.3	4.91	0.0	1.1807580963938886
31	3	2020	-10.39	-1.53	0.0	0.8296330389607777
1	4	2020	-15.39	-11.33	0.59	0.1883573674981166
2	4	2020	-18.13	-9.24	0.0	0.4654716379085301
3	4	2020	-19.0	-3.54	0.0	0.7563906008935741
4	4	2020	-13.14	-4.78	1.85	0.6568808827840181
5	4	2020	-10.48	-1.26	0.0	0.8623014592238021
6	4	2020	-7.08	2.13	2.64	0.8955014922188707
7	4	2020	-9.98	4.45	0.0	1.201954972027029
8	4	2020	-7.18	1.02	0.0	0.9640997131392324
9	4	2020	-13.1	5.69	0.0	1.2243835890321026
10	4	2020	-2.69	8.01	0.0	1.435533866801392
11	4	2020	-8.52	-1.56	0.0	0.8090392035496149
12	4	2020	-10.67	-4.06	0.0	0.6774386441492304
13	4	2020	-13.05	-4.33	0.0	0.7587252707136786
14	4	2020	-14.93	3.37	0.0	1.1136869887998708
15	4	2020	-10.17	2.57	0.0	1.1391487560860702
16	4	2020	-6.82	5.24	0.0	1.2996351229074108
17	4	2020	-3.31	13.4	0.0	1.8049532693984676
18	4	2020	-3.95	4.52	0.0	1.2340476498767392
19	4	2020	-5.64	13.81	0.0	1.8054977056606123
20	4	2020	-2.17	10.3	0.0	1.6314057190052342
21	4	2020	-1.91	21.43	0.0	2.295719779204148
22	4	2020	0.7	16.31	0.39	2.040610234649173
23	4	2020	0.4	18.21	0.0	2.159089365259412
24	4	2020	-1.13	14.0	3.14	1.720969285419349
25	4	2020	-2.36	18.44	0.0	2.143623876024502
26	4	2020	3.1	14.8	0.0	1.9204051024265851
27	4	2020	-1.18	19.13	0.0	2.209073515426574
28	4	2020	2.07	17.9	0.0	2.165859526693462
29	4	2020	0.96	22.65	0.0	2.452581626060743
30	4	2020	6.83	27.43	0.0	2.804736946674464
1	5	2020	4.69	17.94	0.0	2.1278750073688766
2	5	2020	-0.8	18.15	0.0	2.1520427656097123
3	5	2020	-1.31	17.4	4.0	1.914073599395372
4	5	2020	3.01	14.63	0.0	1.879444997767427
5	5	2020	-0.65	17.77	0.0	2.1313412507306864
6	5	2020	1.06	20.6	0.0	2.32588888466835
7	5	2020	0.14	17.02	0.0	2.0099454139019497
8	5	2020	0.71	19.55	2.88	1.9946034804556496
9	5	2020	-1.53	7.01	1.72	1.3149882642485224
10	5	2020	-3.8	9.31	0.0	1.5075208729094465
11	5	2020	-6.45	10.41	0.0	1.5695320981935317
12	5	2020	-4.05	13.39	0.0	1.764163880640917
13	5	2020	0.93	11.44	0.0	1.5987498145866017
14	5	2020	-1.45	18.92	0.0	2.1351206716521505
15	5	2020	-2.46	14.46	0.0	1.84548005097076
16	5	2020	0.37	24.84	0.0	2.5166255486991846
17	5	2020	8.55	26.22	0.0	2.6395474115814523
18	5	2020	8.85	25.32	0.0	2.564398707138366
19	5	2020	10.99	26.38	0.0	2.615788684443072
20	5	2020	10.0	19.7	14.48	1.9205856155423828
21	5	2020	9.52	22.06	0.0	2.300703702317021
22	5	2020	5.43	21.08	0.0	2.308662730860812
23	5	2020	3.59	16.18	0.0	1.9507167234766656
24	5	2020	4.91	19.55	0.0	2.2051609366056555
25	5	2020	5.29	25.61	0.0	2.6537331247215676
26	5	2020	10.7	21.85	0.0	2.260439284551453
27	5	2020	6.96	18.92	0.37	2.123095303693893
28	5	2020	4.42	18.07	0.0	2.112704839035153
29	5	2020	4.18	18.72	0.0	2.177181718373075
30	5	2020	6.1	25.16	0.0	2.6519437460783917
31	5	2020	10.67	30.39	0.0	2.999429438997248
1	6	2020	11.28	25.33	0.0	2.593350129893513
2	6	2020	7.94	24.46	0.0	2.5939973628729405
3	6	2020	9.39	20.67	0.0	2.231789296446349
4	6	2020	6.0	18.52	0.0	2.144760339582755
5	6	2020	3.55	20.36	0.0	2.332587740555551
6	6	2020	9.42	17.24	17.61	1.440136590654167
7	6	2020	9.06	17.3	18.26	1.2207931961303475
8	6	2020	6.73	15.67	0.0	1.3624789733592848
9	6	2020	5.3	20.73	0.0	2.2156465423325344
10	6	2020	6.78	22.22	0.0	2.3293587564125264
11	6	2020	6.34	21.82	0.0	2.3068103134656384
12	6	2020	7.6	27.55	0.0	2.8427760414663035
13	6	2020	14.02	30.18	0.0	2.93609908577082
14	6	2020	12.48	23.78	0.04	2.1513220987837283
15	6	2020	7.55	22.0	0.0	2.322279579543932
16	6	2020	9.33	23.44	25.54	1.96870837669306
17	6	2020	9.26	16.12	7.08	0.7217973629981878
18	6	2020	6.32	14.93	4.79	0.8595895203746512
19	6	2020	5.73	17.9	0.0	1.635436467542164
20	6	2020	5.94	16.46	0.0	1.4077502651297586
21	6	2020	3.97	17.98	0.0	1.7751424583384143
22	6	2020	6.06	23.28	0.0	2.256084350702214
23	6	2020	10.35	27.62	0.0	2.5390242034619286
24	6	2020	13.87	26.92	1.75	2.2098737978380476
25	6	2020	14.24	25.76	0.0	1.9636036249157096
26	6	2020	11.99	30.1	0.0	2.7094925406434207
27	6	2020	13.81	21.53	0.0	1.2037608863351394
28	6	2020	12.82	20.25	0.0	1.1290127062180546
29	6	2020	14.36	18.8	1.25	0.6198874936133094
30	6	2020	13.62	20.87	9.81	0.8664304449658415
1	7	2020	13.69	24.03	1.41	1.7474082473097812
2	7	2020	11.3	24.0	2.2	1.5933948332257866
3	7	2020	10.25	26.67	0.0	2.385827757049142
4	7	2020	12.36	28.54	2.54	2.0076702856063218
5	7	2020	12.55	23.64	0.0	1.7910258966668409
6	7	2020	10.71	25.05	0.0	2.166181642993041
7	7	2020	12.21	28.27	13.91	1.9673692956919744
8	7	2020	13.18	20.18	2.87	0.818274358892129
9	7	2020	11.85	22.09	0.66	1.507282570210772
10	7	2020	9.71	23.18	5.27	1.5043811086592254
11	7	2020	10.62	24.78	0.0	1.9954343210374632
12	7	2020	12.96	25.59	1.33	1.9064288041240236
13	7	2020	10.25	19.7	2.86	1.041346334856425
14	7	2020	10.32	21.68	5.33	1.2426735732466805
15	7	2020	10.85	23.11	0.73	1.7261283853829803
16	7	2020	10.14	25.43	0.0	2.0578856104438783
17	7	2020	14.11	24.88	0.0	1.5965004843156458
18	7	2020	12.01	22.45	0.0	1.4620987359056112
19	7	2020	10.61	23.12	0.0	1.7089755054452989
20	7	2020	11.14	23.29	5.8	1.311233079009147
21	7	2020	9.44	25.33	0.0	2.0179022509140476
22	7	2020	14.18	30.31	0.0	2.2492471509516725
23	7	2020	17.93	28.71	0.0	1.6440538862315637
24	7	2020	14.83	27.7	0.0	1.8844148123603404
25	7	2020	12.03	21.54	0.0	1.2718879852125338
26	7	2020	10.46	25.19	0.0	1.936782233983048
27	7	2020	9.65	27.37	0.0	2.1810965761401344
28	7	2020	10.96	30.57	0.0	2.393501973219735
29	7	2020	14.5	33.54	0.0	2.472144061851659
30	7	2020	15.72	32.0	0.0	2.210353114758155
31	7	2020	13.0	26.33	0.0	1.7359278540581282
1	8	2020	9.16	27.64	0.0	2.1327936754189256
2	8	2020	10.6	27.74	0.0	2.073968415674997
3	8	2020	13.47	29.33	2.16	1.654876864906924
4	8	2020	12.44	26.94	0.0	1.8198626500284456
5	8	2020	9.54	28.93	0.0	2.1923900141392756
6	8	2020	11.36	33.21	0.0	2.4711220249233428
7	8	2020	13.54	24.23	0.0	1.2815492263565849
8	8	2020	10.97	25.57	1.3	1.7256064480309536
9	8	2020	8.88	22.44	0.0	1.5031660137783525
10	8	2020	8.25	24.53	0.0	1.7724794644077873
11	8	2020	8.71	24.21	0.0	1.695163182546209
12	8	2020	11.31	28.97	0.0	2.0105082536286334
13	8	2020	9.8	24.66	0.0	1.631175962659812
14	8	2020	7.88	24.91	4.12	1.4677042365743571
15	8	2020	8.69	25.3	0.0	1.7348567797650043
16	8	2020	9.29	29.02	0.0	2.0416720095649374
17	8	2020	11.33	34.25	0.0	2.3783453053839243
18	8	2020	12.5	35.82	0.0	2.437007458442046
19	8	2020	14.1	34.13	0.0	2.251050561689991
20	8	2020	12.84	33.12	0.0	2.210815046888196
21	8	2020	14.39	28.22	0.0	1.5386608023255717
22	8	2020	10.15	31.6	0.0	2.1712455127420047
23	8	2020	6.93	28.2	0.0	1.9895008533608785
24	8	2020	9.6	29.12	0.0	1.9313423873509412
25	8	2020	12.94	26.59	0.0	1.392790103726059
26	8	2020	10.13	24.77	0.0	1.4224257112202
27	8	2020	7.52	24.09	5.42	1.3326020163138146
28	8	2020	6.56	23.1	0.0	1.4643638104283103
29	8	2020	7.99	31.28	0.0	2.1035275844215877
30	8	2020	7.05	17.56	0.0	0.9327216206473012
31	8	2020	2.95	19.06	0.0	1.26363977489303
1	9	2020	7.99	22.26	0.0	1.2736481503646686
2	9	2020	7.46	16.36	5.41	0.7163222108856916
3	9	2020	5.03	21.43	0.0	1.3418970702860038
4	9	2020	5.09	23.72	0.0	1.5113052954086148
5	9	2020	7.8	29.67	0.0	1.9369322144655063
6	9	2020	7.88	17.18	0.0	0.8215610052226027
7	9	2020	0.18	9.92	0.0	0.6850925381571585
8	9	2020	-4.76	15.06	0.0	1.1984056373600542
9	9	2020	4.14	20.8	0.0	1.3452871967586124
10	9	2020	4.68	25.64	0.0	1.718264619372707
11	9	2020	7.65	29.85	0.0	1.9329650602342592
12	9	2020	6.92	16.21	1.18	0.7749016692144387
13	9	2020	-0.46	15.29	0.0	1.0515134213050938
14	9	2020	5.52	15.6	0.0	0.8049770626713891
15	9	2020	3.39	14.4	0.0	0.8268446117938187
16	9	2020	-1.26	13.35	0.0	0.9971093520680876
17	9	2020	1.68	18.13	0.0	1.3052475678622248
18	9	2020	-1.06	23.73	0.0	1.749298901528882
19	9	2020	6.0	26.18	0.0	1.7917065097284337
20	9	2020	11.95	19.59	9.39	0.6428041581576442
21	9	2020	8.29	22.91	0.0	1.306213666932618
22	9	2020	7.07	21.03	0.0	1.188861258927743
23	9	2020	9.21	21.27	0.0	1.0544612332072647
24	9	2020	8.46	23.93	0.0	1.3744468611237848
25	9	2020	5.72	21.8	0.0	1.3125947608689523
26	9	2020	7.91	15.12	1.35	0.5924125613055518
27	9	2020	4.99	14.9	0.0	0.7500044769643657
28	9	2020	1.1	21.62	0.0	1.429331400570482
29	9	2020	7.03	17.74	0.0	0.8453976202740886
30	9	2020	1.25	12.23	0.0	0.7317684313608851
1	10	2020	-4.0	11.42	0.0	0.8729473774177257
2	10	2020	0.95	16.4	0.0	1.0584126563907952
3	10	2020	-1.69	15.11	0.0	1.0520298905527994
4	10	2020	4.22	23.64	0.76	1.4902089139441033
5	10	2020	7.8	19.16	0.0	0.8847617125083685
6	10	2020	6.43	17.65	0.0	0.9178667272451706
7	10	2020	0.45	15.4	0.0	1.0532446021094266
8	10	2020	6.61	22.39	1.96	1.3817476442699643
9	10	2020	1.57	10.46	0.0	0.5695288247650372
10	10	2020	1.97	25.0	0.0	1.6909209388334627
11	10	2020	4.76	15.04	0.0	0.7848071110600234
12	10	2020	-3.25	11.77	0.0	0.9124911307528056
13	10	2020	0.0	10.6	0.0	0.7148819219139683
14	10	2020	-5.37	6.46	0.0	0.6244554457061771
15	10	2020	-5.39	5.19	0.0	0.5206646215437126
16	10	2020	-9.39	3.67	0.0	0.5531956247731167
17	10	2020	-12.81	-0.63	0.0	0.4168561267281179
18	10	2020	-6.35	-2.99	0.0	0.148740594406245
19	10	2020	-7.53	-1.05	0.0	0.2770359057271463
20	10	2020	-7.1	-2.02	0.38	0.2248930599461626
21	10	2020	-9.26	-0.12	0.0	0.374757637499746
22	10	2020	-13.43	-2.29	0.0	0.3734391401325811
23	10	2020	-13.48	-3.7	0.0	0.3223847308822972
24	10	2020	-8.71	-5.24	0.0	0.1390993535391972
25	10	2020	-11.47	-2.6	0.0	0.3218313477900568
26	10	2020	-15.21	2.83	0.0	0.6007022156393974
27	10	2020	-4.5	11.61	0.0	0.8910448536141512
28	10	2020	-4.55	4.41	0.0	0.4268520564086688
29	10	2020	-6.35	7.24	0.0	0.6470865200464082
30	10	2020	-1.21	11.72	0.0	0.7759981305761213
31	10	2020	-7.0	1.54	0.0	0.3602923177320424
1	11	2020	-7.88	13.17	0.0	0.9538451859258968
2	11	2020	-0.01	18.27	0.0	1.17244271207296
3	11	2020	1.07	16.97	0.0	1.0544446264167509
4	11	2020	-0.47	14.22	0.0	0.8931589010656444
5	11	2020	0.27	18.56	0.0	1.1406483405110308
6	11	2020	-2.49	6.52	1.17	0.4442863434696413
7	11	2020	-2.51	0.8	2.39	0.1522763901862074
8	11	2020	-9.7	-3.8	18.72	0.2011343130341262
9	11	2020	-19.16	-9.4	0.0	0.2160234352905663
10	11	2020	-17.64	-6.49	0.0	0.2721136731706433
11	11	2020	-16.86	-6.7	1.04	0.2566253987089987
12	11	2020	-22.75	-9.66	0.0	0.2364632461238788
13	11	2020	-13.61	-0.47	0.0	0.3991534026049424
14	11	2020	-9.37	-1.41	0.4	0.2893908115445233
15	11	2020	-12.51	-5.87	0.0	0.2035894346443514
16	11	2020	-10.37	-5.48	0.0	0.1651832823982417
17	11	2020	-8.11	-0.47	0.0	0.2919620714009677
18	11	2020	-5.22	4.26	0.0	0.4128184205052988
19	11	2020	-12.54	-5.16	3.91	0.2134908173339804
20	11	2020	-19.97	-10.17	0.0	0.1976550678308643
21	11	2020	-18.83	-4.62	0.0	0.3177744148679404
22	11	2020	-16.45	-7.54	0.0	0.2179749972308721
23	11	2020	-12.13	-4.93	0.0	0.2190036301476748
24	11	2020	-10.61	-2.74	0.0	0.2588468004882735
25	11	2020	-8.44	1.74	0.0	0.3761454596624921
26	11	2020	-12.68	-1.32	0.0	0.3433901852736287
27	11	2020	-11.21	0.64	0.0	0.3847535974026934
28	11	2020	-10.25	-0.47	0.0	0.3289800954045766
29	11	2020	-15.47	-3.25	0.0	0.3181752011137028
30	11	2020	-9.45	1.63	0.0	0.3876098388687192
1	12	2020	-8.08	1.69	0.0	0.362393021966072
2	12	2020	-11.42	-1.84	0.0	0.302186569689647
3	12	2020	-7.66	2.41	0.0	0.3804652713333752
4	12	2020	-6.85	2.12	0.0	0.3504759476484775
5	12	2020	-7.53	1.92	0.0	0.3589299870789035
6	12	2020	-10.34	0.99	0.0	0.3789667104783116
7	12	2020	-8.59	2.89	0.0	0.4154442169111015
8	12	2020	-4.73	3.42	0.0	0.3450066537340999
9	12	2020	-5.93	1.88	0.0	0.3133014347357594
10	12	2020	-12.86	-3.79	0.0	0.2621818076855807
11	12	2020	-13.89	-4.79	0.0	0.2489981606126683
12	12	2020	-11.07	-3.71	0.0	0.2311686545716497
13	12	2020	-27.66	-13.6	0.0	0.1727501706069232
14	12	2020	-29.3	-14.25	0.38	0.1668467658165353
15	12	2020	-19.52	-9.98	0.0	0.1889633367597577
16	12	2020	-16.73	-5.62	0.0	0.2623075389927871
17	12	2020	-15.36	1.56	0.0	0.4470282271787293
18	12	2020	-22.4	-4.48	0.0	0.3217333310031524
19	12	2020	-13.4	3.71	0.0	0.4981959941751822
20	12	2020	-7.74	2.36	0.0	0.3714373916764927
21	12	2020	-9.3	-1.32	3.66	0.2614248886915606
22	12	2020	-14.38	-4.39	6.06	0.2563780394619154
23	12	2020	-18.33	-9.43	0.0	0.1865769131533913
24	12	2020	-16.44	-0.42	0.0	0.3972993650946757
25	12	2020	-13.63	-2.6	0.0	0.3065633358390927
26	12	2020	-13.78	-5.91	1.27	0.2119586103881332
27	12	2020	-15.61	-7.0	0.21	0.2114243391415083
28	12	2020	-18.69	-8.32	0.0	0.2166995778442468
29	12	2020	-16.51	-7.35	0.0	0.2150723311510338
30	12	2020	-20.18	-9.29	0.0	0.2098164648684726
1	1	2021	-17.21	-4.46	0.0	0.2987249932358964
2	1	2021	-10.25	3.89	0.0	0.4772613265571056
3	1	2021	-3.18	3.8	0.0	0.3151033832725135
4	1	2021	-11.28	-1.1	0.0	0.32334068675858
5	1	2021	-11.13	-0.23	0.0	0.3500942635104949
6	1	2021	-11.96	1.92	0.0	0.4342241662517979
7	1	2021	-9.82	0.52	0.0	0.3544863113980283
8	1	2021	-13.96	-3.63	0.0	0.2880835443504149
9	1	2021	-15.12	-5.93	0.0	0.2395811575329118
10	1	2021	-14.72	-5.55	0.0	0.2447924988447976
11	1	2021	-13.2	-1.65	0.0	0.3401406902719202
12	1	2021	-8.62	0.09	0.0	0.3178282725901143
13	1	2021	-6.47	5.98	4.65	0.4861597178342813
14	1	2021	-6.51	-1.23	0.0	0.2106213729063008
15	1	2021	-13.85	-5.48	0.0	0.2367198675314737
16	1	2021	-10.84	-0.64	0.0	0.3417394098827132
17	1	2021	-10.97	-1.78	2.06	0.2920319933403469
18	1	2021	-11.63	-0.71	0.49	0.3554517005658739
19	1	2021	-14.55	1.66	0.39	0.4660108962718169
20	1	2021	-6.07	1.95	0.0	0.3384265976945952
21	1	2021	-12.62	-6.4	0.37	0.1897813523910489
22	1	2021	-10.64	-4.97	1.18	0.1917589046777469
23	1	2021	-27.76	-9.4	0.0	0.2499479650890922
24	1	2021	-32.85	-23.99	0.0	0.074086902178707
25	1	2021	-30.17	-22.94	0.0	0.0726995523792756
26	1	2021	-29.48	-20.48	0.0	0.098421228603641
27	1	2021	-24.53	-15.01	0.0	0.1492954690547827
28	1	2021	-18.97	-10.82	0.0	0.1811431079003997
29	1	2021	-15.42	-9.02	0.0	0.1736554890919006
30	1	2021	-14.69	-10.28	0.0	0.1228498860532797
31	1	2021	-17.64	-9.33	0.0	0.2041599452852983
1	2	2021	-13.96	-1.98	0.0	0.3707488359340426
2	2	2021	-9.12	1.16	0.0	0.4047885736897776
3	2	2021	-19.39	-10.91	0.0	0.1909739262655214
4	2	2021	-22.55	-15.93	0.0	0.1203541283672516
5	2	2021	-28.1	-18.54	0.0	0.12359865514141
6	2	2021	-35.17	-25.99	0.0	0.0691638235768161
7	2	2021	-36.94	-29.04	0.0	0.0508406495449134
8	2	2021	-37.14	-26.93	0.0	0.0673893880018258
9	2	2021	-29.66	-25.47	0.0	0.0455989663937327
10	2	2021	-34.13	-26.95	0.0	0.0588415507683738
11	2	2021	-37.8	-28.49	0.0	0.0586784974404675
12	2	2021	-33.98	-23.5	0.0	0.0922449041496708
13	2	2021	-37.81	-25.1	0.0	0.0847456138297035
14	2	2021	-35.06	-22.78	0.0	0.1022512364214896
15	2	2021	-31.25	-18.89	0.0	0.1389144414708271
16	2	2021	-26.52	-15.92	0.0	0.1659682847816077
17	2	2021	-23.35	-16.25	0.0	0.1348877989246642
18	2	2021	-25.75	-13.84	0.0	0.2016923947087262
19	2	2021	-23.68	-3.76	0.0	0.4189581610667283
20	2	2021	-11.27	-3.07	0.0	0.3284002811420857
21	2	2021	-13.15	2.59	0.0	0.6673608457667682
22	2	2021	-3.61	3.7	0.0	0.4954364452883414
23	2	2021	-7.96	-0.68	0.0	0.3730356781403999
24	2	2021	-10.52	-1.69	0.0	0.4207320506181949
25	2	2021	-12.28	0.62	0.0	0.6032949054606789
26	2	2021	-16.92	-2.64	0.46	0.4958979146214229
27	2	2021	-25.12	-13.62	0.0	0.2136330345116637
28	2	2021	-21.92	-11.76	0.0	0.2320019681312626
1	3	2021	-18.47	3.4	0.0	0.7398562141286619
2	3	2021	-7.27	2.62	0.0	0.6557536771305131
3	3	2021	-11.86	1.47	0.0	0.704989899780798
4	3	2021	-10.34	1.71	0.0	0.7078004939358936
5	3	2021	-6.86	3.93	0.0	0.8090526977328796
6	3	2021	-1.29	5.95	0.0	0.7341676044511795
7	3	2021	-3.73	4.95	0.0	0.8061030836735839
8	3	2021	-4.43	3.99	0.0	0.7574954939118166
9	3	2021	-5.31	-0.59	0.0	0.3179372537487259
10	3	2021	-8.64	1.91	0.0	0.7888816743032079
11	3	2021	-17.77	-3.41	0.0	0.5790221360262044
12	3	2021	-10.45	5.67	0.0	1.0533721880294238
13	3	2021	-7.04	6.44	0.0	1.109871057276106
14	3	2021	-2.58	8.37	0.0	1.1945112076545552
15	3	2021	-1.58	7.72	0.0	1.1028402023133743
16	3	2021	-9.1	0.68	0.0	0.7468677013526672
17	3	2021	-7.94	8.56	0.0	1.2944973719504755
18	3	2021	-3.67	13.53	0.0	1.592800255183696
19	3	2021	-0.36	17.99	0.0	1.8597363396294315
20	3	2021	-1.12	12.34	0.0	1.5577351402609094
21	3	2021	-5.03	3.19	0.0	0.8522515068955203
22	3	2021	-6.25	8.33	0.0	1.3300920433908243
23	3	2021	-8.02	0.3	0.88	0.7659329170760492
24	3	2021	-6.45	8.5	0.0	1.3475955282208645
25	3	2021	-3.73	3.29	3.36	0.6986974651949234
26	3	2021	-10.02	2.18	0.0	1.0146000004790967
27	3	2021	-9.31	6.45	0.0	1.2325531770259832
28	3	2021	-1.8	17.52	0.0	1.8823256293617645
29	3	2021	-8.92	5.91	5.24	1.1328701122781597
30	3	2021	-14.09	-6.11	0.0	0.5306134802226125
31	3	2021	-16.05	7.12	0.0	1.156594801891052
1	4	2021	-2.83	15.33	0.0	1.7818575642585266
2	4	2021	0.11	12.57	0.0	1.6410559835037783
3	4	2021	-1.37	13.87	0.0	1.7248922118132144
4	4	2021	-1.12	18.01	0.0	1.963088467583603
5	4	2021	-2.92	12.26	0.0	1.6256071814500808
6	4	2021	-3.09	16.63	0.0	1.867663308925518
7	4	2021	-0.99	20.94	0.0	2.13148737737185
8	4	2021	2.28	15.71	1.02	1.835032433615636
9	4	2021	-5.61	11.44	0.0	1.561068795486097
10	4	2021	-0.85	13.71	0.0	1.7219730499925503
11	4	2021	-2.26	3.7	3.62	0.6313877111951918
12	4	2021	-3.86	2.13	1.88	0.6824884793372544
13	4	2021	-3.56	2.25	0.0	0.6486285641102578
14	4	2021	-3.22	6.62	0.0	1.2674891078229833
15	4	2021	-2.88	12.41	0.0	1.6246148093288464
16	4	2021	-5.01	14.26	0.0	1.7108777711542114
17	4	2021	-0.86	20.1	0.0	2.088732232212633
18	4	2021	-4.23	6.51	0.0	1.2802171354856968
19	4	2021	-7.3	4.93	0.0	1.201153825831444
20	4	2021	-8.91	9.2	0.0	1.4144838195360752
21	4	2021	-3.94	17.77	0.0	1.936334645696992
22	4	2021	-4.73	7.47	0.0	1.3452951526052508
23	4	2021	-12.1	4.86	0.0	1.171117766436231
24	4	2021	-10.01	7.45	0.0	1.3203610827156544
25	4	2021	-5.86	11.25	0.0	1.5670657691290175
26	4	2021	-3.74	14.58	0.0	1.7801411956406428
27	4	2021	-3.96	14.33	0.0	1.7686913236070394
28	4	2021	-2.28	14.68	0.0	1.805976429891161
29	4	2021	-3.07	11.4	0.0	1.5986668425939357
30	4	2021	1.76	26.24	0.0	2.537035951432989
1	5	2021	5.49	20.49	0.0	2.1938845169016257
2	5	2021	1.11	13.64	0.0	1.739683051352373
3	5	2021	-4.84	9.87	0.0	1.5181812044056622
4	5	2021	-5.78	14.07	0.0	1.7606069735934484
5	5	2021	-3.48	16.74	0.0	1.9456058004253236
6	5	2021	-0.46	16.94	0.0	1.9889963143213865
7	5	2021	-0.81	17.07	0.9	2.0030018085313515
8	5	2021	2.57	14.47	0.0	1.805291929866026
9	5	2021	-4.19	15.57	0.0	1.8885093129234736
10	5	2021	-2.78	18.25	0.0	2.065425669872709
11	5	2021	0.54	20.22	0.0	2.2186012830794635
12	5	2021	2.35	20.71	0.0	2.2550516433139527
13	5	2021	1.83	21.82	0.0	2.3231166111314794
14	5	2021	3.04	22.76	1.08	2.38890544774229
15	5	2021	3.26	23.94	0.0	2.46950668814168
16	5	2021	8.5	27.02	0.0	2.675109624373096
17	5	2021	7.33	32.18	0.0	3.0218834174342595
18	5	2021	12.17	29.12	0.0	2.781548783588221
19	5	2021	2.2	13.57	0.0	1.7230951596023714
20	5	2021	-1.23	4.63	3.01	0.7697799000425875
21	5	2021	-1.95	4.84	0.0	1.06885403259408
22	5	2021	-0.29	10.28	0.0	1.5353253789035708
23	5	2021	6.28	15.64	16.88	1.7042141188325437
24	5	2021	8.62	11.69	21.9	0.3038590943116562
25	5	2021	2.03	9.14	1.44	0.8216124641367131
26	5	2021	-0.86	13.06	0.0	1.5943724003162123
27	5	2021	1.13	18.59	0.47	2.112110864974077
28	5	2021	6.66	22.08	0.0	2.3274071614473857
29	5	2021	6.83	20.76	0.0	2.1607606806222126
30	5	2021	2.66	22.43	0.0	2.458199955450115
31	5	2021	7.94	26.79	0.0	2.7633456385641346
1	6	2021	9.21	26.52	0.0	2.7293391897172405
2	6	2021	12.27	31.98	0.0	3.100000820927493
3	6	2021	13.81	35.24	0.0	3.3128120192071777
4	6	2021	15.77	29.24	0.0	2.7032159479427142
5	6	2021	11.66	28.18	0.0	2.831010335360471
6	6	2021	8.49	20.68	0.0	2.0656861368050925
7	6	2021	8.85	22.9	0.0	2.3575340487409484
8	6	2021	5.91	23.23	3.02	2.114554547112907
9	6	2021	12.08	19.5	11.37	1.0173010549041797
10	6	2021	13.54	21.91	13.87	1.153109234122112
11	6	2021	11.1	20.15	0.0	1.4501163500270684
12	6	2021	7.31	23.77	0.0	2.3451436160443717
13	6	2021	7.0	27.12	0.0	2.6827168775017913
14	6	2021	12.65	31.2	0.0	2.922508415968611
15	6	2021	16.27	32.86	0.0	2.924405869469328
16	6	2021	13.03	24.71	0.0	2.083390195979593
17	6	2021	7.47	23.76	0.0	2.374198777423676
18	6	2021	8.09	18.41	0.0	1.5993245951391
19	6	2021	7.18	20.32	0.77	1.9597555835638103
20	6	2021	6.16	18.16	0.0	1.720906912435784
21	6	2021	1.95	24.13	0.0	2.4672852714961704
22	6	2021	10.43	30.71	0.0	2.9254736629926312
23	6	2021	13.22	24.1	0.0	1.8520229247783708
24	6	2021	8.66	24.04	0.0	2.2896467793398374
25	6	2021	10.04	27.72	0.0	2.640465067205454
26	6	2021	13.48	28.7	0.91	2.556201344641396
27	6	2021	12.08	27.96	0.0	2.5496754409477074
28	6	2021	10.57	29.18	0.0	2.806572681286543
29	6	2021	12.94	32.74	0.0	3.07798171952182
30	6	2021	14.77	34.07	0.0	3.1380386842663857
1	7	2021	15.73	34.67	0.0	3.1516165784230212
2	7	2021	18.24	38.57	0.0	3.4227309761658384
3	7	2021	17.15	30.88	2.66	2.0563370055046457
4	7	2021	13.24	27.77	5.28	1.97675612236831
5	7	2021	13.6	23.7	0.0	1.6874261822887644
6	7	2021	10.79	20.56	0.0	1.506890265900173
7	7	2021	11.35	27.57	7.21	2.045755941942216
8	7	2021	13.43	27.73	0.0	2.3148006216380996
9	7	2021	12.64	30.63	0.0	2.707153161286226
10	7	2021	14.15	32.81	0.0	2.8430064152133023
11	7	2021	15.95	32.38	0.0	2.6909251418998408
12	7	2021	12.28	27.9	0.0	2.4096060274903666
13	7	2021	10.48	28.82	0.0	2.6201556378480513
14	7	2021	11.55	30.84	0.0	2.7775593860228276
15	7	2021	14.0	34.81	0.0	3.0571881455924155
16	7	2021	15.73	30.32	0.0	2.407403348692992
17	7	2021	16.73	34.6	0.0	2.873489963607294
18	7	2021	13.89	25.93	0.0	1.905535935957144
19	7	2021	13.95	20.56	0.0	0.8625113182957486
20	7	2021	15.78	27.91	0.0	2.0009237330483165
21	7	2021	15.02	30.52	0.0	2.486095395865769
22	7	2021	14.47	33.69	0.0	2.8862449601757727
23	7	2021	6.61	28.6	0.0	2.634099372916893
24	7	2021	10.4	28.98	0.0	2.549229468056778
25	7	2021	10.72	28.05	1.3	2.42501531917434
26	7	2021	11.69	27.92	1.56	2.328011015242462
27	7	2021	12.36	34.95	0.0	2.9814126572122004
28	7	2021	12.83	29.29	0.0	2.378004171833179
29	7	2021	12.75	33.48	0.0	2.8212031930782393
30	7	2021	12.58	31.02	0.0	2.5726153438191735
31	7	2021	12.02	31.2	0.0	2.609701734729841
1	8	2021	11.84	32.88	0.0	2.7673139724595086
2	8	2021	15.62	34.77	0.0	2.75929934355399
3	8	2021	18.82	28.35	0.0	1.4388905414090376
4	8	2021	14.06	27.62	0.0	1.9683486860877468
5	8	2021	10.92	30.24	0.0	2.4913636314775043
6	8	2021	15.27	32.9	0.0	2.521749669681501
7	8	2021	15.65	28.83	0.0	1.9311179704754144
8	8	2021	13.45	22.79	0.0	1.221300734199929
9	8	2021	11.22	20.41	0.0	1.1347778908308457
10	8	2021	9.93	21.77	3.66	1.1937510273398615
11	8	2021	10.78	25.57	0.0	1.916656736322616
12	8	2021	8.58	23.27	0.0	1.7927834494847894
13	8	2021	8.45	29.55	0.0	2.43748680901569
14	8	2021	15.14	36.92	0.0	2.8335028942513953
15	8	2021	15.51	32.57	0.0	2.3598283969767873
16	8	2021	14.81	26.66	0.0	1.6222885528319986
17	8	2021	10.16	19.6	0.0	1.0776488065989378
18	8	2021	9.86	17.81	2.89	0.729689580647514
19	8	2021	8.17	19.52	2.84	1.0038903600991098
20	8	2021	10.32	18.72	5.57	0.7776635791716661
21	8	2021	6.31	21.56	3.75	1.3257893376036731
22	8	2021	9.18	15.37	6.85	0.5624082196827935
23	8	2021	6.72	17.71	11.02	1.0394286729779263
24	8	2021	7.75	15.31	0.0	0.7688689662042291
25	8	2021	3.86	19.81	0.0	1.6746869084786644
26	8	2021	7.11	21.06	0.0	1.6402683965032057
27	8	2021	12.13	19.79	0.0	0.9085757752424098
28	8	2021	10.71	23.73	2.0	1.6992584715234114
29	8	2021	7.61	25.89	0.0	2.0685043985008624
30	8	2021	9.31	29.15	0.0	2.2771855530234646
31	8	2021	12.1	25.84	23.78	1.4479885562100498
1	9	2021	9.22	21.37	5.3	1.0790206624355303
2	9	2021	8.69	18.66	0.0	0.9895227108189424
3	9	2021	8.72	21.33	0.0	1.313757824042894
4	9	2021	5.85	22.62	0.0	1.6094175871023164
5	9	2021	7.11	29.14	0.0	2.0700047919111597
6	9	2021	9.86	22.13	2.16	1.080450030653931
7	9	2021	7.8	23.32	0.0	1.5309860901300654
8	9	2021	5.67	25.04	0.0	1.8020221411503363
9	9	2021	10.41	28.02	0.0	1.94050433029339
10	9	2021	8.41	21.59	0.0	1.385035139227932
11	9	2021	5.28	14.57	0.0	0.7983638161070497
12	9	2021	2.48	18.72	0.0	1.4060889787099695
13	9	2021	7.36	21.29	0.0	1.4043683004635583
14	9	2021	4.55	22.99	0.0	1.666288936447861
15	9	2021	7.52	19.18	0.0	1.1272838470439497
16	9	2021	3.91	14.97	0.0	0.9181610375874164
17	9	2021	-0.58	18.66	0.0	1.4135884932238385
18	9	2021	10.72	32.63	0.0	2.1419269258782196
19	9	2021	6.9	19.56	0.0	1.1331927441063931
20	9	2021	1.86	18.11	0.0	1.25864750081864
21	9	2021	2.61	22.12	0.0	1.5247811270803175
22	9	2021	5.7	26.96	0.0	1.7794885503679587
23	9	2021	3.99	17.03	0.0	0.9881225937221388
24	9	2021	-0.27	18.73	0.0	1.2997586092869875
25	9	2021	7.26	25.78	0.0	1.5822924601630022
26	9	2021	3.69	24.6	0.0	1.5880535204729955
27	9	2021	8.84	29.55	0.0	1.7750835546956178
28	9	2021	6.11	28.94	0.0	1.79733747461474
29	9	2021	6.5	21.08	0.0	1.124653232371856
30	9	2021	1.55	23.97	0.0	1.5291200522795425
1	10	2021	5.7	23.66	0.0	1.3571610769381452
2	10	2021	0.72	21.03	0.0	1.324153317108107
3	10	2021	5.08	23.35	0.0	1.3594910650481216
4	10	2021	1.74	20.11	0.0	1.2190213128413103
5	10	2021	4.72	23.15	0.0	1.3303464947085348
6	10	2021	5.51	27.15	0.0	1.6272893862713795
7	10	2021	3.32	14.5	0.0	0.7430333263401266
8	10	2021	1.78	16.76	0.0	0.946470521504082
9	10	2021	-0.77	19.73	0.0	1.2333508436549376
10	10	2021	-1.06	18.37	0.0	1.1346649397166757
11	10	2021	-1.44	8.66	0.0	0.5601178333457523
12	10	2021	-6.28	8.78	0.0	0.7023752981857092
13	10	2021	-3.42	5.4	4.18	0.4196706657651744
14	10	2021	-0.9	5.62	2.4	0.3380657694611461
15	10	2021	-3.12	13.52	0.0	0.8657382020641472
16	10	2021	-0.93	17.74	0.0	1.0380867389213655
17	10	2021	2.19	23.61	0.0	1.287856638576571
18	10	2021	1.43	13.56	0.0	0.7214212565069504
19	10	2021	-5.69	7.09	0.0	0.5862241729017879
20	10	2021	-7.73	7.59	0.0	0.6494131740185689
21	10	2021	-4.94	9.1	0.0	0.6610681993743713
22	10	2021	-5.56	9.06	0.0	0.6711246109952516
23	10	2021	-2.07	6.96	1.23	0.4632235154145724
24	10	2021	2.04	5.61	0.0	0.2108455228028597
25	10	2021	3.67	9.06	2.45	0.3171824567929797
26	10	2021	1.97	9.64	2.68	0.4284790496911327
27	10	2021	-0.32	12.83	0.0	0.7207187811553811
28	10	2021	-2.38	11.06	0.0	0.6846926353408728
29	10	2021	-0.35	8.69	2.14	0.4647762543322102
30	10	2021	-4.56	4.88	0.0	0.4367314614698622
31	10	2021	-7.57	4.0	0.0	0.47392097895511
1	11	2021	-9.0	2.16	0.0	0.4274221174251161
2	11	2021	-9.94	6.45	0.0	0.6107507702255778
3	11	2021	-8.73	9.45	0.0	0.7144157500589771
4	11	2021	-2.81	14.43	0.0	0.844317034627885
5	11	2021	1.55	14.05	0.0	0.7095053967513497
6	11	2021	-3.41	10.01	0.0	0.6393376299747555
7	11	2021	-6.25	9.81	0.0	0.6844295945125121
8	11	2021	-6.47	8.77	0.0	0.6411432537099211
9	11	2021	-9.7	8.01	0.0	0.6521846251617196
10	11	2021	-2.27	3.38	2.1	0.2591581942690089
11	11	2021	-6.68	-2.23	0.0	0.1759592478316174
12	11	2021	-9.1	-4.37	0.0	0.165937363276506
13	11	2021	-10.14	3.4	0.0	0.4755059474677269
14	11	2021	-6.8	0.93	1.17	0.3133170315139705
15	11	2021	-1.44	3.86	1.29	0.2605133092812361
16	11	2021	-3.99	5.71	6.22	0.4196065404220658
17	11	2021	-11.09	-4.68	0.0	0.2051376566825201
18	11	2021	-14.06	-1.92	0.0	0.3456299603300951
19	11	2021	-10.85	-2.11	0.0	0.2867087559731364
20	11	2021	-11.01	0.39	0.0	0.3755506345536308
21	11	2021	-17.73	-3.78	0.0	0.3268043607353376
22	11	2021	-7.61	4.09	0.0	0.4480761643150908
23	11	2021	-10.04	3.15	0.0	0.4530023493973601
24	11	2021	-16.5	-8.86	0.0	0.1793175231114907
25	11	2021	-12.16	0.79	0.0	0.3985457380599744
26	11	2021	-4.23	5.73	0.0	0.4313657025350112
27	11	2021	-7.58	2.29	0.0	0.3697762659156173
28	11	2021	-6.03	3.03	0.0	0.3607326661795033
29	11	2021	-4.53	5.25	1.69	0.414623744750722
30	11	2021	-6.86	4.25	0.0	0.4282195237579064
1	12	2021	-1.64	6.28	0.0	0.3735997759172358
2	12	2021	-4.77	1.65	1.54	0.2658256568140491
3	12	2021	-9.02	-2.0	0.0	0.2402908550160571
4	12	2021	-12.36	-3.57	1.38	0.2620592885465957
5	12	2021	-22.42	-9.34	0.94	0.226217329227254
6	12	2021	-25.01	-13.87	0.0	0.1590069063611483
7	12	2021	-21.33	-10.3	0.0	0.1996974293915911
8	12	2021	-16.4	2.15	1.5	0.4722122844440136
9	12	2021	-12.38	-1.82	0.0	0.3156897085331516
10	12	2021	-14.59	-3.93	0.0	0.2834714099678591
11	12	2021	-10.84	3.67	0.0	0.4737754099216741
12	12	2021	-9.37	1.02	0.0	0.3565948161063635
13	12	2021	-14.18	-3.79	0.0	0.2801281903056907
14	12	2021	-8.97	-2.23	0.22	0.2308506764530043
15	12	2021	-21.53	-10.97	0.0	0.1855805305860659
16	12	2021	-25.2	-17.95	0.15	0.0956155861421609
17	12	2021	-26.32	-17.9	0.67	0.1044159734204379
18	12	2021	-28.44	-10.58	0.0	0.217138843221429
19	12	2021	-19.8	-10.65	0.0	0.1757375901512069
20	12	2021	-21.58	-12.33	0.0	0.1590185163069488
21	12	2021	-19.11	-8.25	0.0	0.2216809143943757
22	12	2021	-14.39	-7.58	2.45	0.1697245565796791
23	12	2021	-15.48	-2.47	1.87	0.3324753932252494
24	12	2021	-25.42	-14.61	0.73	0.147603648159088
25	12	2021	-29.94	-22.79	2.94	0.064572452160057
26	12	2021	-28.75	-23.95	7.13	0.0454276737312447
27	12	2021	-34.69	-25.65	1.2	0.0607350972313556
28	12	2021	-36.95	-27.27	0.0	0.0548255517992302
29	12	2021	-35.88	-26.38	0.0	0.0585439835370159
30	12	2021	-37.85	-28.17	0.0	0.0509092650346483
31	12	2021	-36.3	-28.13	0.0	0.0475339885403742
1	1	2022	-35.09	-23.34	0.0	0.079295261859845
2	1	2022	-26.91	-1.84	0.0	0.3725268408259537
3	1	2022	-17.37	-5.74	4.83	0.2559255533122797
4	1	2022	-23.17	-13.11	2.13	0.1524976893107421
5	1	2022	-32.21	-20.02	0.0	0.1043836293252362
6	1	2022	-35.22	-26.09	0.0	0.0584066126021202
7	1	2022	-25.18	-7.43	1.63	0.270539075826247
8	1	2022	-24.36	-14.19	0.0	0.1484944203487673
9	1	2022	-29.3	-17.72	0.0	0.1226890747923138
10	1	2022	-22.44	-1.0	0.0	0.4053374078381495
11	1	2022	-12.9	3.19	0.0	0.4864971776353814
12	1	2022	-2.44	4.95	0.0	0.3403106745655384
13	1	2022	-5.76	3.81	3.29	0.3750460860989116
14	1	2022	-6.51	0.96	0.0	0.2916968171356275
15	1	2022	-4.93	4.42	0.0	0.3961544507959538
16	1	2022	-4.75	4.12	0.0	0.3791596507745665
17	1	2022	-6.04	3.96	1.01	0.4082562749381589
18	1	2022	-19.62	1.81	0.0	0.4841021417092785
19	1	2022	-26.94	-15.9	0.0	0.1408885214337724
20	1	2022	-23.93	-2.4	1.96	0.3823311881461187
21	1	2022	-10.4	2.39	1.53	0.441027893154076
22	1	2022	-8.31	4.22	1.68	0.4765671027674247
23	1	2022	-8.61	4.7	0.0	0.5024876652654351
24	1	2022	-12.11	0.53	0.0	0.405679805918914
25	1	2022	-22.77	-4.98	0.0	0.3313867454466384
26	1	2022	-10.72	1.87	0.0	0.4352867620541021
27	1	2022	-7.92	1.13	0.0	0.3511902777118363
28	1	2022	-11.88	0.56	0.0	0.4092290687569605
29	1	2022	-9.38	1.99	0.0	0.4214299604268504
30	1	2022	-5.26	4.79	0.0	0.4457914050476762
31	1	2022	-12.57	3.07	3.34	0.4884262343648224
1	2	2022	-26.35	-18.53	0.26	0.1050552651001374
2	2	2022	-33.37	-24.38	0.0	0.0734237992680408
3	2	2022	-31.95	-20.57	0.0	0.1086135593766208
4	2	2022	-32.88	-10.14	5.27	0.2293862886473268
5	2	2022	-17.27	-9.45	0.16	0.1930268719149687
6	2	2022	-19.29	0.47	0.0	0.4826648465188285
7	2	2022	-6.08	4.65	0.0	0.4814169935174388
8	2	2022	-4.3	3.04	0.0	0.3527431267991625
9	2	2022	-8.33	2.49	0.87	0.4477751318814554
10	2	2022	-9.98	5.12	0.59	0.5898431633886883
11	2	2022	-19.45	-13.44	0.0	0.1320275866097326
12	2	2022	-17.94	-8.33	0.0	0.2435695690999291
13	2	2022	-16.88	1.52	0.0	0.5261350768205582
14	2	2022	-19.27	-10.19	0.93	0.2128750742999935
15	2	2022	-15.56	-7.46	1.79	0.2351862808573094
16	2	2022	-25.63	-16.07	0.11	0.1509920977049368
17	2	2022	-28.01	-6.44	0.0	0.3344288546523848
18	2	2022	-21.69	-8.4	0.0	0.2867320396627215
19	2	2022	-18.75	3.21	2.24	0.5624973993863718
20	2	2022	-22.99	-16.51	0.0	0.1202833653001365
21	2	2022	-28.52	-20.27	0.0	0.1078243940217003
22	2	2022	-31.66	-20.65	0.0	0.1198606121307213
23	2	2022	-30.26	-18.73	0.0	0.1413886365564506
24	2	2022	-27.66	-16.99	0.0	0.1578629849922687
25	2	2022	-27.22	-8.57	0.0	0.3103590492644169
26	2	2022	-13.66	-2.94	0.0	0.3814069917017687
27	2	2022	-12.21	-7.45	0.0	0.1762566146078608
28	2	2022	-13.15	-7.53	0.0	0.201454660967577
1	3	2022	-11.69	-7.06	0.0	0.1802611305785835
2	3	2022	-18.42	-9.5	0.0	0.2502480462426664
3	3	2022	-19.74	-10.24	5.25	0.2265619490940811
4	3	2022	-11.99	-8.31	4.86	0.1306520306317926
5	3	2022	-15.99	-9.72	0.38	0.2041153145543168
6	3	2022	-18.36	-4.62	0.0	0.4132883252795085
7	3	2022	-15.42	1.75	0.63	0.6138134675053152
8	3	2022	-17.85	-8.5	0.86	0.2891883673191558
9	3	2022	-24.09	-15.13	0.62	0.1876984850993835
10	3	2022	-23.73	-13.11	0.0	0.2323444782091716
11	3	2022	-30.26	-11.11	0.0	0.2864027314152155
12	3	2022	-16.89	2.95	0.0	0.6947292282104228
13	3	2022	-12.72	-2.94	0.0	0.4130283480664048
14	3	2022	-11.44	-0.78	0.0	0.4845994692052043
15	3	2022	-7.4	3.43	0.0	0.626407996594268
16	3	2022	-4.86	3.6	0.0	0.5295030616020306
17	3	2022	-6.91	4.61	0.0	0.7151636619558791
18	3	2022	-3.03	5.29	0.0	0.5812909956219785
19	3	2022	-4.62	5.57	0.0	0.7338426474671556
20	3	2022	-2.44	3.73	0.0	0.4441314129041812
21	3	2022	-0.74	5.11	0.0	0.4607860435197723
22	3	2022	-2.93	6.81	0.0	0.8336766251083635
23	3	2022	-2.5	10.98	0.0	1.197930190897049
24	3	2022	-0.83	6.03	1.27	0.5999139452653736
25	3	2022	-7.78	-0.38	0.0	0.4603128349396803
26	3	2022	-10.29	-3.77	0.0	0.3513970469273216
27	3	2022	-8.25	6.14	0.0	1.0319702030649658
28	3	2022	-2.56	6.09	0.0	0.9279400457359124
29	3	2022	-5.99	1.14	0.0	0.6170340839665764
30	3	2022	-8.1	7.92	0.0	1.2422856906525652
31	3	2022	-1.96	5.7	2.38	0.6601105672802131
1	4	2022	-3.94	4.23	0.0	0.8215229061601309
2	4	2022	-7.06	5.67	0.0	1.092160567009646
3	4	2022	-3.32	10.81	0.0	1.4482142260482875
4	4	2022	-0.98	14.79	0.0	1.8007944114946697
5	4	2022	-0.23	8.14	2.08	0.8859423358104664
6	4	2022	-1.75	6.85	0.65	1.0752356972952668
7	4	2022	-3.18	10.44	0.0	1.502518783865965
8	4	2022	-2.06	17.28	0.0	1.981411508961389
9	4	2022	0.16	12.36	0.0	1.640078192855537
10	4	2022	-3.77	5.86	0.0	1.1159299439099213
11	4	2022	-8.35	-2.47	0.0	0.4692846528128572
12	4	2022	-9.96	-5.3	0.0	0.2872481747541911
13	4	2022	-9.46	-4.66	0.0	0.3270416068847534
14	4	2022	-8.55	-3.57	1.16	0.4106144186294207
15	4	2022	-9.94	-1.95	0.0	0.6988270283656546
16	4	2022	-9.41	1.43	0.0	0.9966481858065508
17	4	2022	-7.91	3.76	0.0	1.1676394685075464
18	4	2022	-7.76	8.52	0.0	1.5072263178166982
19	4	2022	-2.42	3.78	2.06	0.6652856638839457
20	4	2022	-4.71	1.53	1.77	0.7521534059999622
21	4	2022	-8.8	5.66	0.0	1.3264120762328966
22	4	2022	-1.74	3.65	0.95	0.7964578070469502
23	4	2022	0.18	9.32	2.3	1.245880588035985
24	4	2022	-2.39	10.53	0.0	1.7046604215282062
25	4	2022	-3.24	9.78	0.0	1.6545748386471584
26	4	2022	-2.9	13.25	0.0	1.8722294046278307
27	4	2022	0.48	14.81	0.0	1.998634693719263
28	4	2022	0.86	18.03	0.0	2.204807859371453
29	4	2022	0.79	16.72	0.0	2.1273542487050108
30	4	2022	1.69	17.44	0.0	2.1786355653577867
1	5	2022	0.41	14.34	0.0	1.9651917140734816
2	5	2022	-0.62	18.16	0.0	2.2016958286496973
3	5	2022	3.69	20.04	0.0	2.363837999022418
4	5	2022	0.64	23.7	0.0	2.5434388929752663
5	5	2022	8.59	27.39	0.0	2.8607249812736906
6	5	2022	9.62	22.76	2.2	2.2884746284230935
7	5	2022	5.92	15.0	5.35	1.503654920775501
8	5	2022	2.95	15.05	0.0	1.932717092806632
9	5	2022	0.07	16.15	0.0	2.020828230001812
10	5	2022	3.39	13.43	3.11	1.41769037666352
11	5	2022	-0.13	18.96	0.0	2.192743335226034
12	5	2022	3.06	20.69	0.0	2.3262347133500216
13	5	2022	4.37	11.47	16.15	0.9476176936751812
14	5	2022	2.84	16.47	0.0	1.8900454407889065
15	5	2022	2.82	20.17	0.0	2.258991329489217
16	5	2022	4.02	19.33	0.0	2.1657948490965553
17	5	2022	6.81	19.32	4.31	1.6811821656730794
18	5	2022	7.33	15.7	1.63	1.3927653938318516
19	5	2022	1.32	11.02	4.04	0.986988847104971
20	5	2022	1.12	7.7	0.0	0.7275800151098408
21	5	2022	-0.78	14.42	0.0	1.7695235877454385
22	5	2022	1.48	16.99	0.0	1.9618873563232997
23	5	2022	2.23	22.57	0.0	2.4466120586201683
24	5	2022	4.86	24.44	0.0	2.5956749087696984
25	5	2022	6.31	24.28	0.0	2.563641831965674
26	5	2022	6.07	24.06	0.0	2.5502794741309347
27	5	2022	7.11	22.13	0.0	2.315690735245489
28	5	2022	8.71	23.45	0.0	2.404291027976657
29	5	2022	9.63	18.98	0.0	1.64507267202232
30	5	2022	7.8	17.32	0.0	1.592220094397739
31	5	2022	4.06	18.71	0.0	2.091021939620658
1	6	2022	2.52	19.38	0.0	2.2126308793857863
2	6	2022	4.84	21.27	0.0	2.407167574109702
3	6	2022	2.48	22.93	0.0	2.521222567938544
4	6	2022	3.68	24.57	0.0	2.638556889534025
5	6	2022	6.12	20.15	0.0	2.309603203876105
6	6	2022	5.31	21.04	0.0	2.3891458102443153
7	6	2022	7.75	21.45	0.0	2.3831751886945636
8	6	2022	7.42	24.59	0.0	2.644148995430878
9	6	2022	11.08	23.59	3.85	2.054274813025783
10	6	2022	10.06	24.74	3.06	2.223435280835925
11	6	2022	8.34	23.97	0.0	2.5922271914810753
12	6	2022	8.44	24.37	13.32	2.211623055113382
13	6	2022	11.21	21.79	5.78	1.4990050192900872
14	6	2022	7.77	18.6	0.0	1.706567830264066
15	6	2022	5.62	17.01	3.74	1.3315564909140616
16	6	2022	10.34	21.1	0.0	1.8165699644520752
17	6	2022	10.63	28.71	0.0	2.8077686775908712
18	6	2022	17.71	32.14	0.0	2.767756970930386
19	6	2022	15.85	21.37	4.05	0.6489209756655547
20	6	2022	14.62	20.92	6.22	0.7292029764078578
21	6	2022	11.6	22.28	2.17	1.3827165077870955
22	6	2022	10.64	28.17	2.88	2.1842524118555646
23	6	2022	10.77	26.13	6.62	1.955851190544947
24	6	2022	8.95	18.47	1.72	1.3999072381250672
25	6	2022	8.77	21.14	3.27	1.4686018913809302
26	6	2022	9.06	24.79	0.0	2.2850396806929125
27	6	2022	10.11	22.83	0.0	1.954247795499187
28	6	2022	8.79	22.35	1.22	1.9886957712108029
29	6	2022	12.34	25.4	1.02	2.0892970491967735
30	6	2022	9.82	22.71	0.0	1.9464860673484936
1	7	2022	7.74	23.21	0.0	2.161908501600211
2	7	2022	9.82	21.99	0.0	1.848097645982457
3	7	2022	10.47	23.45	0.0	2.016973148137718
4	7	2022	12.67	19.53	0.0	1.0255471386168578
5	7	2022	11.67	17.74	3.27	0.694980053216773
6	7	2022	12.6	24.17	0.0	1.9603656265236176
7	7	2022	11.5	23.32	4.35	1.530200973207556
8	7	2022	16.31	30.9	3.37	2.030972866675095
9	7	2022	16.66	29.3	3.63	1.765446733112794
10	7	2022	14.01	24.85	5.16	1.4092051476989855
11	7	2022	11.39	26.88	0.0	2.310263297327886
12	7	2022	11.1	29.53	0.0	2.5859921083212507
13	7	2022	15.72	32.6	3.25	2.1457823337825612
14	7	2022	14.77	27.76	2.1	1.6544572567689688
15	7	2022	15.93	32.98	0.0	2.621316914321703
16	7	2022	14.99	34.98	0.0	2.8467835706932547
17	7	2022	16.2	30.37	0.0	2.260879401500861
18	7	2022	14.62	28.95	19.79	1.7663119329948411
19	7	2022	15.75	28.35	5.28	1.4779636908695204
20	7	2022	12.81	24.59	3.72	1.2818745155923166
21	7	2022	11.09	27.82	0.0	2.1553801832613093
22	7	2022	11.5	24.51	0.0	1.7245547498127456
23	7	2022	8.94	21.32	0.0	1.5439577411576535
24	7	2022	7.66	27.25	0.0	2.2488441525123477
25	7	2022	13.72	20.65	1.64	0.893440356130543
26	7	2022	10.5	23.8	0.0	1.7000646632120937
27	7	2022	8.01	24.92	0.0	1.9882420750347325
28	7	2022	7.85	27.06	0.0	2.1861091887422948
29	7	2022	12.53	32.9	0.0	2.503847284058988
30	7	2022	14.81	24.78	2.91	1.1032218713278397
31	7	2022	13.77	26.68	3.61	1.369185451547527
1	8	2022	14.3	25.73	0.0	1.4723945976667732
2	8	2022	13.41	24.36	0.0	1.369373340512688
3	8	2022	8.69	24.83	0.0	1.8410955909782212
4	8	2022	11.38	33.03	0.0	2.45812190134412
5	8	2022	8.96	18.68	0.0	1.0610862617666337
6	8	2022	5.15	22.69	0.0	1.787352249676881
7	8	2022	11.51	29.63	0.0	2.1301038467095106
8	8	2022	10.94	32.84	0.0	2.431335083717121
9	8	2022	9.54	25.44	0.0	1.7853338530768943
10	8	2022	9.36	24.96	0.0	1.733511117245042
11	8	2022	14.83	24.83	0.0	1.1811742343957794
12	8	2022	11.41	31.05	0.0	2.2955599242703877
13	8	2022	15.37	32.27	2.97	1.7601962727244145
14	8	2022	15.49	30.07	0.0	1.8549997932273583
15	8	2022	12.71	28.99	0.0	1.958732441759056
16	8	2022	13.66	33.4	0.0	2.3526072268009317
17	8	2022	15.78	29.0	0.0	1.6744610744229935
18	8	2022	12.53	29.18	0.0	1.994462959608209
19	8	2022	10.74	29.12	0.0	2.077623759924281
20	8	2022	14.26	31.61	0.0	2.0995717872461817
21	8	2022	12.5	33.93	0.0	2.398131137285857
22	8	2022	16.2	26.29	0.0	1.1480227422067604
23	8	2022	13.63	26.42	0.0	1.4853587860902304
24	8	2022	10.44	26.77	0.0	1.7781220043730808
25	8	2022	10.4	28.7	0.0	1.9594837357122237
26	8	2022	12.25	28.72	11.3	1.5041891296262404
27	8	2022	13.93	30.44	0.0	1.8275164126096417
28	8	2022	12.62	21.24	0.0	0.910428749153956
29	8	2022	9.11	26.98	0.0	1.770242004708089
30	8	2022	10.37	31.63	0.0	2.1043929307381997
31	8	2022	13.16	34.86	0.0	2.2252899915786437
1	9	2022	14.19	32.37	0.0	1.912558557724486
2	9	2022	6.23	26.14	0.0	1.753792937432629
3	9	2022	11.13	35.36	0.0	2.2940660001560516
4	9	2022	14.88	33.57	0.0	1.922896267914539
5	9	2022	12.22	31.58	0.0	1.8881187912554211
6	9	2022	8.49	24.77	0.0	1.4464081458638085
7	9	2022	9.38	34.35	0.0	2.208777147018869
8	9	2022	6.99	19.65	0.0	1.0803545282090892
9	9	2022	3.26	17.01	0.0	1.0572549550781518
10	9	2022	2.09	22.56	0.0	1.5201768937124658
11	9	2022	7.98	31.68	0.0	2.06785910792641
12	9	2022	8.33	22.82	0.0	1.267466812387594
13	9	2022	7.49	15.4	1.46	0.6687007551078218
14	9	2022	7.31	14.7	2.68	0.5668638298697658
15	9	2022	5.6	16.9	0.0	0.9069226388208752
16	9	2022	9.5	19.78	0.0	0.9059394125641494
17	9	2022	7.13	22.16	0.0	1.2440064968688027
18	9	2022	5.83	22.12	0.0	1.322880342061522
19	9	2022	8.14	17.42	2.17	0.7186108251255198
20	9	2022	4.96	13.69	0.0	0.6802530303138085
21	9	2022	0.25	16.8	0.0	1.130116112274213
22	9	2022	1.45	19.31	0.0	1.2974808213406728
23	9	2022	5.32	18.61	0.0	1.038024772354727
24	9	2022	5.81	21.42	0.0	1.2892382940539306
25	9	2022	2.41	21.39	0.0	1.4130141873167203
26	9	2022	6.4	22.6	0.0	1.3342455769294437
27	9	2022	4.97	24.53	0.0	1.543055556011684
28	9	2022	8.19	29.51	0.0	1.8043599919560769
29	9	2022	7.04	29.65	0.0	1.8323078947305411
30	9	2022	10.54	22.84	0.0	1.0268779653643227
1	10	2022	7.33	20.2	0.0	0.9949527905474296
2	10	2022	4.53	19.66	0.0	1.1011277691701953
3	10	2022	6.32	22.31	0.0	1.232732929476735
4	10	2022	6.79	25.59	0.0	1.4878351173534086
5	10	2022	2.44	11.78	0.0	0.6256436253874849
6	10	2022	-5.49	9.7	0.0	0.7696778648720276
7	10	2022	-2.98	19.63	0.0	1.3170501276884192
8	10	2022	3.23	22.54	0.0	1.3916164709317838
9	10	2022	2.81	21.76	0.0	1.3624743345234664
10	10	2022	2.74	25.12	0.0	1.579988230003848
11	10	2022	4.5	15.42	0.0	0.7536973426063118
12	10	2022	2.52	11.03	0.0	0.5511878214240721
13	10	2022	0.03	13.46	0.0	0.8117223359072334
14	10	2022	-3.0	14.41	1.61	0.972537800679959
15	10	2022	-2.43	8.92	0.0	0.6091358718687003
16	10	2022	-4.72	7.67	0.0	0.6070092689755161
17	10	2022	-2.67	16.02	0.0	1.164738223565129
18	10	2022	-0.04	21.29	0.0	1.5153911052381168
19	10	2022	2.15	20.97	0.0	1.501460450142565
20	10	2022	2.92	15.38	0.0	0.9839595185309288
21	10	2022	0.3	11.97	0.0	0.7956195924709532
22	10	2022	-4.13	11.2	1.43	0.8983340857567437
23	10	2022	-0.71	3.6	10.98	0.2181500542991515
24	10	2022	-2.25	0.78	0.23	0.1530254998389693
25	10	2022	-2.95	3.17	0.0	0.301421373262937
26	10	2022	-4.35	5.79	0.0	0.479852369186789
27	10	2022	-0.65	9.47	0.0	0.549403459082359
28	10	2022	-0.2	9.62	0.0	0.5412091613690395
29	10	2022	-2.19	12.67	0.0	0.8193234369688063
30	10	2022	-1.18	14.14	0.0	0.9105978596985956
31	10	2022	-0.9	8.64	0.0	0.5063414652119838
1	11	2022	-0.28	8.52	0.0	0.4757685342436163
2	11	2022	-2.51	1.55	0.0	0.1982203622980198
3	11	2022	-7.65	-2.06	0.0	0.2193171398461215
4	11	2022	-9.3	3.61	3.19	0.4710966926848134
5	11	2022	-5.31	3.07	10.21	0.3569275654864248
6	11	2022	-12.25	-5.49	0.0	0.2164766932953699
7	11	2022	-15.29	-6.71	3.79	0.2241720216710238
8	11	2022	-17.89	-5.97	0.0	0.2914082618748855
9	11	2022	-23.21	-14.92	0.0	0.1403271501819208
10	11	2022	-24.2	-14.52	0.0	0.1551623244826535
11	11	2022	-21.62	-11.04	0.0	0.2018073025766766
12	11	2022	-21.28	-10.7	0.92	0.2053951873264827
13	11	2022	-14.25	-6.97	0.26	0.2075979538102885
14	11	2022	-12.55	-6.16	0.94	0.197732321016202
15	11	2022	-12.98	-4.08	0.0	0.2732344011474449
16	11	2022	-10.75	-2.77	0.36	0.273350130552574
17	11	2022	-16.16	-10.02	0.0	0.1549555488638853
18	11	2022	-15.82	-6.63	0.0	0.2424378770156507
19	11	2022	-13.0	-4.46	0.0	0.2612691025598684
20	11	2022	-12.17	0.36	0.0	0.4036534189029487
21	11	2022	-12.22	1.04	0.99	0.4253271598596052
22	11	2022	-6.52	1.61	0.0	0.3352853052828772
23	11	2022	-5.52	1.85	0.0	0.3159650519989163
24	11	2022	-7.04	3.02	0.0	0.4028719745045821
25	11	2022	-0.98	6.47	0.0	0.3793963112941934
26	11	2022	-4.63	2.5	0.0	0.3133409777185303
27	11	2022	-5.11	2.38	1.58	0.3219976275830662
28	11	2022	-10.33	-4.91	3.45	0.1725363411009126
29	11	2022	-16.62	-10.08	0.53	0.1559288473325212
30	11	2022	-21.57	-14.53	0.83	0.1238640125921202
1	12	2022	-23.36	-14.93	1.05	0.1337065141597034
2	12	2022	-29.61	-21.85	0.0	0.0780616835542255
3	12	2022	-24.72	-11.51	0.0	0.199248063694339
4	12	2022	-15.87	-3.71	0.0	0.3098449166559908
5	12	2022	-24.9	-14.33	0.0	0.1527538659950195
6	12	2022	-33.53	-22.05	0.69	0.0895285672048906
7	12	2022	-34.61	-9.66	0.0	0.2204985519766024
8	12	2022	-16.34	-6.52	0.0	0.2376081995356019
9	12	2022	-12.05	-3.05	0.0	0.2721145114094818
10	12	2022	-17.61	-7.04	0.0	0.2381843550114817
11	12	2022	-10.72	-4.59	0.0	0.1946646419834402
12	12	2022	-11.97	-6.71	2.68	0.1495800574871551
13	12	2022	-15.07	-11.36	0.0	0.0907785798325708
14	12	2022	-16.86	-8.73	0.0	0.187237133817044
15	12	2022	-16.77	-10.59	0.0	0.1405877602313615
16	12	2022	-21.02	-14.14	0.29	0.1211359837985092
17	12	2022	-21.21	-15.28	0.0	0.1018835761775952
18	12	2022	-25.9	-20.53	1.18	0.0664994571623732
19	12	2022	-30.16	-23.31	1.93	0.0636630570123096
20	12	2022	-35.02	-27.79	0.66	0.0462026231855726
21	12	2022	-33.01	-26.97	0.56	0.044428628415728
22	12	2022	-31.21	-24.57	0.0	0.0569301705407049
23	12	2022	-34.92	-21.87	0.0	0.0925800937494897
24	12	2022	-25.11	-13.1	4.42	0.1658537434660175
25	12	2022	-16.89	-10.29	2.89	0.1445030672876812
26	12	2022	-15.36	-1.85	0.0	0.3519283702576374
27	12	2022	-11.96	-4.4	8.61	0.2199949673478749
28	12	2022	-16.86	-10.39	2.59	0.1419479408467562
29	12	2022	-15.84	-10.7	0.0	0.1232056332682712
30	12	2022	-17.42	-9.25	0.0	0.183579845247474
31	12	2022	-19.49	-11.73	0.0	0.1536044801584823
1	1	2023	-20.39	-7.73	0.0	0.2439581821650466
2	1	2023	-15.9	-5.94	0.0	0.2450448701478859
3	1	2023	-15.61	-6.3	0.0	0.2325283732696725
4	1	2023	-18.81	-9.57	0.0	0.1916624214739875
5	1	2023	-19.58	-10.91	0.0	0.171169671142243
6	1	2023	-17.46	-7.31	0.0	0.2305256773485524
7	1	2023	-14.34	-4.53	0.0	0.2648020876843574
8	1	2023	-15.22	-5.8	0.0	0.2426345261562591
9	1	2023	-14.76	-5.29	0.0	0.2508596963799125
10	1	2023	-16.62	-9.99	0.0	0.1552624772259337
11	1	2023	-14.8	-9.44	0.0	0.1383502625874171
12	1	2023	-14.73	-8.07	0.0	0.1748730976580997
13	1	2023	-13.56	-4.55	0.0	0.2564189896639017
14	1	2023	-12.49	-5.8	0.0	0.2001626107053113
15	1	2023	-9.56	-7.2	0.0	0.0798644843639978
16	1	2023	-9.84	-7.34	0.0	0.0837112322299297
17	1	2023	-11.4	-8.15	0.0	0.1011364745608598
18	1	2023	-8.82	-4.04	0.0	0.1729567466062641
19	1	2023	-9.07	-4.19	0.0	0.1751389587875336
20	1	2023	-14.42	-4.8	0.0	0.269271912446081
21	1	2023	-13.32	-2.34	0.0	0.328244608723458
22	1	2023	-8.36	1.16	0.0	0.3791320386664545
23	1	2023	-12.41	-1.75	0.45	0.3661337023377786
24	1	2023	-12.68	-3.89	0.0	0.2795494765743819
25	1	2023	-8.42	-1.56	1.82	0.2694742008041913
26	1	2023	-8.25	3.56	1.18	0.5825001752762891
27	1	2023	-20.22	-5.41	0.74	0.3306935613882853
28	1	2023	-24.95	-18.45	0.0	0.0978595804341523
29	1	2023	-26.63	-20.02	0.0	0.0890229937368104
30	1	2023	-27.34	-18.75	0.0	0.113081912260354
31	1	2023	-25.04	-14.77	0.49	0.1621348759919665
1	2	2023	-24.62	-12.99	0.66	0.1919332837932997
2	2	2023	-29.96	-18.32	0.0	0.1328528624854076
3	2	2023	-20.09	-3.96	0.0	0.4049198622406358
4	2	2023	-8.4	-1.39	0.0	0.3418722055064181
5	2	2023	-10.68	0.7	0.0	0.5564717559712563
6	2	2023	-5.32	1.04	0.0	0.3931526437638527
7	2	2023	-5.7	2.62	0.0	0.5699592096068679
8	2	2023	-9.94	-0.85	0.0	0.4800971371618134
9	2	2023	-14.52	-3.3	0.0	0.4407418112782286
10	2	2023	-10.38	4.18	0.0	0.7760653183321349
11	2	2023	-6.85	1.05	0.0	0.5218368705479974
12	2	2023	-7.63	1.04	0.0	0.5656038540812076
13	2	2023	-4.82	3.08	0.0	0.6237638681691955
14	2	2023	-18.03	-4.73	0.0	0.4349111457280858
15	2	2023	-19.02	-11.28	0.0	0.1911320241466235
16	2	2023	-21.99	-3.2	0.0	0.4843256821970359
17	2	2023	-9.9	-1.05	0.0	0.5085821515152429
18	2	2023	-13.18	-4.84	0.0	0.3672923605742387
19	2	2023	-14.0	-8.22	1.81	0.1914413274285331
20	2	2023	-22.6	-12.0	0.0	0.2369140588730864
21	2	2023	-28.41	-19.55	0.0	0.1213158393709937
22	2	2023	-32.39	-25.99	0.0	0.0629789378223575
23	2	2023	-30.34	-21.8	0.0	0.102621752592292
24	2	2023	-31.41	-19.95	0.0	0.1321078283871888
25	2	2023	-29.08	-13.04	0.0	0.2481552968645069
26	2	2023	-19.47	-4.71	0.0	0.5040723040764502
27	2	2023	-16.08	-7.18	0.0	0.3699351005289359
28	2	2023	-21.56	-11.49	0.0	0.2722369649445096
1	3	2023	-21.6	-7.39	0.0	0.4211645136991303
2	3	2023	-13.18	-0.17	0.0	0.7314595115065347
3	3	2023	-10.84	-1.16	0.0	0.6496076044150914
4	3	2023	-15.42	-6.18	0.0	0.4397252715647093
5	3	2023	-21.98	-11.65	0.0	0.2931783743847422
6	3	2023	-26.58	-14.28	0.0	0.2443282141610963
7	3	2023	-19.48	-13.1	0.0	0.1847059875919877
8	3	2023	-20.21	-14.13	0.0	0.1598686118458354
9	3	2023	-20.25	-11.17	0.0	0.30647951375635
10	3	2023	-15.56	-6.99	2.08	0.3452861117297336
11	3	2023	-13.4	-6.79	2.46	0.2899826172731097
12	3	2023	-19.92	-9.09	0.0	0.4153762973546857
13	3	2023	-18.7	-4.24	0.0	0.6204917706398732
14	3	2023	-12.2	0.46	1.18	0.8786247291116193
15	3	2023	-15.74	-4.59	0.0	0.6136199999638097
16	3	2023	-16.44	-7.21	0.0	0.4820549441534735
17	3	2023	-21.82	-9.1	0.0	0.4425322511094114
18	3	2023	-19.95	-1.58	0.0	0.736045718113784
19	3	2023	-15.42	-3.79	0.0	0.6811555927673872
20	3	2023	-13.11	-6.37	0.0	0.4541827062430527
21	3	2023	-16.06	-7.21	0.0	0.4981450917636931
22	3	2023	-16.86	-7.11	0.0	0.5264639932325468
23	3	2023	-15.77	1.81	0.0	0.9410404421479164
24	3	2023	-14.88	-3.84	0.0	0.6994559369359173
25	3	2023	-19.56	-4.31	0.0	0.6724169452148726
26	3	2023	-15.97	-7.1	0.0	0.5195315273948696
27	3	2023	-20.52	-9.54	0.0	0.4596611610271355
28	3	2023	-22.48	-7.26	0.0	0.5534981475266837
29	3	2023	-18.68	-1.85	0.0	0.7936723631673201
30	3	2023	-12.13	-1.64	0.0	0.8504737988874217
31	3	2023	-14.91	-0.3	0.0	0.9054321628977146
1	4	2023	-10.33	2.57	0.0	1.0752270643998731
2	4	2023	-8.77	-3.52	2.25	0.4036994947643882
3	4	2023	-13.92	-8.26	1.48	0.392132657719892
4	4	2023	-19.14	-7.05	0.0	0.6094622394806616
5	4	2023	-22.06	-6.02	0.0	0.6371247874392441
6	4	2023	-20.6	-4.31	0.0	0.7139762224826404
7	4	2023	-14.31	0.98	0.0	0.9857494630376537
8	4	2023	-5.77	5.21	0.0	1.2475100046336596
9	4	2023	-0.53	7.14	0.0	1.3171571450420745
10	4	2023	2.1	8.52	0.0	1.3587747625448887
11	4	2023	0.58	9.29	0.0	1.4656749583354511
12	4	2023	-0.24	8.38	0.0	1.420969965358843
13	4	2023	-2.2	7.48	0.0	1.3932065234464035
14	4	2023	-0.82	9.04	0.0	1.4910339795149532
15	4	2023	-2.21	12.35	0.0	1.6638060111553412
16	4	2023	-1.23	14.58	0.0	1.8036542524943728
17	4	2023	2.42	15.82	0.0	1.8987307345820543
18	4	2023	-0.04	5.81	4.55	0.9183173827705876
19	4	2023	-4.09	-0.12	7.07	0.3902823361521796
20	4	2023	-4.71	-1.4	0.78	0.30558889819101
21	4	2023	-4.98	2.14	0.0	0.8916478929555801
22	4	2023	-4.26	6.83	0.0	1.375630047466217
23	4	2023	-4.97	9.14	0.0	1.5135403534877727
24	4	2023	-2.15	10.32	0.0	1.600672842113835
25	4	2023	1.78	15.71	1.52	1.951098508874812
26	4	2023	1.52	14.71	0.0	1.888229984085282
27	4	2023	1.35	11.0	0.0	1.62863651702968
28	4	2023	-0.92	18.39	0.0	2.099760104573505
29	4	2023	-0.83	15.69	0.0	1.9532991269524036
30	4	2023	-2.21	15.44	0.0	1.9253817589202016
1	5	2023	-0.59	19.41	0.0	2.1725050940994612
2	5	2023	2.56	25.65	0.0	2.5653425275738964
3	5	2023	5.5	26.36	0.0	2.649130314414335
4	5	2023	5.7	26.46	0.0	2.65984183276967
5	5	2023	4.35	19.33	0.0	2.2030195101221595
6	5	2023	4.14	17.44	0.0	2.0736015103079484
7	5	2023	6.72	18.38	0.0	2.1135178798672287
8	5	2023	6.53	19.12	0.0	2.181508800629722
9	5	2023	3.71	20.49	0.0	2.301433968288127
10	5	2023	6.85	21.47	0.0	2.3550436725904063
11	5	2023	5.88	21.48	0.0	2.363364433984439
12	5	2023	8.9	18.47	0.0	2.045388776039487
13	5	2023	5.15	24.01	0.0	2.541127787776631
14	5	2023	6.18	26.06	0.0	2.675860719505361
15	5	2023	9.86	27.47	0.0	2.767292596609946
16	5	2023	9.6	30.4	0.0	2.967381121686477
17	5	2023	6.09	16.72	0.0	1.9707000321700752
18	5	2023	3.39	16.05	0.0	1.9719534442744673
19	5	2023	1.14	25.43	0.0	2.5905164672572236
20	5	2023	10.31	25.3	0.0	2.5780284687583777
21	5	2023	6.53	23.82	0.0	2.513242304413441
22	5	2023	10.9	30.34	3.14	2.699659602504477
23	5	2023	11.24	23.76	1.02	2.4123835971182204
24	5	2023	9.67	22.65	11.01	2.1830521807028975
25	5	2023	12.45	16.43	2.42	0.5341097767691082
26	5	2023	10.17	19.14	0.0	1.8967780802661336
27	5	2023	7.97	17.38	4.13	1.481414641755541
28	5	2023	12.84	21.49	0.0	1.941319898924739
29	5	2023	10.14	26.68	0.0	2.731112062701068
30	5	2023	11.16	28.5	0.0	2.8609846351116297
31	5	2023	11.76	30.67	0.0	3.0199023907616036
1	6	2023	14.09	27.34	6.24	2.416718570835537
2	6	2023	12.94	23.11	0.0	2.216214441738564
3	6	2023	16.36	26.5	7.08	1.9606997235422337
4	6	2023	15.33	30.54	0.0	2.981288749086588
5	6	2023	17.47	32.6	0.0	3.090630452147243
6	6	2023	16.49	28.47	0.0	2.67252412671559
7	6	2023	13.25	29.06	0.0	2.91270456217855
8	6	2023	13.93	29.65	0.0	2.948036694024118
9	6	2023	11.61	25.32	0.0	2.6372263490588517
10	6	2023	9.57	23.92	0.0	2.5723718079029165
11	6	2023	10.16	27.7	0.0	2.8605447419285546
12	6	2023	12.49	30.29	0.0	3.0285412148484987
13	6	2023	12.78	30.52	0.0	3.045133929274125
14	6	2023	12.84	29.34	4.79	2.6579038417395644
15	6	2023	9.96	18.76	0.0	1.7399350734963672
16	6	2023	7.36	24.64	0.0	2.66916994307076
17	6	2023	12.06	21.16	0.0	1.917349289537555
18	6	2023	8.25	24.26	22.22	2.2703608758721447
19	6	2023	10.08	22.53	0.0	2.138024880954136
20	6	2023	9.19	22.64	0.0	2.234360012262986
21	6	2023	8.41	20.24	0.0	1.966816832548027
22	6	2023	7.77	23.71	0.0	2.4526136187845156
23	6	2023	8.69	26.15	0.0	2.6719723524193455
24	6	2023	9.65	26.61	0.0	2.6664427301938747
25	6	2023	11.42	29.17	0.0	2.8556959740852497
26	6	2023	12.32	26.25	0.0	2.4359311243027673
27	6	2023	11.61	28.01	0.0	2.694783732428782
28	6	2023	11.93	24.78	0.0	2.239542512978887
29	6	2023	10.86	27.36	0.0	2.661730342542673
30	6	2023	13.46	29.86	0.0	2.8187872964923892
1	7	2023	14.52	31.99	0.0	2.9962286159842995
2	7	2023	12.18	22.99	0.0	1.9259650856060604
3	7	2023	9.93	21.31	0.0	1.9133746983387017
4	7	2023	7.73	18.71	0.0	1.7250945368192336
5	7	2023	5.86	23.53	0.0	2.4500303603205986
6	7	2023	8.5	25.9	0.0	2.604150692110664
7	7	2023	8.23	24.18	0.0	2.4195786019113976
8	7	2023	8.72	27.81	0.0	2.7758178558492808
9	7	2023	11.69	29.57	0.0	2.8496630346383114
10	7	2023	9.13	23.09	0.0	2.2034724591142716
11	7	2023	8.4	21.71	0.0	2.0717133326400847
12	7	2023	9.21	24.52	0.0	2.388005330127253
13	7	2023	11.53	25.88	0.0	2.4143625194553815
14	7	2023	10.83	21.37	0.0	1.7878784117224602
15	7	2023	8.71	23.61	0.0	2.293926420812301
16	7	2023	7.78	22.75	0.0	2.2394280417256267
17	7	2023	7.81	26.23	7.84	2.1628938672834015
18	7	2023	12.37	20.02	5.91	0.904477321999404
19	7	2023	13.06	23.83	0.0	1.8820476135550748
20	7	2023	10.97	26.88	0.0	2.519490553671047
21	7	2023	11.31	28.8	0.0	2.703130134966481
22	7	2023	11.83	29.04	0.0	2.6954455481428297
23	7	2023	13.92	30.03	0.0	2.6882293468336314
24	7	2023	15.31	33.84	0.0	3.0270169172423187
25	7	2023	18.23	33.81	0.0	2.8524645972077822
26	7	2023	12.34	26.59	0.0	2.3496011004801467
27	7	2023	9.07	21.66	0.0	1.9238975645768723
28	7	2023	8.1	21.11	0.0	1.9185566994690004
29	7	2023	5.7	23.83	0.0	2.3398894698336687
30	7	2023	8.18	29.32	0.0	2.7676329910326096
31	7	2023	15.32	32.65	0.0	2.845089631861947
1	8	2023	12.36	32.34	0.0	2.91210802984834
2	8	2023	12.92	30.45	0.0	2.6822872020083315
3	8	2023	13.15	36.51	0.0	3.1992048824206223
4	8	2023	13.89	27.68	0.0	2.225260619361163
5	8	2023	9.66	27.2	0.0	2.438887370987983
6	8	2023	9.67	27.2	0.0	2.4250347048615937
7	8	2023	9.68	28.1	0.0	2.5063996003301465
8	8	2023	9.6	23.92	2.49	1.6478774491101222
9	8	2023	10.56	19.74	9.06	0.9628784679871728
10	8	2023	11.64	23.72	8.08	1.3445256941142805
11	8	2023	11.91	21.47	0.0	1.236263795981243
12	8	2023	9.62	23.79	4.94	1.4678687385807283
13	8	2023	9.91	25.5	0.0	1.9522772818861425
14	8	2023	12.4	33.24	0.0	2.592985637516633
15	8	2023	14.93	29.48	0.0	2.0076530926381717
16	8	2023	11.81	22.95	4.25	1.096781643467637
17	8	2023	8.47	30.71	0.0	2.428385570934477
18	8	2023	14.52	25.07	0.0	1.318392599049144
19	8	2023	8.67	20.62	0.0	1.3315019593117754
20	8	2023	4.49	22.07	3.27	1.463091578704785
21	8	2023	12.12	18.67	17.04	0.6324340618928732
22	8	2023	13.11	17.36	16.77	0.4254157058687537
23	8	2023	13.57	23.37	0.0	1.0874155079176666
24	8	2023	10.59	23.05	0.0	1.37080032648525
25	8	2023	10.06	21.21	0.0	1.1719975142382753
26	8	2023	9.28	29.09	0.0	2.090400367155989
27	8	2023	11.45	27.75	0.0	1.8290247145676752
28	8	2023	10.55	30.1	0.0	2.091572925622175
29	8	2023	12.15	31.29	0.0	2.109407478113661
30	8	2023	14.74	28.39	0.0	1.5953029023005991
31	8	2023	12.85	21.68	4.19	0.8455744068562939
1	9	2023	13.04	27.57	0.0	1.6544665590307277
2	9	2023	13.13	28.51	0.0	1.791881300503249
3	9	2023	8.31	30.47	0.0	2.171705504324092
4	9	2023	9.55	20.89	0.0	1.1505329740434695
5	9	2023	2.43	17.09	0.0	1.238755523207161
6	9	2023	8.03	24.03	0.0	1.600490749322052
7	9	2023	7.44	20.8	0.0	1.291716701140267
8	9	2023	3.2	22.46	0.0	1.6254932777186313
9	9	2023	7.32	23.77	0.0	1.5575994250750833
10	9	2023	6.73	24.45	0.0	1.6254125881570678
11	9	2023	6.66	21.54	0.0	1.3406678028160808
12	9	2023	7.66	27.38	0.72	1.8011872938292264
13	9	2023	11.57	22.88	0.58	1.0915280013793969
14	9	2023	7.75	19.92	0.0	1.0734411902635077
15	9	2023	5.37	21.62	0.0	1.3839454683971255
16	9	2023	6.18	28.8	0.0	1.9102428286862547
17	9	2023	7.88	30.97	0.0	2.121900388273368
18	9	2023	9.85	26.89	0.0	1.6979707963463655
19	9	2023	5.96	18.2	0.0	1.0457756076689184
20	9	2023	4.61	20.6	0.0	1.346037360086476
21	9	2023	3.24	21.89	0.0	1.4837031541087669
22	9	2023	4.75	22.67	0.0	1.4726060680883146
23	9	2023	10.01	20.55	0.0	0.9113037564095816
24	9	2023	10.78	23.38	0.0	1.133148930999493
25	9	2023	7.23	26.39	0.0	1.6367992885365874
26	9	2023	12.32	28.72	0.0	1.558788331574656
27	9	2023	10.19	23.63	0.0	1.1757098519061535
28	9	2023	6.24	19.9	0.0	1.067608028458798
29	9	2023	2.46	18.96	1.29	1.1702847751060836
30	9	2023	2.01	11.19	14.32	0.5711351363348448
1	10	2023	7.21	9.65	4.33	0.182597397215252
2	10	2023	6.52	13.94	1.9	0.570778057507258
3	10	2023	5.13	15.61	0.0	0.7747529356461639
4	10	2023	3.04	13.83	1.77	0.7465678296179867
5	10	2023	-0.2	8.2	0.0	0.5207033567612157
6	10	2023	-4.03	10.82	0.0	0.8014457049836313
7	10	2023	3.91	21.29	0.0	1.1873049272013882
8	10	2023	3.24	22.23	0.0	1.2566416615949163
9	10	2023	3.62	21.17	0.0	1.1755181843691578
10	10	2023	3.12	20.19	0.0	1.1254292666329837
11	10	2023	3.57	16.31	0.0	0.859488690464793
12	10	2023	2.78	10.23	0.0	0.4926280307828992
13	10	2023	-1.14	11.89	0.0	0.7527342884041869
14	10	2023	0.35	11.99	0.0	0.703594606864365
15	10	2023	-0.76	14.94	0.0	0.9046601807475388
16	10	2023	1.76	18.2	0.0	1.0180313147664866
17	10	2023	7.38	19.73	0.0	0.9020198213308982
18	10	2023	2.92	15.33	0.0	0.8012324470583277
19	10	2023	3.78	21.58	0.0	1.1421779212241476
20	10	2023	4.48	15.43	0.0	0.7341135960466388
21	10	2023	-2.32	10.95	0.0	0.7103141415798124
22	10	2023	1.69	11.2	0.0	0.5842413692764729
23	10	2023	-3.71	2.11	2.49	0.2707276685612403
24	10	2023	-11.1	-3.75	6.38	0.2503391870841848
25	10	2023	-15.35	-4.76	0.0	0.3158614294216322
26	10	2023	-12.37	-3.87	0.0	0.2921833178064936
27	10	2023	-7.98	-3.01	0.51	0.2068881173929694
28	10	2023	-10.77	-3.28	0.56	0.2765750457059083
29	10	2023	-8.81	-0.75	0.0	0.3281212854730886
30	10	2023	-13.39	-4.02	0.0	0.3033691791956104
31	10	2023	-13.94	1.33	0.0	0.4894619884090397
1	11	2023	-8.83	-0.41	0.0	0.33480110415742
2	11	2023	-7.12	3.41	0.0	0.4535137622815292
3	11	2023	-4.89	1.08	0.0	0.2776444045253966
4	11	2023	-5.55	2.92	1.69	0.3846374060302244
5	11	2023	-0.24	2.27	1.05	0.1394705902695652
6	11	2023	0.3	2.65	0.0	0.1347013147464634
7	11	2023	-0.35	2.43	3.98	0.1425136326460022
8	11	2023	-1.18	3.76	0.73	0.2610265017417057
9	11	2023	-4.74	0.27	0.0	0.228991220761862
10	11	2023	-7.49	1.96	0.0	0.3850478004648859
11	11	2023	-3.55	7.17	0.0	0.5122350131548212
12	11	2023	-2.4	8.59	0.0	0.546079874199417
13	11	2023	-3.87	8.22	0.0	0.5640263528914562
14	11	2023	-2.44	7.59	0.0	0.4955339504987737
15	11	2023	-5.43	6.43	0.0	0.5173140523365475
16	11	2023	-9.35	3.41	0.0	0.4680332815666697
17	11	2023	-3.39	11.03	0.0	0.6722889856899638
18	11	2023	-2.65	13.29	0.0	0.7575756209579979
19	11	2023	-1.65	11.03	0.0	0.6276850468938251
20	11	2023	-3.74	5.4	0.0	0.4203689760919072
21	11	2023	-9.3	6.31	0.0	0.5653053127857678
22	11	2023	-10.43	-1.42	0.0	0.3038458444243718
23	11	2023	-17.66	-7.09	0.0	0.2432865637256184
24	11	2023	-13.15	1.06	0.0	0.4238388105431185
25	11	2023	-8.79	0.77	0.0	0.3450319870921949
26	11	2023	-14.88	-5.01	0.36	0.2655727230300268
27	11	2023	-8.44	1.17	0.0	0.3558400510942783
28	11	2023	-4.85	5.67	0.0	0.4468227677410549
29	11	2023	-5.78	3.09	0.0	0.3601554002305239
30	11	2023	-8.82	-1.08	0.0	0.2728259724871419
1	12	2023	-14.33	-0.9	0.0	0.3689620175025717
2	12	2023	-12.2	-0.34	0.0	0.3592479159477611
3	12	2023	-14.31	0.02	0.0	0.3939648316085516
4	12	2023	-9.45	0.43	0.0	0.3373399972742389
5	12	2023	-9.52	6.6	0.0	0.5587027178826572
6	12	2023	-3.89	6.53	0.0	0.4497147268773145
7	12	2023	-0.66	3.18	1.12	0.1841914103889963
8	12	2023	-6.51	0.27	0.0	0.2576027459314406
9	12	2023	-9.88	-1.06	0.0	0.2887792205999643
10	12	2023	-8.31	0.84	0.0	0.3232777689293545
11	12	2023	-11.8	-2.07	0.0	0.2908853743518295
12	12	2023	-14.22	0.38	0.0	0.3979177605956266
13	12	2023	-7.02	7.76	0.0	0.561903794303237
14	12	2023	-4.67	6.44	0.0	0.4603365580860309
15	12	2023	-4.97	4.01	0.0	0.3650330013239589
16	12	2023	-4.41	4.1	0.0	0.3539061501109474
17	12	2023	-10.77	0.85	0.0	0.3684040628594343
18	12	2023	-11.69	1.42	0.0	0.400793826635417
19	12	2023	-4.55	-1.43	0.0	0.1261179793926603
20	12	2023	-5.58	4.23	0.0	0.3910915410417296
21	12	2023	-7.4	2.86	0.0	0.3789922784064871
22	12	2023	-6.68	8.22	0.0	0.5741168775604649
23	12	2023	-5.36	2.4	0.0	0.3101604080426652
24	12	2023	-12.15	-0.26	0.0	0.3538340232983777
25	12	2023	-11.28	3.22	0.0	0.4562498816891209
26	12	2023	-10.24	6.22	0.0	0.5473871045489253
27	12	2023	-8.41	5.19	0.0	0.4855488889564218
28	12	2023	-8.67	8.08	0.0	0.5974434521431435
29	12	2023	-8.61	2.37	0.0	0.3847308995489391
30	12	2023	-13.67	-0.23	0.0	0.3734935240224481
31	12	2023	-10.3	2.64	0.0	0.423440515794459
