Day	Month	Year	Tmin(c)	Tmax(c)	Prcp(mm)	Et0(mm)
1	1	2018	-31.26	-14.3	0.0	0.1673106267819833
2	1	2018	-20.22	-5.6	0.0	0.2899248272113338
3	1	2018	-15.27	-4.04	0.0	0.2871090795595601
4	1	2018	-14.35	-6.99	0.0	0.1916946573427888
5	1	2018	-14.17	-7.96	0.0	0.1618719907457213
6	1	2018	-13.43	-0.34	0.0	0.3751285582482915
7	1	2018	-9.29	0.76	0.0	0.3474868286579771
8	1	2018	-10.0	-2.72	0.0	0.2398237655177226
9	1	2018	-13.36	-2.3	0.0	0.3158781658171888
10	1	2018	-24.89	-15.86	0.0	0.126467059659321
11	1	2018	-30.14	-22.09	0.0	0.0763765537766548
12	1	2018	-31.55	-20.44	0.0	0.1000986980734325
13	1	2018	-28.08	-9.81	0.0	0.2337339049616427
14	1	2018	-23.8	-10.4	0.0	0.2153408671590948
15	1	2018	-29.88	-16.34	0.0	0.1442382414833385
16	1	2018	-20.68	-2.79	0.0	0.3660442532285163
17	1	2018	-9.68	4.61	0.34	0.5488948649139093
18	1	2018	-8.06	7.61	0.0	0.6847604609283533
19	1	2018	-5.18	3.89	0.0	0.3880207240568754
20	1	2018	-8.27	0.14	0.0	0.31417318255453
21	1	2018	-11.88	-2.79	0.0	0.2869453985736288
22	1	2018	-10.88	1.38	0.0	0.4428790493972009
23	1	2018	-10.16	-1.94	0.0	0.2832171181247659
24	1	2018	-10.31	-4.49	0.0	0.1963242580413936
25	1	2018	-10.61	-3.41	0.0	0.2430381158572503
26	1	2018	-13.26	-8.14	1.3	0.148297330470055
27	1	2018	-21.6	-13.28	0.0	0.1525822291361253
28	1	2018	-24.2	-15.79	0.22	0.1306074871975147
29	1	2018	-24.77	-5.47	0.0	0.3307799374599699
30	1	2018	-12.76	2.17	0.0	0.5642231085198358
31	1	2018	-24.29	-13.48	0.0	0.1746249163668769
1	2	2018	-27.59	-16.62	0.24	0.1426063129852851
2	2	2018	-22.33	-18.24	1.66	0.069723657642534
3	2	2018	-27.8	-21.23	0.0	0.0800722443027842
4	2	2018	-28.07	-16.99	0.0	0.1419001777184537
5	2	2018	-25.91	-15.56	0.0	0.1536294222196818
6	2	2018	-27.4	-17.42	0.0	0.1337226740009424
7	2	2018	-28.68	-15.68	0.0	0.1655095696403399
8	2	2018	-27.4	-17.58	0.0	0.132652407044204
9	2	2018	-28.48	-15.72	0.0	0.1660882994491471
10	2	2018	-20.38	-9.16	0.0	0.2543054828284742
11	2	2018	-28.61	-15.64	0.0	0.1692399459591501
12	2	2018	-31.88	-13.22	0.0	0.207154759194998
13	2	2018	-17.97	1.88	0.0	0.6525544954140726
14	2	2018	-16.06	1.22	1.1	0.6451627824085678
15	2	2018	-28.72	-13.68	0.0	0.2036458003634886
16	2	2018	-21.26	-5.4	0.0	0.4106283513735193
17	2	2018	-19.2	-10.7	0.0	0.2044400305099438
18	2	2018	-23.53	-13.06	0.0	0.1963234285203771
19	2	2018	-28.05	-14.36	0.0	0.1970847834782815
20	2	2018	-24.18	-12.39	0.0	0.2265971883669891
21	2	2018	-30.7	-10.65	0.0	0.2741477122011126
22	2	2018	-24.48	-7.69	0.0	0.3644034130119179
23	2	2018	-20.62	-5.9	0.0	0.4236581022626179
24	2	2018	-16.28	-1.78	0.0	0.5821616080943115
25	2	2018	-16.55	-2.32	0.0	0.5623854887453759
26	2	2018	-15.72	-4.83	0.0	0.4348149530872342
27	2	2018	-15.18	-2.43	0.0	0.5582129045059872
28	2	2018	-14.17	0.23	0.0	0.6988806967188065
1	3	2018	-17.71	-3.75	0.0	0.530083034447159
2	3	2018	-15.64	-4.9	0.0	0.4565424263322229
3	3	2018	-8.89	-4.32	3.3	0.1831875870541876
4	3	2018	-11.05	-5.13	4.64	0.2161451193268937
5	3	2018	-13.91	-8.78	0.69	0.1750072514847704
6	3	2018	-17.61	-6.95	0.0	0.4132940620727305
7	3	2018	-23.81	-7.34	0.0	0.4305484885924943
8	3	2018	-23.95	-7.9	0.0	0.4159343842574193
9	3	2018	-14.29	-3.27	0.0	0.5763166324855933
10	3	2018	-12.36	-1.16	0.0	0.6837306582321917
11	3	2018	-14.36	2.11	0.0	0.8843540774432024
12	3	2018	-15.83	-0.83	0.0	0.7388147560315554
13	3	2018	-15.64	1.37	0.0	0.8510390882814554
14	3	2018	-15.38	-1.09	0.0	0.7411825031043198
15	3	2018	-11.31	-3.29	0.0	0.534244692851267
16	3	2018	-7.7	1.35	0.0	0.8193945922885676
17	3	2018	-4.29	-0.38	1.55	0.3488332696404519
18	3	2018	-6.92	0.03	0.0	0.6805444244260502
19	3	2018	-9.02	-0.95	0.0	0.7062734123541362
20	3	2018	-7.54	1.29	0.0	0.871597784706715
21	3	2018	-10.9	2.23	0.0	1.002619765051633
22	3	2018	-9.75	0.84	0.0	0.9169611388039812
23	3	2018	-4.6	0.34	4.24	0.431352245154659
24	3	2018	-7.76	3.05	0.0	1.0704164895295916
25	3	2018	-6.67	1.47	0.5	0.9059448623481462
26	3	2018	-8.36	3.4	0.0	1.1055783676101552
27	3	2018	-10.91	0.77	0.44	0.9659833326855426
28	3	2018	-16.14	-3.25	0.0	0.7377203604508495
29	3	2018	-20.89	-8.49	0.61	0.4983731896315597
30	3	2018	-23.75	-12.18	0.0	0.3718486484250247
31	3	2018	-21.93	-9.26	0.0	0.4891530620430922
1	4	2018	-19.05	-5.51	0.0	0.6585552134048925
2	4	2018	-21.12	-5.42	0.0	0.6472303539996658
3	4	2018	-17.98	-4.93	0.0	0.6911533202166864
4	4	2018	-18.81	-3.3	0.0	0.7613369915190197
5	4	2018	-19.2	-9.27	0.0	0.4773532990209487
6	4	2018	-23.4	-9.13	0.0	0.504882485028327
7	4	2018	-22.33	-5.15	0.0	0.6616656509627156
8	4	2018	-13.66	-2.82	0.0	0.8212541486898588
9	4	2018	-8.56	-0.01	0.0	0.9480484207024978
10	4	2018	-11.48	5.73	0.0	1.243784796656376
11	4	2018	-3.86	0.43	1.41	0.6481505785884476
12	4	2018	-6.48	-1.05	0.0	0.707703064812876
13	4	2018	-7.6	1.16	0.0	1.0557003642814893
14	4	2018	-3.26	6.23	0.0	1.3438715876583234
15	4	2018	-4.37	7.29	0.0	1.4239736893418378
16	4	2018	-1.16	4.8	1.43	1.1396667083893632
17	4	2018	-1.82	1.75	4.9	0.4147731587034626
18	4	2018	-5.12	9.6	0.0	1.5688119826763167
19	4	2018	-1.94	12.02	0.0	1.735736646323209
20	4	2018	-0.49	17.06	0.0	2.0536424909881283
21	4	2018	1.03	18.47	0.0	2.1559295006862063
22	4	2018	3.39	13.48	0.0	1.7944781035956567
23	4	2018	-0.38	13.21	0.0	1.7590202954102292
24	4	2018	-1.1	20.63	0.0	2.1765144913402836
25	4	2018	2.61	17.31	0.0	2.025105104782095
26	4	2018	-0.83	21.52	0.0	2.237199607743437
27	4	2018	-0.91	16.34	0.0	1.95180943145294
28	4	2018	1.58	26.57	0.0	2.5571465724807667
29	4	2018	5.78	20.25	0.0	2.212518420511266
30	4	2018	0.19	11.95	0.0	1.6662002470127155
1	5	2018	-2.63	16.83	0.0	1.970921270622188
2	5	2018	1.06	18.5	0.0	2.1122616427799437
3	5	2018	5.12	21.25	0.0	2.30292051347817
4	5	2018	3.04	23.65	0.0	2.450713439446008
5	5	2018	4.04	24.42	0.0	2.5072737046219062
6	5	2018	4.55	27.35	0.0	2.6881061516483853
7	5	2018	10.06	26.67	0.0	2.656531199654047
8	5	2018	7.39	16.89	5.53	1.784225263435815
9	5	2018	2.26	13.65	0.0	1.770096404694241
10	5	2018	1.34	10.38	2.38	1.2333738402395933
11	5	2018	3.77	10.7	1.15	1.2640751570284747
12	5	2018	1.68	20.29	0.0	2.2583937454741823
13	5	2018	6.68	26.28	0.0	2.666166994904628
14	5	2018	3.01	24.9	0.0	2.555536604320458
15	5	2018	10.52	31.54	0.0	3.004808344761267
16	5	2018	9.42	27.05	1.25	2.6955657401559807
17	5	2018	6.89	13.9	3.26	1.0484409497782958
18	5	2018	3.08	18.72	0.0	2.137480401227444
19	5	2018	2.73	22.26	0.0	2.388517341139929
20	5	2018	3.38	25.43	0.0	2.6007823875787275
21	5	2018	10.67	30.27	0.0	2.9277816108376697
22	5	2018	10.26	27.26	0.0	2.706803497723698
23	5	2018	10.18	29.96	3.11	2.6649301148066105
24	5	2018	12.56	26.48	4.31	2.3565557873566623
25	5	2018	10.77	26.2	0.0	2.621862872322152
26	5	2018	9.77	29.5	2.94	2.651605935057021
27	5	2018	9.25	25.48	0.0	2.6030820362574736
28	5	2018	8.87	31.03	0.0	3.015890323624311
29	5	2018	13.3	25.96	0.0	2.5403199619224255
30	5	2018	9.53	22.59	6.56	1.9575842161129848
31	5	2018	9.15	13.81	0.0	0.6426490792081969
1	6	2018	8.17	13.05	7.09	0.4716388470670078
2	6	2018	7.01	17.67	0.0	1.7488209910633683
3	6	2018	7.1	23.72	0.0	2.5483139892688307
4	6	2018	9.45	27.2	2.74	2.491048731071621
5	6	2018	9.01	20.73	0.0	2.136669868879095
6	6	2018	5.96	27.36	0.0	2.8231768371795085
7	6	2018	8.55	27.52	0.0	2.829298785783967
8	6	2018	13.33	24.58	0.0	2.3166386066552813
9	6	2018	13.2	30.43	0.0	2.985722173387156
10	6	2018	12.7	24.81	0.0	2.3993480526854634
11	6	2018	7.1	17.52	0.0	1.7716615948207994
12	6	2018	7.36	21.33	0.0	2.332967911950755
13	6	2018	7.07	25.89	0.0	2.730622794101994
14	6	2018	8.61	24.04	1.32	2.577487221783157
15	6	2018	9.23	23.56	0.0	2.526025348276444
16	6	2018	6.92	21.84	0.0	2.420611404673581
17	6	2018	7.85	25.6	0.0	2.706448782937584
18	6	2018	8.66	27.79	0.0	2.864126899480794
19	6	2018	10.16	27.83	0.0	2.857672509409703
20	6	2018	10.88	29.95	0.0	3.0089426000322765
21	6	2018	12.14	30.0	0.0	2.9966656190475716
22	6	2018	13.94	29.3	0.0	2.904448800728122
23	6	2018	12.94	27.02	5.35	2.377305592901803
24	6	2018	15.81	26.68	9.95	1.9603294456043747
25	6	2018	14.39	29.96	0.0	2.942693150316567
26	6	2018	12.31	24.68	0.0	2.3641677632740157
27	6	2018	6.86	25.33	0.0	2.711153168827917
28	6	2018	7.38	23.85	0.0	2.5647471819484724
29	6	2018	9.55	23.9	0.0	2.4678445091451535
30	6	2018	11.68	24.95	7.7	1.9847108993638736
1	7	2018	11.08	19.99	10.53	1.1733104215771832
2	7	2018	8.56	22.33	3.32	1.6853012420393143
3	7	2018	7.33	20.78	4.33	1.5640204315390611
4	7	2018	10.8	19.17	3.25	0.9412098421035516
5	7	2018	8.06	25.12	0.0	2.3738531890715326
6	7	2018	13.81	32.74	0.0	2.928386930405974
7	7	2018	14.17	30.57	0.0	2.6657858978206455
8	7	2018	10.65	23.88	1.53	2.0390996725901935
9	7	2018	8.78	27.11	0.0	2.531003043497286
10	7	2018	13.22	29.28	9.2	2.058051282089692
11	7	2018	14.77	25.15	0.71	1.6504142565619877
12	7	2018	14.99	28.35	0.0	2.1569072025721168
13	7	2018	14.42	31.1	0.0	2.5821178397638738
14	7	2018	12.08	21.31	0.0	1.341763899294446
15	7	2018	8.77	24.08	0.0	2.1081597199768902
16	7	2018	6.96	25.95	0.0	2.3918518533242072
17	7	2018	10.06	34.08	0.0	3.041553556956162
18	7	2018	15.55	30.03	0.0	2.3718073941960327
19	7	2018	13.74	27.88	0.0	2.2407635178420446
20	7	2018	12.88	29.04	0.0	2.459224238568724
21	7	2018	16.21	26.18	0.0	1.6572960145793465
22	7	2018	11.77	22.97	0.89	1.70781209272511
23	7	2018	10.36	22.69	0.0	1.810595430243652
24	7	2018	8.64	22.86	0.0	1.967099539159819
25	7	2018	8.83	22.25	0.0	1.869760517773924
26	7	2018	7.07	23.67	0.0	2.1347187104661502
27	7	2018	9.43	24.66	0.0	2.1151340598511545
28	7	2018	9.1	27.05	0.0	2.3845120522466567
29	7	2018	8.78	29.31	0.0	2.5891190438826803
30	7	2018	12.04	32.36	0.0	2.7450379708094848
31	7	2018	11.56	24.49	0.0	1.8515634419415017
1	8	2018	8.14	27.65	0.65	2.410399906442261
2	8	2018	14.48	30.3	7.97	1.8959266724660293
3	8	2018	13.15	27.94	3.83	1.659713271738546
4	8	2018	13.1	23.24	1.58	1.333019835072165
5	8	2018	12.96	23.43	0.0	1.38308609926027
6	8	2018	10.85	29.09	0.0	2.3005317464212394
7	8	2018	12.71	29.9	0.0	2.301104998949286
8	8	2018	11.56	29.48	0.0	2.312469361537931
9	8	2018	12.75	33.46	0.0	2.640504911505737
10	8	2018	14.13	38.05	0.0	2.955586720633272
11	8	2018	14.59	32.09	0.0	2.3641466381194993
12	8	2018	12.33	22.59	0.0	1.2816580629404613
13	8	2018	7.91	16.95	0.0	0.938258804546608
14	8	2018	3.73	27.59	0.0	2.3059190542072487
15	8	2018	10.58	28.28	0.0	2.1589781818862783
16	8	2018	9.54	26.9	0.0	2.0891159403154336
17	8	2018	9.85	30.95	0.0	2.4394879844794572
18	8	2018	10.59	24.22	0.0	1.6676217482732063
19	8	2018	3.8	23.68	0.0	1.9616385431017385
20	8	2018	4.71	23.5	0.0	1.8984011021603409
21	8	2018	5.14	27.46	0.0	2.201962264514609
22	8	2018	10.42	30.89	0.0	2.335957119148668
23	8	2018	8.41	25.68	0.0	1.9352842491989464
24	8	2018	7.66	19.59	0.0	1.25678989277715
25	8	2018	7.19	18.49	0.0	1.1685117538425585
26	8	2018	7.1	17.69	4.91	0.8708638605731206
27	8	2018	7.97	13.71	5.46	0.485009478421432
28	8	2018	6.51	18.03	0.0	1.118191279487075
29	8	2018	6.27	27.0	0.0	2.087542590332702
30	8	2018	9.41	22.81	1.21	1.4822271619636838
31	8	2018	7.27	20.04	0.0	1.352691453603504
1	9	2018	6.32	19.77	0.0	1.3827368287394228
2	9	2018	3.19	20.19	0.0	1.5814734496056126
3	9	2018	4.94	20.44	0.0	1.5256934956444728
4	9	2018	2.31	14.03	0.0	0.987961018997646
5	9	2018	-0.77	21.67	0.0	1.7569113177729394
6	9	2018	3.04	24.39	0.0	1.8878279625109888
7	9	2018	6.65	24.33	0.0	1.7581398710481402
8	9	2018	11.0	25.45	1.67	1.6054920092994949
9	9	2018	8.53	21.36	0.0	1.3045045938538922
10	9	2018	3.5	19.77	1.82	1.4384360443967568
11	9	2018	5.97	16.74	0.0	0.9289153582155444
12	9	2018	3.85	14.69	5.61	0.773267307097659
13	9	2018	3.99	11.61	0.0	0.6033237777343877
14	9	2018	2.24	8.37	0.0	0.4578922993492849
15	9	2018	5.43	11.13	1.86	0.4725540120710149
16	9	2018	5.67	9.29	10.65	0.2771337210635752
17	9	2018	3.73	11.08	0.54	0.582688197607248
18	9	2018	4.01	10.83	0.0	0.547517898040371
19	9	2018	1.88	15.24	0.0	0.9888019322971904
20	9	2018	3.63	12.71	0.0	0.7224896952031731
21	9	2018	0.31	6.22	1.94	0.4229079048652777
22	9	2018	-0.39	1.39	6.71	0.1172305924077659
23	9	2018	-0.44	2.37	0.0	0.1981997919104124
24	9	2018	-0.32	11.98	0.48	0.8510557381067733
25	9	2018	1.65	13.49	0.65	0.8690228944632771
26	9	2018	2.87	16.09	0.0	0.9868656270294826
27	9	2018	-2.08	7.9	0.0	0.639940652028
28	9	2018	-4.18	7.73	0.0	0.7005326450482402
29	9	2018	-2.86	6.94	0.0	0.6074329121222808
30	9	2018	-7.78	4.3	0.3	0.6289015468573548
1	10	2018	-1.69	4.01	1.76	0.366145952600894
2	10	2018	-1.65	4.7	1.59	0.4102867463815943
3	10	2018	-2.61	6.53	0.0	0.567956199775098
4	10	2018	-5.56	6.42	0.0	0.6504128167276442
5	10	2018	-4.04	8.59	0.0	0.7247131876056342
6	10	2018	-5.8	12.43	0.0	0.981695916194426
7	10	2018	-2.94	12.99	0.0	0.968185078013032
8	10	2018	-2.93	0.95	0.29	0.233282930808824
9	10	2018	-5.32	2.75	0.0	0.4409284537431407
10	10	2018	-9.35	4.95	0.0	0.6378811316239793
11	10	2018	-9.61	6.32	0.0	0.6996971052944094
12	10	2018	-4.29	6.15	8.71	0.5303332571433577
13	10	2018	-4.8	-0.31	0.0	0.2425091049908145
14	10	2018	-8.85	3.73	0.0	0.5602417343324515
15	10	2018	-0.16	13.46	0.0	0.8369123129647197
16	10	2018	-1.83	9.92	0.0	0.6840335156684904
17	10	2018	-1.64	20.95	0.0	1.2805456305815943
18	10	2018	1.22	18.99	0.0	1.1037132543712669
19	10	2018	-3.75	13.26	0.0	0.8794033392644807
20	10	2018	-8.33	15.99	0.0	1.0405563392342003
21	10	2018	-2.02	13.86	0.0	0.8613922016684857
22	10	2018	-6.55	10.66	0.0	0.7822583219531634
23	10	2018	-4.83	15.81	0.0	0.9891269585997928
24	10	2018	-2.06	18.48	0.0	1.0745869380598427
25	10	2018	-1.44	14.68	0.0	0.8641828052747712
26	10	2018	-3.29	11.51	0.0	0.7413138276068462
27	10	2018	-1.81	12.8	0.0	0.7661420076669961
28	10	2018	-5.27	9.25	0.0	0.6674047275727084
29	10	2018	0.68	8.1	0.0	0.417789114163806
30	10	2018	-1.43	6.77	0.0	0.4279312038525005
31	10	2018	-3.36	9.73	0.0	0.6359833233575972
1	11	2018	-2.49	4.47	1.02	0.3419816544440281
2	11	2018	-2.28	0.19	2.64	0.1152340022731006
3	11	2018	-4.72	1.43	0.0	0.2734486970448672
4	11	2018	-2.36	3.84	2.53	0.2884648130020293
5	11	2018	-8.58	-0.04	2.36	0.3129872188388783
6	11	2018	-12.83	-8.47	0.0	0.1307039014224115
7	11	2018	-13.34	-9.75	0.0	0.1032436053555688
8	11	2018	-18.26	-10.0	0.0	0.1879185514142946
9	11	2018	-21.78	-5.07	1.81	0.3329233059702332
10	11	2018	-10.13	-4.16	0.52	0.2066565967098141
11	11	2018	-11.72	-6.49	0.0	0.1649747422002054
12	11	2018	-14.6	-5.82	0.0	0.2438839884423763
13	11	2018	-8.58	3.44	0.0	0.458718447837415
14	11	2018	-3.97	4.76	0.0	0.4002119704609936
15	11	2018	-3.57	2.47	0.0	0.2780685121708021
16	11	2018	-18.94	-6.03	0.0	0.2878017404631267
17	11	2018	-20.12	-6.04	0.0	0.2947234113070544
18	11	2018	-13.13	-7.82	0.37	0.1527565334153786
19	11	2018	-16.13	0.31	0.0	0.4359548589928761
20	11	2018	-6.42	0.79	0.0	0.2941134719897577
21	11	2018	-5.77	-0.19	0.0	0.2329726663489143
22	11	2018	-3.73	5.11	0.0	0.4065869792124497
23	11	2018	-5.51	2.26	0.0	0.3319119017071429
24	11	2018	-8.56	-5.05	0.0	0.1275897587784921
25	11	2018	-8.58	-5.17	0.0	0.1240493869946359
26	11	2018	-7.35	-3.71	1.0	0.1406692936792566
27	11	2018	-5.71	-2.74	0.0	0.1240389929524488
28	11	2018	-7.36	-4.14	0.0	0.1246013360164962
29	11	2018	-5.54	-1.5	0.0	0.1708775460489863
30	11	2018	-7.48	-3.77	0.0	0.1435273722639299
1	12	2018	-7.68	-5.13	2.72	0.0919819587475634
2	12	2018	-9.56	-4.56	0.0	0.1746700236330981
3	12	2018	-13.18	-5.62	0.28	0.220921810165332
4	12	2018	-13.36	-6.9	0.44	0.1851259757354079
5	12	2018	-13.79	-6.34	0.0	0.2092567854732145
6	12	2018	-15.82	-8.17	0.0	0.1914745543522795
7	12	2018	-19.55	-8.35	0.0	0.2288311329544452
8	12	2018	-18.79	-7.23	0.0	0.2473077411737622
9	12	2018	-15.53	-4.24	0.0	0.2900827033888988
10	12	2018	-15.56	-0.56	0.0	0.390369824796086
11	12	2018	-8.7	0.58	0.0	0.3333469301944825
12	12	2018	-6.44	0.87	0.0	0.2901663364515178
13	12	2018	-10.21	2.33	0.0	0.4214677359011641
14	12	2018	-9.06	4.78	0.0	0.4902561227362952
15	12	2018	-3.28	5.6	0.0	0.4004447185721421
16	12	2018	-12.9	-3.98	0.0	0.2583343683818666
17	12	2018	-8.24	4.07	0.0	0.4504301237353771
18	12	2018	-6.44	4.44	0.0	0.4294675230404524
19	12	2018	-4.9	1.39	0.0	0.2649892928801248
20	12	2018	-9.16	2.11	0.0	0.3942998660661673
21	12	2018	-4.43	3.94	0.0	0.3592932048720765
22	12	2018	-9.19	-3.49	0.0	0.1958536651987408
23	12	2018	-16.95	-6.3	0.0	0.2486940362466915
24	12	2018	-16.61	-9.26	0.0	0.1711698125273019
25	12	2018	-18.18	-10.38	0.0	0.1660765752371399
26	12	2018	-14.87	-7.64	0.0	0.1858320120393177
27	12	2018	-21.45	-8.9	0.0	0.2276464548674321
28	12	2018	-20.97	-4.84	0.0	0.3106998808020245
29	12	2018	-13.53	-4.35	1.47	0.2560077021614511
30	12	2018	-20.36	-12.01	0.63	0.155463255222539
31	12	2018	-28.88	-16.49	0.0	0.1366065550923235
