Day	Month	Year	Tmin(c)	Tmax(c)	Prcp(mm)	Et0(mm)
1	1	2018	-31.0	-15.12	0.0	0.156747171499114
2	1	2018	-21.59	-6.62	0.0	0.2741018352304188
3	1	2018	-17.3	-5.92	0.0	0.2598824901743725
4	1	2018	-14.8	-8.27	0.0	0.1645276295739114
5	1	2018	-13.75	-8.92	0.0	0.1267706535938023
6	1	2018	-13.72	-1.37	0.0	0.3466790183996913
7	1	2018	-9.58	0.54	0.0	0.3450484178510068
8	1	2018	-10.08	-2.75	0.0	0.240854749793181
9	1	2018	-14.54	-3.8	0.0	0.2875781888710531
10	1	2018	-25.28	-15.49	0.0	0.1348143284236389
11	1	2018	-30.49	-22.39	0.0	0.0749240885813407
12	1	2018	-31.72	-21.09	0.0	0.0937533344217124
13	1	2018	-28.42	-10.86	0.0	0.217228862585649
14	1	2018	-24.35	-11.9	0.0	0.1905630482630287
15	1	2018	-30.5	-16.99	0.0	0.13726602054244
16	1	2018	-20.6	-4.49	0.0	0.3252145083527235
17	1	2018	-11.02	4.65	0.0	0.5637800354643201
18	1	2018	-8.36	6.61	0.0	0.6312824023495182
19	1	2018	-4.99	3.33	0.0	0.3582738511973499
20	1	2018	-8.19	-0.22	0.0	0.2985250498530365
21	1	2018	-11.3	-3.49	0.0	0.251674230514174
22	1	2018	-10.61	-0.99	0.0	0.3264324082534481
23	1	2018	-9.53	-3.58	0.0	0.2086002022301601
24	1	2018	-10.59	-5.33	0.0	0.1743063703946564
25	1	2018	-11.25	-4.29	7.29	0.2167190314791364
26	1	2018	-13.73	-9.31	3.08	0.1178490682963227
27	1	2018	-23.07	-14.0	0.0	0.152714434590925
28	1	2018	-26.03	-17.01	0.37	0.1247909974878901
29	1	2018	-26.52	-8.36	1.14	0.2709892192341794
30	1	2018	-13.3	1.16	0.63	0.4596763801060654
31	1	2018	-24.46	-13.86	0.0	0.1693783316878444
1	2	2018	-28.95	-17.92	0.66	0.1302876517752989
2	2	2018	-23.07	-19.04	1.75	0.0655253295050288
3	2	2018	-28.1	-21.96	0.0	0.0729702185625141
4	2	2018	-27.78	-17.3	0.0	0.1363247965668789
5	2	2018	-25.93	-16.26	0.0	0.1428218476635871
6	2	2018	-26.86	-17.05	0.0	0.1367514341231997
7	2	2018	-29.45	-16.9	0.0	0.1507435491909663
8	2	2018	-27.83	-17.91	0.0	0.1304393216608038
9	2	2018	-28.14	-15.54	0.0	0.1681456544816816
10	2	2018	-19.94	-9.66	0.0	0.2333463243083212
11	2	2018	-28.92	-16.37	0.0	0.1598716403406975
12	2	2018	-31.84	-13.7	0.0	0.2006127191616053
13	2	2018	-17.88	1.48	0.0	0.6381810001801874
14	2	2018	-16.45	0.8	0.89	0.6282321779550575
15	2	2018	-29.64	-14.05	0.0	0.1991745490631789
16	2	2018	-21.06	-6.67	0.0	0.3663320182111043
17	2	2018	-19.5	-11.23	0.0	0.1962105400222304
18	2	2018	-24.03	-13.71	0.0	0.1878641348923067
19	2	2018	-28.78	-14.91	0.0	0.1895268663435168
20	2	2018	-25.06	-12.98	0.0	0.2179896296985249
21	2	2018	-31.31	-11.96	0.0	0.2471495517063857
22	2	2018	-24.0	-6.21	0.0	0.4060284673634351
23	2	2018	-21.53	-6.34	0.0	0.408955630476938
24	2	2018	-16.23	-2.31	0.0	0.5569363854966748
25	2	2018	-15.98	-2.81	0.0	0.5372464994008824
26	2	2018	-16.45	-5.08	0.0	0.4365266719551006
27	2	2018	-15.28	-2.88	0.0	0.5388708283581128
28	2	2018	-14.49	-0.13	0.0	0.6835876321839836
1	3	2018	-17.99	-4.52	0.0	0.4993363058670199
2	3	2018	-17.08	-5.96	0.0	0.4280751155873503
3	3	2018	-10.24	-4.83	3.95	0.2043866706834834
4	3	2018	-11.21	-5.49	5.81	0.2075473630175849
5	3	2018	-12.73	-8.64	1.08	0.1479986639935258
6	3	2018	-16.98	-6.55	0.0	0.3577150937709036
7	3	2018	-24.11	-7.88	0.0	0.3720707315491678
8	3	2018	-24.12	-7.98	0.0	0.3716694171707574
9	3	2018	-16.72	-4.76	0.0	0.4543187881966448
10	3	2018	-11.97	-1.51	0.0	0.5505058020676604
11	3	2018	-15.08	1.19	0.0	0.7497240241973189
12	3	2018	-16.75	-0.92	0.0	0.6547366384929562
13	3	2018	-15.94	0.05	0.0	0.7060418188457642
14	3	2018	-15.94	-0.44	0.0	0.6910520210015413
15	3	2018	-12.57	-3.88	0.0	0.439239739254275
16	3	2018	-9.0	0.81	0.0	0.6864359926540249
17	3	2018	-4.28	-0.36	0.76	0.2360754810009773
18	3	2018	-7.44	-1.13	0.0	0.4401647244299007
19	3	2018	-8.76	-1.8	0.0	0.4714389404340181
20	3	2018	-6.75	0.9	0.0	0.6358380325683948
21	3	2018	-10.51	1.98	0.0	0.8741744507938649
22	3	2018	-10.48	0.51	0.0	0.7817566776670847
23	3	2018	-4.12	-0.31	4.03	0.2204681764696906
24	3	2018	-6.01	2.92	0.0	0.8330271906784875
25	3	2018	-7.23	1.33	0.73	0.7521508121992685
26	3	2018	-9.59	2.83	0.0	0.951296424211074
27	3	2018	-11.7	-1.84	0.77	0.6631210339430059
28	3	2018	-17.49	-4.96	0.0	0.5661776829073043
29	3	2018	-22.09	-10.07	0.0	0.3791124024054273
30	3	2018	-26.05	-12.17	0.0	0.3314323928252459
31	3	2018	-22.15	-8.97	0.0	0.4366182068994997
1	4	2018	-19.12	-5.88	0.0	0.5613667461258609
2	4	2018	-21.9	-6.23	0.0	0.5446361639950751
3	4	2018	-18.77	-5.56	0.0	0.577498088025626
4	4	2018	-19.48	-4.16	0.0	0.641038748329128
5	4	2018	-19.59	-10.24	0.0	0.3567720798133627
6	4	2018	-23.03	-9.28	0.0	0.4413356916496421
7	4	2018	-23.03	-6.11	0.0	0.560291098106903
8	4	2018	-15.4	-3.61	0.0	0.6808735301422711
9	4	2018	-11.03	-0.53	0.0	0.8260286344403184
10	4	2018	-12.22	4.24	0.0	1.158127466597518
11	4	2018	-5.04	-0.62	3.11	0.2956268532989737
12	4	2018	-8.18	-2.04	0.0	0.5451130301578547
13	4	2018	-10.89	0.18	0.0	0.9059212834856306
14	4	2018	-5.01	4.12	0.0	1.095642978717915
15	4	2018	-5.25	4.96	0.0	1.2048161427820263
16	4	2018	-2.28	3.73	0.57	0.8306041580448272
17	4	2018	-1.8	1.57	5.38	0.25160378435131
18	4	2018	-4.22	8.07	0.0	1.4322936592643176
19	4	2018	-2.35	10.52	0.0	1.6305865543566638
20	4	2018	-0.95	14.77	0.0	1.922618567304967
21	4	2018	1.03	16.44	1.03	2.041719554020987
22	4	2018	3.55	12.5	0.0	1.578365277911392
23	4	2018	-0.14	12.63	0.0	1.788807452436821
24	4	2018	-1.06	19.94	0.0	2.225964304933387
25	4	2018	2.42	17.04	0.0	2.0864792831235346
26	4	2018	-0.92	20.91	0.0	2.287317628780056
27	4	2018	-1.24	15.43	0.0	1.9676660610907968
28	4	2018	1.51	25.49	0.0	2.591090767197674
29	4	2018	5.15	20.43	1.9	2.2353587864125983
30	4	2018	0.01	11.3	0.0	1.627527503023274
1	5	2018	-2.51	16.11	0.0	1.935148668467286
2	5	2018	1.6	17.98	0.6	2.0874604976725584
3	5	2018	5.0	20.63	0.0	2.267925999290814
4	5	2018	2.11	22.93	0.0	2.4015211055154304
5	5	2018	2.83	24.03	0.0	2.475294662880182
6	5	2018	4.11	27.23	0.0	2.6779066869591324
7	5	2018	8.9	26.59	0.0	2.666404659862593
8	5	2018	6.36	18.17	4.01	1.9063812736365675
9	5	2018	1.42	13.4	0.0	1.7700785835719282
10	5	2018	-0.82	10.55	2.79	1.320280836701325
11	5	2018	3.36	11.58	0.0	1.3893137386903165
12	5	2018	1.27	20.49	0.0	2.2688774310824034
13	5	2018	6.25	26.13	0.0	2.657203908332721
14	5	2018	2.42	24.27	0.0	2.5121136407322004
15	5	2018	10.41	31.36	0.0	2.994390012465118
16	5	2018	8.63	25.68	3.38	2.3930718360753076
17	5	2018	6.18	12.85	3.55	0.8543879512132759
18	5	2018	2.43	18.87	0.0	2.1526103050353216
19	5	2018	2.74	22.19	0.0	2.3832775166530196
20	5	2018	3.93	24.77	0.0	2.5607187705401437
21	5	2018	10.57	30.12	0.0	2.9147562428088816
22	5	2018	10.27	27.25	0.0	2.701979620585138
23	5	2018	10.14	29.73	2.32	2.647913998216536
24	5	2018	13.48	24.94	10.62	1.92644663660264
25	5	2018	11.2	24.82	0.0	2.384118081424477
26	5	2018	9.75	28.18	7.94	2.4277792945946577
27	5	2018	9.32	25.05	0.0	2.450753443609167
28	5	2018	8.22	30.22	0.0	2.961133664673158
29	5	2018	13.34	25.63	0.0	2.2309525420956935
30	5	2018	9.37	22.42	7.85	1.7123680119719378
31	5	2018	9.13	13.41	0.0	0.4800732485440958
1	6	2018	7.82	12.36	10.02	0.4360000222378694
2	6	2018	6.46	16.33	0.0	1.371009424221188
3	6	2018	6.41	23.21	0.0	2.3792126233993818
4	6	2018	9.43	25.58	3.37	2.097009755317902
5	6	2018	8.73	20.2	0.0	1.8433963505742683
6	6	2018	5.61	27.06	0.0	2.760636760195962
7	6	2018	8.03	26.5	0.0	2.6721496930939703
8	6	2018	13.1	22.78	0.0	1.742491560848206
9	6	2018	13.53	29.06	1.93	2.713014835175868
10	6	2018	12.93	26.14	0.0	2.3163408752588617
11	6	2018	7.45	17.9	2.06	1.2406611708380806
12	6	2018	7.8	20.28	0.0	1.9190552618579264
13	6	2018	6.72	25.25	0.0	2.5786595244812953
14	6	2018	8.37	24.13	1.53	2.4115308533085353
15	6	2018	9.32	23.31	0.0	2.243853997981971
16	6	2018	6.65	21.82	0.0	2.2076395774809146
17	6	2018	8.07	25.36	0.0	2.5483779551255528
18	6	2018	8.57	27.42	0.0	2.7442073488841476
19	6	2018	9.56	28.03	0.0	2.780793705193202
20	6	2018	11.45	29.92	0.0	2.913719345847213
21	6	2018	12.39	29.86	0.0	2.870560449355203
22	6	2018	14.0	29.28	8.34	2.257514552667002
23	6	2018	13.38	26.11	0.0	2.258419912161367
24	6	2018	16.03	26.43	14.57	1.5421160374964131
25	6	2018	14.73	29.67	0.0	2.5268065995171853
26	6	2018	12.62	24.87	0.0	2.036445893633224
27	6	2018	6.86	25.11	0.0	2.449087231967385
28	6	2018	7.37	24.0	0.0	2.30702555189079
29	6	2018	9.4	24.1	0.0	2.2021386429386025
30	6	2018	10.65	25.0	10.86	1.7771482068473283
1	7	2018	10.62	19.9	7.59	0.9910277042113812
2	7	2018	8.21	22.46	2.0	1.9079455672588097
3	7	2018	7.69	21.08	4.17	1.4044764416510598
4	7	2018	10.53	18.5	5.03	0.8388392484351896
5	7	2018	8.09	25.2	0.0	2.1820299968561367
6	7	2018	13.57	32.24	0.0	2.6419757108436666
7	7	2018	14.43	30.14	0.0	2.3410001531092424
8	7	2018	10.5	23.27	0.0	1.7526556450304729
9	7	2018	8.31	26.96	0.0	2.3390950963463526
10	7	2018	13.8	29.04	13.2	1.789567204828839
11	7	2018	14.6	24.4	1.92	1.3407614466317097
12	7	2018	15.04	28.18	0.0	1.896223633734768
13	7	2018	14.54	29.99	0.0	2.199903528140928
14	7	2018	11.99	21.6	0.0	1.2309394700309484
15	7	2018	8.87	23.4	0.0	1.832732010668836
16	7	2018	6.61	24.92	0.0	2.125531054665199
17	7	2018	9.87	33.26	0.0	2.771744236505683
18	7	2018	15.58	30.0	0.0	2.108005865472084
19	7	2018	13.38	27.39	0.0	1.969188478278857
20	7	2018	12.47	28.34	0.0	2.169440159044187
21	7	2018	16.19	24.99	0.0	1.2112817218871752
22	7	2018	12.3	22.74	3.18	1.1130773929628384
23	7	2018	10.9	21.99	0.0	1.444164760258136
24	7	2018	9.06	22.11	0.0	1.642048262959007
25	7	2018	8.7	21.68	0.0	1.6135444273990145
26	7	2018	7.08	23.04	0.0	1.88087101982641
27	7	2018	9.42	24.84	0.0	1.9337776473163344
28	7	2018	9.15	26.9	0.0	2.1623630447047995
29	7	2018	8.7	29.01	0.0	2.3721895019543666
30	7	2018	12.26	32.08	0.0	2.4938230756826267
31	7	2018	11.46	23.55	0.0	1.538215558413915
1	8	2018	8.34	26.35	0.62	2.100635863654052
2	8	2018	14.39	29.38	11.83	1.6213070063071178
3	8	2018	13.39	27.44	0.0	1.777977959600813
4	8	2018	12.65	23.69	3.49	1.1304416189915167
5	8	2018	12.86	22.9	0.0	1.1803565972871954
6	8	2018	11.07	28.82	0.0	2.0918482688557956
7	8	2018	12.86	29.12	0.0	2.0067292187547734
8	8	2018	11.65	28.89	0.0	2.0573883124484147
9	8	2018	12.34	32.72	0.0	2.3870472703766845
10	8	2018	13.93	37.18	0.0	2.6704624002266395
11	8	2018	13.96	30.84	0.0	2.0546185628511924
12	8	2018	12.16	21.41	0.43	1.034776734886262
13	8	2018	7.43	16.39	1.94	0.9006199207088286
14	8	2018	3.51	26.86	0.0	2.100423720475152
15	8	2018	10.36	27.87	0.0	1.938249172774096
16	8	2018	9.48	25.36	0.0	1.741306997954957
17	8	2018	10.01	29.8	0.0	2.1368647421975098
18	8	2018	10.21	23.78	0.0	1.471869328803224
19	8	2018	3.89	23.58	0.0	1.8015797996020264
20	8	2018	4.2	23.05	0.0	1.725380140857399
21	8	2018	5.08	27.32	0.0	2.0327700894367915
22	8	2018	10.29	30.16	0.0	2.0684842954913227
23	8	2018	7.87	23.68	0.0	1.589332224425202
24	8	2018	7.3	20.17	0.0	1.2216059679080573
25	8	2018	6.66	17.17	0.0	0.9607570099843727
26	8	2018	6.19	16.73	6.01	0.8515380514351446
27	8	2018	8.03	13.91	3.72	0.5007082679527145
28	8	2018	6.58	17.22	0.0	0.972092811904104
29	8	2018	6.71	26.47	0.0	1.9011963836078476
30	8	2018	9.33	22.63	0.92	1.3431031207506068
31	8	2018	7.11	19.93	0.0	1.242322027020452
1	9	2018	5.95	20.0	0.0	1.3250233552959223
2	9	2018	3.12	20.34	0.0	1.493839911846434
3	9	2018	4.98	19.5	0.0	1.318690737361576
4	9	2018	2.06	13.64	0.0	0.8978479222844884
5	9	2018	-1.22	21.31	0.0	1.646353358345615
6	9	2018	2.62	23.33	0.0	1.7096502496343928
7	9	2018	6.4	23.38	0.0	1.5614861145450274
8	9	2018	11.15	22.76	3.04	1.00482503977048
9	9	2018	9.05	20.54	0.0	1.0543499599941122
10	9	2018	3.82	17.54	2.34	0.9867670525533848
11	9	2018	6.01	16.03	0.0	0.8487496490421377
12	9	2018	3.51	14.47	9.28	0.7781705164235723
13	9	2018	4.37	12.21	0.0	0.6320513039815409
14	9	2018	1.59	8.76	0.0	0.5303221372768304
15	9	2018	4.52	10.7	3.24	0.4545942832616247
16	9	2018	4.88	8.79	12.12	0.2921698101485318
17	9	2018	3.39	11.15	1.36	0.6128891284322293
18	9	2018	2.92	9.96	0.0	0.5501642595491594
19	9	2018	1.87	15.09	0.0	0.9808825025647262
20	9	2018	3.36	13.01	4.23	0.6897676577730586
21	9	2018	-0.48	4.86	2.85	0.3363287785363567
22	9	2018	-1.65	1.54	3.24	0.1918551739933676
23	9	2018	-1.03	2.02	1.12	0.2104315020560978
24	9	2018	-0.48	11.19	0.7	0.8060278534075899
25	9	2018	0.93	13.05	0.0	0.8689366109462736
26	9	2018	1.45	16.06	0.0	1.033867301879296
27	9	2018	-2.73	7.37	0.0	0.6313904481691994
28	9	2018	-5.1	7.1	0.0	0.6899115145754064
29	9	2018	-4.93	6.37	0.0	0.6416304427364418
30	9	2018	-7.81	4.21	0.83	0.6235893410859357
1	10	2018	-2.92	3.34	2.28	0.347750313554934
2	10	2018	-2.25	4.98	0.0	0.455766545086179
3	10	2018	-3.57	6.35	0.0	0.5894345126818101
4	10	2018	-6.39	6.02	0.0	0.6472967968070592
5	10	2018	-4.41	7.6	0.0	0.6788204460075887
6	10	2018	-6.75	11.49	0.0	0.90481941809683
7	10	2018	-3.8	12.09	0.0	0.8868438843531632
8	10	2018	-3.98	0.74	0.0	0.2696431942645302
9	10	2018	-7.3	3.05	0.0	0.5113234270512118
10	10	2018	-10.63	4.46	0.0	0.6273175367765991
11	10	2018	-10.5	6.35	0.0	0.6966933635155586
12	10	2018	-4.43	5.54	7.57	0.4988505135935411
13	10	2018	-5.44	-0.07	0.0	0.2778497547173126
14	10	2018	-9.0	3.52	0.0	0.5486254941855848
15	10	2018	-1.46	13.3	0.0	0.8559884669124559
16	10	2018	-3.41	9.51	0.0	0.6989320383635473
17	10	2018	-2.07	20.18	0.0	1.1997149737112065
18	10	2018	0.27	19.08	0.0	1.099862905188866
19	10	2018	-4.41	12.69	0.0	0.8578441615746283
20	10	2018	-9.88	13.65	0.0	0.9434710384048725
21	10	2018	-2.56	13.8	0.0	0.8642001567401715
22	10	2018	-6.84	9.8	0.0	0.7430467383840338
23	10	2018	-5.42	14.86	0.0	0.947404749645172
24	10	2018	-2.08	17.28	0.0	1.0094751895008232
25	10	2018	-2.01	13.24	0.0	0.7986052235695706
26	10	2018	-3.7	9.01	0.0	0.6227444962941946
27	10	2018	-2.76	12.32	0.0	0.7609453856180556
28	10	2018	-4.96	8.85	0.0	0.6380200945324616
29	10	2018	1.27	7.75	0.0	0.3698848654164428
30	10	2018	-1.03	6.14	0.0	0.3760038629654487
31	10	2018	-3.18	8.84	0.0	0.5849884311566949
1	11	2018	-2.46	4.14	0.72	0.3231344859060348
2	11	2018	-3.16	-0.47	0.0	0.1267643102800558
3	11	2018	-4.06	2.23	0.0	0.2867268260297498
4	11	2018	-1.89	3.66	3.04	0.2616294410138185
5	11	2018	-8.38	0.66	4.03	0.334243096709903
6	11	2018	-12.79	-7.66	0.0	0.1549277885130162
7	11	2018	-14.37	-8.83	0.24	0.1531629397009225
8	11	2018	-18.65	-9.44	0.0	0.2059949562529042
9	11	2018	-21.34	-6.53	1.97	0.2966561027030134
10	11	2018	-10.19	-5.73	0.84	0.1513739125173122
11	11	2018	-12.49	-7.36	0.0	0.154662632933916
12	11	2018	-15.44	-6.99	0.0	0.2228218150733355
13	11	2018	-9.99	2.08	0.0	0.4305700565949111
14	11	2018	-5.49	3.68	0.0	0.3943308015057352
15	11	2018	-4.88	1.38	0.0	0.2726146265113121
16	11	2018	-20.06	-7.63	0.0	0.2573944705006168
17	11	2018	-21.92	-7.01	0.0	0.2814543951635533
18	11	2018	-14.44	-8.44	0.55	0.1617761617539508
19	11	2018	-17.7	-0.52	0.0	0.4192765580074181
20	11	2018	-7.14	-0.66	0.0	0.2543460105769602
21	11	2018	-6.7	-1.4	0.0	0.2113912814963317
22	11	2018	-4.46	4.05	0.0	0.3787567472421862
23	11	2018	-5.55	1.52	0.0	0.2999991399448031
24	11	2018	-9.27	-5.68	0.0	0.1256925484758187
25	11	2018	-10.05	-6.62	0.0	0.1152606415678665
26	11	2018	-9.27	-5.13	0.44	0.145482715393312
27	11	2018	-7.03	-4.39	0.0	0.103121319939072
28	11	2018	-8.22	-5.47	0.69	0.1015418542891973
29	11	2018	-6.42	-2.94	0.0	0.1404690082838539
30	11	2018	-7.5	-3.78	0.0	0.1424230874432831
1	12	2018	-8.1	-4.99	0.0	0.1156106157546506
2	12	2018	-9.86	-5.13	0.0	0.1618824893801634
3	12	2018	-12.76	-5.92	0.44	0.2026956263110073
4	12	2018	-12.66	-7.13	0.5	0.1632161480847564
5	12	2018	-15.55	-7.11	0.0	0.2147959805715739
6	12	2018	-17.76	-8.56	0.0	0.2062928717721008
7	12	2018	-20.11	-8.9	0.0	0.2205462007711974
8	12	2018	-19.73	-7.87	0.0	0.2394595450145203
9	12	2018	-15.82	-5.11	0.0	0.2688766437186247
10	12	2018	-17.03	-1.68	0.0	0.3684098370433726
11	12	2018	-9.99	-0.02	0.0	0.335259409755765
12	12	2018	-6.97	0.47	0.0	0.2863314864915459
13	12	2018	-10.76	1.17	0.0	0.3875255490170631
14	12	2018	-9.5	3.93	0.0	0.4634588652531673
15	12	2018	-3.59	5.33	0.0	0.3948114516088313
16	12	2018	-13.44	-4.18	0.0	0.259562927574802
17	12	2018	-9.46	2.89	0.0	0.4257462038665761
18	12	2018	-7.94	3.23	0.0	0.4111820786249417
19	12	2018	-5.81	0.19	0.0	0.241307860779148
20	12	2018	-10.24	1.36	0.0	0.3845817545549176
21	12	2018	-4.57	3.18	0.32	0.3292051824544656
22	12	2018	-9.39	-3.46	0.0	0.2015023145811803
23	12	2018	-17.17	-7.3	0.0	0.2257246759559353
24	12	2018	-16.88	-10.26	0.0	0.1502325280141097
25	12	2018	-18.29	-10.86	0.0	0.1559755193977642
26	12	2018	-15.64	-8.47	0.0	0.1754211108882364
27	12	2018	-23.2	-9.8	0.0	0.2182648009390657
28	12	2018	-23.61	-5.47	0.0	0.3020184099246292
29	12	2018	-14.1	-5.67	1.28	0.2251558040172659
30	12	2018	-21.57	-12.69	0.41	0.1531509607517221
31	12	2018	-30.03	-17.31	0.0	0.1289220712132175
1	1	2019	-25.73	-2.11	0.68	0.368149344537691
2	1	2019	-12.35	3.45	0.0	0.4807660548928604
3	1	2019	-5.11	3.17	0.0	0.3386850266231336
4	1	2019	-8.57	-0.69	0.0	0.2759872814716282
5	1	2019	-9.15	-3.9	0.0	0.1753929571356503
6	1	2019	-7.75	-0.75	0.37	0.2543612684630613
7	1	2019	-14.55	-2.43	1.2	0.3252351143149842
8	1	2019	-22.72	-14.9	0.0	0.1237133097303293
9	1	2019	-25.2	-11.01	0.69	0.2069195472611353
10	1	2019	-16.51	-10.01	0.0	0.1494889043189858
11	1	2019	-15.86	-10.89	0.0	0.1168367286583156
12	1	2019	-15.22	-4.12	0.0	0.288689556712833
13	1	2019	-13.37	-2.4	0.0	0.3149751645754247
14	1	2019	-10.36	-3.18	0.0	0.2346344503014921
15	1	2019	-22.5	-6.59	0.0	0.2846305161175932
16	1	2019	-23.46	-16.33	0.0	0.1083396932982786
17	1	2019	-28.02	-17.05	0.0	0.1291396991622114
18	1	2019	-31.82	-20.69	0.0	0.0996187481089722
19	1	2019	-27.01	-17.78	1.68	0.1146294476282047
20	1	2019	-20.7	-12.59	0.0	0.1518597086795188
21	1	2019	-18.65	-8.45	0.0	0.2225794294200332
22	1	2019	-17.29	-4.22	0.0	0.3176700451709531
23	1	2019	-23.78	-7.93	0.0	0.2687887801923996
24	1	2019	-29.57	-13.23	0.0	0.1897559453747594
25	1	2019	-23.89	-9.17	0.0	0.2468133751433232
26	1	2019	-15.61	-3.15	3.21	0.321103332180404
27	1	2019	-10.33	3.29	1.3	0.4839662808696595
28	1	2019	-24.09	-11.47	0.0	0.2071548707609967
29	1	2019	-31.59	-23.5	0.0	0.0733253681612449
30	1	2019	-27.3	-16.3	0.99	0.1437191020552888
31	1	2019	-18.47	-4.54	1.05	0.33168776803144
1	2	2019	-19.87	-10.84	1.73	0.1914012671400394
2	2	2019	-24.17	-18.65	2.13	0.080191950679097
3	2	2019	-26.68	-23.36	0.0	0.041275651695218
4	2	2019	-25.76	-22.71	2.17	0.038311623987105
5	2	2019	-33.72	-22.65	0.0	0.093604010040193
6	2	2019	-37.48	-25.35	0.0	0.0774873672096945
7	2	2019	-38.5	-25.21	0.0	0.0798869717780603
8	2	2019	-38.31	-26.32	0.0	0.072108435845323
9	2	2019	-34.76	-23.17	0.0	0.0927893736218696
10	2	2019	-34.38	-22.5	0.0	0.0987425056706761
11	2	2019	-28.28	-17.63	1.58	0.1386474699920565
12	2	2019	-32.09	-21.64	0.0	0.1028196666725867
13	2	2019	-30.32	-21.36	0.0	0.0991773658404198
14	2	2019	-32.72	-19.72	0.0	0.1279586883456797
15	2	2019	-33.27	-19.24	0.86	0.1347919531530547
16	2	2019	-21.85	-13.9	1.77	0.1603386757947283
17	2	2019	-19.73	-14.63	0.58	0.1146289640190614
18	2	2019	-27.91	-17.75	0.0	0.1414247751287213
19	2	2019	-28.65	-12.89	0.0	0.2216256116528231
20	2	2019	-23.9	-11.3	0.76	0.2385961778430847
21	2	2019	-24.51	-12.66	0.0	0.2156949354833096
22	2	2019	-27.14	-12.49	0.0	0.2306362277690005
23	2	2019	-23.59	-14.28	0.0	0.1790348148408158
24	2	2019	-31.16	-21.61	0.0	0.1082859259906212
25	2	2019	-33.22	-18.89	0.0	0.1482575690086345
26	2	2019	-31.15	-16.94	0.0	0.1724399227129381
27	2	2019	-19.08	-7.13	0.0	0.3601063721602933
28	2	2019	-18.79	-10.58	0.69	0.2201371358816277
1	3	2019	-26.99	-16.81	0.0	0.1635508338652227
2	3	2019	-33.43	-21.43	0.0	0.1230770479931625
3	3	2019	-24.99	-15.72	0.0	0.1721857951285423
4	3	2019	-19.46	-10.17	0.0	0.2600426780460582
5	3	2019	-18.38	-8.55	0.0	0.3132679674622882
6	3	2019	-25.3	-13.05	0.0	0.2367013738542421
7	3	2019	-24.79	-9.85	0.0	0.3274565118644938
8	3	2019	-16.56	-7.04	0.0	0.3596455770254722
9	3	2019	-15.92	-6.37	0.0	0.3894150090398973
10	3	2019	-22.2	-7.03	0.0	0.4268608797014045
11	3	2019	-16.4	-0.74	0.0	0.6857828802625271
12	3	2019	-5.0	3.04	0.0	0.725362997179646
13	3	2019	-4.58	2.92	0.0	0.7071208801845559
14	3	2019	-10.48	1.39	0.0	0.8102444578289801
15	3	2019	-13.26	0.99	0.0	0.8121578919198079
16	3	2019	-10.16	1.95	0.0	0.8598512766219157
17	3	2019	-11.95	3.27	0.0	0.9566463371207788
18	3	2019	-4.11	4.78	0.0	0.9381749634061496
19	3	2019	-4.19	7.81	0.0	1.2404069568717777
20	3	2019	-3.32	10.64	0.0	1.4579417310603482
21	3	2019	-2.22	10.76	0.0	1.4763424791121815
22	3	2019	-2.75	12.95	0.0	1.5954461708506102
23	3	2019	-2.09	9.86	0.0	1.4235890309317487
24	3	2019	-6.56	1.29	0.0	0.7467128862799502
25	3	2019	-8.45	5.21	0.0	1.1759549962374172
26	3	2019	-0.9	13.75	2.6	1.5636198418263996
27	3	2019	-1.8	4.2	0.0	0.7746430545965397
28	3	2019	-6.3	6.86	0.0	1.2884961719227133
29	3	2019	-4.33	4.02	0.0	0.9941229760375982
30	3	2019	-5.82	11.51	0.0	1.537159646892052
31	3	2019	-4.36	4.47	0.0	1.0573443025055602
1	4	2019	-4.19	8.77	1.16	1.419149173031834
2	4	2019	-7.04	2.35	0.0	0.9623238061224938
3	4	2019	-8.45	9.02	0.0	1.398985969185895
4	4	2019	-1.77	10.07	0.0	1.5058435150909588
5	4	2019	-4.88	7.77	0.0	1.3755192456034593
6	4	2019	0.31	4.83	0.0	0.682793992017546
7	4	2019	0.14	16.03	0.0	1.8940291415317871
8	4	2019	-2.6	15.78	0.0	1.8540426777990973
9	4	2019	-4.32	7.35	0.0	1.3672187533652025
10	4	2019	-6.29	8.33	0.0	1.4242323977876643
11	4	2019	-6.34	8.36	0.0	1.4273680231431425
12	4	2019	-8.25	9.07	0.0	1.4441730048500072
13	4	2019	-4.44	14.83	0.0	1.8018859946860373
14	4	2019	2.68	15.23	0.57	1.86419824869446
15	4	2019	-0.07	12.58	1.65	1.703857318508062
16	4	2019	-3.37	13.04	0.0	1.7320633673830537
17	4	2019	0.15	15.0	0.0	1.813154948058974
18	4	2019	-0.76	17.18	0.0	1.940505006108973
19	4	2019	5.91	19.91	0.0	2.1267551940946676
20	4	2019	2.38	17.21	0.0	1.9663680928420717
21	4	2019	-1.69	14.36	0.0	1.7842952551179434
22	4	2019	-0.74	21.32	0.0	2.190107085150387
23	4	2019	7.54	20.18	0.0	2.132930688375934
24	4	2019	0.26	17.22	0.0	1.9747885880882965
25	4	2019	-2.25	12.02	0.0	1.6471242372518011
26	4	2019	-5.98	12.25	0.0	1.6337618336549085
27	4	2019	-3.44	10.58	0.0	1.557055313688322
28	4	2019	-4.68	5.39	0.0	1.2335069959367584
29	4	2019	-8.88	8.66	0.0	1.41871108017262
30	4	2019	-5.37	10.87	1.53	1.574830249222826
1	5	2019	-7.13	9.1	1.23	1.515136267949089
2	5	2019	-2.63	10.06	0.0	1.5302074876696008
3	5	2019	-4.99	10.9	0.0	1.588271371707732
4	5	2019	-5.41	8.77	0.0	1.460047121516319
5	5	2019	-6.23	5.52	0.0	1.2643293818649524
6	5	2019	-6.48	11.7	0.0	1.6261667831795548
7	5	2019	0.52	13.88	0.0	1.7843898630144384
8	5	2019	-4.79	12.08	0.0	1.6730983590695945
9	5	2019	-1.39	15.0	2.08	1.720786548544549
10	5	2019	3.2	16.56	2.75	1.8144890585518287
11	5	2019	3.7	15.89	0.0	1.909080230379332
12	5	2019	2.62	23.12	0.0	2.4317835805246357
13	5	2019	4.48	21.62	0.0	2.342246424743603
14	5	2019	1.56	20.32	0.81	2.252028101868077
15	5	2019	4.23	15.47	0.0	1.8721636847277416
16	5	2019	-1.62	14.66	0.0	1.874955599194936
17	5	2019	-0.75	17.24	0.0	2.0501634298763536
18	5	2019	0.98	15.53	0.0	1.935812113982187
19	5	2019	-1.58	16.4	0.0	1.9975826517621236
20	5	2019	1.06	19.58	0.0	2.221314467016271
21	5	2019	2.97	21.98	0.0	2.390786143631484
22	5	2019	4.81	23.83	0.0	2.5257092343909293
23	5	2019	5.05	24.32	0.0	2.5586934934810364
24	5	2019	6.63	23.74	1.39	2.513784858717785
25	5	2019	4.56	12.9	3.54	1.5503150624627953
26	5	2019	-0.11	17.82	0.0	2.1175181762580686
27	5	2019	2.64	23.16	0.0	2.4862468993152795
28	5	2019	6.37	27.89	0.0	2.8118607091954955
29	5	2019	10.55	30.74	0.0	2.9999363338421356
30	5	2019	11.11	31.85	0.0	3.073106772778712
31	5	2019	5.56	20.19	0.0	2.254308147745773
1	6	2019	4.61	23.72	0.0	2.529096549733889
2	6	2019	10.05	31.89	0.0	3.083579843029008
3	6	2019	7.94	32.76	0.0	3.132885109071782
4	6	2019	10.66	24.61	0.45	2.5023381314380457
5	6	2019	10.25	24.38	0.0	2.498865460092285
6	6	2019	13.19	24.92	2.66	2.2716756757380283
7	6	2019	9.48	22.04	0.0	2.320226838971533
8	6	2019	4.01	16.44	1.43	1.975450423264733
9	6	2019	3.25	18.29	0.0	2.1400437226763884
10	6	2019	3.3	23.75	0.87	2.5387096667353237
11	6	2019	6.61	20.92	0.85	2.3014955222830302
12	6	2019	6.23	23.03	1.82	2.480910066422913
13	6	2019	8.63	27.88	0.0	2.8283859009250287
14	6	2019	11.86	23.14	1.98	2.344104991391234
15	6	2019	10.2	16.59	2.02	1.2664300030480042
16	6	2019	8.88	17.33	0.0	1.914947198843293
17	6	2019	5.32	22.49	0.0	2.465456018273124
18	6	2019	8.4	25.79	0.0	2.6898682144766837
19	6	2019	10.89	24.66	10.96	2.34073653066855
20	6	2019	9.28	15.88	19.62	1.0199192749091577
21	6	2019	6.47	19.61	26.18	1.6878904161834745
22	6	2019	11.29	16.6	15.74	0.5675615450076391
23	6	2019	10.19	21.78	3.29	1.3445455772336683
24	6	2019	9.31	20.4	3.93	1.2195907677326236
25	6	2019	10.24	19.89	2.9	1.044204609444424
26	6	2019	8.26	23.04	0.0	2.035922251053462
27	6	2019	9.98	25.52	9.51	1.811228568275204
28	6	2019	14.56	24.07	2.89	1.1105630017495265
29	6	2019	13.3	25.57	0.0	1.9026199106175763
30	6	2019	10.08	22.6	0.0	1.797774252544548
1	7	2019	8.72	27.93	3.71	2.0693651242098703
2	7	2019	5.68	20.75	0.0	1.888325384590972
3	7	2019	9.14	20.11	0.0	1.5459525749588676
4	7	2019	6.88	21.51	0.0	1.923389952601531
5	7	2019	10.68	20.48	1.89	1.420779758757975
6	7	2019	12.62	24.62	1.83	1.8488708471679856
7	7	2019	14.59	27.7	0.0	2.0804332021084155
8	7	2019	13.94	23.77	0.0	1.5199387353636529
9	7	2019	10.97	23.24	0.0	1.8060546375951427
10	7	2019	9.25	25.95	0.0	2.266102987306859
11	7	2019	13.93	23.72	0.0	1.5290096834124438
12	7	2019	9.49	24.75	0.0	2.123568255086865
13	7	2019	11.96	27.81	11.12	1.8723916767470292
14	7	2019	14.77	26.64	11.41	1.4407887668299617
15	7	2019	13.26	24.51	2.32	1.2718101169206346
16	7	2019	10.31	20.15	6.5	1.061869974345052
17	7	2019	13.61	22.21	1.18	1.1564974121596368
18	7	2019	10.99	24.96	3.35	1.5021730741424024
19	7	2019	9.82	18.23	10.29	0.9159433312515456
20	7	2019	10.4	22.55	0.0	1.5637626363307866
21	7	2019	11.75	24.55	0.0	1.6968039899175689
22	7	2019	11.21	26.66	0.0	1.9741783249428928
23	7	2019	14.01	29.11	0.0	2.0296376951950417
24	7	2019	15.12	28.78	4.23	1.513370633220264
25	7	2019	12.23	17.41	5.03	0.5832958464360354
26	7	2019	13.59	24.6	0.0	1.4214355833693493
27	7	2019	12.2	30.49	0.0	2.2331806741847195
28	7	2019	9.64	19.77	0.67	1.203779173925327
29	7	2019	5.21	22.95	0.0	1.8329801333788496
30	7	2019	11.61	28.16	2.76	1.6458403337371657
31	7	2019	12.49	25.28	3.6	1.3531829483712896
1	8	2019	13.04	30.21	2.45	1.7287939283129357
2	8	2019	15.6	31.94	2.59	1.718322720827609
3	8	2019	15.78	28.1	0.0	1.5549369375506537
4	8	2019	10.71	25.12	0.0	1.654840580379128
5	8	2019	10.98	27.61	0.0	1.8899449371642365
6	8	2019	10.37	20.78	1.3	1.2028367939156153
7	8	2019	4.54	21.47	0.0	1.6174917695760065
8	8	2019	5.24	22.61	0.0	1.680820629966431
9	8	2019	9.91	24.43	3.62	1.3851358341790534
10	8	2019	7.59	20.27	0.0	1.3209887621862326
11	8	2019	5.29	21.47	0.0	1.5424921027393113
12	8	2019	10.04	18.09	0.0	0.9097532053838108
13	8	2019	7.11	22.43	0.0	1.5245842006230808
14	8	2019	9.53	24.04	0.0	1.5246162801322445
15	8	2019	9.16	25.72	0.0	1.6944672397208622
16	8	2019	10.35	21.38	0.0	1.199491099957222
17	8	2019	5.15	17.49	0.0	1.1748523477157675
18	8	2019	2.42	20.14	0.0	1.49203536170137
19	8	2019	3.64	19.85	0.0	1.4190684310984738
20	8	2019	3.53	23.22	0.0	1.6634202493464705
21	8	2019	5.24	25.51	0.0	1.7751833831863193
22	8	2019	11.63	26.89	12.68	1.409833435122928
23	8	2019	9.97	20.82	0.0	1.1215398598947797
24	8	2019	12.9	27.53	2.41	1.3754969708765803
25	8	2019	11.56	21.78	7.81	0.9628065445884992
26	8	2019	8.76	19.23	0.0	1.0404267766059938
27	8	2019	8.84	19.12	0.0	1.020014558868962
28	8	2019	7.07	23.65	0.67	1.5064292264611552
29	8	2019	6.52	19.91	0.0	1.2276231309703742
30	8	2019	4.16	18.33	1.04	1.2110685716482472
31	8	2019	7.3	20.98	1.48	1.264376310123182
1	9	2019	6.02	21.46	9.37	1.2225836224985185
2	9	2019	10.19	19.31	2.8	0.8212732206276527
3	9	2019	7.63	24.27	0.0	1.4917734230248982
4	9	2019	9.22	21.17	1.87	1.1482962742662437
5	9	2019	8.22	22.39	0.0	1.3013557722160023
6	9	2019	5.49	21.58	0.0	1.3604160641739034
7	9	2019	6.74	21.7	0.0	1.3101078442849192
8	9	2019	7.4	20.88	0.0	1.2059005787244743
9	9	2019	8.81	14.63	3.25	0.4974275409975409
10	9	2019	8.11	10.92	8.16	0.2424987079123331
11	9	2019	8.54	12.6	4.63	0.347622866318237
12	9	2019	7.23	15.02	0.0	0.7133027764534166
13	9	2019	3.52	21.63	0.0	1.3977031294114608
14	9	2019	8.62	23.23	0.0	1.3071199147338737
15	9	2019	8.22	26.55	0.0	1.5543382624848263
16	9	2019	9.63	31.14	0.0	1.799976158372576
17	9	2019	13.44	25.53	1.02	1.1870828639938966
18	9	2019	11.18	21.6	3.02	0.9004800628053876
19	9	2019	9.02	21.2	1.49	1.0923858301226574
20	9	2019	9.54	20.68	0.0	1.018222957420814
21	9	2019	5.04	17.91	0.0	1.036930467068855
22	9	2019	4.99	25.28	0.0	1.520887955572177
23	9	2019	8.08	20.5	2.1	0.971820309499611
24	9	2019	5.74	16.55	0.0	0.8783264057913235
25	9	2019	2.43	15.47	0.66	0.9481716082128891
26	9	2019	1.35	9.72	7.84	0.5397029251200549
27	9	2019	0.81	7.37	0.0	0.4546697167957051
28	9	2019	0.51	5.98	0.0	0.3745055351455364
29	9	2019	0.19	4.53	7.38	0.2672962938867302
30	9	2019	0.05	1.72	5.53	0.1067193915073866
1	10	2019	-0.05	4.53	0.0	0.308539719316941
2	10	2019	-2.7	9.92	0.0	0.7605604653177316
3	10	2019	-1.54	11.37	0.0	0.8059624954512045
4	10	2019	1.74	10.03	0.0	0.5875623022920985
5	10	2019	-1.25	13.69	0.0	0.9202146717607376
6	10	2019	3.09	15.29	0.0	0.8733710161741585
7	10	2019	1.51	19.61	0.0	1.1728017441415552
8	10	2019	-2.0	7.76	0.59	0.5894048568712065
9	10	2019	-6.43	2.9	0.0	0.4676620369360256
10	10	2019	-9.24	4.1	0.0	0.5834473279555905
11	10	2019	-8.77	6.53	0.0	0.6757616546648456
12	10	2019	-7.52	7.28	0.0	0.684590798854821
13	10	2019	-9.41	8.89	0.0	0.7751165060914287
14	10	2019	-1.72	4.31	2.1	0.3210149045473889
15	10	2019	-2.31	5.28	0.0	0.4297825335325667
16	10	2019	-0.76	11.88	0.0	0.7489688446891916
17	10	2019	0.37	17.77	0.0	1.0351168345181825
18	10	2019	-0.42	14.95	0.0	0.8955705179011361
19	10	2019	-1.51	14.11	0.0	0.8717788898073949
20	10	2019	-4.29	6.95	0.0	0.5698002288283172
21	10	2019	-6.53	8.58	0.0	0.6932494372540116
22	10	2019	-6.08	6.19	0.0	0.5729036762196534
23	10	2019	-6.16	3.91	0.0	0.4658158835059224
24	10	2019	-6.35	7.41	0.0	0.6273792436106855
25	10	2019	-0.91	15.92	1.0	0.9236224755771916
26	10	2019	-5.78	2.69	0.88	0.3886648028320453
27	10	2019	-9.81	-4.35	3.97	0.1946181375208118
28	10	2019	-9.33	-4.8	2.15	0.1633398820588658
29	10	2019	-11.8	-5.6	0.0	0.2118810285519289
30	10	2019	-17.5	-0.21	0.0	0.4627838875711152
31	10	2019	-3.5	3.02	1.13	0.3224121435933225
1	11	2019	-3.43	3.57	0.0	0.3476016708986624
2	11	2019	-5.82	4.29	1.06	0.4563280559076932
3	11	2019	-6.01	1.03	0.0	0.310438152841694
4	11	2019	-13.5	-4.8	0.0	0.2681354788717817
5	11	2019	-16.25	-5.41	1.49	0.290504862578857
6	11	2019	-19.91	-8.58	0.0	0.245602859977532
7	11	2019	-21.17	-5.27	0.0	0.3296727505666838
8	11	2019	-7.95	1.92	0.82	0.3946230147540644
9	11	2019	-13.89	-2.31	1.07	0.3476881968794388
10	11	2019	-20.56	-12.18	0.0	0.1660974877590256
11	11	2019	-22.98	-9.5	0.0	0.2405746228432544
12	11	2019	-15.17	-2.69	0.0	0.3482880567719082
13	11	2019	-15.9	-0.95	0.0	0.4046574049510212
14	11	2019	-8.21	-0.92	0.0	0.2767169801511381
15	11	2019	-7.35	1.96	2.95	0.353636065723715
16	11	2019	-2.35	1.49	2.48	0.1766952400606787
17	11	2019	-3.02	4.63	0.0	0.3638501755451228
18	11	2019	-0.7	6.49	0.0	0.3736399179135423
19	11	2019	-4.59	0.88	0.0	0.2408964857156314
20	11	2019	-7.68	-2.16	0.0	0.2118722749278873
21	11	2019	-7.6	3.02	0.0	0.4153701120272774
22	11	2019	-6.46	5.34	0.0	0.4834440499674731
23	11	2019	-2.87	10.09	0.0	0.6085554138188575
24	11	2019	-2.56	3.49	1.69	0.2880758267244517
25	11	2019	-6.28	-1.1	0.68	0.2083592843698915
26	11	2019	-9.9	-2.4	0.66	0.2563368493889399
27	11	2019	-8.08	-5.48	0.0	0.0942606551842563
28	11	2019	-9.2	-5.79	2.5	0.1122020773257633
29	11	2019	-9.88	-5.99	0.0	0.1297041991823449
30	11	2019	-10.98	-7.95	0.0	0.0945664835000278
1	12	2019	-13.36	-6.81	0.0	0.1850531114119483
2	12	2019	-15.4	-2.52	0.0	0.3367424163930886
3	12	2019	-8.27	3.03	0.0	0.4167259383029678
4	12	2019	-8.26	-0.45	0.0	0.2850839409881943
5	12	2019	-15.91	-5.51	0.0	0.2590229885860412
6	12	2019	-12.73	-6.02	0.0	0.1939200178316432
7	12	2019	-13.97	-5.85	0.0	0.2221469162124325
8	12	2019	-23.7	-12.71	0.0	0.1709758023723792
9	12	2019	-25.58	-11.29	0.0	0.202584606542813
10	12	2019	-27.99	-17.04	0.0	0.1264575608746231
11	12	2019	-28.67	-17.94	0.0	0.1174256651621682
12	12	2019	-21.35	-12.79	0.61	0.1504377385629768
13	12	2019	-26.73	-14.96	0.0	0.1495060894396891
14	12	2019	-29.58	-12.26	0.0	0.1927517260625921
15	12	2019	-21.91	-8.94	0.0	0.2281470908746597
16	12	2019	-17.52	-4.87	0.0	0.2876670698381449
17	12	2019	-17.74	-5.41	0.0	0.2760525273740885
18	12	2019	-12.52	0.36	0.0	0.3821733949631305
19	12	2019	-12.56	-4.49	0.0	0.2325947596303854
20	12	2019	-11.9	1.66	0.0	0.4151520338032475
21	12	2019	-12.98	-2.48	0.0	0.299795086770367
22	12	2019	-11.59	-1.73	0.0	0.3013266845494275
23	12	2019	-9.93	-4.74	0.0	0.1676159749160003
24	12	2019	-8.69	-5.63	3.35	0.1001027462700083
25	12	2019	-9.26	-2.98	0.0	0.2119292924496351
26	12	2019	-15.87	-6.79	0.0	0.2207185988460841
27	12	2019	-16.45	-7.58	0.0	0.2079300209411875
28	12	2019	-16.85	-7.49	0.0	0.2149907618178992
29	12	2019	-19.51	-6.94	0.0	0.2540104716214486
30	12	2019	-17.35	-7.16	0.0	0.2288373900395051
31	12	2019	-14.07	-0.81	0.0	0.3647223391183953
1	1	2020	-10.22	-1.99	0.0	0.2710061541713919
2	1	2020	-8.66	-2.46	0.0	0.2183921578196004
3	1	2020	-11.5	-4.08	0.0	0.2290614380619991
4	1	2020	-8.74	3.13	0.0	0.4264630128279316
5	1	2020	-12.3	-3.15	0.0	0.2743114487811783
6	1	2020	-18.41	-3.13	0.0	0.3421871559493162
7	1	2020	-26.95	-17.75	1.12	0.1130713618212661
8	1	2020	-21.57	-10.67	1.39	0.19596993873768
9	1	2020	-25.48	-16.43	0.0	0.1235025754572243
10	1	2020	-31.4	-17.91	1.24	0.1278875570965145
11	1	2020	-21.83	-11.78	2.33	0.1706705289717697
12	1	2020	-25.14	-13.66	0.0	0.1663740970236144
13	1	2020	-30.37	-24.58	0.59	0.0533579033139301
14	1	2020	-34.55	-26.71	0.0	0.054121759908129
15	1	2020	-36.72	-29.01	0.0	0.0445652451511618
16	1	2020	-37.77	-19.82	0.0	0.113246275168449
17	1	2020	-22.9	-18.95	4.74	0.058571707614707
18	1	2020	-26.88	-21.85	0.0	0.0603128700842782
19	1	2020	-29.35	-17.92	0.0	0.1263859390200235
20	1	2020	-21.6	-1.27	0.0	0.408724074397446
21	1	2020	-11.78	1.37	0.0	0.431332098562752
22	1	2020	-13.63	-4.06	0.0	0.2841318786034071
23	1	2020	-11.23	-4.2	0.0	0.2346696759152365
24	1	2020	-8.84	-0.93	0.0	0.2997125437732749
25	1	2020	-5.84	0.11	0.0	0.2581941569607237
26	1	2020	-8.26	-3.61	0.0	0.1796147443296664
27	1	2020	-8.21	-2.89	0.0	0.2082167330473491
28	1	2020	-4.79	-1.97	0.0	0.1282384836927606
29	1	2020	-8.56	-3.42	2.77	0.1881872678455633
30	1	2020	-10.6	-1.32	0.0	0.3341174237591577
31	1	2020	-11.09	2.03	0.0	0.4652475855396346
1	2	2020	-8.47	5.52	0.0	0.5607972531277688
2	2	2020	-12.07	-0.89	0.0	0.3797018325248605
3	2	2020	-21.1	-11.66	0.0	0.1915725778156508
4	2	2020	-21.72	-5.96	0.0	0.3230198131723115
5	2	2020	-14.5	-6.66	0.38	0.2356221828855091
6	2	2020	-17.18	-11.04	0.35	0.1573379375093277
7	2	2020	-15.21	-3.81	0.0	0.3395866413953828
8	2	2020	-13.93	-3.54	0.0	0.3324026789848475
9	2	2020	-15.49	-3.3	0.0	0.3625142963337766
10	2	2020	-10.57	-3.76	0.0	0.2596278594064115
11	2	2020	-15.97	-3.04	0.0	0.3970835640196595
12	2	2020	-31.94	-18.81	0.0	0.1376128657372168
13	2	2020	-30.89	-7.75	0.0	0.2935351613768789
14	2	2020	-14.88	-3.64	0.0	0.370980358451578
15	2	2020	-22.62	-13.19	0.0	0.1864567602321942
16	2	2020	-17.48	-7.21	0.42	0.2813862977573436
17	2	2020	-22.99	-12.06	0.0	0.2151174223183516
18	2	2020	-30.71	-18.95	0.0	0.1371743238293306
19	2	2020	-30.98	-11.21	0.0	0.2505702569044638
20	2	2020	-17.85	0.81	0.0	0.6370837941882174
21	2	2020	-12.11	1.1	0.0	0.6596917547462677
22	2	2020	-9.58	2.01	0.0	0.6849915947184352
23	2	2020	-12.38	-0.8	0.0	0.5709630878560487
24	2	2020	-15.65	-2.96	0.0	0.5055503879596644
25	2	2020	-18.81	-5.06	0.0	0.4498582154301115
26	2	2020	-15.11	-1.55	0.0	0.5870451483348207
27	2	2020	-11.81	2.73	0.0	0.7951592383114717
28	2	2020	-9.39	4.64	0.0	0.9070837432299984
29	2	2020	-7.93	5.23	1.31	0.9407478873188247
1	3	2020	-11.53	-2.19	0.0	0.4933189970335515
2	3	2020	-7.19	2.52	0.0	0.7201909891580707
3	3	2020	-9.98	1.66	0.0	0.7457022411245926
4	3	2020	-5.33	2.81	2.21	0.5274903755832177
5	3	2020	-7.92	1.82	0.0	0.6937350154927168
6	3	2020	-4.74	8.56	0.0	1.1643313243261415
7	3	2020	-13.13	-2.92	0.88	0.5165123960107919
8	3	2020	-18.32	-10.7	0.0	0.2159407153390591
9	3	2020	-20.37	-1.72	0.0	0.6197529779740973
10	3	2020	-13.31	3.69	0.0	0.9084837990988618
11	3	2020	-5.77	3.46	0.0	0.7794088997494175
12	3	2020	-11.45	-3.83	0.0	0.4109367860081212
13	3	2020	-18.76	-11.75	0.0	0.1981155188762594
14	3	2020	-18.6	-10.57	1.69	0.2596351486487938
15	3	2020	-16.2	-8.22	0.0	0.317154863987875
16	3	2020	-19.98	-2.67	0.0	0.6258436349739489
17	3	2020	-15.72	-5.26	0.0	0.4896945287913175
18	3	2020	-20.19	-8.15	0.0	0.4194184082521116
19	3	2020	-20.52	-6.52	0.0	0.4941241940225535
20	3	2020	-19.92	-1.8	0.0	0.6957415092979914
21	3	2020	-12.97	0.43	0.0	0.8455405128376873
22	3	2020	-12.99	4.51	0.0	1.0838469088141494
23	3	2020	-9.58	3.11	1.05	1.0640361544115704
24	3	2020	-9.23	-1.52	1.66	0.6600816481885639
25	3	2020	-15.59	-1.74	0.0	0.7670285924549857
26	3	2020	-14.88	4.09	0.0	1.0547089054992271
27	3	2020	-5.52	4.77	0.0	1.1383355989748685
28	3	2020	-4.62	5.92	0.0	1.2447382624001262
29	3	2020	-6.32	9.8	0.0	1.4541837751988314
30	3	2020	-5.16	3.9	1.35	1.0799654024693648
31	3	2020	-12.1	-3.69	2.32	0.4869384405197233
1	4	2020	-16.97	-12.11	0.8	0.1733057897016259
2	4	2020	-19.17	-10.86	0.0	0.3318583566155332
3	4	2020	-20.98	-6.05	0.0	0.583944118923332
4	4	2020	-16.17	-6.5	2.43	0.4207070977828839
5	4	2020	-10.94	-2.34	0.41	0.670704402385139
6	4	2020	-9.12	1.2	6.15	0.7563977658308336
7	4	2020	-11.82	3.57	0.0	1.086080897391537
8	4	2020	-8.09	0.07	0.0	0.7546761991686625
9	4	2020	-14.64	4.04	0.0	1.1099265704373713
10	4	2020	-4.12	6.0	0.0	1.2401825872924777
11	4	2020	-9.52	-2.25	0.0	0.6434294234027854
12	4	2020	-11.48	-4.96	0.0	0.4846803263190699
13	4	2020	-13.65	-5.69	0.0	0.5416436894745172
14	4	2020	-15.63	2.23	0.0	1.0566966909907225
15	4	2020	-10.46	1.12	0.0	1.0251351803403042
16	4	2020	-6.75	4.44	0.0	1.251231379230716
17	4	2020	-3.55	11.33	0.0	1.6859004498187236
18	4	2020	-4.4	4.05	0.0	1.212111023105548
19	4	2020	-4.31	12.57	0.0	1.766631965001707
20	4	2020	-1.87	8.44	0.0	1.509128214397138
21	4	2020	-1.98	20.04	0.0	2.2275071954737524
22	4	2020	-0.15	15.86	0.0	2.019167762161842
23	4	2020	-0.44	17.89	0.0	2.140493031028449
24	4	2020	-0.92	14.05	2.04	1.7337247433024507
25	4	2020	-2.18	18.15	0.0	2.1388460168468475
26	4	2020	2.05	13.65	2.95	1.7067745316542082
27	4	2020	-1.36	17.19	0.0	2.102133224150195
28	4	2020	1.75	17.88	0.0	2.1762024839035323
29	4	2020	1.22	22.34	0.0	2.4486297219386843
30	4	2020	5.51	26.95	0.0	2.776621394366445
1	5	2020	3.7	17.34	0.0	2.109001644995891
2	5	2020	-1.03	17.17	0.0	2.0998107324683932
3	5	2020	-1.39	17.28	3.28	1.915360219500364
4	5	2020	3.17	13.98	0.0	1.8369604685107257
5	5	2020	-1.0	18.15	0.0	2.1656449545172687
6	5	2020	0.55	20.02	0.0	2.298446978748801
7	5	2020	-0.09	17.09	0.0	2.101515435079533
8	5	2020	0.24	17.97	5.27	1.9666339743085188
9	5	2020	-1.72	6.78	3.18	0.9473853714193456
10	5	2020	-3.9	9.07	0.0	1.5492990646460008
11	5	2020	-6.05	10.26	0.0	1.630656620331701
12	5	2020	-3.55	13.88	0.0	1.8746346229017856
13	5	2020	0.35	12.57	0.0	1.760566854678662
14	5	2020	-1.75	19.4	0.0	2.248220223728291
15	5	2020	-3.24	13.88	0.0	1.876548577273538
16	5	2020	0.31	24.69	0.0	2.603163241167888
17	5	2020	9.29	26.08	0.0	2.6224035708957785
18	5	2020	9.04	24.33	0.0	2.4865171682955785
19	5	2020	10.53	25.73	0.0	2.5749554359715914
20	5	2020	8.82	17.75	21.31	1.3942126134507071
21	5	2020	8.38	22.58	0.0	2.2302902612224833
22	5	2020	5.8	20.93	0.0	2.1739783605499396
23	5	2020	4.03	15.38	0.0	1.5716276809602456
24	5	2020	4.72	19.91	0.0	2.123775776268942
25	5	2020	6.09	25.88	0.0	2.672172439213594
26	5	2020	10.82	21.4	2.97	1.4826470154562543
27	5	2020	6.85	17.6	0.34	1.6526158969883296
28	5	2020	4.46	17.38	0.0	1.8277633223575909
29	5	2020	4.09	18.04	0.0	1.950972143372428
30	5	2020	5.56	24.63	0.0	2.6161959182444803
31	5	2020	10.4	29.85	0.0	2.965237734403908
1	6	2020	11.07	25.0	0.0	2.4665113981692217
2	6	2020	7.74	24.37	0.0	2.5696171037970523
3	6	2020	8.78	19.54	0.0	1.8666720520736608
4	6	2020	6.42	16.64	0.0	1.6522781623774132
5	6	2020	4.6	18.84	0.0	2.1158304860379147
6	6	2020	8.93	15.38	17.5	0.8016875856646112
7	6	2020	8.61	16.55	16.45	0.929009231163328
8	6	2020	6.23	14.92	0.0	1.1481026010907995
9	6	2020	4.58	20.78	0.0	2.0912714180747325
10	6	2020	6.95	22.22	0.0	2.1478447862270507
11	6	2020	5.83	20.11	0.0	1.96284268191774
12	6	2020	7.11	26.9	0.0	2.623995649819614
13	6	2020	13.62	29.56	0.0	2.6627506072316023
14	6	2020	12.55	24.37	3.28	1.5987895350748582
15	6	2020	8.49	21.37	2.92	1.5677290235252448
16	6	2020	9.19	24.2	29.79	1.837314247532467
17	6	2020	8.29	15.86	11.28	0.7850372227730725
18	6	2020	6.59	15.29	0.0	1.0246571024634803
19	6	2020	6.14	16.61	0.0	1.2808517749560555
20	6	2020	5.91	15.53	0.0	1.151988071386868
21	6	2020	3.93	17.88	0.0	1.6415752869941145
22	6	2020	6.25	23.46	0.0	2.1217772949479117
23	6	2020	10.17	27.53	0.0	2.365613748589227
24	6	2020	14.47	26.24	3.01	1.4446617790142195
25	6	2020	14.14	26.15	0.0	1.8580749037029405
26	6	2020	11.57	29.35	5.93	2.010184105726937
27	6	2020	13.77	21.23	0.0	1.0092973038860376
28	6	2020	12.4	20.05	0.0	1.0146863493880438
29	6	2020	14.41	19.01	1.0	0.6518062908782389
30	6	2020	13.55	20.59	15.21	0.8495726686562769
1	7	2020	14.34	23.93	1.84	1.4464534237288331
2	7	2020	11.74	23.56	2.86	1.3454664714765343
3	7	2020	10.3	25.98	0.0	2.1230042666970284
4	7	2020	12.4	28.82	0.0	2.300047398709656
5	7	2020	12.08	23.62	0.0	1.667670804243644
6	7	2020	11.1	24.7	2.81	1.5272202798559793
7	7	2020	12.27	28.02	6.03	1.7767469898771526
8	7	2020	13.6	20.69	3.19	0.8389878589317472
9	7	2020	12.11	22.11	0.0	1.3699478210962388
10	7	2020	9.56	23.73	5.73	1.4866550556695672
11	7	2020	10.53	25.15	0.0	1.9324022595794752
12	7	2020	12.72	25.41	2.05	1.4151237106510943
13	7	2020	10.45	19.77	2.61	1.0361344869278075
14	7	2020	10.47	21.13	4.3	1.169388097103412
15	7	2020	11.66	23.11	0.0	1.5447726055235482
16	7	2020	9.85	25.29	0.67	1.9617850012711984
17	7	2020	13.85	25.04	0.0	1.553997442424539
18	7	2020	11.6	22.35	1.52	1.4070078749994737
19	7	2020	10.59	23.13	0.0	1.610606038635928
20	7	2020	11.65	23.29	5.32	1.271141719013006
21	7	2020	9.6	25.26	0.0	1.9034675052607424
22	7	2020	14.6	30.31	0.0	2.100663129593516
23	7	2020	17.62	28.98	0.0	1.6132691918100592
24	7	2020	15.22	26.93	0.0	1.609960057390199
25	7	2020	12.06	21.03	0.0	1.1639884442371065
26	7	2020	10.87	24.62	0.0	1.7461526187770269
27	7	2020	9.58	27.4	0.0	2.0903384414961605
28	7	2020	11.15	30.56	0.0	2.281494863015531
29	7	2020	14.99	32.4	0.0	2.2184791585291825
30	7	2020	15.82	31.65	0.0	2.052008185984241
31	7	2020	13.26	26.04	0.0	1.5794478988014633
1	8	2020	9.31	27.67	0.0	2.0383688016754165
2	8	2020	10.62	27.82	0.0	1.981087679237036
3	8	2020	14.11	28.93	1.58	1.8382153150655716
4	8	2020	12.39	26.57	0.0	1.6873613611529674
5	8	2020	8.89	28.7	0.0	2.1074518530700317
6	8	2020	11.35	33.15	0.0	2.366545884945036
7	8	2020	13.11	25.0	0.0	1.384950908202154
8	8	2020	11.58	24.86	4.61	1.3069148698270412
9	8	2020	8.92	21.71	0.0	1.3522818626575857
10	8	2020	8.49	23.7	0.0	1.5903978515004344
11	8	2020	8.33	24.02	0.0	1.6219144955126712
12	8	2020	11.47	27.86	0.0	1.7954301064947384
13	8	2020	8.42	24.36	0.0	1.6164682112867197
14	8	2020	7.56	24.42	0.0	1.6595919910506842
15	8	2020	7.83	24.7	0.0	1.660335863432488
16	8	2020	8.58	28.11	0.0	1.922674582025967
17	8	2020	11.33	34.28	0.0	2.3021922112452216
18	8	2020	11.75	35.28	0.0	2.3439153975965925
19	8	2020	13.37	33.04	0.0	2.122040823451323
20	8	2020	13.66	31.73	0.0	1.9573207250592624
21	8	2020	14.4	26.97	0.0	1.3553370702542773
22	8	2020	10.54	30.34	0.0	1.9832250554550055
23	8	2020	7.09	27.57	0.0	1.8801788496253728
24	8	2020	9.49	27.82	5.67	1.5325853132075071
25	8	2020	11.98	24.92	0.0	1.2973740675327186
26	8	2020	8.32	24.73	0.0	1.4991688736767412
27	8	2020	6.78	22.04	10.39	1.2158589667700477
28	8	2020	6.55	22.29	0.0	1.3759620206945051
29	8	2020	8.07	30.06	0.0	1.9322486602223583
30	8	2020	6.7	16.34	0.0	0.8514483029399784
31	8	2020	3.35	18.74	0.0	1.2259800256018087
1	9	2020	8.16	21.28	0.0	1.1844400976855145
2	9	2020	7.06	15.67	9.14	0.6888566435398752
3	9	2020	4.64	20.81	0.0	1.3134620487577984
4	9	2020	4.22	22.73	0.0	1.4635832225932337
5	9	2020	7.34	27.96	0.0	1.7327755738277788
6	9	2020	6.95	16.69	0.0	0.8452538482247898
7	9	2020	-0.21	9.44	0.0	0.6721962572986792
8	9	2020	-4.38	14.8	0.0	1.147200563028776
9	9	2020	3.59	20.03	0.0	1.260858623423419
10	9	2020	3.68	25.09	0.0	1.614808869896306
11	9	2020	8.32	29.97	0.0	1.8079885358778087
12	9	2020	5.41	15.45	0.0	0.8069058284080226
13	9	2020	-1.39	14.24	0.0	1.0135054810268416
14	9	2020	5.49	15.67	0.0	0.8154010588612246
15	9	2020	3.7	13.17	0.0	0.7196903103342492
16	9	2020	-2.05	13.42	0.0	0.9874322700202284
17	9	2020	2.05	16.49	0.0	1.0614147783326873
18	9	2020	-0.63	22.95	0.0	1.6121610913450584
19	9	2020	5.95	25.95	0.0	1.6647428366604586
20	9	2020	11.77	19.91	11.6	0.6831774378513681
21	9	2020	8.17	22.61	0.0	1.189498651490699
22	9	2020	7.25	20.41	0.0	1.0661007724982294
23	9	2020	8.28	20.76	0.0	1.0354071772282731
24	9	2020	8.24	23.72	0.0	1.2657597864486754
25	9	2020	4.82	21.59	0.0	1.2708182121409477
26	9	2020	8.2	15.43	1.51	0.5983231057630374
27	9	2020	5.2	14.95	0.93	0.7419843662653207
28	9	2020	0.9	21.1	0.0	1.3333141406511968
29	9	2020	6.36	18.22	0.0	0.915291729774406
30	9	2020	0.78	12.07	0.0	0.7386909970095688
1	10	2020	-4.07	10.61	0.0	0.8042676009521549
2	10	2020	0.42	15.42	0.0	0.9550071891154108
3	10	2020	-1.29	14.57	0.0	0.9460939693370386
4	10	2020	4.4	22.79	0.73	1.3468302522765307
5	10	2020	7.46	18.74	0.0	0.8685346228844728
6	10	2020	5.94	17.89	0.0	0.8779298351544672
7	10	2020	-0.34	15.22	0.0	0.963757276497019
8	10	2020	5.96	21.03	1.84	1.145599310219395
9	10	2020	1.37	10.27	0.0	0.5638891853636776
10	10	2020	1.91	23.91	0.0	1.4887267325469449
11	10	2020	3.99	14.8	0.0	0.7381238659874517
12	10	2020	-3.37	11.74	0.0	0.8127276675279943
13	10	2020	-0.53	10.35	0.0	0.6358397344695281
14	10	2020	-5.97	6.15	0.0	0.573280368343902
15	10	2020	-6.44	4.83	0.0	0.5184503730354785
16	10	2020	-10.46	2.85	0.0	0.5133842149509484
17	10	2020	-12.33	-1.16	0.0	0.3868036095514554
18	10	2020	-6.54	-2.45	0.0	0.1786436288190454
19	10	2020	-7.64	-1.02	0.94	0.2881317596485349
20	10	2020	-7.68	-2.22	0.52	0.2343177114628571
21	10	2020	-8.71	-0.07	0.0	0.3597213315231243
22	10	2020	-12.84	-2.5	0.0	0.3531458950721715
23	10	2020	-13.61	-3.87	0.0	0.3165268277589541
24	10	2020	-8.12	-4.79	0.0	0.1366621520962806
25	10	2020	-11.1	-2.6	0.0	0.3111023314941994
26	10	2020	-14.18	2.53	0.55	0.5382397423988701
27	10	2020	-4.48	10.9	0.83	0.7589449480972764
28	10	2020	-5.11	2.76	0.71	0.3719806900908772
29	10	2020	-5.8	6.11	0.98	0.5483056332107121
30	10	2020	-1.72	9.91	0.0	0.6086224444564539
31	10	2020	-7.27	0.55	0.0	0.3234014045901304
1	11	2020	-7.66	13.09	0.0	0.8561521740962803
2	11	2020	0.06	16.55	0.0	0.8936128589121695
3	11	2020	0.03	15.73	0.0	0.848403819688491
4	11	2020	-2.05	12.82	0.0	0.7476268690921555
5	11	2020	-0.51	16.32	0.0	0.8819994821251723
6	11	2020	-3.45	5.72	1.22	0.4338495143183072
7	11	2020	-3.39	0.48	5.84	0.1712650693610848
8	11	2020	-10.12	-4.16	18.95	0.1984196531340257
9	11	2020	-19.58	-9.9	0.0	0.2079876076590834
10	11	2020	-16.83	-6.84	0.0	0.251883450030097
11	11	2020	-18.98	-6.64	1.41	0.278768369831924
12	11	2020	-23.96	-10.51	0.0	0.2243252234543491
13	11	2020	-14.35	-1.14	0.0	0.3843292010557527
14	11	2020	-10.9	-1.96	0.96	0.3023757767341177
15	11	2020	-11.68	-6.29	0.0	0.1700430884979442
16	11	2020	-9.7	-6.1	0.0	0.1240893539308659
17	11	2020	-8.59	-1.73	0.0	0.2546653010329303
18	11	2020	-6.19	2.85	0.0	0.375131884017555
19	11	2020	-12.97	-4.92	5.19	0.2281787922206267
20	11	2020	-18.8	-10.91	0.0	0.1669325287671504
21	11	2020	-19.39	-5.59	0.0	0.2964539082828313
22	11	2020	-17.88	-8.55	0.0	0.2097446671859573
23	11	2020	-13.1	-5.53	0.0	0.2184672514540742
24	11	2020	-10.71	-3.66	0.0	0.2284605592503613
25	11	2020	-9.47	0.83	1.15	0.3609968156397506
26	11	2020	-13.06	-1.69	0.0	0.335264152238874
27	11	2020	-11.16	0.08	0.0	0.3629894583708901
28	11	2020	-11.18	-1.43	0.6	0.311530389987401
29	11	2020	-16.08	-4.19	0.0	0.2970826511456704
30	11	2020	-10.29	1.26	0.0	0.3867983390568233
1	12	2020	-9.3	2.11	0.0	0.3994767551063798
2	12	2020	-11.8	-2.39	0.0	0.2891739700170871
3	12	2020	-8.47	1.83	0.0	0.3728753463389167
4	12	2020	-7.35	2.04	0.0	0.3562246394211536
5	12	2020	-8.22	1.33	0.0	0.3486008678340581
6	12	2020	-10.65	-0.43	0.0	0.3329790742153424
7	12	2020	-9.07	2.82	0.0	0.4183551919346601
8	12	2020	-5.19	3.73	0.0	0.3686279260941302
9	12	2020	-6.91	1.32	0.0	0.3141538750776709
10	12	2020	-13.42	-4.73	0.0	0.2413874127164241
11	12	2020	-12.95	-4.68	0.0	0.2347634189214945
12	12	2020	-12.34	-4.08	0.0	0.2425061781381186
13	12	2020	-28.9	-13.88	0.0	0.1700540823875612
14	12	2020	-30.57	-16.06	0.37	0.1447871238725079
15	12	2020	-21.38	-11.31	0.0	0.1771656542919694
16	12	2020	-18.06	-7.37	0.0	0.2311481003568678
17	12	2020	-16.68	0.56	1.01	0.423030836577368
18	12	2020	-23.33	-6.28	0.0	0.2847330873087937
19	12	2020	-15.02	3.36	0.87	0.4945209282008543
20	12	2020	-9.72	1.8	0.0	0.3860681551809436
21	12	2020	-9.99	-1.36	1.1	0.2813476314545944
22	12	2020	-15.15	-5.68	2.56	0.2302194298598851
23	12	2020	-18.95	-10.37	0.0	0.1712558916877898
24	12	2020	-16.13	-0.99	0.0	0.3761931278239873
25	12	2020	-14.8	-3.18	0.0	0.3023486961669243
26	12	2020	-14.16	-6.56	0.5	0.1979560942784803
27	12	2020	-16.42	-7.39	0.37	0.2103847449586147
28	12	2020	-19.92	-9.18	0.0	0.2073982942766415
29	12	2020	-16.99	-6.77	0.0	0.2338536759633418
30	12	2020	-19.44	-9.93	0.0	0.1872846514835348
1	1	2021	-16.96	-6.12	0.0	0.2517950685088919
2	1	2021	-11.83	3.53	0.0	0.4797728203097509
3	1	2021	-4.53	3.33	0.0	0.3325479104554794
4	1	2021	-11.36	-2.11	0.0	0.288121446961351
5	1	2021	-11.68	-1.0	0.0	0.3303213266446327
6	1	2021	-12.19	1.17	0.0	0.4089595190097421
7	1	2021	-10.52	0.23	0.0	0.3539005887565364
8	1	2021	-14.24	-4.06	0.0	0.2769043283880429
9	1	2021	-15.04	-6.12	0.0	0.2308712931735562
10	1	2021	-15.5	-7.12	0.0	0.2107450216692574
11	1	2021	-14.21	-2.84	0.0	0.3143501012065529
12	1	2021	-10.4	-0.8	0.0	0.3203005984647054
13	1	2021	-8.81	5.74	5.14	0.5132628141126957
14	1	2021	-6.59	-1.0	0.0	0.2198945231502642
15	1	2021	-13.85	-5.99	0.0	0.2190323274381572
16	1	2021	-11.18	-0.09	0.0	0.3628376254795069
17	1	2021	-11.9	-2.78	3.29	0.2740254360343998
18	1	2021	-12.58	-1.09	0.25	0.3534776484519473
19	1	2021	-14.62	2.12	0.0	0.4772337892461323
20	1	2021	-6.6	2.35	0.0	0.3652512861327011
21	1	2021	-13.71	-7.25	0.32	0.183474636209408
22	1	2021	-11.51	-5.36	1.74	0.1969339881179684
23	1	2021	-28.56	-10.66	0.0	0.2279355868745069
24	1	2021	-34.05	-24.94	0.0	0.0688583192161203
25	1	2021	-32.43	-24.53	0.0	0.0667497118314877
26	1	2021	-31.15	-21.07	0.0	0.0976567138632058
27	1	2021	-25.04	-15.28	0.0	0.1465873074818013
28	1	2021	-18.91	-11.06	0.0	0.1725655947672511
29	1	2021	-16.42	-9.52	0.0	0.1753891959739869
30	1	2021	-14.52	-9.73	0.0	0.1334433532404459
31	1	2021	-16.74	-10.11	0.0	0.1671688371390568
1	2	2021	-13.83	-3.67	0.0	0.3112508584786382
2	2	2021	-11.0	-1.98	0.0	0.3201363842806243
3	2	2021	-19.27	-10.43	0.0	0.1990133157704502
4	2	2021	-21.92	-15.89	0.0	0.112361445080757
5	2	2021	-29.18	-18.37	0.0	0.1296361676850392
6	2	2021	-35.88	-26.62	0.0	0.0652650726945509
7	2	2021	-38.27	-29.64	0.0	0.0496833489092013
8	2	2021	-37.94	-26.51	0.0	0.0711058727836581
9	2	2021	-29.65	-25.36	0.0	0.0462551089438514
10	2	2021	-34.94	-27.03	0.0	0.0606431972261634
11	2	2021	-38.19	-28.41	0.7	0.0594352052898125
12	2	2021	-33.72	-23.84	0.0	0.0871892324256436
13	2	2021	-38.26	-25.27	0.0	0.0830274547238941
14	2	2021	-35.46	-22.16	0.0	0.1075991398665092
15	2	2021	-31.97	-18.86	0.0	0.1392810002022105
16	2	2021	-27.51	-17.26	0.0	0.1474994843083761
17	2	2021	-24.49	-16.25	0.0	0.1447519689711192
18	2	2021	-26.91	-14.52	0.0	0.1924819272423428
19	2	2021	-24.23	-4.72	0.0	0.3931763616609889
20	2	2021	-11.94	-3.29	0.0	0.341448620567455
21	2	2021	-13.68	3.02	0.0	0.691464395455145
22	2	2021	-4.72	4.16	0.0	0.6113099993256685
23	2	2021	-9.5	-0.79	0.0	0.4393446710409684
24	2	2021	-11.25	-2.06	0.0	0.4236734755817275
25	2	2021	-12.37	0.07	0.0	0.580275082862458
26	2	2021	-18.43	-4.22	0.0	0.4441553601820812
27	2	2021	-25.24	-14.0	0.44	0.2045487076332761
28	2	2021	-22.84	-12.9	0.68	0.2112483666742333
1	3	2021	-19.12	1.54	0.0	0.6598863767935054
2	3	2021	-8.83	1.01	0.0	0.5723993113084485
3	3	2021	-13.26	0.29	0.0	0.6539008916919531
4	3	2021	-11.91	0.52	0.0	0.6584237729504897
5	3	2021	-8.17	3.21	0.0	0.7720619597310219
6	3	2021	-1.56	5.93	0.0	0.7140788713511721
7	3	2021	-4.1	4.44	0.0	0.7387186838394129
8	3	2021	-6.36	3.38	0.0	0.7596517629284085
9	3	2021	-6.56	-1.33	0.0	0.3272869061717234
10	3	2021	-9.94	0.39	0.0	0.6903972285842576
11	3	2021	-18.64	-4.35	0.0	0.5309822768267434
12	3	2021	-10.66	4.1	0.0	0.9509677780981936
13	3	2021	-8.21	5.87	0.0	1.062729876351569
14	3	2021	-2.43	7.45	0.0	1.0744761321252858
15	3	2021	-2.62	6.63	0.0	1.0119502536017495
16	3	2021	-10.15	-0.08	0.0	0.7025892578792469
17	3	2021	-8.24	7.95	0.0	1.2453740113211238
18	3	2021	-3.47	12.02	0.0	1.514728771432848
19	3	2021	-0.91	16.22	0.0	1.757622189291405
20	3	2021	-1.87	12.33	0.0	1.549885891443692
21	3	2021	-4.82	2.92	0.0	0.7888832299894301
22	3	2021	-6.5	6.77	1.94	1.2181670976107253
23	3	2021	-8.93	-0.99	0.0	0.6345214188521393
24	3	2021	-6.34	7.39	0.0	1.2922344563984551
25	3	2021	-5.21	2.39	0.0	0.8285253971361296
26	3	2021	-10.28	1.75	0.0	1.0018104807078514
27	3	2021	-9.84	6.29	0.0	1.2178508678760367
28	3	2021	-1.47	17.31	0.0	1.8740674857163575
29	3	2021	-9.23	6.12	3.0	1.1379259439180678
30	3	2021	-14.24	-5.99	0.0	0.545545602241
31	3	2021	-15.74	7.47	0.0	1.173989043487858
1	4	2021	-2.51	15.54	0.0	1.7936094586111335
2	4	2021	-0.44	11.89	0.0	1.5986209748362643
3	4	2021	-1.38	13.3	0.0	1.6901956089727144
4	4	2021	-0.53	17.0	0.0	1.912486211352194
5	4	2021	-2.89	11.69	0.0	1.5930237727486565
6	4	2021	-2.95	16.43	0.0	1.8577596782130967
7	4	2021	-1.3	20.96	0.0	2.1255694123424753
8	4	2021	2.09	15.75	0.0	1.8422756407157008
9	4	2021	-5.81	10.91	0.0	1.531399641364063
10	4	2021	-1.23	13.84	0.0	1.7327416399403974
11	4	2021	-2.05	3.55	3.21	0.6658290982687951
12	4	2021	-3.73	3.37	0.0	0.995206689489399
13	4	2021	-3.41	3.33	0.0	0.9751030503474334
14	4	2021	-3.11	7.33	0.0	1.3119088901820295
15	4	2021	-3.83	13.32	0.0	1.6674321042257931
16	4	2021	-5.37	14.8	0.0	1.7297902897903816
17	4	2021	-0.44	19.61	0.0	2.0628251150241934
18	4	2021	-3.72	6.47	0.0	1.2713979341243271
19	4	2021	-7.26	4.6	0.0	1.1811849461502306
20	4	2021	-9.08	9.56	0.0	1.4268685849739533
21	4	2021	-3.93	18.14	0.0	1.9512017519135667
22	4	2021	-5.01	7.41	0.0	1.339263903223998
23	4	2021	-12.39	5.18	0.0	1.178567958878605
24	4	2021	-10.11	7.0	0.0	1.293139487727586
25	4	2021	-5.76	11.6	0.0	1.5832258465333906
26	4	2021	-2.79	14.82	0.0	1.7977681643771903
27	4	2021	-4.06	10.74	0.0	1.5518847434171688
28	4	2021	-2.98	13.67	0.0	1.7381738673818383
29	4	2021	-3.65	10.98	0.0	1.5712044895038535
30	4	2021	1.67	25.69	0.0	2.501809318825015
1	5	2021	5.21	20.66	0.0	2.2066800043949777
2	5	2021	1.3	12.46	0.0	1.6488743202313645
3	5	2021	-5.5	9.73	0.0	1.506912402390981
4	5	2021	-6.19	13.54	0.0	1.722892019382677
5	5	2021	-3.98	16.83	0.0	1.940724325211381
6	5	2021	-1.09	16.2	0.0	1.9358282380846288
7	5	2021	-0.33	16.7	0.0	1.9783989102785973
8	5	2021	2.42	15.16	0.0	1.8590329164974269
9	5	2021	-3.46	15.64	0.0	1.8981047275875376
10	5	2021	-2.12	18.53	0.0	2.0875111175311685
11	5	2021	0.64	20.46	0.0	2.2308822196738927
12	5	2021	2.78	20.76	0.0	2.256249339086992
13	5	2021	1.47	21.82	0.0	2.3195693880928885
14	5	2021	3.87	22.61	0.0	2.378513586158393
15	5	2021	3.18	23.54	0.0	2.44320305023964
16	5	2021	8.41	25.27	0.0	2.548486876600337
17	5	2021	8.45	32.08	0.0	3.021608913331977
18	5	2021	11.73	28.98	0.0	2.7823409210660355
19	5	2021	1.82	12.99	0.0	1.687952414692044
20	5	2021	-1.44	4.85	2.92	0.8336866456391044
21	5	2021	-1.69	5.7	0.0	1.21763632181062
22	5	2021	-1.66	11.69	0.0	1.6606227618387357
23	5	2021	6.06	17.4	17.97	1.845234387090023
24	5	2021	8.97	12.01	17.96	0.3699089838088803
25	5	2021	2.23	9.3	0.0	0.9472873489928552
26	5	2021	-0.67	13.26	0.0	1.740298640232438
27	5	2021	1.55	18.93	0.0	2.2008157800843766
28	5	2021	7.23	22.18	0.8	2.404852218021557
29	5	2021	6.73	20.77	0.0	2.3005542700960677
30	5	2021	2.29	22.54	0.0	2.461043789987812
31	5	2021	8.35	26.96	0.0	2.770785398650597
1	6	2021	8.93	26.57	0.0	2.733549490809073
2	6	2021	11.91	31.86	0.0	3.091215711953964
3	6	2021	13.25	34.87	0.0	3.2883975720784457
4	6	2021	15.39	28.55	0.0	2.7460984519237335
5	6	2021	11.2	27.38	0.76	2.774338854129704
6	6	2021	8.23	19.94	3.01	1.7621818540153673
7	6	2021	8.53	22.46	0.0	2.424161165003932
8	6	2021	5.37	22.95	1.22	2.512228768861096
9	6	2021	11.93	19.81	6.28	1.251290780298214
10	6	2021	13.62	22.1	15.08	1.3712362327013738
11	6	2021	11.27	19.64	0.0	1.4655477958337182
12	6	2021	7.16	23.89	0.0	2.49555401208265
13	6	2021	6.85	27.02	0.0	2.79864481673272
14	6	2021	13.18	31.31	0.0	3.07322447033845
15	6	2021	16.8	33.02	1.8	3.090750002578973
16	6	2021	12.44	24.56	0.0	2.26021414761856
17	6	2021	7.51	22.32	0.0	2.3204951048470206
18	6	2021	8.28	17.97	0.0	1.6143403744126217
19	6	2021	7.11	20.7	0.0	2.1282897319423877
20	6	2021	6.19	17.5	0.0	1.7356077617771308
21	6	2021	1.72	24.16	0.0	2.5731101810939747
22	6	2021	10.47	30.33	1.47	3.038333761485403
23	6	2021	12.63	23.85	0.0	2.039974025052703
24	6	2021	8.59	25.21	0.0	2.5330973385677935
25	6	2021	9.91	27.49	0.0	2.725451777955292
26	6	2021	13.04	28.96	1.94	2.7413930349796334
27	6	2021	11.88	27.98	0.0	2.664847047520365
28	6	2021	10.28	29.39	0.0	2.908144793463639
29	6	2021	13.61	33.02	0.0	3.1633370721798726
30	6	2021	15.38	34.33	0.0	3.2248839922253163
1	7	2021	16.46	34.75	0.0	3.215231959978612
2	7	2021	18.62	38.42	0.0	3.4761143679615456
3	7	2021	17.28	30.81	2.64	2.1269794455151474
4	7	2021	13.43	26.65	1.59	2.352130455176248
5	7	2021	13.26	23.25	0.0	1.7732764225913633
6	7	2021	10.82	20.21	0.0	1.546090459420992
7	7	2021	12.15	27.13	0.0	2.515803630036032
8	7	2021	12.59	28.69	0.0	2.684099983026909
9	7	2021	12.34	31.3	0.0	2.9604458411750807
10	7	2021	13.8	33.37	0.0	3.0917733651140797
11	7	2021	15.67	31.9	0.0	2.8470778517697193
12	7	2021	12.11	28.11	0.0	2.603941339509013
13	7	2021	10.07	28.14	0.0	2.7061236510220006
14	7	2021	11.91	30.56	0.0	2.882366274206514
15	7	2021	14.43	34.66	0.0	3.185494068587448
16	7	2021	16.18	29.34	0.0	2.3927017742548693
17	7	2021	16.05	33.52	0.0	2.969539322168346
18	7	2021	14.06	25.22	0.0	1.9251349887084916
19	7	2021	13.69	19.85	0.82	0.8817037394245679
20	7	2021	15.23	26.51	0.0	1.991957959857148
21	7	2021	14.79	29.8	0.0	2.573070765754002
22	7	2021	13.37	33.35	0.0	3.0468722079865818
23	7	2021	6.51	28.17	0.0	2.70987495384383
24	7	2021	10.42	28.48	0.0	2.633321817246587
25	7	2021	10.43	26.49	2.4	1.9724166598578985
26	7	2021	11.76	27.32	0.0	2.386273198769542
27	7	2021	12.3	33.08	0.0	2.9636192182670102
28	7	2021	12.27	29.29	0.0	2.56965312472286
29	7	2021	12.18	33.21	3.09	2.4827413783661605
30	7	2021	11.88	30.72	0.0	2.6907863795227005
31	7	2021	11.11	30.89	0.0	2.7250532481071716
1	8	2021	11.91	32.96	0.0	2.878245077584302
2	8	2021	15.69	34.6	0.0	2.863372550781802
3	8	2021	18.47	28.26	0.0	1.61070460586208
4	8	2021	13.8	26.41	0.0	1.932192187303023
5	8	2021	10.99	30.09	0.0	2.576378556197431
6	8	2021	15.34	32.84	0.0	2.622535137222359
7	8	2021	15.38	27.61	5.11	1.4946467144455111
8	8	2021	12.63	21.95	0.0	1.245047963559922
9	8	2021	11.04	20.07	4.15	0.8727877537649625
10	8	2021	9.9	23.04	4.23	1.371935597457492
11	8	2021	9.97	25.29	0.0	1.9553463111075724
12	8	2021	8.46	22.81	0.0	1.7572911755923593
13	8	2021	8.32	29.56	0.0	2.440859976978539
14	8	2021	14.21	36.67	0.0	2.84310290857006
15	8	2021	15.83	31.78	0.0	2.2397869828512658
16	8	2021	14.81	25.65	0.0	1.4621593275919855
17	8	2021	10.25	19.05	2.32	0.818521829415384
18	8	2021	9.7	18.49	0.0	0.9376153053152
19	8	2021	8.39	19.99	0.0	1.3222690563245956
20	8	2021	9.74	18.9	0.0	1.0051718411315227
21	8	2021	6.01	21.38	2.77	1.3646950012058872
22	8	2021	9.2	15.3	4.85	0.5540482596838351
23	8	2021	6.77	16.82	21.36	0.9849625975779722
24	8	2021	7.96	15.3	0.0	0.7286143708830974
25	8	2021	4.04	19.65	0.0	1.6271264003984462
26	8	2021	6.9	21.67	9.93	1.375047142864478
27	8	2021	11.72	18.09	0.0	0.6911454229230471
28	8	2021	10.31	23.59	0.0	1.6107212232387085
29	8	2021	7.7	25.58	0.0	1.9570273576991917
30	8	2021	9.56	28.96	0.0	2.167586766336555
31	8	2021	11.59	26.58	10.73	1.4888478401909866
1	9	2021	9.09	21.43	4.72	1.0894556989648814
2	9	2021	8.82	17.98	0.0	0.9141113548680534
3	9	2021	9.42	20.69	0.0	1.18119431551369
4	9	2021	5.83	22.05	0.0	1.5692578923700078
5	9	2021	6.95	28.61	0.0	2.057602401337528
6	9	2021	8.89	22.43	3.89	1.152657822763852
7	9	2021	7.3	23.19	0.0	1.5516511401409685
8	9	2021	5.22	24.92	0.0	1.7854794758999954
9	9	2021	10.43	27.51	0.0	1.8771041246421507
10	9	2021	8.49	21.14	0.86	1.316732107811527
11	9	2021	4.13	14.97	0.0	0.9302403091700074
12	9	2021	2.03	19.53	0.0	1.470417418720958
13	9	2021	7.04	20.98	0.0	1.3742387148848003
14	9	2021	3.67	22.83	0.0	1.6672623526956707
15	9	2021	7.09	18.66	0.0	1.092271469984759
16	9	2021	3.45	13.85	0.63	0.8228967792148306
17	9	2021	-1.04	17.42	0.0	1.3242385815426263
18	9	2021	10.04	32.41	0.0	2.123830677774536
19	9	2021	7.01	19.24	0.0	1.0748267608197983
20	9	2021	1.67	17.62	0.0	1.2109373400469785
21	9	2021	1.69	22.01	0.0	1.529272832086786
22	9	2021	6.36	25.67	0.0	1.6523195641558537
23	9	2021	3.24	16.21	0.0	0.9482771117564238
24	9	2021	-0.23	18.29	0.0	1.258499932598916
25	9	2021	6.6	25.28	0.0	1.564609022848554
26	9	2021	2.97	23.79	0.0	1.5439105433810276
27	9	2021	8.25	28.88	0.0	1.7396181262759705
28	9	2021	6.24	29.49	0.0	1.8258280869727892
29	9	2021	7.21	20.94	0.0	1.0597122333135969
30	9	2021	2.18	24.01	0.0	1.513690565752767
1	10	2021	5.38	23.27	0.0	1.335593975573755
2	10	2021	0.26	20.46	0.0	1.2910777969217873
3	10	2021	3.94	22.96	0.0	1.349268012319846
4	10	2021	1.23	18.0	0.0	1.05630355627712
5	10	2021	4.36	21.2	0.0	1.1662283974747776
6	10	2021	3.48	26.63	0.0	1.5795354981638872
7	10	2021	2.95	14.48	0.0	0.7546614542889216
8	10	2021	1.12	16.79	0.0	0.9651581443884472
9	10	2021	-1.93	19.32	0.0	1.1837587973421513
10	10	2021	-1.29	17.1	0.0	1.034803096384327
11	10	2021	-1.06	7.82	0.0	0.4948471740886772
12	10	2021	-6.01	8.88	0.0	0.6984698489365062
13	10	2021	-3.87	5.82	5.51	0.4533781440661
14	10	2021	-0.81	5.3	1.85	0.3369945472289972
15	10	2021	-3.52	13.46	0.0	0.8673684116153246
16	10	2021	-1.67	17.26	0.0	1.0225566903557353
17	10	2021	1.66	22.73	0.0	1.244664661804692
18	10	2021	0.42	12.95	0.0	0.7183571302341635
19	10	2021	-6.11	6.8	0.0	0.5795660767397248
20	10	2021	-7.41	7.51	0.0	0.6370589407943047
21	10	2021	-5.0	7.78	0.0	0.5950744326104528
22	10	2021	-5.92	8.68	0.0	0.6571482154949438
23	10	2021	-2.04	6.96	1.63	0.4597887596609195
24	10	2021	1.98	5.46	0.0	0.2036719319735668
25	10	2021	3.5	8.59	3.0	0.2962382995715425
26	10	2021	1.46	9.17	0.0	0.4448692297335406
27	10	2021	-1.45	11.82	0.0	0.6964133144065423
28	10	2021	-2.74	10.94	0.0	0.6843275648397167
29	10	2021	-0.8	8.74	0.0	0.5074315929184728
30	10	2021	-4.89	4.84	0.0	0.4416266415847702
31	10	2021	-7.6	3.62	0.0	0.4556293291343823
1	11	2021	-8.42	2.14	0.0	0.4115003812897727
2	11	2021	-10.14	6.31	0.0	0.6044421110288734
3	11	2021	-9.87	8.62	0.0	0.6887459758243497
4	11	2021	-3.84	13.17	0.0	0.7986026120716747
5	11	2021	0.43	13.07	0.0	0.6874472992281877
6	11	2021	-4.2	8.61	0.0	0.5881331627730229
7	11	2021	-6.91	9.26	0.0	0.6673539265600612
8	11	2021	-7.44	8.28	0.0	0.6323536628386199
9	11	2021	-10.35	7.29	0.66	0.6382745495992591
10	11	2021	-2.76	2.69	4.92	0.2438966673231831
11	11	2021	-7.18	-2.28	0.0	0.1880365830725531
12	11	2021	-9.43	-5.45	0.0	0.1358747759010087
13	11	2021	-11.64	1.76	0.0	0.4353402355628464
14	11	2021	-7.87	0.05	0.0	0.2982564222374848
15	11	2021	-2.66	2.29	1.46	0.2299274270358281
16	11	2021	-3.86	4.92	11.22	0.3782444031179897
17	11	2021	-10.78	-4.53	0.0	0.2014191238051046
18	11	2021	-13.42	-2.86	0.0	0.3060863070117876
19	11	2021	-11.89	-2.6	0.0	0.2881349169362223
20	11	2021	-11.57	-0.29	0.0	0.3585348321340437
21	11	2021	-19.06	-5.16	0.0	0.2996812591396801
22	11	2021	-8.66	2.58	0.0	0.4076849717310448
23	11	2021	-11.45	2.13	0.0	0.4337026806433828
24	11	2021	-16.61	-9.37	0.0	0.1671173273137299
25	11	2021	-12.97	-1.05	0.0	0.3476072258246381
26	11	2021	-6.69	5.43	0.0	0.4728014965951624
27	11	2021	-9.08	1.9	0.0	0.3832908712802718
28	11	2021	-7.63	1.44	0.0	0.3345221619814455
29	11	2021	-6.57	4.8	0.0	0.442140345217123
30	11	2021	-8.34	3.39	0.0	0.421743541881434
1	12	2021	-4.49	5.99	0.0	0.4415771295834327
2	12	2021	-7.06	0.94	3.15	0.2926755199249686
3	12	2021	-11.35	-3.53	0.0	0.2411507048881463
4	12	2021	-14.64	-5.9	0.0	0.2284650339969181
5	12	2021	-23.55	-11.51	0.0	0.1900078188576175
6	12	2021	-26.15	-15.1	0.0	0.1444699513689881
7	12	2021	-22.84	-11.85	0.0	0.1790891400575666
8	12	2021	-17.28	0.45	2.22	0.4139454215588232
9	12	2021	-13.12	-2.31	0.0	0.3091533540880709
10	12	2021	-16.31	-4.61	0.0	0.2827303376888433
11	12	2021	-12.08	2.79	0.0	0.4552027286924692
12	12	2021	-10.0	0.13	0.0	0.3341137125978299
13	12	2021	-13.67	-4.62	0.0	0.2459555629151825
14	12	2021	-10.08	-2.78	0.0	0.2354217380369559
15	12	2021	-22.03	-11.14	0.0	0.184336253391756
16	12	2021	-26.32	-18.52	0.48	0.0948869911955555
17	12	2021	-26.7	-18.47	0.0	0.0980742832054774
18	12	2021	-28.86	-13.61	0.0	0.1723668662144765
19	12	2021	-20.75	-12.5	0.0	0.1461991719229572
20	12	2021	-22.79	-12.14	0.0	0.1707024900120956
21	12	2021	-19.53	-9.23	0.0	0.2017648354341988
22	12	2021	-14.68	-8.36	1.8	0.1579840568132081
23	12	2021	-16.81	-4.28	2.11	0.2854154131107151
24	12	2021	-26.72	-14.67	0.0	0.1515890866552331
25	12	2021	-30.5	-23.09	3.37	0.0638949014544345
26	12	2021	-28.92	-24.29	6.65	0.0428405791050378
27	12	2021	-34.33	-25.46	0.0	0.0605357684439874
28	12	2021	-36.29	-26.99	0.0	0.0546135231627008
29	12	2021	-36.16	-26.96	0.0	0.0545785126409187
30	12	2021	-38.83	-28.46	0.0	0.0504640205930412
31	12	2021	-36.35	-28.36	0.0	0.0457536622658673
1	1	2022	-35.33	-24.34	0.0	0.0712754997956238
2	1	2022	-27.26	-2.93	0.0	0.3486866764652157
3	1	2022	-18.43	-6.99	6.81	0.235189881155682
4	1	2022	-23.89	-14.12	3.04	0.1398847239727522
5	1	2022	-32.44	-20.01	0.0	0.1043697283550729
6	1	2022	-35.93	-26.74	0.0	0.0552135812822156
7	1	2022	-25.32	-7.28	1.83	0.2720399428370322
8	1	2022	-25.08	-16.08	0.0	0.1221910076840176
9	1	2022	-30.03	-19.08	0.0	0.1080756662779385
10	1	2022	-22.33	-0.8	0.0	0.4077416764341229
11	1	2022	-14.87	2.03	0.0	0.4630198047357767
12	1	2022	-3.69	3.92	0.0	0.3319696309030209
13	1	2022	-7.02	3.66	3.78	0.3968492479817039
14	1	2022	-7.66	0.13	0.0	0.2876187619965109
15	1	2022	-4.82	4.59	0.0	0.3978679698322263
16	1	2022	-5.64	4.17	0.0	0.4026834492283008
17	1	2022	-6.66	3.23	1.21	0.3898147764412561
18	1	2022	-20.17	0.58	0.0	0.4494674422516741
19	1	2022	-28.13	-16.27	0.0	0.1401349124724517
20	1	2022	-23.95	-2.1	1.61	0.3866249846206672
21	1	2022	-10.81	2.37	2.16	0.4261097878438163
22	1	2022	-8.45	4.19	1.17	0.4748043646349446
23	1	2022	-9.61	4.57	0.0	0.510777146961706
24	1	2022	-13.33	-0.59	0.0	0.3819653527067038
25	1	2022	-22.14	-4.43	0.0	0.3406395307581578
26	1	2022	-10.94	1.98	0.0	0.4402682958275818
27	1	2022	-8.38	1.58	0.0	0.3777391971892849
28	1	2022	-13.36	-0.58	0.0	0.3891046208562241
29	1	2022	-10.68	0.89	0.0	0.4012507383207007
30	1	2022	-6.15	3.75	0.0	0.4198840703879297
31	1	2022	-13.0	1.8	3.74	0.4485392957982625
1	2	2022	-26.75	-19.46	0.0	0.0936202075076334
2	2	2022	-34.43	-25.31	0.0	0.0681339028199657
3	2	2022	-33.03	-22.25	0.0	0.0931792345712759
4	2	2022	-33.94	-14.14	2.74	0.1760542086131863
5	2	2022	-19.54	-12.88	0.57	0.1401203102092373
6	2	2022	-20.62	-0.29	0.0	0.4607604916947645
7	2	2022	-7.85	4.01	0.0	0.4920314806970055
8	2	2022	-4.41	3.43	0.0	0.3737578113106935
9	2	2022	-8.42	2.57	1.71	0.4506844224788245
10	2	2022	-10.88	5.17	0.55	0.5996304836857493
11	2	2022	-20.07	-14.69	0.0	0.1119254592460657
12	2	2022	-18.4	-9.48	0.0	0.2172141924539337
13	2	2022	-17.36	0.94	0.0	0.5076850313310147
14	2	2022	-20.39	-10.93	1.1	0.2065300246159538
15	2	2022	-16.51	-7.72	0.67	0.2424456678358049
16	2	2022	-26.84	-17.17	0.0	0.1399367474459772
17	2	2022	-29.65	-10.22	0.87	0.2624624607799286
18	2	2022	-22.4	-10.67	0.79	0.2376551204645436
19	2	2022	-19.71	2.84	0.73	0.5840640669225405
20	2	2022	-23.82	-17.68	0.0	0.1066495768524468
21	2	2022	-29.21	-20.42	0.0	0.1098669574912174
22	2	2022	-32.65	-21.06	0.0	0.1177259669972791
23	2	2022	-31.06	-18.72	0.0	0.1438723178566927
24	2	2022	-27.95	-16.87	0.0	0.1610016888518878
25	2	2022	-27.27	-8.62	0.0	0.3084225299778068
26	2	2022	-13.9	-3.23	0.0	0.3738221668178847
27	2	2022	-12.18	-8.13	0.0	0.148995980305129
28	2	2022	-13.41	-8.09	0.0	0.1878094392426278
1	3	2022	-11.23	-7.1	0.0	0.1641612942008722
2	3	2022	-20.51	-10.35	0.0	0.2532124945427518
3	3	2022	-22.42	-10.56	3.51	0.2438303387879832
4	3	2022	-13.11	-8.56	4.99	0.153127234779541
5	3	2022	-16.41	-9.29	0.0	0.2270679157505357
6	3	2022	-18.0	-4.18	0.0	0.4221890306797942
7	3	2022	-15.0	1.55	1.41	0.5990852487061306
8	3	2022	-18.01	-8.68	0.0	0.2839375032101541
9	3	2022	-24.2	-15.4	0.0	0.1816565887389329
10	3	2022	-24.04	-13.64	0.0	0.2216202145049523
11	3	2022	-30.66	-11.94	0.0	0.2704593413466569
12	3	2022	-17.35	3.1	0.0	0.694234884729767
13	3	2022	-13.76	-4.11	0.0	0.3838742368142224
14	3	2022	-12.12	-2.85	0.0	0.4042094006227398
15	3	2022	-8.93	2.01	0.0	0.569280435121906
16	3	2022	-6.5	3.53	0.0	0.5925450812684783
17	3	2022	-8.0	4.46	0.0	0.7252975851030036
18	3	2022	-4.05	5.12	0.0	0.6164399974726671
19	3	2022	-6.21	5.01	0.0	0.7329670733137424
20	3	2022	-3.7	3.01	1.41	0.454849796725717
21	3	2022	-0.96	4.39	0.0	0.4141217924341204
22	3	2022	-3.53	6.03	0.0	0.7533179449728757
23	3	2022	-2.8	9.08	0.0	1.0118843822761638
24	3	2022	-1.46	5.08	2.66	0.4468626037601089
25	3	2022	-9.1	-1.3	0.0	0.4477182211038624
26	3	2022	-11.77	-5.46	0.0	0.3134380408774069
27	3	2022	-9.93	4.18	0.0	0.912863619228409
28	3	2022	-3.35	4.27	2.35	0.570206411969066
29	3	2022	-6.6	0.95	0.0	0.6061256244296389
30	3	2022	-8.56	6.82	0.0	1.1429787715657136
31	3	2022	-2.77	5.44	4.18	0.6536131930321548
1	4	2022	-4.37	3.09	0.0	0.6686355649311191
2	4	2022	-7.17	3.77	0.0	0.9012692536349528
3	4	2022	-3.52	9.8	0.0	1.322449764557224
4	4	2022	-0.64	13.24	0.0	1.6376052987326168
5	4	2022	0.02	6.91	2.16	0.6790893553279169
6	4	2022	-2.47	6.22	1.16	1.0267747877890143
7	4	2022	-3.42	9.94	0.0	1.4388996068539184
8	4	2022	-1.92	16.19	0.0	1.9263486492127715
9	4	2022	0.11	11.71	0.0	1.549225498250967
10	4	2022	-3.98	4.06	0.68	0.8974310600723013
11	4	2022	-9.15	-4.1	0.0	0.3358466001405891
12	4	2022	-10.03	-5.38	0.0	0.2825418653597837
13	4	2022	-9.86	-4.28	0.0	0.3952484491162621
14	4	2022	-8.38	-3.1	0.0	0.4438844513127509
15	4	2022	-9.46	-1.37	0.0	0.7296299015147447
16	4	2022	-9.03	2.12	0.0	1.0412933506579185
17	4	2022	-8.38	3.66	0.0	1.160036873435787
18	4	2022	-8.32	8.56	0.0	1.5043723980318509
19	4	2022	-2.18	4.04	3.17	0.6794960251925413
20	4	2022	-4.75	1.98	0.98	0.8136439701874802
21	4	2022	-8.99	5.76	0.0	1.3220791121276316
22	4	2022	-1.51	3.66	1.86	0.7618077975763241
23	4	2022	0.21	9.9	0.0	1.5915154973975558
24	4	2022	-2.47	9.91	0.0	1.6733674237717546
25	4	2022	-3.52	9.09	0.0	1.61301353755015
26	4	2022	-2.75	12.34	0.0	1.829842783691624
27	4	2022	0.29	14.19	0.0	1.9684923849194664
28	4	2022	0.56	17.63	0.0	2.187283059042161
29	4	2022	0.36	16.64	0.0	2.1295348483644596
30	4	2022	0.9	17.38	0.0	2.180773306200523
1	5	2022	0.23	13.02	0.0	1.8839597755483657
2	5	2022	-0.36	17.93	0.0	2.202135597670397
3	5	2022	3.33	19.4	0.0	2.3320248996421933
4	5	2022	-0.15	22.98	0.0	2.496362065116638
5	5	2022	8.72	27.29	2.76	2.604474363301806
6	5	2022	9.54	22.73	3.15	2.2975208930962587
7	5	2022	4.76	15.37	0.0	1.987531029814896
8	5	2022	1.99	14.9	0.0	2.007089185969563
9	5	2022	0.12	16.63	0.0	2.132934410584854
10	5	2022	3.46	13.29	2.02	1.4781086542016542
11	5	2022	-0.32	18.83	0.0	2.2647279600890555
12	5	2022	3.34	21.49	0.0	2.4642444304242708
13	5	2022	4.35	12.08	16.48	1.0491034540211146
14	5	2022	3.05	15.97	0.0	1.8124902287893776
15	5	2022	1.99	19.92	0.0	2.2344885109344808
16	5	2022	3.4	17.71	3.33	1.651250003046985
17	5	2022	7.0	17.07	4.89	1.3015997248990587
18	5	2022	7.4	14.87	2.5	0.8730375724604635
19	5	2022	1.37	10.58	6.07	0.8904009944882881
20	5	2022	1.25	7.34	0.0	0.6138813909087985
21	5	2022	-1.15	14.99	0.0	1.772658524890705
22	5	2022	1.5	17.33	0.0	1.9293335681490331
23	5	2022	2.47	22.64	0.0	2.3876924051365136
24	5	2022	4.64	24.12	0.0	2.4973871697160193
25	5	2022	5.79	24.13	0.0	2.480705507443703
26	5	2022	5.76	23.77	0.0	2.450027751846677
27	5	2022	7.01	22.47	0.0	2.272447239334277
28	5	2022	9.17	23.36	0.0	2.272109567589264
29	5	2022	8.95	18.53	0.98	1.5600790084780476
30	5	2022	7.78	16.7	0.0	1.388578211560023
31	5	2022	3.91	18.69	0.0	2.0095142385454188
1	6	2022	2.25	19.0	0.0	2.1033142946386416
2	6	2022	5.19	20.94	0.0	2.256484258584904
3	6	2022	2.06	22.84	0.0	2.5092984698292944
4	6	2022	3.26	24.0	0.0	2.596449077074565
5	6	2022	6.49	19.8	0.0	2.122132814116003
6	6	2022	5.51	20.97	0.0	2.321314011853704
7	6	2022	7.3	21.74	0.0	2.336039795908569
8	6	2022	7.4	24.76	0.0	2.656883365353847
9	6	2022	11.02	22.58	3.85	1.746655291509597
10	6	2022	9.68	23.59	5.97	1.96266880774954
11	6	2022	8.31	23.25	0.0	2.3834453643895417
12	6	2022	7.99	23.64	0.0	2.4327401091846825
13	6	2022	10.6	21.35	10.2	1.5005614810563894
14	6	2022	8.43	17.55	0.0	1.4108980677430127
15	6	2022	6.46	16.34	3.35	1.1313563452898558
16	6	2022	9.54	20.98	0.53	1.8505216709980536
17	6	2022	10.33	27.45	0.0	2.6397378383061088
18	6	2022	17.5	31.07	0.0	2.5696663348256203
19	6	2022	15.34	21.71	1.83	1.0278744632676236
20	6	2022	14.34	20.54	17.22	0.7178703654974256
21	6	2022	11.68	21.67	0.0	1.5629190283950531
22	6	2022	11.02	28.14	4.84	2.0918953383561663
23	6	2022	11.21	24.93	8.13	1.714687091134951
24	6	2022	9.21	17.93	3.35	0.9208911497943442
25	6	2022	8.9	21.25	4.45	1.4098624731159617
26	6	2022	8.85	24.62	0.0	2.192687772256648
27	6	2022	9.83	21.98	0.0	1.791217230769304
28	6	2022	7.88	21.86	0.0	1.9295831827082088
29	6	2022	11.78	24.04	0.0	1.8796714793311615
30	6	2022	9.16	22.36	0.0	1.9132014571982785
1	7	2022	6.38	22.02	0.58	2.0540056649612493
2	7	2022	9.44	20.9	1.29	1.6777473989549905
3	7	2022	10.26	22.84	0.0	1.8940821469647464
4	7	2022	11.9	21.48	0.0	1.5040387818512233
5	7	2022	10.88	17.72	4.84	0.7730586863485159
6	7	2022	12.15	23.16	0.0	1.7760923533559672
7	7	2022	10.57	23.0	8.67	1.5157911659484615
8	7	2022	16.03	30.24	2.92	1.87929329726668
9	7	2022	16.29	28.59	2.72	1.6205796742580467
10	7	2022	13.52	24.94	0.0	1.8190300306760363
11	7	2022	11.49	26.46	0.0	2.206721363211581
12	7	2022	11.03	29.3	0.0	2.5147552818709196
13	7	2022	15.77	31.77	5.24	2.0096972941227844
14	7	2022	13.73	27.43	0.0	2.080149305843291
15	7	2022	16.06	31.98	0.0	2.4338291208621556
16	7	2022	15.64	34.48	0.0	2.705812771376046
17	7	2022	16.11	29.13	13.63	1.6026581948546492
18	7	2022	14.26	28.89	11.53	1.6801299194869233
19	7	2022	16.1	28.31	5.4	1.4024837663735423
20	7	2022	12.34	24.69	0.0	1.634018040380134
21	7	2022	10.84	27.41	0.0	2.07976527454294
22	7	2022	11.39	23.95	0.0	1.6215035275452152
23	7	2022	9.06	21.21	0.0	1.4721227883222376
24	7	2022	7.47	26.92	1.13	2.17592016724012
25	7	2022	13.73	20.97	0.81	0.9325608688583108
26	7	2022	10.2	23.34	0.0	1.6173478071127452
27	7	2022	7.91	24.49	0.0	1.9006660852910495
28	7	2022	7.78	27.27	0.0	2.1561334756008916
29	7	2022	12.42	33.22	0.0	2.4730416025484985
30	7	2022	14.53	22.92	3.56	0.9326087973653842
31	7	2022	13.6	25.17	1.92	1.4453987238184582
1	8	2022	13.64	25.21	18.91	1.2378030219268554
2	8	2022	12.49	22.81	2.1	1.0917884896664425
3	8	2022	8.03	24.28	0.0	1.7283071849667755
4	8	2022	12.03	31.17	0.0	2.1594475138834985
5	8	2022	8.82	17.94	0.0	1.000163284268698
6	8	2022	5.07	22.76	0.0	1.7074210211511178
7	8	2022	11.8	29.01	0.0	1.9315030834253029
8	8	2022	10.77	31.88	0.0	2.238979324633674
9	8	2022	8.69	24.59	0.0	1.6451065425944142
10	8	2022	8.67	23.98	0.0	1.570590597182847
11	8	2022	14.33	25.21	0.0	1.274893723343184
12	8	2022	11.12	30.42	0.0	2.1046059102391834
13	8	2022	14.41	31.78	4.95	1.685249725658574
14	8	2022	15.14	28.72	0.0	1.5640864364662188
15	8	2022	12.37	28.44	0.0	1.7875214195534248
16	8	2022	13.71	32.82	0.0	2.1427347528250253
17	8	2022	15.41	27.88	1.72	1.4265773583097554
18	8	2022	12.25	28.95	0.0	1.846790345397915
19	8	2022	10.41	29.01	0.0	1.9484113534863552
20	8	2022	14.82	31.81	0.0	1.926863107235169
21	8	2022	12.47	33.31	0.0	2.1975053044260155
22	8	2022	15.75	24.66	1.79	1.016555868725031
23	8	2022	12.58	26.39	0.0	1.4525853894989564
24	8	2022	10.04	26.6	0.0	1.656655628537997
25	8	2022	10.56	29.05	0.0	1.8476779113616717
26	8	2022	11.84	28.07	7.04	1.454133813345814
27	8	2022	13.92	30.17	4.14	1.5013364624683094
28	8	2022	12.26	21.2	0.0	0.9399388017798694
29	8	2022	8.8	26.6	0.0	1.6443422261534753
30	8	2022	9.86	31.62	0.0	2.0070479358592825
31	8	2022	12.6	34.48	0.0	2.0929650099896224
1	9	2022	13.0	31.43	0.0	1.7756342104579053
2	9	2022	5.8	25.81	0.0	1.6482873372221918
3	9	2022	10.84	33.98	0.0	2.0794411104359516
4	9	2022	14.92	33.23	0.0	1.7751284775367482
5	9	2022	11.63	30.77	0.0	1.7455478906577166
6	9	2022	8.05	24.62	0.0	1.4331899515202335
7	9	2022	8.76	33.41	0.0	2.0510763929285174
8	9	2022	6.45	19.15	0.0	1.0672418551990177
9	9	2022	3.05	16.55	0.0	1.0292614241481013
10	9	2022	1.37	22.7	0.0	1.498193727245117
11	9	2022	7.24	31.22	0.0	1.9043149635661496
12	9	2022	7.75	22.08	0.0	1.20554709106728
13	9	2022	6.39	16.21	1.41	0.8038599844397032
14	9	2022	6.61	15.18	0.0	0.7042279725827265
15	9	2022	4.28	18.07	0.0	1.0572613702603575
16	9	2022	9.16	19.65	0.0	0.9104415261384192
17	9	2022	6.94	21.14	0.0	1.1524376626444124
18	9	2022	5.98	22.02	0.0	1.2566621803995743
19	9	2022	7.26	16.37	3.78	0.6871314268194819
20	9	2022	5.05	13.5	0.0	0.6556936585443687
21	9	2022	0.22	16.81	0.0	1.0952866433061368
22	9	2022	1.85	20.04	0.0	1.2454551505294529
23	9	2022	5.88	19.11	0.0	1.022553782175894
24	9	2022	5.11	21.26	0.0	1.2046352285683293
25	9	2022	2.0	21.1	0.0	1.292310792429259
26	9	2022	6.49	22.15	0.0	1.1971595088212044
27	9	2022	4.56	24.14	0.0	1.3987973197031718
28	9	2022	7.68	28.37	0.0	1.5828952102670435
29	9	2022	6.71	28.12	0.0	1.5872507467866064
30	9	2022	10.55	21.55	0.0	0.9178702624614856
1	10	2022	7.53	20.63	0.0	1.0115179917659844
2	10	2022	4.46	20.69	0.0	1.1420325844975925
3	10	2022	5.81	21.55	0.0	1.144713352196579
4	10	2022	5.83	25.05	0.0	1.3653711720023085
5	10	2022	1.64	11.68	0.0	0.6513073300205093
6	10	2022	-6.2	10.18	0.0	0.8020077120390697
7	10	2022	-2.26	19.42	0.0	1.2082424265068563
8	10	2022	2.74	22.41	0.0	1.2755192157812916
9	10	2022	2.74	21.22	0.0	1.1888200456524936
10	10	2022	2.65	24.74	0.0	1.405056166526082
11	10	2022	4.03	15.4	0.0	0.7681603131635396
12	10	2022	2.25	10.78	0.0	0.5438126332671054
13	10	2022	-0.03	13.13	0.0	0.7752243177236691
14	10	2022	-3.85	13.85	0.0	0.9065645252828354
15	10	2022	-3.14	8.71	0.0	0.6165142629654483
16	10	2022	-4.52	7.31	0.0	0.57997179707974
17	10	2022	-2.88	15.76	0.0	1.0020238728672908
18	10	2022	-0.17	20.58	0.0	1.2694483515228865
19	10	2022	1.44	20.63	0.0	1.2166328855178918
20	10	2022	2.66	15.25	0.0	0.7704504477359168
21	10	2022	-0.5	12.34	0.0	0.7083628523464801
22	10	2022	-4.66	10.91	1.03	0.7393988407989086
23	10	2022	-0.73	4.22	5.51	0.2490163597454106
24	10	2022	-2.22	1.56	0.58	0.1889493139510538
25	10	2022	-2.87	3.88	0.0	0.3317263827376254
26	10	2022	-4.71	6.43	0.0	0.517083231364232
27	10	2022	-0.97	10.13	0.0	0.5921858450856299
28	10	2022	-1.33	9.46	0.0	0.5669634545874974
29	10	2022	-3.03	12.39	0.0	0.7625440824347052
30	10	2022	-1.64	14.11	0.0	0.8121329431777621
31	10	2022	-1.19	8.85	0.0	0.5229113457305422
1	11	2022	-0.96	7.04	0.8	0.4173755613259755
2	11	2022	-2.75	1.54	1.05	0.2056382993376596
3	11	2022	-7.65	-2.02	0.0	0.2186189416510648
4	11	2022	-9.92	1.87	2.12	0.4126334654356771
5	11	2022	-6.08	1.5	6.13	0.3088519092692654
6	11	2022	-12.99	-5.13	0.0	0.2421578946315669
7	11	2022	-17.1	-7.42	3.55	0.2286671455183773
8	11	2022	-18.43	-6.17	0.0	0.2884463181647613
9	11	2022	-24.14	-14.54	0.0	0.1536061754093676
10	11	2022	-25.61	-14.42	0.0	0.164519010552618
11	11	2022	-21.7	-11.45	0.0	0.1914672646596083
12	11	2022	-21.62	-11.07	0.67	0.1983664114858911
13	11	2022	-13.8	-7.36	0.0	0.1843195602729976
14	11	2022	-12.59	-6.47	0.83	0.1862166555331039
15	11	2022	-13.73	-3.99	0.0	0.2858249018539981
16	11	2022	-10.69	-2.87	0.15	0.2655217280525108
17	11	2022	-15.91	-9.38	0.0	0.1657226780737008
18	11	2022	-15.09	-6.09	0.0	0.2440821439717615
19	11	2022	-13.33	-4.95	0.0	0.2483715936569618
20	11	2022	-12.57	0.16	0.0	0.3979827913774447
21	11	2022	-12.4	0.67	0.89	0.4113637027181416
22	11	2022	-7.39	1.25	0.0	0.3392373566675677
23	11	2022	-6.59	1.72	0.0	0.3356746938060957
24	11	2022	-7.98	2.29	0.0	0.3903117826529365
25	11	2022	-2.08	5.45	0.0	0.3636415096950096
26	11	2022	-5.93	2.28	0.0	0.3377871582564218
27	11	2022	-5.99	1.09	1.87	0.2895286949299133
28	11	2022	-9.92	-5.01	4.15	0.1575506392074205
29	11	2022	-16.58	-9.51	0.61	0.1683019639419549
30	11	2022	-21.45	-14.5	1.36	0.121952335320938
1	12	2022	-24.88	-16.05	0.73	0.1256917056561958
2	12	2022	-30.51	-22.43	0.0	0.075682872394352
3	12	2022	-25.81	-11.14	0.0	0.2076150235002688
4	12	2022	-16.77	-4.41	0.0	0.297458317174934
5	12	2022	-26.3	-15.29	0.62	0.1438953699009737
6	12	2022	-34.33	-21.8	0.0	0.0924523717856252
7	12	2022	-33.92	-10.76	0.0	0.2078954037502381
8	12	2022	-17.01	-7.01	0.0	0.2311082731287679
9	12	2022	-13.35	-3.87	0.0	0.2666219357660555
10	12	2022	-18.59	-7.67	0.0	0.2311352733862699
11	12	2022	-11.44	-4.66	1.33	0.206021083277368
12	12	2022	-12.05	-6.72	2.05	0.149414102087593
13	12	2022	-15.46	-11.24	0.0	0.1002673477999372
14	12	2022	-16.95	-8.77	0.0	0.1855725562809646
15	12	2022	-17.34	-10.26	0.0	0.1552040657882314
16	12	2022	-21.67	-14.46	0.0	0.1210573260883482
17	12	2022	-22.0	-15.46	0.0	0.1064314736413199
18	12	2022	-26.36	-20.92	0.0	0.0644828649611966
19	12	2022	-29.2	-24.05	2.1	0.0475551595354297
20	12	2022	-34.81	-26.37	0.0	0.0554714358032045
21	12	2022	-33.5	-25.91	1.26	0.0546249250565097
22	12	2022	-31.3	-24.03	0.0	0.0618501029875045
23	12	2022	-35.17	-21.99	0.0	0.0910380902621713
24	12	2022	-25.95	-14.3	9.54	0.1504351400969041
25	12	2022	-17.23	-12.32	2.4	0.1024974491490176
26	12	2022	-15.54	-5.77	0.0	0.2443869086329467
27	12	2022	-13.44	-7.51	8.84	0.1559189290370646
28	12	2022	-17.48	-11.77	1.78	0.1233852163739911
29	12	2022	-16.89	-11.02	0.0	0.131816388102469
30	12	2022	-18.13	-10.24	0.0	0.168243520898296
31	12	2022	-20.81	-13.03	0.0	0.1406667921344392
1	1	2023	-21.6	-8.15	0.0	0.2406899068096934
2	1	2023	-16.93	-7.24	0.0	0.2227502060666094
3	1	2023	-16.14	-6.09	0.0	0.2423987248165243
4	1	2023	-19.67	-9.52	0.0	0.1997454473236397
5	1	2023	-20.75	-11.22	0.0	0.1747559680614902
6	1	2023	-17.8	-9.2	0.0	0.1876535950252245
7	1	2023	-15.94	-5.84	0.0	0.2485023767489819
8	1	2023	-16.06	-5.97	0.0	0.2469463377178787
9	1	2023	-15.97	-6.76	0.0	0.2258030947486312
10	1	2023	-17.43	-9.99	0.0	0.1657874026185016
11	1	2023	-14.08	-9.09	0.0	0.1324526020847626
12	1	2023	-15.71	-9.39	0.0	0.1550807113510231
13	1	2023	-15.63	-7.67	0.0	0.1994590403917492
14	1	2023	-13.23	-7.46	0.0	0.1630646793968123
15	1	2023	-9.56	-7.4	0.0	0.0721415364798139
16	1	2023	-9.9	-7.31	0.0	0.085512644379449
17	1	2023	-11.88	-8.82	0.0	0.091882594510043
18	1	2023	-9.67	-5.22	0.58	0.1554386662754867
19	1	2023	-9.46	-4.29	0.0	0.1842521961919509
20	1	2023	-14.78	-5.17	0.0	0.2659140670508975
21	1	2023	-13.91	-3.02	0.0	0.3182958985020475
22	1	2023	-8.69	1.32	0.83	0.4161596471736981
23	1	2023	-12.56	-2.13	0.37	0.3390152679261998
24	1	2023	-13.62	-4.81	0.0	0.2635947583493642
25	1	2023	-8.71	-1.83	2.85	0.2496878638464459
26	1	2023	-7.75	3.61	1.56	0.5583423763874809
27	1	2023	-21.26	-6.24	0.0	0.3033542740959347
28	1	2023	-25.44	-18.43	0.0	0.1016514004257134
29	1	2023	-27.64	-20.15	0.0	0.0939378953693505
30	1	2023	-27.77	-19.08	0.0	0.1100450693248871
31	1	2023	-26.15	-15.93	0.61	0.1482681386376065
1	2	2023	-26.08	-14.22	0.53	0.1758371915874575
2	2	2023	-32.51	-19.06	0.0	0.1281485065512069
3	2	2023	-20.94	-5.68	0.0	0.3469851187933727
4	2	2023	-9.57	-2.42	1.09	0.3100910126479915
5	2	2023	-9.98	0.47	0.0	0.5171339692111641
6	2	2023	-5.8	1.13	0.0	0.417176410800908
7	2	2023	-6.9	2.52	0.0	0.59202866427734
8	2	2023	-10.66	-0.76	0.0	0.4891132960130858
9	2	2023	-15.3	-4.06	0.0	0.4066490365762717
10	2	2023	-10.81	3.79	0.0	0.7426336484162753
11	2	2023	-6.63	0.97	0.0	0.4887560632855909
12	2	2023	-7.94	0.58	0.0	0.5252534448576199
13	2	2023	-5.41	2.81	0.0	0.6087848366926527
14	2	2023	-18.26	-5.06	0.0	0.4144293178998859
15	2	2023	-20.08	-12.2	0.0	0.1806069214397446
16	2	2023	-23.36	-3.87	0.0	0.4498615327809037
17	2	2023	-10.31	-1.51	0.0	0.4753890594933641
18	2	2023	-14.01	-5.35	0.52	0.3502759587768168
19	2	2023	-15.76	-10.29	2.32	0.14889820190741
20	2	2023	-23.42	-13.32	0.0	0.1988507536513569
21	2	2023	-29.41	-20.73	0.0	0.109135225802559
22	2	2023	-33.57	-26.29	0.0	0.0656076233694314
23	2	2023	-32.47	-21.43	0.0	0.1152164375798534
24	2	2023	-31.91	-20.08	0.0	0.1305893197661192
25	2	2023	-29.99	-13.64	0.0	0.2314785309980911
26	2	2023	-19.92	-7.71	0.0	0.3853149408660906
27	2	2023	-16.55	-7.91	0.0	0.3319060899023921
28	2	2023	-23.01	-11.78	0.0	0.2712247400515656
1	3	2023	-23.23	-8.24	0.0	0.3865246725661378
2	3	2023	-13.54	-1.05	0.0	0.6740827950734294
3	3	2023	-11.33	-1.41	0.0	0.630759484858154
4	3	2023	-16.15	-6.75	0.0	0.4141050474212767
5	3	2023	-22.9	-12.56	0.0	0.2647086572672028
6	3	2023	-26.78	-14.72	0.0	0.2298356271568615
7	3	2023	-20.83	-13.19	0.0	0.2119370725759734
8	3	2023	-21.21	-14.4	0.0	0.1705962448106397
9	3	2023	-21.46	-11.77	0.0	0.2927394254496931
10	3	2023	-16.58	-7.43	0.93	0.4251333173755711
11	3	2023	-14.22	-6.59	0.0	0.4214140762691405
12	3	2023	-21.0	-8.12	0.0	0.4500794283301098
13	3	2023	-18.79	-4.82	0.0	0.5871287590091835
14	3	2023	-12.26	-1.16	1.6	0.7669683283582067
15	3	2023	-17.29	-4.98	0.0	0.5908744959429536
16	3	2023	-18.43	-8.3	0.0	0.4432239811839424
17	3	2023	-22.76	-9.08	0.0	0.4348301921215393
18	3	2023	-19.97	-2.12	0.0	0.7091494869941262
19	3	2023	-15.69	-4.0	0.0	0.6591234304754076
20	3	2023	-12.09	-6.0	0.0	0.4197020896041588
21	3	2023	-15.38	-6.89	0.0	0.4903549036443133
22	3	2023	-16.92	-6.89	0.0	0.5285924274991707
23	3	2023	-15.53	0.99	0.0	0.91171093721377
24	3	2023	-15.16	-3.93	0.0	0.6854628633852097
25	3	2023	-20.41	-4.11	0.0	0.665443009846862
26	3	2023	-16.24	-7.29	0.0	0.5045950043984281
27	3	2023	-21.81	-10.34	0.0	0.4263302138524991
28	3	2023	-22.77	-7.77	0.0	0.5270421367771394
29	3	2023	-18.56	-1.99	0.0	0.7869515455024413
30	3	2023	-11.14	-1.44	0.0	0.8360830477797291
31	3	2023	-14.27	-0.85	0.0	0.886672072765145
1	4	2023	-11.36	1.02	0.0	0.9920748301048972
2	4	2023	-9.29	-3.7	1.82	0.5495834031775009
3	4	2023	-14.48	-8.38	0.0	0.4038783203085203
4	4	2023	-19.6	-6.57	0.0	0.6238093766848559
5	4	2023	-21.81	-4.77	0.0	0.6789626142058905
6	4	2023	-20.16	-3.74	0.0	0.7338877049877923
7	4	2023	-14.43	0.93	0.0	0.9776270113133064
8	4	2023	-6.4	5.07	0.0	1.2343696770249244
9	4	2023	-1.87	6.63	0.0	1.2993863400424517
10	4	2023	2.03	8.16	0.0	1.3207155829444144
11	4	2023	0.57	8.11	0.0	1.370494040976994
12	4	2023	-0.8	8.39	0.0	1.427311098112274
13	4	2023	-3.16	8.71	0.0	1.4766091680873406
14	4	2023	-0.76	9.85	0.0	1.5421412091535385
15	4	2023	-2.82	12.66	0.0	1.7263936764078598
16	4	2023	-1.17	14.65	0.0	1.8018062315183372
17	4	2023	2.33	15.36	0.0	1.8610474686404908
18	4	2023	-0.71	6.01	7.22	1.0082788034011
19	4	2023	-4.06	-0.21	6.38	0.3410459688865616
20	4	2023	-4.3	-1.06	1.59	0.2901355488697089
21	4	2023	-4.66	2.81	0.0	0.9226722950731124
22	4	2023	-3.96	7.51	0.0	1.4097936210987865
23	4	2023	-5.12	9.69	0.0	1.5352424832430849
24	4	2023	-2.07	10.46	0.0	1.601748903042188
25	4	2023	2.0	15.06	1.41	1.898289039567042
26	4	2023	1.05	14.06	0.0	1.8381298291807693
27	4	2023	0.76	11.0	0.0	1.6306436196757423
28	4	2023	-1.01	18.21	0.0	2.082014746726207
29	4	2023	-1.29	15.34	0.0	1.9207754676759945
30	4	2023	-2.34	15.23	0.0	1.90512635797235
1	5	2023	-0.26	19.45	0.0	2.1730957205675616
2	5	2023	3.77	26.04	0.0	2.600374900963996
3	5	2023	5.84	25.84	0.0	2.6149466273348287
4	5	2023	5.59	26.17	0.0	2.6350007326322076
5	5	2023	4.14	18.67	0.0	2.151265844757278
6	5	2023	4.17	17.31	0.0	2.0579115968615382
7	5	2023	6.2	18.77	0.0	2.149199199427881
8	5	2023	6.79	19.28	0.0	2.1835679956786005
9	5	2023	3.96	20.16	0.0	2.2745408570480374
10	5	2023	5.63	22.01	0.0	2.3961877724934673
11	5	2023	5.04	22.24	0.0	2.4108521331356867
12	5	2023	8.71	19.83	0.0	2.168190895817168
13	5	2023	4.72	24.42	0.0	2.557218187442739
14	5	2023	6.77	26.76	0.0	2.7160550818451905
15	5	2023	10.18	28.04	0.0	2.797460021455589
16	5	2023	9.94	30.27	0.0	2.9524693570185683
17	5	2023	5.56	15.11	0.0	1.8363653462616496
18	5	2023	3.23	16.51	0.0	2.005824954295825
19	5	2023	1.14	25.61	0.0	2.596442525854483
20	5	2023	9.89	24.62	0.0	2.525002552461542
21	5	2023	6.61	22.89	0.0	2.4369267649597486
22	5	2023	10.79	29.88	3.25	2.6675367200131697
23	5	2023	10.51	21.71	0.84	2.245541854661661
24	5	2023	8.46	20.56	14.65	2.0463005239722483
25	5	2023	12.18	16.78	0.98	0.9488349559869376
26	5	2023	10.12	19.14	0.0	1.9047493106577091
27	5	2023	8.21	18.4	2.16	1.622732127048514
28	5	2023	12.55	21.91	0.0	2.1162453052027494
29	5	2023	10.17	26.86	0.0	2.7413374617330932
30	5	2023	10.77	28.15	0.0	2.835483714059939
31	5	2023	11.85	30.89	0.0	3.0301475460376093
1	6	2023	14.49	27.78	2.53	2.4857296475194355
2	6	2023	13.29	23.17	0.0	2.2904514024893605
3	6	2023	16.3	26.21	17.47	2.0324435551783324
4	6	2023	15.69	30.56	0.0	2.9596583863900903
5	6	2023	17.58	32.72	0.0	3.0848498662143986
6	6	2023	16.01	27.68	0.0	2.5033057451708944
7	6	2023	12.4	28.61	0.0	2.887282684216252
8	6	2023	13.67	29.55	0.0	2.9376749856424462
9	6	2023	10.94	24.53	0.0	2.5100080991161855
10	6	2023	9.51	24.16	0.0	2.557542728001742
11	6	2023	10.82	27.97	0.0	2.8718247866745297
12	6	2023	12.64	30.22	0.0	3.0214334409584698
13	6	2023	12.96	29.69	0.0	2.97924338968598
14	6	2023	13.09	29.19	0.0	2.939580619373215
15	6	2023	10.48	19.41	0.0	1.7614845731691493
16	6	2023	7.48	24.57	0.0	2.663880173775843
17	6	2023	12.55	21.93	0.0	1.9639461745283469
18	6	2023	8.33	24.49	22.66	2.257660945002302
19	6	2023	10.52	22.51	0.0	2.062762362784241
20	6	2023	9.17	22.26	0.0	2.1537300986116077
21	6	2023	8.44	19.75	0.0	1.8597981499316163
22	6	2023	6.41	23.6	0.0	2.4534457620562113
23	6	2023	8.34	26.39	0.0	2.6692676796725725
24	6	2023	9.64	27.18	0.0	2.6896736299719293
25	6	2023	11.87	29.4	5.7	2.328012366962025
26	6	2023	12.38	25.74	0.0	2.2581744271803785
27	6	2023	11.91	26.99	0.0	2.458278502421433
28	6	2023	11.99	23.95	0.0	2.0133228353942925
29	6	2023	11.42	27.26	0.0	2.5337122552010083
30	6	2023	13.19	28.97	0.0	2.6363789364316443
1	7	2023	14.67	31.21	0.0	2.803986580780356
2	7	2023	12.19	22.29	0.0	1.7081563471771564
3	7	2023	10.12	19.77	2.81	1.1779218141444086
4	7	2023	7.22	18.48	0.0	1.636012939875791
5	7	2023	4.75	23.19	0.0	2.340288652549116
6	7	2023	8.5	24.89	0.0	2.375882519739209
7	7	2023	8.1	23.44	0.0	2.225691251820314
8	7	2023	8.36	27.3	0.0	2.622363310398798
9	7	2023	11.53	28.68	0.0	2.631792349091398
10	7	2023	8.0	22.29	0.0	2.064889229684875
11	7	2023	8.24	21.19	0.0	1.901454180914932
12	7	2023	8.12	24.5	0.0	2.324098421109442
13	7	2023	11.21	25.37	0.0	2.2377618239565837
14	7	2023	10.8	20.25	0.0	1.470969684110426
15	7	2023	8.75	22.84	0.0	2.076788488945351
16	7	2023	7.44	22.06	0.0	2.0643591658095155
17	7	2023	7.48	25.83	4.22	2.033767173802945
18	7	2023	13.17	19.79	9.8	0.7296323970982724
19	7	2023	13.07	23.86	0.0	1.7805798497972731
20	7	2023	10.88	26.17	1.58	2.339599767480513
21	7	2023	11.26	28.04	0.0	2.506095195450076
22	7	2023	11.58	28.3	3.33	2.0571573979711015
23	7	2023	13.09	28.91	0.0	2.455700792582666
24	7	2023	14.84	32.43	0.0	2.7429881448539017
25	7	2023	17.72	32.75	1.86	2.577155555828343
26	7	2023	12.23	25.66	0.0	2.071310862518389
27	7	2023	9.39	19.86	0.0	1.4805035038390104
28	7	2023	8.44	21.0	0.0	1.743129746521171
29	7	2023	5.83	23.45	0.0	2.17143421848173
30	7	2023	7.16	28.8	0.0	2.5997640115186855
31	7	2023	14.93	32.3	0.0	2.644403296261052
1	8	2023	11.54	30.98	5.52	2.199317376379239
2	8	2023	12.05	29.58	0.0	2.416652739513299
3	8	2023	12.69	35.36	0.0	2.9070372985680244
4	8	2023	13.41	27.08	0.0	1.970275783627543
5	8	2023	9.12	26.49	0.0	2.1984610620868876
6	8	2023	9.29	27.16	0.0	2.2462484890873022
7	8	2023	9.94	27.13	0.0	2.2014056184419557
8	8	2023	8.21	23.31	0.0	1.865817312704708
9	8	2023	10.15	20.34	8.94	0.980388061292634
10	8	2023	11.8	22.59	8.85	1.0625123919106727
11	8	2023	11.86	20.35	0.0	0.9567476783802256
12	8	2023	9.55	24.16	3.01	1.4109503692300744
13	8	2023	9.71	25.34	0.0	1.8363065816017323
14	8	2023	12.07	33.06	0.0	2.4594809789838883
15	8	2023	13.9	29.06	6.69	1.549881758075044
16	8	2023	11.36	22.44	0.0	1.2438171982568684
17	8	2023	8.02	30.22	0.0	2.2819591569786044
18	8	2023	14.36	24.22	0.0	1.1084458662537806
19	8	2023	8.44	20.04	0.0	1.1782814297723143
20	8	2023	3.51	22.31	4.64	1.4423003373555612
21	8	2023	12.31	19.22	14.52	0.6707159280477442
22	8	2023	13.06	16.26	7.42	0.3254579332814015
23	8	2023	13.31	21.89	0.0	0.9544083493621008
24	8	2023	10.43	22.31	0.0	1.2518042111013163
25	8	2023	10.26	21.55	0.0	1.1627560518358993
26	8	2023	9.0	28.38	0.0	1.9804905107752508
27	8	2023	10.75	27.16	0.0	1.7522300206777657
28	8	2023	10.02	30.13	0.0	2.0542230314375254
29	8	2023	11.77	31.26	0.0	2.058686347123092
30	8	2023	14.68	28.71	0.0	1.5747816501427918
31	8	2023	13.1	21.44	8.72	0.8030939901445572
1	9	2023	12.62	27.11	0.0	1.5359199955876526
2	9	2023	12.68	27.69	0.0	1.6726853890157496
3	9	2023	7.96	28.3	0.0	1.9595232877000637
4	9	2023	8.59	20.03	0.0	1.0891354936887625
5	9	2023	1.86	17.1	0.0	1.229158788867438
6	9	2023	7.73	23.05	1.56	1.4716802063781915
7	9	2023	6.98	19.88	2.77	1.042378726254201
8	9	2023	3.11	22.21	0.0	1.5521244419292892
9	9	2023	6.43	24.03	0.0	1.5582088279765527
10	9	2023	7.15	23.64	0.0	1.4666893081720591
11	9	2023	6.76	20.77	0.0	1.2020973782357758
12	9	2023	7.82	26.61	0.75	1.6648421959793172
13	9	2023	10.94	23.14	0.0	1.150508896180496
14	9	2023	7.26	18.66	0.0	0.9928378169254504
15	9	2023	5.47	21.34	0.0	1.282484192545345
16	9	2023	6.13	27.97	0.0	1.7739626945909963
17	9	2023	7.48	30.72	0.0	2.0015360615113513
18	9	2023	9.62	27.0	0.0	1.6059080488139992
19	9	2023	5.8	18.16	0.0	0.9959244762791084
20	9	2023	3.97	20.1	0.0	1.243991185196889
21	9	2023	2.78	21.89	0.0	1.4122611816406074
22	9	2023	4.02	22.85	0.0	1.423613257759918
23	9	2023	8.42	21.73	0.0	1.0947997136327736
24	9	2023	10.52	23.03	0.0	1.0729822194254175
25	9	2023	6.95	26.15	0.0	1.551012370371914
26	9	2023	12.77	28.47	0.4	1.4125493955586197
27	9	2023	10.2	23.99	0.0	1.153238996359164
28	9	2023	6.23	19.68	0.0	1.0269882289845964
29	9	2023	2.26	18.51	0.0	1.0973654787974396
30	9	2023	1.44	11.68	13.97	0.6237344623329266
1	10	2023	6.94	9.52	6.72	0.1906185688836436
2	10	2023	6.05	12.73	2.35	0.4662267680665861
3	10	2023	4.46	15.77	0.0	0.8142589860691665
4	10	2023	2.25	13.11	2.85	0.6745560076430437
5	10	2023	-0.03	8.11	0.0	0.5041387407704504
6	10	2023	-4.09	10.92	0.0	0.8030071321024298
7	10	2023	3.26	21.28	0.0	1.1988504192251146
8	10	2023	3.06	21.58	0.0	1.216026550428214
9	10	2023	3.58	20.6	0.0	1.135097555133194
10	10	2023	3.29	19.46	0.0	1.06862889880805
11	10	2023	3.35	16.2	0.0	0.8559360501223525
12	10	2023	3.4	9.34	0.0	0.39598789737594
13	10	2023	0.2	11.78	0.0	0.6963556359618533
14	10	2023	0.7	11.73	0.0	0.6704905895120866
15	10	2023	-0.79	14.47	0.0	0.8745507238069219
16	10	2023	0.78	17.69	0.0	1.0089890985240142
17	10	2023	6.94	17.87	0.09	0.7900728108697999
18	10	2023	1.99	15.41	0.0	0.8346950780745162
19	10	2023	2.73	21.21	0.0	1.143058711383539
20	10	2023	4.12	15.66	0.0	0.7593300175960469
21	10	2023	-2.76	10.53	0.0	0.6957389610033956
22	10	2023	0.2	10.79	0.0	0.6137600904144972
23	10	2023	-3.97	1.53	2.15	0.251109396741604
24	10	2023	-10.99	-3.47	2.01	0.2561776257039555
25	10	2023	-15.2	-4.41	0.0	0.3226163747089297
26	10	2023	-11.45	-2.65	0.0	0.3153949810169695
27	10	2023	-7.46	-2.24	0.84	0.2216521265465557
28	10	2023	-12.24	-3.17	0.6	0.3108299838338569
29	10	2023	-9.83	-0.61	0.0	0.3558872848636991
30	10	2023	-13.36	-3.6	0.0	0.3143579303093324
31	10	2023	-13.37	1.07	0.0	0.4708872519961504
1	11	2023	-8.48	-0.26	0.0	0.3287262053815393
2	11	2023	-6.95	3.63	0.0	0.4556462389284457
3	11	2023	-3.95	1.36	0.0	0.2540127729910479
4	11	2023	-4.54	2.75	3.52	0.3217633480233351
5	11	2023	-0.07	1.8	1.03	0.1031624616332538
6	11	2023	-0.05	2.33	0.0	0.1297171333716468
7	11	2023	-0.23	2.21	1.93	0.1327101512053712
8	11	2023	-1.14	3.34	0.91	0.2348478345595769
9	11	2023	-4.52	-0.12	0.0	0.2009646432071776
10	11	2023	-7.2	1.51	0.0	0.357214192373148
11	11	2023	-3.83	6.53	0.0	0.4858440731540978
12	11	2023	-2.68	8.26	0.0	0.5336712407742251
13	11	2023	-4.61	7.62	0.0	0.5504807579037021
14	11	2023	-2.89	7.03	0.0	0.4778324569911428
15	11	2023	-6.02	6.0	0.0	0.5076323047086995
16	11	2023	-9.95	3.49	0.0	0.47610775915402
17	11	2023	-4.18	10.47	0.0	0.6581918816372401
18	11	2023	-3.12	12.57	0.0	0.7292070845905864
19	11	2023	-1.86	10.37	0.0	0.5968103315591302
20	11	2023	-4.07	5.34	0.0	0.422822748414026
21	11	2023	-9.64	3.44	0.0	0.4620110874476945
22	11	2023	-11.85	-2.72	0.0	0.2848310031940101
23	11	2023	-18.45	-7.38	0.0	0.2423181059659334
24	11	2023	-12.77	1.77	0.0	0.4394031305543009
25	11	2023	-9.31	0.7	0.0	0.3503722505931381
26	11	2023	-15.37	-5.55	0.0	0.250849578529393
27	11	2023	-9.65	0.83	0.0	0.3591803961590281
28	11	2023	-5.55	5.84	0.0	0.4674568025174808
29	11	2023	-6.12	2.84	0.0	0.3567574794969831
30	11	2023	-8.81	-0.88	0.0	0.2782580840491267
1	12	2023	-14.55	-1.47	0.0	0.3522257818645987
2	12	2023	-13.21	-2.4	0.0	0.3074520547952127
3	12	2023	-15.1	-1.04	0.0	0.368392891045492
4	12	2023	-11.55	0.57	0.0	0.3750267327049874
5	12	2023	-9.73	4.52	0.0	0.4830518411091211
6	12	2023	-4.59	5.72	0.91	0.4293619469358053
7	12	2023	-0.69	3.69	2.89	0.2022894303843279
8	12	2023	-6.56	0.05	0.0	0.2483353328132356
9	12	2023	-10.14	-1.49	0.0	0.2778672118283034
10	12	2023	-9.17	0.17	0.0	0.3150069283963742
11	12	2023	-12.31	-2.43	0.0	0.2862927635366156
12	12	2023	-14.38	-0.65	0.0	0.3665561021277925
13	12	2023	-7.45	6.51	0.0	0.5161320758634691
14	12	2023	-4.72	6.05	0.0	0.4419270097403661
15	12	2023	-5.29	4.03	0.0	0.3714220851266351
16	12	2023	-4.91	4.06	0.0	0.3635128945392381
17	12	2023	-11.4	0.37	0.0	0.3595764303167669
18	12	2023	-11.89	0.05	0.0	0.3567997142767533
19	12	2023	-6.53	-2.4	0.0	0.1521405890651052
20	12	2023	-6.96	1.75	0.0	0.3231186832865629
21	12	2023	-8.62	1.98	0.0	0.368268960808024
22	12	2023	-7.5	6.41	0.0	0.513133274491897
23	12	2023	-5.28	2.76	0.0	0.3201942034541824
24	12	2023	-12.5	-0.97	0.0	0.3340604242693846
25	12	2023	-11.7	1.59	0.0	0.4044921386766298
26	12	2023	-10.08	5.65	0.0	0.5221449515100296
27	12	2023	-9.07	4.81	0.0	0.4787767811558205
28	12	2023	-8.35	6.34	0.0	0.524479687886275
29	12	2023	-9.48	0.69	0.0	0.3386123358188036
30	12	2023	-14.05	-0.54	0.0	0.3664075770909885
31	12	2023	-9.95	1.61	0.0	0.3802117950610801
