Day	Month	Year	Tmin(c)	Tmax(c)	Prcp(mm)	Et0(mm)
1	1	2018	-31.12	-13.2	0.0	0.1819032562027669
2	1	2018	-21.1	-5.13	0.0	0.305701036869632
3	1	2018	-14.8	-2.81	0.0	0.3171482921280809
4	1	2018	-13.97	-6.05	0.0	0.2118496077073322
5	1	2018	-13.95	-6.8	0.0	0.1904255184789583
6	1	2018	-12.17	0.91	0.0	0.4006136162464002
7	1	2018	-8.36	1.25	0.0	0.3473380970030431
8	1	2018	-9.61	-2.21	0.0	0.2490457705152538
9	1	2018	-11.39	-0.54	0.0	0.3430361942734344
10	1	2018	-24.02	-16.0	0.28	0.1175204252956661
11	1	2018	-29.19	-21.78	0.0	0.0746039479673213
12	1	2018	-31.12	-20.07	0.0	0.1029187105465686
13	1	2018	-27.61	-8.5	0.0	0.2564856014279627
14	1	2018	-22.68	-10.11	0.0	0.2157478438018235
15	1	2018	-29.31	-15.76	0.0	0.1509154973284597
16	1	2018	-20.98	-0.91	0.0	0.4131471434796614
17	1	2018	-9.37	4.14	0.3	0.5023853838163509
18	1	2018	-7.56	8.0	0.0	0.6728747852221535
19	1	2018	-4.88	4.28	0.0	0.3978091157033129
20	1	2018	-7.95	0.93	0.0	0.3382743628733935
21	1	2018	-11.98	-1.39	0.0	0.3365979404018693
22	1	2018	-11.07	3.56	0.0	0.5311960950638462
23	1	2018	-10.6	-0.44	0.0	0.3477587936707411
24	1	2018	-10.74	-3.2	0.0	0.2526481741450428
25	1	2018	-9.68	-1.48	0.0	0.2922193647942581
26	1	2018	-12.65	-6.93	0.71	0.1719407590943356
27	1	2018	-20.57	-13.4	0.0	0.1381026831908996
28	1	2018	-22.76	-14.47	0.0	0.141501619987597
29	1	2018	-23.4	-3.14	0.0	0.3817312616940217
30	1	2018	-12.35	3.01	0.0	0.5694947515686467
31	1	2018	-23.31	-13.83	0.0	0.1612895224359897
1	2	2018	-26.67	-15.34	0.0	0.1581795858561508
2	2	2018	-21.92	-17.44	2.97	0.0745232392790353
3	2	2018	-27.26	-20.64	1.03	0.0840502409832741
4	2	2018	-28.61	-16.55	0.0	0.1508287793910552
5	2	2018	-26.33	-15.4	0.0	0.1593161559256729
6	2	2018	-27.7	-17.36	0.0	0.1365707375301577
7	2	2018	-27.94	-14.42	0.0	0.1830000811927666
8	2	2018	-26.87	-17.11	0.0	0.1368214108802511
9	2	2018	-28.4	-15.92	0.0	0.1632167745700009
10	2	2018	-20.8	-9.49	0.0	0.249780326022161
11	2	2018	-27.71	-15.79	0.0	0.1641042338540742
12	2	2018	-32.07	-12.71	0.0	0.2148582599251567
13	2	2018	-18.55	1.93	0.0	0.6553482825361864
14	2	2018	-14.51	1.24	1.55	0.654734882994282
15	2	2018	-27.8	-13.33	0.0	0.2097265645403558
16	2	2018	-21.31	-4.53	0.0	0.4426448214723864
17	2	2018	-19.01	-10.27	0.0	0.2177957849527389
18	2	2018	-22.63	-12.5	0.0	0.2025816465485924
19	2	2018	-27.72	-13.53	0.0	0.2157787889897349
20	2	2018	-23.43	-11.91	0.0	0.2362655735653797
21	2	2018	-29.92	-9.97	0.0	0.2931264267422806
22	2	2018	-24.73	-8.44	0.0	0.3472999700858038
23	2	2018	-20.11	-6.2	0.0	0.4163301635232682
24	2	2018	-16.76	-1.58	0.0	0.5994261096742258
25	2	2018	-16.44	-1.36	0.0	0.6123230221632076
26	2	2018	-15.15	-4.4	0.0	0.4530462979284408
27	2	2018	-15.06	-1.49	0.0	0.6116241344436721
28	2	2018	-13.54	0.72	0.0	0.7297134345297105
1	3	2018	-17.49	-2.46	0.0	0.5920773072548832
2	3	2018	-14.19	-4.02	0.0	0.4820715496336935
3	3	2018	-8.12	-4.11	3.83	0.1668487188394252
4	3	2018	-10.82	-5.04	6.81	0.2141965292399385
5	3	2018	-14.0	-8.7	0.6	0.1811166039936399
6	3	2018	-17.16	-7.14	0.0	0.3666764987328673
7	3	2018	-23.52	-6.61	0.0	0.4367083671024495
8	3	2018	-24.05	-8.2	0.0	0.3891813722584982
9	3	2018	-13.51	-1.71	0.0	0.6194967934284403
10	3	2018	-12.13	-1.31	0.0	0.6249392413649915
11	3	2018	-14.05	2.57	0.0	0.8728611856398221
12	3	2018	-15.66	-0.88	0.0	0.7024032675963958
13	3	2018	-15.62	2.01	0.0	0.8478970531905679
14	3	2018	-15.57	-1.09	0.0	0.7055912042921814
15	3	2018	-11.08	-3.0	0.0	0.5012087546343648
16	3	2018	-7.48	2.12	0.0	0.8200245679794761
17	3	2018	-4.42	0.27	1.45	0.3959204076555292
18	3	2018	-6.27	1.19	0.5	0.6781541307313819
19	3	2018	-8.8	-0.14	0.0	0.6842266082600263
20	3	2018	-7.84	1.96	0.0	0.8486420678665463
21	3	2018	-10.45	2.57	0.0	0.9603445596287143
22	3	2018	-9.19	0.89	0.0	0.8213334638204106
23	3	2018	-4.56	0.58	3.96	0.3641534411762184
24	3	2018	-8.76	3.1	0.0	0.998915299062786
25	3	2018	-6.45	1.74	0.0	0.8257422747645969
26	3	2018	-7.72	4.46	0.0	1.1281945866144407
27	3	2018	-9.84	3.89	0.0	1.1070762154689322
28	3	2018	-14.05	-2.42	0.43	0.7414466263152683
29	3	2018	-19.78	-7.62	0.54	0.5066089413484725
30	3	2018	-22.97	-12.28	0.0	0.3414642256523311
31	3	2018	-21.77	-9.49	0.0	0.4556952746504777
1	4	2018	-18.48	-5.33	0.0	0.6387319421021802
2	4	2018	-20.21	-5.31	0.0	0.6341940798235172
3	4	2018	-16.57	-3.8	0.0	0.7162987500965606
4	4	2018	-18.07	-2.52	0.0	0.7751791012820619
5	4	2018	-18.41	-8.32	0.0	0.4858652206598992
6	4	2018	-22.69	-8.96	0.0	0.4912818197234895
7	4	2018	-21.24	-4.69	0.0	0.6696653448618329
8	4	2018	-12.82	-2.52	0.0	0.7865426261147203
9	4	2018	-7.7	0.74	0.0	0.9263993974888208
10	4	2018	-10.48	6.82	0.0	1.3133657587250545
11	4	2018	-3.16	1.37	1.12	0.6487879161340913
12	4	2018	-5.15	-0.4	0.0	0.6049475214816581
13	4	2018	-5.44	1.12	0.0	0.8926641924109955
14	4	2018	-3.47	6.94	0.0	1.3989015701363157
15	4	2018	-3.71	8.57	0.0	1.5085940736441146
16	4	2018	-1.31	4.8	2.2	0.8511908882489978
17	4	2018	-1.91	1.7	5.14	0.3581414028891486
18	4	2018	-5.09	9.56	0.0	1.5729089824303697
19	4	2018	-2.02	11.98	0.0	1.7400951573799457
20	4	2018	-0.46	17.8	0.0	2.103916626818758
21	4	2018	1.2	19.41	0.0	2.2202392407046943
22	4	2018	2.79	13.92	0.0	1.8466892430244275
23	4	2018	-0.44	13.27	0.0	1.8292781268680265
24	4	2018	-1.21	20.26	0.0	2.237710202996936
25	4	2018	3.03	17.29	0.0	2.0282177353318733
26	4	2018	-0.61	21.81	0.0	2.26180309577232
27	4	2018	-0.59	16.16	0.0	1.9491002524341736
28	4	2018	1.14	26.36	0.0	2.542608258506395
29	4	2018	6.03	20.3	0.0	2.21961505779215
30	4	2018	0.4	11.76	0.0	1.654451884077015
1	5	2018	-3.02	16.64	0.0	1.958696633018714
2	5	2018	1.39	18.26	0.0	2.1029041982087406
3	5	2018	5.64	21.51	0.0	2.3232954882178403
4	5	2018	4.13	23.94	0.0	2.4832716456220583
5	5	2018	4.9	24.57	0.0	2.5279151730297365
6	5	2018	4.47	27.2	0.0	2.6835272175922724
7	5	2018	11.13	26.69	0.0	2.6488233279698767
8	5	2018	8.13	16.76	5.9	1.6336965942282164
9	5	2018	2.81	13.51	0.0	1.753315576551624
10	5	2018	2.21	11.12	2.81	1.2069618247880018
11	5	2018	4.33	10.54	1.98	1.0818460839664408
12	5	2018	2.53	18.84	0.0	2.1695822406402083
13	5	2018	6.6	26.23	0.0	2.6685849153986982
14	5	2018	3.55	24.55	0.0	2.545197470290964
15	5	2018	11.16	31.62	0.0	3.016597240184874
16	5	2018	9.38	27.39	0.0	2.729906153215481
17	5	2018	7.24	14.48	2.23	1.060360691917712
18	5	2018	3.99	18.27	0.0	2.1017504277251287
19	5	2018	2.53	21.89	0.0	2.3714816540875585
20	5	2018	2.76	25.06	0.0	2.5798557457124662
21	5	2018	10.16	30.11	0.0	2.9299179067964634
22	5	2018	10.63	27.09	0.0	2.69824904806994
23	5	2018	9.36	29.53	4.61	2.648798261753461
24	5	2018	11.83	26.21	2.68	2.3161612517531105
25	5	2018	10.64	26.94	0.0	2.6956809243943387
26	5	2018	10.11	30.05	1.5	2.9438138968804672
27	5	2018	10.02	25.57	0.0	2.6053617259276525
28	5	2018	9.32	30.41	0.0	2.983604899890298
29	5	2018	13.06	27.32	0.0	2.6850734792558377
30	5	2018	10.4	23.79	5.76	2.060739684599205
31	5	2018	8.91	14.17	0.0	0.7917626940031192
1	6	2018	8.59	14.29	8.14	0.6412419832854883
2	6	2018	7.19	18.01	0.0	1.798280644952747
3	6	2018	7.33	23.89	0.0	2.5650857748761564
4	6	2018	9.59	27.81	1.84	2.8437490831347696
5	6	2018	9.35	21.0	0.0	2.2033545636009624
6	6	2018	6.51	27.2	0.0	2.8186763458551827
7	6	2018	8.51	27.5	0.0	2.8321040763172656
8	6	2018	13.13	24.09	0.0	2.3083447517292
9	6	2018	12.82	30.23	0.0	2.9813024422089427
10	6	2018	13.64	24.84	0.0	2.3561626636900095
11	6	2018	6.72	18.34	0.0	1.978287989099228
12	6	2018	7.19	21.93	0.0	2.4169682170810645
13	6	2018	7.07	26.06	0.0	2.7422999900627483
14	6	2018	8.91	23.37	1.46	2.51365907037504
15	6	2018	8.99	23.53	0.0	2.529883681249413
16	6	2018	7.31	21.39	0.0	2.3759001446090813
17	6	2018	8.09	25.47	0.0	2.694248121419977
18	6	2018	8.67	27.66	0.0	2.8540281376751833
19	6	2018	10.74	26.94	0.0	2.7782867212313445
20	6	2018	10.51	29.53	0.0	2.98287318184062
21	6	2018	12.17	29.59	0.0	2.965087149944843
22	6	2018	13.85	28.42	0.0	2.8316660055645353
23	6	2018	12.82	27.16	12.43	2.455414404838794
24	6	2018	15.29	26.46	0.0	2.3949732001673874
25	6	2018	14.09	29.44	0.0	2.923242645244177
26	6	2018	12.17	24.87	0.0	2.4811548817281137
27	6	2018	7.19	25.34	0.0	2.7136094947013207
28	6	2018	7.68	24.29	0.0	2.6275778923680195
29	6	2018	10.62	23.33	0.0	2.3907423916903268
30	6	2018	12.25	24.57	6.07	1.959840040284745
1	7	2018	11.19	20.17	4.87	1.273327749776117
2	7	2018	9.04	22.66	3.59	1.818171574544317
3	7	2018	6.39	21.05	9.27	1.763916568892587
4	7	2018	10.57	19.07	6.13	1.0165422484720903
5	7	2018	8.14	24.84	0.0	2.385417238064929
6	7	2018	13.95	33.1	0.0	3.00994339030514
7	7	2018	14.21	30.57	0.0	2.718700060454467
8	7	2018	10.55	24.51	0.0	2.1846786783928933
9	7	2018	9.08	27.54	0.0	2.6186363245104993
10	7	2018	13.2	29.01	5.33	2.0849838993057004
11	7	2018	14.73	25.33	0.38	1.7842458836021022
12	7	2018	14.2	28.97	0.0	2.424689977964733
13	7	2018	13.43	32.13	0.0	2.846999271603669
14	7	2018	12.27	21.44	0.0	1.4127434131686036
15	7	2018	8.68	25.01	0.0	2.2983635311247443
16	7	2018	6.45	26.01	0.0	2.4859486026550903
17	7	2018	9.92	34.18	0.0	3.136518763691703
18	7	2018	15.88	31.35	0.0	2.631889978940809
19	7	2018	14.03	28.18	0.0	2.353346140287996
20	7	2018	12.47	29.19	0.0	2.596820040968698
21	7	2018	15.63	26.9	0.0	1.9696550954357
22	7	2018	11.67	23.16	0.0	1.8303646585542368
23	7	2018	9.66	23.37	0.0	2.0509510329821614
24	7	2018	8.37	23.23	0.0	2.1090821580504535
25	7	2018	9.07	21.93	0.0	1.882059619758524
26	7	2018	6.8	23.56	0.0	2.2112776402652914
27	7	2018	8.9	24.27	0.0	2.1823083921205075
28	7	2018	8.95	27.13	0.0	2.4815917895926054
29	7	2018	8.85	29.55	0.0	2.689801427709971
30	7	2018	11.73	32.19	0.0	2.830599299534041
31	7	2018	11.81	24.55	0.0	1.9140042415225895
1	8	2018	7.74	27.89	0.24	2.5205717932748577
2	8	2018	14.69	30.69	3.57	2.0081632143269137
3	8	2018	13.37	28.8	2.49	1.8432601371300377
4	8	2018	13.15	23.0	2.22	1.0611499014122934
5	8	2018	12.97	23.37	4.89	1.1347321603443536
6	8	2018	10.89	29.2	0.0	2.3826479656914192
7	8	2018	12.74	30.95	0.0	2.49888378258389
8	8	2018	11.52	29.87	0.0	2.4387589058700496
9	8	2018	12.92	33.58	0.0	2.740614172119709
10	8	2018	13.99	38.49	0.0	3.102888145307828
11	8	2018	14.95	34.91	0.0	2.7454774306224694
12	8	2018	12.85	23.52	0.0	1.4476373204860922
13	8	2018	8.21	17.34	0.0	1.0219346636817408
14	8	2018	3.82	27.57	0.0	2.3786880032323765
15	8	2018	11.08	29.03	0.0	2.2974208124695923
16	8	2018	9.72	27.95	0.0	2.2674621089107108
17	8	2018	10.41	32.05	0.0	2.6008013004787456
18	8	2018	10.77	24.91	0.0	1.8168117592299404
19	8	2018	4.12	23.86	0.0	2.033234451756106
20	8	2018	5.3	23.41	0.0	1.9365358010067584
21	8	2018	5.33	27.18	0.0	2.246513569673248
22	8	2018	10.21	30.65	0.0	2.4262406977985536
23	8	2018	8.64	28.42	0.0	2.2813536145287907
24	8	2018	8.12	21.71	0.0	1.5635281368339788
25	8	2018	7.29	19.26	0.0	1.3221083107230946
26	8	2018	7.52	17.38	3.44	0.8166176978777384
27	8	2018	8.05	13.77	5.69	0.4818849092998287
28	8	2018	7.01	18.28	0.0	1.1586658746160696
29	8	2018	6.25	27.03	0.0	2.160939938313191
30	8	2018	9.97	22.75	0.9	1.494766272977689
31	8	2018	7.3	20.0	0.0	1.42608424005978
1	9	2018	6.63	20.5	0.0	1.5271426534044583
2	9	2018	3.65	20.22	0.0	1.64294958358309
3	9	2018	4.98	22.08	0.0	1.7618847862370834
4	9	2018	2.69	14.67	0.0	1.0897404033160956
5	9	2018	-0.53	21.74	0.0	1.8219210498076357
6	9	2018	3.01	24.71	0.0	1.9857306022086816
7	9	2018	6.6	24.51	0.0	1.860411101191634
8	9	2018	11.17	26.85	0.0	1.845598022008327
9	9	2018	8.14	22.11	0.0	1.5135378996257884
10	9	2018	3.44	21.83	0.0	1.7029722713148698
11	9	2018	5.9	17.19	0.0	1.0709368790773923
12	9	2018	4.39	14.62	1.9	0.8725728116278056
13	9	2018	3.79	12.25	0.92	0.6634856881241531
14	9	2018	2.57	9.16	0.0	0.4961004073500625
15	9	2018	5.39	12.01	4.87	0.4951751598229617
16	9	2018	6.51	10.07	8.79	0.2787745736235815
17	9	2018	4.17	12.48	0.59	0.6649816426170354
18	9	2018	4.27	11.38	0.0	0.5725128811482186
19	9	2018	2.11	15.08	0.0	1.0173484862211697
20	9	2018	3.05	11.67	0.0	0.6702597910180981
21	9	2018	0.69	7.5	3.64	0.4437826032655719
22	9	2018	-0.35	1.23	8.93	0.1058922402647412
23	9	2018	-0.38	3.28	0.26	0.254983385776694
24	9	2018	-0.16	12.18	0.67	0.870942552177665
25	9	2018	1.55	13.42	0.8	0.8747613480137464
26	9	2018	3.16	16.18	0.0	1.0154696596333053
27	9	2018	-1.87	8.58	0.0	0.6727425708519589
28	9	2018	-3.94	8.13	0.0	0.7155449539970631
29	9	2018	-2.27	7.34	0.0	0.6075365597111748
30	9	2018	-7.66	4.38	0.41	0.6295560806194381
1	10	2018	-1.94	4.92	1.46	0.4355552052842636
2	10	2018	-1.4	3.62	1.82	0.3249964021562867
3	10	2018	-2.27	6.03	0.0	0.5223962201772124
4	10	2018	-5.9	5.95	0.0	0.6467672698586525
5	10	2018	-3.0	8.26	0.0	0.7051450765982837
6	10	2018	-4.92	12.11	0.0	1.001906052154547
7	10	2018	-2.9	13.54	0.0	1.048209757994197
8	10	2018	-2.45	1.46	0.0	0.2404886977196198
9	10	2018	-4.19	1.99	0.0	0.3562484587964659
10	10	2018	-8.02	4.81	0.0	0.6285940946425066
11	10	2018	-9.22	6.34	0.0	0.7198382318465468
12	10	2018	-4.98	7.1	8.01	0.5957056624506537
13	10	2018	-4.84	-0.68	0.0	0.2255211330734625
14	10	2018	-8.87	3.71	0.0	0.5631706749585162
15	10	2018	-0.72	13.34	0.0	0.8773293975519907
16	10	2018	-1.11	10.22	0.0	0.6833837753688475
17	10	2018	-1.47	21.04	0.0	1.316963655725882
18	10	2018	2.12	19.31	0.0	1.1396642232652998
19	10	2018	-3.46	13.21	0.0	0.8779886039191793
20	10	2018	-7.82	16.46	0.0	1.0796071276716028
21	10	2018	-1.43	14.09	0.0	0.8657497662580104
22	10	2018	-6.03	10.95	0.0	0.792259212089584
23	10	2018	-4.72	15.92	0.0	0.9985661658703616
24	10	2018	-1.78	18.8	0.0	1.0941550849713395
25	10	2018	-0.8	15.33	0.0	0.8885227067525313
26	10	2018	-2.51	12.1	0.0	0.7575371487481555
27	10	2018	-1.16	12.95	0.0	0.7622722553314287
28	10	2018	-5.19	9.58	0.0	0.6856780551939519
29	10	2018	0.57	9.35	0.0	0.4980244687514052
30	10	2018	-1.81	6.96	0.0	0.4552041538281778
31	10	2018	-3.1	10.05	0.0	0.649641576972061
1	11	2018	-2.93	4.59	1.18	0.3665257414213103
2	11	2018	-2.21	0.25	2.65	0.1161748714307521
3	11	2018	-4.8	1.35	0.0	0.2745394982880633
4	11	2018	-2.31	3.72	3.41	0.2826341578518553
5	11	2018	-8.18	-0.37	1.66	0.3085494861504287
6	11	2018	-12.49	-8.49	0.16	0.1229173759426525
7	11	2018	-12.63	-9.75	0.0	0.0868950993875188
8	11	2018	-18.23	-9.72	0.0	0.1956484185827628
9	11	2018	-21.89	-4.54	2.02	0.3316264119246025
10	11	2018	-9.87	-3.96	0.53	0.2082689681466321
11	11	2018	-11.52	-6.67	0.0	0.1552297301932797
12	11	2018	-15.12	-5.04	0.0	0.276949481946654
13	11	2018	-8.52	4.23	0.0	0.4913699488800508
14	11	2018	-2.53	5.12	0.0	0.3725500979437811
15	11	2018	-2.44	3.3	0.0	0.277612847567915
16	11	2018	-17.91	-5.36	0.0	0.2976918084802689
17	11	2018	-19.41	-5.99	0.0	0.2930667986255211
18	11	2018	-11.73	-6.81	0.64	0.1531212983170335
19	11	2018	-14.57	1.11	0.0	0.4516959539406251
20	11	2018	-5.76	2.13	0.0	0.3349111652458412
21	11	2018	-5.49	1.06	0.0	0.2797132801268204
22	11	2018	-2.8	5.94	0.0	0.4192920152351597
23	11	2018	-5.23	3.21	0.0	0.367445246172273
24	11	2018	-7.8	-4.88	0.0	0.110354524625141
25	11	2018	-7.99	-4.89	0.0	0.1167241135722081
26	11	2018	-7.35	-3.51	0.0	0.1497292143955837
27	11	2018	-5.16	-1.38	0.0	0.1603919860056231
28	11	2018	-6.62	-3.3	0.0	0.1313408823880154
29	11	2018	-5.64	-0.51	0.0	0.2140051888907179
30	11	2018	-7.68	-3.44	0.0	0.1603447117023611
1	12	2018	-7.36	-4.84	3.01	0.093086671335559
2	12	2018	-9.07	-4.08	0.0	0.1802832089583492
3	12	2018	-13.06	-4.94	0.0	0.2403735782865936
4	12	2018	-13.55	-6.52	0.64	0.2011353809040378
5	12	2018	-14.19	-6.35	0.27	0.2168992701271568
6	12	2018	-14.52	-7.99	0.0	0.1760203950240006
7	12	2018	-18.7	-7.42	0.0	0.2442264635815416
8	12	2018	-18.15	-7.24	0.0	0.2428002894677774
9	12	2018	-14.87	-3.01	0.0	0.3186101778240631
10	12	2018	-14.21	0.89	0.0	0.4237580577640609
11	12	2018	-8.26	0.91	0.0	0.3379001748695495
12	12	2018	-5.72	0.95	0.0	0.2745327501963486
13	12	2018	-9.51	2.84	0.0	0.4304457517707913
14	12	2018	-8.42	5.09	0.0	0.4943428632657259
15	12	2018	-2.78	5.13	0.0	0.3660206587413356
16	12	2018	-11.94	-3.52	0.0	0.257624132834425
17	12	2018	-7.81	4.97	0.0	0.4797578555622372
18	12	2018	-5.0	5.03	0.0	0.423878661910777
19	12	2018	-4.03	2.43	0.0	0.2842796266013165
20	12	2018	-8.05	2.45	0.0	0.3889005160671624
21	12	2018	-4.24	3.82	0.0	0.3518553438479931
22	12	2018	-8.42	-3.92	0.0	0.1611297643360709
23	12	2018	-15.72	-5.4	1.83	0.2601590297360033
24	12	2018	-16.21	-8.71	0.75	0.1807228380383
25	12	2018	-17.23	-9.68	0.0	0.1713531476307177
26	12	2018	-14.85	-7.12	0.0	0.2011386663961366
27	12	2018	-20.76	-8.9	0.94	0.2243785065875426
28	12	2018	-20.38	-5.04	0.0	0.3052888557822559
29	12	2018	-12.92	-3.61	1.39	0.270305139645523
30	12	2018	-19.2	-10.66	0.69	0.1725121458086688
31	12	2018	-27.86	-16.36	0.0	0.1355856033510598
1	1	2019	-25.26	-2.16	0.0	0.3712849784822283
2	1	2019	-9.99	3.95	0.0	0.4739996174800333
3	1	2019	-5.47	3.6	0.0	0.3706640001516643
4	1	2019	-8.17	1.8	0.0	0.3632306952369798
5	1	2019	-6.6	-2.41	0.0	0.158742701801007
6	1	2019	-5.77	1.68	0.0	0.2999640348861332
7	1	2019	-13.57	-2.1	0.8	0.3255877790763004
8	1	2019	-21.16	-14.38	0.0	0.1182531431217135
9	1	2019	-22.88	-8.96	0.49	0.2372983207035969
10	1	2019	-14.75	-7.87	0.0	0.1777319048310115
11	1	2019	-16.88	-9.45	0.0	0.1709015431426494
12	1	2019	-14.25	-0.36	0.0	0.3908542660763256
13	1	2019	-12.01	-0.93	0.0	0.3448854827107682
14	1	2019	-11.27	-1.69	0.0	0.3075627432645567
15	1	2019	-18.11	-4.94	0.0	0.3015292921422048
16	1	2019	-18.8	-14.07	0.48	0.0950299950600632
17	1	2019	-25.27	-16.31	0.0	0.1256868571547762
18	1	2019	-28.11	-18.07	0.0	0.1175062286180767
19	1	2019	-22.03	-15.35	2.58	0.1084876509615633
20	1	2019	-18.87	-10.96	0.0	0.1677501329060934
21	1	2019	-17.89	-6.11	0.0	0.2757640880392133
22	1	2019	-15.82	-2.58	0.0	0.3526256796261831
23	1	2019	-21.91	-5.04	0.0	0.3272841815917492
24	1	2019	-28.64	-9.88	0.0	0.2419953739835046
25	1	2019	-21.66	-4.92	0.0	0.3316062730254177
26	1	2019	-12.77	-0.96	1.52	0.3724212429678755
27	1	2019	-8.22	4.0	1.85	0.5257676106005003
28	1	2019	-22.18	-10.71	0.0	0.2123834332534504
29	1	2019	-29.55	-21.05	0.0	0.0916029214389849
30	1	2019	-23.97	-12.44	0.38	0.1921040516951146
31	1	2019	-15.65	-1.26	0.0	0.4160526660306222
1	2	2019	-18.7	-8.6	0.0	0.2345901919260481
2	2	2019	-22.55	-16.21	1.41	0.1113647855488713
3	2	2019	-25.31	-21.85	0.0	0.048311877776127
4	2	2019	-25.57	-21.8	2.42	0.0490355863063862
5	2	2019	-32.46	-22.58	0.0	0.0913706175634997
6	2	2019	-36.01	-25.95	0.0	0.0708519542813414
7	2	2019	-37.27	-24.66	0.0	0.0837213172329584
8	2	2019	-36.92	-25.18	0.0	0.0795813830268275
9	2	2019	-33.59	-23.57	0.0	0.0867538725286698
10	2	2019	-32.16	-21.24	0.0	0.1075541009345997
11	2	2019	-28.38	-16.72	1.69	0.1542428919265939
12	2	2019	-31.52	-20.24	0.0	0.1188494690476978
13	2	2019	-28.29	-20.52	0.0	0.0997055760085404
14	2	2019	-32.51	-19.96	0.0	0.126210335694312
15	2	2019	-32.81	-18.1	1.45	0.1490261085043216
16	2	2019	-20.88	-13.84	3.36	0.1401859161481156
17	2	2019	-19.92	-14.0	0.88	0.1345485475701071
18	2	2019	-26.48	-17.65	0.38	0.1350067254547546
19	2	2019	-28.86	-11.22	0.0	0.2512293572071602
20	2	2019	-23.44	-9.15	1.13	0.2850683087693159
21	2	2019	-24.17	-12.45	0.0	0.2196207193184265
22	2	2019	-26.99	-11.53	0.0	0.2497429114596067
23	2	2019	-23.45	-13.81	0.0	0.1894117368029907
24	2	2019	-31.05	-21.01	0.0	0.1168531824958402
25	2	2019	-33.19	-18.78	0.0	0.1509129636443783
26	2	2019	-29.58	-16.79	0.0	0.1732355124797186
27	2	2019	-21.03	-8.45	0.0	0.3490301674182946
28	2	2019	-17.66	-8.53	0.0	0.304020172771734
1	3	2019	-26.52	-16.17	0.0	0.1736105295892034
2	3	2019	-32.82	-21.16	0.0	0.12610820673077
3	3	2019	-25.88	-16.05	0.0	0.174214394086926
4	3	2019	-21.51	-10.82	0.0	0.2894629520658002
5	3	2019	-18.1	-8.75	0.0	0.3256195421483616
6	3	2019	-25.41	-13.37	0.0	0.2443239214473739
7	3	2019	-24.33	-8.17	0.0	0.3954064590158471
8	3	2019	-16.63	-5.21	0.0	0.4879492808980083
9	3	2019	-15.51	-5.31	0.0	0.4720002134288986
10	3	2019	-21.56	-6.71	0.0	0.4611104108729616
11	3	2019	-16.83	1.43	0.0	0.8103875941715885
12	3	2019	-3.59	3.35	0.0	0.7171186428023733
13	3	2019	-5.07	2.59	0.0	0.7562840514299974
14	3	2019	-9.52	1.25	0.0	0.8272679844668404
15	3	2019	-11.67	2.64	0.0	0.9489062616133972
16	3	2019	-8.77	3.44	0.0	0.99805050307715
17	3	2019	-10.59	4.46	0.0	1.0772017704533223
18	3	2019	-3.45	4.87	0.0	0.9756729174338576
19	3	2019	-3.61	9.23	0.0	1.3791707307845722
20	3	2019	-2.31	12.95	0.0	1.58860516484706
21	3	2019	-1.78	11.98	0.0	1.54632007697831
22	3	2019	-2.14	14.37	0.0	1.6778016713409318
23	3	2019	-2.05	13.2	0.0	1.6210475350869114
24	3	2019	-5.02	3.69	0.0	0.9787819086451826
25	3	2019	-7.35	4.61	0.0	1.1511756070223833
26	3	2019	-1.0	16.9	0.0	1.8480836517892345
27	3	2019	-1.36	5.9	0.0	1.1026730945745573
28	3	2019	-5.92	7.29	0.0	1.309427637627809
29	3	2019	-4.82	4.7	0.0	1.1676841157159106
30	3	2019	-6.36	13.95	0.0	1.644973388225394
31	3	2019	-4.26	5.45	0.0	1.211322842238893
1	4	2019	-3.76	9.19	1.11	1.4376663881289142
2	4	2019	-6.24	4.28	0.0	1.160088887472982
3	4	2019	-8.27	11.62	0.0	1.5218028394322698
4	4	2019	-1.17	13.37	0.0	1.699497307774351
5	4	2019	-4.05	8.91	0.0	1.4320176057996727
6	4	2019	1.15	8.95	0.88	1.3867915914338
7	4	2019	0.37	17.09	0.0	1.948790331422498
8	4	2019	-2.75	16.79	0.0	1.900112188558594
9	4	2019	-4.67	9.68	0.0	1.491036621294488
10	4	2019	-5.74	8.97	0.0	1.452394276889845
11	4	2019	-7.54	8.49	0.0	1.4125043231906738
12	4	2019	-8.4	10.3	0.0	1.4944477823874442
13	4	2019	-5.04	15.39	0.0	1.812853824703497
14	4	2019	3.41	16.87	0.0	1.8960661829788013
15	4	2019	-0.68	13.98	0.0	1.7253167378880356
16	4	2019	-4.31	13.87	0.0	1.6998652158211407
17	4	2019	0.29	15.13	0.0	1.802659293011431
18	4	2019	-0.51	17.65	0.0	1.9575349723443225
19	4	2019	5.62	21.06	0.0	2.1869683911845073
20	4	2019	3.82	17.52	0.0	1.958851042626979
21	4	2019	-1.52	14.68	0.0	1.789212720344564
22	4	2019	-1.65	21.48	0.0	2.1782558933994807
23	4	2019	7.24	20.52	0.0	2.142241012482065
24	4	2019	0.77	17.59	0.0	1.984961021188962
25	4	2019	-1.94	12.61	0.0	1.669632429194998
26	4	2019	-4.41	11.7	0.0	1.6072548462932443
27	4	2019	-1.52	10.94	5.28	1.4497646670723645
28	4	2019	-4.66	3.3	2.77	0.849307731554334
29	4	2019	-8.98	6.71	0.0	1.3102007422526418
30	4	2019	-4.54	9.99	1.86	1.5200735623322006
1	5	2019	-6.7	10.1	0.24	1.5716795413343898
2	5	2019	-2.85	11.52	0.0	1.619565745945076
3	5	2019	-4.97	11.92	0.0	1.6438692856334902
4	5	2019	-4.22	8.68	0.0	1.448701281187509
5	5	2019	-7.21	6.66	0.0	1.3297168306288365
6	5	2019	-6.89	12.12	0.0	1.6428947072772913
7	5	2019	-0.05	15.04	0.0	1.8649644371998984
8	5	2019	-4.8	12.48	0.0	1.6941674209028632
9	5	2019	1.04	14.88	0.0	1.8562375189803515
10	5	2019	3.27	18.57	1.88	2.1125217437244035
11	5	2019	2.36	16.0	0.0	1.934621668949857
12	5	2019	2.25	24.59	0.0	2.51892586462691
13	5	2019	4.72	21.24	0.0	2.313179795915789
14	5	2019	2.06	22.43	0.0	2.391815216378584
15	5	2019	5.66	19.87	0.0	2.201220304236998
16	5	2019	-0.67	15.66	0.0	1.941908250102322
17	5	2019	0.06	17.09	0.0	2.04178224428762
18	5	2019	0.75	15.03	0.0	1.898942144781769
19	5	2019	-2.42	16.29	0.0	1.984875305352816
20	5	2019	-0.57	19.44	0.0	2.200412222629894
21	5	2019	1.56	21.16	0.0	2.328557964303971
22	5	2019	4.02	23.79	0.0	2.5203789756815507
23	5	2019	4.25	24.08	0.0	2.540450524504196
24	5	2019	4.7	23.16	0.0	2.478550644251102
25	5	2019	4.71	15.25	2.39	1.7211890346970988
26	5	2019	0.33	18.97	0.0	2.1913259815775707
27	5	2019	1.73	21.93	0.0	2.394037307618792
28	5	2019	6.56	27.56	0.0	2.784200287252647
29	5	2019	10.42	30.43	0.0	2.969395824056435
30	5	2019	10.96	32.64	0.0	3.1176396901189025
31	5	2019	5.38	21.01	0.0	2.3084600853048243
1	6	2019	5.71	24.95	0.0	2.604108715131501
2	6	2019	10.35	32.76	0.0	3.1323694027361917
3	6	2019	9.26	34.63	0.0	3.248096929742782
4	6	2019	12.12	24.96	0.0	2.4732711978804907
5	6	2019	10.27	25.06	0.0	2.5448513879493837
6	6	2019	13.3	26.75	0.0	2.6038907147577675
7	6	2019	9.14	22.22	0.0	2.3336375686112927
8	6	2019	4.07	17.09	0.0	2.0152580059373344
9	6	2019	4.11	19.92	0.0	2.246136447675994
10	6	2019	3.27	23.91	0.0	2.5405365338468067
11	6	2019	6.88	21.34	1.29	2.319877658323906
12	6	2019	6.1	24.34	0.6	2.5714919289766947
13	6	2019	8.39	29.6	1.2	2.943113333907814
14	6	2019	11.48	23.24	1.47	2.3556702157041163
15	6	2019	9.95	19.04	4.48	1.8849689298942711
16	6	2019	9.01	17.75	0.7	1.936653255483512
17	6	2019	5.76	22.52	0.0	2.449454730673009
18	6	2019	8.01	26.82	0.0	2.7580716003228933
19	6	2019	10.33	23.01	26.76	2.2109618206920625
20	6	2019	8.33	14.68	7.69	0.7590314732719123
21	6	2019	6.3	16.98	21.18	1.3370797761794462
22	6	2019	11.29	15.55	10.31	0.4534503180756959
23	6	2019	10.18	22.15	0.52	1.841920522747081
24	6	2019	9.29	20.91	0.0	1.7329402595904255
25	6	2019	9.34	21.58	0.0	1.845539399672908
26	6	2019	8.17	23.94	0.0	2.265654272505349
27	6	2019	11.32	25.64	12.24	1.8400021014262715
28	6	2019	13.95	23.58	2.92	1.1817761753559066
29	6	2019	13.62	25.36	0.0	1.9194103939007128
30	6	2019	9.76	22.33	0.0	1.871381249825631
1	7	2019	9.11	27.8	3.62	2.124092112759635
2	7	2019	6.13	20.24	0.0	1.876318608832371
3	7	2019	8.66	20.44	0.0	1.7238478326750066
4	7	2019	8.21	20.91	0.0	1.83135553851978
5	7	2019	11.37	20.41	0.0	1.3907097255575214
6	7	2019	11.61	25.63	0.0	2.204866293411433
7	7	2019	13.78	27.95	0.0	2.331540363665868
8	7	2019	14.06	24.09	0.0	1.682251547587113
9	7	2019	11.72	23.14	0.0	1.8326555628515773
10	7	2019	9.48	26.26	0.0	2.4117428598249617
11	7	2019	14.18	24.8	0.0	1.814638879962614
12	7	2019	10.44	24.49	0.0	2.159323541274738
13	7	2019	12.18	29.54	12.99	2.14737571393281
14	7	2019	14.47	27.78	16.32	1.712440824098451
15	7	2019	13.07	24.97	0.0	1.7852289582335783
16	7	2019	11.26	20.14	13.86	0.9850934617455158
17	7	2019	12.41	22.95	3.03	1.1839123036064585
18	7	2019	11.28	25.55	1.69	1.958985653296306
19	7	2019	9.98	17.7	3.47	0.8466279713249388
20	7	2019	10.45	22.84	0.0	1.6459593340268306
21	7	2019	11.02	24.76	0.0	1.8350354785209029
22	7	2019	10.67	27.32	0.0	2.1255422860749276
23	7	2019	14.02	29.45	0.0	2.11757192055432
24	7	2019	15.6	30.27	5.91	1.6500018136814043
25	7	2019	11.51	19.8	4.59	0.9042189810385044
26	7	2019	12.89	25.53	0.0	1.6645505901806326
27	7	2019	12.14	32.07	0.0	2.437375239655678
28	7	2019	9.46	21.51	0.0	1.457845879444282
29	7	2019	5.51	24.45	0.0	2.004436373498201
30	7	2019	11.48	29.72	0.0	2.227142973031214
31	7	2019	12.55	26.54	0.0	1.7992125179995202
1	8	2019	14.03	32.97	0.0	2.381605464911988
2	8	2019	15.97	34.13	0.0	2.3562795275774784
3	8	2019	16.09	28.97	0.0	1.711255017251281
4	8	2019	10.61	26.1	0.0	1.8392949153479328
5	8	2019	10.77	28.72	0.0	2.0905293729046845
6	8	2019	10.94	22.64	0.0	1.3504083911428544
7	8	2019	5.48	21.93	0.0	1.675584241484492
8	8	2019	6.46	25.05	0.0	1.9096885286252772
9	8	2019	10.39	27.12	2.01	1.559983720108573
10	8	2019	9.11	20.77	0.0	1.2451061055840176
11	8	2019	7.81	22.6	6.41	1.3215909637592946
12	8	2019	10.49	15.78	15.04	0.5261830981836059
13	8	2019	7.54	21.3	0.0	1.3916037636626206
14	8	2019	10.28	24.42	0.0	1.5022084614113906
15	8	2019	10.19	25.47	0.0	1.6067717194906028
16	8	2019	10.86	21.27	0.0	1.138331024737418
17	8	2019	5.28	18.09	0.0	1.2101279209764173
18	8	2019	3.78	21.96	0.0	1.5904370633658451
19	8	2019	4.63	22.14	0.0	1.5539852478763798
20	8	2019	3.97	23.37	0.0	1.6744093544294052
21	8	2019	6.02	26.48	0.0	1.8434318527522584
22	8	2019	12.37	26.77	0.0	1.5126055351228267
23	8	2019	10.65	21.25	0.0	1.1054678630346395
24	8	2019	12.27	28.84	6.11	1.5123725701123758
25	8	2019	11.65	20.99	8.51	0.8816913491556844
26	8	2019	9.07	20.1	0.0	1.0979755204539938
27	8	2019	8.22	19.41	0.0	1.0876801412735777
28	8	2019	6.77	23.15	0.8	1.483736513215297
29	8	2019	5.92	19.96	0.0	1.265291829046309
30	8	2019	5.7	20.37	1.34	1.3021046462051225
31	8	2019	7.58	22.2	1.35	1.3536380269875867
1	9	2019	9.09	22.29	2.58	1.1427602862609456
2	9	2019	10.4	22.2	0.0	1.1767739477462822
3	9	2019	7.65	25.07	0.0	1.557130826188918
4	9	2019	10.33	23.74	2.54	1.1774553363655516
5	9	2019	7.96	22.95	0.0	1.3658600946749584
6	9	2019	5.55	22.16	0.0	1.40665394895551
7	9	2019	7.26	22.25	0.0	1.3333712163481233
8	9	2019	6.45	21.27	0.0	1.289943663772987
9	9	2019	8.5	13.78	13.37	0.4494853361990863
10	9	2019	8.32	11.13	14.92	0.2439806694719895
11	9	2019	8.93	13.59	4.29	0.4022938101766908
12	9	2019	7.37	15.2	0.0	0.7189341911570545
13	9	2019	4.02	23.71	0.0	1.5232516766433517
14	9	2019	9.23	23.66	0.0	1.3111706409847712
15	9	2019	9.56	27.11	0.0	1.544141178595854
16	9	2019	9.61	31.44	0.0	1.8266047023694043
17	9	2019	12.97	25.4	1.06	1.2076399473677644
18	9	2019	10.64	22.27	0.0	1.085307394857591
19	9	2019	8.07	21.93	0.0	1.201111369980303
20	9	2019	8.85	20.64	0.0	1.0549922425869998
21	9	2019	5.31	18.35	0.0	1.0567894823289716
22	9	2019	5.22	24.44	0.0	1.4665345129590908
23	9	2019	8.5	20.65	0.0	1.0559835628569114
24	9	2019	5.02	16.91	0.0	0.942902437763327
25	9	2019	3.3	15.59	0.89	0.9208891846955796
26	9	2019	2.98	10.63	7.27	0.5194651887640693
27	9	2019	1.85	8.0	3.59	0.402538085550448
28	9	2019	0.39	5.38	0.0	0.3393538659750318
29	9	2019	-0.09	3.14	12.23	0.1971907744843117
30	9	2019	-0.08	1.88	4.41	0.1237263537424646
1	10	2019	-0.17	4.13	0.0	0.2889680525015748
2	10	2019	-3.98	9.03	0.0	0.750310856127696
3	10	2019	-0.94	11.27	0.0	0.7858648818007168
4	10	2019	1.56	11.25	0.0	0.6829205386447219
5	10	2019	-0.56	14.13	0.0	0.9331220929832332
6	10	2019	3.91	15.5	0.0	0.8597673827217857
7	10	2019	2.39	19.93	0.0	1.17928653884217
8	10	2019	-1.71	7.83	1.19	0.5879057355348789
9	10	2019	-6.03	1.56	0.0	0.3890083184941134
10	10	2019	-7.49	3.49	0.0	0.5245321804640979
11	10	2019	-8.47	6.31	0.0	0.6683979367322683
12	10	2019	-8.37	7.19	0.0	0.7005174121614134
13	10	2019	-8.66	9.96	0.0	0.8209425690779911
14	10	2019	-0.83	4.35	0.51	0.3116539054998511
15	10	2019	-2.66	5.83	0.0	0.4798856793076287
16	10	2019	-0.87	13.42	0.0	0.8448831072166993
17	10	2019	1.63	18.66	0.0	1.06352614636536
18	10	2019	-0.2	15.64	0.0	0.9367237104848558
19	10	2019	-0.9	14.05	0.0	0.86281702403075
20	10	2019	-4.36	7.88	0.0	0.6253499877364687
21	10	2019	-6.55	9.95	0.0	0.7627410630863514
22	10	2019	-5.98	6.37	0.0	0.58519732218425
23	10	2019	-5.26	4.17	1.16	0.458421669897003
24	10	2019	-4.4	8.58	0.0	0.6475265521642192
25	10	2019	-0.2	17.38	0.0	0.9921247441713628
26	10	2019	-5.45	2.25	0.01	0.3614280196140941
27	10	2019	-9.2	-2.72	1.47	0.259906066314034
28	10	2019	-9.61	-4.31	1.7	0.2048197961445541
29	10	2019	-12.05	-5.07	0.0	0.2395235886654312
30	10	2019	-17.09	0.49	0.0	0.4861325003135548
31	10	2019	-2.88	4.0	0.51	0.3532175965014866
1	11	2019	-2.88	4.81	0.0	0.3940857142254995
2	11	2019	-4.19	4.32	0.54	0.4034862856223526
3	11	2019	-4.32	1.88	0.0	0.2888036202374562
4	11	2019	-12.7	-4.33	0.0	0.2649886711511177
5	11	2019	-14.0	-3.79	1.36	0.3116294667709877
6	11	2019	-19.65	-7.83	0.0	0.2641941261486708
7	11	2019	-19.83	-3.44	0.0	0.3724696856637555
8	11	2019	-8.85	4.7	0.0	0.5296533785538576
9	11	2019	-12.3	-0.56	2.79	0.3660734871196617
10	11	2019	-20.16	-11.62	0.0	0.1749433803709337
11	11	2019	-22.95	-8.41	0.0	0.2647983008525265
12	11	2019	-15.27	-1.74	0.0	0.3809676920086415
13	11	2019	-13.15	1.08	0.0	0.4453880955604505
14	11	2019	-6.98	0.51	0.0	0.3035763244042317
15	11	2019	-4.72	4.01	0.0	0.3919784599024054
16	11	2019	-0.91	2.5	1.76	0.175082507683503
17	11	2019	-2.55	6.53	1.11	0.4438629842807547
18	11	2019	-0.27	7.38	0.0	0.3983316722358753
19	11	2019	-3.85	0.97	0.0	0.2164327590020021
20	11	2019	-5.8	-0.82	0.0	0.205756996878279
21	11	2019	-6.8	3.25	0.0	0.4031312472738366
22	11	2019	-5.65	6.44	0.0	0.5079986238499691
23	11	2019	-0.83	10.32	0.0	0.5618407026798518
24	11	2019	-1.86	4.61	1.17	0.3145198717356419
25	11	2019	-5.39	-0.39	0.2	0.2079897284109717
26	11	2019	-9.8	-2.19	0.0	0.2603304680698108
27	11	2019	-8.5	-4.83	0.0	0.1299327517170175
28	11	2019	-8.34	-5.62	5.58	0.0934756993818388
29	11	2019	-11.32	-5.34	0.0	0.1900516524646924
30	11	2019	-10.32	-7.32	0.0	0.0980180274303544
1	12	2019	-13.24	-5.52	0.0	0.2235897685506147
2	12	2019	-13.24	-1.64	0.0	0.3413909628739206
3	12	2019	-7.79	3.79	0.0	0.4404255565321476
4	12	2019	-8.87	-0.06	0.0	0.3161249015965193
5	12	2019	-12.91	-3.45	0.0	0.2782995298800182
6	12	2019	-11.95	-4.19	0.0	0.2378782169795583
7	12	2019	-11.65	-4.35	0.0	0.2267418081186899
8	12	2019	-21.06	-11.36	0.0	0.1786396132389759
9	12	2019	-24.57	-9.86	0.0	0.2260618129045775
10	12	2019	-27.6	-14.23	0.0	0.1648528810688327
11	12	2019	-25.72	-16.33	0.0	0.1259725232225412
12	12	2019	-19.29	-11.6	0.3	0.1543366704574526
13	12	2019	-23.53	-14.02	0.0	0.1482908902385468
14	12	2019	-25.64	-11.22	0.34	0.204766562551692
15	12	2019	-18.82	-7.86	0.0	0.2316013376461175
16	12	2019	-15.74	-5.21	0.0	0.2642919599361543
17	12	2019	-14.12	-3.35	0.0	0.2952797777448243
18	12	2019	-9.6	0.98	0.0	0.3634357329094133
19	12	2019	-10.89	-3.23	0.0	0.2437509295767737
20	12	2019	-10.71	4.28	0.0	0.4940001190446546
21	12	2019	-10.59	1.79	0.0	0.4066456374019214
22	12	2019	-7.84	0.19	0.0	0.2961267716960645
23	12	2019	-6.97	-3.16	0.0	0.1433078538343366
24	12	2019	-6.78	-4.68	2.58	0.0763130192753184
25	12	2019	-8.28	-2.21	0.0	0.2185419217787878
26	12	2019	-14.94	-6.01	0.0	0.2318344951692141
27	12	2019	-14.32	-5.15	0.0	0.2463486900153972
28	12	2019	-15.49	-6.04	0.0	0.2383355234415433
29	12	2019	-18.55	-5.41	0.0	0.286103648239153
30	12	2019	-15.64	-5.02	0.0	0.2675445252141811
31	12	2019	-12.47	0.66	0.0	0.3960238130089028
1	1	2020	-7.24	-0.67	0.0	0.2504594366918158
2	1	2020	-7.68	-2.82	0.0	0.1796812593979843
3	1	2020	-11.68	-3.47	0.0	0.254653836437217
4	1	2020	-8.56	5.27	0.0	0.507987971703112
5	1	2020	-10.37	-1.44	0.0	0.2979986619043764
6	1	2020	-14.36	-2.03	0.0	0.3417814625066465
7	1	2020	-23.39	-14.55	0.0	0.139416926732309
8	1	2020	-18.29	-6.26	0.0	0.2691213002316216
9	1	2020	-24.09	-15.96	0.0	0.1219923765705451
10	1	2020	-29.53	-15.02	0.0	0.1612096681437152
11	1	2020	-18.23	-9.34	2.84	0.1877208300755588
12	1	2020	-25.25	-13.79	1.1	0.1664082040716653
13	1	2020	-30.09	-24.14	0.73	0.0567418254189582
14	1	2020	-34.37	-26.95	0.0	0.0520963111813055
15	1	2020	-35.86	-28.2	0.0	0.0480380191032824
16	1	2020	-36.08	-19.36	0.0	0.1195018244119414
17	1	2020	-23.11	-18.74	2.16	0.064826246668136
18	1	2020	-28.01	-23.12	0.0	0.0545254693773794
19	1	2020	-29.04	-16.25	0.0	0.1483720393409478
20	1	2020	-20.57	0.52	0.0	0.4567817812434478
21	1	2020	-9.39	2.24	0.0	0.4310756317263141
22	1	2020	-12.37	-2.53	0.0	0.3155201809641539
23	1	2020	-11.67	-3.19	0.0	0.2816718423830955
24	1	2020	-8.23	1.12	0.0	0.369162240395245
25	1	2020	-5.53	1.77	0.0	0.3257592999156612
26	1	2020	-7.2	-2.82	0.0	0.1794325900154756
27	1	2020	-7.01	-0.66	1.09	0.2668272069084859
28	1	2020	-4.91	-0.98	0.0	0.1808360386191247
29	1	2020	-9.69	-2.21	2.31	0.2647678153785619
30	1	2020	-10.45	-0.47	0.0	0.3662768079855339
31	1	2020	-10.36	3.31	0.0	0.5071835218593885
1	2	2020	-6.06	6.96	0.0	0.5851570702095735
2	2	2020	-9.65	-0.02	0.0	0.3706969398912346
3	2	2020	-17.47	-8.37	0.0	0.2327151708061756
4	2	2020	-18.81	-3.65	0.0	0.3713585817523691
5	2	2020	-12.86	-4.22	0.0	0.2878137738360455
6	2	2020	-13.38	-8.54	0.49	0.1534351683942061
7	2	2020	-12.11	-2.29	0.0	0.3464461231966423
8	2	2020	-12.44	-2.18	0.0	0.3584891651075043
9	2	2020	-13.42	-1.94	0.0	0.3930091073079946
10	2	2020	-9.83	-3.57	0.18	0.2501964681305867
11	2	2020	-14.04	-1.64	0.16	0.4386006111114358
12	2	2020	-29.63	-15.12	0.0	0.1845074147024942
13	2	2020	-28.92	-5.76	0.0	0.338392822370629
14	2	2020	-12.16	-1.53	0.0	0.4210601497324953
15	2	2020	-18.55	-10.53	0.0	0.2043633192574213
16	2	2020	-15.48	-3.84	0.0	0.3861105823622331
17	2	2020	-20.9	-9.45	0.0	0.2603785922142481
18	2	2020	-29.56	-17.85	0.0	0.150008413571068
19	2	2020	-29.38	-9.41	0.0	0.2892239651334635
20	2	2020	-16.57	1.92	0.0	0.6821192371930512
21	2	2020	-10.67	2.98	0.0	0.7371513908344905
22	2	2020	-8.23	3.78	0.0	0.7606377554219876
23	2	2020	-10.83	1.85	0.0	0.6904837529240061
24	2	2020	-11.02	-2.08	0.0	0.4478561199351025
25	2	2020	-17.04	-2.5	0.0	0.5329978608465034
26	2	2020	-13.05	1.39	0.0	0.7025991613713697
27	2	2020	-7.89	4.64	0.0	0.8450683386687349
28	2	2020	-7.0	6.79	0.0	0.9871961983640304
29	2	2020	-5.52	6.96	0.71	0.9851456035102486
1	3	2020	-10.84	-0.37	0.51	0.5813346243545963
2	3	2020	-6.51	3.49	0.0	0.7418816865277289
3	3	2020	-6.34	3.55	0.0	0.7508084501706237
4	3	2020	-2.91	3.66	0.0	0.5554846616299607
5	3	2020	-6.06	4.57	0.0	0.8597976153916672
6	3	2020	-1.4	12.12	0.0	1.3910173653998097
7	3	2020	-9.57	-0.2	0.54	0.597821054456011
8	3	2020	-15.62	-8.16	0.68	0.2656362991375806
9	3	2020	-16.67	0.68	0.0	0.7368372654030968
10	3	2020	-11.19	5.52	0.0	1.0098563820061746
11	3	2020	-3.94	5.41	0.0	0.8728195953290234
12	3	2020	-9.64	-0.82	0.0	0.5699402650763922
13	3	2020	-16.44	-10.15	0.0	0.2048809144744038
14	3	2020	-16.64	-7.92	1.71	0.3467280846160621
15	3	2020	-14.54	-5.95	0.65	0.4020076381684522
16	3	2020	-17.56	-2.22	0.0	0.6463290149902119
17	3	2020	-13.17	-1.46	0.0	0.6637638116182369
18	3	2020	-16.91	-5.52	0.0	0.4929863643582045
19	3	2020	-17.07	-4.66	0.0	0.5456738529493497
20	3	2020	-17.02	-0.42	0.0	0.7574042339171114
21	3	2020	-10.72	3.1	0.0	0.9696928802283986
22	3	2020	-10.32	6.72	0.0	1.2233552042847808
23	3	2020	-7.14	8.52	0.0	1.3525470279586072
24	3	2020	-8.35	-1.02	1.7	0.7448265755955381
25	3	2020	-14.49	-0.17	0.0	0.8995574114401884
26	3	2020	-12.9	6.36	0.0	1.1839571522865542
27	3	2020	-3.93	7.46	0.0	1.3340018954731196
28	3	2020	-2.96	9.37	0.0	1.451013724614391
29	3	2020	-5.04	14.57	0.0	1.7140768309296228
30	3	2020	-2.99	4.82	0.0	1.1698353531436836
31	3	2020	-9.84	-0.75	0.0	0.8842658859107474
1	4	2020	-14.81	-10.89	0.58	0.188467827423104
2	4	2020	-17.83	-8.27	0.0	0.5247839454865979
3	4	2020	-18.25	-2.28	0.0	0.80825910440634
4	4	2020	-11.69	-4.4	2.06	0.5080246578743209
5	4	2020	-10.7	-1.24	0.0	0.8999931523974944
6	4	2020	-6.81	2.33	2.22	0.9427058101967664
7	4	2020	-9.61	4.67	0.0	1.216037694621262
8	4	2020	-6.51	1.6	0.0	1.0167816276482378
9	4	2020	-12.72	6.44	0.0	1.263797670033668
10	4	2020	-1.99	8.51	0.0	1.4625930664851263
11	4	2020	-8.09	-1.25	0.0	0.8392536990825946
12	4	2020	-10.44	-3.66	0.0	0.706832565066199
13	4	2020	-12.87	-3.66	0.0	0.8076457924692177
14	4	2020	-14.76	4.2	0.0	1.1507006807075142
15	4	2020	-9.78	2.8	0.0	1.1517214903640864
16	4	2020	-6.79	5.75	0.0	1.3289278758445222
17	4	2020	-2.91	13.92	0.0	1.838846639395005
18	4	2020	-3.58	4.75	0.0	1.241693842148503
19	4	2020	-5.92	14.35	0.0	1.8273114787548383
20	4	2020	-2.23	11.57	0.0	1.7133162378632645
21	4	2020	-1.58	21.85	0.0	2.324479957132922
22	4	2020	1.49	16.4	0.0	2.044644397300402
23	4	2020	0.47	18.26	0.0	2.1603974612803074
24	4	2020	-1.16	13.91	3.02	1.7127924184516594
25	4	2020	-2.27	18.94	0.0	2.1717392909922806
26	4	2020	3.39	15.48	0.0	1.9659406692103272
27	4	2020	-0.96	20.1	0.0	2.2666538395952824
28	4	2020	2.46	18.19	0.0	2.182854210641349
29	4	2020	0.95	22.8	0.0	2.4592503766277014
30	4	2020	7.93	27.84	0.0	2.832542637360718
1	5	2020	5.05	18.33	0.0	2.149061274885669
2	5	2020	-0.87	18.7	0.0	2.183286551433712
3	5	2020	-0.79	17.87	4.09	1.9432180510472117
4	5	2020	2.73	14.75	0.0	1.8902875843895528
5	5	2020	-0.69	17.77	0.0	2.1273425435387243
6	5	2020	1.19	21.1	0.0	2.273251468899581
7	5	2020	0.77	17.57	0.0	2.0452066129097575
8	5	2020	0.85	20.04	1.41	2.2055948308851505
9	5	2020	-1.55	7.37	0.73	1.3389662369864055
10	5	2020	-3.38	9.69	0.0	1.5273672547821042
11	5	2020	-6.44	10.68	0.0	1.5826435162709094
12	5	2020	-3.91	13.29	0.0	1.7565563267674775
13	5	2020	1.29	11.05	0.0	1.5582526515710096
14	5	2020	-1.49	18.98	0.0	2.1373212187459627
15	5	2020	-2.25	14.8	0.0	1.8663108263976225
16	5	2020	0.91	25.2	0.0	2.545283610704116
17	5	2020	8.78	26.55	0.0	2.659967385386952
18	5	2020	8.59	25.72	0.0	2.596809364456477
19	5	2020	10.41	26.39	0.0	2.626305996564596
20	5	2020	10.14	19.3	10.64	1.8816734014906489
21	5	2020	9.72	20.99	0.0	2.196329629683477
22	5	2020	5.14	20.81	0.0	2.290580787770131
23	5	2020	3.43	16.16	0.0	1.9508692677127055
24	5	2020	4.45	19.56	0.0	2.2105218693178608
25	5	2020	5.36	25.61	0.0	2.6538483993369897
26	5	2020	10.62	22.03	0.0	2.278652750497058
27	5	2020	6.79	19.11	0.0	2.1444730352328687
28	5	2020	4.2	18.58	0.0	2.155502901717543
29	5	2020	4.96	19.31	0.0	2.211706081631232
30	5	2020	7.21	25.68	0.0	2.683904308577071
31	5	2020	11.22	31.12	0.0	3.045919230632848
1	6	2020	11.69	25.39	0.0	2.5854920892907525
2	6	2020	7.92	24.52	0.0	2.5985661753260176
3	6	2020	9.76	21.01	0.0	2.2495877523974976
4	6	2020	6.2	19.45	0.0	2.2199351021929252
5	6	2020	3.33	21.31	0.0	2.400856253097748
6	6	2020	9.95	18.63	22.4	1.814874301530988
7	6	2020	9.28	17.33	21.69	1.2199609814479362
8	6	2020	7.08	15.78	0.0	1.3215343540271278
9	6	2020	5.45	20.59	5.2	1.7865796669819929
10	6	2020	6.69	22.53	0.0	2.3057170621893177
11	6	2020	6.67	22.87	0.0	2.348706926188546
12	6	2020	8.28	28.18	0.0	2.8262655996751693
13	6	2020	14.53	30.38	0.0	2.842482533607708
14	6	2020	12.54	23.32	0.0	1.9721781199273376
15	6	2020	7.06	22.35	0.0	2.3168696645039835
16	6	2020	9.32	22.72	24.44	1.807489125817516
17	6	2020	9.78	16.4	4.87	0.7039889310289158
18	6	2020	6.46	15.31	1.65	1.166596052615798
19	6	2020	5.53	18.62	0.0	1.7428954979780846
20	6	2020	6.24	17.71	0.0	1.5563938586364232
21	6	2020	4.28	18.5	0.0	1.810683076055018
22	6	2020	6.0	23.64	0.0	2.2869024247933942
23	6	2020	10.57	28.06	0.0	2.571294829244135
24	6	2020	13.83	27.11	0.83	2.23355182165939
25	6	2020	14.39	25.67	0.0	1.927646049621144
26	6	2020	11.93	30.47	0.0	2.7537291765629393
27	6	2020	13.81	21.49	0.0	1.1926188971109548
28	6	2020	13.02	20.41	0.0	1.1225385359916773
29	6	2020	14.29	18.94	2.22	0.558646994462763
30	6	2020	13.67	20.48	7.94	0.8118321599837911
1	7	2020	13.26	23.97	0.91	1.795046930271749
2	7	2020	10.94	24.16	1.58	2.0728822141351073
3	7	2020	10.15	26.89	0.0	2.426584082843054
4	7	2020	12.38	28.54	0.0	2.4947964271490033
5	7	2020	12.54	23.74	0.0	1.837162978708448
6	7	2020	10.35	25.39	0.0	2.261004620470121
7	7	2020	12.09	28.45	16.63	2.020332825964774
8	7	2020	13.2	19.67	3.44	0.7544301985158393
9	7	2020	11.87	22.07	0.95	1.5032669196924666
10	7	2020	9.99	22.76	3.93	1.4349288617304434
11	7	2020	10.23	24.48	0.0	2.000295714118161
12	7	2020	13.0	25.74	0.0	1.9353641608069123
13	7	2020	9.93	19.78	2.62	1.0714986178442347
14	7	2020	10.24	21.98	4.41	1.2996874536143614
15	7	2020	10.03	23.18	1.12	1.8253538555982736
16	7	2020	10.13	25.65	0.0	2.099150794719522
17	7	2020	14.06	24.85	0.0	1.6097091951182547
18	7	2020	12.0	22.2	2.72	1.138231147126668
19	7	2020	10.35	23.14	2.75	1.3721217354168462
20	7	2020	11.06	23.45	5.26	1.3312171462234086
21	7	2020	9.54	25.53	0.0	2.031434887406997
22	7	2020	14.17	30.53	0.0	2.2695279236008994
23	7	2020	17.94	28.76	0.0	1.640650137378391
24	7	2020	14.55	27.77	0.0	1.915449309065013
25	7	2020	11.8	21.69	0.0	1.3195872833333542
26	7	2020	10.15	25.32	0.0	1.966513052284098
27	7	2020	9.39	27.39	0.0	2.191064873591945
28	7	2020	10.82	30.84	0.0	2.418912065039293
29	7	2020	14.49	34.32	0.0	2.539105558423185
30	7	2020	15.67	32.21	0.0	2.2295472049950416
31	7	2020	13.14	26.72	0.0	1.764661490935909
1	8	2020	9.0	27.83	0.0	2.1533291039274656
2	8	2020	10.78	27.92	0.0	2.0769984003586632
3	8	2020	13.62	29.92	2.02	1.6986430872780016
4	8	2020	12.0	27.15	0.0	1.8728570010036305
5	8	2020	9.6	29.31	0.0	2.2208817027648857
6	8	2020	11.77	33.52	0.0	2.4804777362477406
7	8	2020	13.56	23.72	2.92	1.0600895685105751
8	8	2020	10.54	25.78	0.68	1.7563707076462152
9	8	2020	8.72	22.79	0.0	1.533026767341241
10	8	2020	7.9	24.77	0.0	1.7932953155877005
11	8	2020	8.75	24.54	0.0	1.7036783191131166
12	8	2020	11.43	29.0	0.0	1.9810660384250192
13	8	2020	10.03	25.03	0.0	1.630341444567362
14	8	2020	7.94	25.14	4.1	1.4793148958726448
15	8	2020	8.94	25.58	0.0	1.7270590158771186
16	8	2020	9.3	29.78	0.0	2.089626710249121
17	8	2020	11.51	34.34	0.0	2.35978808660196
18	8	2020	12.75	36.05	0.0	2.426015513581434
19	8	2020	14.55	34.41	0.0	2.209044369556787
20	8	2020	12.72	33.91	0.0	2.2489802969692674
21	8	2020	14.23	28.31	0.0	1.5227545341456707
22	8	2020	9.97	32.14	0.0	2.1892394572702307
23	8	2020	6.78	28.69	0.0	2.005127079944309
24	8	2020	9.5	29.9	0.0	1.9737227873492045
25	8	2020	13.23	27.28	0.0	1.4210908852917647
26	8	2020	10.94	24.96	0.0	1.359144146709397
27	8	2020	7.81	24.33	3.71	1.3348735010888888
28	8	2020	6.46	23.67	0.0	1.501736476415785
29	8	2020	8.38	31.69	0.0	2.0985659816268787
30	8	2020	6.8	18.33	0.0	1.0127676435604462
31	8	2020	2.46	19.32	0.0	1.2985926800072785
1	9	2020	8.21	22.9	0.0	1.3115236253499594
2	9	2020	7.76	17.12	4.46	0.7565254301743932
3	9	2020	5.14	21.81	0.0	1.3625862968985731
4	9	2020	5.57	24.43	0.0	1.5337301094508882
5	9	2020	8.17	30.81	0.0	2.006508790861836
6	9	2020	8.23	17.4	0.0	0.8140586750636539
7	9	2020	0.15	10.48	0.0	0.7242133763811026
8	9	2020	-5.16	15.56	0.0	1.2548218912379885
9	9	2020	4.08	21.34	0.0	1.4209452789626364
10	9	2020	5.26	26.29	0.0	1.779057944725509
11	9	2020	7.58	29.98	0.0	1.9775966586618527
12	9	2020	7.28	16.67	1.43	0.7877569891452938
13	9	2020	-0.02	16.33	0.0	1.113304438194716
14	9	2020	5.54	15.86	0.0	0.8210280921132349
15	9	2020	3.24	14.98	0.0	0.8858433639582189
16	9	2020	-0.84	13.6	0.0	1.0116418100701592
17	9	2020	1.77	19.13	0.0	1.3845771338945168
18	9	2020	-0.64	24.64	0.0	1.806621028543767
19	9	2020	6.55	26.37	0.0	1.7911125453714545
20	9	2020	12.05	18.94	7.65	0.5788876765701105
21	9	2020	7.85	23.18	0.0	1.36973708086518
22	9	2020	6.95	21.07	1.45	1.2081262542409297
23	9	2020	9.41	21.83	0.0	1.0935661974593265
24	9	2020	8.9	24.0	0.0	1.350159115218018
25	9	2020	6.15	21.91	0.0	1.296886088251166
26	9	2020	7.53	15.22	1.35	0.6230776448866542
27	9	2020	4.46	15.03	0.0	0.7848788016649866
28	9	2020	0.98	22.35	0.0	1.4855779106581144
29	9	2020	7.18	17.44	0.0	0.8113073869732766
30	9	2020	1.03	12.57	0.0	0.7615065533219686
1	10	2020	-4.37	12.1	0.0	0.9212369137241488
2	10	2020	1.02	17.52	0.0	1.1320541372476924
3	10	2020	-1.34	16.0	0.0	1.0821327560034462
4	10	2020	4.73	23.92	0.84	1.4662375330493116
5	10	2020	7.76	19.52	0.0	0.9109155261760616
6	10	2020	6.67	17.42	0.0	0.8509656316453135
7	10	2020	0.75	15.42	0.0	1.0313302126872577
8	10	2020	7.14	23.29	1.95	1.424731634859154
9	10	2020	1.85	10.69	0.0	0.5705668733275002
10	10	2020	2.45	25.98	0.0	1.7287997474953427
11	10	2020	4.76	15.28	0.0	0.7736265687733758
12	10	2020	-3.19	11.81	0.0	0.8847117290237477
13	10	2020	0.02	10.71	0.0	0.6766890392205457
14	10	2020	-5.01	6.76	0.0	0.5995370326784376
15	10	2020	-4.78	5.68	0.0	0.516363767723943
16	10	2020	-8.55	3.88	0.0	0.5239624842969646
17	10	2020	-12.91	-0.24	0.0	0.4332057526382876
18	10	2020	-6.24	-3.24	0.0	0.1339743866237249
19	10	2020	-7.57	-1.09	0.0	0.2769182031444294
20	10	2020	-6.96	-1.74	0.23	0.2322372885357758
21	10	2020	-10.29	-0.08	0.0	0.4122722056269007
22	10	2020	-13.99	-2.25	0.0	0.3878475922977109
23	10	2020	-13.78	-3.65	0.0	0.329646617126734
24	10	2020	-8.99	-5.45	0.0	0.1394563035882379
25	10	2020	-11.61	-2.56	0.0	0.3262264964273006
26	10	2020	-15.28	3.23	0.0	0.6225410343361395
27	10	2020	-3.99	12.21	0.0	0.9276331802792656
28	10	2020	-4.37	5.22	0.0	0.4603930430560697
29	10	2020	-6.25	8.12	0.0	0.7054571528142924
30	10	2020	-0.9	13.13	0.0	0.877056678105938
31	10	2020	-6.41	2.31	0.0	0.3770950134707614
1	11	2020	-7.4	13.49	0.0	0.9781044503180112
2	11	2020	0.02	19.07	0.0	1.2322396673554092
3	11	2020	1.88	17.49	0.0	1.0795003739622548
4	11	2020	0.55	15.07	0.0	0.9317637328310808
5	11	2020	1.39	18.79	0.0	1.145668472470295
6	11	2020	-1.86	7.03	0.0	0.4486516356858027
7	11	2020	-2.18	1.05	1.48	0.1587820278098169
8	11	2020	-9.51	-3.43	18.88	0.2096743411783219
9	11	2020	-18.6	-9.07	0.0	0.2180734889370546
10	11	2020	-17.54	-5.96	0.0	0.2855094876205083
11	11	2020	-16.27	-6.55	1.52	0.2532363301445271
12	11	2020	-22.14	-8.77	0.0	0.2518961400821025
13	11	2020	-12.66	0.01	0.0	0.4039177207180057
14	11	2020	-9.21	-1.08	0.47	0.2991660799416769
15	11	2020	-13.29	-5.59	0.0	0.2286542102218936
16	11	2020	-10.63	-5.36	0.0	0.1760365272909883
17	11	2020	-8.02	0.59	0.0	0.3318570493381509
18	11	2020	-4.72	4.74	0.0	0.4208483206962009
19	11	2020	-12.41	-5.22	4.09	0.2091195061828707
20	11	2020	-20.19	-9.81	0.0	0.2081273652080831
21	11	2020	-18.14	-4.15	0.0	0.3257691814597631
22	11	2020	-16.07	-6.75	0.0	0.2339804698290806
23	11	2020	-11.37	-4.59	0.0	0.2140702138423479
24	11	2020	-10.34	-1.93	0.0	0.2817881976092949
25	11	2020	-7.75	2.17	0.0	0.3783785010668561
26	11	2020	-12.05	-1.05	0.0	0.343314746269703
27	11	2020	-11.05	0.92	0.0	0.3927725642016993
28	11	2020	-9.86	0.04	0.0	0.3397762557038917
29	11	2020	-15.26	-2.37	0.0	0.3415504172614911
30	11	2020	-8.66	2.07	0.0	0.3895845878658293
1	12	2020	-7.58	1.59	0.0	0.3478662083310442
2	12	2020	-11.13	-1.48	0.0	0.3100887787536551
3	12	2020	-7.26	2.9	0.0	0.391530204131215
4	12	2020	-6.42	2.16	0.0	0.3418668260077382
5	12	2020	-6.96	2.38	0.0	0.3642575997890192
6	12	2020	-9.63	1.76	0.0	0.3947916383600892
7	12	2020	-8.06	3.08	0.0	0.4134858616033289
8	12	2020	-4.39	3.5	0.0	0.339501095320005
9	12	2020	-5.41	2.02	0.0	0.3051789899247787
10	12	2020	-12.37	-3.37	0.0	0.2675587582324332
11	12	2020	-13.85	-4.77	0.0	0.2498798271719041
12	12	2020	-10.92	-3.49	0.0	0.2356070590197175
13	12	2020	-26.59	-13.65	0.0	0.1691742892073726
14	12	2020	-28.07	-13.24	0.39	0.1791008894608834
15	12	2020	-18.83	-9.41	0.0	0.1947880478018375
16	12	2020	-15.77	-4.28	0.0	0.287883534018868
17	12	2020	-14.28	2.2	0.0	0.4600646910164594
18	12	2020	-22.16	-3.49	0.0	0.3436199496066248
19	12	2020	-12.21	3.84	0.0	0.4937110972044846
20	12	2020	-6.41	2.74	0.0	0.3566265669255679
21	12	2020	-8.85	-1.56	5.78	0.2436162411802838
22	12	2020	-13.64	-3.73	7.56	0.2651907689294186
23	12	2020	-17.25	-8.5	0.0	0.1961507541820961
24	12	2020	-15.6	0.26	0.0	0.4119594921971022
25	12	2020	-12.69	-2.42	0.0	0.2992973861509861
26	12	2020	-12.84	-5.12	1.34	0.2195625698344607
27	12	2020	-15.07	-6.76	0.0	0.2105739904285839
28	12	2020	-17.5	-7.85	0.0	0.2157853388847462
29	12	2020	-16.53	-7.79	0.0	0.2054710298434126
30	12	2020	-20.51	-8.77	0.0	0.2245265182201872
1	1	2021	-16.87	-2.83	0.0	0.3395622506768991
2	1	2021	-9.14	4.0	0.0	0.4663229112007971
3	1	2021	-2.62	3.94	0.0	0.3035607705669661
4	1	2021	-10.76	-0.51	0.0	0.3351868924663008
5	1	2021	-10.14	0.07	0.0	0.3446275819415565
6	1	2021	-11.51	2.53	0.0	0.4503489449012858
7	1	2021	-9.26	0.8	0.0	0.3553524454928124
8	1	2021	-13.39	-2.9	0.0	0.3031518137497754
9	1	2021	-14.73	-5.32	0.0	0.2519716529531309
10	1	2021	-14.08	-4.78	0.0	0.2583670620809328
11	1	2021	-12.38	-0.68	0.0	0.3599895267262057
12	1	2021	-7.88	0.75	0.0	0.3274896327935035
13	1	2021	-5.16	6.15	5.04	0.4664395421317361
14	1	2021	-6.7	-1.29	0.0	0.2151039147025016
15	1	2021	-14.23	-5.08	0.0	0.2558287699359893
16	1	2021	-10.26	-0.88	0.0	0.3232388542424029
17	1	2021	-10.5	-1.28	1.75	0.3152481432927403
18	1	2021	-10.62	-0.3	0.44	0.3532999859879555
19	1	2021	-14.26	1.85	0.0	0.4708836384683626
20	1	2021	-5.82	1.95	0.0	0.3320941665375552
21	1	2021	-12.05	-5.85	0.25	0.1954890105822292
22	1	2021	-9.88	-4.7	0.86	0.181720750828842
23	1	2021	-27.3	-9.11	0.0	0.2553129622051288
24	1	2021	-31.91	-22.88	0.0	0.0816967495429053
25	1	2021	-28.96	-22.01	0.0	0.0764180353984038
26	1	2021	-28.17	-19.6	0.0	0.1027492473747559
27	1	2021	-23.46	-14.42	0.0	0.1519283853720728
28	1	2021	-18.98	-10.64	0.0	0.1862437059834714
29	1	2021	-15.2	-9.29	0.0	0.1623405366987474
30	1	2021	-15.7	-10.95	0.0	0.1255140339145068
31	1	2021	-18.6	-8.8	0.0	0.2306033854614338
1	2	2021	-14.19	-0.73	0.0	0.4137023731149613
2	2	2021	-8.54	2.31	0.0	0.4391331203963575
3	2	2021	-19.56	-11.21	0.0	0.1862731958941029
4	2	2021	-22.86	-15.83	0.0	0.1260666281951052
5	2	2021	-27.66	-18.38	0.0	0.1235109336227319
6	2	2021	-35.02	-25.64	0.0	0.0718023397379298
7	2	2021	-36.45	-28.39	0.0	0.0541807776701464
8	2	2021	-36.66	-26.91	0.0	0.0665499262112346
9	2	2021	-29.54	-25.59	0.0	0.0433129442391336
10	2	2021	-33.69	-26.84	0.0	0.0579100533792832
11	2	2021	-37.58	-28.2	0.0	0.0603929294384359
12	2	2021	-33.48	-22.95	0.0	0.0965263535182689
13	2	2021	-37.13	-24.65	0.0	0.0878227807994109
14	2	2021	-34.79	-22.73	0.0	0.1025141286541903
15	2	2021	-30.44	-18.67	0.0	0.139716751630374
16	2	2021	-25.66	-15.18	0.0	0.1740808196358516
17	2	2021	-22.77	-15.86	0.0	0.1363691998341867
18	2	2021	-24.95	-12.82	0.0	0.2172475514657613
19	2	2021	-22.52	-2.67	0.0	0.4730838526776922
20	2	2021	-11.05	-2.84	0.0	0.3731477373088756
21	2	2021	-12.44	2.66	0.0	0.7111268034315089
22	2	2021	-3.22	3.78	0.0	0.5421869365295655
23	2	2021	-6.86	-0.26	0.0	0.3939881639719307
24	2	2021	-10.16	-1.6	0.0	0.4590220322954104
25	2	2021	-11.71	0.82	0.0	0.6530961950207854
26	2	2021	-16.3	-1.92	0.75	0.5559988494933816
27	2	2021	-24.75	-12.96	0.0	0.2247230830465083
28	2	2021	-21.46	-11.06	0.0	0.2520065476068586
1	3	2021	-17.53	4.03	0.0	0.8018209609044715
2	3	2021	-6.35	3.3	0.0	0.7344638080279707
3	3	2021	-10.77	2.56	0.0	0.8025540732467262
4	3	2021	-9.24	2.49	0.0	0.7897703131833274
5	3	2021	-6.08	4.69	0.0	0.904475285780354
6	3	2021	-0.79	6.45	0.0	0.8323018260716335
7	3	2021	-3.91	5.55	0.0	0.9420159292740502
8	3	2021	-3.99	4.2	0.0	0.817305835695769
9	3	2021	-4.88	-0.41	0.0	0.3393335399856884
10	3	2021	-8.51	2.27	0.0	0.8590046261531897
11	3	2021	-17.53	-2.7	0.0	0.6338834719316022
12	3	2021	-9.89	6.39	0.0	1.1345380766964983
13	3	2021	-6.55	6.73	0.0	1.1744628670064137
14	3	2021	-2.22	9.13	0.0	1.316428603711836
15	3	2021	-1.35	8.02	0.0	1.1908941127077557
16	3	2021	-8.73	1.07	0.0	0.8117154419473583
17	3	2021	-7.84	8.98	0.0	1.3187101725204595
18	3	2021	-3.25	14.49	0.0	1.643392525020388
19	3	2021	0.13	18.88	0.0	1.9090401097816303
20	3	2021	-0.88	12.41	0.0	1.560799081345061
21	3	2021	-5.01	3.65	0.0	0.9626106460636696
22	3	2021	-5.91	9.3	0.0	1.3788429351749654
23	3	2021	-7.52	0.74	1.06	0.846066728886508
24	3	2021	-6.19	9.14	0.0	1.379573564674029
25	3	2021	-3.49	3.71	0.0	0.9686063078920324
26	3	2021	-10.04	2.46	0.0	1.035560894859355
27	3	2021	-8.91	6.64	0.0	1.2431473307366845
28	3	2021	-1.31	17.7	0.0	1.895369791380663
29	3	2021	-8.88	5.57	5.38	1.1168132184541075
30	3	2021	-13.97	-5.81	0.0	0.5466916431783562
31	3	2021	-15.81	7.43	0.0	1.1715794845812246
1	4	2021	-2.55	15.02	0.0	1.7650895611422888
2	4	2021	0.07	12.95	0.0	1.6615074533800522
3	4	2021	-1.29	14.25	0.0	1.742811089938607
4	4	2021	-1.09	18.35	0.0	1.918331778750099
5	4	2021	-2.77	12.73	0.0	1.6014012554717838
6	4	2021	-3.08	16.73	0.0	1.8134814353303637
7	4	2021	-0.56	21.11	0.0	2.0801226797535524
8	4	2021	1.98	15.23	1.43	1.752542518007027
9	4	2021	-6.05	12.07	0.0	1.540409634617887
10	4	2021	-0.71	13.34	0.0	1.6488849114254949
11	4	2021	-2.26	4.37	3.15	0.7349010043730316
12	4	2021	-3.67	2.29	1.44	0.7624800491254716
13	4	2021	-3.36	2.78	0.0	0.7874491454559595
14	4	2021	-3.21	7.04	0.0	1.2919727600808242
15	4	2021	-2.44	12.8	0.0	1.6481340591811868
16	4	2021	-4.7	14.45	0.0	1.7248508518880554
17	4	2021	-1.0	20.56	0.0	2.11178638320886
18	4	2021	-3.7	6.87	0.0	1.2973151992886358
19	4	2021	-6.96	5.06	0.58	1.2444084403684563
20	4	2021	-9.07	9.22	0.0	1.4619904884034531
21	4	2021	-3.93	17.62	0.0	1.9290269853888844
22	4	2021	-4.76	7.45	0.0	1.3435602009439498
23	4	2021	-12.29	4.83	0.0	1.1671520075982509
24	4	2021	-10.04	7.73	0.0	1.3337600570090478
25	4	2021	-5.6	11.13	0.0	1.5623603215830066
26	4	2021	-4.25	14.82	0.0	1.788329912904007
27	4	2021	-3.91	15.75	0.0	1.84954243880309
28	4	2021	-1.95	15.58	0.0	1.861352593364999
29	4	2021	-2.32	11.78	0.0	1.6203232210129914
30	4	2021	2.27	26.51	0.0	2.560045110922795
1	5	2021	5.22	20.28	0.0	2.1782432856087204
2	5	2021	0.92	14.31	0.0	1.7877041803862104
3	5	2021	-4.99	10.2	0.0	1.5358568360399474
4	5	2021	-5.1	14.49	0.0	1.7920649712995411
5	5	2021	-3.19	16.87	0.0	1.95555481176445
6	5	2021	-0.43	17.66	0.0	2.0338069740625624
7	5	2021	-0.3	17.58	0.0	2.0360771428182107
8	5	2021	2.6	14.28	0.0	1.7862668599760056
9	5	2021	-4.29	15.81	0.0	1.8993591867349753
10	5	2021	-2.88	18.26	0.0	2.0627022240329747
11	5	2021	0.39	20.08	0.0	2.2063895508056524
12	5	2021	2.17	20.88	0.0	2.2634732901667314
13	5	2021	1.74	22.0	0.0	2.332964630880158
14	5	2021	2.8	22.93	1.03	2.3978416266974834
15	5	2021	3.38	24.46	0.0	2.5023560489182843
16	5	2021	8.34	28.14	0.0	2.753308663559168
17	5	2021	7.18	32.5	0.0	3.0381482155660744
18	5	2021	11.99	28.83	0.0	2.757132216310266
19	5	2021	2.19	13.79	0.0	1.7369195793892327
20	5	2021	-1.06	4.4	2.81	0.7064039074944827
21	5	2021	-2.08	5.01	4.21	0.9257844672424436
22	5	2021	-0.02	9.83	0.0	1.4917200910107489
23	5	2021	6.32	15.01	16.43	1.6508973631777435
24	5	2021	8.29	11.51	20.72	0.3136328986214789
25	5	2021	2.15	9.22	1.3	0.8232126361633059
26	5	2021	-0.73	13.41	0.0	1.633764307411283
27	5	2021	0.94	18.87	0.0	2.149018910569627
28	5	2021	6.84	21.91	0.0	2.319103880798334
29	5	2021	6.64	20.82	0.0	2.1996544993838296
30	5	2021	2.51	22.89	0.0	2.48615301588311
31	5	2021	8.12	26.93	0.0	2.768844539704437
1	6	2021	9.0	26.7	0.0	2.7437555318760265
2	6	2021	12.3	32.2	0.0	3.112771123756455
3	6	2021	13.69	35.68	0.0	3.3402798796996236
4	6	2021	15.94	29.55	0.0	2.759680691962493
5	6	2021	11.71	28.48	0.0	2.8522845895110773
6	6	2021	8.52	21.15	0.0	2.1522915166296337
7	6	2021	9.09	22.96	0.0	2.368155297314664
8	6	2021	6.16	23.44	2.78	2.1456714675764665
9	6	2021	12.01	19.52	10.61	1.0482359115273463
10	6	2021	13.57	21.54	10.79	1.0976850249135808
11	6	2021	10.9	20.66	0.0	1.6237821146429503
12	6	2021	7.08	23.74	0.0	2.39631845258285
13	6	2021	6.84	27.41	0.0	2.754209469575293
14	6	2021	12.75	31.69	0.0	3.02276965554733
15	6	2021	16.33	33.47	1.21	3.054919843710785
16	6	2021	13.14	25.03	0.0	2.1680161885997897
17	6	2021	7.36	24.4	0.0	2.4815090059946328
18	6	2021	8.22	18.78	0.0	1.67828583896273
19	6	2021	6.97	20.49	0.87	2.028904370115962
20	6	2021	6.05	18.68	0.0	1.8307787838287284
21	6	2021	1.87	24.43	0.0	2.515597948822415
22	6	2021	10.51	31.09	0.0	2.9943901032054208
23	6	2021	13.39	24.29	0.0	1.8935216751305284
24	6	2021	8.72	23.44	0.0	2.2123693687016996
25	6	2021	9.92	27.78	0.0	2.658348216556495
26	6	2021	13.51	28.84	0.82	2.5783325374860953
27	6	2021	12.24	28.22	0.0	2.577903154161713
28	6	2021	10.82	29.5	0.0	2.84030858719222
29	6	2021	12.74	33.04	0.0	3.1249439789807973
30	6	2021	14.46	34.27	0.0	3.1823669676238535
1	7	2021	15.77	35.12	0.0	3.2086382556519437
2	7	2021	18.46	39.15	0.0	3.482501027226964
3	7	2021	17.11	30.29	0.0	2.4848520797930704
4	7	2021	12.91	28.29	5.69	2.1004380634148654
5	7	2021	13.54	24.13	0.0	1.800859145321777
6	7	2021	10.6	21.03	0.0	1.6379811274686693
7	7	2021	11.42	28.36	5.04	2.150932618842441
8	7	2021	14.05	27.42	5.43	1.8048774295397352
9	7	2021	12.74	30.38	0.0	2.6753259350269425
10	7	2021	13.95	32.71	0.0	2.8454409729972516
11	7	2021	15.87	32.1	0.0	2.6583641244259923
12	7	2021	11.98	27.85	0.0	2.417668506697221
13	7	2021	10.41	29.21	0.0	2.6582536577849347
14	7	2021	11.37	31.23	0.0	2.819156723389177
15	7	2021	14.02	35.13	0.0	3.0848754088935877
16	7	2021	15.79	30.65	0.0	2.441569136926935
17	7	2021	16.99	35.4	0.0	2.9440651597820757
18	7	2021	13.72	26.29	0.0	1.9771955106038503
19	7	2021	14.02	20.88	0.0	0.9136999867904128
20	7	2021	15.92	28.39	0.0	2.0615428716140016
21	7	2021	15.21	31.23	0.0	2.5624331982094852
22	7	2021	14.45	33.65	0.0	2.8857382945885357
23	7	2021	6.64	28.79	0.0	2.652391839497021
24	7	2021	10.15	29.19	0.0	2.5820916565771825
25	7	2021	10.8	28.89	1.34	2.511852095206322
26	7	2021	12.11	28.19	0.0	2.329890121421548
27	7	2021	12.55	35.48	0.0	3.037783798366485
28	7	2021	12.93	29.42	0.0	2.3979808713133246
29	7	2021	13.02	33.84	0.0	2.8594758725051883
30	7	2021	12.76	31.2	0.0	2.5963411334961592
31	7	2021	12.48	31.56	0.0	2.639891773212504
1	8	2021	12.27	33.08	0.0	2.7876738426659475
2	8	2021	15.94	35.13	0.0	2.7967736132772476
3	8	2021	18.96	28.48	0.0	1.4550130565724069
4	8	2021	14.18	28.28	0.0	2.066025786247222
5	8	2021	11.05	30.73	0.0	2.5505004428845477
6	8	2021	15.5	33.19	0.0	2.5508604486412376
7	8	2021	15.41	29.3	0.0	2.0341764175174877
8	8	2021	13.7	22.78	0.0	1.182226221773507
9	8	2021	11.28	20.38	0.0	1.122894207179886
10	8	2021	10.4	21.11	3.62	1.0590236093042742
11	8	2021	11.16	25.74	0.0	1.9155967159370209
12	8	2021	8.83	23.71	0.0	1.8356696656445517
13	8	2021	8.64	29.79	0.0	2.464160077303975
14	8	2021	16.06	37.26	0.0	2.8382576652240883
15	8	2021	15.63	32.89	0.0	2.4010987953373766
16	8	2021	14.83	26.82	0.0	1.655034509375617
17	8	2021	10.17	19.59	0.0	1.0839414422044984
18	8	2021	9.77	17.84	3.01	0.7393768698722563
19	8	2021	7.76	19.54	3.23	1.0488359664455629
20	8	2021	10.17	19.07	4.5	0.8200901323750376
21	8	2021	6.19	21.89	3.96	1.3936519155688691
22	8	2021	9.39	15.6	8.49	0.5660228361809353
23	8	2021	7.15	17.91	7.79	1.0442044163023882
24	8	2021	7.38	15.04	0.0	0.8099866992097777
25	8	2021	3.49	20.15	0.0	1.7619650738712762
26	8	2021	7.26	20.93	0.0	1.658282992843503
27	8	2021	12.32	21.11	0.0	1.1593427992782248
28	8	2021	10.88	24.03	2.0	1.7717356479722235
29	8	2021	7.67	26.11	0.0	2.128933526534107
30	8	2021	9.06	29.32	0.0	2.3427007539027587
31	8	2021	12.04	25.52	19.06	1.456849384407927
1	9	2021	8.94	21.47	0.0	1.415335215303374
2	9	2021	8.84	18.9	0.0	1.0716622149781876
3	9	2021	8.26	21.8	0.0	1.4808818266749308
4	9	2021	5.61	23.17	0.0	1.7408932722585666
5	9	2021	7.6	29.44	0.0	2.1611241460994735
6	9	2021	10.24	22.5	1.7	1.3626477114315727
7	9	2021	7.68	23.56	0.0	1.6394766616821794
8	9	2021	5.67	25.46	0.0	1.9187691369740365
9	9	2021	10.43	28.44	0.0	2.0725767919511995
10	9	2021	8.46	21.9	0.0	1.4961086028039434
11	9	2021	6.15	14.64	0.0	0.766886463263061
12	9	2021	2.8	18.43	0.0	1.4357537438203407
13	9	2021	7.33	21.49	0.0	1.5063192379395929
14	9	2021	4.46	23.27	0.0	1.7739358222055264
15	9	2021	8.01	19.15	0.0	1.1624331778276351
16	9	2021	3.79	15.44	0.0	1.0445801544435869
17	9	2021	-0.93	19.6	0.0	1.5464603902190937
18	9	2021	11.18	32.74	0.0	2.2419501576105825
19	9	2021	6.76	19.87	0.0	1.255718992369239
20	9	2021	1.82	18.61	0.0	1.3686417530344563
21	9	2021	2.85	22.22	0.0	1.599359452146029
22	9	2021	5.86	27.61	0.0	1.9055969775140464
23	9	2021	4.32	17.17	0.0	1.045078589490798
24	9	2021	-0.65	19.37	0.0	1.4133437862278306
25	9	2021	7.43	25.9	0.0	1.6708267494765443
26	9	2021	4.06	25.44	0.0	1.714361236300272
27	9	2021	9.05	30.01	0.0	1.892600150336182
28	9	2021	6.37	28.11	0.0	1.8123075898176744
29	9	2021	6.31	21.07	0.0	1.208723169900915
30	9	2021	1.64	24.18	0.0	1.6065844830883225
1	10	2021	5.93	23.56	0.0	1.4120701739435446
2	10	2021	0.55	21.5	0.0	1.409997252280076
3	10	2021	5.62	23.75	0.0	1.4382107679410108
4	10	2021	1.93	20.72	0.0	1.316774485686934
5	10	2021	5.1	23.71	0.0	1.4259820678119337
6	10	2021	6.69	26.94	0.0	1.639392743068888
7	10	2021	3.21	14.49	0.0	0.7484291145132889
8	10	2021	1.34	16.96	0.0	1.0565793283711675
9	10	2021	-0.79	19.92	0.0	1.3254866430682577
10	10	2021	-0.88	18.84	0.0	1.2381785904522624
11	10	2021	-1.85	9.17	0.0	0.6043431105997021
12	10	2021	-6.72	8.89	0.0	0.7168696490836972
13	10	2021	-3.76	5.39	3.69	0.4298908551092356
14	10	2021	-1.45	6.08	2.25	0.383939142650736
15	10	2021	-3.36	13.68	0.0	0.879740326692308
16	10	2021	-0.69	17.99	0.0	1.0684861872019906
17	10	2021	2.8	24.18	0.0	1.3809467168498195
18	10	2021	1.53	13.73	0.0	0.7284657757188201
19	10	2021	-5.39	7.28	0.0	0.5883628388129101
20	10	2021	-7.55	7.98	0.0	0.6648284485972401
21	10	2021	-4.42	10.23	0.0	0.7054952154658302
22	10	2021	-5.45	9.63	0.0	0.6964301014504728
23	10	2021	-1.73	7.1	0.7	0.4585803715450943
24	10	2021	2.26	6.33	0.0	0.2417752717044596
25	10	2021	3.62	9.53	2.11	0.3470623841689829
26	10	2021	2.23	10.49	2.16	0.4654310245186445
27	10	2021	0.15	13.26	0.0	0.7307111919318354
28	10	2021	-2.16	11.23	0.0	0.6878745958254139
29	10	2021	0.22	8.8	1.91	0.47431640893242
30	10	2021	-4.75	4.96	0.0	0.4459217595095949
31	10	2021	-8.2	4.24	0.0	0.4976561235274653
1	11	2021	-9.77	2.36	0.0	0.4498691768767825
2	11	2021	-10.01	6.95	0.0	0.6319849946017106
3	11	2021	-8.16	10.01	0.0	0.7313328651255484
4	11	2021	-2.27	15.27	0.0	0.8759394490605888
5	11	2021	2.04	14.45	0.0	0.7151669174728075
6	11	2021	-3.05	10.2	0.0	0.6394219467319534
7	11	2021	-6.02	10.12	0.0	0.6950760333388143
8	11	2021	-5.91	9.07	0.0	0.6447442976548187
9	11	2021	-9.5	8.3	0.0	0.6622672890367778
10	11	2021	-2.08	3.79	1.11	0.2849815055997898
11	11	2021	-6.53	-2.21	0.0	0.1714241924047312
12	11	2021	-8.76	-3.36	0.0	0.1937996090544555
13	11	2021	-9.28	4.94	0.0	0.5208979142215553
14	11	2021	-6.02	1.8	0.53	0.3279110275554044
15	11	2021	-1.2	4.98	0.89	0.3083459596734222
16	11	2021	-4.36	6.36	5.22	0.4576936990081483
17	11	2021	-11.99	-4.81	0.0	0.2206649094336467
18	11	2021	-14.75	-1.23	0.0	0.3745625069569284
19	11	2021	-10.7	-1.63	0.0	0.3001526624259896
20	11	2021	-10.99	0.75	0.0	0.3878221183068234
21	11	2021	-16.96	-2.86	0.0	0.3457566467470152
22	11	2021	-6.99	4.88	0.0	0.4673353261004568
23	11	2021	-9.7	3.47	0.0	0.4596356763441193
24	11	2021	-16.4	-8.52	0.0	0.1863992394120256
25	11	2021	-11.27	2.03	0.0	0.4283593071082104
26	11	2021	-2.83	6.05	0.0	0.4050890414577143
27	11	2021	-6.98	2.33	0.0	0.3578855928363728
28	11	2021	-5.14	4.1	0.0	0.3827502705255313
29	11	2021	-3.85	5.5	1.21	0.4068909564507386
30	11	2021	-6.02	4.94	0.0	0.4377807645906917
1	12	2021	-0.16	6.73	0.0	0.3429108584902127
2	12	2021	-3.79	2.25	1.16	0.2607892883154276
3	12	2021	-8.29	-1.13	0.0	0.2545139157122461
4	12	2021	-11.29	-2.66	0.8	0.2717531731377938
5	12	2021	-22.2	-8.38	0.8	0.2445015245194306
6	12	2021	-24.61	-13.07	0.0	0.1704523768688993
7	12	2021	-20.84	-9.27	0.0	0.2174029451762615
8	12	2021	-15.22	3.03	1.06	0.4934224631698261
9	12	2021	-12.26	-1.74	0.0	0.3172244307858543
10	12	2021	-14.24	-3.72	0.0	0.2854449272471916
11	12	2021	-10.15	4.26	0.0	0.4863917920887209
12	12	2021	-9.1	1.31	0.0	0.3626986406540465
13	12	2021	-14.25	-3.27	0.0	0.2965090260803065
14	12	2021	-9.03	-1.96	0.24	0.2421803065677088
15	12	2021	-21.52	-11.55	0.0	0.1744113124176445
16	12	2021	-24.89	-17.36	0.32	0.1020128992827369
17	12	2021	-26.0	-17.8	0.81	0.103818001554229
18	12	2021	-28.17	-9.16	0.0	0.2394683399948193
19	12	2021	-19.47	-9.67	0.0	0.193775014966
20	12	2021	-20.89	-12.2	0.0	0.1555667092076109
21	12	2021	-19.38	-7.59	0.0	0.2394713223209448
22	12	2021	-14.09	-6.86	2.59	0.18440139336696
23	12	2021	-14.76	-1.57	1.7	0.3515511782668736
24	12	2021	-24.85	-14.9	0.61	0.1399566221729136
25	12	2021	-29.33	-22.65	1.87	0.0649754422508951
26	12	2021	-28.22	-24.03	6.66	0.040778677736538
27	12	2021	-34.71	-26.02	0.06	0.0580776854069683
28	12	2021	-37.08	-27.43	0.0	0.054134915281168
29	12	2021	-35.08	-25.93	0.0	0.0599207821508897
30	12	2021	-36.91	-27.75	0.0	0.0517629864868753
31	12	2021	-35.96	-27.3	0.0	0.0524499688610121
1	1	2022	-35.03	-22.93	0.0	0.0829013981233976
2	1	2022	-26.37	-1.27	0.0	0.3867328366663973
3	1	2022	-16.99	-5.21	3.81	0.2659779725648001
4	1	2022	-23.29	-12.65	1.71	0.1672151271613382
5	1	2022	-32.41	-19.87	0.0	0.1067557167304903
6	1	2022	-34.99	-25.99	0.0	0.0586952357314165
7	1	2022	-24.5	-7.59	1.57	0.2671112382212073
8	1	2022	-24.24	-13.8	0.0	0.1548209093568156
9	1	2022	-28.9	-16.89	0.0	0.1322404576363323
10	1	2022	-21.96	-0.55	0.0	0.4166464860024275
11	1	2022	-11.89	3.7	0.0	0.4941313860405558
12	1	2022	-1.82	5.37	0.0	0.3400881382816056
13	1	2022	-5.13	4.08	2.64	0.3713996978778777
14	1	2022	-5.84	1.55	0.0	0.298542818534615
15	1	2022	-4.66	4.55	0.0	0.3958477840998224
16	1	2022	-4.41	4.29	0.0	0.3779670248934357
17	1	2022	-5.74	4.4	0.93	0.4203057688326341
18	1	2022	-19.25	2.63	0.0	0.5068945333525688
19	1	2022	-26.29	-15.62	0.0	0.142153293198162
20	1	2022	-23.4	-2.56	2.06	0.3663851625879021
21	1	2022	-9.58	2.59	1.32	0.4360898399243878
22	1	2022	-7.61	4.55	1.92	0.4773551500570387
23	1	2022	-7.8	5.07	0.0	0.5043313530142995
24	1	2022	-10.76	1.73	0.0	0.4286564475479789
25	1	2022	-22.41	-4.92	0.0	0.3325723881454164
26	1	2022	-9.88	2.14	0.0	0.4325136679995834
27	1	2022	-7.5	1.26	0.0	0.3471983048963631
28	1	2022	-11.11	1.18	0.0	0.4207171147559428
29	1	2022	-8.76	2.43	0.0	0.4277883479941856
30	1	2022	-4.55	5.34	0.0	0.4527377113453357
31	1	2022	-12.4	3.66	3.44	0.5079736038476543
1	2	2022	-26.17	-17.54	0.0	0.1192510505551635
2	2	2022	-32.63	-23.69	0.0	0.0775592951312677
3	2	2022	-30.83	-19.83	0.0	0.1138614552155359
4	2	2022	-32.21	-7.78	6.58	0.2652682356338424
5	2	2022	-15.69	-7.15	0.75	0.2335264710630892
6	2	2022	-17.49	1.27	0.0	0.5030442007081319
7	2	2022	-5.2	5.2	0.0	0.485078939250708
8	2	2022	-4.24	2.83	0.0	0.3413148561503272
9	2	2022	-8.12	2.72	0.44	0.4542496168121422
10	2	2022	-9.07	5.26	0.63	0.5835782271540435
11	2	2022	-18.35	-12.39	0.0	0.1406873743577734
12	2	2022	-17.04	-7.06	0.0	0.2680633782798133
13	2	2022	-15.96	1.89	0.0	0.535101754095121
14	2	2022	-18.13	-9.41	1.11	0.2187999411275558
15	2	2022	-14.95	-6.96	1.77	0.240514669391624
16	2	2022	-24.33	-15.3	0.37	0.1553017418503913
17	2	2022	-26.59	-4.0	0.0	0.3885671003832912
18	2	2022	-20.43	-6.94	0.0	0.3158079835241855
19	2	2022	-17.53	3.37	2.93	0.5679196480044253
20	2	2022	-22.3	-15.38	0.0	0.1357500410517972
21	2	2022	-28.12	-20.06	0.0	0.1084067806078567
22	2	2022	-31.14	-20.38	0.0	0.121681326535105
23	2	2022	-29.99	-18.35	0.0	0.1461857480093233
24	2	2022	-27.01	-16.78	0.0	0.1579749377752149
25	2	2022	-26.66	-8.19	0.0	0.3187800721001604
26	2	2022	-13.88	-2.56	0.0	0.4000749811143614
27	2	2022	-12.03	-6.77	0.0	0.1974898134490089
28	2	2022	-13.31	-7.27	0.0	0.2160847583821372
1	3	2022	-12.02	-6.82	0.0	0.1998830447025822
2	3	2022	-16.82	-8.82	0.0	0.2451056526398061
3	3	2022	-17.78	-9.98	6.01	0.2064706924774978
4	3	2022	-11.37	-8.07	3.86	0.1218114960216306
5	3	2022	-16.39	-9.94	0.0	0.2061303713286153
6	3	2022	-18.35	-4.59	0.0	0.4152964915202873
7	3	2022	-15.54	1.82	0.75	0.6241747992094953
8	3	2022	-17.72	-8.24	0.0	0.2967126307419453
9	3	2022	-23.97	-14.46	0.0	0.2024325243836326
10	3	2022	-23.57	-12.48	0.0	0.2464780101650594
11	3	2022	-30.29	-10.27	0.0	0.3012096306369582
12	3	2022	-15.81	2.93	0.0	0.7075202638365017
13	3	2022	-11.95	-2.49	0.0	0.4157605827580272
14	3	2022	-11.32	0.17	0.0	0.5380032899303895
15	3	2022	-6.31	4.34	0.0	0.6781881363461312
16	3	2022	-3.87	3.91	0.0	0.5098636158138921
17	3	2022	-6.26	5.25	0.0	0.7681932756398312
18	3	2022	-2.16	5.6	0.0	0.5841720485127446
19	3	2022	-3.81	6.19	0.0	0.7878683037883195
20	3	2022	-1.42	4.3	0.0	0.4292872477195169
21	3	2022	-0.67	5.71	0.0	0.5613820991795444
22	3	2022	-2.58	7.63	0.0	0.947791938761946
23	3	2022	-1.92	12.74	0.0	1.3794116471893556
24	3	2022	-0.66	7.08	1.28	0.7682188727434148
25	3	2022	-6.86	0.61	0.0	0.5247725717206941
26	3	2022	-9.17	-2.61	0.0	0.3730573947374022
27	3	2022	-7.03	7.81	0.0	1.149971990019779
28	3	2022	-2.06	7.58	0.0	1.0876040543767749
29	3	2022	-5.58	1.75	0.0	0.6662592992837673
30	3	2022	-7.77	9.24	0.0	1.33391384041225
31	3	2022	-1.03	5.4	2.02	0.5482253724504887
1	4	2022	-3.93	5.24	0.0	0.948453049078572
2	4	2022	-7.03	7.13	0.0	1.2074644745273286
3	4	2022	-3.41	11.7	0.0	1.5272348339538775
4	4	2022	-1.34	15.95	0.0	1.8838664052506344
5	4	2022	-0.59	8.96	2.39	0.9979040897586028
6	4	2022	-1.26	7.17	0.64	1.062894809179739
7	4	2022	-3.24	11.02	0.0	1.5387643293057027
8	4	2022	-1.68	18.49	0.0	2.0456303789386068
9	4	2022	0.09	12.63	0.0	1.651716375093052
10	4	2022	-3.94	6.74	0.0	1.2022622415755615
11	4	2022	-7.97	-1.67	0.0	0.5173243864365153
12	4	2022	-9.81	-5.26	0.0	0.2688946941456732
13	4	2022	-9.42	-4.82	1.07	0.2911952896476842
14	4	2022	-8.62	-3.32	1.29	0.4221776919225943
15	4	2022	-9.82	-1.97	0.0	0.6596830886669371
16	4	2022	-9.34	1.5	0.0	0.971219217337803
17	4	2022	-7.71	4.01	0.0	1.1536969466842142
18	4	2022	-7.53	8.82	0.0	1.5162317459119603
19	4	2022	-2.65	4.13	1.8	0.9091630407191978
20	4	2022	-4.64	1.63	1.73	0.7179609258061135
21	4	2022	-8.54	5.82	0.0	1.3141618815468186
22	4	2022	-2.15	3.73	0.74	0.8160924375731448
23	4	2022	0.26	9.61	1.86	1.5327516421071017
24	4	2022	-2.5	11.43	0.0	1.750492760400154
25	4	2022	-2.66	10.65	0.0	1.6999751633878728
26	4	2022	-2.63	14.68	0.0	1.948888375314261
27	4	2022	0.95	15.65	0.0	2.0433227246162664
28	4	2022	0.8	18.05	0.0	2.1946797825750366
29	4	2022	0.65	16.7	0.0	2.113799501254764
30	4	2022	1.64	17.58	0.0	2.1743711111166464
1	5	2022	0.58	15.31	0.0	2.018508265371373
2	5	2022	-0.53	18.66	0.0	2.2227663106771267
3	5	2022	3.9	20.36	0.0	2.3731480814251644
4	5	2022	0.94	24.27	0.0	2.5733087107679937
5	5	2022	8.55	27.57	0.0	2.8608705292285075
6	5	2022	9.64	22.74	1.61	2.4048280937668323
7	5	2022	5.9	14.68	5.61	1.471927710838748
8	5	2022	3.09	15.11	0.0	1.9292446618320296
9	5	2022	-0.14	15.69	0.0	1.9861086572155524
10	5	2022	3.31	13.99	2.57	1.508525151867325
11	5	2022	-0.3	19.03	0.0	2.1922441513528383
12	5	2022	3.15	20.52	0.0	2.3117975117392713
13	5	2022	4.6	11.31	12.69	0.8990755420561722
14	5	2022	2.94	17.04	0.0	1.997831425873301
15	5	2022	3.24	20.54	0.0	2.3126979201534894
16	5	2022	4.62	20.63	0.0	2.3161384914343945
17	5	2022	6.54	20.22	2.67	1.8612109543253488
18	5	2022	7.25	16.55	0.93	1.634510694612316
19	5	2022	1.51	11.29	3.14	1.0623410319695958
20	5	2022	1.1	8.21	0.0	0.8706628686124475
21	5	2022	-0.76	14.4	0.0	1.838034095399945
22	5	2022	0.96	16.9	0.0	2.042333743246921
23	5	2022	1.94	22.71	0.0	2.461994240674375
24	5	2022	4.85	24.68	0.0	2.609339571484633
25	5	2022	6.37	24.49	0.0	2.596567490813588
26	5	2022	5.98	24.18	0.0	2.5787633673243424
27	5	2022	6.96	21.81	1.5	2.386585927340885
28	5	2022	8.28	23.28	0.0	2.4918425673955995
29	5	2022	9.59	20.24	0.0	1.970730749738685
30	5	2022	7.36	17.74	0.0	1.7993555626189215
31	5	2022	3.86	18.84	0.0	2.183515819615463
1	6	2022	2.49	19.7	0.0	2.292184967301346
2	6	2022	4.42	21.57	0.0	2.425266447050647
3	6	2022	2.65	23.18	0.0	2.534639222816349
4	6	2022	4.15	25.11	0.0	2.672551008507159
5	6	2022	6.4	20.56	0.0	2.3318412651200533
6	6	2022	5.82	21.06	0.0	2.377224462069529
7	6	2022	8.04	21.37	0.0	2.3617862366882445
8	6	2022	7.02	24.74	0.0	2.650445107274418
9	6	2022	11.3	24.38	5.5	2.234695365864443
10	6	2022	10.46	26.02	1.32	2.709990966298108
11	6	2022	8.25	24.36	0.0	2.6158541575098377
12	6	2022	8.61	24.78	4.84	2.3132654792456866
13	6	2022	11.35	21.96	3.39	1.6707462745737651
14	6	2022	7.24	19.24	0.0	2.019590878832579
15	6	2022	5.15	17.18	4.09	1.526823356510289
16	6	2022	11.25	21.04	0.0	1.8588095724066065
17	6	2022	10.87	29.52	0.0	2.9847678385053675
18	6	2022	17.75	32.21	0.0	2.9983513685368126
19	6	2022	16.01	21.13	4.99	0.6094635022940569
20	6	2022	14.63	20.93	3.69	0.8191662074822414
21	6	2022	11.72	22.69	1.17	2.000987242724822
22	6	2022	10.76	28.19	0.0	2.8293243756449806
23	6	2022	10.54	26.61	5.47	2.209026446840563
24	6	2022	8.53	18.5	1.76	1.6243431360349805
25	6	2022	8.76	21.27	3.29	1.6375304077084405
26	6	2022	8.93	24.92	0.0	2.477284814112261
27	6	2022	10.1	23.3	0.0	2.198028542159942
28	6	2022	9.37	22.78	1.19	2.1742139655907247
29	6	2022	12.6	25.35	0.0	2.2489034382203608
30	6	2022	9.86	23.04	0.0	2.1747277080287875
1	7	2022	8.31	24.15	0.0	2.4153890074612305
2	7	2022	10.0	22.7	3.45	1.6985695845828184
3	7	2022	10.7	23.79	1.04	2.201529315257768
4	7	2022	12.83	18.82	7.52	0.6945881949245688
5	7	2022	12.25	18.1	3.27	0.6755953537906078
6	7	2022	12.73	24.46	0.0	2.0798432260208455
7	7	2022	12.3	24.08	2.01	1.6290680763612726
8	7	2022	16.63	31.59	3.44	2.193790109770125
9	7	2022	16.56	29.43	2.79	1.892509577353578
10	7	2022	13.95	25.1	3.82	1.542608323780065
11	7	2022	11.13	27.16	0.0	2.462166324306005
12	7	2022	10.79	30.11	0.0	2.7526804384910877
13	7	2022	15.99	33.3	2.97	2.312639490333487
14	7	2022	15.18	28.04	0.0	2.219732347494021
15	7	2022	16.17	33.76	0.0	2.841376699910326
16	7	2022	14.95	35.31	0.0	3.0202071996483046
17	7	2022	15.9	31.16	0.0	2.533746086332716
18	7	2022	14.48	29.2	20.46	1.918360309221229
19	7	2022	15.4	28.55	7.04	1.618568894755409
20	7	2022	12.9	24.68	0.0	1.6945001234409485
21	7	2022	11.02	28.23	0.0	2.2942967278245487
22	7	2022	11.37	24.89	0.0	1.8733197220897273
23	7	2022	8.85	21.68	0.0	1.6737073137403131
24	7	2022	7.86	28.09	0.0	2.3978506747008357
25	7	2022	13.43	20.63	2.21	0.799686321814767
26	7	2022	10.53	24.21	0.0	1.8275095139255968
27	7	2022	7.93	25.57	0.0	2.132719614062238
28	7	2022	8.09	27.57	0.0	2.2991915405247125
29	7	2022	12.88	33.45	0.0	2.629037649957355
30	7	2022	15.2	25.47	2.63	1.133543884728065
31	7	2022	13.64	27.47	5.38	1.510995916088724
1	8	2022	14.86	26.31	0.0	1.5523024508256815
2	8	2022	13.57	24.79	0.0	1.4728465239988038
3	8	2022	8.51	25.46	0.0	1.974706298547794
4	8	2022	11.08	34.16	0.0	2.6298657807186543
5	8	2022	8.88	18.95	0.0	1.0843587608931973
6	8	2022	4.95	22.88	0.0	1.863879430199043
7	8	2022	11.62	30.01	0.0	2.23011357331547
8	8	2022	11.07	32.96	0.0	2.5075244191470336
9	8	2022	9.85	25.89	0.0	1.8710725036081992
10	8	2022	10.04	26.06	0.0	1.8675691435407245
11	8	2022	15.48	25.53	0.0	1.2207620399054688
12	8	2022	11.64	31.58	0.0	2.399784753430466
13	8	2022	15.92	32.74	1.65	2.2375163957140805
14	8	2022	15.5	30.78	0.0	2.0159821596900662
15	8	2022	12.42	29.63	0.0	2.1160315779683687
16	8	2022	13.75	34.26	0.0	2.497168405336379
17	8	2022	16.0	29.58	0.0	1.790069975861472
18	8	2022	12.52	29.43	0.0	2.080310681019788
19	8	2022	10.78	29.51	0.0	2.1690027590862857
20	8	2022	14.19	31.9	0.0	2.197326545514169
21	8	2022	12.63	34.21	0.0	2.4789126611903503
22	8	2022	16.31	26.58	0.0	1.220799151921546
23	8	2022	14.06	26.76	0.0	1.5370439800177884
24	8	2022	10.65	27.16	0.0	1.858863827346778
25	8	2022	10.39	28.68	0.0	2.013372042842628
26	8	2022	12.74	28.86	9.94	1.535216949854418
27	8	2022	13.68	30.7	0.0	1.9414872722630203
28	8	2022	12.59	21.59	0.0	0.9434990607425848
29	8	2022	8.96	27.34	0.0	1.8691667864026675
30	8	2022	10.44	31.84	0.0	2.18287027282365
31	8	2022	13.57	35.27	0.0	2.310365857917489
1	9	2022	14.38	32.35	0.0	1.964786063127016
2	9	2022	6.12	26.73	0.0	1.8597441495371152
3	9	2022	11.77	36.49	0.0	2.4230472662028215
4	9	2022	15.3	34.49	0.0	2.0539156537767806
5	9	2022	12.46	31.61	0.0	1.9401378828319709
6	9	2022	8.66	24.79	0.0	1.4889133630530995
7	9	2022	9.98	35.12	0.0	2.3068569325262027
8	9	2022	7.09	19.6	0.0	1.0682725915585016
9	9	2022	3.47	17.17	0.0	1.0581228765881452
10	9	2022	2.12	22.93	0.0	1.5936226977074766
11	9	2022	8.24	32.19	0.0	2.127502293481895
12	9	2022	8.74	23.27	0.0	1.3000736402950082
13	9	2022	8.57	15.17	1.4	0.5732290205644323
14	9	2022	7.5	15.39	1.93	0.665941161117848
15	9	2022	5.84	16.36	0.0	0.8506400116257402
16	9	2022	10.17	20.36	0.0	0.911454122023668
17	9	2022	7.58	23.0	0.0	1.3218034228251814
18	9	2022	5.4	22.25	0.0	1.384533699871335
19	9	2022	8.52	17.96	2.37	0.7374295551636418
20	9	2022	4.65	13.86	0.0	0.7116932200706988
21	9	2022	-0.21	17.0	0.0	1.1630550205376171
22	9	2022	1.65	19.14	0.43	1.2716355820128526
23	9	2022	4.95	19.47	0.0	1.1370776305552284
24	9	2022	6.23	21.48	0.0	1.2605467013916023
25	9	2022	2.19	21.75	0.0	1.4396152148615722
26	9	2022	6.35	22.94	0.0	1.357426882162845
27	9	2022	5.78	25.28	0.0	1.5641988644056133
28	9	2022	8.57	30.42	0.0	1.844206660706993
29	9	2022	7.62	30.4	0.0	1.855244136789892
30	9	2022	10.55	23.46	0.0	1.0738489084729936
1	10	2022	7.48	20.11	0.0	0.9808450475606432
2	10	2022	5.06	19.88	0.0	1.1003431097147576
3	10	2022	6.73	22.59	0.0	1.2915120094964534
4	10	2022	7.43	25.89	0.0	1.5500658142110215
5	10	2022	3.01	12.02	0.0	0.6150905002988517
6	10	2022	-4.46	9.9	0.0	0.7570457329151696
7	10	2022	-2.76	19.79	0.0	1.360640511487879
8	10	2022	3.37	22.75	0.0	1.4475245871161584
9	10	2022	3.18	22.32	0.0	1.431140314383765
10	10	2022	3.04	25.38	0.0	1.6293747491904824
11	10	2022	4.26	15.3	0.0	0.7570578497003684
12	10	2022	2.59	11.36	0.0	0.5698774114182724
13	10	2022	0.0	14.03	0.0	0.8751612675901087
14	10	2022	-2.32	15.34	0.98	1.0329037731788262
15	10	2022	-2.14	9.24	0.0	0.6173192981640057
16	10	2022	-4.47	8.57	0.0	0.646538742754272
17	10	2022	-2.62	16.97	0.0	1.2640840548943046
18	10	2022	0.61	22.12	0.0	1.6478180502364588
19	10	2022	2.24	21.37	0.0	1.5591153686383172
20	10	2022	3.21	15.52	0.0	1.009641675610204
21	10	2022	0.55	11.65	0.0	0.77572324052388
22	10	2022	-3.88	11.14	3.66	0.7679715241318525
23	10	2022	-0.64	3.51	11.87	0.2104172289804846
24	10	2022	-2.37	0.68	0.0	0.1537856848824323
25	10	2022	-2.93	3.28	0.0	0.306714423888213
26	10	2022	-4.24	6.09	0.0	0.4915758892897393
27	10	2022	-0.28	9.85	0.0	0.5585838144689798
28	10	2022	-0.03	10.12	0.0	0.5637569887932752
29	10	2022	-1.76	12.96	0.0	0.8211391732045591
30	10	2022	-0.97	14.52	0.0	0.945028785996902
31	10	2022	-0.88	8.84	0.0	0.5177859441516198
1	11	2022	-0.14	9.11	0.0	0.503571629686985
2	11	2022	-2.54	1.45	0.0	0.1954049753014603
3	11	2022	-7.83	-2.23	0.0	0.218002061218285
4	11	2022	-9.15	3.92	2.18	0.4814199405046302
5	11	2022	-5.24	3.72	11.44	0.3837988854224217
6	11	2022	-12.21	-5.87	0.0	0.2026540046484155
7	11	2022	-14.75	-6.61	4.16	0.2183255462898823
8	11	2022	-18.0	-6.42	0.0	0.2810207784757486
9	11	2022	-23.62	-15.2	0.0	0.1392697075707725
10	11	2022	-23.83	-14.59	0.0	0.1513470481317161
11	11	2022	-21.55	-10.83	0.0	0.2061294420424
12	11	2022	-21.29	-10.44	1.22	0.2116254314707523
13	11	2022	-14.28	-6.08	0.0	0.2356402871542531
14	11	2022	-11.83	-5.5	0.92	0.2037239894578246
15	11	2022	-11.02	-3.79	0.0	0.2442493739829728
16	11	2022	-10.57	-2.56	0.0	0.2780600151589084
17	11	2022	-16.34	-10.15	0.0	0.1553375953451662
18	11	2022	-16.27	-6.87	0.0	0.2429995900005987
19	11	2022	-12.36	-4.14	0.0	0.2606075821804799
20	11	2022	-11.82	0.71	0.0	0.4116620955069564
21	11	2022	-11.71	1.61	1.03	0.4393876046999716
22	11	2022	-5.97	2.34	0.0	0.3524061982407552
23	11	2022	-4.93	2.16	0.0	0.3121197008536955
24	11	2022	-6.6	3.76	0.0	0.4244390696516757
25	11	2022	-0.25	6.97	0.0	0.3786889016827657
26	11	2022	-3.58	2.83	0.0	0.2946006268398302
27	11	2022	-4.28	2.99	1.94	0.3247799752679706
28	11	2022	-10.83	-4.91	3.95	0.1851341629980222
29	11	2022	-16.76	-10.34	0.85	0.1522330306621657
30	11	2022	-21.44	-14.44	1.3	0.12475424353511
1	12	2022	-23.17	-14.76	0.77	0.1355730232495193
2	12	2022	-29.19	-21.69	0.0	0.0779672558789789
3	12	2022	-24.22	-11.32	0.0	0.201205017905831
4	12	2022	-15.16	-3.22	0.0	0.3166835599884661
5	12	2022	-24.34	-13.7	0.56	0.160283657557077
6	12	2022	-33.2	-21.66	0.0	0.0926940479816279
7	12	2022	-34.71	-8.87	0.0	0.2303894980944158
8	12	2022	-15.62	-5.69	0.0	0.2508988502447952
9	12	2022	-11.31	-2.03	0.0	0.2931061795090374
10	12	2022	-17.04	-6.55	0.0	0.2448440858508511
11	12	2022	-10.4	-4.5	1.79	0.1903503433999769
12	12	2022	-12.3	-7.02	3.05	0.1478140034447511
13	12	2022	-15.61	-11.64	0.0	0.0944556074804478
14	12	2022	-17.54	-8.34	0.09	0.2063676837563615
15	12	2022	-16.71	-10.53	0.0	0.141225135425779
16	12	2022	-20.54	-13.68	0.38	0.1250844591025353
17	12	2022	-20.56	-14.7	1.06	0.1052329828015113
18	12	2022	-25.8	-20.12	0.97	0.0713904932161697
19	12	2022	-30.81	-23.15	1.89	0.0687799676171266
20	12	2022	-35.28	-28.68	1.37	0.0408636066479606
21	12	2022	-32.98	-27.72	0.61	0.0383912329437543
22	12	2022	-31.81	-25.32	0.0	0.0532118951739576
23	12	2022	-35.06	-21.12	0.0	0.0994662421422437
24	12	2022	-23.64	-12.0	3.14	0.1768393167716382
25	12	2022	-16.52	-8.82	0.0	0.1815409870693209
26	12	2022	-15.26	0.45	0.0	0.4168519452803381
27	12	2022	-10.93	-2.71	7.79	0.253079677163564
28	12	2022	-16.25	-9.42	1.86	0.1623488522779717
29	12	2022	-14.87	-10.25	0.0	0.1164908983498101
30	12	2022	-16.71	-8.51	0.0	0.1923787955880239
31	12	2022	-18.56	-10.67	0.0	0.1655672803517345
1	1	2023	-18.94	-6.91	0.0	0.2526265467102503
2	1	2023	-14.94	-5.07	0.0	0.2568065755741859
3	1	2023	-15.03	-5.98	0.0	0.2335590783326464
4	1	2023	-18.04	-9.34	0.0	0.1887494814338473
5	1	2023	-18.25	-10.48	0.0	0.1655637544858998
6	1	2023	-17.12	-5.91	0.0	0.2618781418667662
7	1	2023	-12.94	-3.69	0.0	0.2694342803988717
8	1	2023	-14.33	-4.99	0.0	0.2534700635309794
9	1	2023	-13.93	-4.35	0.0	0.2662650211363982
10	1	2023	-16.02	-9.72	0.0	0.1528587271951761
11	1	2023	-15.29	-9.61	0.0	0.1434203337434994
12	1	2023	-14.08	-7.06	0.0	0.1923116291958016
13	1	2023	-12.36	-2.9	0.0	0.2884946805888211
14	1	2023	-11.85	-4.65	0.0	0.2242407880484951
15	1	2023	-9.56	-6.93	0.0	0.0895343249749882
16	1	2023	-9.53	-7.08	0.0	0.0838600431516897
17	1	2023	-10.58	-7.42	0.0	0.1031062895052569
18	1	2023	-8.14	-3.14	0.0	0.1879202653360258
19	1	2023	-9.47	-4.09	0.0	0.190484870914299
20	1	2023	-14.13	-4.66	0.0	0.2698826174041666
21	1	2023	-12.59	-1.36	0.0	0.3540650593987836
22	1	2023	-7.45	1.2	0.0	0.3545411787111872
23	1	2023	-12.63	-1.43	0.71	0.3903372722320554
24	1	2023	-10.98	-2.67	0.0	0.2923246750771816
25	1	2023	-7.97	-1.11	1.47	0.2768506904853575
26	1	2023	-8.64	3.61	0.89	0.5974901609619757
27	1	2023	-19.52	-4.55	0.0	0.3563010296463591
28	1	2023	-24.4	-18.25	0.0	0.0962082636835272
29	1	2023	-25.75	-19.4	0.0	0.0911744606171605
30	1	2023	-26.41	-18.09	0.0	0.1171844783709302
31	1	2023	-23.67	-13.56	0.0	0.175572772176104
1	2	2023	-23.69	-12.11	0.67	0.2036125836355997
2	2	2023	-28.02	-17.79	0.0	0.132995565342462
3	2	2023	-19.59	-2.58	0.0	0.4503259399330757
4	2	2023	-7.56	-0.4	0.0	0.3810808271241045
5	2	2023	-10.91	1.42	0.0	0.6010532386850034
6	2	2023	-4.93	1.15	0.0	0.379141819389228
7	2	2023	-5.02	2.83	0.0	0.560505223048215
8	2	2023	-9.44	-0.63	1.07	0.4829173597087309
9	2	2023	-13.88	-2.63	0.0	0.4680939395380013
10	2	2023	-9.77	4.52	0.0	0.7976837909361201
11	2	2023	-6.76	1.1	0.0	0.5266681148777989
12	2	2023	-7.65	1.34	0.0	0.5947425846653515
13	2	2023	-4.29	3.23	0.0	0.6152938305495784
14	2	2023	-17.39	-4.37	0.0	0.449818633506159
15	2	2023	-17.66	-10.4	0.0	0.1952860246382419
16	2	2023	-20.23	-2.44	0.0	0.5214041328983295
17	2	2023	-9.3	-0.61	0.0	0.5260213702125589
18	2	2023	-12.83	-4.37	0.0	0.3916908528064445
19	2	2023	-13.01	-6.79	1.43	0.2432054743520947
20	2	2023	-21.6	-11.07	0.0	0.2599296701381818
21	2	2023	-27.49	-18.21	0.0	0.1370642395551173
22	2	2023	-31.38	-25.62	0.0	0.0610548333587111
23	2	2023	-29.32	-21.93	0.0	0.0948991369994276
24	2	2023	-31.12	-19.76	0.0	0.1342925186177859
25	2	2023	-28.27	-12.49	0.0	0.2624853516929077
26	2	2023	-18.74	-3.21	0.0	0.5653343390118293
27	2	2023	-15.92	-6.4	0.0	0.4133958922293941
28	2	2023	-20.93	-11.2	0.0	0.2777668122512368
1	3	2023	-20.45	-6.8	0.0	0.4448914465027155
2	3	2023	-12.87	0.63	0.0	0.7781837636302671
3	3	2023	-10.57	-0.87	0.0	0.669987593435554
4	3	2023	-15.19	-5.64	0.0	0.4696778021290163
5	3	2023	-21.21	-11.08	0.0	0.3092318321957303
6	3	2023	-25.91	-13.91	0.0	0.2535068517073756
7	3	2023	-18.09	-12.96	0.0	0.1490427560134958
8	3	2023	-19.42	-13.9	0.83	0.1496435142861621
9	3	2023	-19.47	-10.77	0.0	0.3152585682578153
10	3	2023	-14.58	-6.87	3.24	0.3282956971014169
11	3	2023	-12.89	-6.85	3.51	0.2672969498476787
12	3	2023	-19.55	-9.3	0.0	0.4078495182609221
13	3	2023	-17.95	-3.72	0.0	0.6515977525331288
14	3	2023	-11.71	0.84	1.1	0.90922044329217
15	3	2023	-15.11	-4.2	1.96	0.6378638282486834
16	3	2023	-15.27	-6.07	0.0	0.537338920980164
17	3	2023	-21.26	-8.68	0.0	0.4630003109009842
18	3	2023	-19.63	-0.9	0.0	0.7693095944349047
19	3	2023	-15.09	-3.46	0.0	0.7046180640615871
20	3	2023	-13.54	-6.37	0.0	0.4818084517579962
21	3	2023	-15.66	-6.96	0.0	0.511986758367984
22	3	2023	-16.51	-6.99	0.0	0.5342999831104117
23	3	2023	-15.52	2.18	0.0	0.9611498515658486
24	3	2023	-14.63	-3.96	0.0	0.6971055347432518
25	3	2023	-19.22	-4.28	0.0	0.6811473547646076
26	3	2023	-15.15	-6.61	0.0	0.5390542278696734
27	3	2023	-19.85	-8.98	0.0	0.4860174478445862
28	3	2023	-22.03	-6.6	0.0	0.5849767635987105
29	3	2023	-18.47	-1.36	0.0	0.8153630294120827
30	3	2023	-12.69	-1.87	0.0	0.8492212060575072
31	3	2023	-14.96	0.32	0.0	0.9313202817305738
1	4	2023	-9.17	3.04	0.0	1.1089027473929516
2	4	2023	-8.59	-3.18	2.86	0.4378221663762696
3	4	2023	-13.83	-8.13	1.79	0.4056707826358275
4	4	2023	-19.24	-7.12	0.0	0.5952063312191862
5	4	2023	-22.62	-6.37	0.0	0.6099463693169406
6	4	2023	-20.84	-4.34	0.0	0.707203234485556
7	4	2023	-13.51	1.42	0.0	1.016608828853431
8	4	2023	-4.61	5.75	0.0	1.278788693225015
9	4	2023	0.27	7.8	0.0	1.3521998062847622
10	4	2023	2.35	9.09	0.0	1.4006667110214892
11	4	2023	0.62	10.39	0.0	1.5507569719210152
12	4	2023	0.01	8.63	0.0	1.4362614655143442
13	4	2023	-1.93	7.14	0.47	1.3667990559981835
14	4	2023	-0.86	8.95	0.0	1.487201542862307
15	4	2023	-2.06	12.44	0.0	1.7277695858222408
16	4	2023	-1.02	15.13	0.0	1.9002033132339984
17	4	2023	2.77	16.58	0.0	1.9489283453738888
18	4	2023	0.16	6.43	3.65	0.9373389384532316
19	4	2023	-3.93	0.21	6.78	0.3500315200208653
20	4	2023	-4.79	-1.36	0.5	0.2762906932646406
21	4	2023	-5.2	2.04	0.0	0.836448216323207
22	4	2023	-4.57	6.73	0.0	1.3532060932677217
23	4	2023	-5.01	9.17	0.0	1.5148527774351024
24	4	2023	-1.7	10.78	0.0	1.6291620782006289
25	4	2023	1.95	16.77	1.75	2.018343627531901
26	4	2023	1.59	15.21	0.0	1.920184523932314
27	4	2023	1.83	10.73	0.0	1.5944568932495116
28	4	2023	-0.79	18.8	0.0	2.124425467244682
29	4	2023	-0.98	16.15	0.0	1.978018468503267
30	4	2023	-2.15	16.1	0.0	1.962831733443037
1	5	2023	-0.42	20.04	0.0	2.2093431185878054
2	5	2023	2.73	25.99	0.0	2.5869025662746714
3	5	2023	5.44	26.96	0.0	2.682481358886236
4	5	2023	6.03	27.02	0.0	2.6947689278918743
5	5	2023	4.59	19.85	0.0	2.2357821961489095
6	5	2023	4.23	17.48	0.0	2.072247238489218
7	5	2023	7.34	18.42	0.0	2.097122723606538
8	5	2023	6.95	19.39	0.0	2.190969507710195
9	5	2023	3.56	20.86	0.0	2.3223971653405644
10	5	2023	7.36	21.22	0.0	2.324197808211608
11	5	2023	5.94	21.23	0.0	2.3418898299952366
12	5	2023	8.61	18.06	0.0	2.0142152752647657
13	5	2023	5.03	24.03	0.0	2.539833367139957
14	5	2023	5.75	25.93	0.0	2.6642497133824428
15	5	2023	9.57	27.46	0.0	2.766368584538331
16	5	2023	9.63	30.68	0.0	2.9835440044291692
17	5	2023	6.2	17.69	0.0	2.048480325165148
18	5	2023	3.6	16.05	0.0	1.9642473946448051
19	5	2023	1.15	25.86	0.0	2.614577675152836
20	5	2023	10.84	25.68	0.0	2.5941072042873983
21	5	2023	6.71	24.91	0.0	2.5875816203701785
22	5	2023	11.75	30.98	3.31	2.732229378567966
23	5	2023	11.69	25.07	0.0	2.5111356818344532
24	5	2023	10.54	22.92	10.22	2.180673047238749
25	5	2023	12.38	16.18	2.76	0.4300430413276507
26	5	2023	10.48	19.55	0.0	1.851638035088185
27	5	2023	7.96	17.25	5.93	1.3843862566261045
28	5	2023	12.89	21.02	0.0	1.70736352960255
29	5	2023	10.16	26.62	0.0	2.7246808354278893
30	5	2023	11.08	28.79	2.42	2.6071682074660902
31	5	2023	11.68	30.65	0.0	3.017549628882487
1	6	2023	13.93	26.92	7.19	2.213309080503264
2	6	2023	12.75	23.0	0.0	2.063697092690952
3	6	2023	16.32	26.42	5.41	1.7872281851262228
4	6	2023	15.05	30.48	0.0	2.971588078939579
5	6	2023	17.17	32.73	0.0	3.1030062478103537
6	6	2023	16.14	28.02	0.0	2.5064319209651855
7	6	2023	13.08	29.15	0.0	2.917955530837436
8	6	2023	13.56	29.7	0.0	2.955821211155584
9	6	2023	11.69	25.66	0.0	2.621267242984853
10	6	2023	9.84	24.19	0.0	2.5828764592104427
11	6	2023	10.11	28.14	0.0	2.8910401435702413
12	6	2023	12.32	30.43	0.0	3.0385264618084262
13	6	2023	12.57	31.0	0.0	3.0802991134861726
14	6	2023	12.83	29.45	2.44	2.625234735758766
15	6	2023	9.53	18.37	0.0	1.7125553475722264
16	6	2023	6.96	24.96	0.0	2.6923037450598986
17	6	2023	11.86	21.2	0.0	1.9433788872322608
18	6	2023	8.04	24.32	21.67	2.277823399662097
19	6	2023	9.6	22.57	0.0	2.178978214504616
20	6	2023	8.66	22.65	0.0	2.2680862790506335
21	6	2023	8.12	20.44	0.0	2.0160438475274525
22	6	2023	8.02	23.9	0.0	2.4623329543933195
23	6	2023	8.47	26.17	0.0	2.6783611639114864
24	6	2023	9.31	26.62	0.0	2.676562810966329
25	6	2023	10.96	29.38	0.0	2.8895064638533343
26	6	2023	11.79	26.46	0.0	2.4979863068786496
27	6	2023	11.22	28.63	0.0	2.7759534566876733
28	6	2023	11.54	25.42	0.0	2.355235674679779
29	6	2023	10.25	27.74	0.0	2.719066246120117
30	6	2023	13.73	30.42	0.0	2.856415346959802
1	7	2023	14.08	32.69	0.0	3.0788185951562648
2	7	2023	12.13	23.08	0.0	1.9309085022763337
3	7	2023	9.84	21.85	0.0	1.996100956118389
4	7	2023	8.14	19.06	0.0	1.7274441733816586
5	7	2023	6.34	24.01	0.0	2.4824903552824806
6	7	2023	8.61	26.72	0.0	2.681075160947896
7	7	2023	8.12	25.03	0.0	2.5132726049589467
8	7	2023	8.98	28.15	0.0	2.7994001634353025
9	7	2023	11.6	30.43	0.0	2.9362440320968117
10	7	2023	10.04	23.64	0.0	2.2009365175940077
11	7	2023	9.02	22.03	0.0	2.0575387924035673
12	7	2023	9.81	24.66	0.0	2.3625482497377366
13	7	2023	11.68	26.11	0.0	2.4338741794029133
14	7	2023	10.7	22.23	0.0	1.9450290037735392
15	7	2023	8.51	24.34	0.0	2.3912816912146564
16	7	2023	8.06	23.46	0.0	2.3082476235102463
17	7	2023	8.56	26.83	8.3	2.196315775903613
18	7	2023	11.86	20.19	4.51	0.9949337482677014
19	7	2023	13.02	24.08	0.0	1.9216330521301184
20	7	2023	10.69	27.44	0.0	2.592066609113703
21	7	2023	11.29	29.35	0.0	2.7573999848521136
22	7	2023	11.71	29.57	0.0	2.752612596667362
23	7	2023	14.28	30.85	0.0	2.756754566318161
24	7	2023	15.82	35.04	0.0	3.120958919163728
25	7	2023	18.38	34.02	0.0	2.860845770581046
26	7	2023	12.03	27.03	0.0	2.4237354510385387
27	7	2023	9.0	22.11	0.0	1.9863157727065912
28	7	2023	7.83	21.41	0.0	1.9729958337975793
29	7	2023	5.8	24.17	0.0	2.370211402670851
30	7	2023	8.99	29.96	0.0	2.814920638769094
31	7	2023	15.52	33.08	0.0	2.8856582660268675
1	8	2023	12.68	32.73	0.0	2.9455137569584333
2	8	2023	12.98	31.08	0.0	2.75128195587464
3	8	2023	13.77	36.99	0.0	3.2361705555134224
4	8	2023	14.16	27.9	0.0	2.2311199809711137
5	8	2023	9.88	27.46	0.0	2.461040372966259
6	8	2023	9.38	27.21	0.0	2.4441875546677503
7	8	2023	9.38	28.58	0.0	2.5703653819259067
8	8	2023	9.98	24.51	0.0	2.081721036079826
9	8	2023	11.2	19.74	10.4	0.8972080899915102
10	8	2023	12.0	24.49	6.12	1.4201385193865186
11	8	2023	11.97	22.25	0.0	1.3787022937955773
12	8	2023	9.65	23.45	4.29	1.4454218562132235
13	8	2023	9.8	25.99	0.0	2.04148086734921
14	8	2023	12.56	33.53	0.0	2.647949491240066
15	8	2023	14.67	30.18	0.0	2.1536306679573753
16	8	2023	11.81	23.41	0.0	1.495605042363777
17	8	2023	8.63	31.45	0.0	2.540982360640468
18	8	2023	14.29	25.62	0.0	1.490648695288818
19	8	2023	8.4	20.69	0.0	1.4096425492397928
20	8	2023	4.72	21.85	1.63	1.7796113468852108
21	8	2023	12.1	18.62	20.57	0.6264182047634318
22	8	2023	13.24	18.2	14.74	0.4930489381359706
23	8	2023	13.78	24.07	0.0	1.17461419240609
24	8	2023	10.68	23.34	0.0	1.4296578297606446
25	8	2023	10.0	21.02	0.0	1.1797747677416837
26	8	2023	9.55	29.7	0.0	2.183913568010193
27	8	2023	11.6	28.09	0.0	1.9066873171564571
28	8	2023	10.78	30.41	0.0	2.1631570312869046
29	8	2023	12.35	31.79	0.0	2.216527168659697
30	8	2023	14.9	28.19	0.0	1.6201555651402904
31	8	2023	12.49	21.7	3.47	0.8711556361377251
1	9	2023	13.33	27.61	0.0	1.7144130521847123
2	9	2023	13.21	28.89	0.0	1.9067632660506035
3	9	2023	8.41	31.3	0.0	2.3016266210023817
4	9	2023	9.77	20.99	0.0	1.1990656769075347
5	9	2023	2.31	17.25	0.0	1.3061385768295528
6	9	2023	8.57	24.18	0.0	1.6512604992419635
7	9	2023	7.79	21.4	0.0	1.3908918517608109
8	9	2023	3.45	22.65	0.0	1.6881621975794454
9	9	2023	7.42	23.82	0.0	1.6182564370605803
10	9	2023	6.49	24.76	0.0	1.723448504085474
11	9	2023	6.49	22.41	0.0	1.49263114094493
12	9	2023	8.12	28.39	0.0	1.931175063865021
13	9	2023	11.42	22.9	0.56	1.161624296661874
14	9	2023	7.58	20.34	0.0	1.1823802825593546
15	9	2023	4.88	22.11	0.0	1.4967835619515677
16	9	2023	6.51	29.82	0.0	2.0287925917751264
17	9	2023	7.55	31.28	0.0	2.2275548449640783
18	9	2023	9.52	26.95	0.0	1.80020910463762
19	9	2023	6.04	18.51	0.0	1.1323114403637276
20	9	2023	5.11	20.61	0.0	1.38441083007853
21	9	2023	3.2	21.71	0.0	1.5319340481497148
22	9	2023	4.61	22.71	0.0	1.5446368166368392
23	9	2023	10.42	20.18	0.0	0.8514350316099211
24	9	2023	10.7	23.94	0.0	1.2772611941418417
25	9	2023	7.02	26.46	0.0	1.7217421528099366
26	9	2023	12.23	29.53	0.0	1.72526121286101
27	9	2023	10.08	23.58	0.0	1.2460501061231652
28	9	2023	5.86	19.77	0.0	1.1355492066282094
29	9	2023	2.5	18.69	1.0	1.198351561944141
30	9	2023	2.43	10.65	14.94	0.5164484994925217
1	10	2023	7.29	9.7	3.95	0.1810598466688514
2	10	2023	6.74	14.29	1.4	0.5838859811369582
3	10	2023	5.28	15.95	0.0	0.7920294071799711
4	10	2023	3.12	14.33	0.99	0.7768904291185563
5	10	2023	-0.67	8.51	0.0	0.5593519214507537
6	10	2023	-4.55	11.23	0.0	0.8343101869122687
7	10	2023	4.42	21.45	0.0	1.180979929162969
8	10	2023	3.24	22.84	0.0	1.294036735828068
9	10	2023	3.98	22.12	0.0	1.2226944256493888
10	10	2023	3.36	20.98	0.0	1.1658027991125
11	10	2023	4.07	16.54	0.0	0.8540309811550906
12	10	2023	1.99	10.59	0.0	0.5539255500767065
13	10	2023	-2.13	12.26	0.0	0.8015736708839061
14	10	2023	-0.15	12.41	0.0	0.7453956103263374
15	10	2023	-0.41	15.64	0.0	0.9342626994321171
16	10	2023	1.86	18.67	0.0	1.042598705945809
17	10	2023	7.65	20.08	0.0	0.9122635206544106
18	10	2023	3.32	15.51	0.0	0.796841246864668
19	10	2023	4.25	21.83	0.0	1.143715444875753
20	10	2023	4.27	15.15	0.0	0.7246027669193112
21	10	2023	-2.55	11.22	0.0	0.7308658634159493
22	10	2023	1.96	10.74	0.0	0.5429926400278458
23	10	2023	-3.66	2.39	3.86	0.2817762161164229
24	10	2023	-11.21	-3.99	0.0	0.2540804193048656
25	10	2023	-15.36	-5.2	0.0	0.2935161416330231
26	10	2023	-13.09	-4.55	0.0	0.2747699488329956
27	10	2023	-8.35	-3.3	0.59	0.2059752568196229
28	10	2023	-10.18	-3.13	0.56	0.2665794834187627
29	10	2023	-8.51	-0.67	0.0	0.3234024375264711
30	10	2023	-13.56	-4.18	0.0	0.3009666617297702
31	10	2023	-13.7	1.94	0.0	0.5080198739050523
1	11	2023	-8.84	-0.15	0.0	0.3452126469596128
2	11	2023	-6.59	3.67	0.0	0.4520272588424347
3	11	2023	-5.64	1.2	0.0	0.3083990486678527
4	11	2023	-5.53	3.55	1.18	0.4134412377759165
5	11	2023	-0.33	2.81	0.77	0.1691971460463359
6	11	2023	0.56	3.06	0.0	0.1407138989732335
7	11	2023	-0.09	2.83	5.22	0.1508917016065276
8	11	2023	-1.1	4.06	0.62	0.2730905584789924
9	11	2023	-5.44	0.5	0.0	0.2640145124293016
10	11	2023	-7.48	2.74	0.0	0.4171095322040567
11	11	2023	-3.14	8.09	0.0	0.5450714291702784
12	11	2023	-2.48	8.77	0.0	0.5577409889236602
13	11	2023	-3.46	9.06	0.0	0.5936013503929224
14	11	2023	-2.13	7.97	0.0	0.5052084945020671
15	11	2023	-5.11	6.63	0.0	0.5201854315661129
16	11	2023	-9.23	3.39	0.0	0.4661929885826024
17	11	2023	-3.09	11.51	0.0	0.689392699661095
18	11	2023	-2.61	13.84	0.0	0.7834904560778535
19	11	2023	-1.22	11.92	0.0	0.660366510003614
20	11	2023	-3.87	5.65	0.0	0.435932651418657
21	11	2023	-9.29	8.02	0.0	0.6302054912090149
22	11	2023	-9.4	-0.43	0.0	0.318220413405212
23	11	2023	-16.97	-6.63	0.0	0.2473194570491912
24	11	2023	-12.74	0.77	0.0	0.4110125285044785
25	11	2023	-8.48	0.98	0.0	0.3465374184116918
26	11	2023	-14.67	-4.55	0.3	0.2758885141166685
27	11	2023	-8.32	1.18	0.0	0.3539529309651731
28	11	2023	-4.52	5.59	0.0	0.4356696727489414
29	11	2023	-5.77	3.08	0.0	0.3599564480633919
30	11	2023	-9.56	-1.19	0.0	0.2855428740286411
1	12	2023	-14.4	-0.33	0.0	0.3868780970139814
2	12	2023	-11.73	0.51	0.0	0.3809599249250276
3	12	2023	-13.68	0.57	0.0	0.4050469345920079
4	12	2023	-8.37	0.52	0.0	0.3180508561883381
5	12	2023	-8.98	7.9	0.0	0.6009349785865047
6	12	2023	-3.52	7.24	0.0	0.4721224323609803
7	12	2023	-0.54	3.13	0.73	0.1771789814011629
8	12	2023	-6.61	0.3	0.0	0.2618104055756708
9	12	2023	-9.57	-0.82	0.0	0.2911780613277655
10	12	2023	-7.89	1.25	0.0	0.3292682395973659
11	12	2023	-11.71	-1.6	0.0	0.304936602291757
12	12	2023	-13.86	1.03	0.0	0.4146327757315156
13	12	2023	-6.64	8.5	0.0	0.5859446495502304
14	12	2023	-4.25	6.61	0.0	0.4577429297613123
15	12	2023	-5.08	4.25	0.0	0.378650338507718
16	12	2023	-3.84	4.24	0.0	0.3439751010989346
17	12	2023	-10.26	1.25	0.0	0.3744451706519018
18	12	2023	-11.1	2.41	0.0	0.4265525048460353
19	12	2023	-3.58	-0.73	0.0	0.1204062440821193
20	12	2023	-5.03	5.87	0.0	0.4461871436101793
21	12	2023	-6.61	3.53	0.0	0.3881234560414135
22	12	2023	-5.9	9.71	0.0	0.6225869454290623
23	12	2023	-5.59	2.66	0.0	0.3279402233698559
24	12	2023	-12.19	0.28	0.0	0.3721590878612516
25	12	2023	-10.8	4.36	0.0	0.4898709882267466
26	12	2023	-9.83	6.86	0.0	0.5666743679416207
27	12	2023	-8.15	5.77	0.0	0.5038105393473353
28	12	2023	-8.45	9.33	0.0	0.642596893206043
29	12	2023	-8.43	3.53	0.0	0.4242123234972717
30	12	2023	-13.28	0.35	0.0	0.3874112257639373
31	12	2023	-9.65	3.73	0.0	0.45270216352745
