Day	Month	Year	Tmin(c)	Tmax(c)	Prcp(mm)	Et0(mm)
1	1	2018	-31.15	-13.27	0.0	0.1812445669423604
2	1	2018	-21.49	-5.17	0.0	0.3065653734525045
3	1	2018	-14.94	-2.88	0.0	0.3172326863443456
4	1	2018	-13.99	-6.07	0.0	0.2121932713715828
5	1	2018	-13.9	-6.73	0.0	0.1915652712985861
6	1	2018	-12.02	1.04	0.0	0.4029991363246312
7	1	2018	-8.29	1.28	0.0	0.3472001389980035
8	1	2018	-9.59	-2.12	0.0	0.2519394478702856
9	1	2018	-11.25	-0.34	0.0	0.3474759072596652
10	1	2018	-23.93	-15.98	0.27	0.1172421783001188
11	1	2018	-29.12	-21.75	0.0	0.0746824331163124
12	1	2018	-31.1	-20.22	0.0	0.1013803305693506
13	1	2018	-27.62	-8.4	0.0	0.2583979339825782
14	1	2018	-22.63	-10.2	0.0	0.2138894813841729
15	1	2018	-29.31	-15.78	0.0	0.1508856492263514
16	1	2018	-21.11	-0.98	0.0	0.4121878056908734
17	1	2018	-9.61	4.05	0.0	0.5089381855407922
18	1	2018	-7.52	7.84	0.0	0.6750719021565753
19	1	2018	-4.86	4.24	0.0	0.3955961334252171
20	1	2018	-7.93	1.02	0.0	0.3418607907486339
21	1	2018	-11.96	-1.23	0.0	0.3420794860367098
22	1	2018	-11.08	3.54	0.0	0.5391898375185608
23	1	2018	-10.61	-0.39	0.0	0.3499259533575381
24	1	2018	-10.73	-3.02	0.0	0.2591471237720313
25	1	2018	-9.58	-1.24	0.0	0.2996104089889543
26	1	2018	-12.59	-6.92	0.7	0.1714760816031964
27	1	2018	-20.51	-13.49	0.0	0.1355810263694551
28	1	2018	-22.73	-14.39	0.0	0.1428230432862967
29	1	2018	-23.37	-3.13	0.0	0.3856683163750283
30	1	2018	-12.38	2.98	0.0	0.5774199840302259
31	1	2018	-23.17	-13.95	0.0	0.1581881184164905
1	2	2018	-26.75	-15.35	0.0	0.1586627499686795
2	2	2018	-22.0	-17.42	3.12	0.0759674720166087
3	2	2018	-27.26	-20.59	1.04	0.0849288826596648
4	2	2018	-28.67	-16.54	0.0	0.1514378458709495
5	2	2018	-26.42	-15.51	0.0	0.1580631863799001
6	2	2018	-27.75	-17.29	0.0	0.1380318418238839
7	2	2018	-27.93	-14.34	0.0	0.1846058702030832
8	2	2018	-26.87	-17.09	0.0	0.1373611810683365
9	2	2018	-28.43	-16.02	0.0	0.1619208985545736
10	2	2018	-20.88	-9.65	0.0	0.2465053318942953
11	2	2018	-27.7	-15.93	0.0	0.16197497178652
12	2	2018	-32.12	-12.75	0.0	0.2147368666739579
13	2	2018	-18.77	1.87	0.0	0.6530420882632532
14	2	2018	-14.36	1.17	1.46	0.6534312155913722
15	2	2018	-27.82	-13.29	0.0	0.2113932045667374
16	2	2018	-21.29	-4.54	0.0	0.4437311582426564
17	2	2018	-19.01	-10.4	0.0	0.213401787795853
18	2	2018	-22.64	-12.5	0.0	0.203484596434877
19	2	2018	-27.75	-13.59	0.0	0.2153272384517459
20	2	2018	-23.56	-11.92	0.0	0.2381058759555183
21	2	2018	-29.84	-10.19	0.0	0.2896504201344914
22	2	2018	-24.73	-8.44	0.0	0.348281576125918
23	2	2018	-20.16	-6.45	0.0	0.4088027670489166
24	2	2018	-16.79	-1.63	0.0	0.5994862627523282
25	2	2018	-16.37	-1.39	0.0	0.6133862704454448
26	2	2018	-15.13	-4.35	0.0	0.4576737263064483
27	2	2018	-15.06	-1.49	0.0	0.6140206327785905
28	2	2018	-13.54	0.75	0.0	0.7340408717530001
1	3	2018	-17.54	-2.33	0.0	0.5992321303102389
2	3	2018	-14.08	-4.13	0.0	0.4748998289745351
3	3	2018	-8.23	-4.22	4.22	0.165989527905939
4	3	2018	-10.76	-5.1	7.13	0.2105948180428284
5	3	2018	-13.89	-8.66	0.68	0.1801161570092432
6	3	2018	-17.09	-7.18	0.0	0.3603021346948185
7	3	2018	-23.54	-6.57	0.0	0.4357769199136354
8	3	2018	-24.1	-8.25	0.0	0.3856325578500249
9	3	2018	-13.79	-1.72	0.0	0.6191545677825365
10	3	2018	-12.04	-1.39	0.0	0.6119082856023887
11	3	2018	-14.12	2.47	0.0	0.863154182752948
12	3	2018	-15.8	-0.92	0.0	0.6965615408297205
13	3	2018	-15.74	1.92	0.0	0.8385690486386583
14	3	2018	-15.68	-1.03	0.0	0.7042391189673134
15	3	2018	-11.31	-3.12	0.0	0.4964961969671694
16	3	2018	-7.69	2.07	0.0	0.8146996527843842
17	3	2018	-4.57	0.33	1.22	0.4136260229469664
18	3	2018	-6.22	1.2	0.32	0.6714836076598928
19	3	2018	-8.67	-0.23	0.0	0.6678489056274424
20	3	2018	-7.87	1.88	0.0	0.8418106867728132
21	3	2018	-10.41	2.57	0.0	0.9588488993865067
22	3	2018	-9.18	0.77	0.0	0.8097808589492257
23	3	2018	-4.55	0.44	4.05	0.3429545705299203
24	3	2018	-8.66	3.05	0.0	0.992805303250602
25	3	2018	-6.47	1.76	0.0	0.8303133228815412
26	3	2018	-7.88	4.37	0.0	1.1238136036685098
27	3	2018	-9.8	3.92	0.0	1.110306957381702
28	3	2018	-13.87	-2.65	0.46	0.7255106384488238
29	3	2018	-19.77	-7.62	0.56	0.5067355569285203
30	3	2018	-23.23	-12.32	0.0	0.3421082971117083
31	3	2018	-21.88	-9.55	0.0	0.453242026009388
1	4	2018	-18.5	-5.34	0.0	0.6375812532916629
2	4	2018	-20.21	-5.38	0.0	0.6305913734682498
3	4	2018	-16.5	-3.74	0.0	0.7186865636538339
4	4	2018	-18.09	-2.52	0.0	0.7741026713699897
5	4	2018	-18.33	-8.39	0.0	0.4799275262739345
6	4	2018	-22.66	-9.0	0.0	0.4892107352719444
7	4	2018	-21.21	-4.92	0.0	0.6605044838067045
8	4	2018	-12.94	-2.65	0.0	0.7786077662700321
9	4	2018	-7.98	0.8	0.0	0.9437296509234592
10	4	2018	-10.42	6.73	0.0	1.3113843727670684
11	4	2018	-3.21	1.41	1.14	0.6608452495050549
12	4	2018	-5.24	-0.5	0.0	0.5961293495835807
13	4	2018	-5.58	0.9	0.0	0.8715652394443973
14	4	2018	-3.81	6.63	0.0	1.3829658167003414
15	4	2018	-3.7	8.37	0.0	1.4981693321569731
16	4	2018	-1.53	4.59	2.26	0.8403289466934485
17	4	2018	-1.94	1.57	5.35	0.3370842290707854
18	4	2018	-4.98	9.24	0.0	1.5581477631432032
19	4	2018	-2.11	11.68	0.0	1.723762457257444
20	4	2018	-0.5	17.5	0.0	2.089131831811659
21	4	2018	1.18	19.2	0.0	2.210813936767273
22	4	2018	2.66	13.81	0.0	1.843517566095955
23	4	2018	-0.48	13.23	0.0	1.8295823052921223
24	4	2018	-1.26	20.06	0.0	2.2286325012986214
25	4	2018	3.04	17.29	0.0	2.0309660619573937
26	4	2018	-0.64	21.77	0.0	2.260921865939564
27	4	2018	-0.63	15.95	0.0	1.93809727436047
28	4	2018	1.08	26.13	0.0	2.5313748673756584
29	4	2018	5.99	20.45	0.0	2.233614325702114
30	4	2018	0.36	11.54	0.0	1.641337328752711
1	5	2018	-3.07	16.47	0.0	1.9506244667985544
2	5	2018	1.46	18.09	0.0	2.0951172212593687
3	5	2018	5.64	21.44	0.0	2.3218952830180393
4	5	2018	4.17	23.9	0.0	2.484229729081621
5	5	2018	4.95	24.51	0.0	2.5275200872886745
6	5	2018	4.38	27.13	0.0	2.680951204651614
7	5	2018	11.09	26.61	0.0	2.6469055152380188
8	5	2018	8.15	17.01	5.75	1.6627267797998686
9	5	2018	2.71	13.36	0.0	1.746022691575369
10	5	2018	1.98	11.17	2.93	1.229598825917689
11	5	2018	4.32	10.66	2.22	0.8339147793303352
12	5	2018	2.56	18.58	0.0	2.15411444003986
13	5	2018	6.4	26.21	0.0	2.669968778865504
14	5	2018	3.62	24.36	0.0	2.5368418242163515
15	5	2018	11.24	31.6	0.0	3.017940993650716
16	5	2018	9.26	27.26	0.0	2.724479486338373
17	5	2018	7.21	14.46	2.17	1.0470692238053765
18	5	2018	4.0	18.13	0.0	2.093086682199055
19	5	2018	2.42	21.73	0.0	2.3623921586406413
20	5	2018	2.73	24.84	0.0	2.5676993465604903
21	5	2018	10.06	29.98	0.0	2.9242665133887447
22	5	2018	10.65	27.03	0.0	2.6959278073515196
23	5	2018	9.24	29.3	5.19	2.6369454974142577
24	5	2018	11.84	25.89	3.08	2.251870557041221
25	5	2018	10.68	26.91	0.0	2.6953459516537803
26	5	2018	10.16	29.89	1.53	2.9353765558770784
27	5	2018	10.16	25.47	0.0	2.597425734114084
28	5	2018	9.3	30.12	0.0	2.9674658047186973
29	5	2018	12.95	27.49	0.0	2.706894157940352
30	5	2018	10.51	23.84	5.81	2.0332244945277425
31	5	2018	8.82	14.17	0.0	0.7892246859405747
1	6	2018	8.59	14.43	8.02	0.6527230952797441
2	6	2018	7.07	17.85	0.0	1.7700806255126655
3	6	2018	7.32	23.81	0.0	2.5613842967172684
4	6	2018	9.59	27.63	1.78	2.832437630047914
5	6	2018	9.35	20.92	0.0	2.18068536533732
6	6	2018	6.53	27.01	0.0	2.8089818937749578
7	6	2018	8.52	27.26	0.0	2.8173502214776014
8	6	2018	13.03	23.75	0.0	2.248061360315882
9	6	2018	12.82	29.96	0.0	2.965034877537521
10	6	2018	13.72	24.9	0.0	2.34966244018634
11	6	2018	6.6	18.49	0.0	2.004131174103536
12	6	2018	7.21	21.83	0.0	2.411727376038902
13	6	2018	7.07	25.94	0.0	2.737102022523339
14	6	2018	8.96	23.18	1.55	2.4998691702212414
15	6	2018	8.89	23.42	0.0	2.52613402142631
16	6	2018	7.35	21.24	0.0	2.36267925454404
17	6	2018	8.17	25.38	0.0	2.6906123249733853
18	6	2018	8.57	27.46	0.0	2.844142758862801
19	6	2018	10.73	26.73	0.0	2.765986085859075
20	6	2018	10.47	29.33	0.0	2.9732460343911953
21	6	2018	12.17	29.41	0.0	2.956065880417478
22	6	2018	13.83	28.22	0.0	2.820822730976507
23	6	2018	12.8	26.95	14.16	2.4134502596070244
24	6	2018	15.16	26.3	0.0	2.3407658333691184
25	6	2018	14.06	29.29	0.0	2.9129870446850874
26	6	2018	12.16	24.91	0.0	2.452381071576514
27	6	2018	7.21	25.33	0.0	2.7160327143168246
28	6	2018	7.74	24.45	0.0	2.641936710906691
29	6	2018	10.81	23.16	0.0	2.3141461669822134
30	6	2018	12.12	24.51	5.85	1.9297785582010505
1	7	2018	11.06	20.27	4.28	1.2871199729068752
2	7	2018	8.99	22.69	3.5	1.8097402657218105
3	7	2018	6.36	21.16	9.83	1.7651846283278485
4	7	2018	10.39	18.96	6.82	1.0098105390062848
5	7	2018	8.09	24.8	0.0	2.362355946987531
6	7	2018	13.95	33.07	0.0	2.9790965903697453
7	7	2018	14.27	30.45	0.0	2.6723259866528615
8	7	2018	10.44	24.55	0.0	2.1752452444077375
9	7	2018	9.08	27.64	0.0	2.605775219717867
10	7	2018	13.22	28.87	4.97	2.043024382974332
11	7	2018	14.65	25.24	0.26	1.7596882817579094
12	7	2018	14.11	29.02	0.0	2.418520358672727
13	7	2018	13.32	32.19	0.0	2.8369666601783927
14	7	2018	12.26	21.5	0.0	1.4077532050912305
15	7	2018	8.65	25.1	0.0	2.292262862421013
16	7	2018	6.39	25.85	0.0	2.454759021188998
17	7	2018	9.87	34.01	0.0	3.1059620147768263
18	7	2018	15.95	31.5	0.0	2.621079290739418
19	7	2018	14.05	28.13	0.0	2.3215306419087596
20	7	2018	12.33	29.14	0.0	2.576645787328944
21	7	2018	15.47	26.88	0.0	1.9624682346062992
22	7	2018	11.6	23.18	0.0	1.8183522424686491
23	7	2018	9.63	23.44	0.0	2.0406522952663964
24	7	2018	8.39	23.18	0.0	2.08119025070297
25	7	2018	9.09	21.77	0.0	1.8364029695496409
26	7	2018	6.74	23.35	0.0	2.17241860585933
27	7	2018	8.75	24.18	0.0	2.16020223269899
28	7	2018	8.86	27.07	0.0	2.458893634769137
29	7	2018	8.8	29.54	0.0	2.670083780966332
30	7	2018	11.64	32.15	0.0	2.80755035540212
31	7	2018	11.83	24.41	0.0	1.868232912081882
1	8	2018	7.69	27.74	0.11	2.4898050585176086
2	8	2018	14.68	30.58	3.23	1.9775141928076896
3	8	2018	13.37	28.85	2.33	1.8351548783478937
4	8	2018	13.04	23.03	2.25	1.0697844411531685
5	8	2018	12.92	23.33	5.31	1.1235958065833485
6	8	2018	10.83	29.16	0.0	2.366393407437424
7	8	2018	12.74	31.02	0.0	2.4872198542213027
8	8	2018	11.52	29.87	0.0	2.419762966312066
9	8	2018	12.86	33.52	0.0	2.719001018674562
10	8	2018	13.88	38.5	0.0	3.0888676019377135
11	8	2018	14.92	35.28	0.0	2.7636857335201204
12	8	2018	12.94	23.51	0.0	1.4178642993992023
13	8	2018	8.2	17.34	0.0	1.012042927491275
14	8	2018	3.78	27.56	0.0	2.3676584072190483
15	8	2018	11.1	29.11	0.0	2.2878719646364676
16	8	2018	9.79	27.91	0.0	2.243040228274229
17	8	2018	10.56	32.17	0.0	2.5902803942264723
18	8	2018	10.78	24.98	0.0	1.8087178073427752
19	8	2018	4.13	23.84	0.0	2.018344426717434
20	8	2018	5.3	23.29	0.0	1.9114067253655251
21	8	2018	5.3	27.07	0.0	2.2255162285033627
22	8	2018	10.02	30.49	0.0	2.406234011422886
23	8	2018	8.61	28.61	0.0	2.2913259606088148
24	8	2018	8.17	22.14	0.0	1.6051704853704976
25	8	2018	7.26	19.23	0.0	1.3121317368674048
26	8	2018	7.46	17.09	3.4	0.7979578012654511
27	8	2018	8.06	13.79	5.83	0.4834923392050997
28	8	2018	7.05	18.18	0.0	1.1354761295393008
29	8	2018	6.26	26.94	0.0	2.1464554245640963
30	8	2018	10.05	22.7	0.89	1.4732179093712516
31	8	2018	7.29	19.98	0.0	1.4148215016119576
1	9	2018	6.59	20.63	0.0	1.5354704275086846
2	9	2018	3.66	20.23	0.0	1.6347979141797806
3	9	2018	4.96	22.29	0.0	1.771517677724969
4	9	2018	2.71	14.74	0.0	1.0888288338542262
5	9	2018	-0.54	21.67	0.0	1.8099451746945687
6	9	2018	2.95	24.54	0.0	1.9658905380607872
7	9	2018	6.56	24.4	0.0	1.8408435866915205
8	9	2018	11.2	26.74	0.0	1.8200365114126271
9	9	2018	8.12	22.06	0.0	1.498664371530188
10	9	2018	3.48	21.85	0.0	1.6959650536789248
11	9	2018	5.83	17.16	0.0	1.0656959430730302
12	9	2018	4.4	14.52	1.34	0.853449620518123
13	9	2018	3.75	12.39	0.84	0.6777178469485524
14	9	2018	2.45	9.27	0.0	0.5122521630747766
15	9	2018	5.25	12.16	5.31	0.5152182492397883
16	9	2018	6.52	9.98	8.94	0.2709544844019169
17	9	2018	4.12	12.75	0.7	0.6903044651931025
18	9	2018	4.08	11.28	0.0	0.5773011624217017
19	9	2018	2.11	14.97	0.0	1.0016318324664537
20	9	2018	2.94	11.42	0.0	0.6579770654979543
21	9	2018	0.69	7.52	3.76	0.4458976627512126
22	9	2018	-0.44	1.21	9.15	0.1092441473890429
23	9	2018	-0.4	3.35	0.28	0.2620281685613572
24	9	2018	-0.14	12.07	0.65	0.8614488012435777
25	9	2018	1.37	13.35	0.79	0.8803273620185865
26	9	2018	3.06	16.17	0.0	1.02148756200221
27	9	2018	-1.89	8.61	0.0	0.6758312588253852
28	9	2018	-4.02	8.16	0.0	0.7200182534223365
29	9	2018	-2.46	7.3	0.0	0.6130722646199234
30	9	2018	-7.58	4.27	0.31	0.6225629881049469
1	10	2018	-2.16	5.0	1.32	0.4508719902901029
2	10	2018	-1.47	3.37	1.72	0.3121601015018947
3	10	2018	-2.47	5.81	0.0	0.5177839011882334
4	10	2018	-5.99	5.68	0.0	0.6357731937468601
5	10	2018	-2.96	8.0	0.0	0.6878469438667426
6	10	2018	-4.88	11.85	0.0	0.9913744905347336
7	10	2018	-2.97	13.36	0.0	1.043769492121391
8	10	2018	-2.55	1.48	0.0	0.2473892877829369
9	10	2018	-4.23	1.76	0.0	0.3448092078977543
10	10	2018	-7.97	4.61	0.0	0.6180096682820079
11	10	2018	-9.25	6.34	0.0	0.7223785988855399
12	10	2018	-5.11	7.19	8.14	0.6037175232564431
13	10	2018	-5.01	-0.84	0.0	0.2249689910366189
14	10	2018	-8.97	3.65	0.0	0.5628271425813649
15	10	2018	-1.04	13.25	0.0	0.8835325144938392
16	10	2018	-1.19	10.28	0.0	0.6896314138450623
17	10	2018	-1.57	20.96	0.0	1.316685318346318
18	10	2018	2.16	19.34	0.0	1.1437895078720426
19	10	2018	-3.45	13.11	0.0	0.8739930794009343
20	10	2018	-7.9	16.18	0.0	1.0682580704542202
21	10	2018	-1.46	14.11	0.0	0.8684563140257826
22	10	2018	-6.0	10.85	0.0	0.7885902461534322
23	10	2018	-4.78	15.76	0.0	0.9925789849611129
24	10	2018	-1.81	18.62	0.0	1.0870034459381734
25	10	2018	-0.8	15.23	0.0	0.8847668388260571
26	10	2018	-2.46	11.85	0.0	0.7446294927988942
27	10	2018	-1.14	12.89	0.0	0.7605443386638592
28	10	2018	-5.21	9.53	0.0	0.6845055401283485
29	10	2018	0.56	9.57	0.0	0.5119902134652891
30	10	2018	-1.84	6.95	0.0	0.4566624073110161
31	10	2018	-3.08	9.99	0.0	0.6471571876764501
1	11	2018	-2.97	4.52	1.07	0.3650060610118643
2	11	2018	-2.35	0.1	2.59	0.1146325281744311
3	11	2018	-4.76	1.27	0.0	0.2694355083132317
4	11	2018	-2.32	3.6	3.53	0.2775885308117993
5	11	2018	-8.1	-0.44	1.59	0.3036336640959439
6	11	2018	-12.5	-8.45	0.14	0.1247490221994695
7	11	2018	-12.78	-9.78	0.0	0.089684532227645
8	11	2018	-18.3	-9.72	0.0	0.1970262846592544
9	11	2018	-21.98	-4.64	1.94	0.3456767378377973
10	11	2018	-9.91	-4.1	0.45	0.2047632521800757
11	11	2018	-11.57	-6.86	0.0	0.1501907099708075
12	11	2018	-15.18	-5.06	0.0	0.2778698276710152
13	11	2018	-8.65	4.18	0.0	0.4924992454056835
14	11	2018	-2.49	5.15	0.0	0.3732167157781186
15	11	2018	-2.37	3.27	0.0	0.2744191316298269
16	11	2018	-17.84	-5.49	0.0	0.2940752273849988
17	11	2018	-19.63	-6.19	0.0	0.2902305125182453
18	11	2018	-11.74	-6.75	0.64	0.1559305370490684
19	11	2018	-14.44	1.14	0.0	0.4520138273848063
20	11	2018	-5.8	2.19	0.0	0.3393562411912719
21	11	2018	-5.57	1.16	0.0	0.2877227612678346
22	11	2018	-2.76	5.82	0.0	0.4132779896611823
23	11	2018	-5.21	3.24	0.0	0.361664524524136
24	11	2018	-7.82	-5.01	0.0	0.1039412873045944
25	11	2018	-8.13	-5.1	0.0	0.1113178360130392
26	11	2018	-7.7	-3.77	0.0	0.1483695768347104
27	11	2018	-5.3	-1.42	0.0	0.1643490248762088
28	11	2018	-6.63	-3.32	0.0	0.1311055841269556
29	11	2018	-5.84	-0.65	0.0	0.214887891865784
30	11	2018	-7.84	-3.33	0.0	0.169501893850015
1	12	2018	-7.41	-4.76	2.72	0.0978173070915209
2	12	2018	-9.0	-4.13	0.0	0.1763142027865369
3	12	2018	-12.99	-4.87	0.0	0.2421257068498707
4	12	2018	-13.5	-6.47	0.68	0.2020726186765871
5	12	2018	-14.54	-6.52	0.31	0.2184949172303828
6	12	2018	-14.74	-8.16	0.0	0.1754750870430821
7	12	2018	-18.74	-7.53	0.0	0.2422578843485829
8	12	2018	-18.14	-7.31	0.0	0.241563975529101
9	12	2018	-14.9	-2.93	0.0	0.3214562244755773
10	12	2018	-14.21	0.9	0.0	0.4249183749141333
11	12	2018	-8.4	0.8	0.0	0.3373442340712793
12	12	2018	-5.68	0.83	0.0	0.2686570200652539
13	12	2018	-9.57	2.7	0.0	0.4271725065157647
14	12	2018	-8.37	4.95	0.0	0.4890081739620962
15	12	2018	-2.78	4.88	0.0	0.3551441572420203
16	12	2018	-11.9	-3.64	0.0	0.2535685477177054
17	12	2018	-8.0	4.84	0.0	0.4783562317432398
18	12	2018	-4.99	4.81	0.0	0.4143627421166017
19	12	2018	-3.97	2.42	0.0	0.2825474530167464
20	12	2018	-8.0	2.32	0.0	0.3837603271903931
21	12	2018	-4.28	3.63	0.0	0.3448633991960708
22	12	2018	-8.38	-4.11	0.0	0.1533998422041
23	12	2018	-15.6	-5.41	1.91	0.258817736268932
24	12	2018	-16.07	-8.75	0.94	0.177787394802704
25	12	2018	-17.04	-9.62	0.0	0.1703995714917801
26	12	2018	-14.84	-7.11	0.0	0.2013072613739841
27	12	2018	-20.65	-9.06	0.88	0.2207683134273062
28	12	2018	-20.55	-5.23	0.0	0.3022521288525617
29	12	2018	-12.88	-3.63	1.36	0.2696013810196064
30	12	2018	-19.25	-10.53	0.67	0.1762329679197536
31	12	2018	-27.79	-16.39	0.0	0.1352289266094922
