Day	Month	Year	Tmin(c)	Tmax(c)	Prcp(mm)	Et0(mm)
1	1	2018	-31.03	-13.67	0.0	0.1757157878775045
2	1	2018	-21.81	-5.66	0.0	0.2965720084834857
3	1	2018	-15.67	-3.69	0.0	0.3024132070178161
4	1	2018	-14.19	-6.73	0.0	0.1965903099922835
5	1	2018	-13.96	-7.42	0.0	0.1733436588208301
6	1	2018	-12.61	0.25	0.0	0.3849994720054926
7	1	2018	-8.69	0.8	0.0	0.3376473112562351
8	1	2018	-9.69	-2.42	0.0	0.243858572244834
9	1	2018	-12.16	-1.45	0.0	0.3258590600709413
10	1	2018	-24.27	-16.43	0.38	0.1130013758118918
11	1	2018	-29.47	-21.96	0.0	0.0744017595112494
12	1	2018	-31.22	-20.72	0.0	0.0962373040194802
13	1	2018	-27.91	-9.08	0.0	0.246314427605865
14	1	2018	-23.03	-11.18	0.0	0.1974183247601576
15	1	2018	-29.56	-16.08	0.0	0.1473693178266522
16	1	2018	-21.16	-1.96	0.0	0.3876606078704344
17	1	2018	-10.29	3.99	0.3	0.5204234631902377
18	1	2018	-7.8	7.29	0.0	0.6482952979465328
19	1	2018	-4.85	3.8	0.0	0.3761809595255023
20	1	2018	-7.88	0.63	0.0	0.3253044543881076
21	1	2018	-11.79	-2.01	0.0	0.3128833832431418
22	1	2018	-10.98	2.12	0.0	0.4689588853482626
23	1	2018	-10.43	-1.3	0.0	0.3137023276567743
24	1	2018	-10.78	-3.83	0.0	0.2323259329267997
25	1	2018	-10.05	-2.27	0.0	0.2721958944775458
26	1	2018	-12.91	-8.0	1.62	0.1451823824956106
27	1	2018	-21.34	-13.91	0.0	0.1373745163903144
28	1	2018	-23.72	-15.16	0.0	0.1378501232841597
29	1	2018	-24.3	-4.46	0.0	0.348725428701777
30	1	2018	-12.81	1.94	0.0	0.5254193627983127
31	1	2018	-23.55	-14.46	0.0	0.1517824860539059
1	2	2018	-27.5	-16.19	0.0	0.1492153623188886
2	2	2018	-22.5	-18.15	3.05	0.0696441427180713
3	2	2018	-27.39	-21.01	1.31	0.0803770740188778
4	2	2018	-28.46	-16.81	0.0	0.146831444963737
5	2	2018	-26.36	-15.79	0.0	0.1534595773248639
6	2	2018	-27.37	-17.27	0.0	0.1364333533386212
7	2	2018	-28.34	-15.09	0.0	0.1741661979090992
8	2	2018	-27.07	-17.27	0.0	0.1360889604728042
9	2	2018	-28.26	-16.03	0.0	0.161284799950992
10	2	2018	-20.7	-9.87	0.0	0.2380726083138191
11	2	2018	-28.01	-16.55	0.0	0.154007031245488
12	2	2018	-31.95	-12.95	0.0	0.211596458707165
13	2	2018	-18.74	1.7	0.0	0.6461057457142695
14	2	2018	-15.08	0.94	1.38	0.6436126665235421
15	2	2018	-28.67	-13.52	0.0	0.2086199011950387
16	2	2018	-21.29	-5.23	0.0	0.4215279108510111
17	2	2018	-19.18	-10.87	0.0	0.2007854712741031
18	2	2018	-22.92	-12.87	0.0	0.196926183918536
19	2	2018	-27.94	-14.06	0.0	0.2058065596017981
20	2	2018	-24.03	-12.25	0.0	0.2331984640554546
21	2	2018	-30.29	-10.93	0.0	0.2730622101060367
22	2	2018	-24.53	-7.88	0.0	0.3636326281390821
23	2	2018	-20.53	-6.73	0.0	0.3997402943806136
24	2	2018	-16.72	-1.7	0.0	0.5957677340270999
25	2	2018	-16.22	-1.81	0.0	0.593086474146578
26	2	2018	-15.5	-4.6	0.0	0.4514213832313593
27	2	2018	-15.18	-1.97	0.0	0.5905962512960194
28	2	2018	-13.74	0.55	0.0	0.7240369819046167
1	3	2018	-17.51	-3.0	0.0	0.5698983537527879
2	3	2018	-15.02	-4.86	0.0	0.4538903522557641
3	3	2018	-9.03	-4.64	5.29	0.175073515584401
4	3	2018	-10.91	-5.48	6.98	0.2001788213132037
5	3	2018	-13.72	-8.62	1.63	0.1773923464987284
6	3	2018	-17.04	-6.91	0.0	0.3579282766557431
7	3	2018	-23.7	-7.06	0.0	0.4092718459479427
8	3	2018	-24.07	-8.24	0.0	0.3758775572158065
9	3	2018	-14.94	-2.77	0.0	0.5543758069438167
10	3	2018	-12.06	-1.33	0.0	0.5924330120668241
11	3	2018	-14.36	2.2	0.0	0.8255968409427045
12	3	2018	-15.93	-1.0	0.0	0.6722864264354459
13	3	2018	-15.77	1.42	0.0	0.7941739750407416
14	3	2018	-15.69	-1.01	0.0	0.684897580161266
15	3	2018	-12.04	-3.59	0.0	0.4656262494303845
16	3	2018	-8.44	1.68	0.0	0.7743236315477667
17	3	2018	-4.49	0.02	0.97	0.3294795589378511
18	3	2018	-6.63	0.58	0.55	0.6014870925994497
19	3	2018	-8.85	-0.91	0.0	0.5848787973608416
20	3	2018	-7.49	1.49	0.0	0.7594589278975615
21	3	2018	-10.44	2.4	0.0	0.9218125496245194
22	3	2018	-9.59	0.36	0.0	0.7612980141758583
23	3	2018	-4.38	0.0	4.08	0.2511773508520263
24	3	2018	-7.91	3.0	0.0	0.9441991610053044
25	3	2018	-6.7	1.67	1.6	0.8049956403519837
26	3	2018	-8.53	3.82	0.0	1.044687170972379
27	3	2018	-10.4	1.98	0.0	0.9428803996873476
28	3	2018	-15.08	-3.61	0.53	0.641892608125705
29	3	2018	-20.53	-9.01	0.71	0.4249021612933947
30	3	2018	-24.3	-12.2	0.0	0.3346597667734119
31	3	2018	-22.07	-9.5	0.0	0.4303585236869763
1	4	2018	-18.77	-5.45	0.0	0.5991336595885841
2	4	2018	-20.69	-5.51	0.0	0.5938901707068551
3	4	2018	-17.23	-4.27	0.0	0.6548515305942475
4	4	2018	-18.49	-2.93	0.0	0.7191762531859965
5	4	2018	-18.72	-9.25	0.0	0.4069551350368714
6	4	2018	-22.89	-8.99	0.0	0.4655046837542385
7	4	2018	-21.79	-5.56	0.0	0.6040694389188158
8	4	2018	-14.05	-3.09	0.0	0.7197863098100075
9	4	2018	-9.28	0.41	0.0	0.8894087785922866
10	4	2018	-11.01	5.83	0.0	1.261997298209545
11	4	2018	-3.93	0.63	1.67	0.5392555997499655
12	4	2018	-6.37	-1.18	0.0	0.5448153881370741
13	4	2018	-7.55	0.27	0.0	0.8502526969555563
14	4	2018	-4.57	5.59	0.0	1.30697831111434
15	4	2018	-4.19	7.02	0.0	1.4152105415012957
16	4	2018	-2.08	3.87	1.68	0.908783093783128
17	4	2018	-2.14	1.28	5.99	0.2590974593879819
18	4	2018	-4.74	8.54	0.0	1.5209041415820668
19	4	2018	-2.11	10.93	0.0	1.6790988483083085
20	4	2018	-0.67	16.3	0.0	2.0210863932449503
21	4	2018	1.16	17.98	0.0	2.142417941562321
22	4	2018	2.76	13.01	0.0	1.7825159964238746
23	4	2018	-0.31	13.0	0.0	1.8189254555384564
24	4	2018	-1.11	19.72	0.0	2.217423659792487
25	4	2018	2.9	17.13	0.0	2.095583108540684
26	4	2018	-0.66	21.34	0.0	2.3207514752035663
27	4	2018	-0.71	15.44	0.0	1.976704713538806
28	4	2018	1.19	25.71	0.0	2.5110245729738296
29	4	2018	5.85	20.39	0.0	2.2330253015527064
30	4	2018	0.3	11.16	0.0	1.5650936336256305
1	5	2018	-2.88	16.16	0.0	1.937286068932576
2	5	2018	1.54	17.89	0.0	2.0857066131299744
3	5	2018	5.41	21.08	0.0	2.301734482418202
4	5	2018	3.6	23.5	0.0	2.4573364925508376
5	5	2018	4.27	24.28	0.0	2.510538246704372
6	5	2018	4.38	27.02	0.0	2.675791598573724
7	5	2018	10.58	26.44	0.0	2.646451981828602
8	5	2018	7.55	17.12	5.91	1.6448576748066146
9	5	2018	2.15	13.02	0.0	1.689089734642091
10	5	2018	0.93	10.67	3.56	1.182807020830233
11	5	2018	3.97	10.82	2.52	0.8452539726809615
12	5	2018	2.11	18.93	0.0	2.181368570444557
13	5	2018	6.34	25.98	0.0	2.6574521101876067
14	5	2018	3.25	24.12	0.0	2.520335137213051
15	5	2018	10.95	31.32	0.0	3.002900193337199
16	5	2018	9.21	26.35	1.83	2.661343683037248
17	5	2018	6.84	13.54	3.05	0.824513193035785
18	5	2018	3.41	18.1	0.0	2.0886820064493223
19	5	2018	2.72	21.6	0.0	2.356389590805609
20	5	2018	3.11	24.5	0.0	2.550994171573891
21	5	2018	10.17	29.82	0.0	2.913963028258174
22	5	2018	10.66	26.8	0.0	2.67870660941613
23	5	2018	9.64	29.01	7.07	2.6157291524501676
24	5	2018	12.38	25.31	5.55	1.9620006922251312
25	5	2018	10.82	26.01	0.0	2.543246246444103
26	5	2018	10.06	28.99	3.86	2.4600229361280683
27	5	2018	9.92	25.07	0.0	2.447336692596339
28	5	2018	9.03	29.74	0.0	2.9440343319751388
29	5	2018	12.96	26.87	0.0	2.492408473730318
30	5	2018	10.15	22.81	7.39	1.721709523388521
31	5	2018	8.71	13.72	0.0	0.5688733460668907
1	6	2018	8.12	13.48	8.33	0.5218443981002359
2	6	2018	6.75	17.26	0.0	1.5493874292178649
3	6	2018	7.16	23.39	0.0	2.438905823061107
4	6	2018	9.5	26.59	2.82	2.272914968590716
5	6	2018	9.18	20.5	0.0	1.9317434245192
6	6	2018	6.24	26.59	0.0	2.7812787161282544
7	6	2018	8.42	26.67	0.0	2.7494567277703372
8	6	2018	12.8	23.02	0.0	1.92106551437565
9	6	2018	12.95	29.27	0.0	2.855526834228748
10	6	2018	13.51	24.98	0.0	2.167633344271776
11	6	2018	6.61	18.26	0.0	1.8010212169530384
12	6	2018	7.33	21.17	0.0	2.1766094802654554
13	6	2018	6.96	25.39	0.0	2.6759825891070967
14	6	2018	8.75	23.34	2.13	1.959057334270757
15	6	2018	8.88	23.3	0.0	2.363833794330264
16	6	2018	7.2	21.19	0.0	2.188574415470112
17	6	2018	8.17	25.27	0.0	2.6298898019823507
18	6	2018	8.69	27.17	0.0	2.8114759966445364
19	6	2018	10.43	26.92	0.0	2.7367167558310186
20	6	2018	10.86	29.25	0.0	2.9692801356543277
21	6	2018	12.28	29.26	0.0	2.9224032060052516
22	6	2018	13.9	28.15	0.0	2.753666309868186
23	6	2018	13.03	26.33	13.68	2.0771691971906665
24	6	2018	15.24	25.96	0.0	2.086921043452196
25	6	2018	14.24	29.12	0.0	2.7177034925719346
26	6	2018	12.33	24.87	0.0	2.2684300705710196
27	6	2018	7.13	25.24	0.0	2.617240063214973
28	6	2018	7.6	24.21	0.0	2.4988735604019965
29	6	2018	10.33	23.13	0.0	2.1967133037510407
30	6	2018	11.59	24.65	7.39	1.844386575073154
1	7	2018	10.76	20.07	6.7	1.1638016567595213
2	7	2018	8.67	22.65	3.39	1.6846396642905492
3	7	2018	6.62	21.02	7.78	1.6112860681120602
4	7	2018	10.27	18.53	5.41	0.870336730159891
5	7	2018	8.23	24.66	0.0	2.2445873668347605
6	7	2018	13.82	32.47	0.0	2.80635085446991
7	7	2018	14.35	29.97	0.14	2.4858980565465165
8	7	2018	10.52	23.94	0.0	1.9831660765201968
9	7	2018	8.85	27.23	4.16	2.0363482510340827
10	7	2018	13.36	28.6	7.36	1.87245929494994
11	7	2018	14.45	24.86	0.78	1.5746468060728829
12	7	2018	14.54	28.82	0.0	2.19117784654639
13	7	2018	13.78	31.35	0.0	2.5651710502215286
14	7	2018	12.28	21.4	0.0	1.263875395491131
15	7	2018	8.8	24.61	0.0	2.098300435766828
16	7	2018	6.53	25.3	0.0	2.275853238048558
17	7	2018	9.83	33.41	0.0	2.917202060688205
18	7	2018	15.84	31.07	0.0	2.392094542435178
19	7	2018	13.93	27.67	0.0	2.1012114658967316
20	7	2018	12.4	28.77	0.0	2.3694886835933335
21	7	2018	15.36	26.06	0.0	1.6726889984588469
22	7	2018	11.58	22.91	0.0	1.6363570111557812
23	7	2018	10.08	22.96	0.0	1.797029193777793
24	7	2018	8.66	22.83	0.0	1.8863000746171088
25	7	2018	8.97	21.43	0.0	1.6698587964665617
26	7	2018	6.98	23.01	0.0	1.998271848409264
27	7	2018	8.94	24.1	0.0	2.0048091396836183
28	7	2018	9.05	26.77	0.0	2.2829850108113163
29	7	2018	8.87	29.32	0.0	2.5136945037632
30	7	2018	11.97	32.04	0.0	2.6356158205377533
31	7	2018	11.74	23.89	0.0	1.6647798939585323
1	8	2018	7.91	27.12	0.75	2.299544357470935
2	8	2018	14.67	30.19	5.77	1.7946424945442794
3	8	2018	13.41	28.45	3.44	1.6492727091158823
4	8	2018	12.94	23.17	2.31	1.0512837652948612
5	8	2018	12.93	23.21	0.0	1.3002909346432168
6	8	2018	10.87	29.07	0.0	2.243128377547554
7	8	2018	12.8	30.45	0.0	2.2942116135755137
8	8	2018	11.58	29.48	0.0	2.2540529211029687
9	8	2018	12.81	33.15	0.0	2.555641344722362
10	8	2018	14.04	38.07	0.0	2.912640519959305
11	8	2018	14.7	33.79	0.0	2.4884802389333913
12	8	2018	12.7	22.5	0.0	1.17819796274667
13	8	2018	8.07	16.88	0.0	0.891167859780734
14	8	2018	3.76	27.32	0.0	2.256674768694555
15	8	2018	10.85	28.51	0.0	2.130269333227916
16	8	2018	9.72	26.78	0.0	2.029335795930568
17	8	2018	10.27	31.37	0.0	2.4242858157476017
18	8	2018	10.73	24.55	0.0	1.6614583817663702
19	8	2018	4.16	23.66	0.0	1.9211173890278752
20	8	2018	5.05	23.0	0.0	1.811544553053908
21	8	2018	5.27	27.01	0.0	2.1357361169308646
22	8	2018	9.88	30.2	0.0	2.285109769591417
23	8	2018	8.46	26.87	0.0	2.05155783785679
24	8	2018	7.93	21.3	0.0	1.4498047828487188
25	8	2018	7.09	18.44	0.0	1.172429648207255
26	8	2018	7.08	16.84	4.27	0.8046381728560363
27	8	2018	8.16	13.56	6.21	0.4599382314072079
28	8	2018	6.63	17.79	0.0	1.0799785935846546
29	8	2018	6.34	26.66	0.0	2.0648581621520754
30	8	2018	9.83	22.47	0.81	1.41080703640299
31	8	2018	7.28	19.91	0.0	1.3539088573998224
1	9	2018	6.5	20.12	0.0	1.428901184867653
2	9	2018	3.57	20.18	0.0	1.5830173258602551
3	9	2018	5.1	21.1	0.0	1.60298910361037
4	9	2018	2.56	14.42	0.0	1.0283773031004948
5	9	2018	-0.67	21.41	0.0	1.7530418891187902
6	9	2018	2.93	23.78	0.0	1.8606780151537023
7	9	2018	6.41	23.86	0.0	1.7456868997190105
8	9	2018	11.12	25.51	0.0	1.6257309061827807
9	9	2018	8.42	21.42	0.0	1.35357874768223
10	9	2018	3.59	20.09	2.21	1.2418841433932446
11	9	2018	5.88	16.64	0.0	0.9496687590068774
12	9	2018	4.09	14.18	3.45	0.7276674439739037
13	9	2018	3.93	12.27	0.84	0.6625251236521792
14	9	2018	1.78	9.09	0.0	0.5417945888759517
15	9	2018	4.71	11.37	4.3	0.4906747769522077
16	9	2018	5.84	9.23	10.4	0.2623851872073638
17	9	2018	3.47	12.11	0.73	0.6817047964018719
18	9	2018	3.53	10.91	0.0	0.5852522649699191
19	9	2018	1.99	14.85	0.0	0.9596321910274092
20	9	2018	3.26	11.87	0.0	0.679283858952552
21	9	2018	0.31	6.16	2.99	0.3780902294284844
22	9	2018	-1.09	0.97	8.34	0.1300924042314518
23	9	2018	-0.82	2.72	0.11	0.244669499382106
24	9	2018	-0.49	11.79	0.42	0.8472944190380404
25	9	2018	0.92	13.13	0.72	0.8757213680320814
26	9	2018	2.57	15.98	0.0	0.9936344962199344
27	9	2018	-2.02	8.18	0.0	0.656505601747646
28	9	2018	-4.48	7.82	0.0	0.7148128398944954
29	9	2018	-3.16	6.82	0.0	0.611840481434701
30	9	2018	-7.64	4.02	0.33	0.612314341472227
1	10	2018	-2.72	4.41	1.47	0.4415619275055094
2	10	2018	-1.89	3.51	1.74	0.3446849799335474
3	10	2018	-2.9	5.77	0.0	0.5336657943613351
4	10	2018	-6.17	5.45	0.0	0.6174498916719598
5	10	2018	-3.31	7.83	0.0	0.6646670492172301
6	10	2018	-5.38	11.37	0.0	0.923624242046673
7	10	2018	-3.09	12.79	0.0	0.9586323309631892
8	10	2018	-3.14	0.72	0.0	0.2311493489805604
9	10	2018	-5.31	1.7	0.0	0.3849732564898614
10	10	2018	-8.78	4.23	0.0	0.5993975993963774
11	10	2018	-9.51	6.39	0.0	0.7114584153944081
12	10	2018	-4.88	6.47	9.93	0.5627115679856403
13	10	2018	-5.54	-1.02	0.0	0.2373438926513418
14	10	2018	-9.41	3.59	0.0	0.5656303516587124
15	10	2018	-1.52	13.0	0.0	0.851403895377729
16	10	2018	-1.84	10.02	0.0	0.6928264028625393
17	10	2018	-1.69	20.46	0.0	1.2613582845192186
18	10	2018	1.63	19.15	0.0	1.111657461152051
19	10	2018	-3.63	12.74	0.0	0.8556068501124782
20	10	2018	-8.36	15.22	0.0	1.0111888279771848
21	10	2018	-1.63	13.81	0.0	0.853487157687533
22	10	2018	-6.2	10.45	0.0	0.7709996580402243
23	10	2018	-4.97	15.19	0.0	0.9653581322282888
24	10	2018	-1.8	17.98	0.0	1.049464937713653
25	10	2018	-1.15	14.4	0.0	0.8469511980639443
26	10	2018	-2.93	10.58	0.0	0.6900678695654785
27	10	2018	-1.62	12.58	0.0	0.754499856147012
28	10	2018	-5.1	9.09	0.0	0.6599933560024034
29	10	2018	0.89	8.92	0.0	0.4601646795153411
30	10	2018	-1.61	6.6	0.0	0.4287707029409665
31	10	2018	-3.11	9.58	0.0	0.6263186592055684
1	11	2018	-2.78	4.08	0.89	0.3360048528531011
2	11	2018	-2.91	-0.51	2.44	0.1099237877620518
3	11	2018	-4.63	1.41	0.0	0.2715355391986956
4	11	2018	-2.47	3.23	3.86	0.2656398226210842
5	11	2018	-8.18	-0.68	2.02	0.2796787390157451
6	11	2018	-12.68	-8.25	0.18	0.1354280004102534
7	11	2018	-13.45	-9.57	0.0	0.1121699163133492
8	11	2018	-18.37	-9.73	0.0	0.1972720027870015
9	11	2018	-21.85	-5.18	1.95	0.3320240094959563
10	11	2018	-9.92	-5.06	0.63	0.169314858313965
11	11	2018	-11.82	-7.37	0.0	0.1399027644187103
12	11	2018	-15.44	-5.61	0.0	0.2648007211999043
13	11	2018	-9.42	3.57	0.0	0.4812698334415363
14	11	2018	-3.37	4.73	0.0	0.3827566874460945
15	11	2018	-3.1	2.83	0.0	0.2799854481181001
16	11	2018	-18.51	-6.63	0.0	0.2709037190306578
17	11	2018	-20.6	-6.54	0.0	0.2874451476924901
18	11	2018	-12.56	-7.3	0.44	0.1572531337201281
19	11	2018	-15.49	0.58	0.0	0.4417469955592255
20	11	2018	-6.15	1.3	0.0	0.3105978660100112
21	11	2018	-6.06	0.33	0.0	0.2657773934627621
22	11	2018	-3.24	5.19	0.0	0.3977173738821578
23	11	2018	-5.23	2.84	0.0	0.3508817096842
24	11	2018	-8.37	-5.7	0.0	0.0984052862492996
25	11	2018	-9.06	-5.95	0.0	0.1107480178522399
26	11	2018	-8.5	-4.5	0.0	0.1479071187155168
27	11	2018	-6.0	-2.57	0.0	0.142325024190624
28	11	2018	-7.37	-4.23	0.0	0.121863209029378
29	11	2018	-6.32	-1.59	0.0	0.1945599211670693
30	11	2018	-8.03	-3.58	0.0	0.1692069542877217
1	12	2018	-7.81	-4.93	2.48	0.1038063259011236
2	12	2018	-9.36	-4.65	0.0	0.1670682510884782
3	12	2018	-13.01	-5.17	0.0	0.2321183503779666
4	12	2018	-13.26	-6.66	0.77	0.1912943114920261
5	12	2018	-15.28	-7.2	0.54	0.210733363115273
6	12	2018	-15.79	-8.55	0.0	0.1818868991129754
7	12	2018	-19.02	-8.15	0.0	0.2300791038856181
8	12	2018	-18.54	-7.35	0.0	0.2432874713269793
9	12	2018	-15.1	-3.53	0.0	0.3058310746483179
10	12	2018	-15.06	0.07	0.0	0.4058897126189282
11	12	2018	-9.05	0.48	0.0	0.3381555174773547
12	12	2018	-6.06	0.49	0.0	0.2649672252121836
13	12	2018	-10.27	2.06	0.0	0.4144370157934067
14	12	2018	-8.71	4.51	0.0	0.4767996246052645
15	12	2018	-2.9	4.62	0.0	0.3464066620188353
16	12	2018	-12.59	-4.24	0.0	0.2466055223812667
17	12	2018	-8.83	4.2	0.0	0.4667108390395994
18	12	2018	-5.85	4.09	0.0	0.4041743631831689
19	12	2018	-4.45	1.71	0.0	0.265791979044912
20	12	2018	-8.64	1.82	0.0	0.3767060311342298
21	12	2018	-4.29	3.11	0.0	0.3218801792045713
22	12	2018	-8.62	-4.32	0.0	0.1521582808622715
23	12	2018	-16.12	-6.21	1.57	0.2434452499789759
24	12	2018	-16.37	-9.73	1.26	0.1572655774822771
25	12	2018	-17.6	-10.07	0.0	0.1667850141899683
26	12	2018	-15.33	-7.47	0.0	0.1991250714803995
27	12	2018	-21.52	-9.72	0.0	0.2128155376379115
28	12	2018	-21.38	-5.54	0.0	0.2981389312190828
29	12	2018	-13.15	-4.35	1.38	0.2511115106416982
30	12	2018	-20.13	-11.69	0.54	0.1604889958884551
31	12	2018	-28.43	-16.58	0.0	0.1344667192556368
1	1	2019	-25.48	-2.13	0.56	0.3703179199247916
2	1	2019	-10.47	3.79	0.0	0.4738610381081239
3	1	2019	-5.5	3.47	0.0	0.3652898664203105
4	1	2019	-8.37	1.0	0.0	0.3370313513217847
5	1	2019	-7.66	-3.33	0.0	0.156229081573353
6	1	2019	-6.82	0.49	0.0	0.2803010970470281
7	1	2019	-13.88	-2.85	0.79	0.306829675224585
8	1	2019	-21.62	-15.22	0.0	0.1074249482046535
9	1	2019	-23.58	-9.59	0.48	0.2279405427816035
10	1	2019	-15.11	-8.56	0.0	0.1648763703430596
11	1	2019	-16.7	-9.83	0.0	0.1587328192441652
12	1	2019	-14.65	-1.68	0.0	0.3547239744270442
13	1	2019	-12.3	-1.31	0.0	0.3362513450563691
14	1	2019	-11.0	-2.18	0.0	0.2852917313469553
15	1	2019	-19.56	-6.05	0.0	0.2846044898071111
16	1	2019	-20.54	-14.79	0.35	0.1049076169597863
17	1	2019	-26.2	-16.71	0.0	0.1255507715451092
18	1	2019	-29.24	-19.03	0.0	0.1102346317492148
19	1	2019	-23.53	-16.44	2.05	0.104593790277652
20	1	2019	-19.75	-11.37	0.0	0.168997338567642
21	1	2019	-18.09	-7.04	0.0	0.2536520645486543
22	1	2019	-16.44	-3.36	0.0	0.3358325119019538
23	1	2019	-22.46	-6.37	0.0	0.2991821376665822
24	1	2019	-28.88	-11.14	0.0	0.2219343511870782
25	1	2019	-22.45	-6.29	0.0	0.3030381254283995
26	1	2019	-13.77	-1.64	2.29	0.3460514654463881
27	1	2019	-9.0	3.46	2.41	0.4504668389327023
28	1	2019	-22.72	-11.69	0.0	0.1960163683825934
29	1	2019	-30.36	-21.86	0.0	0.0860100277113851
30	1	2019	-25.58	-13.56	0.63	0.1807392731401447
31	1	2019	-17.2	-2.34	0.0	0.3848795693330564
1	2	2019	-19.4	-9.86	0.0	0.2112699060424141
2	2	2019	-22.94	-17.41	0.73	0.0934251342740878
3	2	2019	-26.04	-22.81	0.0	0.0425726299557146
4	2	2019	-25.89	-22.4	2.13	0.0441405088339023
5	2	2019	-32.7	-22.58	0.0	0.0921012636298793
6	2	2019	-36.39	-25.8	0.0	0.0727857018838151
7	2	2019	-37.38	-24.73	0.0	0.0831588829311663
8	2	2019	-37.16	-25.47	0.0	0.0775648801156825
9	2	2019	-33.77	-23.43	0.0	0.0885146927015032
10	2	2019	-32.75	-21.84	0.0	0.1024987075871424
11	2	2019	-28.24	-17.33	1.76	0.1442058989665022
12	2	2019	-31.54	-20.63	0.0	0.1139022874710813
13	2	2019	-28.65	-20.67	0.0	0.0998759708225694
14	2	2019	-32.52	-19.83	0.0	0.1275035517808441
15	2	2019	-32.88	-18.47	1.39	0.1443686684218237
16	2	2019	-21.68	-14.13	2.58	0.1435081666793662
17	2	2019	-19.92	-14.61	0.73	0.1195293262279249
18	2	2019	-26.78	-17.52	0.0	0.1392365127891928
19	2	2019	-28.96	-11.89	0.0	0.2395474790657233
20	2	2019	-23.58	-9.66	1.21	0.2830070255309123
21	2	2019	-24.19	-12.39	0.0	0.2207894319767087
22	2	2019	-26.98	-11.88	0.0	0.242863583546552
23	2	2019	-23.41	-14.13	0.0	0.1819452341898402
24	2	2019	-31.0	-21.23	0.0	0.1136045490213571
25	2	2019	-33.01	-18.69	0.0	0.1515703928337163
26	2	2019	-29.98	-16.79	0.0	0.1738751690160216
27	2	2019	-21.06	-8.07	0.0	0.3800124805923303
28	2	2019	-17.74	-9.08	0.0	0.2993803969266906
1	3	2019	-26.59	-16.99	0.0	0.1587888650909536
2	3	2019	-32.96	-21.26	0.41	0.1251003474183396
3	3	2019	-25.68	-16.01	0.0	0.1760938559711756
4	3	2019	-20.91	-10.72	0.0	0.3003369268492319
5	3	2019	-17.98	-8.57	0.0	0.350857383183638
6	3	2019	-25.33	-13.26	0.0	0.2567717832465931
7	3	2019	-24.57	-9.11	0.0	0.3790555204831826
8	3	2019	-16.62	-5.7	0.0	0.4859656506457575
9	3	2019	-15.49	-5.54	0.0	0.4840908585554715
10	3	2019	-21.61	-6.76	0.0	0.4754875911842905
11	3	2019	-16.74	0.81	0.0	0.8074235171269954
12	3	2019	-4.25	3.35	0.0	0.8239371516433637
13	3	2019	-4.82	2.77	0.0	0.8191376187066065
14	3	2019	-9.6	1.3	0.0	0.8761917465001946
15	3	2019	-11.91	2.33	0.0	0.967687759327132
16	3	2019	-9.03	3.14	0.0	1.025612666532535
17	3	2019	-10.84	3.99	0.0	1.066820747714359
18	3	2019	-3.54	4.81	0.0	1.0433244785274
19	3	2019	-3.67	8.79	0.0	1.355403025146555
20	3	2019	-2.46	12.41	0.0	1.5584813307831291
21	3	2019	-1.8	11.3	0.0	1.5083635088400502
22	3	2019	-2.25	13.55	0.0	1.6336840599319824
23	3	2019	-1.95	11.92	0.0	1.551878703814856
24	3	2019	-5.4	2.42	0.0	0.9225127815518476
25	3	2019	-7.84	4.4	0.0	1.1407427793522475
26	3	2019	-0.97	15.88	0.0	1.7943959132334997
27	3	2019	-1.44	5.28	0.0	1.0362876195286688
28	3	2019	-6.15	7.06	0.0	1.2981882223347585
29	3	2019	-4.68	4.34	0.0	1.148915171051181
30	3	2019	-6.21	13.12	0.0	1.6082406289491282
31	3	2019	-4.6	4.75	0.0	1.1749793919460785
1	4	2019	-3.91	8.85	1.21	1.4212999028984206
2	4	2019	-6.44	3.73	0.79	1.1338090580669082
3	4	2019	-8.28	10.48	0.2	1.4695127406567416
4	4	2019	-1.31	12.38	0.0	1.643916019082096
5	4	2019	-4.31	8.05	0.0	1.3865106669290472
6	4	2019	0.6	7.13	1.33	1.1748741268174734
7	4	2019	0.18	16.75	0.0	1.932064557680737
8	4	2019	-2.64	16.31	0.0	1.8787876812848228
9	4	2019	-4.56	8.59	0.0	1.392250165044485
10	4	2019	-5.94	8.43	0.0	1.3832385160890073
11	4	2019	-7.2	7.91	0.0	1.347517680301209
12	4	2019	-8.24	9.54	0.0	1.417021142438924
13	4	2019	-4.85	15.02	0.0	1.7438294220768418
14	4	2019	3.27	15.94	0.81	1.844528258435295
15	4	2019	-0.49	13.52	0.0	1.7070849733222038
16	4	2019	-3.98	13.28	0.0	1.6794433693488695
17	4	2019	0.13	14.8	0.0	1.7933733701465786
18	4	2019	-0.52	17.22	0.0	1.941556918008512
19	4	2019	5.68	20.8	0.0	2.182333725308707
20	4	2019	3.49	17.5	0.0	1.973116910860328
21	4	2019	-1.51	14.61	0.0	1.7949369966557294
22	4	2019	-1.53	21.02	0.0	2.160811790922719
23	4	2019	7.52	20.36	0.0	2.138131764273494
24	4	2019	0.68	17.52	0.0	1.9901104656511732
25	4	2019	-1.95	12.44	0.0	1.668341305058142
26	4	2019	-4.84	11.39	0.0	1.594093761685703
27	4	2019	-1.94	10.52	5.81	1.4333023360681956
28	4	2019	-4.51	3.15	2.99	0.8088375447668313
29	4	2019	-8.71	6.63	0.0	1.3144920976530572
30	4	2019	-4.81	9.74	1.9	1.5120505534357374
1	5	2019	-6.81	9.26	0.26	1.528914488345744
2	5	2019	-2.74	11.15	0.45	1.604075315057528
3	5	2019	-4.95	11.25	0.0	1.6117861830941536
4	5	2019	-4.61	8.65	0.0	1.4556469329269046
5	5	2019	-6.96	5.86	0.0	1.2894638497440671
6	5	2019	-6.72	11.63	0.0	1.62342272828327
7	5	2019	0.15	14.74	0.0	1.852254352936736
8	5	2019	-4.88	12.22	0.0	1.6848389788987377
9	5	2019	-0.02	14.41	0.0	1.8381816380229985
10	5	2019	3.26	17.85	1.77	2.0681887207112366
11	5	2019	2.71	15.82	0.0	1.9255526485386265
12	5	2019	2.35	23.6	0.0	2.4657206661141595
13	5	2019	4.81	21.01	0.0	2.3040715668286755
14	5	2019	2.02	21.35	1.5	2.3281729297455
15	5	2019	5.3	18.31	0.0	2.090844229126569
16	5	2019	-0.82	14.91	0.0	1.8983612148189608
17	5	2019	-0.17	16.67	0.0	2.0210870119785693
18	5	2019	0.76	14.66	0.0	1.8804616671792185
19	5	2019	-2.16	15.75	0.0	1.959610448725325
20	5	2019	-0.16	18.91	0.0	2.1777502125191917
21	5	2019	1.88	20.9	0.0	2.322442173948017
22	5	2019	4.4	23.44	0.0	2.5070214055526856
23	5	2019	4.53	23.86	0.0	2.5357692193435657
24	5	2019	5.21	22.82	0.0	2.464378031281427
25	5	2019	4.63	14.0	2.74	1.6374527822669849
26	5	2019	0.01	18.41	0.0	2.1625447530306303
27	5	2019	2.0	22.04	0.0	2.4137405556795195
28	5	2019	6.52	27.41	0.0	2.784364891733878
29	5	2019	10.69	30.25	0.0	2.966839425881344
30	5	2019	11.09	32.25	0.0	3.102678931151887
31	5	2019	5.46	20.65	0.0	2.29277981281903
1	6	2019	5.49	24.06	0.0	2.5526330838744125
2	6	2019	10.21	32.48	0.0	3.1251005248985204
3	6	2019	9.05	33.82	0.0	3.2063496324663685
4	6	2019	11.44	24.82	0.0	2.4982253044593064
5	6	2019	10.02	24.65	0.0	2.529453656439728
6	6	2019	12.73	25.69	0.0	2.5412951091598552
7	6	2019	9.37	22.32	0.0	2.3494822253478467
8	6	2019	3.65	17.06	0.0	2.032715563067521
9	6	2019	3.98	19.27	0.0	2.208219131929311
10	6	2019	3.31	23.93	0.0	2.5518766926274883
11	6	2019	6.9	20.99	1.54	2.3016207863725415
12	6	2019	6.09	23.83	1.23	2.543485952820531
13	6	2019	8.42	28.6	1.31	2.882471482717997
14	6	2019	11.47	23.1	0.22	2.3543320970063903
15	6	2019	9.98	18.43	4.05	1.790709733978285
16	6	2019	8.59	17.0	0.0	1.8905823796402867
17	6	2019	5.58	22.11	0.0	2.4301883286921977
18	6	2019	8.05	26.09	0.0	2.713424334733964
19	6	2019	10.43	22.91	25.55	2.210382896361122
20	6	2019	8.44	14.76	10.91	0.7458899945519466
21	6	2019	6.3	17.14	20.99	1.320174717866225
22	6	2019	11.17	15.48	11.56	0.4622159835079018
23	6	2019	9.95	21.81	0.28	1.7789853653958954
24	6	2019	9.2	20.78	2.45	1.3310858937213352
25	6	2019	9.67	20.87	2.44	1.2913572156692348
26	6	2019	8.27	23.48	0.0	2.1359456223536917
27	6	2019	10.93	25.06	10.59	1.7334768651109254
28	6	2019	14.03	23.5	2.4	1.120093316742716
29	6	2019	13.58	25.07	0.0	1.8324797956753072
30	6	2019	9.73	22.26	0.0	1.8242483872005009
1	7	2019	9.13	27.31	4.93	2.036654165807188
2	7	2019	5.67	20.51	0.0	1.8975951076943556
3	7	2019	8.5	20.25	0.0	1.6725520970219796
4	7	2019	7.89	20.79	0.0	1.8015317770942032
5	7	2019	11.0	20.4	0.0	1.4037981906648345
6	7	2019	11.91	24.9	0.0	2.033147043997899
7	7	2019	13.81	27.85	0.0	2.2645649246887
8	7	2019	13.96	23.81	0.0	1.6033989935488475
9	7	2019	11.67	22.84	0.0	1.7491638962256155
10	7	2019	9.56	25.96	0.0	2.33118647654267
11	7	2019	14.24	24.46	0.0	1.7030957348514932
12	7	2019	10.29	24.32	0.0	2.102889282730054
13	7	2019	12.24	28.98	14.53	2.046062779043099
14	7	2019	14.58	27.16	15.68	1.584118615501287
15	7	2019	13.15	24.68	0.0	1.704649988695125
16	7	2019	11.11	19.71	14.29	0.959166460600496
17	7	2019	12.59	22.61	3.0	1.1417720883026383
18	7	2019	11.24	25.06	2.81	1.4937735527790157
19	7	2019	9.62	17.67	4.56	0.8804883818018531
20	7	2019	10.57	22.34	0.0	1.5404019654758514
21	7	2019	11.25	24.39	0.0	1.741184592169017
22	7	2019	10.9	26.76	0.0	2.021517638932324
23	7	2019	14.01	29.1	0.0	2.045986776785871
24	7	2019	15.36	29.22	6.32	1.5416879874602762
25	7	2019	11.41	18.88	6.36	0.8240286446973496
26	7	2019	12.56	24.9	0.0	1.5847597838735508
27	7	2019	12.1	31.01	0.0	2.306018006003934
28	7	2019	9.57	20.6	0.0	1.3019424813030622
29	7	2019	5.51	23.81	0.0	1.922635825062592
30	7	2019	11.35	28.89	0.0	2.1209225572021166
31	7	2019	12.55	25.94	0.0	1.698010219751338
1	8	2019	13.84	31.74	0.0	2.240564794379463
2	8	2019	15.85	33.28	0.0	2.2448679418758464
3	8	2019	16.05	28.47	0.0	1.628212780894542
4	8	2019	10.71	25.64	0.0	1.7607811226197223
5	8	2019	10.95	28.15	0.0	1.999724414248528
6	8	2019	10.91	22.1	0.25	1.290896316248643
7	8	2019	5.15	21.75	0.0	1.6578943396148134
8	8	2019	6.16	23.9	0.0	1.7979085097218956
9	8	2019	10.28	26.05	3.46	1.4921157884856528
10	8	2019	8.48	20.26	0.0	1.253914224125805
11	8	2019	7.02	22.06	5.38	1.328438304938101
12	8	2019	10.5	16.04	13.08	0.5570988998150268
13	8	2019	7.53	21.37	0.0	1.4109162191255396
14	8	2019	9.91	23.97	0.0	1.4966516402879877
15	8	2019	9.88	25.41	1.81	1.6162897079687988
16	8	2019	10.82	20.69	0.0	1.0926664067473777
17	8	2019	5.19	17.85	0.0	1.2051219843167569
18	8	2019	3.46	20.82	0.0	1.5103795691339277
19	8	2019	4.3	20.95	0.0	1.4796311983520567
20	8	2019	3.89	22.75	0.0	1.6183297589201595
21	8	2019	5.88	25.88	0.0	1.784943026599
22	8	2019	11.84	26.24	0.0	1.5102626045922467
23	8	2019	10.56	20.7	0.0	1.0682309674456256
24	8	2019	12.46	28.37	4.59	1.4730948468036535
25	8	2019	11.71	21.07	8.35	0.8923854559385568
26	8	2019	8.97	19.59	0.0	1.065925182859684
27	8	2019	8.4	19.34	0.0	1.0774739145360026
28	8	2019	6.9	22.92	0.66	1.4661633287341105
29	8	2019	6.16	19.79	0.0	1.2460632916017638
30	8	2019	5.31	19.19	1.37	1.233514489817699
31	8	2019	7.58	21.33	1.61	1.2884883942479253
1	9	2019	8.27	21.63	0.0	1.2727510825019726
2	9	2019	10.31	20.96	0.0	1.0755581515911872
3	9	2019	7.71	24.4	0.0	1.5101191132888503
4	9	2019	10.1	22.76	2.44	1.1177173054987686
5	9	2019	8.07	22.53	0.0	1.333841015463654
6	9	2019	5.67	21.51	0.0	1.3596683101078648
7	9	2019	7.15	21.78	0.0	1.309057136626543
8	9	2019	6.71	20.85	0.0	1.250888085192616
9	9	2019	8.46	13.51	9.59	0.4342410899118024
10	9	2019	8.06	10.64	13.3	0.2263639386465901
11	9	2019	8.59	13.09	4.61	0.3883520377312162
12	9	2019	7.3	14.6	0.0	0.6761254513523919
13	9	2019	3.88	22.67	0.0	1.4634320249186343
14	9	2019	8.91	23.18	0.0	1.296831100034936
15	9	2019	8.99	26.56	0.0	1.5339391929862434
16	9	2019	9.73	30.89	0.0	1.7899901678849526
17	9	2019	13.1	25.21	1.81	1.190610128236846
18	9	2019	10.87	21.8	0.0	1.037884667300214
19	9	2019	8.31	21.48	0.0	1.1616520238183528
20	9	2019	9.16	20.34	0.0	1.020149480120932
21	9	2019	5.15	18.01	0.0	1.0452846112586134
22	9	2019	5.21	24.4	0.0	1.4679521446012955
23	9	2019	8.37	20.44	0.0	1.0531287845799309
24	9	2019	5.16	16.44	0.0	0.906580997345291
25	9	2019	2.91	15.41	0.98	0.9309729415993332
26	9	2019	2.58	10.04	8.36	0.5042861763988779
27	9	2019	1.62	7.49	3.85	0.383219003555013
28	9	2019	0.1	5.21	0.0	0.3470917407310113
29	9	2019	-0.14	2.9	10.21	0.1868735857406036
30	9	2019	-0.34	1.58	4.9	0.1203799322208752
1	10	2019	-0.35	3.87	0.71	0.2841548483948131
2	10	2019	-3.59	8.75	0.0	0.7268178352383351
3	10	2019	-1.04	10.69	0.0	0.7572408271969671
4	10	2019	1.61	10.72	0.0	0.648793457130845
5	10	2019	-0.75	14.01	0.0	0.9331437117943993
6	10	2019	3.51	15.1	0.0	0.8527052330035144
7	10	2019	1.57	19.42	0.0	1.170387259796885
8	10	2019	-1.77	7.12	1.16	0.5497295588464988
9	10	2019	-6.28	1.53	0.0	0.3980895079258381
10	10	2019	-7.89	3.44	0.0	0.533037487671594
11	10	2019	-8.41	6.2	0.0	0.6631358664677278
12	10	2019	-8.13	7.08	0.0	0.6923826429030356
13	10	2019	-8.69	9.33	0.0	0.7939200402069838
14	10	2019	-1.05	4.24	0.76	0.3173334020243777
15	10	2019	-2.64	5.32	0.0	0.4517428996958019
16	10	2019	-1.01	12.95	0.0	0.8235480189471318
17	10	2019	1.26	18.33	0.0	1.0539116090610896
18	10	2019	-0.25	15.18	0.0	0.9129205300512254
19	10	2019	-0.98	14.01	0.0	0.862399780633719
20	10	2019	-4.25	7.41	0.0	0.5990985928122138
21	10	2019	-6.52	9.29	0.0	0.7317580911616011
22	10	2019	-5.83	5.72	0.0	0.5511953319792491
23	10	2019	-5.51	3.71	1.2	0.4439003363972536
24	10	2019	-5.05	7.85	0.0	0.6279351326548932
25	10	2019	-0.34	16.54	0.0	0.950933112914636
26	10	2019	-5.67	1.75	0.96	0.3456009993093771
27	10	2019	-9.96	-3.36	2.98	0.2380443072888494
28	10	2019	-9.94	-5.13	2.77	0.1704840635284725
29	10	2019	-11.89	-5.55	0.0	0.2191659754642796
30	10	2019	-17.03	0.24	0.0	0.4780791230482386
31	10	2019	-3.56	3.48	1.25	0.3524996253322794
1	11	2019	-2.99	4.15	0.0	0.3651482673715329
2	11	2019	-4.48	4.02	1.06	0.409036391571124
3	11	2019	-4.63	1.26	0.0	0.2778575705910824
4	11	2019	-13.29	-4.47	0.0	0.2785752935977884
5	11	2019	-14.54	-4.36	1.93	0.3018720671425766
6	11	2019	-19.83	-8.2	0.0	0.2567581679063802
7	11	2019	-20.37	-3.86	0.0	0.363870813323867
8	11	2019	-9.41	3.67	0.0	0.4982965056989061
9	11	2019	-12.87	-1.74	3.02	0.3358259630851432
10	11	2019	-20.24	-12.35	0.0	0.1599656388843887
11	11	2019	-23.08	-9.09	0.0	0.2515480273262203
12	11	2019	-15.48	-2.36	0.0	0.3644845476614015
13	11	2019	-14.11	0.22	0.0	0.4276192136373543
14	11	2019	-7.32	-0.39	0.0	0.2763213146128278
15	11	2019	-5.85	3.22	2.41	0.3700978144042708
16	11	2019	-1.62	1.66	1.38	0.1645324859008573
17	11	2019	-3.09	5.62	0.41	0.4176566511094347
18	11	2019	-0.23	6.55	0.0	0.3613420882374543
19	11	2019	-4.04	0.79	0.0	0.2194781973754908
20	11	2019	-6.8	-1.46	0.0	0.2156657084598564
21	11	2019	-7.37	2.72	0.0	0.4017177458760186
22	11	2019	-6.4	6.25	0.0	0.5238845916071803
23	11	2019	-1.57	9.84	0.0	0.5589383769332942
24	11	2019	-1.99	3.98	1.81	0.2878091664381438
25	11	2019	-5.93	-0.96	0.79	0.2017263804647276
26	11	2019	-9.68	-2.72	0.34	0.2429822421383059
27	11	2019	-8.84	-5.26	0.0	0.1265716053091583
28	11	2019	-9.05	-6.26	3.0	0.0924316150526274
29	11	2019	-11.28	-5.93	0.0	0.1696387910299433
30	11	2019	-10.53	-7.9	0.0	0.085035212055845
1	12	2019	-13.26	-5.84	0.0	0.214529553823156
2	12	2019	-13.93	-2.14	0.0	0.3342957905707948
3	12	2019	-7.89	3.31	0.0	0.4233962249124539
4	12	2019	-8.47	-0.23	0.0	0.3011653029233834
5	12	2019	-13.68	-4.14	0.0	0.2693631302459168
6	12	2019	-12.0	-4.67	0.0	0.2232710984088743
7	12	2019	-12.06	-4.84	0.0	0.2193890609848513
8	12	2019	-22.06	-11.77	0.0	0.178475790841665
9	12	2019	-24.63	-10.8	0.0	0.2093767909463394
10	12	2019	-27.72	-15.25	0.0	0.1506826253172886
11	12	2019	-27.04	-17.06	0.0	0.1227783666161307
12	12	2019	-20.18	-12.38	0.47	0.1481932141455565
13	12	2019	-24.53	-14.99	0.0	0.1389021300190431
14	12	2019	-26.87	-11.54	0.51	0.2022155237060435
15	12	2019	-19.71	-8.11	0.0	0.2332367580074106
16	12	2019	-16.68	-5.59	0.0	0.2647711441272671
17	12	2019	-15.45	-3.95	0.0	0.2941340998201349
18	12	2019	-10.43	0.89	0.0	0.3735422782232106
19	12	2019	-11.84	-3.76	0.0	0.2448496224272629
20	12	2019	-10.99	3.22	0.0	0.460079712357871
21	12	2019	-11.28	0.65	0.0	0.3777491594008077
22	12	2019	-8.95	-1.02	0.0	0.2768058492378792
23	12	2019	-8.4	-3.88	0.0	0.1594594838789686
24	12	2019	-7.81	-5.13	0.0	0.0961695121067033
25	12	2019	-8.33	-2.77	0.0	0.1983099763042511
26	12	2019	-15.11	-6.3	0.0	0.2257860843556363
27	12	2019	-14.94	-5.77	0.0	0.2376312258209934
28	12	2019	-15.8	-6.37	0.0	0.2331858992763197
29	12	2019	-18.73	-5.92	0.0	0.2745728089455951
30	12	2019	-16.02	-5.53	0.0	0.2575291612641339
31	12	2019	-12.99	0.24	0.0	0.3879769809695369
1	1	2020	-7.98	-1.06	0.0	0.2547579671932606
2	1	2020	-7.87	-2.93	0.0	0.1809477493463044
3	1	2020	-11.49	-3.76	0.0	0.2416087459997603
4	1	2020	-9.23	4.39	0.0	0.4847327427978486
5	1	2020	-11.05	-1.95	0.0	0.293476170630196
6	1	2020	-15.45	-2.97	0.0	0.326338062205143
7	1	2020	-24.57	-15.69	0.0	0.1292578833374363
8	1	2020	-19.78	-7.97	1.26	0.2411317935091086
9	1	2020	-24.54	-16.72	0.0	0.113400415217165
10	1	2020	-30.06	-15.9	0.0	0.1507832762577178
11	1	2020	-19.93	-10.42	3.23	0.1824519739224111
12	1	2020	-25.3	-14.58	1.5	0.153755336961029
13	1	2020	-30.32	-24.51	0.82	0.0543010447816909
14	1	2020	-34.4	-27.12	0.0	0.0509042865378369
15	1	2020	-36.1	-28.38	0.0	0.0475460808117876
16	1	2020	-36.53	-19.81	0.0	0.1151073474499988
17	1	2020	-23.42	-19.06	3.35	0.0633697441815521
18	1	2020	-27.76	-22.71	0.0	0.0575880948057983
19	1	2020	-29.02	-16.72	0.0	0.1419126393492011
20	1	2020	-21.24	-0.24	0.0	0.4371156970802986
21	1	2020	-9.92	2.06	0.0	0.433271314777769
22	1	2020	-12.71	-3.01	0.0	0.3051853531660813
23	1	2020	-11.41	-3.57	0.0	0.2629653413238889
24	1	2020	-8.46	0.6	0.0	0.3542347178888262
25	1	2020	-5.83	0.67	0.0	0.2862142140652461
26	1	2020	-7.49	-3.51	0.0	0.1608044434471751
27	1	2020	-7.82	-1.68	2.01	0.2345244995582474
28	1	2020	-5.04	-1.56	0.0	0.159016129987025
29	1	2020	-9.33	-2.42	2.94	0.2483510317039588
30	1	2020	-10.69	-0.68	0.0	0.3635201299506144
31	1	2020	-10.72	3.04	0.0	0.5013638277356043
1	2	2020	-6.91	6.57	0.0	0.5843294016010251
2	2	2020	-10.24	-0.97	0.0	0.3470314517307037
3	2	2020	-18.42	-9.28	0.0	0.2209704056098352
4	2	2020	-20.0	-4.62	0.0	0.3518618351589941
5	2	2020	-13.26	-4.93	0.0	0.2713642201002612
6	2	2020	-14.77	-9.19	0.47	0.1651709913146775
7	2	2020	-13.53	-2.75	0.0	0.3543412388808316
8	2	2020	-12.56	-2.45	0.0	0.3511127881313619
9	2	2020	-13.93	-2.38	0.0	0.3766147383742283
10	2	2020	-9.86	-3.62	0.53	0.2493985758899028
11	2	2020	-14.53	-1.99	0.31	0.4033351862312369
12	2	2020	-30.55	-16.82	0.0	0.1621544313062515
13	2	2020	-29.44	-6.32	0.0	0.326158676515806
14	2	2020	-13.24	-2.25	0.0	0.3797094444655718
15	2	2020	-19.93	-11.22	0.0	0.205186987569599
16	2	2020	-16.08	-4.7	0.0	0.3425494157463948
17	2	2020	-21.4	-10.88	0.0	0.2305944744407658
18	2	2020	-29.86	-18.12	0.0	0.1472836356025519
19	2	2020	-29.74	-9.95	0.0	0.2727064678455234
20	2	2020	-16.87	1.1	0.0	0.6208226359503427
21	2	2020	-10.89	2.4	0.0	0.6658943214023851
22	2	2020	-8.47	3.34	0.0	0.6884367112942422
23	2	2020	-11.31	1.18	0.0	0.617678312368493
24	2	2020	-12.12	-2.3	0.0	0.434618466815707
25	2	2020	-17.64	-3.1	0.0	0.4839057712953057
26	2	2020	-13.64	0.57	0.0	0.6277670491581597
27	2	2020	-8.85	4.22	0.0	0.7824221039851201
28	2	2020	-7.63	6.29	0.0	0.9053888873674428
29	2	2020	-6.12	5.98	1.07	0.8628209885657004
1	3	2020	-11.38	-0.86	0.83	0.5209433742346521
2	3	2020	-7.26	3.04	0.0	0.673746892425862
3	3	2020	-7.45	2.84	0.0	0.674397335741047
4	3	2020	-4.04	3.37	0.0	0.5478017232037857
5	3	2020	-6.8	3.47	0.0	0.7287166135497596
6	3	2020	-2.65	10.94	0.0	1.234780711645555
7	3	2020	-10.47	-1.53	0.48	0.4821726554745391
8	3	2020	-16.61	-9.16	0.61	0.2369106464704968
9	3	2020	-17.65	-0.42	0.0	0.6564190533258462
10	3	2020	-11.63	4.59	0.0	0.9144639141892716
11	3	2020	-4.8	4.85	0.0	0.7958484320111845
12	3	2020	-10.26	-1.96	0.0	0.4615477085057804
13	3	2020	-17.35	-11.2	0.0	0.1902991151361293
14	3	2020	-17.74	-9.16	2.01	0.2443015410946494
15	3	2020	-14.91	-6.44	1.08	0.3548335110764166
16	3	2020	-18.38	-2.62	0.0	0.6003867893941076
17	3	2020	-13.66	-2.89	0.0	0.5465362797162192
18	3	2020	-18.11	-6.64	0.0	0.4272993697060839
19	3	2020	-18.2	-5.19	0.0	0.5026347836776287
20	3	2020	-17.75	-1.21	0.0	0.6887189508760114
21	3	2020	-11.46	1.97	0.0	0.8557804541390703
22	3	2020	-11.26	5.86	0.0	1.1361867546851587
23	3	2020	-7.63	6.57	0.0	1.2557217977368935
24	3	2020	-8.65	-1.48	2.23	0.4999418403191398
25	3	2020	-14.93	-0.71	0.0	0.8256812434193322
26	3	2020	-13.43	5.59	0.0	1.146302039623798
27	3	2020	-4.31	6.35	0.0	1.2729302704361407
28	3	2020	-3.31	8.46	0.0	1.4018433626395288
29	3	2020	-5.42	13.0	0.0	1.635114637185178
30	3	2020	-3.39	3.92	0.0	0.9808492107105105
31	3	2020	-10.39	-1.55	0.0	0.7652068466900076
1	4	2020	-15.65	-11.44	0.62	0.1635165180414565
2	4	2020	-18.69	-9.15	0.0	0.4471479424660518
3	4	2020	-19.05	-3.8	0.0	0.7185755396269837
4	4	2020	-13.1	-5.11	2.01	0.4529486317023354
5	4	2020	-11.03	-1.58	0.0	0.795401969428441
6	4	2020	-7.2	1.92	3.05	0.8104407894683205
7	4	2020	-10.14	4.18	0.0	1.1932101289761134
8	4	2020	-7.03	1.03	0.0	0.8873916156107167
9	4	2020	-13.15	5.47	0.0	1.219511561675367
10	4	2020	-2.32	7.82	0.0	1.4269685518910489
11	4	2020	-8.62	-1.99	0.0	0.6952731397032201
12	4	2020	-10.97	-4.03	0.0	0.6390114212902123
13	4	2020	-13.5	-4.18	0.0	0.7430225701677363
14	4	2020	-14.87	3.6	0.0	1.1292084976445511
15	4	2020	-9.89	2.33	0.0	1.1335816849206706
16	4	2020	-7.17	5.25	0.0	1.3068427288790463
17	4	2020	-3.4	13.17	0.0	1.7992895195889074
18	4	2020	-3.63	4.31	0.0	1.219318962106376
19	4	2020	-5.7	13.43	0.0	1.7925507685379445
20	4	2020	-2.21	10.63	0.0	1.6626962932764957
21	4	2020	-1.78	21.03	0.0	2.287120179326723
22	4	2020	1.14	16.09	0.65	2.037244801951014
23	4	2020	0.37	18.16	0.0	2.165832029632349
24	4	2020	-1.05	14.02	3.2	1.7297466534650416
25	4	2020	-2.18	18.33	0.0	2.150108678196599
26	4	2020	3.15	14.89	0.0	1.936988009668863
27	4	2020	-1.03	19.15	0.0	2.222594991949804
28	4	2020	2.25	18.04	0.0	2.185982608790796
29	4	2020	1.04	22.56	0.0	2.4590493004338345
30	4	2020	7.32	27.28	0.0	2.809743224532286
1	5	2020	4.79	17.81	0.0	2.126108318770098
2	5	2020	-0.79	18.16	0.0	2.1635248680001578
3	5	2020	-1.19	17.05	4.44	1.902978039288568
4	5	2020	2.55	14.27	0.0	1.869126359880657
5	5	2020	-0.66	17.75	0.0	2.1403704288711807
6	5	2020	1.23	20.27	0.0	2.316710390046509
7	5	2020	0.43	16.87	0.0	2.08257202453154
8	5	2020	0.85	19.32	3.54	2.048320287850693
9	5	2020	-2.08	7.07	2.41	1.1639749762892395
10	5	2020	-3.55	9.02	0.0	1.5420061256132476
11	5	2020	-6.33	10.38	0.0	1.6318894106271902
12	5	2020	-3.73	12.87	0.0	1.8023799762601656
13	5	2020	1.09	11.07	0.0	1.6188571723389444
14	5	2020	-1.44	18.81	0.0	2.1331849688246236
15	5	2020	-2.62	14.25	0.0	1.8361919786687104
16	5	2020	0.78	24.82	0.0	2.5259574385016497
17	5	2020	8.66	26.0	0.0	2.629103374970269
18	5	2020	8.69	24.95	0.0	2.544981233504747
19	5	2020	10.43	25.8	0.0	2.587828194307284
20	5	2020	9.45	19.01	15.12	1.8238216683414672
21	5	2020	9.02	21.06	0.0	2.2328576407685494
22	5	2020	4.97	20.53	0.0	2.2777172748271517
23	5	2020	3.13	16.02	0.0	1.9442477693997413
24	5	2020	4.23	19.43	0.0	2.2107876321126683
25	5	2020	5.57	25.38	0.0	2.643789572336971
26	5	2020	10.78	21.84	0.0	2.2595162748424733
27	5	2020	6.47	18.82	0.0	2.133568043026916
28	5	2020	4.18	18.1	0.0	2.124839535020144
29	5	2020	4.59	18.72	0.0	2.177151902856283
30	5	2020	6.47	25.01	0.0	2.645654398120152
31	5	2020	10.46	30.13	0.0	2.9884631708492813
1	6	2020	11.15	25.0	0.0	2.574725533384392
2	6	2020	7.87	24.27	0.0	2.586077499394798
3	6	2020	9.35	20.42	0.0	2.2157323852459863
4	6	2020	6.08	18.36	0.0	2.135409937149471
5	6	2020	3.53	20.3	0.0	2.3340066142557316
6	6	2020	9.15	17.34	20.01	1.4125981541533648
7	6	2020	8.81	16.79	20.33	1.086881328819064
8	6	2020	6.56	15.66	0.0	1.3155545071051482
9	6	2020	5.16	20.43	0.0	2.1187270988680846
10	6	2020	6.38	22.24	0.0	2.2751771892661328
11	6	2020	6.43	21.56	0.0	2.1986312717161445
12	6	2020	7.59	27.27	0.0	2.743724782134763
13	6	2020	13.81	29.77	0.0	2.801121059085113
14	6	2020	12.68	22.92	0.0	1.8778220391716305
15	6	2020	7.29	21.78	0.0	2.234608130383972
16	6	2020	9.29	22.93	26.26	1.83359242932797
17	6	2020	9.46	15.74	6.92	0.6680407911858345
18	6	2020	6.13	15.03	4.6	0.8718068686740653
19	6	2020	5.46	17.82	0.0	1.6090093967296628
20	6	2020	5.88	16.75	0.0	1.4211002415351697
21	6	2020	4.17	17.73	0.0	1.696610317823264
22	6	2020	6.23	23.24	0.0	2.2032794478729723
23	6	2020	10.49	27.44	0.0	2.4700060656723206
24	6	2020	13.96	26.6	1.31	2.1038197175179825
25	6	2020	14.25	25.55	0.0	1.886907036235883
26	6	2020	11.96	29.65	0.0	2.6241171086638904
27	6	2020	13.79	21.37	0.0	1.1430450750046652
28	6	2020	12.64	19.89	0.0	1.0557451862500686
29	6	2020	14.0	18.36	2.34	0.5284874904855758
30	6	2020	13.36	19.96	9.71	0.7932818977943782
1	7	2020	13.19	23.6	1.54	1.703129550960317
2	7	2020	11.14	23.63	2.03	1.530471553874786
3	7	2020	10.15	26.5	0.0	2.336532485387882
4	7	2020	12.45	28.15	0.0	2.392058987796845
5	7	2020	12.21	23.57	0.0	1.8022310605090393
6	7	2020	10.7	25.04	0.0	2.148380742439062
7	7	2020	12.19	27.8	15.56	1.903526148667612
8	7	2020	12.95	19.68	4.01	0.7891066498422074
9	7	2020	11.82	21.95	1.73	1.4690328969637485
10	7	2020	9.91	22.64	5.18	1.4044067467185544
11	7	2020	10.21	24.6	0.0	1.9793710132576776
12	7	2020	13.02	25.45	1.26	1.8559031855046373
13	7	2020	10.06	19.43	2.65	1.03687769779833
14	7	2020	9.9	21.37	5.03	1.2352869420068222
15	7	2020	10.38	22.99	0.98	1.7328729085381875
16	7	2020	10.03	25.26	0.0	2.0218513705085224
17	7	2020	14.09	24.79	0.0	1.5601043460749706
18	7	2020	11.9	22.31	0.0	1.4326726667673626
19	7	2020	10.35	23.01	0.0	1.6968923433516487
20	7	2020	11.25	23.07	6.44	1.2829789709708326
21	7	2020	9.61	25.03	0.0	1.9533795245415464
22	7	2020	14.33	30.2	0.0	2.1984696964431216
23	7	2020	17.92	28.63	0.0	1.606791308200722
24	7	2020	14.68	27.39	0.0	1.8308450556768157
25	7	2020	11.96	21.28	0.0	1.220619812592816
26	7	2020	10.32	25.17	0.0	1.918417500053984
27	7	2020	9.56	27.25	0.0	2.147598291041594
28	7	2020	11.0	30.49	0.0	2.35652986612452
29	7	2020	14.58	33.48	0.0	2.430096229106648
30	7	2020	15.79	31.76	0.0	2.14606399075717
31	7	2020	13.17	26.11	0.0	1.6662790359699649
1	8	2020	9.21	27.27	0.0	2.0717510627688744
2	8	2020	10.78	27.26	0.0	1.9901271774245313
3	8	2020	13.61	29.38	0.0	2.01456463911426
4	8	2020	12.2	26.85	0.0	1.815201758707846
5	8	2020	9.57	28.8	0.0	2.16478900575775
6	8	2020	11.62	33.32	0.0	2.453670796056951
7	8	2020	13.26	23.36	2.04	1.0577203391395338
8	8	2020	10.52	25.38	1.85	1.722763502272004
9	8	2020	8.47	22.46	0.0	1.5206595666603375
10	8	2020	8.11	24.44	0.0	1.7544629568508814
11	8	2020	8.75	23.89	0.0	1.6394190684349192
12	8	2020	11.31	28.45	0.0	1.9369768527406583
13	8	2020	9.6	24.55	0.0	1.615621551260862
14	8	2020	7.95	24.99	4.72	1.474402359321989
15	8	2020	8.76	25.34	0.0	1.7173884972180782
16	8	2020	9.32	29.15	0.0	2.031678511824022
17	8	2020	11.49	34.02	0.0	2.331249020064693
18	8	2020	12.61	35.74	0.0	2.402498229224339
19	8	2020	14.25	33.83	0.0	2.1885189182785747
20	8	2020	13.01	32.75	0.0	2.142094054988546
21	8	2020	14.34	27.88	0.0	1.4792842079196724
22	8	2020	10.13	31.29	0.0	2.124804165472217
23	8	2020	6.99	28.09	0.0	1.9597560147054056
24	8	2020	9.71	28.74	0.0	1.8711976593907205
25	8	2020	12.91	26.54	0.0	1.3833614082355783
26	8	2020	10.29	24.46	0.0	1.3633660815807342
27	8	2020	7.59	23.62	5.82	1.2979109711615555
28	8	2020	6.19	23.04	0.0	1.4651294806853543
29	8	2020	8.29	30.96	0.0	2.0487719529478974
30	8	2020	6.86	17.54	0.0	0.947162421651563
31	8	2020	2.5	19.07	0.0	1.2852229577659324
1	9	2020	7.92	22.32	0.0	1.285989779340486
2	9	2020	7.65	16.46	5.14	0.7154681842656783
3	9	2020	4.81	21.44	0.0	1.354675406201041
4	9	2020	5.17	23.84	0.0	1.511068298294599
5	9	2020	8.05	29.61	0.0	1.9089990618490091
6	9	2020	7.93	17.0	0.0	0.8054033792249996
7	9	2020	0.17	9.9	0.0	0.6863145868506537
8	9	2020	-4.92	15.03	0.0	1.1952523636931305
9	9	2020	3.96	21.01	0.0	1.367532431921802
10	9	2020	4.79	25.43	0.0	1.6900398812625816
11	9	2020	7.72	29.75	0.0	1.9128089534168624
12	9	2020	6.83	15.86	1.24	0.753681983137511
13	9	2020	-0.31	15.21	0.0	1.0436331799067378
14	9	2020	5.54	15.56	0.0	0.8034975166637726
15	9	2020	3.39	14.29	0.0	0.8216603466566795
16	9	2020	-1.53	12.97	0.0	0.9698399811551992
17	9	2020	1.87	18.11	0.0	1.284021958043075
18	9	2020	-0.75	23.78	0.0	1.7387950306059703
19	9	2020	6.37	25.72	0.0	1.7272394198684722
20	9	2020	11.7	18.77	9.89	0.5935459208268893
21	9	2020	7.83	22.67	0.0	1.2972047202073216
22	9	2020	7.12	20.57	0.0	1.1246996543371486
23	9	2020	9.01	21.04	0.0	1.0279341680495306
24	9	2020	8.67	23.77	0.0	1.3296491048411785
25	9	2020	5.6	21.59	0.0	1.2837900855242892
26	9	2020	7.82	15.25	1.88	0.6107517909747444
27	9	2020	4.66	14.68	0.0	0.7533436754421833
28	9	2020	0.99	21.59	0.0	1.4177658533782955
29	9	2020	7.21	17.35	0.0	0.8076326743787042
30	9	2020	1.07	12.19	0.0	0.7385547103550681
1	10	2020	-4.19	11.34	0.0	0.8626145570720338
2	10	2020	0.96	16.69	0.0	1.067186851609107
3	10	2020	-1.33	15.18	0.0	1.0214674819911915
4	10	2020	4.57	23.72	1.19	1.4517277590227458
5	10	2020	7.49	19.15	0.0	0.9019307178780646
6	10	2020	6.59	17.35	0.0	0.8365198346215638
7	10	2020	0.36	15.39	0.0	1.0320815674561803
8	10	2020	6.32	22.6	2.02	1.1662276565694527
9	10	2020	1.67	10.51	0.0	0.5701505694174535
10	10	2020	2.1	24.94	0.0	1.6620955380832287
11	10	2020	4.79	14.51	0.0	0.7011765342236523
12	10	2020	-3.29	11.38	0.0	0.865648529847476
13	10	2020	-0.55	10.3	0.0	0.6904775064052956
14	10	2020	-5.45	6.46	0.0	0.6077005927357404
15	10	2020	-5.29	4.87	0.0	0.4920947049908347
16	10	2020	-9.15	3.64	0.0	0.5296416123953808
17	10	2020	-12.82	-0.85	0.0	0.4098543967408865
18	10	2020	-6.83	-3.24	0.0	0.156064769921776
19	10	2020	-7.97	-1.49	0.0	0.2722561504359184
20	10	2020	-7.6	-2.21	0.33	0.2338500195285789
21	10	2020	-9.87	-0.59	0.0	0.3701140471669862
22	10	2020	-13.66	-2.39	0.0	0.3737706799548165
23	10	2020	-14.04	-3.95	0.0	0.324120027181456
24	10	2020	-9.32	-5.61	0.0	0.1442150962456367
25	10	2020	-11.39	-2.67	0.0	0.3179662697704147
26	10	2020	-15.48	2.93	0.0	0.5936175339302501
27	10	2020	-4.87	11.3	0.0	0.8558922412420216
28	10	2020	-4.46	4.24	0.0	0.4156291425629881
29	10	2020	-6.21	7.59	0.0	0.6453437535250832
30	10	2020	-1.53	11.7	0.0	0.7608586904238083
31	10	2020	-6.7	1.49	0.0	0.3495198968084586
1	11	2020	-7.51	13.18	0.0	0.9344592002934156
2	11	2020	0.15	18.27	0.0	1.1133335813594156
3	11	2020	1.36	16.97	0.0	0.9875641346869918
4	11	2020	-0.15	14.2	0.0	0.8297465924119545
5	11	2020	0.31	17.81	0.0	1.0396123101987016
6	11	2020	-2.27	6.71	2.05	0.4246900885505021
7	11	2020	-2.58	0.35	3.49	0.1340525164506348
8	11	2020	-9.71	-4.32	20.13	0.1831808141934336
9	11	2020	-18.98	-9.45	0.0	0.2133124677174542
10	11	2020	-17.28	-6.21	0.0	0.2762238135602106
11	11	2020	-16.85	-7.26	1.7	0.2417676356626672
12	11	2020	-22.72	-9.38	0.0	0.2423437775997893
13	11	2020	-13.79	-0.73	0.0	0.3935463477528512
14	11	2020	-9.43	-1.94	0.67	0.2716477039449845
15	11	2020	-12.76	-5.92	0.0	0.2078988898975571
16	11	2020	-10.77	-5.49	0.0	0.1756615380817511
17	11	2020	-8.53	-0.06	0.0	0.319137546450516
18	11	2020	-5.56	3.68	0.0	0.3970296544116999
19	11	2020	-12.56	-5.81	4.82	0.1941470886976856
20	11	2020	-19.92	-10.09	0.0	0.1992826912147294
21	11	2020	-18.63	-4.37	0.0	0.3234356627731199
22	11	2020	-16.37	-7.46	0.0	0.2194904303185102
23	11	2020	-12.35	-4.88	0.0	0.2253829802609301
24	11	2020	-10.98	-2.4	0.0	0.2793242380295375
25	11	2020	-8.43	1.23	0.0	0.357060626545444
26	11	2020	-12.54	-1.31	0.0	0.3420768066316917
27	11	2020	-11.4	0.67	0.0	0.3889444735732953
28	11	2020	-10.06	-0.45	0.0	0.3265483588139291
29	11	2020	-15.42	-2.93	0.0	0.3273720165290094
30	11	2020	-9.07	1.49	0.0	0.3756055817177997
1	12	2020	-7.89	1.12	0.0	0.3367473117733192
2	12	2020	-11.41	-1.66	0.0	0.3085593478772747
3	12	2020	-7.4	2.7	0.0	0.3866971000138184
4	12	2020	-6.54	2.26	0.0	0.3490312264316086
5	12	2020	-7.26	2.07	0.0	0.3587901441835197
6	12	2020	-9.92	1.15	0.0	0.3778123860870925
7	12	2020	-8.36	3.06	0.0	0.4181266154490421
8	12	2020	-4.58	3.48	0.0	0.3433490540983115
9	12	2020	-5.76	1.94	0.0	0.3116281457840337
10	12	2020	-12.74	-3.63	0.0	0.2656781182484729
11	12	2020	-13.82	-4.91	0.0	0.2449486847932442
12	12	2020	-10.99	-3.98	0.0	0.2208029738408494
13	12	2020	-27.51	-14.32	0.0	0.1622883717783199
14	12	2020	-28.92	-14.16	0.52	0.1675729566046737
15	12	2020	-19.92	-10.04	0.0	0.1920308278738356
16	12	2020	-16.56	-5.11	0.0	0.2740866986675384
17	12	2020	-14.99	1.17	0.0	0.433748215482048
18	12	2020	-22.67	-4.12	0.0	0.3300858341939776
19	12	2020	-13.66	3.48	0.0	0.493596543801822
20	12	2020	-7.78	2.28	0.0	0.3696539432900777
21	12	2020	-9.17	-1.68	4.95	0.2462973836391515
22	12	2020	-14.04	-4.56	7.08	0.2471455041998758
23	12	2020	-17.77	-8.92	0.0	0.192257927518059
24	12	2020	-16.04	-0.11	0.0	0.4040965332008714
25	12	2020	-13.25	-2.53	0.0	0.303734395240173
26	12	2020	-13.21	-6.16	1.53	0.1947419828638306
27	12	2020	-15.52	-7.15	0.0	0.2065192140818097
28	12	2020	-18.23	-8.23	0.0	0.2146439320160321
29	12	2020	-16.56	-7.79	0.0	0.2052279067216341
30	12	2020	-20.28	-9.13	0.0	0.2145171433483593
1	1	2021	-16.87	-3.86	0.0	0.3117171354961249
2	1	2021	-10.04	3.81	0.0	0.4717207421868898
3	1	2021	-3.18	3.83	0.0	0.3167151114101262
4	1	2021	-11.04	-1.01	0.0	0.3225271945365077
5	1	2021	-10.65	-0.43	0.0	0.3358595988019143
6	1	2021	-11.8	1.83	0.0	0.4299141943216032
7	1	2021	-9.55	0.76	0.0	0.3583408916223111
8	1	2021	-13.52	-3.31	0.0	0.2916279498673517
9	1	2021	-14.77	-5.62	0.0	0.2434134552343008
10	1	2021	-14.65	-5.43	0.0	0.2476963434845401
11	1	2021	-12.92	-1.33	0.0	0.3467366523931363
12	1	2021	-8.44	0.28	0.0	0.3214663947279738
13	1	2021	-6.12	5.9	4.93	0.4764782912382889
14	1	2021	-6.54	-1.78	0.0	0.1892560153937854
15	1	2021	-14.18	-5.29	0.0	0.2485594685819477
16	1	2021	-10.62	-0.64	0.0	0.3379960010163757
17	1	2021	-10.84	-1.67	2.59	0.2938000807471515
18	1	2021	-11.22	-0.93	1.07	0.3416288851250706
19	1	2021	-14.5	1.51	0.0	0.4616573412312998
20	1	2021	-5.99	1.42	0.0	0.3139145861072219
21	1	2021	-12.67	-6.74	0.69	0.1801239221012918
22	1	2021	-10.83	-5.23	1.52	0.1880076416243698
23	1	2021	-27.91	-10.15	0.0	0.2378070493171661
24	1	2021	-32.68	-23.87	0.0	0.0748602204451198
25	1	2021	-29.89	-22.88	0.0	0.0719099470084869
26	1	2021	-29.04	-20.44	0.0	0.0968023898077467
27	1	2021	-24.58	-14.91	0.0	0.1518745671713207
28	1	2021	-19.16	-10.79	0.0	0.1848955018180229
29	1	2021	-15.99	-9.24	0.0	0.1782749156007834
30	1	2021	-15.48	-10.48	0.0	0.1342552176465359
31	1	2021	-18.11	-9.26	0.0	0.2127152823983731
1	2	2021	-14.35	-1.54	0.0	0.3898738577651717
2	2	2021	-8.99	1.16	0.0	0.402847566964355
3	2	2021	-19.54	-11.68	0.0	0.1750480973072328
4	2	2021	-23.04	-15.77	0.0	0.129247692503258
5	2	2021	-28.03	-19.1	0.0	0.11535716310102
6	2	2021	-35.22	-25.84	0.0	0.070735077910869
7	2	2021	-36.93	-28.77	0.0	0.052851939649138
8	2	2021	-37.0	-26.98	0.0	0.0667760824626536
9	2	2021	-30.03	-25.61	0.0	0.047175602984519
10	2	2021	-34.0	-27.0	0.0	0.0578988645165605
11	2	2021	-38.02	-28.21	0.0	0.0612201011577515
12	2	2021	-33.95	-23.11	0.0	0.0961647869327821
13	2	2021	-37.41	-24.77	0.0	0.0871550138894189
14	2	2021	-34.88	-22.71	0.0	0.1028152100251861
15	2	2021	-30.89	-19.13	0.0	0.1351170541368983
16	2	2021	-26.43	-15.7	0.0	0.1694092784966675
17	2	2021	-23.26	-16.05	0.0	0.1380217112418054
18	2	2021	-25.5	-13.38	0.0	0.2092205449689647
19	2	2021	-23.04	-3.4	0.0	0.4321103080419173
20	2	2021	-11.26	-3.03	0.0	0.3315120105258772
21	2	2021	-12.91	2.61	0.0	0.6695163208622391
22	2	2021	-3.35	3.64	0.0	0.471867618223075
23	2	2021	-7.73	-0.42	0.0	0.3831750015465572
24	2	2021	-10.36	-1.75	0.0	0.4121804123082272
25	2	2021	-12.5	0.38	0.0	0.5949199160951312
26	2	2021	-16.78	-3.06	0.49	0.4795405724348083
27	2	2021	-25.07	-13.5	0.0	0.2158014171915172
28	2	2021	-21.76	-11.6	0.0	0.2344739019054963
1	3	2021	-18.37	3.21	0.0	0.7362719033976627
2	3	2021	-6.96	2.33	0.0	0.6244388629103796
3	3	2021	-11.54	1.78	0.0	0.7234158953240446
4	3	2021	-9.95	1.86	0.0	0.7150162071524135
5	3	2021	-6.66	4.2	0.0	0.8324980715285373
6	3	2021	-1.03	6.23	0.0	0.7580521483433609
7	3	2021	-3.97	5.03	0.0	0.8351803606285448
8	3	2021	-4.54	3.97	0.0	0.770131553249475
9	3	2021	-5.46	-0.54	0.0	0.3445337412796017
10	3	2021	-8.77	1.68	0.0	0.7790807129355493
11	3	2021	-18.14	-3.38	0.0	0.5824289156787992
12	3	2021	-10.28	5.77	0.0	1.063543581880909
13	3	2021	-6.83	6.42	0.0	1.1118202451272077
14	3	2021	-2.45	8.18	0.0	1.1792157810239576
15	3	2021	-1.46	7.64	0.0	1.0961249381952838
16	3	2021	-9.56	0.75	0.0	0.7722299840255513
17	3	2021	-8.07	8.19	0.0	1.2767691151693104
18	3	2021	-3.35	13.21	0.0	1.5826092577845317
19	3	2021	-0.11	17.6	0.0	1.8446240670162133
20	3	2021	-1.11	12.06	0.0	1.544390100455737
21	3	2021	-5.0	3.04	0.0	0.8452936870128258
22	3	2021	-6.08	8.01	0.0	1.3179414451655571
23	3	2021	-8.06	-0.18	1.29	0.7385670216147988
24	3	2021	-6.45	8.14	0.0	1.332585869534715
25	3	2021	-3.76	2.83	0.0	0.8448278928089421
26	3	2021	-10.43	1.92	0.0	1.0135121391416144
27	3	2021	-9.33	6.42	0.0	1.233196523042493
28	3	2021	-1.67	17.05	0.0	1.862743937100891
29	3	2021	-8.96	5.12	5.38	1.1006246866925091
30	3	2021	-13.97	-6.27	0.0	0.5206064954954082
31	3	2021	-15.81	6.78	0.0	1.150888617576599
1	4	2021	-2.57	14.78	0.0	1.7594117059791945
2	4	2021	0.11	12.16	0.0	1.6199266621630213
3	4	2021	-1.22	13.52	0.0	1.7096928370063138
4	4	2021	-0.93	17.4	0.0	1.936244163508316
5	4	2021	-2.91	12.17	0.0	1.625578678222966
6	4	2021	-2.98	16.44	0.0	1.8633718190293211
7	4	2021	-0.82	20.65	0.0	2.1228356659933563
8	4	2021	2.13	15.17	1.62	1.8064472820004276
9	4	2021	-5.99	11.36	0.0	1.5575792050679311
10	4	2021	-0.85	13.15	0.0	1.6935304634889
11	4	2021	-2.49	3.66	3.68	0.674795299216651
12	4	2021	-4.23	2.0	2.01	0.5531377208692738
13	4	2021	-3.78	2.57	0.0	0.7390466545085046
14	4	2021	-3.62	6.67	0.0	1.2789046007941596
15	4	2021	-2.69	12.47	0.0	1.6342836417678877
16	4	2021	-4.82	14.31	0.0	1.720417784252261
17	4	2021	-0.71	20.14	0.0	2.0971008593407117
18	4	2021	-3.9	6.31	0.0	1.2697473634573049
19	4	2021	-7.35	4.94	0.0	1.2061382697182588
20	4	2021	-9.09	9.16	0.0	1.4132279252296551
21	4	2021	-3.87	17.6	0.0	1.9320987418609157
22	4	2021	-4.73	6.86	0.0	1.311951121516439
23	4	2021	-12.28	4.71	0.0	1.1649688176121091
24	4	2021	-9.99	7.5	0.0	1.3263041346607976
25	4	2021	-5.67	10.87	0.0	1.551426965578593
26	4	2021	-4.07	14.61	0.0	1.7824936787387498
27	4	2021	-3.94	14.29	0.0	1.7705494889893774
28	4	2021	-2.51	14.81	0.0	1.816234820944091
29	4	2021	-2.86	11.46	0.0	1.6063251554075737
30	4	2021	2.02	26.09	0.0	2.5360225346595064
1	5	2021	5.34	20.35	0.0	2.1890647203220737
2	5	2021	1.09	13.32	0.0	1.719803023114002
3	5	2021	-5.03	9.92	0.0	1.5237021829934656
4	5	2021	-5.44	13.71	0.0	1.7471908288328284
5	5	2021	-3.31	16.57	0.0	1.940155771260465
6	5	2021	-0.49	16.77	0.0	1.980837144960185
7	5	2021	-0.45	16.69	0.84	1.983053673919604
8	5	2021	2.73	13.99	0.0	1.7684096825291975
9	5	2021	-4.05	15.22	0.0	1.8726528254665047
10	5	2021	-2.61	18.12	0.0	2.0630051563452128
11	5	2021	0.64	19.94	0.0	2.2049378461888187
12	5	2021	2.49	20.35	0.0	2.2353588656068144
13	5	2021	1.85	21.38	0.0	2.2995723437939826
14	5	2021	3.14	22.73	0.09	2.392301065653134
15	5	2021	3.41	23.92	0.0	2.47411330785365
16	5	2021	8.42	26.98	0.0	2.679262099101754
17	5	2021	7.44	31.85	0.0	3.0075047071221235
18	5	2021	11.93	28.3	0.0	2.7278243555480657
19	5	2021	2.01	13.43	0.0	1.7210343644960688
20	5	2021	-1.72	4.23	2.49	0.7699729645670265
21	5	2021	-2.28	4.69	0.0	1.1316820518272026
22	5	2021	-0.39	9.81	0.0	1.5057699724186653
23	5	2021	5.88	15.15	17.7	1.6800888065364024
24	5	2021	8.22	11.23	22.56	0.2969177188861782
25	5	2021	2.1	8.67	1.89	0.7628754186930292
26	5	2021	-1.0	12.68	0.0	1.5855258990789227
27	5	2021	1.13	18.27	0.0	2.1095417038557045
28	5	2021	6.6	21.77	0.0	2.3363570693312834
29	5	2021	6.57	20.5	0.0	2.187005366273417
30	5	2021	2.49	22.27	0.0	2.4534725000790383
31	5	2021	8.24	26.35	0.0	2.7378936899428377
1	6	2021	9.14	26.29	0.0	2.7227697476680186
2	6	2021	12.28	31.7	0.0	3.0891926168392527
3	6	2021	13.75	34.86	0.0	3.295669226398443
4	6	2021	15.8	28.89	0.0	2.7068524097059696
5	6	2021	11.54	27.61	0.0	2.797914429451144
6	6	2021	8.16	20.32	0.0	2.0894740610926257
7	6	2021	8.54	22.4	0.0	2.357002756224214
8	6	2021	5.96	22.73	3.44	2.1013453575416996
9	6	2021	11.82	19.2	10.8	1.0360205249036123
10	6	2021	13.23	21.2	13.26	1.107897265211904
11	6	2021	10.92	20.06	0.0	1.507096953626412
12	6	2021	7.16	23.42	0.0	2.3515568453317948
13	6	2021	6.94	26.97	0.0	2.704499187944618
14	6	2021	12.82	31.16	0.0	2.9561087789999134
15	6	2021	15.99	32.91	1.23	2.997210117541405
16	6	2021	12.95	24.43	0.0	2.0839412612320274
17	6	2021	7.38	23.53	0.0	2.3793126397911197
18	6	2021	8.11	18.23	0.0	1.5987615465960932
19	6	2021	7.1	20.29	0.64	1.9907471855670151
20	6	2021	6.12	18.07	0.0	1.7426859615980514
21	6	2021	1.96	24.12	0.0	2.4852497555184105
22	6	2021	10.56	30.66	0.0	2.949396243460601
23	6	2021	13.32	23.87	0.0	1.8356279203761112
24	6	2021	8.7	23.77	0.0	2.2576459486669216
25	6	2021	9.96	27.74	0.0	2.649135045041307
26	6	2021	13.28	28.6	0.0	2.561912166396118
27	6	2021	12.15	27.7	0.0	2.524796376796967
28	6	2021	10.78	29.12	0.0	2.804170842796399
29	6	2021	12.99	32.61	0.0	3.07600366116221
30	6	2021	14.8	33.69	0.0	3.1102372742647835
1	7	2021	15.92	34.42	0.0	3.1293683983802283
2	7	2021	18.28	38.51	0.0	3.427146093736653
3	7	2021	17.25	30.21	4.11	1.9639585938656643
4	7	2021	13.16	27.59	6.14	1.9593671832521888
5	7	2021	13.37	23.51	0.0	1.6800380097227643
6	7	2021	10.74	20.41	0.0	1.482870162415174
7	7	2021	11.45	27.58	6.28	2.032586833622948
8	7	2021	13.61	27.63	0.0	2.289486876537715
9	7	2021	12.75	30.45	0.0	2.6867862395279336
10	7	2021	14.05	32.42	0.0	2.810521786869745
11	7	2021	15.9	31.71	0.0	2.615611615465795
12	7	2021	12.02	27.93	0.0	2.4401402153171254
13	7	2021	10.44	28.51	0.0	2.595181719413909
14	7	2021	11.63	30.57	0.0	2.7520539737397822
15	7	2021	14.11	34.83	0.0	3.059909663470697
16	7	2021	15.85	29.84	0.0	2.3352600125359726
17	7	2021	16.45	34.43	0.0	2.881200341927111
18	7	2021	13.71	25.57	0.0	1.879467691732156
19	7	2021	13.59	20.05	0.0	0.8313376185323933
20	7	2021	15.53	27.45	0.0	1.966062808593591
21	7	2021	15.08	30.39	0.0	2.473785971656516
22	7	2021	14.3	33.31	0.0	2.8627627656187276
23	7	2021	6.37	28.47	0.0	2.6309533852623845
24	7	2021	10.33	28.94	0.0	2.55500019206773
25	7	2021	10.82	27.63	2.06	1.9510734693205571
26	7	2021	12.0	27.6	2.23	1.8462073411211324
27	7	2021	12.49	34.89	0.0	2.966563925059997
28	7	2021	12.81	29.13	0.0	2.356197600059752
29	7	2021	12.89	33.15	0.0	2.778511023380484
30	7	2021	12.6	30.86	0.0	2.5506860500100577
31	7	2021	12.24	31.1	0.0	2.584589284389971
1	8	2021	12.24	32.71	0.0	2.7317845288230633
2	8	2021	15.94	34.67	0.0	2.7234990019263705
3	8	2021	18.97	28.12	0.0	1.3655904869012918
4	8	2021	13.86	27.8	0.0	2.013499723696007
5	8	2021	11.1	30.16	0.0	2.47093177466147
6	8	2021	15.5	32.59	0.0	2.4649505631656257
7	8	2021	15.27	28.71	0.0	1.9553896981181056
8	8	2021	13.21	22.57	0.0	1.2152890858811032
9	8	2021	11.26	20.31	0.0	1.1109142604296371
10	8	2021	9.96	21.27	3.64	1.1228264419916798
11	8	2021	10.9	25.03	0.0	1.8370038814573857
12	8	2021	8.48	23.4	0.0	1.8148856995771177
13	8	2021	8.65	29.55	0.0	2.4207529814113835
14	8	2021	14.99	37.07	0.0	2.836332283074515
15	8	2021	15.72	32.58	0.0	2.3313419407765457
16	8	2021	14.85	26.27	0.0	1.5463054000253218
17	8	2021	10.19	18.8	0.0	0.938565507654607
18	8	2021	9.29	17.43	3.0	0.7416511415422693
19	8	2021	7.96	19.11	3.28	0.9757549961396492
20	8	2021	10.17	18.79	5.22	0.7983698324535138
21	8	2021	6.22	21.18	4.31	1.2871935088317676
22	8	2021	9.17	15.14	7.62	0.5446314297697851
23	8	2021	7.05	17.38	11.67	0.9557238406705372
24	8	2021	7.55	14.85	0.0	0.7228682325234975
25	8	2021	3.66	19.41	0.0	1.6300575204476324
26	8	2021	7.13	20.53	0.0	1.560087087328493
27	8	2021	11.97	19.95	0.0	0.9494101392987124
28	8	2021	10.63	23.67	2.0	1.6772476972141437
29	8	2021	7.77	25.69	0.0	2.0242791021741904
30	8	2021	9.3	28.69	0.0	2.215838683211065
31	8	2021	11.59	25.14	20.47	1.3925103143848034
1	9	2021	9.08	21.24	0.0	1.3299704805577597
2	9	2021	8.52	18.57	0.0	1.0203514480744815
3	9	2021	8.68	21.24	0.0	1.3386582885151623
4	9	2021	5.81	22.66	0.0	1.641848475299985
5	9	2021	7.43	28.77	0.0	2.0621760779164684
6	9	2021	10.0	22.02	2.4	1.0677794954536404
7	9	2021	7.51	23.31	0.0	1.577283646855855
8	9	2021	5.69	24.81	0.0	1.8103582369440123
9	9	2021	10.42	27.97	0.0	1.9698402640027908
10	9	2021	8.47	21.48	0.0	1.400142620243985
11	9	2021	5.58	14.42	0.0	0.7707136514642191
12	9	2021	2.57	18.17	0.0	1.3813647518185568
13	9	2021	7.34	21.14	0.0	1.4227814064135156
14	9	2021	4.4	22.81	0.0	1.6905229745234234
15	9	2021	7.7	18.95	0.0	1.1247888785890647
16	9	2021	3.78	14.66	0.0	0.924921000939077
17	9	2021	-0.84	18.45	0.0	1.4296665549973937
18	9	2021	10.49	32.24	0.0	2.158697959391385
19	9	2021	6.81	19.64	0.0	1.1840538134474892
20	9	2021	1.85	18.26	0.0	1.29865994501325
21	9	2021	2.63	22.02	0.0	1.5444312832691902
22	9	2021	5.95	26.89	0.0	1.799502152949527
23	9	2021	4.0	16.92	0.0	1.0041316951578614
24	9	2021	-0.61	18.85	0.0	1.338739951605373
25	9	2021	7.29	25.64	0.0	1.5952996887165385
26	9	2021	3.86	24.54	0.0	1.6020159470293964
27	9	2021	8.85	29.33	0.0	1.784571310826976
28	9	2021	6.34	28.14	0.0	1.75869842834749
29	9	2021	6.5	20.94	0.0	1.1346100454322663
30	9	2021	1.82	23.77	0.0	1.5298889154914916
1	10	2021	5.84	23.34	0.0	1.348095709558632
2	10	2021	0.65	20.95	0.0	1.3461711937855203
3	10	2021	5.2	23.43	0.0	1.4012201100063857
4	10	2021	1.85	19.94	0.0	1.2357829408373937
5	10	2021	4.93	22.98	0.0	1.346700936627475
6	10	2021	5.94	26.39	0.0	1.5965561506899075
7	10	2021	3.01	14.22	0.0	0.7413928651649184
8	10	2021	1.33	16.66	0.0	0.9803961730821308
9	10	2021	-1.0	19.69	0.0	1.2637459898911436
10	10	2021	-1.01	18.37	0.0	1.1605630513118994
11	10	2021	-1.58	8.52	0.0	0.5583365639992822
12	10	2021	-6.51	8.71	0.0	0.7049811238414228
13	10	2021	-3.59	4.98	3.6	0.4051487158486958
14	10	2021	-1.09	5.84	2.11	0.3579562591884848
15	10	2021	-3.25	13.45	0.0	0.8663729748421259
16	10	2021	-0.88	17.82	0.0	1.0424458045956533
17	10	2021	2.5	23.6	0.0	1.3036540202035705
18	10	2021	1.45	13.29	0.0	0.7061910184538117
19	10	2021	-5.61	6.66	0.0	0.5641352716733931
20	10	2021	-7.56	7.41	0.0	0.639347692076483
21	10	2021	-4.9	9.19	0.0	0.6658706562779085
22	10	2021	-5.47	8.79	0.0	0.6571396047761268
23	10	2021	-2.29	6.68	1.54	0.4569913439648148
24	10	2021	1.84	5.66	0.0	0.2240671632016817
25	10	2021	3.27	9.0	2.62	0.3333606489941381
26	10	2021	2.1	9.82	2.54	0.4341418787133318
27	10	2021	-0.47	12.98	0.0	0.7352683522089033
28	10	2021	-2.29	10.96	0.0	0.6787279753637978
29	10	2021	-0.09	8.63	2.27	0.4532343656225206
30	10	2021	-4.86	4.71	0.0	0.4382670779379125
31	10	2021	-7.95	3.79	0.0	0.4737076340397717
1	11	2021	-9.41	2.12	0.0	0.4343081348131805
2	11	2021	-9.99	6.33	0.0	0.6072856778020985
3	11	2021	-8.6	9.64	0.0	0.7210432353722195
4	11	2021	-2.72	14.63	0.0	0.8530422046044407
5	11	2021	1.73	13.94	0.0	0.6973944779926604
6	11	2021	-3.29	9.87	0.0	0.6302568224743468
7	11	2021	-6.16	9.48	0.0	0.6692580645930387
8	11	2021	-6.39	8.56	0.0	0.631043523830178
9	11	2021	-9.61	7.49	0.0	0.6315656360123649
10	11	2021	-2.35	2.87	2.47	0.2386989474431245
11	11	2021	-6.61	-2.54	0.0	0.1612149714936708
12	11	2021	-9.35	-4.11	0.0	0.1825042945696545
13	11	2021	-10.03	4.09	0.0	0.499975888213172
14	11	2021	-6.53	1.16	1.16	0.3157842304119034
15	11	2021	-1.89	4.04	1.32	0.2875682685314905
16	11	2021	-4.09	5.22	6.44	0.4007793888535479
17	11	2021	-11.51	-5.33	0.0	0.1931624027548597
18	11	2021	-14.46	-2.28	0.0	0.3401579188491623
19	11	2021	-10.9	-2.48	0.0	0.2755499867550707
20	11	2021	-11.01	0.29	0.0	0.372645857053699
21	11	2021	-17.8	-3.47	0.0	0.335716388058905
22	11	2021	-7.83	4.16	0.0	0.4554126018812222
23	11	2021	-9.85	2.59	0.0	0.4301692050347477
24	11	2021	-17.06	-8.79	0.0	0.1894207425699866
25	11	2021	-12.36	1.14	0.0	0.4128748737909104
26	11	2021	-3.75	5.89	0.0	0.425125793495093
27	11	2021	-7.57	1.92	0.0	0.3554816801749456
28	11	2021	-5.98	3.39	0.0	0.3745876862787854
29	11	2021	-4.39	5.28	1.81	0.4126565330508501
30	11	2021	-6.69	4.55	0.0	0.437203971064507
1	12	2021	-1.57	6.07	0.0	0.3618751363143714
2	12	2021	-4.52	1.54	1.48	0.2535715784594827
3	12	2021	-8.99	-2.06	0.0	0.2379802605053088
4	12	2021	-12.18	-3.75	1.53	0.2532217124399467
5	12	2021	-22.47	-9.91	0.88	0.2156672187247534
6	12	2021	-25.36	-14.14	0.0	0.1568601373231674
7	12	2021	-21.48	-9.97	0.0	0.2075576460579747
8	12	2021	-16.43	1.97	1.39	0.4674155409091379
9	12	2021	-12.44	-2.32	0.0	0.3013341484699939
10	12	2021	-14.57	-4.35	0.0	0.2713669673091591
11	12	2021	-11.14	3.46	0.0	0.4704832494254916
12	12	2021	-9.19	0.7	0.0	0.3419314408548818
13	12	2021	-14.03	-3.82	0.0	0.2777456031101888
14	12	2021	-9.09	-2.75	0.25	0.2160841115260331
15	12	2021	-21.76	-11.98	0.0	0.1681103757547352
16	12	2021	-25.43	-17.79	0.22	0.0998671769690259
17	12	2021	-26.17	-17.87	0.75	0.1039116866899693
18	12	2021	-28.33	-10.41	0.0	0.2197652160023431
19	12	2021	-20.25	-11.25	0.0	0.1680943065786921
20	12	2021	-21.38	-12.6	0.0	0.1522532685167091
21	12	2021	-19.56	-8.1	0.0	0.2291777745901635
22	12	2021	-14.31	-7.7	2.89	0.1654896418917803
23	12	2021	-15.4	-2.54	1.98	0.3302111788628348
24	12	2021	-25.37	-15.43	0.65	0.1347123303670267
25	12	2021	-29.87	-22.79	2.04	0.0642815797292369
26	12	2021	-29.0	-24.36	6.49	0.0430388931546345
27	12	2021	-34.62	-26.04	0.33	0.0575692049737025
28	12	2021	-36.78	-27.28	0.0	0.0544586232510101
29	12	2021	-35.48	-26.36	0.0	0.057771390074698
30	12	2021	-37.52	-28.0	0.0	0.051438319370142
31	12	2021	-36.01	-28.0	0.0	0.0476486202961585
1	1	2022	-35.3	-23.41	0.0	0.0792864912134184
2	1	2022	-26.9	-2.08	0.0	0.3681870705139667
3	1	2022	-17.64	-5.91	4.96	0.2548507679237441
4	1	2022	-23.82	-13.5	2.28	0.1505095269409426
5	1	2022	-32.62	-20.13	0.0	0.1044078701249199
6	1	2022	-35.4	-26.43	0.0	0.0564969455607713
7	1	2022	-25.05	-7.78	1.6	0.2641234200608775
8	1	2022	-24.67	-14.52	0.0	0.1453785448605469
9	1	2022	-29.33	-17.54	0.0	0.1252730662909767
10	1	2022	-22.23	-0.79	0.0	0.4107901631659643
11	1	2022	-12.76	3.07	0.0	0.4818592269586184
12	1	2022	-2.72	4.61	0.0	0.3342036188301515
13	1	2022	-5.92	3.63	3.22	0.3724391537950604
14	1	2022	-6.64	0.87	0.0	0.2923838625422131
15	1	2022	-5.0	4.31	0.0	0.3941986855238309
16	1	2022	-4.99	3.99	0.0	0.3804490475750972
17	1	2022	-6.13	3.87	0.94	0.4075428698878915
18	1	2022	-19.88	1.61	0.0	0.479446531896458
19	1	2022	-27.19	-16.12	0.0	0.1392227798077485
20	1	2022	-23.84	-2.62	2.04	0.3646999919666727
21	1	2022	-10.31	2.31	1.51	0.4373371713092976
22	1	2022	-8.25	4.1	1.68	0.4716264701389317
23	1	2022	-8.53	4.68	0.0	0.5014668968569208
24	1	2022	-11.87	0.67	0.0	0.4080468021338116
25	1	2022	-22.64	-4.97	0.0	0.3319716276009375
26	1	2022	-10.45	1.86	0.0	0.4316330627992827
27	1	2022	-8.06	1.05	0.0	0.3523666612417932
28	1	2022	-11.88	0.49	0.0	0.4077659800704327
29	1	2022	-9.48	1.82	0.0	0.4177098999621094
30	1	2022	-5.38	4.55	0.0	0.43957253299387
31	1	2022	-12.72	2.94	3.6	0.4865203296990247
1	2	2022	-26.31	-18.45	0.0	0.1061902674753426
2	2	2022	-33.16	-24.17	0.0	0.0748797819104463
3	2	2022	-31.46	-20.49	0.0	0.108233082930821
4	2	2022	-32.66	-9.63	5.56	0.237402529509587
5	2	2022	-16.86	-8.86	0.06	0.2032491553328211
6	2	2022	-18.57	0.75	0.0	0.49048655121572
7	2	2022	-6.28	4.9	0.0	0.4992702647672378
8	2	2022	-4.23	2.92	0.0	0.3457836253452714
9	2	2022	-8.18	2.72	1.19	0.4557850642917259
10	2	2022	-9.56	5.09	1.03	0.5843952190171522
11	2	2022	-19.2	-13.09	0.0	0.1372365806843666
12	2	2022	-18.05	-7.71	0.0	0.2628987722786164
13	2	2022	-16.75	1.44	0.0	0.5245277198178474
14	2	2022	-18.83	-10.16	1.0	0.2082624947640993
15	2	2022	-15.52	-7.5	1.8	0.2339497993442635
16	2	2022	-25.29	-16.38	0.14	0.1433355885285732
17	2	2022	-27.63	-5.93	0.0	0.3463209279522059
18	2	2022	-21.26	-7.89	0.0	0.2975339800963232
19	2	2022	-18.83	3.32	2.98	0.5668263179155055
20	2	2022	-23.02	-16.79	0.0	0.1153495055040263
21	2	2022	-28.51	-20.06	0.0	0.1113167004389134
22	2	2022	-31.91	-20.48	0.0	0.1233085320287233
23	2	2022	-30.64	-18.98	0.0	0.1398134247496423
24	2	2022	-27.28	-16.79	0.0	0.159658541358508
25	2	2022	-26.85	-8.32	0.0	0.3165516018739951
26	2	2022	-13.96	-2.71	0.0	0.3961913278117689
27	2	2022	-12.1	-7.31	0.0	0.1790969203479377
28	2	2022	-13.62	-7.56	0.0	0.2135008884793409
1	3	2022	-12.24	-7.17	0.0	0.1926112322515974
2	3	2022	-17.85	-9.83	0.0	0.2315841652603245
3	3	2022	-19.44	-10.4	6.58	0.219472085297247
4	3	2022	-12.36	-8.59	5.45	0.1319789211219561
5	3	2022	-16.29	-9.77	0.6	0.2103773084321171
6	3	2022	-18.16	-4.57	0.0	0.4150033524216968
7	3	2022	-15.36	1.64	0.96	0.6091974397287805
8	3	2022	-17.79	-9.01	0.0	0.2729463321275303
9	3	2022	-24.02	-14.9	0.0	0.1932101434090718
10	3	2022	-23.61	-13.19	0.0	0.2307255273675304
11	3	2022	-30.36	-10.63	0.0	0.2955202611108273
12	3	2022	-16.89	3.07	0.0	0.6954686264284223
13	3	2022	-12.54	-2.88	0.0	0.4130091335071623
14	3	2022	-11.65	-0.66	0.0	0.4966507244451835
15	3	2022	-7.14	3.77	0.0	0.6326936391889284
16	3	2022	-4.62	3.79	0.0	0.5341402978988139
17	3	2022	-6.7	4.86	0.0	0.716535151338234
18	3	2022	-2.77	5.46	0.0	0.5698486041153381
19	3	2022	-4.42	5.76	0.0	0.7285887522598264
20	3	2022	-2.25	3.88	0.0	0.4461766300256433
21	3	2022	-0.98	5.37	0.0	0.4981779108419378
22	3	2022	-2.85	7.19	0.0	0.8546023423442362
23	3	2022	-2.15	11.19	0.0	1.1931437780951777
24	3	2022	-0.88	5.79	1.38	0.560092532645186
25	3	2022	-7.45	-0.5	0.0	0.4279071246984509
26	3	2022	-10.45	-3.97	0.0	0.3481274749253299
27	3	2022	-8.42	6.13	0.0	1.0262362003132457
28	3	2022	-2.9	6.29	0.0	0.957059932950894
29	3	2022	-6.01	1.31	0.0	0.6226266002977634
30	3	2022	-8.06	8.22	0.0	1.2474985984397564
31	3	2022	-2.13	5.07	2.89	0.5830172999082984
1	4	2022	-3.95	4.11	0.0	0.7873524614516162
2	4	2022	-7.05	5.76	0.0	1.081044008281579
3	4	2022	-3.92	10.69	0.0	1.423002802944516
4	4	2022	-1.17	14.73	0.0	1.770889424999836
5	4	2022	-0.43	7.84	2.18	0.8347555630177749
6	4	2022	-1.56	6.82	0.59	1.0283060059903508
7	4	2022	-3.58	10.36	0.0	1.4765309373851083
8	4	2022	-1.77	17.35	0.0	1.9963940322232137
9	4	2022	0.18	11.84	0.0	1.553816554288312
10	4	2022	-3.92	5.76	0.0	1.0873769008325775
11	4	2022	-8.61	-2.38	0.0	0.4842817201303005
12	4	2022	-10.3	-5.6	0.0	0.2779717990537492
13	4	2022	-9.91	-5.17	0.0	0.2941705585061677
14	4	2022	-9.06	-3.82	1.76	0.4090102844896507
15	4	2022	-10.19	-2.12	0.0	0.6721956681364799
16	4	2022	-9.62	1.07	0.0	0.9479996239649624
17	4	2022	-7.9	3.72	0.0	1.1385333791600265
18	4	2022	-7.69	8.26	0.0	1.4808264695691014
19	4	2022	-2.62	3.75	3.12	0.6474208011321395
20	4	2022	-4.64	1.42	2.41	0.5092048081525962
21	4	2022	-8.63	5.3	0.0	1.2687072301155398
22	4	2022	-1.95	3.32	0.92	0.7116769735125769
23	4	2022	-0.04	9.17	1.89	1.474893611364197
24	4	2022	-2.44	10.59	0.0	1.6914048634645404
25	4	2022	-2.88	9.91	0.0	1.634416847774791
26	4	2022	-3.09	13.65	0.0	1.899974354463802
27	4	2022	0.45	14.81	0.0	2.0067606968836156
28	4	2022	0.79	17.56	0.0	2.184534567016085
29	4	2022	0.64	16.49	0.0	2.120627147732234
30	4	2022	1.55	17.21	0.0	2.1719318904839713
1	5	2022	0.56	14.11	0.0	1.9572409383922789
2	5	2022	-0.5	17.91	0.0	2.1981032966201295
3	5	2022	3.84	19.53	0.0	2.340558169716141
4	5	2022	0.7	23.42	0.0	2.540573161718593
5	5	2022	8.22	27.15	0.0	2.857366290769165
6	5	2022	9.65	22.31	2.19	2.264056759423165
7	5	2022	5.69	14.8	5.86	1.5386228449011028
8	5	2022	2.85	14.99	0.0	2.007197287734096
9	5	2022	-0.01	15.44	0.0	2.0563800797951286
10	5	2022	3.28	13.35	2.14	1.4555811599459365
11	5	2022	-0.27	18.6	0.0	2.1725356218418277
12	5	2022	3.2	20.28	0.0	2.3041523443588905
13	5	2022	4.58	10.99	13.7	0.7943681413826662
14	5	2022	2.52	16.28	0.0	1.879195908653805
15	5	2022	2.97	20.09	0.0	2.2464852283966796
16	5	2022	4.31	19.25	0.0	2.1459957249161175
17	5	2022	6.28	18.94	3.18	1.6647844851181473
18	5	2022	6.9	15.75	1.04	1.4706794007006
19	5	2022	1.11	10.63	3.81	0.9681585819580508
20	5	2022	0.72	7.8	0.0	0.8070986567923728
21	5	2022	-0.8	14.35	0.0	1.7826834866175418
22	5	2022	1.25	16.88	0.0	1.9770141541700696
23	5	2022	2.14	22.41	0.0	2.451942505949334
24	5	2022	4.89	24.03	0.0	2.574472585812357
25	5	2022	6.3	23.88	0.0	2.5491861801094267
26	5	2022	5.96	23.8	0.0	2.5523837082523912
27	5	2022	7.05	21.46	0.0	2.2670120183957843
28	5	2022	8.6	22.93	0.0	2.3771439660263933
29	5	2022	9.49	19.25	0.0	1.749826071694211
30	5	2022	7.2	17.4	0.0	1.7079995030424948
31	5	2022	3.53	18.63	0.0	2.1245848054479732
1	6	2022	2.45	19.35	0.0	2.2314246455336613
2	6	2022	4.77	21.13	0.0	2.402113191200877
3	6	2022	2.57	22.79	0.0	2.5163755943147463
4	6	2022	3.91	24.24	0.0	2.6226738255720927
5	6	2022	6.34	19.86	0.0	2.2873041095531974
6	6	2022	5.33	20.52	0.0	2.353255832424674
7	6	2022	7.43	20.96	0.0	2.3543962241225715
8	6	2022	7.25	24.26	0.0	2.6253680787074756
9	6	2022	11.24	23.3	5.01	2.051045208198622
10	6	2022	10.26	24.71	2.16	2.238085980648153
11	6	2022	8.36	23.47	0.0	2.5575146937532764
12	6	2022	8.5	24.26	5.43	2.233636940740133
13	6	2022	11.28	21.21	2.06	1.5251367144975696
14	6	2022	7.5	18.24	0.0	1.8375027556859749
15	6	2022	5.56	16.85	3.03	1.4479279576238655
16	6	2022	10.52	20.83	0.0	1.9277690699252203
17	6	2022	10.76	28.38	0.0	2.91337437211949
18	6	2022	17.31	31.4	0.0	2.92638829484938
19	6	2022	15.52	21.27	6.14	0.7557985197550524
20	6	2022	14.25	20.7	7.41	0.8416863843875594
21	6	2022	11.67	22.31	2.86	1.4882543383528728
22	6	2022	10.83	27.83	3.74	2.2430347565536928
23	6	2022	10.7	25.81	6.65	2.017283641741034
24	6	2022	8.47	18.2	1.94	1.499418097532722
25	6	2022	8.39	20.89	3.48	1.542007207109726
26	6	2022	8.79	24.79	0.0	2.3782414796082336
27	6	2022	10.13	22.93	0.0	2.0500752181569744
28	6	2022	8.86	22.02	1.82	2.0187362072407646
29	6	2022	12.24	24.73	1.53	2.085014929991845
30	6	2022	9.51	22.7	0.0	2.05318217739284
1	7	2022	7.77	23.0	0.0	2.2102230252872856
2	7	2022	9.89	21.92	0.0	1.9149284648381928
3	7	2022	10.57	23.11	0.0	2.0444120476293137
4	7	2022	12.44	18.97	0.0	1.019055176590555
5	7	2022	11.65	17.86	4.48	0.716441711424755
6	7	2022	12.56	23.92	0.0	2.003057294363041
7	7	2022	11.69	23.39	4.53	1.5853297519367917
8	7	2022	16.33	30.7	3.77	2.0770378366791036
9	7	2022	16.16	28.83	2.78	1.8189705028451504
10	7	2022	13.92	24.92	4.79	1.4919887205945788
11	7	2022	11.29	26.78	0.0	2.369743705250216
12	7	2022	10.96	29.66	0.0	2.6624804710691583
13	7	2022	15.86	32.48	3.39	2.1862446250719096
14	7	2022	14.55	27.81	0.0	2.195980631553066
15	7	2022	16.04	32.92	0.0	2.696932990916506
16	7	2022	15.11	34.77	0.0	2.906086965809543
17	7	2022	16.13	30.43	0.0	2.3628571388879354
18	7	2022	14.54	28.73	20.39	1.8141783353853436
19	7	2022	15.57	28.33	6.51	1.5517088153700715
20	7	2022	12.66	24.65	0.0	1.7081524645965205
21	7	2022	11.04	27.97	0.0	2.247167951800614
22	7	2022	11.5	24.53	0.0	1.7983103087431986
23	7	2022	8.89	21.51	0.0	1.635442599906668
24	7	2022	7.78	27.43	0.0	2.323563184142977
25	7	2022	13.53	20.61	1.97	0.9100107903730342
26	7	2022	10.49	23.83	0.0	1.7699232091577464
27	7	2022	7.97	25.11	0.0	2.069612006295846
28	7	2022	8.05	27.24	0.0	2.25455827920095
29	7	2022	12.8	32.97	0.0	2.5681260784703284
30	7	2022	15.08	24.78	3.76	1.0813458015302946
31	7	2022	13.62	26.85	4.69	1.4243586786193978
1	8	2022	14.14	25.78	0.0	1.5526660785159714
2	8	2022	13.38	24.3	0.0	1.41130950781874
3	8	2022	8.33	25.01	0.0	1.9254900195137872
4	8	2022	10.99	32.75	0.0	2.499148085636051
5	8	2022	8.9	18.45	0.0	1.0412210399625133
6	8	2022	5.0	22.52	0.0	1.820566810070692
7	8	2022	11.38	29.73	0.0	2.20327163498631
8	8	2022	11.1	32.61	0.0	2.4602361835205904
9	8	2022	9.42	25.44	0.0	1.8393043866261
10	8	2022	9.67	24.92	0.0	1.7519821725782116
11	8	2022	14.86	25.24	0.0	1.255736311613738
12	8	2022	11.55	31.19	0.0	2.349750867558274
13	8	2022	15.38	32.21	2.13	1.79730580525701
14	8	2022	15.42	30.04	0.0	1.9130396268072476
15	8	2022	12.5	28.85	0.0	2.008436503378401
16	8	2022	13.76	33.54	0.0	2.4108243109057055
17	8	2022	15.9	29.04	0.0	1.713562844101678
18	8	2022	12.55	29.04	0.0	2.023876004091109
19	8	2022	10.77	29.02	0.0	2.1093872700076126
20	8	2022	14.16	31.52	0.0	2.1454866173529856
21	8	2022	12.59	33.66	0.0	2.41653273193599
22	8	2022	16.23	26.09	0.0	1.1475329760248942
23	8	2022	13.64	26.25	0.0	1.5049787272710993
24	8	2022	10.5	26.59	0.0	1.795989979709265
25	8	2022	10.49	28.38	0.0	1.9655694461853792
26	8	2022	12.47	28.25	10.62	1.477311740624106
27	8	2022	13.79	30.3	0.0	1.8689336673829455
28	8	2022	12.59	21.19	0.0	0.9096129745960974
29	8	2022	8.99	26.91	0.0	1.808349998925601
30	8	2022	10.38	31.45	0.0	2.1294901359366363
31	8	2022	13.27	34.68	0.0	2.2493044125687063
1	9	2022	14.16	32.11	0.0	1.9332086603394316
2	9	2022	6.05	26.17	0.0	1.7974854189415916
3	9	2022	11.46	35.26	0.0	2.3147130964668556
4	9	2022	15.12	33.7	0.0	1.9644264175616333
5	9	2022	12.32	31.08	0.0	1.87599173885668
6	9	2022	8.59	24.72	0.0	1.4710044434698946
7	9	2022	9.63	34.23	0.0	2.229408078602045
8	9	2022	6.96	19.49	0.0	1.0721377672359085
9	9	2022	3.32	17.05	0.0	1.060861975616142
10	9	2022	2.01	22.43	0.0	1.543011692916839
11	9	2022	7.91	31.47	0.0	2.062370930575512
12	9	2022	8.63	22.59	0.0	1.2141997833276454
13	9	2022	7.92	15.35	1.23	0.6378078361418286
14	9	2022	7.34	14.95	2.09	0.5858803430650555
15	9	2022	5.47	16.53	0.0	0.888150270359359
16	9	2022	9.8	19.72	0.0	0.8842859638827157
17	9	2022	7.42	22.4	0.0	1.2462352437642044
18	9	2022	5.66	21.95	0.0	1.321049582901829
19	9	2022	8.25	17.4	2.02	0.7135175295315713
20	9	2022	4.84	13.62	0.0	0.6848633083047538
21	9	2022	0.01	16.74	0.0	1.147810882004252
22	9	2022	1.65	18.86	0.0	1.269642927134497
23	9	2022	5.28	19.05	0.0	1.1044747343528938
24	9	2022	5.96	21.44	0.0	1.3039643767168605
25	9	2022	2.24	21.49	0.0	1.4428250806093548
26	9	2022	6.52	22.55	0.0	1.3442794439318573
27	9	2022	5.42	24.66	0.0	1.5609125719309274
28	9	2022	8.39	29.75	0.0	1.845260666191035
29	9	2022	7.41	29.22	0.0	1.8183820501597368
30	9	2022	10.37	22.45	0.0	1.0147379176178677
1	10	2022	7.17	19.68	0.0	0.9673648335338282
2	10	2022	4.83	19.54	0.0	1.099390069332726
3	10	2022	6.57	22.02	0.0	1.2201129713963337
4	10	2022	7.07	25.37	0.0	1.4964547382743654
5	10	2022	2.66	11.75	0.0	0.61546898120922
6	10	2022	-5.07	9.8	0.0	0.7673218963254859
7	10	2022	-2.7	19.52	0.0	1.3371763732932098
8	10	2022	3.32	22.36	0.0	1.4122614274747245
9	10	2022	3.06	21.85	0.0	1.3987172035361997
10	10	2022	2.94	25.13	0.0	1.6123281224548944
11	10	2022	3.84	14.84	0.0	0.747180951691121
12	10	2022	2.51	11.0	0.0	0.5521839498618081
13	10	2022	-0.14	13.51	0.0	0.8432210230551699
14	10	2022	-2.71	14.62	1.74	0.9962050841915064
15	10	2022	-2.32	8.43	0.0	0.5803472645567107
16	10	2022	-4.45	7.98	0.0	0.6176453675983113
17	10	2022	-2.67	16.37	0.0	1.2188917086559714
18	10	2022	0.37	21.66	0.0	1.5982312310095874
19	10	2022	2.21	21.16	0.0	1.522303893974984
20	10	2022	3.18	15.11	0.0	0.9515573888173464
21	10	2022	0.29	11.82	0.0	0.7910902601860265
22	10	2022	-4.16	10.66	1.92	0.8681099075948056
23	10	2022	-0.98	3.1	10.76	0.2049414750954571
24	10	2022	-2.66	0.91	0.56	0.1773624020382711
25	10	2022	-3.48	3.2	0.0	0.3232192043470349
26	10	2022	-4.37	5.94	0.0	0.4886768294434687
27	10	2022	-1.02	9.43	0.0	0.561520323893839
28	10	2022	-0.3	9.62	0.0	0.5457026630542644
29	10	2022	-2.1	12.58	0.0	0.8207075310186853
30	10	2022	-1.11	14.05	0.0	0.9268656860518256
31	10	2022	-0.84	8.57	0.0	0.5011029802184451
1	11	2022	-0.56	8.44	0.0	0.4831791316967814
2	11	2022	-2.69	1.09	0.0	0.1838365050758537
3	11	2022	-7.84	-2.77	0.0	0.1969922804619631
4	11	2022	-9.41	3.41	3.72	0.4658789048393515
5	11	2022	-5.42	2.75	10.98	0.3461726883490397
6	11	2022	-12.39	-6.3	0.0	0.1926122741191086
7	11	2022	-15.45	-6.95	4.65	0.2201675745423571
8	11	2022	-18.1	-6.8	0.0	0.2719191215027465
9	11	2022	-23.69	-15.0	0.0	0.1434650111186104
10	11	2022	-24.33	-14.53	0.0	0.1564156844274689
11	11	2022	-21.59	-10.93	0.0	0.2043507161115069
12	11	2022	-21.41	-10.61	1.16	0.2086268846114193
13	11	2022	-14.28	-6.56	0.34	0.2206313209982195
14	11	2022	-12.21	-5.79	1.02	0.2027189395740236
15	11	2022	-11.9	-3.89	0.0	0.2593940157622038
16	11	2022	-10.53	-2.93	0.75	0.2637155533922804
17	11	2022	-16.17	-10.02	0.0	0.1555036193513741
18	11	2022	-16.28	-6.85	0.0	0.2432081119533386
19	11	2022	-12.88	-4.35	0.0	0.263193328263389
20	11	2022	-12.02	0.36	0.0	0.4021439037197215
21	11	2022	-11.85	0.97	1.36	0.4186491746642248
22	11	2022	-6.55	1.9	0.0	0.3493063314128232
23	11	2022	-5.32	1.94	0.0	0.314118315170133
24	11	2022	-6.9	3.35	0.0	0.4140919744074724
25	11	2022	-0.87	6.32	0.0	0.3683813830082413
26	11	2022	-4.48	2.32	0.0	0.3011277206190247
27	11	2022	-5.15	2.1	2.43	0.2974829823798376
28	11	2022	-10.9	-5.57	4.85	0.1649704841765314
29	11	2022	-16.66	-10.59	1.43	0.1443020498269091
30	11	2022	-21.52	-14.58	1.49	0.1229442779123657
1	12	2022	-23.6	-15.75	0.96	0.1220563289577951
2	12	2022	-29.71	-21.92	0.0	0.078155409543065
3	12	2022	-25.21	-11.3	0.0	0.2049099491777746
4	12	2022	-16.18	-3.93	0.0	0.3076708975616634
5	12	2022	-24.86	-14.79	0.0	0.1454070966267074
6	12	2022	-33.5	-22.23	0.0	0.0879516758000433
7	12	2022	-34.59	-9.38	0.0	0.2242686611930517
8	12	2022	-16.01	-6.19	0.0	0.242206536113325
9	12	2022	-11.85	-3.01	0.0	0.2702696927889617
10	12	2022	-17.53	-6.89	0.0	0.2415067833671289
11	12	2022	-11.08	-4.54	1.69	0.2047683185942029
12	12	2022	-12.16	-7.25	2.83	0.1377800505976162
13	12	2022	-15.48	-11.49	0.0	0.0957266736543046
14	12	2022	-17.38	-8.72	0.06	0.1947920191196514
15	12	2022	-16.78	-10.93	0.0	0.1328767928863998
16	12	2022	-20.87	-13.94	0.31	0.123700765852558
17	12	2022	-21.48	-15.54	0.0	0.1004567903253658
18	12	2022	-25.85	-20.7	1.43	0.0638657304901942
19	12	2022	-30.51	-23.35	2.12	0.0628184760827799
20	12	2022	-35.13	-28.0	1.0	0.0451392790299719
21	12	2022	-33.45	-27.13	0.69	0.0451967746273446
22	12	2022	-31.52	-25.03	0.0	0.0543197324826217
23	12	2022	-35.06	-21.49	0.0	0.09607011187244
24	12	2022	-24.94	-12.69	4.85	0.1718168188335339
25	12	2022	-17.3	-10.53	3.33	0.1451146910947107
26	12	2022	-15.71	-1.93	0.0	0.3530671977791036
27	12	2022	-11.77	-4.78	8.44	0.2044869418270458
28	12	2022	-16.97	-10.3	2.24	0.1460221739935892
29	12	2022	-15.96	-10.55	0.0	0.1291914512096814
30	12	2022	-17.16	-9.07	0.0	0.1847961343332637
31	12	2022	-19.32	-11.47	0.0	0.1573741654453409
1	1	2023	-19.88	-7.44	0.0	0.2469420443080784
2	1	2023	-15.55	-5.63	0.0	0.2489665465451878
3	1	2023	-15.28	-6.06	0.0	0.2346626519397663
4	1	2023	-18.62	-9.44	0.0	0.1927176763188485
5	1	2023	-19.11	-10.64	0.0	0.1717721761893295
6	1	2023	-17.34	-6.87	0.0	0.2400426035948319
7	1	2023	-13.94	-4.33	0.0	0.2653104956808831
8	1	2023	-14.9	-5.37	0.0	0.2502622531685229
9	1	2023	-14.56	-5.06	0.0	0.2548075551427247
10	1	2023	-16.52	-9.9	0.0	0.1563584890200696
11	1	2023	-14.92	-9.42	0.0	0.1412243576143801
12	1	2023	-14.5	-7.73	0.0	0.1801604335288863
13	1	2023	-13.34	-4.29	0.0	0.2611481200900888
14	1	2023	-12.34	-5.61	0.0	0.2030546762682036
15	1	2023	-9.88	-7.15	0.0	0.0912106670760457
16	1	2023	-9.66	-7.57	0.0	0.0707348085304606
17	1	2023	-11.31	-7.92	0.0	0.1062847662339805
18	1	2023	-9.12	-4.03	0.0	0.1819378473679322
19	1	2023	-9.19	-4.46	0.0	0.1689382833915554
20	1	2023	-14.29	-4.77	0.0	0.2684633046221379
21	1	2023	-13.0	-1.82	0.0	0.3403503119850013
22	1	2023	-7.83	1.06	0.0	0.3574993039995834
23	1	2023	-12.58	-2.08	0.56	0.3566455219998448
24	1	2023	-12.0	-3.45	0.0	0.2817231005269653
25	1	2023	-8.35	-1.19	1.84	0.283974079645986
26	1	2023	-8.75	3.48	0.95	0.589344129148609
27	1	2023	-19.94	-5.72	0.55	0.3217185298360972
28	1	2023	-24.82	-18.43	0.0	0.097225132142052
29	1	2023	-26.53	-20.28	0.0	0.0846568539795776
30	1	2023	-26.91	-18.36	0.0	0.1162142888273265
31	1	2023	-24.63	-14.29	1.4	0.1681471300025936
1	2	2023	-24.33	-12.74	1.59	0.1949897142841914
2	2	2023	-29.68	-18.13	0.0	0.1345918825944901
3	2	2023	-20.43	-3.52	0.0	0.4190188922189267
4	2	2023	-8.09	-0.99	0.0	0.3602399642630222
5	2	2023	-10.72	0.9	0.0	0.570365610816792
6	2	2023	-5.11	0.62	0.0	0.336873898007081
7	2	2023	-5.49	2.7	0.0	0.5711959275316336
8	2	2023	-9.71	-0.65	0.0	0.4892370046199789
9	2	2023	-14.26	-3.12	0.0	0.4486426490787212
10	2	2023	-10.14	4.09	0.0	0.7750042157036308
11	2	2023	-6.79	1.09	0.0	0.5263320145639133
12	2	2023	-7.68	1.2	0.0	0.5837131359126055
13	2	2023	-4.6	3.13	0.0	0.6216557518413578
14	2	2023	-17.69	-5.24	0.0	0.4164197267400975
15	2	2023	-18.65	-10.98	0.0	0.1945969426315857
16	2	2023	-21.13	-2.85	0.0	0.5020956309119645
17	2	2023	-9.56	-1.07	0.0	0.4999340263069295
18	2	2023	-12.99	-4.68	0.0	0.3759959570429834
19	2	2023	-14.08	-8.08	1.87	0.2035078785551674
20	2	2023	-22.3	-12.24	0.0	0.2278521206394036
21	2	2023	-28.07	-19.53	0.0	0.1198601517919574
22	2	2023	-32.03	-25.97	0.0	0.0613304383701829
23	2	2023	-30.47	-21.76	0.0	0.1043524775144492
24	2	2023	-31.25	-20.03	0.0	0.13098157158735
25	2	2023	-28.8	-12.8	0.0	0.2548201116242384
26	2	2023	-19.12	-4.51	0.0	0.5150530342014662
27	2	2023	-16.1	-7.03	0.0	0.3826825655415445
28	2	2023	-21.49	-11.42	0.0	0.2766613930670848
1	3	2023	-21.29	-7.66	0.0	0.4143734498971655
2	3	2023	-13.21	0.07	0.0	0.7483907186188333
3	3	2023	-10.77	-1.02	0.0	0.6637920719112013
4	3	2023	-15.38	-6.04	0.0	0.4516198064503028
5	3	2023	-21.71	-12.17	0.0	0.2730833288633445
6	3	2023	-26.21	-14.17	0.0	0.2479012748265521
7	3	2023	-19.55	-13.27	0.0	0.1819928564032891
8	3	2023	-20.51	-14.31	0.0	0.1638262115372873
9	3	2023	-20.07	-11.4	0.0	0.2966206792667491
10	3	2023	-15.49	-7.34	2.35	0.3282411839114822
11	3	2023	-13.19	-6.98	2.69	0.271761810266209
12	3	2023	-19.8	-9.05	0.0	0.420422491009113
13	3	2023	-18.31	-4.03	0.0	0.6353769564812871
14	3	2023	-11.94	0.14	2.19	0.7279033644594719
15	3	2023	-15.7	-4.37	0.0	0.6315982294298627
16	3	2023	-16.1	-6.68	0.0	0.5135575485466328
17	3	2023	-21.61	-8.76	0.0	0.4588731557631331
18	3	2023	-19.69	-1.47	0.0	0.747074988702195
19	3	2023	-15.16	-3.57	0.0	0.6977156713748645
20	3	2023	-13.03	-6.76	0.0	0.4228630866604286
21	3	2023	-15.68	-7.06	0.0	0.5054958637899875
22	3	2023	-16.78	-6.98	0.0	0.5381809087329348
23	3	2023	-15.52	1.9	0.0	0.950164558090179
24	3	2023	-14.69	-3.93	0.0	0.6983300951753655
25	3	2023	-19.45	-4.22	0.0	0.6809072485459641
26	3	2023	-15.48	-7.07	0.0	0.5155932080457795
27	3	2023	-20.17	-9.31	0.0	0.4723662611282029
28	3	2023	-22.27	-7.12	0.0	0.5635674055180174
29	3	2023	-18.49	-1.69	0.0	0.8034764120067005
30	3	2023	-12.08	-1.71	0.0	0.8522578950005754
31	3	2023	-14.79	-0.45	0.0	0.90355691731073
1	4	2023	-9.94	2.55	0.0	1.0802754845722853
2	4	2023	-8.71	-3.44	2.65	0.417593920932686
3	4	2023	-13.88	-8.28	1.54	0.395179682677871
4	4	2023	-19.19	-7.05	0.0	0.6101633982079132
5	4	2023	-22.27	-5.91	0.0	0.6387244381627206
6	4	2023	-20.5	-4.48	0.0	0.711890822541225
7	4	2023	-13.9	1.02	0.0	0.9952456096029224
8	4	2023	-5.32	5.53	0.0	1.2692328875096248
9	4	2023	-0.4	7.41	0.0	1.338711881009445
10	4	2023	2.28	8.68	0.0	1.370473357465019
11	4	2023	0.66	9.52	0.0	1.4858837155235198
12	4	2023	-0.25	8.23	0.0	1.4137739305828454
13	4	2023	-2.21	7.25	0.0	1.380835360792296
14	4	2023	-1.01	8.74	0.0	1.476227667684752
15	4	2023	-2.17	12.07	0.0	1.7066796664315544
16	4	2023	-1.08	14.55	0.0	1.8673590115376515
17	4	2023	2.25	15.7	0.0	1.8949212338303256
18	4	2023	-0.17	5.94	4.96	0.9520392317008244
19	4	2023	-4.17	-0.54	7.77	0.2755604709274993
20	4	2023	-5.15	-1.29	0.89	0.3366486382395796
21	4	2023	-5.07	2.04	0.0	0.8237064576324231
22	4	2023	-4.59	6.76	0.0	1.3506493097577217
23	4	2023	-4.96	8.9	0.0	1.5022204222937603
24	4	2023	-2.21	10.3	0.0	1.601987934862263
25	4	2023	1.7	15.69	1.55	1.9516664625131408
26	4	2023	1.19	14.52	0.0	1.878491647540118
27	4	2023	1.55	10.96	0.0	1.6237127468897632
28	4	2023	-0.74	18.28	0.0	2.098749317210549
29	4	2023	-0.92	15.64	0.0	1.951525482267469
30	4	2023	-2.08	15.32	0.0	1.922595805471157
1	5	2023	-0.35	19.44	0.0	2.179993979801701
2	5	2023	2.95	25.39	0.0	2.5603413123326173
3	5	2023	5.79	26.14	0.0	2.6421487731003226
4	5	2023	5.94	26.22	0.0	2.650855229541909
5	5	2023	4.54	18.95	0.0	2.179477792356363
6	5	2023	4.27	16.9	0.0	2.0354386240539704
7	5	2023	6.55	17.96	0.0	2.0875767297450665
8	5	2023	6.58	18.74	0.0	2.155478056724915
9	5	2023	3.67	20.16	0.0	2.2841593160115887
10	5	2023	6.88	21.12	0.0	2.333644889820447
11	5	2023	5.88	20.99	0.0	2.3341276361227097
12	5	2023	8.78	18.49	0.0	2.0589209912112363
13	5	2023	5.06	23.67	0.0	2.5235544108946044
14	5	2023	6.16	25.8	0.0	2.6646039864051367
15	5	2023	9.67	27.22	0.0	2.7574159909526488
16	5	2023	9.78	30.17	0.0	2.9580136273566757
17	5	2023	5.64	16.75	0.0	1.9916955000190228
18	5	2023	3.51	15.75	0.0	1.9516226241181345
19	5	2023	1.23	25.2	0.0	2.5826816376361053
20	5	2023	10.58	24.95	0.0	2.551502111270397
21	5	2023	6.7	23.72	0.0	2.511684691475231
22	5	2023	10.98	30.25	3.92	2.6995625530090126
23	5	2023	10.86	23.58	1.65	2.416562741153758
24	5	2023	9.51	21.92	11.55	2.136788041667778
25	5	2023	12.33	16.15	2.62	0.4243665177009221
26	5	2023	9.93	19.04	0.0	1.8255347756934432
27	5	2023	8.1	17.05	4.53	1.333880228368765
28	5	2023	12.74	21.05	0.0	1.7700266985812152
29	5	2023	10.18	26.76	0.0	2.7466222062361525
30	5	2023	11.09	28.06	3.5	2.55108890487691
31	5	2023	11.77	30.17	0.0	2.9924138331483694
1	6	2023	14.06	26.67	0.0	2.650719328358366
2	6	2023	12.86	22.84	0.0	2.148990789919567
3	6	2023	16.15	25.83	8.24	1.8328510778191096
4	6	2023	15.29	29.92	0.0	2.9368519444188226
5	6	2023	17.38	32.16	0.0	3.0621658050493976
6	6	2023	16.28	27.51	0.0	2.484947555481105
7	6	2023	13.0	28.51	0.0	2.8817746737293106
8	6	2023	13.72	29.29	0.0	2.933070357341424
9	6	2023	11.56	24.98	0.0	2.5857641150353072
10	6	2023	9.73	23.58	0.0	2.54750395568711
11	6	2023	10.17	27.46	0.0	2.851997121195957
12	6	2023	12.3	29.84	0.0	3.0078208313421135
13	6	2023	12.86	30.14	0.0	3.0255155213314984
14	6	2023	12.78	28.9	4.42	2.592171892554352
15	6	2023	9.47	18.11	0.0	1.6740432222312571
16	6	2023	6.88	24.36	0.0	2.6611844010483474
17	6	2023	12.14	20.77	0.0	1.817700869917479
18	6	2023	8.18	23.78	24.6	2.2129485696776476
19	6	2023	9.52	21.95	0.0	2.0791369599452443
20	6	2023	8.53	22.24	0.0	2.204826449296776
21	6	2023	8.06	20.08	0.0	1.9532071358882852
22	6	2023	7.65	23.49	0.0	2.409113885806627
23	6	2023	8.58	25.8	0.0	2.613122852778202
24	6	2023	9.54	26.31	0.0	2.6108833566254024
25	6	2023	11.31	28.79	0.0	2.791348946818343
26	6	2023	11.97	25.7	0.0	2.359574158755097
27	6	2023	11.53	27.76	0.0	2.640299259079182
28	6	2023	11.83	24.79	0.0	2.22552718292869
29	6	2023	10.84	27.21	0.0	2.616480789774444
30	6	2023	13.62	29.42	0.0	2.7247186172207254
1	7	2023	14.37	31.82	0.0	2.950455463108714
2	7	2023	12.23	22.69	0.0	1.8412966899823748
3	7	2023	9.68	21.17	0.0	1.8937110908482384
4	7	2023	7.31	18.69	0.0	1.743259148696385
5	7	2023	5.97	23.49	0.0	2.418721923592842
6	7	2023	8.56	25.77	0.0	2.5593083012226137
7	7	2023	8.3	24.07	0.0	2.375653502325596
8	7	2023	8.83	27.84	0.0	2.7470337012738155
9	7	2023	11.69	29.42	0.0	2.7999994049865675
10	7	2023	9.51	23.13	0.0	2.151042436595852
11	7	2023	8.7	21.29	0.0	1.9594343325229215
12	7	2023	8.96	24.47	0.0	2.3660119094168244
13	7	2023	11.52	25.7	0.0	2.3577285058136623
14	7	2023	10.67	21.7	0.0	1.8323900364142556
15	7	2023	8.44	23.59	0.0	2.2747067663948872
16	7	2023	7.93	22.9	0.0	2.21899842614697
17	7	2023	8.21	26.13	8.97	2.1102332937844785
18	7	2023	11.9	19.64	7.17	0.8814510217136321
19	7	2023	13.05	23.79	0.0	1.8274396812566984
20	7	2023	10.93	26.78	0.0	2.4635132400146413
21	7	2023	11.38	28.82	0.0	2.6562393719544577
22	7	2023	11.83	29.1	0.0	2.655134241067534
23	7	2023	14.06	29.86	0.0	2.606100787956392
24	7	2023	15.43	33.78	0.0	2.9618233437386894
25	7	2023	18.35	33.47	0.0	2.7349837356136733
26	7	2023	12.24	26.65	0.0	2.3167999673017543
27	7	2023	9.16	21.58	0.0	1.8611760196266656
28	7	2023	8.11	20.81	0.0	1.836053345545245
29	7	2023	5.88	23.66	0.0	2.2819731416277937
30	7	2023	8.42	29.13	0.0	2.7084071684343027
31	7	2023	15.47	32.5	0.0	2.764704496161658
1	8	2023	12.45	32.04	0.0	2.8352342879319368
2	8	2023	12.87	30.15	0.0	2.6039972669181015
3	8	2023	13.47	36.33	0.0	3.1328229914370493
4	8	2023	13.84	27.61	0.0	2.1728264409851343
5	8	2023	9.69	27.22	0.0	2.398195482059703
6	8	2023	9.52	26.85	0.0	2.3535644558565423
7	8	2023	9.61	28.04	0.0	2.462156506913965
8	8	2023	9.66	23.71	3.0	1.5847566990257411
9	8	2023	10.63	19.81	10.23	0.9332781656601778
10	8	2023	11.44	23.66	7.48	1.317444715284023
11	8	2023	11.69	21.58	0.0	1.253164754134562
12	8	2023	9.64	23.42	4.27	1.3960066428802989
13	8	2023	9.89	25.52	0.0	1.9266379687703583
14	8	2023	12.46	33.17	0.0	2.550439232974793
15	8	2023	14.69	29.53	3.89	1.6164387520793035
16	8	2023	11.82	22.99	0.0	1.3592406049992676
17	8	2023	8.57	30.88	0.0	2.4138540944383147
18	8	2023	14.43	24.97	0.0	1.2907515934146745
19	8	2023	8.46	20.52	0.0	1.3174437566858117
20	8	2023	4.43	21.75	3.13	1.422613243549666
21	8	2023	11.85	18.57	16.73	0.6476051182253363
22	8	2023	12.99	17.29	14.1	0.4305074774650086
23	8	2023	13.63	23.41	0.0	1.0891807130827336
24	8	2023	10.63	22.82	0.0	1.344952629982785
25	8	2023	10.14	21.2	0.0	1.1692727516037067
26	8	2023	9.41	28.97	0.0	2.0825938270352005
27	8	2023	11.48	27.63	0.0	1.823310709984592
28	8	2023	10.65	29.99	0.0	2.085537889672644
29	8	2023	12.32	31.21	0.0	2.1206455948251017
30	8	2023	14.89	27.87	0.0	1.5411490646692592
31	8	2023	12.45	21.5	5.1	0.8614372458035507
1	9	2023	13.03	27.52	0.0	1.6378137260797427
2	9	2023	13.14	28.16	0.0	1.7449774447805164
3	9	2023	8.37	30.09	0.0	2.13583779421795
4	9	2023	9.55	21.0	0.0	1.1604075548815491
5	9	2023	2.18	16.82	0.0	1.222728298976056
6	9	2023	8.07	23.62	0.0	1.55453423362409
7	9	2023	7.6	20.89	0.0	1.2858151742718826
8	9	2023	3.33	22.22	0.0	1.5995595985880542
9	9	2023	7.2	23.36	0.0	1.5218150870069989
10	9	2023	6.86	24.2	0.0	1.5941193089183416
11	9	2023	6.74	21.38	0.0	1.3182521759264672
12	9	2023	7.88	27.37	0.0	1.7881196294141537
13	9	2023	11.4	22.77	0.86	1.093904244443509
14	9	2023	7.45	19.85	0.0	1.090130184717598
15	9	2023	5.17	21.52	0.0	1.383103752364112
16	9	2023	6.41	28.76	0.0	1.8978199916301588
17	9	2023	7.71	30.9	0.0	2.127318837825102
18	9	2023	9.67	27.01	0.0	1.7280890688840695
19	9	2023	6.01	18.21	0.0	1.0514498073469123
20	9	2023	4.92	20.29	0.0	1.310224586130048
21	9	2023	3.15	21.46	0.0	1.4599383818989202
22	9	2023	4.61	22.28	0.0	1.4539932536679965
23	9	2023	9.85	20.13	0.0	0.8893470886085268
24	9	2023	10.8	23.46	0.0	1.1516454439902737
25	9	2023	7.14	26.19	0.0	1.6324720286400018
26	9	2023	12.14	28.96	0.0	1.6032275886802063
27	9	2023	10.22	23.73	0.0	1.1925293259925964
28	9	2023	6.1	19.55	0.0	1.048990392012989
29	9	2023	2.48	18.64	1.66	1.1489564081457673
30	9	2023	2.14	10.68	14.94	0.5340256575629264
1	10	2023	7.1	9.35	4.25	0.1697355759938527
2	10	2023	6.31	13.58	1.58	0.5577074247372997
3	10	2023	5.15	15.44	0.0	0.7637947755048606
4	10	2023	2.99	13.7	1.19	0.7425835854185596
5	10	2023	-0.35	7.91	0.0	0.5100450273349169
6	10	2023	-4.56	10.82	0.0	0.8151322067648658
7	10	2023	4.0	21.23	0.0	1.1823528950962172
8	10	2023	3.33	22.12	0.0	1.2495568272858473
9	10	2023	3.82	21.17	0.0	1.170951295146847
10	10	2023	3.26	20.09	0.0	1.1164782088936878
11	10	2023	3.32	15.98	0.0	0.8503002833966232
12	10	2023	2.61	9.73	0.0	0.4691542017904762
13	10	2023	-1.38	11.55	0.0	0.7423595164014711
14	10	2023	0.19	11.73	0.0	0.6952622015660577
15	10	2023	-0.52	14.86	0.0	0.8960862310602524
16	10	2023	1.77	18.19	0.0	1.0186736903004543
17	10	2023	7.59	19.13	0.0	0.8523839388326963
18	10	2023	2.93	15.27	0.0	0.79969257465586
19	10	2023	3.92	21.55	0.0	1.138514784558945
20	10	2023	4.4	15.02	0.0	0.7132295614133974
21	10	2023	-2.48	10.78	0.0	0.707075359600439
22	10	2023	1.45	10.44	0.0	0.5493889877470898
23	10	2023	-3.69	1.56	3.65	0.2444771231167224
24	10	2023	-11.13	-3.82	5.91	0.2492245414463877
25	10	2023	-15.39	-4.84	0.0	0.3148302006066822
26	10	2023	-12.63	-3.92	0.0	0.2969689569329682
27	10	2023	-8.21	-3.09	0.62	0.2121373540157521
28	10	2023	-10.82	-3.31	0.61	0.2773853713445349
29	10	2023	-8.8	-0.84	0.0	0.3252564442390433
30	10	2023	-13.35	-4.03	0.0	0.3032743631946289
31	10	2023	-13.67	1.44	0.0	0.4912633292251457
1	11	2023	-8.81	-0.2	0.0	0.343939687537462
2	11	2023	-6.72	3.5	0.0	0.4487830454042378
3	11	2023	-5.09	0.93	0.0	0.2784884640511834
4	11	2023	-5.39	3.25	2.22	0.3732934186600761
5	11	2023	-0.42	2.4	1.08	0.1562880484344691
6	11	2023	0.06	2.44	0.0	0.1355861901149282
7	11	2023	-0.39	2.25	4.67	0.1358313523532802
8	11	2023	-1.58	3.61	1.61	0.2707042780222515
9	11	2023	-5.05	0.4	0.0	0.2463814842529672
10	11	2023	-7.33	1.85	0.0	0.3777369566334279
11	11	2023	-3.79	7.17	0.0	0.5194965587830972
12	11	2023	-2.46	8.31	0.0	0.534728915054461
13	11	2023	-3.71	8.41	0.0	0.5698670836780418
14	11	2023	-2.57	7.29	0.0	0.4855789772124977
15	11	2023	-5.37	6.27	0.0	0.509373585054307
16	11	2023	-9.67	3.14	0.0	0.4635009546037614
17	11	2023	-3.47	10.79	0.0	0.6636459505050715
18	11	2023	-2.61	13.41	0.0	0.7624641798981612
19	11	2023	-1.44	11.15	0.0	0.6285683434775825
20	11	2023	-3.78	4.96	0.0	0.4015443324347669
21	11	2023	-9.32	6.68	0.0	0.5797942522498932
22	11	2023	-10.08	-1.67	0.0	0.2880490429562847
23	11	2023	-17.45	-7.01	0.0	0.2432486192623021
24	11	2023	-12.92	0.86	0.0	0.4152335254740066
25	11	2023	-8.65	0.48	0.0	0.3315548100154121
26	11	2023	-14.85	-4.94	0.37	0.2672875558257591
27	11	2023	-8.9	0.9	0.0	0.3558108864772671
28	11	2023	-4.98	5.41	0.0	0.4390223034344732
29	11	2023	-5.78	2.77	0.0	0.3472441099208826
30	11	2023	-9.14	-1.26	0.0	0.2744640461123633
1	12	2023	-14.38	-1.08	0.0	0.3645108762727895
2	12	2023	-12.18	-0.36	0.0	0.3589560158725536
3	12	2023	-14.12	0.17	0.0	0.396757822373512
4	12	2023	-9.17	0.54	0.0	0.335987969083422
5	12	2023	-9.26	6.53	0.0	0.553700789993337
6	12	2023	-3.82	6.69	0.0	0.4554121990842417
7	12	2023	-0.75	3.26	1.04	0.1921836902237884
8	12	2023	-6.46	0.13	0.0	0.2506698103329755
9	12	2023	-9.68	-1.01	0.0	0.2867596626125955
10	12	2023	-8.29	0.69	0.0	0.3173192746869745
11	12	2023	-11.82	-2.53	0.0	0.2770263793264439
12	12	2023	-14.03	0.35	0.0	0.3956048490388146
13	12	2023	-6.86	7.72	0.0	0.5580676199040244
14	12	2023	-4.4	6.32	0.0	0.4488816654813005
15	12	2023	-4.95	4.09	0.0	0.3689012757785532
16	12	2023	-4.16	4.05	0.0	0.3453529217077063
17	12	2023	-10.5	0.44	0.0	0.3507485245464604
18	12	2023	-11.35	1.7	0.0	0.4060241371517357
19	12	2023	-4.67	-1.61	0.0	0.1229822284881486
20	12	2023	-5.51	4.73	0.0	0.4102409002310178
21	12	2023	-7.14	3.09	0.0	0.3828493962317656
22	12	2023	-6.39	8.28	0.0	0.572166725402247
23	12	2023	-5.4	1.95	0.0	0.2930067705665243
24	12	2023	-12.15	-0.18	0.0	0.3567923787005486
25	12	2023	-11.08	3.57	0.0	0.4657451348144478
26	12	2023	-9.87	6.5	0.0	0.5540087310542609
27	12	2023	-8.28	5.52	0.0	0.4962658253556402
28	12	2023	-8.39	8.3	0.0	0.6031131600206265
29	12	2023	-8.53	2.69	0.0	0.3953644208114014
30	12	2023	-13.41	0.03	0.0	0.3789077343210291
31	12	2023	-9.83	2.78	0.0	0.4215788584856932
