Day	Month	Year	Tmin(c)	Tmax(c)	Prcp(mm)	Et0(mm)
1	1	2018	-31.88	-13.89	0.0	0.1738333028484825
2	1	2018	-21.67	-4.45	0.0	0.3240091391120214
3	1	2018	-14.06	-1.81	0.0	0.3383453306550999
4	1	2018	-13.81	-5.0	0.0	0.2403406998334481
5	1	2018	-13.64	-5.56	0.0	0.2211752111213282
6	1	2018	-11.06	2.41	0.0	0.4374651618394799
7	1	2018	-8.02	2.49	0.0	0.3880320718184435
8	1	2018	-9.7	-1.28	0.0	0.2843741531402007
9	1	2018	-10.13	1.88	0.0	0.40668661991853
10	1	2018	-23.54	-14.81	0.53	0.1339319927026112
11	1	2018	-28.89	-21.7	0.0	0.0738431068880832
12	1	2018	-31.5	-19.83	0.0	0.1070737264340981
13	1	2018	-27.22	-7.43	0.0	0.276271336904375
14	1	2018	-22.31	-8.07	0.0	0.2557878954193192
15	1	2018	-29.4	-15.07	0.0	0.1608631089271344
16	1	2018	-21.13	0.17	0.0	0.4421224225451445
17	1	2018	-9.06	3.89	0.0	0.473014871426528
18	1	2018	-6.9	7.96	0.0	0.6206504248164024
19	1	2018	-5.0	4.87	0.0	0.4279684452787082
20	1	2018	-8.51	1.62	0.0	0.3785091604960955
21	1	2018	-12.06	0.13	0.0	0.3903520691863432
22	1	2018	-10.93	4.86	0.0	0.5592217022747278
23	1	2018	-11.13	1.03	0.0	0.4100252251972798
24	1	2018	-10.72	-0.66	0.0	0.3430956704744626
25	1	2018	-8.77	0.82	0.0	0.3595605696756145
26	1	2018	-12.18	-5.07	0.53	0.2218031620221719
27	1	2018	-18.83	-12.83	0.0	0.1266041579673485
28	1	2018	-21.08	-13.27	0.43	0.1475478316279507
29	1	2018	-22.18	-2.15	0.0	0.4030255920510819
30	1	2018	-11.97	4.82	0.0	0.616445438127621
31	1	2018	-22.56	-12.85	0.0	0.1739752182167258
1	2	2018	-25.82	-14.09	0.0	0.1746586496124822
2	2	2018	-21.44	-16.33	3.9	0.088603582510323
3	2	2018	-27.64	-19.86	1.18	0.0977320100924538
4	2	2018	-29.24	-16.22	0.0	0.1578055825584552
5	2	2018	-27.0	-15.43	0.0	0.1620760606528795
6	2	2018	-28.76	-17.16	0.0	0.1443889355353042
7	2	2018	-27.48	-13.04	0.0	0.2044043259963338
8	2	2018	-26.72	-17.09	0.0	0.1359998481661768
9	2	2018	-29.1	-16.16	0.0	0.1620684710522809
10	2	2018	-21.51	-9.58	0.0	0.2507501959082868
11	2	2018	-27.74	-14.76	0.0	0.1807243117321494
12	2	2018	-32.93	-12.67	0.0	0.214647057960299
13	2	2018	-19.28	2.16	0.0	0.6575481648115251
14	2	2018	-12.88	1.11	1.7	0.6423015892918252
15	2	2018	-25.94	-12.5	0.0	0.2178015709747027
16	2	2018	-20.88	-3.61	0.0	0.464091491272086
17	2	2018	-18.94	-9.81	0.0	0.2339182915792486
18	2	2018	-22.99	-12.55	0.0	0.2044290845871195
19	2	2018	-27.97	-12.84	0.0	0.2322787770371587
20	2	2018	-23.83	-11.6	0.0	0.2483732091209211
21	2	2018	-28.91	-9.47	0.0	0.3100683019077775
22	2	2018	-25.01	-8.86	0.0	0.3374173727741574
23	2	2018	-19.78	-6.41	0.0	0.4088563862686249
24	2	2018	-15.8	-1.9	0.0	0.5859623431917775
25	2	2018	-16.88	-0.64	0.0	0.6486801425002815
26	2	2018	-14.71	-4.03	0.0	0.4665564087691437
27	2	2018	-14.45	-0.97	0.0	0.6374151074539768
28	2	2018	-13.58	0.87	0.0	0.7414771676613601
1	3	2018	-18.31	-1.28	0.0	0.643171202722842
2	3	2018	-12.43	-3.54	0.0	0.4653095623924623
3	3	2018	-7.3	-3.57	3.61	0.1611363677518643
4	3	2018	-10.36	-4.74	8.07	0.2132086073244863
5	3	2018	-14.16	-8.65	0.0	0.187470403818253
6	3	2018	-17.68	-7.83	0.0	0.3313173867541811
7	3	2018	-23.68	-5.42	0.0	0.4667478475526194
8	3	2018	-24.23	-7.3	0.0	0.4103250996508159
9	3	2018	-12.2	0.3	0.0	0.7058806267206281
10	3	2018	-11.78	-1.54	0.0	0.5794531742786155
11	3	2018	-14.09	2.42	0.0	0.850226250971907
12	3	2018	-16.39	-0.2	0.0	0.7213940645611926
13	3	2018	-16.25	2.44	0.0	0.8487977929448116
14	3	2018	-15.95	-0.62	0.0	0.7151571991522478
15	3	2018	-9.86	-2.47	0.0	0.4649652463399743
16	3	2018	-6.66	2.27	0.0	0.7668219491860796
17	3	2018	-4.72	1.01	3.01	0.3585097844881869
18	3	2018	-5.11	1.56	0.58	0.5808109464992055
19	3	2018	-8.12	0.59	0.0	0.6747224143401992
20	3	2018	-8.78	2.57	0.0	0.8804583738245928
21	3	2018	-10.7	2.82	0.0	0.938650317235454
22	3	2018	-8.46	1.45	0.0	0.7986918790380375
23	3	2018	-5.04	1.29	4.62	0.4458737688401619
24	3	2018	-9.37	3.02	0.0	0.960926212382831
25	3	2018	-5.88	1.9	0.0	0.7548748449777026
26	3	2018	-7.04	5.18	0.0	1.1289303981102192
27	3	2018	-8.95	5.66	0.0	1.1854959517995072
28	3	2018	-11.69	-0.83	0.78	0.7738630833097061
29	3	2018	-18.01	-4.66	0.87	0.6108939683340804
30	3	2018	-21.86	-12.67	0.0	0.2867713225484976
31	3	2018	-21.64	-9.65	0.0	0.4243012932968036
1	4	2018	-18.41	-5.3	0.0	0.6080407587579778
2	4	2018	-19.78	-5.18	0.0	0.6134426215140018
3	4	2018	-16.14	-3.2	0.0	0.7096707878984735
4	4	2018	-17.74	-2.26	0.0	0.757494386809998
5	4	2018	-17.48	-7.44	0.0	0.485287737080637
6	4	2018	-22.51	-9.33	0.0	0.4532598078068697
7	4	2018	-20.46	-4.16	0.0	0.6732769457772475
8	4	2018	-11.37	-2.47	0.0	0.7008689305832662
9	4	2018	-6.36	1.56	0.0	0.8797782500463903
10	4	2018	-9.23	7.83	0.0	1.3854765933538775
11	4	2018	-2.56	2.85	0.97	0.7585813357008769
12	4	2018	-3.4	0.17	0.0	0.4014223529138652
13	4	2018	-3.21	1.64	0.0	0.6722054296283061
14	4	2018	-2.88	7.91	0.0	1.4658808715380978
15	4	2018	-2.91	10.25	0.0	1.6194855892684137
16	4	2018	-1.05	5.91	3.71	0.9220040657905768
17	4	2018	-1.68	2.38	5.16	0.3710814403413774
18	4	2018	-5.31	10.0	0.0	1.5994592742884752
19	4	2018	-2.16	12.66	0.0	1.7863822612773068
20	4	2018	-0.13	19.03	0.0	2.1833761400489053
21	4	2018	1.09	20.54	0.0	2.2893471004004304
22	4	2018	1.98	14.74	0.0	1.9221172692046329
23	4	2018	-0.95	13.14	0.0	1.8237679370839148
24	4	2018	-1.76	20.39	0.0	2.2388132191491827
25	4	2018	3.09	17.39	0.0	2.0369433113127124
26	4	2018	-0.99	22.37	0.0	2.2875192730459477
27	4	2018	-0.84	16.93	0.0	1.9939805193102145
28	4	2018	1.45	26.53	0.0	2.562176861951422
29	4	2018	6.08	21.73	0.0	2.320817386365615
30	4	2018	0.5	11.67	0.0	1.5872092546710668
1	5	2018	-3.19	16.87	0.0	1.9697113712087484
2	5	2018	1.08	18.65	0.0	2.1252292941538364
3	5	2018	6.18	22.03	0.0	2.3546897798914483
4	5	2018	4.85	24.44	0.0	2.5192941410096923
5	5	2018	6.12	24.71	0.0	2.5412755168666057
6	5	2018	4.04	27.45	0.0	2.693923072468587
7	5	2018	11.07	26.87	0.0	2.6601887269158704
8	5	2018	9.41	18.31	6.51	1.607691649974106
9	5	2018	3.94	13.91	0.0	1.6455395698829918
10	5	2018	3.68	11.93	2.83	1.0791174169332876
11	5	2018	4.53	10.75	2.1	0.7337823814674695
12	5	2018	3.23	18.12	0.0	2.110247013113752
13	5	2018	5.85	26.47	0.0	2.679403969962091
14	5	2018	4.24	24.85	0.0	2.566748149439943
15	5	2018	11.9	32.02	0.0	3.03657214322137
16	5	2018	8.97	28.86	0.0	2.8339099255327036
17	5	2018	7.39	15.49	0.0	1.4304681619011987
18	5	2018	4.46	18.21	0.0	2.085387200417867
19	5	2018	1.23	21.84	0.0	2.3582877531815427
20	5	2018	2.29	24.93	0.0	2.565709589419294
21	5	2018	9.83	30.07	0.0	2.927050840411717
22	5	2018	9.84	27.5	0.0	2.739688803141873
23	5	2018	8.53	29.36	2.93	2.637870275106171
24	5	2018	11.1	26.99	1.69	2.6833822410553463
25	5	2018	10.6	28.6	0.0	2.820575371936367
26	5	2018	10.11	30.96	0.0	3.003340059469939
27	5	2018	10.34	26.34	0.0	2.6563737435280417
28	5	2018	9.51	30.54	0.0	2.988701104802502
29	5	2018	13.03	28.23	0.0	2.759044212246447
30	5	2018	11.15	25.23	5.74	2.199230529973938
31	5	2018	8.55	15.19	0.0	1.083451889632292
1	6	2018	9.12	15.9	10.18	0.8647649967658533
2	6	2018	7.64	18.98	0.0	1.872936417412421
3	6	2018	7.43	24.76	0.0	2.622074941893727
4	6	2018	10.14	29.12	0.16	2.925410688817076
5	6	2018	9.75	21.89	0.0	2.294605823772976
6	6	2018	6.97	27.53	0.0	2.834756901115707
7	6	2018	8.86	27.75	0.0	2.8390986317695672
8	6	2018	12.75	25.27	0.0	2.5321567395435567
9	6	2018	12.55	31.09	0.0	3.039141480232706
10	6	2018	13.53	25.37	0.0	2.439573336866557
11	6	2018	6.59	18.7	0.0	2.0206547083040807
12	6	2018	7.31	22.79	0.0	2.469024868650358
13	6	2018	7.66	26.37	0.0	2.7477154261800787
14	6	2018	9.36	22.46	1.8	2.3981690956591466
15	6	2018	9.25	23.16	0.0	2.474254350834218
16	6	2018	7.46	21.12	0.0	2.3348059359504645
17	6	2018	7.94	25.08	0.0	2.6536699530312284
18	6	2018	7.68	27.52	0.0	2.8389519119402475
19	6	2018	10.95	26.09	0.0	2.6900294169696237
20	6	2018	9.48	29.28	0.0	2.9626329264421805
21	6	2018	11.79	29.54	0.0	2.9572666788640083
22	6	2018	14.12	28.48	0.0	2.8161932115213024
23	6	2018	11.99	27.3	13.19	2.538050770068293
24	6	2018	14.68	26.66	0.0	2.5147022542080015
25	6	2018	13.6	29.66	1.92	2.946084554649747
26	6	2018	11.88	24.9	0.0	2.4905978684613723
27	6	2018	7.1	25.24	0.0	2.69945405631229
28	6	2018	7.76	25.24	0.0	2.691891814625524
29	6	2018	11.76	23.02	0.0	2.226637377198684
30	6	2018	12.55	24.34	4.28	1.8984742173721656
1	7	2018	11.21	21.41	2.22	1.5067667150782358
2	7	2018	9.19	22.56	3.01	1.8455522841799
3	7	2018	6.85	21.31	10.79	1.8172659590358144
4	7	2018	10.52	19.76	7.74	1.1669930535610762
5	7	2018	7.3	25.28	0.0	2.4827499187195277
6	7	2018	14.34	34.4	0.0	3.143495579671418
7	7	2018	14.21	31.05	0.0	2.7957738558466447
8	7	2018	10.05	26.0	0.0	2.4271547203719837
9	7	2018	9.47	29.58	0.0	2.8212783933157906
10	7	2018	12.82	29.44	5.21	2.1753843472349317
11	7	2018	14.79	25.69	0.0	1.852375960529577
12	7	2018	13.34	29.17	0.0	2.539168660009549
13	7	2018	12.89	33.09	0.0	2.982777888196152
14	7	2018	11.78	21.73	0.0	1.5422881488642448
15	7	2018	8.1	26.05	0.0	2.444313562167675
16	7	2018	6.44	26.71	0.0	2.5706172645457155
17	7	2018	10.26	34.67	0.0	3.201486255021338
18	7	2018	16.05	31.71	0.0	2.6930237181426633
19	7	2018	14.03	28.76	0.0	2.455322285709071
20	7	2018	12.1	29.74	0.0	2.701481509271041
21	7	2018	14.96	28.48	0.0	2.3248788767115327
22	7	2018	11.51	23.87	0.0	1.9667570714218232
23	7	2018	8.93	24.0	0.0	2.193510210422338
24	7	2018	8.12	23.52	2.15	1.7720086962744044
25	7	2018	9.27	21.79	0.0	1.8324340532476064
26	7	2018	5.88	23.79	0.0	2.2657929740146674
27	7	2018	8.43	24.02	0.0	2.172577442644506
28	7	2018	8.08	27.48	0.0	2.543501373895585
29	7	2018	8.18	29.66	0.0	2.71521398973913
30	7	2018	10.47	32.14	0.0	2.861359311213366
31	7	2018	11.93	24.73	0.0	1.911222228068712
1	8	2018	7.39	28.66	0.0	2.5962564441115794
2	8	2018	14.4	30.66	2.42	2.021886775790529
3	8	2018	13.09	29.31	1.87	2.3582482101721256
4	8	2018	12.8	22.98	2.14	1.1011910567120284
5	8	2018	12.75	23.1	3.96	1.1192457779508151
6	8	2018	10.34	29.29	0.0	2.4364571157615584
7	8	2018	12.46	31.7	0.0	2.6227168201508837
8	8	2018	11.31	30.52	0.0	2.5453150388401387
9	8	2018	12.45	34.05	0.0	2.8399826246578823
10	8	2018	13.04	39.13	0.0	3.2161996786517792
11	8	2018	14.75	37.56	0.0	3.0381326176587744
12	8	2018	13.33	25.04	0.65	1.655225192244992
13	8	2018	8.27	17.93	0.0	1.1164982272594108
14	8	2018	3.49	28.1	0.0	2.4495725857063517
15	8	2018	11.51	29.95	0.0	2.4010796848672658
16	8	2018	10.01	29.79	0.0	2.443538830905554
17	8	2018	11.44	33.51	0.0	2.7113910208636365
18	8	2018	10.51	25.48	0.0	1.9097622728634256
19	8	2018	3.55	24.49	0.0	2.107975398416591
20	8	2018	5.19	23.49	0.0	1.9559837381399197
21	8	2018	5.06	26.98	0.0	2.2497723648040053
22	8	2018	9.86	30.54	0.0	2.4329284875811252
23	8	2018	8.61	31.27	0.0	2.5263626411789435
24	8	2018	8.47	23.05	0.0	1.6873384546034254
25	8	2018	7.31	19.99	0.0	1.3881212156657603
26	8	2018	7.69	17.5	2.67	0.8092679590705928
27	8	2018	7.62	14.39	5.2	0.5583718237801905
28	8	2018	6.99	19.18	0.0	1.257463500437768
29	8	2018	6.22	27.18	0.0	2.168686501833765
30	8	2018	10.39	23.2	1.31	1.4957930796833867
31	8	2018	7.34	20.13	0.0	1.4365071258998312
1	9	2018	6.34	21.65	0.0	1.673372614341455
2	9	2018	3.41	20.48	0.0	1.6792930020430878
3	9	2018	4.25	24.44	0.0	1.9849278681458848
4	9	2018	2.81	15.11	0.0	1.114173393327854
5	9	2018	-0.55	22.06	0.0	1.8429295871468976
6	9	2018	2.71	25.42	0.0	2.0405895884580434
7	9	2018	7.06	25.01	0.0	1.878969211638409
8	9	2018	11.36	28.21	0.0	1.9694228940411795
9	9	2018	7.73	23.1	0.0	1.6359856267106236
10	9	2018	3.57	24.64	0.0	1.9233678230950548
11	9	2018	5.88	17.84	0.0	1.135833051619403
12	9	2018	4.89	15.48	1.38	0.9190354941005272
13	9	2018	3.55	12.34	2.1	0.6153911041873896
14	9	2018	3.13	9.34	0.0	0.4711821400801985
15	9	2018	5.59	13.57	6.63	0.5945679311203405
16	9	2018	7.26	11.31	8.32	0.3192144995491209
17	9	2018	5.34	14.14	1.51	0.7213816610808901
18	9	2018	4.33	11.08	0.0	0.5385502134181283
19	9	2018	2.54	14.57	0.0	0.9205090457152066
20	9	2018	1.96	10.08	0.0	0.6035455000189872
21	9	2018	0.63	9.99	3.85	0.6050461141291495
22	9	2018	0.06	2.05	8.16	0.1302786892379811
23	9	2018	0.02	5.52	0.51	0.3855674472403404
24	9	2018	0.47	12.6	0.87	0.8696395743563221
25	9	2018	1.72	13.51	0.79	0.8660270773278668
26	9	2018	3.05	16.54	0.0	1.0497693646115185
27	9	2018	-1.76	9.39	0.0	0.7156520973291711
28	9	2018	-3.93	8.63	0.0	0.7400066764641464
29	9	2018	-2.29	7.5	0.0	0.6137129021216056
30	9	2018	-7.22	4.71	0.93	0.6328009798465398
1	10	2018	-1.81	5.98	1.66	0.4934127057194611
2	10	2018	-1.22	2.84	2.34	0.237096433390084
3	10	2018	-2.37	5.1	0.51	0.4665048413435173
4	10	2018	-6.48	5.41	0.0	0.6222140755408657
5	10	2018	-2.96	7.79	0.0	0.6521777255388528
6	10	2018	-4.39	12.2	0.0	0.993809925882453
7	10	2018	-3.01	13.51	0.0	1.040762226028893
8	10	2018	-2.34	3.62	0.0	0.3684017248959402
9	10	2018	-2.78	1.67	0.0	0.2700348557638127
10	10	2018	-6.18	4.98	0.0	0.5853327256075254
11	10	2018	-9.14	6.07	0.0	0.7008400107249286
12	10	2018	-5.37	8.86	4.91	0.6881429599486918
13	10	2018	-4.63	-0.32	0.0	0.2363667959012328
14	10	2018	-8.6	4.14	0.0	0.5799933297336961
15	10	2018	-0.59	13.64	0.0	0.9043608763250296
16	10	2018	-0.16	11.13	0.0	0.706969816770003
17	10	2018	-1.99	22.02	0.0	1.3866940792310158
18	10	2018	2.87	19.82	0.0	1.166264454923915
19	10	2018	-3.21	13.46	0.0	0.8969092892546767
20	10	2018	-7.29	17.33	0.0	1.130570315342023
21	10	2018	-1.8	15.54	0.0	0.960145309431768
22	10	2018	-6.1	11.83	0.0	0.8381572151830805
23	10	2018	-4.33	16.81	0.0	1.0547698920808526
24	10	2018	-2.25	19.53	0.0	1.163849727819886
25	10	2018	-0.35	16.12	0.0	0.9240470034596818
26	10	2018	-1.59	13.67	0.0	0.8201425412023177
27	10	2018	-0.36	13.14	0.0	0.7536036430446214
28	10	2018	-5.61	10.35	0.0	0.7332379686516062
29	10	2018	-0.45	11.02	0.0	0.6318927671315334
30	10	2018	-1.98	7.43	0.0	0.4872546245725482
31	10	2018	-3.27	10.62	0.0	0.6851698541364861
1	11	2018	-3.14	4.84	1.44	0.3877285750175281
2	11	2018	-1.9	0.77	3.7	0.1274942468864154
3	11	2018	-4.75	1.41	0.0	0.2762112670941934
4	11	2018	-2.16	4.41	3.24	0.3107577255319854
5	11	2018	-7.92	0.02	1.19	0.318223873591188
6	11	2018	-12.41	-8.54	0.0	0.1193860446049404
7	11	2018	-11.81	-9.72	0.0	0.0668136082821109
8	11	2018	-17.91	-9.3	0.0	0.2025727696216983
9	11	2018	-22.59	-4.16	2.22	0.3424498708134957
10	11	2018	-10.08	-1.98	0.66	0.287523133108152
11	11	2018	-11.49	-6.13	0.0	0.172649781884126
12	11	2018	-16.16	-4.18	0.0	0.3165711510071051
13	11	2018	-8.51	5.26	0.0	0.5342331670184821
14	11	2018	-1.1	6.28	0.0	0.3790941272271321
15	11	2018	-1.24	3.9	0.63	0.2603116612887937
16	11	2018	-16.04	-3.79	0.0	0.3230700827198485
17	11	2018	-18.46	-6.12	0.0	0.2832664804050475
18	11	2018	-10.71	-5.85	1.71	0.159803738558847
19	11	2018	-12.43	1.56	0.0	0.4475995646375656
20	11	2018	-5.8	3.73	0.0	0.4065687299209878
21	11	2018	-5.71	3.39	0.0	0.3890882620474832
22	11	2018	-1.92	6.68	0.0	0.4203428148141156
23	11	2018	-5.44	3.45	0.0	0.3782238518862677
24	11	2018	-7.07	-4.02	0.0	0.1177399415766505
25	11	2018	-7.42	-3.99	0.0	0.1307838608487601
26	11	2018	-6.95	-2.77	0.0	0.1640204153302908
27	11	2018	-4.66	1.19	0.0	0.2565710916052818
28	11	2018	-5.45	-1.05	0.0	0.1852927143026145
29	11	2018	-6.2	0.72	0.0	0.2838825981243025
30	11	2018	-8.58	-2.15	0.0	0.2359209423406663
1	12	2018	-6.93	-4.36	5.1	0.0967965883946006
2	12	2018	-7.78	-3.36	0.0	0.1695578515668852
3	12	2018	-12.89	-4.45	0.0	0.2535287994806127
4	12	2018	-13.87	-5.89	0.47	0.226605237697382
5	12	2018	-13.39	-5.48	0.08	0.2300332900343221
6	12	2018	-14.44	-8.07	0.0	0.1726638849551114
7	12	2018	-19.15	-6.31	0.0	0.2747396752035084
8	12	2018	-17.67	-7.42	0.0	0.2346268411078646
9	12	2018	-15.29	-2.25	0.0	0.3460067561637657
10	12	2018	-13.22	2.21	0.0	0.4586367660615966
11	12	2018	-8.06	1.14	0.0	0.3440415606230653
12	12	2018	-4.88	1.36	0.0	0.2678909460703029
13	12	2018	-8.67	3.38	0.0	0.4394601153679964
14	12	2018	-7.73	5.62	0.0	0.507317614372368
15	12	2018	-2.86	5.18	0.0	0.3733142180438111
16	12	2018	-10.81	-2.05	0.0	0.2857342896551229
17	12	2018	-7.56	5.6	0.0	0.5025607471662393
18	12	2018	-3.78	5.52	0.0	0.4150582792796711
19	12	2018	-3.19	3.43	0.0	0.3027708731829156
20	12	2018	-7.12	3.36	0.0	0.4069078283851887
21	12	2018	-4.62	4.11	0.0	0.3770890189930767
22	12	2018	-8.31	-3.84	0.0	0.1612424493642984
23	12	2018	-14.98	-4.2	2.68	0.2744115601760058
24	12	2018	-14.76	-7.08	0.74	0.2020069513226549
25	12	2018	-15.9	-8.78	0.0	0.1745567496012875
26	12	2018	-13.61	-6.42	0.0	0.2006980949259874
27	12	2018	-18.22	-7.88	0.5	0.2268909736848618
28	12	2018	-19.12	-5.0	0.0	0.3020253960347786
29	12	2018	-12.52	-2.73	1.22	0.292943031386148
30	12	2018	-17.54	-7.85	0.8	0.2200252693498886
31	12	2018	-26.46	-15.14	0.0	0.1479545916597709
1	1	2019	-24.59	-1.95	0.0	0.3793770985936943
2	1	2019	-10.23	4.26	0.0	0.4919580270689257
3	1	2019	-4.81	4.06	0.0	0.3748223963875723
4	1	2019	-7.26	3.97	0.0	0.432101759250344
5	1	2019	-5.83	-1.68	0.0	0.1642779319646199
6	1	2019	-5.18	2.83	0.0	0.3342081439878362
7	1	2019	-11.93	-1.19	0.89	0.3330588796616215
8	1	2019	-19.76	-13.34	0.0	0.1227954292984188
9	1	2019	-21.08	-7.62	0.0	0.2574395619136866
10	1	2019	-14.23	-5.71	0.0	0.2323065689956823
11	1	2019	-17.05	-8.4	0.0	0.2020771972456372
12	1	2019	-13.14	2.22	0.0	0.4649672659340357
13	1	2019	-11.73	-0.17	0.0	0.3691407208968175
14	1	2019	-11.48	-0.06	0.0	0.3702748228041282
15	1	2019	-15.02	-3.33	0.0	0.3169787487041616
16	1	2019	-15.6	-11.87	0.64	0.0908912442389956
17	1	2019	-22.69	-15.03	0.0	0.1267126611264439
18	1	2019	-25.18	-16.57	0.0	0.1224812814843391
19	1	2019	-19.7	-13.96	5.93	0.1078007897176622
20	1	2019	-17.96	-10.18	0.0	0.1757195230869935
21	1	2019	-17.33	-5.02	0.0	0.3017014780261437
22	1	2019	-14.38	-1.52	0.0	0.3727664668559814
23	1	2019	-20.7	-3.78	0.0	0.3562655044320896
24	1	2019	-28.07	-7.63	0.0	0.2820167496031348
25	1	2019	-19.56	-2.69	0.0	0.3819045292373513
26	1	2019	-10.9	-0.09	1.47	0.375998461132335
27	1	2019	-7.56	4.28	1.51	0.4843370142209797
28	1	2019	-21.02	-8.93	0.0	0.2447869234427983
29	1	2019	-27.74	-19.28	0.0	0.1049913743737758
30	1	2019	-21.97	-10.51	0.36	0.2195562318401941
31	1	2019	-13.68	0.4	0.0	0.4433460867266093
1	2	2019	-17.51	-6.79	0.0	0.2714212229960454
2	2	2019	-21.73	-14.37	0.0	0.1399603694079183
3	2	2019	-24.71	-20.77	1.84	0.0584304381402314
4	2	2019	-26.18	-21.52	4.01	0.0593080269955137
5	2	2019	-32.03	-22.05	0.0	0.0965381962450728
6	2	2019	-34.87	-25.97	0.0	0.0681516463109799
7	2	2019	-37.95	-24.77	0.0	0.0842933806260529
8	2	2019	-37.56	-24.66	0.0	0.0853357814511444
9	2	2019	-33.72	-23.74	0.0	0.0863691878785794
10	2	2019	-31.25	-20.38	2.24	0.1082834668767663
11	2	2019	-28.93	-16.81	1.81	0.1568600396843365
12	2	2019	-32.0	-19.11	0.69	0.1351109518677165
13	2	2019	-27.72	-20.16	0.0	0.102070567155177
14	2	2019	-32.77	-20.3	0.0	0.1242913358310865
15	2	2019	-33.24	-17.14	2.6	0.1517309037523231
16	2	2019	-20.48	-14.09	4.57	0.1301770642522555
17	2	2019	-21.12	-14.37	1.36	0.1448456628268827
18	2	2019	-26.5	-18.24	0.0	0.1262670334137702
19	2	2019	-27.98	-10.09	0.0	0.2740176831622626
20	2	2019	-23.82	-8.98	1.07	0.2929426812612392
21	2	2019	-24.1	-12.89	0.0	0.2120870224083985
22	2	2019	-27.1	-9.99	0.0	0.2810407058101395
23	2	2019	-22.98	-13.25	0.36	0.1993469217705164
24	2	2019	-31.37	-19.36	0.0	0.140957079391355
25	2	2019	-34.24	-19.33	0.0	0.1463460289843257
26	2	2019	-28.65	-16.76	0.0	0.1720581258199832
27	2	2019	-22.24	-9.14	0.0	0.2977005051555946
28	2	2019	-18.44	-7.95	0.0	0.2973614497759168
1	3	2019	-26.46	-15.71	0.0	0.1830946218144244
2	3	2019	-32.9	-21.32	0.0	0.1252114210211156
3	3	2019	-26.45	-16.31	0.0	0.1743383371790436
4	3	2019	-23.54	-10.97	0.0	0.2697716400293218
5	3	2019	-18.96	-8.94	0.0	0.2840836311765257
6	3	2019	-25.93	-13.48	0.0	0.2292322332082291
7	3	2019	-23.67	-7.33	0.0	0.3868217745471564
8	3	2019	-16.29	-3.68	0.0	0.4925738589123742
9	3	2019	-15.67	-4.94	0.0	0.4241878760639002
10	3	2019	-21.46	-6.47	0.0	0.4245925891601033
11	3	2019	-17.2	1.69	0.0	0.7540238782797569
12	3	2019	-3.05	3.64	0.0	0.5471160572353037
13	3	2019	-5.26	2.3	0.0	0.5888322941722355
14	3	2019	-9.38	1.76	0.0	0.7453766708653252
15	3	2019	-11.68	2.89	0.0	0.8652196303310998
16	3	2019	-8.52	3.82	0.0	0.8983234150745275
17	3	2019	-10.22	4.92	0.0	1.001687124188651
18	3	2019	-3.47	5.53	0.0	0.8798970594646113
19	3	2019	-3.77	10.76	0.0	1.3854019014570056
20	3	2019	-2.22	14.08	0.0	1.6335650385441258
21	3	2019	-1.99	12.78	0.0	1.548007347945442
22	3	2019	-1.93	14.54	0.0	1.6941464851817087
23	3	2019	-2.55	14.29	0.0	1.681459259628307
24	3	2019	-4.42	5.24	0.0	0.9487205796828264
25	3	2019	-6.57	4.51	0.0	1.0085708976334316
26	3	2019	-1.0	17.58	0.0	1.8946496819010223
27	3	2019	-1.04	6.89	0.0	0.9922801656632836
28	3	2019	-5.77	7.43	0.0	1.271411209148856
29	3	2019	-5.26	4.95	0.0	1.0440578967432783
30	3	2019	-6.89	14.16	0.0	1.655190508978735
31	3	2019	-4.52	6.32	0.0	1.1615730189488485
1	4	2019	-3.75	8.98	0.67	1.404963812014044
2	4	2019	-6.13	5.49	0.0	1.1402341701904295
3	4	2019	-8.6	12.73	0.0	1.576391998997012
4	4	2019	-0.57	15.56	0.0	1.838525126698599
5	4	2019	-2.75	9.4	0.0	1.4328495230287457
6	4	2019	1.55	11.86	0.79	1.5494305526319876
7	4	2019	0.62	17.22	0.0	1.9641959057089704
8	4	2019	-2.8	17.04	0.0	1.9220219620155068
9	4	2019	-4.83	10.95	0.0	1.565697759239116
10	4	2019	-5.29	8.97	0.0	1.4569197394506448
11	4	2019	-8.13	8.35	0.0	1.4025526349877488
12	4	2019	-9.25	10.41	0.0	1.4921590360893318
13	4	2019	-5.63	15.37	0.0	1.8100899898899672
14	4	2019	3.64	17.15	0.0	1.970140054669008
15	4	2019	-1.2	14.52	0.0	1.81377189291829
16	4	2019	-5.19	14.39	0.0	1.7768540428796895
17	4	2019	0.15	14.94	0.0	1.8445733131538864
18	4	2019	-0.85	17.87	0.0	2.0341837963814555
19	4	2019	5.42	21.94	0.0	2.3160089301775955
20	4	2019	4.73	17.61	0.0	2.005474752081597
21	4	2019	-1.49	15.1	0.0	1.8702851146525417
22	4	2019	-1.8	21.36	0.0	2.1687379729781093
23	4	2019	6.32	21.5	0.0	2.219887763811714
24	4	2019	1.18	17.86	0.0	1.996245079334327
25	4	2019	-1.87	12.81	0.0	1.675581465830145
26	4	2019	-3.75	12.06	0.0	1.626146708633031
27	4	2019	-1.36	11.13	5.88	1.4548150181823614
28	4	2019	-4.74	3.15	3.78	0.6798997923019995
29	4	2019	-10.15	6.03	0.0	1.260734262847416
30	4	2019	-4.12	9.57	1.21	1.4884531252524122
1	5	2019	-5.96	10.74	0.0	1.5565407109959224
2	5	2019	-2.92	12.8	0.0	1.696836523958518
3	5	2019	-5.24	13.22	0.0	1.7136910060113717
4	5	2019	-3.06	8.48	0.0	1.378444648970344
5	5	2019	-7.24	7.9	0.0	1.3979373671368516
6	5	2019	-7.52	12.68	0.0	1.6626130465652502
7	5	2019	-0.57	15.89	0.0	1.9183015927614344
8	5	2019	-4.22	12.86	0.0	1.7169050350643411
9	5	2019	0.82	14.9	0.0	1.8542901047698503
10	5	2019	2.67	18.49	3.06	1.9363357631752545
11	5	2019	1.52	15.77	0.0	1.9198469983690776
12	5	2019	1.9	25.59	0.0	2.5720127176829504
13	5	2019	3.86	21.12	0.0	2.301854023999235
14	5	2019	1.99	23.29	0.0	2.4409415081890535
15	5	2019	6.25	22.33	0.0	2.3759301474522228
16	5	2019	-0.58	15.93	0.0	1.954160285037586
17	5	2019	0.42	16.34	0.0	1.9835574477786388
18	5	2019	0.71	14.28	0.0	1.8375088738028815
19	5	2019	-3.32	16.21	0.0	1.968095771758768
20	5	2019	-1.51	19.42	0.0	2.185211055055058
21	5	2019	1.28	20.4	0.0	2.272442847220112
22	5	2019	3.17	23.8	0.0	2.512511090810907
23	5	2019	2.9	24.1	0.0	2.5309731490592897
24	5	2019	3.7	22.7	0.0	2.4412490115606715
25	5	2019	4.84	17.86	3.27	1.903540211608084
26	5	2019	1.65	19.12	0.0	2.1958877846695577
27	5	2019	0.83	21.14	0.0	2.330305711898893
28	5	2019	4.92	27.14	0.0	2.745027271661947
29	5	2019	9.41	30.28	0.0	2.9575052273221822
30	5	2019	10.65	32.55	0.0	3.1060299889173555
31	5	2019	5.53	21.18	0.0	2.309563066609022
1	6	2019	5.73	25.8	0.0	2.656360304808609
2	6	2019	10.64	32.87	0.0	3.132377840545523
3	6	2019	9.59	34.74	0.0	3.251485621231231
4	6	2019	12.63	25.45	0.0	2.489210627240977
5	6	2019	10.76	25.61	0.0	2.5705015748358138
6	6	2019	12.71	27.86	0.0	2.7147690974985728
7	6	2019	8.84	22.3	0.0	2.338778622578706
8	6	2019	4.08	16.86	0.0	1.9876908105368103
9	6	2019	3.92	20.78	0.0	2.305879961245547
10	6	2019	3.11	23.9	0.0	2.533217000176139
11	6	2019	7.08	22.4	1.8	2.395921444537689
12	6	2019	6.14	25.19	1.41	2.627223063521228
13	6	2019	8.2	30.65	2.65	2.742946578288984
14	6	2019	12.44	24.32	4.31	2.2372976557038333
15	6	2019	10.25	19.58	4.06	1.838888610282248
16	6	2019	8.89	18.37	2.5	1.680445317373663
17	6	2019	6.01	22.37	0.0	2.4247973579208577
18	6	2019	8.29	27.06	0.0	2.7659505962355113
19	6	2019	10.41	22.38	26.73	2.128747461724067
20	6	2019	8.19	15.27	5.93	0.7832264436641488
21	6	2019	6.92	15.58	26.55	0.968517925608797
22	6	2019	10.52	15.61	10.76	0.5263790650158042
23	6	2019	10.27	22.45	2.04	1.3919668814574846
24	6	2019	9.24	20.93	0.0	1.625158595882859
25	6	2019	8.77	23.0	0.0	1.9772384605834885
26	6	2019	7.99	24.55	0.0	2.2269837138898563
27	6	2019	12.23	25.81	13.49	1.6666707311667963
28	6	2019	13.71	23.98	2.29	1.1789090414255083
29	6	2019	13.74	25.28	0.0	1.7669718892440582
30	6	2019	9.83	22.67	0.0	1.804954474004208
1	7	2019	8.9	27.66	1.93	2.466317144665742
2	7	2019	6.45	20.08	0.0	1.749847677012396
3	7	2019	8.16	20.78	0.0	1.7253078171829708
4	7	2019	8.71	21.49	0.0	1.7716036940333435
5	7	2019	11.35	21.2	0.0	1.4341917726910411
6	7	2019	11.3	26.17	0.0	2.1909825666306904
7	7	2019	13.79	27.88	0.0	2.204124042591627
8	7	2019	14.25	24.43	0.0	1.6003056093151786
9	7	2019	11.66	22.73	0.0	1.6676705720919207
10	7	2019	9.09	26.31	0.0	2.339583012533001
11	7	2019	14.0	25.66	0.0	1.8699288045737277
12	7	2019	10.45	24.47	0.49	2.0555282873757172
13	7	2019	11.54	30.02	7.84	2.13259079349124
14	7	2019	14.06	28.9	14.03	1.819771469342272
15	7	2019	12.88	25.69	0.0	1.8613742343310773
16	7	2019	11.49	21.41	10.2	1.0907733382229172
17	7	2019	11.59	23.46	3.97	1.287358673499886
18	7	2019	11.31	26.0	1.35	1.9768350099641072
19	7	2019	9.7	19.32	0.0	1.1963519903039277
20	7	2019	9.5	22.96	0.0	1.7221680391464769
21	7	2019	10.11	25.24	0.0	1.9346407764621016
22	7	2019	9.74	28.11	0.0	2.2302688690026535
23	7	2019	13.93	30.15	0.0	2.1763459784409243
24	7	2019	16.0	31.63	2.96	1.741071312994084
25	7	2019	10.81	23.07	0.0	1.5252751559270734
26	7	2019	13.09	26.62	0.0	1.7797788609707448
27	7	2019	12.42	33.37	0.0	2.55124037976244
28	7	2019	9.14	23.44	0.0	1.7235747467492462
29	7	2019	5.2	25.7	0.0	2.1280292364885938
30	7	2019	11.93	30.62	0.0	2.296329075537703
31	7	2019	12.46	28.4	0.0	2.0199635820851953
1	8	2019	14.19	34.12	0.0	2.48541676833373
2	8	2019	16.05	35.26	0.0	2.4665367628995045
3	8	2019	16.02	30.83	0.0	1.951027183735042
4	8	2019	10.47	26.79	0.0	1.9121305095641867
5	8	2019	10.16	29.77	0.0	2.2197822237704603
6	8	2019	10.83	23.94	0.0	1.5114766572717553
7	8	2019	6.33	22.29	0.0	1.6510285146249248
8	8	2019	6.51	26.49	0.0	2.033765927545192
9	8	2019	10.24	29.43	0.0	2.138319771502673
10	8	2019	10.61	21.08	0.0	1.13366472921703
11	8	2019	8.73	24.0	9.81	1.3688081395325056
12	8	2019	10.52	15.47	21.73	0.4810112878684976
13	8	2019	7.8	20.97	0.0	1.3227390524998397
14	8	2019	10.56	24.42	0.0	1.461950414513609
15	8	2019	10.2	25.52	0.0	1.5807137061858303
16	8	2019	10.68	21.78	0.0	1.1822737394754317
17	8	2019	5.88	18.22	0.0	1.168426009727984
18	8	2019	4.15	23.85	0.0	1.7225279441242791
19	8	2019	5.4	24.53	0.0	1.7157716100768667
20	8	2019	4.23	23.5	0.0	1.6618350331169194
21	8	2019	5.79	26.9	0.0	1.875778269105821
22	8	2019	13.0	27.32	2.54	1.3488149870920207
23	8	2019	11.17	21.35	0.0	1.0608469277491108
24	8	2019	12.16	28.98	5.35	1.5220302827900871
25	8	2019	11.47	22.14	5.24	0.990179367429568
26	8	2019	9.31	20.71	0.0	1.1284645211725377
27	8	2019	8.14	19.24	0.0	1.0682281325950016
28	8	2019	6.41	23.17	0.85	1.4957250102251538
29	8	2019	5.5	19.95	0.0	1.2779802746042332
30	8	2019	6.17	21.71	1.73	1.3817624872645484
31	8	2019	7.6	23.13	3.06	1.2786449997282885
1	9	2019	10.07	22.19	2.59	1.0742955245946153
2	9	2019	10.13	23.31	3.99	1.1590102504859807
3	9	2019	7.56	25.21	0.0	1.5707188564982806
4	9	2019	10.59	26.34	4.67	1.3620826905639851
5	9	2019	7.72	23.6	0.0	1.426523328607776
6	9	2019	4.97	22.34	0.0	1.439923072903348
7	9	2019	7.45	21.67	0.0	1.2757116155603363
8	9	2019	5.76	21.19	0.0	1.314869832251241
9	9	2019	8.5	12.81	24.42	0.3672176186428042
10	9	2019	8.52	11.7	19.5	0.2750683427786391
11	9	2019	9.19	14.41	5.74	0.4511928317303861
12	9	2019	7.62	15.13	0.0	0.6905087980657438
13	9	2019	4.22	24.99	0.46	1.6018146097682175
14	9	2019	9.33	23.86	0.0	1.3201195081770314
15	9	2019	10.12	28.26	0.0	1.6043406219363063
16	9	2019	9.01	32.16	0.0	1.895339168008689
17	9	2019	13.03	24.24	1.06	1.0986857450639522
18	9	2019	9.77	22.65	0.0	1.1690828564081512
19	9	2019	7.03	22.37	0.0	1.281985493476537
20	9	2019	8.52	20.51	0.0	1.0620653016444916
21	9	2019	5.56	18.42	0.0	1.0486106940904782
22	9	2019	4.75	23.77	0.0	1.4402267911581237
23	9	2019	9.37	21.14	0.0	1.0435245698980669
24	9	2019	5.56	17.01	1.13	0.9221386164041296
25	9	2019	3.65	15.83	0.0	0.9218833258878072
26	9	2019	3.89	11.65	6.71	0.5418820282804009
27	9	2019	2.13	7.95	3.94	0.3828788535368834
28	9	2019	-0.38	5.11	0.0	0.363208702342326
29	9	2019	-0.15	2.71	14.71	0.1744069684893573
30	9	2019	-0.27	2.15	4.06	0.1484733979378701
1	10	2019	-0.82	4.03	0.0	0.3170190275412233
2	10	2019	-4.62	8.28	0.0	0.7275737090318948
3	10	2019	-0.9	11.38	0.0	0.7926761891956724
4	10	2019	1.28	11.34	0.0	0.7031267826949456
5	10	2019	-0.12	14.33	0.0	0.9375796481100304
6	10	2019	4.1	15.72	0.0	0.8702106982765974
7	10	2019	2.74	20.44	0.0	1.205237226581861
8	10	2019	-1.5	8.89	1.87	0.6464475784743184
9	10	2019	-5.66	0.6	0.0	0.3251561895926861
10	10	2019	-6.88	2.95	0.0	0.4846735037598952
11	10	2019	-8.82	6.11	0.0	0.6684056688640325
12	10	2019	-8.34	7.12	0.0	0.7004254668701726
13	10	2019	-9.12	10.66	0.0	0.8593325296653573
14	10	2019	-0.65	5.28	0.94	0.3621022600453351
15	10	2019	-1.88	5.65	0.0	0.4404046913572337
16	10	2019	-0.2	15.13	0.0	0.926703885084669
17	10	2019	2.16	18.93	0.0	1.0710381594584657
18	10	2019	0.23	16.03	0.0	0.9530829806771032
19	10	2019	-0.97	14.01	0.0	0.8679022341232363
20	10	2019	-4.63	9.34	0.0	0.7089005927996291
21	10	2019	-6.74	10.6	0.0	0.7994475639660357
22	10	2019	-6.85	7.11	0.0	0.6407577569814118
23	10	2019	-5.05	4.37	1.83	0.4635519096637395
24	10	2019	-2.38	9.11	0.0	0.6238243251025751
25	10	2019	0.05	18.63	0.0	1.0574569340632336
26	10	2019	-4.95	3.18	0.0	0.3923282635217657
27	10	2019	-8.82	-2.58	0.24	0.2556920574460367
28	10	2019	-10.02	-3.51	0.39	0.250181967940745
29	10	2019	-11.82	-5.3	0.0	0.2264400567415984
30	10	2019	-17.73	0.32	0.0	0.486292217619812
31	10	2019	-3.01	4.25	0.0	0.3636421739628397
1	11	2019	-2.86	5.34	0.0	0.4135865392511701
2	11	2019	-4.13	4.16	0.0	0.3957305358153706
3	11	2019	-4.06	2.69	0.74	0.320463670973127
4	11	2019	-11.73	-3.73	0.0	0.2668120117829175
5	11	2019	-13.08	-2.13	0.65	0.3541576134458586
6	11	2019	-19.33	-7.24	0.0	0.2773043857555186
7	11	2019	-18.92	-3.24	0.0	0.375933481297535
8	11	2019	-7.82	6.29	0.0	0.5811070589998475
9	11	2019	-10.76	1.28	2.85	0.4070741309455619
10	11	2019	-19.6	-11.33	0.0	0.1757505175937322
11	11	2019	-22.78	-6.87	0.0	0.2984206766687012
12	11	2019	-15.47	-1.02	0.0	0.4068275281066917
13	11	2019	-10.61	2.19	0.0	0.4535352344878594
14	11	2019	-6.32	1.63	0.0	0.33390229722153
15	11	2019	-3.91	5.4	0.0	0.4344570586489595
16	11	2019	-0.63	3.88	4.12	0.2243758352966717
17	11	2019	-2.76	8.19	4.51	0.5005779054626902
18	11	2019	-0.68	7.99	0.0	0.4469023189852462
19	11	2019	-3.88	1.42	0.0	0.2388450454333203
20	11	2019	-5.8	-0.7	0.0	0.2111582831731266
21	11	2019	-8.1	2.81	0.0	0.4161975474867205
22	11	2019	-5.74	6.31	0.0	0.5072792599688746
23	11	2019	-0.99	10.21	0.0	0.5635820368043412
24	11	2019	-2.04	6.08	1.14	0.393797230071479
25	11	2019	-4.74	0.01	0.12	0.2034887523485145
26	11	2019	-10.24	-1.5	0.0	0.2950540424652004
27	11	2019	-9.38	-3.86	0.0	0.1901432719441607
28	11	2019	-8.04	-5.47	18.59	0.0901724533542402
29	11	2019	-12.36	-5.6	0.0	0.2062608339833193
30	11	2019	-10.33	-6.68	0.0	0.1206752784727663
1	12	2019	-13.03	-4.45	0.0	0.254191207292827
2	12	2019	-11.43	-0.58	0.0	0.3505772718465647
3	12	2019	-7.8	4.16	0.0	0.4581035045085873
4	12	2019	-10.03	0.65	0.0	0.3670138223821413
5	12	2019	-11.72	-2.49	0.0	0.2900008798715978
6	12	2019	-12.39	-3.11	0.0	0.281584452605348
7	12	2019	-11.27	-2.43	0.0	0.2833450856376329
8	12	2019	-20.47	-9.9	0.0	0.2042921748292769
9	12	2019	-25.1	-9.33	0.0	0.2381459455961815
10	12	2019	-27.63	-12.47	0.0	0.1918231050859931
11	12	2019	-23.93	-15.41	0.0	0.1284153558195391
12	12	2019	-19.32	-9.47	0.49	0.2022076597600928
13	12	2019	-21.44	-12.29	0.0	0.1636407529171271
14	12	2019	-23.8	-10.44	0.45	0.213283677140713
15	12	2019	-17.58	-7.4	0.0	0.2313814664635628
16	12	2019	-15.85	-4.82	0.0	0.2775843968050744
17	12	2019	-13.66	-1.96	0.0	0.3321948584679725
18	12	2019	-8.44	1.21	0.0	0.3512123197564496
19	12	2019	-9.69	-2.32	0.0	0.2499845191935679
20	12	2019	-10.06	5.28	0.0	0.5245301367991243
21	12	2019	-8.84	3.87	0.0	0.4556842117587393
22	12	2019	-5.68	2.45	0.0	0.3321330509879118
23	12	2019	-5.59	-2.05	0.0	0.1424387639327576
24	12	2019	-6.35	-3.8	2.6	0.0948571542159206
25	12	2019	-8.42	-1.93	0.0	0.2335729067352095
26	12	2019	-14.63	-4.83	0.0	0.2620744941515471
27	12	2019	-12.87	-3.69	0.0	0.2682408344570794
28	12	2019	-15.11	-5.27	0.0	0.2559361031599335
29	12	2019	-18.42	-4.58	0.0	0.3073588776744688
30	12	2019	-15.33	-4.48	0.0	0.2801990914537344
31	12	2019	-11.53	1.45	0.0	0.413064338087121
1	1	2020	-5.9	0.38	0.0	0.2545027040813555
2	1	2020	-7.08	-1.62	0.0	0.2092169031685701
3	1	2020	-12.16	-1.71	0.0	0.3214718677117179
4	1	2020	-7.63	6.1	0.0	0.52827303513854
5	1	2020	-8.56	0.08	0.0	0.315839618009108
6	1	2020	-12.42	-0.96	0.0	0.3515348458313951
7	1	2020	-20.28	-11.47	0.0	0.1704198963392054
8	1	2020	-16.43	-2.69	0.0	0.3467558086430563
9	1	2020	-22.42	-14.54	0.0	0.1322963756325228
10	1	2020	-28.19	-13.3	0.0	0.1840193541315281
11	1	2020	-16.25	-7.63	2.96	0.2050261831078107
12	1	2020	-24.29	-11.71	0.99	0.1984471645106113
13	1	2020	-29.71	-23.19	0.82	0.0648492582541137
14	1	2020	-33.68	-26.63	0.0	0.0522513137403005
15	1	2020	-35.03	-27.5	0.0	0.0506190238312665
16	1	2020	-35.02	-18.73	0.0	0.1264794006510769
17	1	2020	-23.69	-18.85	1.62	0.07332481264508
18	1	2020	-28.16	-23.6	0.0	0.0500211990295287
19	1	2020	-29.07	-15.36	0.0	0.1613744431706919
20	1	2020	-20.39	1.92	0.0	0.4956657870382663
21	1	2020	-8.82	2.56	0.0	0.4354921849572203
22	1	2020	-12.04	-1.24	0.0	0.3550527178881434
23	1	2020	-12.27	-1.63	0.0	0.3468620757223503
24	1	2020	-7.84	2.41	0.0	0.4142898667137971
25	1	2020	-5.25	3.13	0.0	0.3804820043814699
26	1	2020	-6.5	-1.62	0.0	0.2076156782494184
27	1	2020	-5.78	0.62	0.87	0.2852655783857366
28	1	2020	-6.1	-0.59	0.0	0.2422044769501099
29	1	2020	-10.3	-1.93	1.78	0.3077619660211887
30	1	2020	-9.81	0.1	0.0	0.3770941488096104
31	1	2020	-9.39	3.8	0.0	0.5143219949343569
1	2	2020	-3.9	8.14	0.0	0.5939774400953775
2	2	2020	-8.71	1.42	0.0	0.4102801845871937
3	2	2020	-15.71	-6.1	0.0	0.273413914898209
4	2	2020	-17.77	-2.62	0.0	0.3958107046609999
5	2	2020	-12.3	-2.5	0.0	0.3382679206074512
6	2	2020	-11.24	-6.98	0.83	0.1508340219701919
7	2	2020	-10.76	-1.15	0.0	0.3638501068271038
8	2	2020	-12.6	-1.48	0.0	0.387033407089431
9	2	2020	-12.61	-1.35	0.0	0.3951891504588171
10	2	2020	-10.52	-2.85	0.0	0.2977636445369916
11	2	2020	-13.19	-0.42	0.0	0.450102690086017
12	2	2020	-28.27	-12.56	0.0	0.2233968053908882
13	2	2020	-28.18	-4.96	0.0	0.3586054982016708
14	2	2020	-11.41	-0.41	0.0	0.424970580801311
15	2	2020	-15.83	-8.98	0.0	0.2029070745568748
16	2	2020	-14.34	-2.29	0.0	0.4076213940608443
17	2	2020	-20.11	-7.12	0.0	0.3138302036864132
18	2	2020	-28.63	-16.96	0.0	0.1600166058807818
19	2	2020	-28.98	-8.79	0.0	0.2957486960362749
20	2	2020	-16.52	2.33	0.0	0.6610497584916326
21	2	2020	-10.77	4.24	0.0	0.747556142624192
22	2	2020	-8.46	4.97	0.0	0.7704784002470604
23	2	2020	-9.43	3.45	0.0	0.7018685911101393
24	2	2020	-9.96	-1.49	0.0	0.3918464608867439
25	2	2020	-16.07	-1.55	0.0	0.530175105306851
26	2	2020	-12.12	2.46	0.0	0.6988410575315261
27	2	2020	-6.54	5.5	0.0	0.7992870207059906
28	2	2020	-6.21	7.52	0.0	0.9466729581328656
29	2	2020	-4.52	7.78	0.0	0.9355331177630984
1	3	2020	-10.55	0.59	0.0	0.5856457898992239
2	3	2020	-6.65	4.22	0.0	0.741986182137248
3	3	2020	-5.33	4.56	0.0	0.727433109416095
4	3	2020	-2.23	4.61	0.0	0.5361369545443211
5	3	2020	-5.59	5.5	0.0	0.8505728829922614
6	3	2020	-0.3	13.15	0.0	1.36338763314375
7	3	2020	-7.43	1.58	1.1	0.5966479007827711
8	3	2020	-14.4	-4.83	0.0	0.3907031710404212
9	3	2020	-15.51	1.29	0.0	0.7353525044022762
10	3	2020	-10.47	5.82	0.0	1.0127705933315114
11	3	2020	-3.05	6.71	0.0	0.9321124801652034
12	3	2020	-8.13	0.65	0.0	0.6067943885772843
13	3	2020	-15.42	-8.91	0.0	0.2258559188447795
14	3	2020	-15.66	-6.42	1.82	0.3955151539680636
15	3	2020	-13.88	-4.48	0.57	0.4608772948366306
16	3	2020	-16.32	-2.37	0.0	0.6227589222067971
17	3	2020	-12.87	0.76	0.0	0.7768643932305082
18	3	2020	-15.97	-4.59	0.0	0.5136386620385299
19	3	2020	-15.95	-3.79	0.0	0.563930506359923
20	3	2020	-16.4	-0.55	0.0	0.7412402241593927
21	3	2020	-10.83	3.55	0.0	0.9772874107993405
22	3	2020	-9.79	7.15	0.0	1.2524983357287658
23	3	2020	-6.76	11.12	0.0	1.4838674977369934
24	3	2020	-7.36	0.46	2.25	0.6853667936139027
25	3	2020	-13.14	0.24	0.0	0.92960725999478
26	3	2020	-11.74	7.13	0.0	1.2394250961423514
27	3	2020	-3.92	8.97	0.0	1.4216561567911876
28	3	2020	-2.33	11.44	0.0	1.572867383798114
29	3	2020	-4.3	15.81	0.0	1.7902001714742388
30	3	2020	-2.56	6.86	0.0	1.2958077309514844
31	3	2020	-8.5	1.14	0.0	1.0017601315794726
1	4	2020	-14.38	-9.9	0.57	0.2465834415644338
2	4	2020	-17.43	-6.89	0.0	0.5970869773190081
3	4	2020	-17.74	-0.82	0.0	0.8652976021044688
4	4	2020	-9.87	-2.78	2.56	0.5583128654826303
5	4	2020	-9.85	-0.72	0.37	0.9229366293031483
6	4	2020	-6.62	4.57	1.02	1.2145721833147196
7	4	2020	-8.18	5.99	0.0	1.2920716083866108
8	4	2020	-5.08	2.97	0.0	1.1110560430506151
9	4	2020	-11.94	7.46	0.0	1.3226008125418758
10	4	2020	-2.24	9.29	0.0	1.5103636600347436
11	4	2020	-8.19	-0.69	0.0	0.896149875740844
12	4	2020	-11.12	-3.09	0.0	0.7845419036049541
13	4	2020	-13.2	-2.09	0.0	0.8858321272103443
14	4	2020	-15.05	5.04	0.0	1.1773895930277818
15	4	2020	-10.15	3.48	0.0	1.1774328951289716
16	4	2020	-8.27	5.81	0.0	1.318189757896434
17	4	2020	-3.19	14.93	0.0	1.8865455066716457
18	4	2020	-4.36	5.06	0.0	1.2628158312047548
19	4	2020	-7.07	14.8	0.0	1.8216594359673697
20	4	2020	-2.1	13.04	0.0	1.7947534910848757
21	4	2020	-0.7	22.65	0.0	2.3823297212295764
22	4	2020	1.57	17.35	0.0	2.094613058968716
23	4	2020	-0.35	18.26	0.0	2.141419810928014
24	4	2020	-1.76	13.73	3.11	1.688209902047362
25	4	2020	-2.99	19.34	0.0	2.17313542427046
26	4	2020	3.33	17.26	0.0	2.083868268680148
27	4	2020	-1.03	21.08	0.0	2.3134507849246315
28	4	2020	3.36	17.9	0.0	2.138327741527552
29	4	2020	1.05	23.28	0.0	2.4809573019470736
30	4	2020	8.47	28.08	0.0	2.8351615928528457
1	5	2020	5.43	18.74	0.0	2.1567430966397443
2	5	2020	-1.35	19.28	0.0	2.202996844440464
3	5	2020	-0.13	18.82	5.14	1.9949133446518752
4	5	2020	1.8	14.82	0.0	1.8340112549225491
5	5	2020	-0.95	17.53	0.0	2.024774401472762
6	5	2020	0.31	21.47	0.0	2.279618848238763
7	5	2020	1.57	17.88	0.0	2.0542261187222226
8	5	2020	0.34	20.56	1.32	2.226162330469742
9	5	2020	-1.65	8.35	1.18	1.40114411379787
10	5	2020	-3.26	10.26	0.0	1.553394486749348
11	5	2020	-6.59	11.0	0.0	1.591540024514283
12	5	2020	-4.53	13.11	0.0	1.7322392759991734
13	5	2020	1.81	10.53	0.98	1.4948823611413746
14	5	2020	-1.47	18.76	0.0	2.11777531590575
15	5	2020	-1.66	15.79	0.0	1.9264989859661212
16	5	2020	0.7	25.21	0.0	2.5400836314679833
17	5	2020	8.19	26.31	0.0	2.6409843845350975
18	5	2020	8.63	26.55	0.0	2.6524389871087597
19	5	2020	9.66	26.88	0.0	2.6706372559074283
20	5	2020	10.59	20.93	5.52	1.9950590610105816
21	5	2020	9.91	20.83	0.0	2.164384558687512
22	5	2020	5.09	20.95	0.0	2.2937322669224427
23	5	2020	3.46	16.64	0.0	1.9815665875905015
24	5	2020	3.64	19.27	0.0	2.1891074823834953
25	5	2020	4.33	25.4	0.0	2.6312425945374964
26	5	2020	10.19	22.92	0.0	2.366982105696522
27	5	2020	6.94	19.58	0.0	2.1733872574400817
28	5	2020	4.4	19.07	0.0	2.1840011225736897
29	5	2020	5.66	20.48	0.0	2.287099187896968
30	5	2020	7.35	25.8	0.0	2.684728049556912
31	5	2020	11.54	31.93	0.0	3.0930196463110264
1	6	2020	11.26	25.62	0.0	2.6073912118459197
2	6	2020	8.01	24.46	0.0	2.5835987096335833
3	6	2020	9.85	21.71	0.0	2.301959264797504
4	6	2020	6.43	20.85	0.0	2.3231930864986214
5	6	2020	2.92	22.84	0.0	2.4984725715279033
6	6	2020	10.86	20.67	19.38	2.02198177846334
7	6	2020	9.37	18.8	19.14	1.5363349333619134
8	6	2020	7.48	15.91	0.0	1.344275643204758
9	6	2020	5.63	20.57	3.36	1.8333884755640892
10	6	2020	5.94	23.1	0.0	2.4684703170967204
11	6	2020	7.19	24.64	0.0	2.5961427508901735
12	6	2020	9.14	29.09	0.0	2.9484368958861102
13	6	2020	14.86	30.49	0.0	2.9356313606164064
14	6	2020	11.81	23.54	0.0	2.1850531036109833
15	6	2020	7.28	22.9	0.0	2.4458963142900636
16	6	2020	9.5	21.9	22.82	1.762395995264989
17	6	2020	10.16	16.64	6.16	0.6875189992251001
18	6	2020	6.59	14.59	0.0	1.055428859745727
19	6	2020	5.06	19.42	0.0	1.9282937299110092
20	6	2020	6.66	18.68	0.0	1.710558584422603
21	6	2020	4.39	19.31	0.0	1.9504800763938457
22	6	2020	5.15	24.13	0.0	2.4165992316958023
23	6	2020	10.62	28.93	0.0	2.739719373802091
24	6	2020	13.5	28.86	3.78	2.0944187810350425
25	6	2020	13.96	25.64	0.0	2.021153270192958
26	6	2020	11.59	31.05	0.0	2.8797023376364095
27	6	2020	13.99	22.23	0.0	1.3500659417720418
28	6	2020	13.41	20.28	0.0	1.048069951477036
29	6	2020	14.41	19.15	4.22	0.5618342416322505
30	6	2020	14.09	20.92	8.01	0.8088716248144103
1	7	2020	12.59	24.07	1.4	1.912414828718496
2	7	2020	10.8	24.52	1.55	2.1492822140816683
3	7	2020	9.71	27.44	0.0	2.5251435501879067
4	7	2020	12.21	28.38	0.0	2.5180493076420776
5	7	2020	12.62	24.43	0.0	1.963763726600629
6	7	2020	9.64	26.45	0.0	2.441639557820167
7	7	2020	11.48	28.73	17.73	2.1092662460805327
8	7	2020	12.75	19.52	4.7	0.7718239497184732
9	7	2020	11.83	22.0	0.0	1.485802266969248
10	7	2020	9.97	22.65	4.66	1.426220094868575
11	7	2020	10.01	24.04	0.0	1.9654484379065604
12	7	2020	12.71	26.07	0.0	2.0112412156782344
13	7	2020	9.55	20.08	2.35	1.1280733992329026
14	7	2020	10.0	22.52	3.1	1.3870734799802222
15	7	2020	9.1	23.88	0.95	1.986372516989224
16	7	2020	9.66	26.28	0.0	2.200314657092953
17	7	2020	13.67	25.22	0.0	1.7096887386229973
18	7	2020	12.4	22.14	4.36	1.083491563403076
19	7	2020	10.16	23.33	4.39	1.4031248063995192
20	7	2020	10.56	23.3	4.46	1.3444251965105338
21	7	2020	9.19	26.03	0.0	2.097864577725919
22	7	2020	13.88	30.87	0.0	2.324017100522888
23	7	2020	17.9	28.89	0.0	1.6528252745734493
24	7	2020	14.7	28.09	0.0	1.94011644221058
25	7	2020	11.26	22.09	0.0	1.4373706904750885
26	7	2020	9.33	25.46	0.0	2.0292132418936255
27	7	2020	8.81	27.09	0.0	2.1923186402983132
28	7	2020	10.11	30.77	0.0	2.4462138397430615
29	7	2020	14.28	34.3	0.0	2.555776891750928
30	7	2020	15.29	32.56	0.0	2.296788832176283
31	7	2020	13.1	27.3	0.0	1.8373334597952664
1	8	2020	8.08	27.95	0.0	2.20408901716037
2	8	2020	10.33	28.26	0.0	2.1417775646555675
3	8	2020	13.84	30.15	3.25	1.7099018374561623
4	8	2020	11.67	27.05	0.0	1.8837273683784816
5	8	2020	9.1	29.8	0.0	2.289578492828704
6	8	2020	11.99	33.42	0.0	2.473976677910898
7	8	2020	13.2	24.31	5.35	1.1375248494890802
8	8	2020	9.48	26.28	0.83	1.8755685394360615
9	8	2020	8.76	23.34	0.0	1.581203692336619
10	8	2020	7.47	25.48	0.0	1.878596998724501
11	8	2020	8.34	26.04	0.0	1.8739996760903488
12	8	2020	11.44	29.29	0.0	2.003881586592976
13	8	2020	10.93	25.51	0.0	1.6052260679851893
14	8	2020	7.64	25.42	0.0	1.808459495920428
15	8	2020	8.86	26.14	0.0	1.8003734746381748
16	8	2020	8.7	30.56	0.0	2.1977369498739456
17	8	2020	11.31	34.76	0.0	2.42198268231658
18	8	2020	12.26	36.27	0.0	2.4854803346855547
19	8	2020	14.77	34.95	0.0	2.2442056677055473
20	8	2020	11.93	34.87	0.0	2.369127646452998
21	8	2020	13.96	28.94	0.0	1.6173160980055326
22	8	2020	9.78	33.37	0.0	2.298944763174317
23	8	2020	5.89	29.55	0.0	2.1028610037884548
24	8	2020	8.73	31.53	0.0	2.1463047875823813
25	8	2020	14.14	28.71	0.84	1.487035587145095
26	8	2020	11.94	25.67	0.0	1.3487210494683808
27	8	2020	7.76	26.43	1.8	1.7038586711811716
28	8	2020	6.15	24.46	0.0	1.588447318798399
29	8	2020	8.37	32.09	0.0	2.1337337606303945
30	8	2020	6.51	20.46	0.0	1.2006695406755925
31	8	2020	2.43	19.77	0.0	1.3252803596493423
1	9	2020	8.5	23.64	0.0	1.348212579610937
2	9	2020	7.82	18.93	3.76	0.8902577223271232
3	9	2020	5.0	21.96	0.0	1.3721110059250134
4	9	2020	6.34	24.99	0.0	1.5413260318958113
5	9	2020	7.94	32.07	0.0	2.107037058159208
6	9	2020	8.72	17.97	0.0	0.8216191432646476
7	9	2020	-0.14	10.84	0.0	0.7564653931571796
8	9	2020	-5.61	16.28	0.0	1.2942336978430595
9	9	2020	4.16	21.56	0.0	1.4101046402725717
10	9	2020	6.47	27.05	0.0	1.7747323734582106
11	9	2020	7.57	29.59	0.0	1.92557882277571
12	9	2020	8.18	18.03	0.0	0.8391981162894754
13	9	2020	0.32	18.0	0.0	1.2222206302712737
14	9	2020	5.48	16.98	0.0	0.9076460613395824
15	9	2020	3.07	16.1	0.0	0.981816699913419
16	9	2020	-0.45	14.52	0.0	1.0511098657979767
17	9	2020	1.63	20.76	0.0	1.4883646470441625
18	9	2020	-0.23	25.53	0.0	1.8394332990187472
19	9	2020	6.94	26.37	0.0	1.7393767551399202
20	9	2020	12.01	19.22	9.17	0.6019116681030997
21	9	2020	7.55	23.67	0.0	1.390364183824576
22	9	2020	6.44	21.74	1.71	1.2636922264140784
23	9	2020	9.5	22.59	0.0	1.1414625652773789
24	9	2020	9.4	24.23	0.0	1.3108522194728829
25	9	2020	7.13	22.09	0.0	1.2322902085824212
26	9	2020	6.84	15.9	0.0	0.716967514930142
27	9	2020	4.28	15.97	0.0	0.8584262901080384
28	9	2020	0.73	22.66	0.0	1.5140044958510126
29	9	2020	6.56	17.25	0.0	0.8295220469652382
30	9	2020	0.94	12.99	0.0	0.7910409670200984
1	10	2020	-4.83	13.02	0.0	0.9946543346434554
2	10	2020	1.16	17.72	0.0	1.1446156999365984
3	10	2020	-1.66	16.65	0.0	1.1404814119054478
4	10	2020	5.1	24.75	0.71	1.523182778608834
5	10	2020	7.58	20.13	0.0	0.9715006229175324
6	10	2020	6.35	17.42	0.0	0.8843343199301218
7	10	2020	2.21	14.94	0.0	0.9396162515084212
8	10	2020	7.29	24.38	2.1	1.2982287224591944
9	10	2020	2.45	11.63	0.0	0.6042563846274541
10	10	2020	3.19	26.51	0.0	1.7894962988373757
11	10	2020	3.88	16.0	0.0	0.9297895816111712
12	10	2020	-3.03	11.66	0.0	0.8858103853633301
13	10	2020	0.04	11.15	0.0	0.723997186537224
14	10	2020	-3.59	6.72	0.0	0.536200778535451
15	10	2020	-3.42	6.06	0.0	0.4931727277334212
16	10	2020	-7.32	3.67	0.0	0.4876055276043631
17	10	2020	-12.82	-0.01	0.0	0.4418663663952032
18	10	2020	-6.4	-3.29	0.0	0.13826227363888
19	10	2020	-8.63	-1.37	0.0	0.2971499010758202
20	10	2020	-6.97	-1.36	0.37	0.2514821872025475
21	10	2020	-11.59	-0.52	0.0	0.4510386284395045
22	10	2020	-14.39	-2.54	0.0	0.4035115330997569
23	10	2020	-13.74	-3.56	0.0	0.3332345390038275
24	10	2020	-9.41	-5.88	0.0	0.1370450382013086
25	10	2020	-12.64	-3.61	0.0	0.309883131148411
26	10	2020	-15.47	3.2	0.0	0.6469275890531078
27	10	2020	-3.17	12.85	0.0	1.0032627828192673
28	10	2020	-4.51	6.06	0.0	0.5609574397399508
29	10	2020	-6.43	9.1	0.0	0.8073460998250811
30	10	2020	-1.8	14.24	0.0	1.0294556356403834
31	10	2020	-6.05	3.78	0.0	0.4357676513504174
1	11	2020	-7.35	13.63	0.0	1.0244062827459648
2	11	2020	-0.83	20.19	0.0	1.3868997603825777
3	11	2020	3.12	19.1	0.0	1.2497817118949015
4	11	2020	1.63	16.47	0.0	1.0823279597905866
5	11	2020	2.45	19.59	0.0	1.2635076713847455
6	11	2020	-0.94	6.97	0.0	0.4536084722099845
7	11	2020	-1.68	1.63	0.71	0.1660759318226754
8	11	2020	-9.15	-1.87	17.49	0.2586143536322188
9	11	2020	-17.51	-8.28	0.0	0.2258897211620916
10	11	2020	-18.56	-5.18	0.0	0.3174389928479474
11	11	2020	-15.35	-5.88	0.87	0.2604772933553081
12	11	2020	-21.57	-6.58	0.0	0.2986320122877215
13	11	2020	-11.14	0.98	0.0	0.4170610751183918
14	11	2020	-9.14	-0.03	0.75	0.3386678428111452
15	11	2020	-14.56	-4.05	0.0	0.2984745512388337
16	11	2020	-12.3	-5.22	0.0	0.2204962565618102
17	11	2020	-9.12	1.61	0.0	0.3975292769285645
18	11	2020	-4.1	5.78	0.0	0.4512503354179157
19	11	2020	-11.88	-4.64	3.82	0.2163424556776932
20	11	2020	-19.95	-9.06	0.0	0.2230406014095645
21	11	2020	-16.53	-4.02	0.0	0.3163841184127594
22	11	2020	-16.03	-5.36	0.0	0.272442604872302
23	11	2020	-11.39	-3.81	0.0	0.2403845232581452
24	11	2020	-10.48	-1.04	0.0	0.3167252407986232
25	11	2020	-6.4	3.05	0.0	0.3830534008542335
26	11	2020	-10.76	-0.75	0.0	0.3322423420539664
27	11	2020	-10.28	1.8	0.0	0.4131183301686209
28	11	2020	-9.68	1.8	0.0	0.4023503384213887
29	11	2020	-14.78	-0.65	0.0	0.3890668069865795
30	11	2020	-7.99	3.18	0.0	0.4200771138465099
1	12	2020	-7.31	1.49	0.0	0.3379525744278875
2	12	2020	-11.17	-1.0	0.0	0.3282920960652364
3	12	2020	-7.54	3.04	0.0	0.4051310518231822
4	12	2020	-6.39	2.06	0.0	0.3383329178956004
5	12	2020	-6.57	3.28	0.0	0.3930641627355483
6	12	2020	-9.44	3.16	0.0	0.4438127933396685
7	12	2020	-7.55	3.18	0.0	0.4082065886500628
8	12	2020	-3.91	4.2	0.0	0.3569212309922284
9	12	2020	-4.75	2.07	3.43	0.2772790600677046
10	12	2020	-11.44	-2.95	0.0	0.2653564786656661
11	12	2020	-12.57	-4.58	0.0	0.2345127368634939
12	12	2020	-11.5	-3.18	0.0	0.2589391141356923
13	12	2020	-23.99	-12.75	0.0	0.1725989857850395
14	12	2020	-26.05	-11.04	0.0	0.2095896389627982
15	12	2020	-17.22	-6.83	0.0	0.2395698581325599
16	12	2020	-13.75	-2.57	0.0	0.313378355190503
17	12	2020	-13.03	3.03	0.0	0.4788169592190027
18	12	2020	-21.05	-2.69	0.0	0.3618100446229155
19	12	2020	-9.78	3.88	0.0	0.4688834639623357
20	12	2020	-5.59	3.65	0.0	0.3759668927722157
21	12	2020	-8.37	-1.45	7.88	0.2374537121894552
22	12	2020	-12.82	-2.59	9.66	0.288206181912775
23	12	2020	-16.29	-8.23	0.0	0.1914229180921617
24	12	2020	-14.41	1.2	0.0	0.4338093089921423
25	12	2020	-12.08	-2.39	0.0	0.2929349001884024
26	12	2020	-12.52	-3.7	2.02	0.2499082023679141
27	12	2020	-14.19	-6.51	0.0	0.2051439882525926
28	12	2020	-16.46	-6.37	0.0	0.2426924317586553
29	12	2020	-16.34	-7.38	0.0	0.2153934304441441
30	12	2020	-20.62	-7.33	0.0	0.2583845650017861
1	1	2021	-17.07	-0.87	0.0	0.3955566499981418
2	1	2021	-6.61	4.41	0.0	0.4387494243133077
3	1	2021	-1.74	4.28	0.0	0.2904054354202639
4	1	2021	-10.03	1.38	0.0	0.3912758442130135
5	1	2021	-8.98	1.03	0.0	0.3594264268554877
6	1	2021	-10.77	3.28	0.0	0.470503339102917
7	1	2021	-9.04	0.71	0.0	0.3502745318167771
8	1	2021	-13.98	-1.77	0.0	0.3474592420793758
9	1	2021	-15.22	-4.47	0.0	0.2850353545346651
10	1	2021	-12.18	-3.04	0.0	0.2831393869146696
11	1	2021	-11.19	0.83	0.0	0.396863481942795
12	1	2021	-7.12	2.38	0.0	0.3774129268973309
13	1	2021	-3.13	6.73	5.57	0.443554411618812
14	1	2021	-6.7	-1.18	0.0	0.2218009390383709
15	1	2021	-13.47	-4.5	0.0	0.2634185018747642
16	1	2021	-9.52	-0.87	0.0	0.3106618470703623
17	1	2021	-9.9	-0.5	1.93	0.3338668950969297
18	1	2021	-9.35	0.09	0.0	0.3455862108820866
19	1	2021	-13.28	2.2	0.0	0.4780566349271755
20	1	2021	-5.17	2.29	0.0	0.3301860440355417
21	1	2021	-11.45	-5.14	0.22	0.2072591027686207
22	1	2021	-9.59	-4.18	0.83	0.1947151508797567
23	1	2021	-24.85	-7.51	0.0	0.285077947797992
24	1	2021	-29.38	-20.13	0.0	0.1024739604063061
25	1	2021	-27.17	-19.7	0.0	0.0952180095793477
26	1	2021	-26.75	-17.97	0.0	0.1178276049224082
27	1	2021	-22.08	-13.23	0.0	0.1640518339904225
28	1	2021	-17.9	-9.68	0.0	0.1977017302386641
29	1	2021	-14.79	-9.03	0.0	0.1628901031106988
30	1	2021	-17.43	-11.91	0.0	0.1342926977615178
31	1	2021	-19.97	-7.39	0.0	0.2798765182338415
1	2	2021	-13.39	0.89	0.0	0.4617609853035911
2	2	2021	-8.17	4.68	0.0	0.5322853897579208
3	2	2021	-18.8	-10.16	0.0	0.2035432399257356
4	2	2021	-22.9	-15.86	0.0	0.1266852161595883
5	2	2021	-26.72	-17.37	0.0	0.1338684850826628
6	2	2021	-34.44	-25.12	0.0	0.0751057592940758
7	2	2021	-35.48	-27.25	0.0	0.0604496118231632
8	2	2021	-35.89	-26.11	0.0	0.0716025839092794
9	2	2021	-29.68	-25.75	0.0	0.0428882025151387
10	2	2021	-32.9	-26.43	0.0	0.0583653295236024
11	2	2021	-36.5	-28.41	0.0	0.0563976464777353
12	2	2021	-33.02	-23.05	0.0	0.0948823404600767
13	2	2021	-36.85	-24.78	0.0	0.0871590779665802
14	2	2021	-34.84	-21.8	0.0	0.1123886631842132
15	2	2021	-29.43	-17.45	0.0	0.1546324387899543
16	2	2021	-24.31	-13.72	0.0	0.1940546430298498
17	2	2021	-22.35	-14.8	0.0	0.1551772565629843
18	2	2021	-23.89	-11.45	0.0	0.240998259792566
19	2	2021	-21.63	-1.25	0.0	0.5206613608702857
20	2	2021	-11.62	-1.94	0.0	0.4445115968584448
21	2	2021	-11.41	2.94	0.0	0.7189299906159231
22	2	2021	-3.77	4.19	0.0	0.6105010784487196
23	2	2021	-5.69	0.62	0.0	0.3887505925590194
24	2	2021	-9.73	-1.35	0.0	0.4527010486120384
25	2	2021	-10.59	1.17	0.0	0.6536585521492757
26	2	2021	-15.59	-0.97	2.98	0.4978322435342115
27	2	2021	-23.87	-12.61	0.0	0.2280357404985204
28	2	2021	-21.19	-9.78	0.0	0.2791720295087983
1	3	2021	-16.89	4.69	0.0	0.813827064191854
2	3	2021	-5.4	4.22	0.0	0.7242573728294752
3	3	2021	-8.89	5.0	0.0	0.8919206557453685
4	3	2021	-8.12	4.55	0.0	0.864846881233801
5	3	2021	-4.79	7.06	0.0	1.0044795227961882
6	3	2021	-0.67	7.71	0.0	0.916280122144368
7	3	2021	-3.36	7.61	0.0	1.055306249189082
8	3	2021	-2.84	5.36	0.0	0.8116672471574866
9	3	2021	-4.46	-0.2	0.0	0.2708393984389484
10	3	2021	-7.85	3.24	0.0	0.8659988597207012
11	3	2021	-16.54	-2.01	0.0	0.6380133514565781
12	3	2021	-8.78	8.01	0.0	1.1911064301561425
13	3	2021	-6.47	8.42	0.0	1.2323757000015998
14	3	2021	-1.65	10.81	0.0	1.3764763752788138
15	3	2021	-1.54	8.8	0.0	1.2091554520617405
16	3	2021	-7.86	2.15	0.0	0.8231119906173088
17	3	2021	-8.14	9.91	0.0	1.3567611609731478
18	3	2021	-3.14	16.04	0.0	1.72224597799081
19	3	2021	0.13	20.53	0.0	1.9951158826959137
20	3	2021	-0.15	12.3	0.0	1.551888075807315
21	3	2021	-4.95	5.28	0.0	1.0512042093221667
22	3	2021	-5.58	10.77	0.0	1.454389806353803
23	3	2021	-6.68	0.9	0.0	0.7363620013215268
24	3	2021	-6.31	9.93	0.0	1.416170489337897
25	3	2021	-3.19	4.02	0.0	0.9337251650841754
26	3	2021	-10.25	2.69	0.0	1.0423803197635015
27	3	2021	-8.8	6.74	0.0	1.247272861111464
28	3	2021	-1.46	18.07	0.0	1.9126615049328937
29	3	2021	-8.85	6.23	6.62	1.143480192693329
30	3	2021	-14.2	-5.49	0.0	0.5699428830809259
31	3	2021	-16.01	8.05	0.0	1.192395423070063
1	4	2021	-2.86	14.79	0.0	1.7472621626812748
2	4	2021	-0.35	14.17	0.0	1.731843001148841
3	4	2021	-1.67	15.1	0.0	1.7850942630927995
4	4	2021	-1.46	19.54	0.0	2.034293226388158
5	4	2021	-2.64	13.64	0.0	1.6480460660539686
6	4	2021	-3.82	17.0	0.0	1.8147094490451257
7	4	2021	0.0	21.41	0.0	2.1032431044127313
8	4	2021	1.85	15.24	1.35	1.7464886574793292
9	4	2021	-5.93	12.9	0.0	1.5812524066789233
10	4	2021	-0.72	13.22	0.0	1.6342776282491582
11	4	2021	-2.38	5.25	3.38	0.8458136935835535
12	4	2021	-3.51	1.51	1.79	0.5479561967405181
13	4	2021	-3.42	2.02	0.0	0.5966318186479289
14	4	2021	-3.55	5.47	0.0	1.1904939602602147
15	4	2021	-2.53	11.15	0.0	1.5447053722782442
16	4	2021	-5.0	13.46	0.0	1.6679870768952956
17	4	2021	-2.12	20.41	0.0	2.086758481458916
18	4	2021	-4.02	6.51	0.0	1.275161046395964
19	4	2021	-6.94	4.85	3.47	1.1389055125726233
20	4	2021	-8.34	8.6	0.0	1.439853754143298
21	4	2021	-4.19	17.34	0.0	1.980535687995116
22	4	2021	-4.77	7.83	0.0	1.4093848893932202
23	4	2021	-12.13	4.6	0.0	1.1999325460646937
24	4	2021	-10.05	8.17	0.0	1.4045070767159522
25	4	2021	-5.27	10.06	0.0	1.554979483840448
26	4	2021	-5.22	14.82	0.0	1.8412138377574692
27	4	2021	-3.39	18.89	0.0	2.1063654310783377
28	4	2021	-1.3	16.09	0.0	1.8969045041007973
29	4	2021	-0.26	13.02	0.0	1.693524927911307
30	4	2021	2.67	26.66	0.0	2.5778390149563815
1	5	2021	4.89	20.88	0.0	2.225930761418299
2	5	2021	0.58	15.81	0.0	1.8957251973827656
3	5	2021	-5.11	10.65	0.0	1.5633609562284971
4	5	2021	-4.62	14.7	0.0	1.8122671775167785
5	5	2021	-3.51	16.73	0.0	1.9460925327748309
6	5	2021	-0.59	18.4	0.0	2.0823161083295885
7	5	2021	-0.12	18.51	0.0	2.0987059849887912
8	5	2021	2.06	13.56	0.0	1.7404002474667644
9	5	2021	-4.79	15.83	0.0	1.8960008773716912
10	5	2021	-3.92	18.25	0.0	2.0482078214084027
11	5	2021	-0.85	20.26	0.0	2.2080951795425205
12	5	2021	0.97	21.21	0.0	2.280378716158944
13	5	2021	0.78	22.16	0.0	2.3356630058437715
14	5	2021	2.26	23.32	0.0	2.4191549078270436
15	5	2021	3.01	24.82	0.0	2.521253688144141
16	5	2021	8.17	29.52	0.0	2.8447593076912874
17	5	2021	7.19	32.61	0.0	3.0433947177120335
18	5	2021	12.38	29.61	0.0	2.80470435869186
19	5	2021	3.4	14.7	0.0	1.7792787525023712
20	5	2021	-0.57	5.2	4.36	0.7707634047831197
21	5	2021	-2.42	4.46	4.09	0.764918153485654
22	5	2021	0.68	9.09	0.0	1.328140750074271
23	5	2021	5.89	13.25	14.26	1.2021987535521366
24	5	2021	8.03	12.24	17.65	0.4074811855838537
25	5	2021	2.94	9.27	0.16	0.7031943603218272
26	5	2021	-0.2	13.97	0.0	1.6631596955438332
27	5	2021	0.59	18.89	0.0	2.149322406784976
28	5	2021	6.36	22.05	0.0	2.3729870874443684
29	5	2021	6.09	20.89	0.0	2.249658279540709
30	5	2021	2.67	23.22	0.0	2.504031162137707
31	5	2021	7.39	27.27	0.0	2.789711230029548
1	6	2021	8.49	26.8	0.0	2.7498318755889053
2	6	2021	12.03	32.63	0.0	3.1399256596853555
3	6	2021	13.25	36.25	0.0	3.3751501907752735
4	6	2021	16.48	30.16	0.0	2.8205566067781604
5	6	2021	12.78	29.36	0.0	2.8919092689504247
6	6	2021	8.55	22.91	0.0	2.408897406358992
7	6	2021	9.28	23.62	0.0	2.4562732742663425
8	6	2021	6.31	23.6	5.45	2.1718778727493326
9	6	2021	12.09	19.47	14.39	1.0038487512915777
10	6	2021	13.56	21.54	11.39	1.0423262039681165
11	6	2021	10.72	21.1	0.0	1.667584934870143
12	6	2021	6.92	24.02	0.0	2.384503361924339
13	6	2021	6.61	27.7	0.0	2.740765064345494
14	6	2021	12.58	32.03	0.0	3.0085289468646375
15	6	2021	16.29	34.01	0.78	3.0569373292778965
16	6	2021	13.6	25.92	0.0	2.202806523810157
17	6	2021	7.65	25.44	0.0	2.5361850848216947
18	6	2021	8.2	19.66	0.0	1.7704927532351211
19	6	2021	6.54	20.72	1.24	2.037376678669958
20	6	2021	6.3	19.4	0.0	1.858965458371451
21	6	2021	1.44	24.42	0.0	2.4808570337077
22	6	2021	10.14	31.55	0.0	2.9814351626557554
23	6	2021	13.12	24.74	0.0	1.925721152367046
24	6	2021	8.83	21.04	0.0	1.792743705627522
25	6	2021	9.54	27.52	0.0	2.5826313614616287
26	6	2021	13.92	28.31	1.87	2.392081556895239
27	6	2021	12.67	28.19	0.0	2.4642227185269685
28	6	2021	10.31	29.4	0.0	2.786654189992297
29	6	2021	12.24	33.14	0.0	3.085790754799804
30	6	2021	13.46	34.21	0.0	3.145499656516472
1	7	2021	15.64	35.29	0.0	3.1605138836413578
2	7	2021	18.82	38.87	0.0	3.3645664269312063
3	7	2021	16.55	29.9	0.0	2.4048700778664327
4	7	2021	12.49	30.0	4.03	2.25867949685943
5	7	2021	13.55	24.86	0.0	1.87483197959731
6	7	2021	10.07	21.47	0.0	1.7285750398244384
7	7	2021	10.82	28.85	5.07	2.1930026140644276
8	7	2021	14.89	26.48	8.77	1.5286330989448889
9	7	2021	12.18	29.57	0.0	2.546792324796008
10	7	2021	13.42	32.37	0.0	2.766504714465882
11	7	2021	15.69	32.55	0.0	2.651409735320786
12	7	2021	12.04	27.46	0.0	2.2952926847159985
13	7	2021	10.16	29.29	0.0	2.6190717055209314
14	7	2021	10.65	31.27	0.0	2.789716592687669
15	7	2021	14.0	35.2	0.0	3.027595154909726
16	7	2021	15.32	31.46	0.0	2.52021215205847
17	7	2021	17.6	35.41	0.0	2.8253672027899652
18	7	2021	13.85	27.87	0.0	2.137243204501585
19	7	2021	14.68	21.55	0.0	0.8958735194004618
20	7	2021	16.31	28.36	0.0	1.9606937865387757
21	7	2021	15.71	31.22	0.0	2.4769373506031025
22	7	2021	14.97	33.91	0.0	2.8503182889145804
23	7	2021	7.09	28.88	0.0	2.630204192943473
24	7	2021	9.47	29.35	0.0	2.5925686400020855
25	7	2021	10.53	30.29	0.55	2.6354842701599797
26	7	2021	12.08	29.18	0.0	2.4187235805174327
27	7	2021	12.51	36.57	0.0	3.09942132434762
28	7	2021	13.7	29.51	0.0	2.313150586886755
29	7	2021	12.74	33.62	0.0	2.82019492657343
30	7	2021	12.99	31.48	0.0	2.58374151136293
31	7	2021	12.37	31.88	0.0	2.6480450694071465
1	8	2021	11.75	33.31	0.0	2.798512558127138
2	8	2021	15.12	35.3	0.0	2.8253869590399483
3	8	2021	18.52	28.85	0.0	1.5622362160332532
4	8	2021	14.7	29.08	0.0	2.092412770349826
5	8	2021	10.64	31.04	0.0	2.5720626766932115
6	8	2021	14.95	33.35	0.0	2.5747734749727473
7	8	2021	15.07	30.38	0.0	2.182802388143449
8	8	2021	14.3	24.08	0.0	1.29159423382753
9	8	2021	11.59	20.76	0.0	1.1107252419316944
10	8	2021	10.74	19.95	3.38	0.8724288485001512
11	8	2021	11.21	26.31	0.0	1.9546685490682612
12	8	2021	8.9	23.89	0.0	1.8247118863989231
13	8	2021	8.29	29.75	0.0	2.443204092782
14	8	2021	16.36	37.02	0.0	2.7675234790830885
15	8	2021	15.35	33.81	0.0	2.4860022770196077
16	8	2021	14.76	29.02	0.0	1.9423011886428485
17	8	2021	9.94	21.19	5.08	1.036243180904444
18	8	2021	9.85	17.68	0.0	0.7998605355054219
19	8	2021	7.86	19.01	5.95	0.9638983374289056
20	8	2021	9.91	18.35	6.33	0.7693256493954368
21	8	2021	6.35	22.23	4.67	1.3700648053401263
22	8	2021	9.32	16.41	11.82	0.6401745701748875
23	8	2021	6.94	19.89	4.26	1.16959542495567
24	8	2021	7.73	15.62	0.0	0.7722416015295055
25	8	2021	3.25	20.54	0.0	1.7008772243870258
26	8	2021	7.79	20.9	0.0	1.4901505500630348
27	8	2021	12.65	22.56	0.0	1.2171123171289688
28	8	2021	10.99	23.84	0.0	1.5911899325290046
29	8	2021	7.31	25.94	0.0	2.020882422907251
30	8	2021	8.47	29.66	0.0	2.2784468459939737
31	8	2021	12.6	26.19	12.8	1.3791267106741505
1	9	2021	8.62	21.99	0.0	1.449847957224939
2	9	2021	8.32	19.71	0.0	1.1805779655057138
3	9	2021	7.27	22.22	0.0	1.5388911445295608
4	9	2021	4.9	23.74	0.0	1.7709509998004036
5	9	2021	7.71	29.92	0.0	2.1555461701955076
6	9	2021	10.2	23.54	0.82	1.4368631577300657
7	9	2021	7.29	23.99	0.0	1.672497270431898
8	9	2021	5.21	25.87	0.0	1.960322597078171
9	9	2021	10.56	28.96	0.0	2.1120893183985174
10	9	2021	8.61	22.54	0.0	1.5487100766295718
11	9	2021	7.18	14.58	0.0	0.6631374240844208
12	9	2021	3.74	18.11	0.0	1.360588041016631
13	9	2021	7.01	21.64	0.0	1.535942368410086
14	9	2021	4.21	23.27	0.0	1.780240425922089
15	9	2021	8.92	19.75	0.0	1.1474562030114237
16	9	2021	3.75	16.04	0.0	1.109640455794743
17	9	2021	-1.18	20.78	0.0	1.6318796458734246
18	9	2021	11.62	33.09	0.0	2.2665357955603813
19	9	2021	6.87	21.01	0.0	1.3674820241019223
20	9	2021	1.62	19.54	0.0	1.4514654112153935
21	9	2021	2.99	22.16	0.0	1.5953393595064762
22	9	2021	5.67	28.45	0.0	1.9784719468521497
23	9	2021	4.93	18.03	0.0	1.0919637581187258
24	9	2021	-1.1	19.68	0.0	1.4478592696600605
25	9	2021	7.6	26.95	0.0	1.765329068365027
26	9	2021	4.09	26.68	0.0	1.8167766149920312
27	9	2021	9.36	30.77	0.0	1.956950629156242
28	9	2021	6.47	28.27	0.0	1.836898680038712
29	9	2021	6.31	21.05	0.0	1.2150309323136128
30	9	2021	0.98	24.17	0.0	1.631237157679535
1	10	2021	6.08	23.81	0.0	1.4392082767571313
2	10	2021	0.02	22.0	0.0	1.4679672648502773
3	10	2021	6.36	24.47	0.0	1.4709676441873407
4	10	2021	1.85	22.83	0.0	1.479120843008965
5	10	2021	5.41	25.84	0.0	1.5867986934229097
6	10	2021	7.27	26.89	0.0	1.6197036764675563
7	10	2021	3.64	15.16	0.0	0.7935320515890242
8	10	2021	1.99	17.38	0.0	1.0897115922814524
9	10	2021	-0.38	19.8	0.0	1.3385064143847605
10	10	2021	-0.41	19.39	0.0	1.2948550153109428
11	10	2021	-2.16	10.51	0.0	0.6913245406682826
12	10	2021	-6.89	8.79	0.0	0.7166535696888761
13	10	2021	-4.06	5.42	4.52	0.4411391574215271
14	10	2021	-2.41	6.33	2.39	0.4322673715278332
15	10	2021	-3.75	13.77	0.0	0.9000743661514308
16	10	2021	-0.49	18.36	0.0	1.104699430111386
17	10	2021	3.36	25.05	0.0	1.4484472147584095
18	10	2021	1.12	13.9	0.0	0.7541145002405533
19	10	2021	-4.97	7.51	0.0	0.5900380391799225
20	10	2021	-7.57	8.29	0.0	0.6810855222920884
21	10	2021	-4.1	12.3	0.0	0.803728638905183
22	10	2021	-5.48	10.38	0.0	0.7345333581346057
23	10	2021	-1.2	7.46	0.0	0.458351648491995
24	10	2021	2.23	7.62	0.0	0.3194805778130354
25	10	2021	2.66	10.12	2.76	0.4255141814197339
26	10	2021	2.54	11.29	0.0	0.5268745668442405
27	10	2021	0.63	13.61	0.0	0.7361388721680479
28	10	2021	-2.03	11.72	0.0	0.7118626979851556
29	10	2021	0.85	9.87	2.37	0.4837487642764013
30	10	2021	-4.25	4.92	0.0	0.4297090316508459
31	10	2021	-8.38	4.53	0.0	0.5142487548595325
1	11	2021	-10.48	2.56	0.0	0.4713511569642722
2	11	2021	-9.94	7.52	0.0	0.655618562572987
3	11	2021	-7.46	10.84	0.0	0.7612759390472591
4	11	2021	-1.32	17.35	0.0	0.9640512607058036
5	11	2021	2.25	15.35	0.0	0.7608344452938388
6	11	2021	-2.91	11.14	0.0	0.6842555653008575
7	11	2021	-5.9	10.81	0.0	0.7263355263531408
8	11	2021	-4.95	9.68	0.0	0.6557663980535751
9	11	2021	-9.61	8.86	0.0	0.6878378044233993
10	11	2021	-1.59	4.99	0.81	0.32689392622064
11	11	2021	-6.4	-2.28	0.0	0.1649383600820491
12	11	2021	-8.82	-1.61	0.0	0.2621199585031312
13	11	2021	-7.43	5.22	0.0	0.5021963151208191
14	11	2021	-5.18	3.21	1.13	0.3595074715338744
15	11	2021	-1.51	6.08	1.49	0.3762218326466456
16	11	2021	-4.76	8.42	5.46	0.5579005262569591
17	11	2021	-12.5	-4.49	0.0	0.2415886892665943
18	11	2021	-14.96	-0.13	0.0	0.4110195729881319
19	11	2021	-10.4	-0.62	0.0	0.3303510037686419
20	11	2021	-10.97	1.99	0.0	0.4316747927775544
21	11	2021	-16.13	-1.62	0.0	0.3744416297280513
22	11	2021	-7.79	5.73	0.0	0.5184290783710991
23	11	2021	-10.08	4.48	0.0	0.5039224068434756
24	11	2021	-15.82	-7.78	0.0	0.1971061400584499
25	11	2021	-10.39	3.72	0.0	0.4773541679777723
26	11	2021	-1.61	7.12	0.0	0.4179060695294067
27	11	2021	-5.92	2.2	0.0	0.3254922699166533
28	11	2021	-4.29	5.81	0.0	0.435566627767488
29	11	2021	-3.33	6.14	0.0	0.4225341773479631
30	11	2021	-5.06	6.12	0.0	0.467164310290252
1	12	2021	-0.23	7.87	0.0	0.4035330831043398
2	12	2021	-2.9	3.29	1.16	0.2770248151634024
3	12	2021	-7.54	0.37	0.0	0.2929105654939793
4	12	2021	-9.82	-1.14	0.85	0.29468349669095
5	12	2021	-21.69	-5.86	1.53	0.2962277056062898
6	12	2021	-24.87	-12.21	0.0	0.1868881592592766
7	12	2021	-20.67	-7.45	0.0	0.2559139629460959
8	12	2021	-14.96	3.92	0.83	0.5215467461317267
9	12	2021	-12.28	-1.24	0.0	0.3342766723352335
10	12	2021	-14.8	-3.56	0.0	0.2980997423927172
11	12	2021	-9.9	4.24	0.0	0.4845893856434003
12	12	2021	-9.22	1.84	0.0	0.3855262957870468
13	12	2021	-14.62	-2.14	0.0	0.3351942496968169
14	12	2021	-9.26	-1.35	0.95	0.2701122729234852
15	12	2021	-20.66	-11.05	0.0	0.1769961605854515
16	12	2021	-24.74	-16.13	0.78	0.1201166313119754
17	12	2021	-25.24	-17.65	0.0	0.1006407841421324
18	12	2021	-27.81	-6.51	0.0	0.2846536973078425
19	12	2021	-18.93	-6.07	0.0	0.2716620927761607
20	12	2021	-21.74	-11.9	0.0	0.1694427500640208
21	12	2021	-20.06	-6.81	0.0	0.2626863455307608
22	12	2021	-13.55	-4.97	2.59	0.2280308171419702
23	12	2021	-12.74	1.51	1.62	0.4253294954734526
24	12	2021	-23.46	-13.91	0.83	0.1468817457343002
25	12	2021	-28.17	-21.95	2.14	0.0632109365605371
26	12	2021	-28.25	-23.11	7.64	0.0509242253913672
27	12	2021	-34.69	-25.87	0.0	0.0592352217525119
28	12	2021	-38.04	-27.38	0.0	0.0564337471018554
29	12	2021	-34.21	-24.98	0.0	0.0650322355931361
30	12	2021	-35.68	-26.79	0.0	0.055343994909213
31	12	2021	-35.96	-26.2	0.0	0.0604167194430473
1	1	2022	-34.7	-21.91	0.0	0.0917870278374142
2	1	2022	-26.29	-1.1	0.0	0.3923864155586489
3	1	2022	-16.36	-4.57	2.6	0.2772981783597758
4	1	2022	-23.31	-12.64	1.09	0.1687102542037237
5	1	2022	-32.05	-20.19	0.0	0.1032850427061668
6	1	2022	-34.43	-25.36	0.0	0.0624704390696918
7	1	2022	-24.52	-7.67	1.89	0.2673768278838672
8	1	2022	-23.73	-12.32	0.0	0.1783980539023364
9	1	2022	-28.2	-15.66	0.0	0.1474852173636365
10	1	2022	-22.02	-0.67	0.0	0.4169301843593284
11	1	2022	-10.24	4.48	0.0	0.5064999619207051
12	1	2022	-1.79	5.41	0.0	0.3447662420765499
13	1	2022	-4.47	3.95	0.0	0.3644025250653662
14	1	2022	-5.34	1.85	0.0	0.2987254522121421
15	1	2022	-4.87	4.44	0.0	0.4002795820612662
16	1	2022	-3.92	4.16	0.0	0.3604231337662785
17	1	2022	-5.32	5.08	0.96	0.4433517370864187
18	1	2022	-19.19	2.6	0.0	0.5097744443672608
19	1	2022	-25.98	-15.56	0.0	0.1425016364492462
20	1	2022	-23.46	-2.56	0.0	0.3821183595713525
21	1	2022	-9.64	2.55	1.14	0.4390456717802377
22	1	2022	-7.7	4.5	2.1	0.4596715046823286
23	1	2022	-6.93	5.12	0.0	0.4925642626020057
24	1	2022	-10.68	1.81	0.0	0.4333958933681516
25	1	2022	-22.58	-5.17	0.0	0.3298511283763085
26	1	2022	-9.83	2.07	0.0	0.4319046842824718
27	1	2022	-7.33	0.86	0.0	0.3286355940570692
28	1	2022	-10.01	2.01	0.0	0.4370035459356037
29	1	2022	-7.86	3.22	0.0	0.4447251153328332
30	1	2022	-4.35	5.59	0.0	0.4638272343344771
31	1	2022	-12.03	4.55	3.51	0.5384400980123912
1	2	2022	-25.7	-14.62	0.0	0.1652742454986248
2	2	2022	-31.26	-21.9	0.0	0.0915498667536203
3	2	2022	-29.57	-17.91	0.0	0.1346796394072872
4	2	2022	-31.15	-4.31	5.42	0.326001710264673
5	2	2022	-13.53	-3.39	0.73	0.3178103440986675
6	2	2022	-14.89	1.88	0.0	0.5122452588295731
7	2	2022	-5.17	5.76	0.0	0.5140219725296118
8	2	2022	-4.31	2.7	0.0	0.3397512442619992
9	2	2022	-7.95	2.65	0.02	0.4499320710788857
10	2	2022	-8.29	5.64	0.41	0.5901200388799408
11	2	2022	-17.33	-10.22	0.0	0.1822871033235776
12	2	2022	-15.8	-6.31	0.0	0.2738157744415939
13	2	2022	-14.59	2.54	0.0	0.5523744101903117
14	2	2022	-16.61	-7.43	1.27	0.2541361084229301
15	2	2022	-13.99	-6.4	1.27	0.2412641607696591
16	2	2022	-22.2	-13.98	0.54	0.1617705510274794
17	2	2022	-24.79	-0.87	0.0	0.4680878401729193
18	2	2022	-19.16	-5.55	0.0	0.3453362956116621
19	2	2022	-15.71	3.62	3.49	0.574463090603421
20	2	2022	-21.8	-12.12	0.0	0.2042964641778837
21	2	2022	-27.72	-20.54	0.0	0.0982695456753634
22	2	2022	-30.95	-20.3	0.0	0.1223829447140604
23	2	2022	-30.1	-17.8	0.0	0.1551785124932348
24	2	2022	-26.74	-16.67	0.0	0.1584508861064824
25	2	2022	-26.22	-7.46	0.0	0.33564439379446
26	2	2022	-14.25	-2.3	0.0	0.4164969209179527
27	2	2022	-11.21	-4.5	0.0	0.2672828108808899
28	2	2022	-14.04	-6.03	0.0	0.2799567165096689
1	3	2022	-13.59	-5.97	0.0	0.2743606910782775
2	3	2022	-14.75	-7.86	0.0	0.2342275863082044
3	3	2022	-15.21	-9.17	7.22	0.182289210837953
4	3	2022	-11.27	-7.06	3.29	0.1565489606669931
5	3	2022	-16.24	-10.0	0.0	0.2007267125879773
6	3	2022	-18.86	-4.69	0.0	0.4169901687153919
7	3	2022	-15.89	1.78	1.24	0.6405736647258403
8	3	2022	-17.14	-7.19	0.0	0.3235936973356661
9	3	2022	-23.76	-12.49	0.0	0.2469091556352317
10	3	2022	-23.9	-11.34	0.0	0.2759920376758089
11	3	2022	-30.0	-10.46	0.0	0.2997783106666175
12	3	2022	-15.41	2.7	0.0	0.7140297159992339
13	3	2022	-10.32	-1.43	0.0	0.422437718526264
14	3	2022	-10.96	2.38	0.0	0.6857069634061985
15	3	2022	-3.95	5.74	0.0	0.7167853165112725
16	3	2022	-2.18	4.71	0.0	0.4875246422942217
17	3	2022	-5.47	6.78	0.0	0.8978120670219902
18	3	2022	-1.33	6.19	0.0	0.6195990744807532
19	3	2022	-2.75	7.98	0.0	0.9515816953451932
20	3	2022	-0.75	5.46	0.0	0.5382777164664968
21	3	2022	-0.91	6.42	0.0	0.7336226929607598
22	3	2022	-2.23	8.72	0.0	1.1048824129215074
23	3	2022	-1.99	14.69	0.0	1.5948308740176342
24	3	2022	-0.31	9.19	0.55	1.064357949405806
25	3	2022	-5.99	2.65	0.0	0.7134575579853691
26	3	2022	-7.94	-0.92	0.0	0.4811321833881797
27	3	2022	-5.56	10.15	0.0	1.3542174510588658
28	3	2022	-2.46	10.26	0.0	1.4292386153072874
29	3	2022	-5.58	2.12	0.0	0.7544917509267711
30	3	2022	-8.0	10.34	0.0	1.452575395913675
31	3	2022	-0.64	5.57	1.7	0.7865411049895422
1	4	2022	-4.09	6.66	0.0	1.1638783303149238
2	4	2022	-7.01	9.08	0.0	1.3951782421933208
3	4	2022	-3.84	12.35	0.0	1.638228516398483
4	4	2022	-1.78	16.69	0.0	1.9175155670540984
5	4	2022	-0.74	9.81	2.62	1.1474542028910366
6	4	2022	-0.57	7.73	1.12	1.115843256851044
7	4	2022	-3.27	11.18	0.0	1.5859430941974508
8	4	2022	-1.67	18.96	0.0	2.0670337606508715
9	4	2022	-0.28	13.01	0.0	1.7390413998830423
10	4	2022	-4.39	8.56	0.0	1.422356988602607
11	4	2022	-7.45	-0.11	0.0	0.6761352205292775
12	4	2022	-9.53	-5.38	0.0	0.2401826412349168
13	4	2022	-9.33	-5.4	1.81	0.2338351166310485
14	4	2022	-8.9	-3.94	1.38	0.3580184820321276
15	4	2022	-10.54	-3.14	0.0	0.5681942351725204
16	4	2022	-10.53	1.24	0.0	0.9652095783985908
17	4	2022	-7.22	3.45	0.0	1.082438235818494
18	4	2022	-7.39	8.66	0.0	1.506129728303344
19	4	2022	-3.37	5.12	0.9	1.0959352706673895
20	4	2022	-4.24	1.81	0.0	0.6950760199819104
21	4	2022	-8.52	5.71	0.0	1.310170985319678
22	4	2022	-2.66	4.03	0.0	0.91646812500673
23	4	2022	0.32	8.62	2.03	1.1158343311196628
24	4	2022	-2.43	11.89	0.0	1.770879277160245
25	4	2022	-2.6	11.58	0.0	1.7503514325883196
26	4	2022	-2.16	15.75	0.0	2.0114977401918743
27	4	2022	1.25	16.25	0.0	2.075658057137906
28	4	2022	0.66	17.92	0.0	2.1790843011219856
29	4	2022	0.72	16.43	0.0	2.089449991538491
30	4	2022	1.53	17.2	0.0	2.141089065527394
1	5	2022	0.15	16.41	0.0	2.0833209329198876
2	5	2022	-0.69	18.76	0.0	2.222672614147226
3	5	2022	3.89	20.81	0.0	2.3981392550988043
4	5	2022	1.34	24.79	0.0	2.6086607506280117
5	5	2022	9.13	27.9	0.0	2.779022775721175
6	5	2022	10.13	23.18	0.23	2.4264930646938923
7	5	2022	6.25	14.54	5.13	1.4769335068296356
8	5	2022	3.44	16.52	0.0	2.030434202924579
9	5	2022	-0.39	14.86	4.05	1.763079817120493
10	5	2022	2.81	14.75	2.98	1.6200489875130475
11	5	2022	-0.34	19.23	0.0	2.205125483732084
12	5	2022	2.79	19.71	0.0	2.257206649687091
13	5	2022	4.63	10.95	12.29	0.8065264085848122
14	5	2022	3.15	17.04	0.0	1.9765885647443335
15	5	2022	3.46	20.75	0.0	2.3267766206741927
16	5	2022	4.99	22.75	0.0	2.4651010959831448
17	5	2022	6.41	22.3	2.3	2.065131826859032
18	5	2022	7.09	17.37	1.14	1.7640686459126085
19	5	2022	2.03	12.02	3.4	1.0978303644953138
20	5	2022	1.15	8.34	0.0	0.864723012676781
21	5	2022	-0.59	13.8	0.0	1.760141499621459
22	5	2022	0.21	16.78	0.0	2.029477086073177
23	5	2022	1.61	22.49	0.0	2.4423480420080166
24	5	2022	4.24	24.66	0.0	2.602508185202625
25	5	2022	6.28	24.54	0.0	2.5963909305207373
26	5	2022	6.36	24.57	0.0	2.601681468258823
27	5	2022	6.64	21.56	1.96	2.3527233463236255
28	5	2022	7.54	22.85	0.0	2.450949728909118
29	5	2022	9.82	20.62	0.0	1.978027963554574
30	5	2022	7.65	18.27	0.0	1.8273392030007451
31	5	2022	4.32	18.69	0.0	2.129129027122798
1	6	2022	3.02	20.18	0.0	2.3230572009811805
2	6	2022	3.75	21.77	0.0	2.4381386995125163
3	6	2022	2.12	23.38	0.0	2.5405140979118133
4	6	2022	4.21	25.46	0.0	2.6934208530948296
5	6	2022	6.81	20.89	0.0	2.346048564283337
6	6	2022	5.7	20.72	0.0	2.346088133579966
7	6	2022	7.82	20.83	0.0	2.3144851998119567
8	6	2022	6.38	24.73	0.89	2.6487778975812075
9	6	2022	11.39	25.71	4.62	2.370711567736894
10	6	2022	10.65	27.39	0.0	2.811400437558996
11	6	2022	7.9	25.05	0.0	2.6669077369480103
12	6	2022	8.61	26.01	3.23	2.4417113132002055
13	6	2022	11.0	22.8	2.92	1.8621521057435233
14	6	2022	6.94	19.99	0.0	2.1685554316831137
15	6	2022	4.94	18.06	4.54	1.6702300556904983
16	6	2022	11.85	21.55	0.0	1.890054653404718
17	6	2022	10.78	30.57	0.0	3.0540621457421087
18	6	2022	17.8	32.5	0.0	3.038788510365667
19	6	2022	15.9	22.18	6.99	0.8916141971382373
20	6	2022	14.34	21.83	2.05	1.048035110985965
21	6	2022	12.12	23.31	2.62	1.6347918617189634
22	6	2022	10.76	28.35	0.0	2.838853045024785
23	6	2022	10.31	28.15	5.67	2.362378778735968
24	6	2022	8.45	19.44	1.33	1.7617091145193895
25	6	2022	8.76	21.46	2.58	1.6406670760882118
26	6	2022	8.42	25.38	0.0	2.5355553525919334
27	6	2022	9.52	24.67	1.94	2.3979932328728206
28	6	2022	10.38	23.49	1.91	2.1487419144528377
29	6	2022	13.1	26.5	0.0	2.319257355455871
30	6	2022	9.9	23.55	0.0	2.187103273585523
1	7	2022	8.64	25.04	0.0	2.4543904688896063
2	7	2022	10.02	23.81	3.91	1.790273537597696
3	7	2022	11.02	24.44	3.08	1.767997384867082
4	7	2022	13.0	17.95	10.15	0.5672771640476024
5	7	2022	12.96	20.29	4.1	0.8378017555429296
6	7	2022	12.57	25.28	0.0	2.11253324671548
7	7	2022	13.71	25.22	0.71	1.9763383447563987
8	7	2022	16.88	31.8	0.0	2.634590794882268
9	7	2022	16.28	29.9	1.96	2.42288488243414
10	7	2022	13.81	26.11	1.24	2.0977275524625365
11	7	2022	10.83	27.75	0.0	2.519830526826261
12	7	2022	10.2	30.45	0.0	2.787404054562534
13	7	2022	15.74	33.5	3.06	2.341234599458138
14	7	2022	16.06	28.44	0.0	2.159128482986028
15	7	2022	15.9	34.31	0.0	2.906247573811691
16	7	2022	14.67	35.47	0.0	3.0448471234914622
17	7	2022	14.91	32.96	0.0	2.791039731701756
18	7	2022	13.97	29.68	18.73	1.997384174746616
19	7	2022	14.3	28.71	8.18	1.7287901758217634
20	7	2022	13.31	24.97	0.0	1.6521215687380324
21	7	2022	10.92	28.68	0.0	2.323377269257315
22	7	2022	10.71	25.76	0.0	2.000918798984815
23	7	2022	9.22	22.19	0.0	1.673742452798384
24	7	2022	7.68	28.25	0.0	2.4006439232230177
25	7	2022	12.63	20.92	4.24	0.8905486753888912
26	7	2022	10.61	24.69	0.0	1.8399289477283651
27	7	2022	7.85	25.95	0.0	2.143829567541709
28	7	2022	7.88	27.6	0.0	2.2833265064777235
29	7	2022	12.54	33.37	0.0	2.6086155124792074
30	7	2022	14.87	27.25	6.0	1.336459118377637
31	7	2022	13.6	28.37	9.59	1.5708632692028788
1	8	2022	15.39	27.4	0.0	1.571905359555666
2	8	2022	13.88	25.95	0.0	1.532958197069338
3	8	2022	9.29	26.42	0.0	1.9671584475490385
4	8	2022	11.28	35.86	0.0	2.7032681562227374
5	8	2022	9.2	21.26	0.0	1.309381591732768
6	8	2022	4.47	22.71	0.0	1.806680365256751
7	8	2022	10.83	30.12	0.0	2.206936867021947
8	8	2022	10.09	33.46	0.0	2.5331269083693835
9	8	2022	10.33	26.43	0.0	1.839098280436791
10	8	2022	10.45	27.27	0.0	1.9167440125882127
11	8	2022	15.76	25.64	0.0	1.1586100634213836
12	8	2022	11.73	31.58	0.0	2.334613625426752
13	8	2022	16.2	32.99	0.0	2.1674887046598466
14	8	2022	15.71	31.87	0.0	2.067312455842597
15	8	2022	12.25	30.33	0.0	2.144336447428046
16	8	2022	13.65	34.71	0.0	2.490764666553858
17	8	2022	16.07	30.24	0.0	1.807867959163101
18	8	2022	12.28	29.71	0.0	2.0724862673289595
19	8	2022	10.27	29.67	0.0	2.1621499194087836
20	8	2022	13.84	31.77	0.0	2.152118899430624
21	8	2022	12.44	33.66	0.0	2.3954359218547143
22	8	2022	16.22	28.23	0.0	1.4342161297123583
23	8	2022	15.5	26.79	0.0	1.3110904058814417
24	8	2022	10.82	27.26	0.0	1.8127895564149037
25	8	2022	9.67	28.54	0.0	1.997269726812547
26	8	2022	13.03	29.64	11.24	1.5575788355065965
27	8	2022	13.24	30.87	0.0	1.9436852278872752
28	8	2022	12.38	22.23	0.0	1.01674733430528
29	8	2022	8.78	27.33	0.0	1.840783754763971
30	8	2022	9.98	31.68	0.0	2.153832313203261
31	8	2022	14.16	35.5	0.0	2.2638138891158723
1	9	2022	14.15	33.17	0.0	2.025031860072139
2	9	2022	6.69	27.05	0.0	1.837674498159119
3	9	2022	12.17	37.13	0.0	2.428565465034645
4	9	2022	15.45	34.52	0.0	2.0116670766848856
5	9	2022	12.23	32.68	0.0	2.0212866310216056
6	9	2022	8.31	25.01	0.0	1.5057658559733025
7	9	2022	10.51	35.87	0.0	2.326342067108986
8	9	2022	7.26	20.33	0.0	1.11808558663144
9	9	2022	3.64	17.44	0.0	1.0704761134669072
10	9	2022	1.93	23.19	0.0	1.595197908208319
11	9	2022	7.99	32.11	0.0	2.0917533545951126
12	9	2022	8.08	24.45	0.0	1.4238034236669936
13	9	2022	10.23	15.85	1.67	0.5078535759074504
14	9	2022	8.19	16.33	1.73	0.6993348686249311
15	9	2022	6.91	15.68	0.0	0.7293725678676845
16	9	2022	10.3	20.72	0.0	0.9344819309058608
17	9	2022	7.65	23.21	0.0	1.3021553331167688
18	9	2022	4.87	22.54	0.0	1.408868342510687
19	9	2022	8.89	20.93	1.26	1.0312831820066728
20	9	2022	4.42	14.25	0.0	0.754693462099439
21	9	2022	-0.75	17.15	0.0	1.1725617430846618
22	9	2022	1.5	18.17	1.64	1.1743323084184611
23	9	2022	4.4	18.92	0.0	1.0836068602303082
24	9	2022	6.72	21.48	0.0	1.1878857136263663
25	9	2022	1.87	21.96	0.0	1.4307763979912136
26	9	2022	5.31	23.08	0.0	1.3892432922195073
27	9	2022	5.98	25.6	0.0	1.555856679928254
28	9	2022	8.47	31.07	0.0	1.868146563003279
29	9	2022	7.61	31.57	0.0	1.91217054054866
30	9	2022	9.38	24.3	0.0	1.2135720271229855
1	10	2022	7.29	19.82	0.0	0.968880395304245
2	10	2022	5.71	19.26	0.0	1.002156845367635
3	10	2022	6.25	22.47	0.0	1.302055811918709
4	10	2022	7.07	25.72	0.0	1.5545559461832634
5	10	2022	4.41	13.32	0.0	0.6350165887037761
6	10	2022	-3.02	10.23	0.0	0.7380913529167511
7	10	2022	-2.91	19.76	0.0	1.3434650037966052
8	10	2022	2.65	22.59	0.0	1.423970343399814
9	10	2022	2.95	22.38	0.0	1.390369601149984
10	10	2022	2.69	25.6	0.0	1.601832522240699
11	10	2022	3.94	15.17	0.0	0.7656862277416044
12	10	2022	2.12	11.85	0.0	0.6259523981333562
13	10	2022	0.19	14.52	0.0	0.8618840631124103
14	10	2022	-1.69	16.01	0.0	1.0229628214882769
15	10	2022	-2.05	10.12	0.0	0.6647442527226083
16	10	2022	-4.49	10.15	0.0	0.729821362175503
17	10	2022	-2.25	18.21	0.0	1.2556798331333705
18	10	2022	0.69	22.93	0.0	1.5878295063222416
19	10	2022	1.66	21.75	0.0	1.4773607497881136
20	10	2022	2.39	16.43	0.0	1.0197206995690578
21	10	2022	1.1	10.78	0.0	0.5663205386869535
22	10	2022	-2.71	10.73	6.78	0.6527698274336672
23	10	2022	-0.73	3.76	13.47	0.2278081752912283
24	10	2022	-2.76	1.19	0.0	0.1953328841792853
25	10	2022	-3.26	2.96	0.0	0.3036100800238027
26	10	2022	-4.42	5.35	0.0	0.4620402788339303
27	10	2022	-0.53	8.58	0.0	0.4978987165154783
28	10	2022	0.08	9.74	0.0	0.5401468107367441
29	10	2022	-1.12	12.13	0.0	0.7119746098746983
30	10	2022	-0.77	13.83	0.0	0.8688703877630786
31	10	2022	-1.14	9.22	0.0	0.5507490400162378
1	11	2022	-0.26	10.57	0.0	0.5916894865344553
2	11	2022	-2.46	1.7	0.0	0.2049978817465337
3	11	2022	-7.78	-1.48	0.0	0.2489942479357879
4	11	2022	-8.22	5.31	1.52	0.5518504683177132
5	11	2022	-5.11	5.39	12.21	0.4562540720220338
6	11	2022	-11.44	-5.33	0.0	0.2040502643036493
7	11	2022	-13.08	-6.09	5.54	0.2038609999930953
8	11	2022	-17.27	-7.3	0.0	0.250601442291086
9	11	2022	-22.65	-15.26	0.0	0.1292901900588058
10	11	2022	-22.43	-14.3	0.0	0.1453120501941632
11	11	2022	-21.72	-11.08	0.0	0.2039968212407659
12	11	2022	-21.17	-9.75	1.49	0.2275395185178354
13	11	2022	-14.07	-5.77	0.0	0.2433551436366653
14	11	2022	-12.51	-5.2	1.09	0.2305115294783131
15	11	2022	-11.02	-3.6	0.0	0.2527801941845815
16	11	2022	-10.98	-2.36	0.0	0.296675154418475
17	11	2022	-17.06	-9.91	0.0	0.1749566038993159
18	11	2022	-17.43	-7.2	0.0	0.2507125061293834
19	11	2022	-11.51	-3.67	0.0	0.26197462662434
20	11	2022	-11.6	0.73	0.0	0.4127844042091005
21	11	2022	-11.69	1.97	1.24	0.4550122695721764
22	11	2022	-6.35	3.35	0.0	0.4089528259006697
23	11	2022	-4.58	2.74	0.0	0.3299261699415782
24	11	2022	-6.62	4.34	0.0	0.4528155844011356
25	11	2022	-0.38	7.11	0.0	0.3946174683773008
26	11	2022	-2.39	3.01	0.0	0.2623787704576114
27	11	2022	-3.58	3.21	1.26	0.3149460027413387
28	11	2022	-11.6	-3.9	2.69	0.2357001644026199
29	11	2022	-16.52	-10.62	0.0	0.1423290495869464
30	11	2022	-19.9	-12.95	1.5	0.1377760886354181
1	12	2022	-21.62	-12.64	0.94	0.1623794107342651
2	12	2022	-27.55	-20.37	0.0	0.0843440829199952
3	12	2022	-23.12	-11.34	0.0	0.1965656433409673
4	12	2022	-14.24	-2.65	0.0	0.3249637429819211
5	12	2022	-22.89	-11.84	0.9	0.1852822162796698
6	12	2022	-32.6	-19.91	0.0	0.1093129287248118
7	12	2022	-34.72	-8.54	0.0	0.2358532900009193
8	12	2022	-15.45	-3.86	0.0	0.3005800544267008
9	12	2022	-10.84	-1.25	0.0	0.3122200169058793
10	12	2022	-15.93	-5.71	0.0	0.2549915640756784
11	12	2022	-10.51	-4.19	2.14	0.1965608688529898
12	12	2022	-12.09	-6.78	3.48	0.1510278878934397
13	12	2022	-15.31	-11.34	0.0	0.0969763152607974
14	12	2022	-17.68	-8.12	0.64	0.2146504420971022
15	12	2022	-16.29	-10.06	0.0	0.1470780594164081
16	12	2022	-20.21	-12.76	0.83	0.1404269192831569
17	12	2022	-20.0	-14.07	1.54	0.1112911756815652
18	12	2022	-26.23	-19.29	0.95	0.0868637014130226
19	12	2022	-31.28	-22.95	2.29	0.0705920014421527
20	12	2022	-35.25	-29.58	2.21	0.0333217464692231
21	12	2022	-32.51	-28.7	0.78	0.0280688240916031
22	12	2022	-32.19	-26.36	0.0	0.0461357255703523
23	12	2022	-35.04	-19.87	0.0	0.1112274281743594
24	12	2022	-22.14	-11.26	1.72	0.1887002829017001
25	12	2022	-16.33	-5.21	0.0	0.273528606474976
26	12	2022	-14.98	3.54	0.0	0.5093602900231456
27	12	2022	-8.53	1.13	7.64	0.3378017038811053
28	12	2022	-15.21	-6.21	1.69	0.2323360421327379
29	12	2022	-13.85	-9.39	0.0	0.1192423951171944
30	12	2022	-15.61	-7.14	0.0	0.2131001476505563
31	12	2022	-16.18	-8.28	0.0	0.1920591769875478
1	1	2023	-16.91	-5.7	0.0	0.2650664173962772
2	1	2023	-13.81	-4.01	0.0	0.2729510900225718
3	1	2023	-14.88	-5.66	0.0	0.241906522036879
4	1	2023	-16.68	-8.78	0.0	0.1863216888841611
5	1	2023	-16.0	-9.95	0.0	0.1464896658792297
6	1	2023	-16.53	-4.15	0.0	0.3032991723705194
7	1	2023	-10.49	-2.29	0.0	0.2717789480042216
8	1	2023	-13.04	-3.69	0.0	0.2738311877910951
9	1	2023	-12.19	-2.37	0.0	0.3021155889279525
10	1	2023	-14.53	-8.46	0.0	0.1617600557071132
11	1	2023	-15.34	-9.65	0.0	0.1449107276018291
12	1	2023	-13.2	-5.67	0.0	0.2197514871155197
13	1	2023	-10.15	0.08	0.0	0.35239154694046
14	1	2023	-10.32	-1.72	0.0	0.2938943576868397
15	1	2023	-9.42	-6.27	0.0	0.1093145509215904
16	1	2023	-9.06	-6.78	0.0	0.0811315849770608
17	1	2023	-9.39	-6.33	0.0	0.107202696190395
18	1	2023	-7.62	-2.25	0.0	0.2099326589287844
19	1	2023	-10.38	-4.51	0.0	0.2013583272910291
20	1	2023	-13.81	-4.23	0.0	0.2803675570528446
21	1	2023	-11.86	-0.59	0.0	0.3694422147286048
22	1	2023	-6.92	1.25	0.0	0.3536412989507193
23	1	2023	-12.14	-1.24	0.0	0.3747527057357616
24	1	2023	-9.36	-1.32	0.0	0.2988310496637169
25	1	2023	-7.55	-1.19	1.32	0.2644152300008647
26	1	2023	-8.5	3.55	1.12	0.6092253745036632
27	1	2023	-18.63	-3.27	0.0	0.402850360231431
28	1	2023	-23.34	-18.07	0.0	0.0887710131158451
29	1	2023	-24.65	-18.61	0.0	0.0943443743877311
30	1	2023	-25.08	-17.55	0.0	0.1168176594196988
31	1	2023	-22.09	-11.63	0.0	0.2035376416056491
1	2	2023	-22.39	-10.3	0.63	0.2339094303427813
2	2	2023	-25.38	-16.92	0.0	0.1319761481770749
3	2	2023	-18.88	-0.52	0.0	0.525693542244313
4	2	2023	-6.56	1.02	0.0	0.462327100224361
5	2	2023	-10.81	2.53	0.0	0.6693004281358186
6	2	2023	-4.65	1.09	0.0	0.3649996653587275
7	2	2023	-4.02	3.26	0.0	0.5597379549710524
8	2	2023	-8.77	-0.11	4.31	0.399074960514068
9	2	2023	-13.19	-1.76	0.0	0.5139249956479491
10	2	2023	-8.45	4.9	0.0	0.8303869229479554
11	2	2023	-6.43	1.35	0.0	0.5493546864776735
12	2	2023	-7.36	1.67	0.0	0.626383395731188
13	2	2023	-3.31	3.73	0.0	0.6284569251822204
14	2	2023	-16.58	-3.24	0.0	0.5014566916262703
15	2	2023	-16.3	-8.83	0.0	0.2426160854218093
16	2	2023	-18.46	-1.42	0.0	0.5748015023437418
17	2	2023	-8.62	0.16	0.0	0.578363792609568
18	2	2023	-12.41	-3.48	0.0	0.4491868570117733
19	2	2023	-11.66	-4.05	0.93	0.3930925275910632
20	2	2023	-19.27	-8.55	0.0	0.3342123355188503
21	2	2023	-26.22	-15.9	0.0	0.1697780662783623
22	2	2023	-29.61	-24.83	0.0	0.0575618038276032
23	2	2023	-27.91	-21.95	0.0	0.0841016414792991
24	2	2023	-30.98	-19.22	0.0	0.1422757130522929
25	2	2023	-27.02	-11.74	0.0	0.2854041440665693
26	2	2023	-17.86	-0.35	0.0	0.6862721941557274
27	2	2023	-15.21	-4.11	0.0	0.5327863089057151
28	2	2023	-19.42	-10.33	0.0	0.2948055698211833
1	3	2023	-18.42	-5.93	0.0	0.4804808375769471
2	3	2023	-11.52	1.99	0.0	0.8619819440410333
3	3	2023	-10.01	-0.32	0.0	0.7064276586289063
4	3	2023	-14.74	-4.15	0.0	0.5544055513957395
5	3	2023	-20.07	-9.66	0.0	0.3589488760806431
6	3	2023	-24.74	-12.9	0.0	0.2807432550269533
7	3	2023	-16.41	-12.72	0.0	0.1175419066732553
8	3	2023	-18.32	-13.15	1.08	0.1507199655092763
9	3	2023	-17.89	-9.89	0.0	0.3309729673776536
10	3	2023	-13.47	-6.55	5.39	0.3143928140296158
11	3	2023	-12.21	-6.55	5.22	0.2623012168210383
12	3	2023	-19.44	-9.25	0.0	0.4132630157497988
13	3	2023	-17.52	-3.07	0.0	0.6869577864939965
14	3	2023	-11.31	2.05	1.31	0.9855171410382974
15	3	2023	-13.92	-3.82	2.73	0.516592605921859
16	3	2023	-13.64	-5.0	0.0	0.5276001077556891
17	3	2023	-20.68	-8.52	0.0	0.443106568036516
18	3	2023	-20.05	0.07	0.0	0.7720453206012721
19	3	2023	-14.93	-3.38	0.0	0.6684691820422896
20	3	2023	-14.51	-6.41	0.0	0.4721396880692677
21	3	2023	-15.72	-6.47	0.0	0.5063284502964969
22	3	2023	-15.63	-6.36	0.0	0.5184046773471859
23	3	2023	-15.37	2.66	0.0	0.9860982417546698
24	3	2023	-14.33	-3.69	0.0	0.6688003346373697
25	3	2023	-18.42	-4.21	0.0	0.6596965839525682
26	3	2023	-14.42	-5.5	0.0	0.5561536527256817
27	3	2023	-19.41	-8.44	0.0	0.4783254210911528
28	3	2023	-21.38	-5.8	0.0	0.5962112334235983
29	3	2023	-18.45	-0.71	0.0	0.8325762195019054
30	3	2023	-14.24	-1.99	0.0	0.8079232720079446
31	3	2023	-15.05	0.99	0.0	0.9597171816035228
1	4	2023	-7.26	4.17	0.0	1.1777736014146354
2	4	2023	-8.25	-1.88	2.74	0.4974510653507909
3	4	2023	-13.8	-7.84	1.81	0.3603292544188677
4	4	2023	-19.34	-7.47	0.0	0.531754171487876
5	4	2023	-22.99	-7.13	0.0	0.5454777972174564
6	4	2023	-21.59	-3.7	0.0	0.684439702750026
7	4	2023	-12.35	2.06	0.0	1.0504749715301278
8	4	2023	-3.08	6.93	0.0	1.332592127307166
9	4	2023	1.26	9.21	0.0	1.3693703337253476
10	4	2023	2.73	10.59	0.0	1.4603212902340297
11	4	2023	0.66	13.38	0.0	1.76429252704612
12	4	2023	0.3	8.7	0.0	1.3998338176357707
13	4	2023	-1.3	6.03	1.96	1.150053568186365
14	4	2023	-0.97	8.24	2.74	1.1544897302831345
15	4	2023	-2.05	12.17	0.0	1.713223328255082
16	4	2023	-0.78	15.51	0.0	1.927801538551127
17	4	2023	3.08	16.89	0.0	2.034513118402591
18	4	2023	0.65	7.36	3.15	0.7904302200538845
19	4	2023	-3.92	0.73	5.57	0.3004972047307635
20	4	2023	-4.79	-1.58	0.39	0.2274928881737227
21	4	2023	-5.27	1.24	0.0	0.6287643565573974
22	4	2023	-5.27	5.82	0.0	1.173920020506528
23	4	2023	-5.28	8.78	0.0	1.4356159408064386
24	4	2023	-1.58	10.88	0.0	1.58071485691851
25	4	2023	1.92	17.28	1.84	2.0518553233891983
26	4	2023	2.21	15.46	0.0	1.9355654189262523
27	4	2023	2.6	10.17	0.0	1.2670725862979524
28	4	2023	-1.05	19.28	0.0	2.1485971466183273
29	4	2023	-1.11	16.39	0.0	1.992704324204656
30	4	2023	-2.4	16.72	0.0	1.995482508632881
1	5	2023	-0.6	20.4	0.0	2.2287974300052493
2	5	2023	2.3	26.09	0.0	2.588448843339403
3	5	2023	4.49	27.62	0.0	2.7095980838204774
4	5	2023	5.91	27.31	0.0	2.7127600532644314
5	5	2023	4.52	20.53	0.0	2.2824454990933836
6	5	2023	4.01	17.28	0.0	2.05780226239972
7	5	2023	7.39	18.45	0.0	2.0947656227846703
8	5	2023	6.97	19.33	0.0	2.182601171771107
9	5	2023	3.5	21.19	0.0	2.3436536072354395
10	5	2023	7.45	20.98	0.0	2.302538350013122
11	5	2023	5.9	20.27	0.0	2.2726170807375357
12	5	2023	8.34	16.91	0.0	1.857701333467698
13	5	2023	5.2	23.57	0.0	2.5130704878794408
14	5	2023	4.75	25.4	0.0	2.6269187913697087
15	5	2023	8.65	27.23	0.0	2.7565175420446946
16	5	2023	9.33	30.9	0.0	2.999300641195674
17	5	2023	6.38	18.77	0.0	2.135715614749953
18	5	2023	3.57	15.69	0.0	1.935163222502225
19	5	2023	0.63	25.74	0.0	2.60096006864372
20	5	2023	11.5	25.73	0.0	2.581131385091594
21	5	2023	6.79	25.9	0.0	2.6578757988623445
22	5	2023	11.78	31.53	2.5	2.7663779444438905
23	5	2023	12.17	26.66	0.0	2.6336874659086136
24	5	2023	11.77	24.33	8.26	2.1944392265052017
25	5	2023	12.63	16.92	2.93	0.4777285966516699
26	5	2023	10.57	19.47	0.0	1.7174447631962209
27	5	2023	7.73	17.04	6.64	1.2887568787469692
28	5	2023	12.76	20.72	0.92	1.549009652078927
29	5	2023	10.08	26.52	0.0	2.7142417818524347
30	5	2023	10.95	29.16	2.73	2.5477763895399743
31	5	2023	11.39	30.63	8.18	2.6401819999437275
1	6	2023	13.61	26.34	5.1	1.92569058206539
2	6	2023	12.74	22.4	0.0	1.764129833643645
3	6	2023	16.26	26.79	3.29	1.6729984445117534
4	6	2023	14.8	30.58	0.0	2.8539625311791617
5	6	2023	16.79	32.69	0.0	2.98150191775797
6	6	2023	15.76	28.68	0.0	2.4984265783743105
7	6	2023	13.55	29.43	15.11	2.2937453144188966
8	6	2023	13.39	29.48	0.0	2.655704372681779
9	6	2023	12.17	25.96	0.0	2.335867390376401
10	6	2023	10.12	24.27	0.0	2.318763784245492
11	6	2023	9.65	28.19	0.0	2.7843234351477872
12	6	2023	11.71	30.25	0.0	2.9261780914600135
13	6	2023	11.8	31.35	0.0	3.0491660564183003
14	6	2023	12.48	29.38	3.47	2.3534617050155924
15	6	2023	9.3	18.02	0.0	1.4049178213927698
16	6	2023	6.74	25.12	0.0	2.58614991217513
17	6	2023	11.46	21.16	0.0	1.6917494885462678
18	6	2023	7.8	24.43	18.83	2.0602140574395675
19	6	2023	9.31	22.94	0.0	2.071777544668033
20	6	2023	8.96	22.7	0.0	2.0768558049965065
21	6	2023	7.55	20.92	0.0	1.9573026514977192
22	6	2023	8.9	24.12	0.0	2.2746880834470833
23	6	2023	8.15	26.13	0.0	2.521739183733296
24	6	2023	8.73	26.27	0.0	2.49447825864039
25	6	2023	10.39	29.34	0.0	2.7298642379407503
26	6	2023	11.29	26.79	0.0	2.3836177135414265
27	6	2023	10.74	29.27	0.0	2.681514067048618
28	6	2023	11.11	26.17	0.0	2.2962759385773492
29	6	2023	9.07	28.11	0.0	2.6252387163052036
30	6	2023	13.72	30.98	0.0	2.7138042203966513
1	7	2023	13.76	33.55	0.0	2.9749534592469336
2	7	2023	11.72	23.41	0.0	1.8250407266191797
3	7	2023	9.53	23.05	0.0	1.9998653551605967
4	7	2023	7.96	18.99	0.0	1.5459471104719478
5	7	2023	6.58	24.4	0.0	2.34352976189166
6	7	2023	8.98	27.64	0.0	2.578833297431536
7	7	2023	7.5	25.87	0.0	2.443569790668761
8	7	2023	9.33	28.39	0.0	2.627012861379624
9	7	2023	11.31	31.11	0.0	2.813711703868479
10	7	2023	10.91	24.18	0.0	1.9901138104638936
11	7	2023	9.19	21.59	5.5	1.4121012404069513
12	7	2023	10.72	24.6	0.0	2.035341928000724
13	7	2023	12.14	26.47	0.0	2.1951065497970506
14	7	2023	10.25	23.05	0.0	1.9001517655215625
15	7	2023	8.35	24.83	0.0	2.2570716009511504
16	7	2023	8.28	23.79	0.0	2.1376093456777534
17	7	2023	9.13	27.25	6.64	2.035589250555947
18	7	2023	11.11	21.87	1.31	1.5532639929949523
19	7	2023	12.92	24.16	0.0	1.7452378009333152
20	7	2023	9.83	28.22	0.0	2.533376326746734
21	7	2023	10.92	30.13	0.0	2.6695359926497875
22	7	2023	11.2	30.58	0.0	2.689266070047439
23	7	2023	14.36	31.9	0.0	2.6590078491218745
24	7	2023	16.01	36.68	0.0	3.0585458329164834
25	7	2023	18.16	34.29	0.0	2.662570555824091
26	7	2023	11.57	27.93	0.0	2.3614785613235645
27	7	2023	8.52	23.36	0.0	1.9994628215385104
28	7	2023	7.46	21.92	0.0	1.885878723279757
29	7	2023	5.47	25.13	0.0	2.3151242013670013
30	7	2023	10.35	30.81	0.0	2.6887650118615
31	7	2023	15.45	33.68	0.0	2.73476405019597
1	8	2023	13.21	33.5	0.0	2.8074222306522905
2	8	2023	13.15	31.86	0.0	2.6274499299794893
3	8	2023	14.26	37.08	0.0	3.048481421311894
4	8	2023	14.77	28.18	0.0	1.9967482695342675
5	8	2023	10.34	27.64	0.0	2.282619188615202
6	8	2023	9.06	26.94	0.0	2.2637469220052897
7	8	2023	8.92	29.33	0.0	2.493554694106002
8	8	2023	10.38	25.58	0.0	2.009955365691454
9	8	2023	11.7	20.18	9.79	0.8273322250271181
10	8	2023	12.65	25.26	6.48	1.3238209153924376
11	8	2023	11.88	23.2	0.0	1.3979878869736349
12	8	2023	9.54	22.78	4.69	1.2625119224175867
13	8	2023	9.71	26.0	0.0	1.9182603519734611
14	8	2023	12.48	33.66	0.0	2.529669671470992
15	8	2023	14.03	31.15	0.0	2.169074753272304
16	8	2023	11.71	24.07	0.0	1.465540951805563
17	8	2023	8.5	32.33	0.0	2.5034023920367083
18	8	2023	14.23	27.64	0.0	1.6533549043976703
19	8	2023	8.42	20.58	0.0	1.2784721909880528
20	8	2023	5.4	21.51	1.98	1.610469579637953
21	8	2023	11.84	18.39	27.08	0.6219811262680542
22	8	2023	13.5	20.92	15.21	0.7298649866650356
23	8	2023	14.15	25.89	0.0	1.2843684081568771
24	8	2023	10.6	24.44	0.0	1.4410464891859571
25	8	2023	9.67	20.92	0.0	1.129673042827171
26	8	2023	9.82	30.38	0.0	2.100517345456712
27	8	2023	11.72	28.64	0.0	1.8186984405782072
28	8	2023	10.86	30.38	0.0	2.0257709396894055
29	8	2023	12.17	32.36	0.0	2.136164456387978
30	8	2023	14.87	28.82	0.0	1.5939636938949808
31	8	2023	11.97	23.0	2.2	1.0186122111178804
1	9	2023	13.59	28.08	0.0	1.6304501532301543
2	9	2023	13.27	30.18	0.0	1.9014439508330556
3	9	2023	8.43	32.75	0.0	2.299506152058957
4	9	2023	10.2	20.38	0.0	1.0007518465161116
5	9	2023	2.89	17.49	0.0	1.2120757310254566
6	9	2023	8.7	24.87	0.0	1.6745998635807966
7	9	2023	8.37	21.93	0.0	1.3697634035137196
8	9	2023	4.01	22.92	0.0	1.6687999445531922
9	9	2023	7.06	23.7	0.0	1.5935027958933865
10	9	2023	5.26	24.72	0.0	1.7375648203153589
11	9	2023	5.77	23.43	0.0	1.5897989076727363
12	9	2023	8.38	28.92	0.0	1.9352424847602765
13	9	2023	11.54	23.02	0.75	1.128806438937507
14	9	2023	7.45	20.99	0.0	1.2331725399732738
15	9	2023	4.3	22.38	0.0	1.5210118311742828
16	9	2023	6.55	30.48	0.0	2.058198260847955
17	9	2023	7.16	31.74	0.0	2.2215414540925824
18	9	2023	9.52	27.32	0.0	1.777689417321479
19	9	2023	6.05	18.43	1.47	1.0703684164348508
20	9	2023	4.75	20.88	0.0	1.3700522734643932
21	9	2023	3.24	21.8	0.0	1.4888957001476029
22	9	2023	4.67	22.3	0.0	1.4575863012516883
23	9	2023	11.16	19.16	0.0	0.7111608000257753
24	9	2023	10.43	24.04	0.0	1.251453413392802
25	9	2023	6.86	26.61	0.0	1.6898508059315551
26	9	2023	11.85	29.91	0.0	1.7227798600062518
27	9	2023	9.43	24.11	1.37	1.2946121303518496
28	9	2023	5.59	19.55	0.0	1.077400733630154
29	9	2023	2.49	18.51	0.0	1.137548334383442
30	9	2023	2.79	10.39	14.92	0.4833735865717672
1	10	2023	7.49	10.25	4.78	0.2070616869456226
2	10	2023	7.29	15.25	1.86	0.6248967262726627
3	10	2023	5.29	15.64	0.0	0.7707345373550949
4	10	2023	3.14	14.76	1.93	0.8071179638840849
5	10	2023	-1.13	8.95	0.0	0.6063243662404033
6	10	2023	-4.75	11.39	0.0	0.8492664101278478
7	10	2023	4.72	21.41	0.0	1.171737712575576
8	10	2023	2.68	23.38	0.0	1.3438328726144984
9	10	2023	4.29	22.98	0.0	1.2703840464814538
10	10	2023	3.52	22.04	0.0	1.2292519390222736
11	10	2023	4.32	16.86	0.0	0.866651563902365
12	10	2023	0.71	10.99	0.0	0.6367297346640453
13	10	2023	-3.4	12.39	0.0	0.8423199017392071
14	10	2023	-0.66	12.91	0.0	0.7925122825451855
15	10	2023	-0.32	16.31	0.0	0.9726975744817372
16	10	2023	1.62	20.11	0.0	1.1344878554793336
17	10	2023	7.21	20.58	0.0	0.968998564513419
18	10	2023	4.46	15.69	0.0	0.7615558081424783
19	10	2023	4.51	22.14	0.0	1.1589702033706095
20	10	2023	4.07	14.92	0.0	0.7200561158740129
21	10	2023	-2.73	12.06	0.0	0.7816722431388232
22	10	2023	2.59	10.58	0.0	0.5044510920146693
23	10	2023	-3.23	3.19	5.15	0.3045931761658235
24	10	2023	-11.14	-3.82	0.0	0.2583331694423883
25	10	2023	-14.7	-6.1	0.0	0.2545007784176362
26	10	2023	-13.61	-5.87	0.0	0.2412897864598404
27	10	2023	-9.17	-3.99	0.66	0.2040560788337005
28	10	2023	-9.36	-3.13	0.56	0.2444735943848076
29	10	2023	-8.68	-0.85	0.0	0.3213374851528754
30	10	2023	-14.47	-4.72	0.0	0.2997662235278677
31	10	2023	-14.12	2.37	0.0	0.529092287478842
1	11	2023	-8.83	0.25	0.0	0.3629664520856914
2	11	2023	-6.48	3.91	0.0	0.4615939163677005
3	11	2023	-6.65	1.4	0.0	0.3505573735057917
4	11	2023	-5.18	4.66	1.16	0.4571680376880864
5	11	2023	-0.41	4.35	3.23	0.2425651922052934
6	11	2023	0.68	3.99	0.0	0.1864304045359513
7	11	2023	0.06	3.41	8.51	0.1742793641674646
8	11	2023	-1.14	3.9	0.0	0.2671416752212726
9	11	2023	-6.18	0.58	0.0	0.2923485372457636
10	11	2023	-8.13	2.85	0.0	0.4380682322600079
11	11	2023	-3.5	8.49	0.0	0.576523833690139
12	11	2023	-2.39	8.69	0.0	0.5544918559854026
13	11	2023	-3.09	9.91	0.0	0.6285675023627637
14	11	2023	-1.78	8.24	0.0	0.5099558309297069
15	11	2023	-4.35	6.92	0.0	0.5176923105886676
16	11	2023	-9.12	2.79	0.0	0.4448024241434503
17	11	2023	-2.55	11.13	0.0	0.6641198795621226
18	11	2023	-3.07	14.08	0.0	0.8076915451899679
19	11	2023	-0.92	12.52	0.0	0.6865190820543932
20	11	2023	-3.99	5.83	0.0	0.4500168695333443
21	11	2023	-9.15	9.63	0.0	0.693200974499203
22	11	2023	-7.98	2.05	0.0	0.3835108920925115
23	11	2023	-15.91	-6.0	0.0	0.2524522141425316
24	11	2023	-12.88	-0.38	0.0	0.3779467142329823
25	11	2023	-8.19	1.34	0.33	0.3623598060578923
26	11	2023	-14.21	-3.97	0.0	0.2885217544281686
27	11	2023	-8.66	0.85	0.0	0.3508531637741514
28	11	2023	-4.39	5.12	0.0	0.413637269282185
29	11	2023	-6.04	2.85	0.0	0.3600089637698374
30	11	2023	-10.5	-1.68	0.0	0.2903815879010549
1	12	2023	-14.52	0.27	0.0	0.408227550623382
2	12	2023	-10.58	2.12	0.0	0.4202719733073314
3	12	2023	-12.57	1.58	1.74	0.4333324274830706
4	12	2023	-6.93	0.78	0.0	0.2991009988782039
5	12	2023	-8.3	9.76	0.0	0.6761833688687617
6	12	2023	-2.53	8.84	0.0	0.5286213184994557
7	12	2023	-0.5	3.42	0.3	0.1904966377561072
8	12	2023	-6.69	0.49	0.0	0.2727716863189544
9	12	2023	-9.09	-0.43	0.0	0.2965476607315604
10	12	2023	-7.31	2.04	0.0	0.3482142984902767
11	12	2023	-11.34	-0.7	0.0	0.3303178653034063
12	12	2023	-13.45	2.24	0.0	0.4507649568946368
13	12	2023	-6.25	9.35	0.0	0.6173424351401394
14	12	2023	-4.24	6.49	0.0	0.4549318445399408
15	12	2023	-5.5	4.26	0.0	0.3922038064271934
16	12	2023	-2.74	4.52	0.0	0.3235907061019663
17	12	2023	-9.96	1.76	0.0	0.3893374450833134
18	12	2023	-10.7	4.17	0.0	0.4840933602259879
19	12	2023	-2.52	0.46	0.0	0.1320419785985337
20	12	2023	-3.86	8.39	0.0	0.5292961834174859
21	12	2023	-5.62	4.86	0.0	0.4208452592632872
22	12	2023	-4.9	11.39	0.0	0.6796987396454499
23	12	2023	-5.81	3.3	0.0	0.3610672403754085
24	12	2023	-12.27	0.79	0.0	0.3918145882136628
25	12	2023	-10.33	5.9	0.0	0.5407648305806634
26	12	2023	-10.02	7.89	0.0	0.608909920723138
27	12	2023	-8.17	6.19	0.0	0.522726543045148
28	12	2023	-8.75	10.42	0.0	0.6912040703792546
29	12	2023	-8.17	5.42	0.0	0.4930886428385818
30	12	2023	-13.2	0.96	0.0	0.407185531045964
31	12	2023	-9.63	4.75	0.0	0.4911549773041617
