MinTemp,MaxTemp,Precipitation,ReferenceET,Date
-31.25,-13.11,0.0,0.1834570583861275,2018-01-01
-21.7,-4.84,0.0,0.31511422543405,2018-01-02
-13.97,-1.99,0.0,0.3319916215200477,2018-01-03
-13.52,-5.23,0.0,0.2288551432373203,2018-01-04
-13.83,-6.08,0.0,0.2096148800723411,2018-01-05
-11.91,1.48,0.0,0.4167909942292147,2018-01-06
-8.28,1.16,0.0,0.3428469520660326,2018-01-07
-9.64,-1.82,0.0,0.264464812250384,2018-01-08
-10.92,0.26,0.0,0.3631145086934075,2018-01-09
-23.89,-17.04,0.44,0.1,2018-01-10
-29.05,-21.79,0.0,0.1,2018-01-11
-31.23,-20.49,0.0,0.1,2018-01-12
-27.17,-7.92,0.0,0.2672952564426326,2018-01-13
-22.38,-9.98,0.0,0.2172148066849603,2018-01-14
-29.21,-15.18,0.0,0.1588956691178086,2018-01-15
-20.82,-0.34,0.0,0.4285531961420489,2018-01-16
-9.08,3.67,0.0,0.4652138707091415,2018-01-17
-7.18,7.69,0.0,0.5940873618568354,2018-01-18
-4.9,4.09,0.0,0.3909849308031867,2018-01-19
-8.08,1.17,0.0,0.3517267276926918,2018-01-20
-11.91,-0.77,0.0,0.3576106831122063,2018-01-21
-10.84,3.81,0.0,0.5045899145272444,2018-01-22
-10.9,0.47,0.0,0.3868280164002057,2018-01-23
-10.58,-2.21,0.0,0.2853660528766268,2018-01-24
-9.26,-0.87,0.0,0.306375855098538,2018-01-25
-12.6,-7.13,0.69,0.1651018832667714,2018-01-26
-19.52,-13.37,0.0,0.1252019049930118,2018-01-27
-21.68,-13.86,0.58,0.1427972870419818,2018-01-28
-22.56,-2.23,0.0,0.4003226651837225,2018-01-29
-12.0,2.79,0.0,0.4981974283572083,2018-01-30
-23.2,-14.34,0.0,0.1513906308997648,2018-01-31
-26.5,-15.02,0.0,0.163253651133378,2018-02-01
-21.92,-17.47,4.01,0.1,2018-02-02
-27.28,-20.34,1.3,0.1,2018-02-03
-28.82,-16.48,0.0,0.1532130459007062,2018-02-04
-26.63,-15.6,0.0,0.1582409734340418,2018-02-05
-28.02,-17.51,0.0,0.1365050758970286,2018-02-06
-27.49,-13.7,0.0,0.1941456506560361,2018-02-07
-26.51,-17.02,0.0,0.1366473170279074,2018-02-08
-28.6,-16.54,0.0,0.1553606953918035,2018-02-09
-21.12,-9.88,0.0,0.2376990248229498,2018-02-10
-27.54,-16.13,0.0,0.1586108570860147,2018-02-11
-32.32,-12.4,0.0,0.2194535489520037,2018-02-12
-18.93,1.97,0.0,0.634245208391273,2018-02-13
-13.78,1.09,2.23,0.5258730950019886,2018-02-14
-27.87,-13.04,0.0,0.2142221930801135,2018-02-15
-21.05,-4.21,0.0,0.427004572940007,2018-02-16
-19.12,-10.66,0.0,0.2052792667723407,2018-02-17
-22.65,-12.69,0.0,0.1977266626147485,2018-02-18
-27.62,-13.68,0.0,0.2076370707222679,2018-02-19
-23.79,-12.05,0.0,0.2227677264315038,2018-02-20
-29.49,-10.37,0.0,0.2778774719548834,2018-02-21
-24.66,-8.81,0.0,0.3231342839873226,2018-02-22
-19.66,-6.92,0.0,0.3647341621183563,2018-02-23
-16.34,-1.56,0.0,0.5705482630227137,2018-02-24
-16.75,-1.18,0.0,0.5917928084957124,2018-02-25
-14.82,-4.44,0.0,0.4128875744210567,2018-02-26
-14.65,-1.76,0.0,0.5602942864942775,2018-02-27
-13.41,0.72,0.0,0.6919017122992606,2018-02-28
-17.78,-2.04,0.0,0.5824147848547823,2018-03-01
-13.22,-4.34,0.0,0.4428782192181124,2018-03-02
-7.98,-4.48,4.68,0.1471700848837573,2018-03-03
-10.82,-5.42,8.94,0.2007349789538852,2018-03-04
-14.5,-8.66,0.0,0.1969172275777708,2018-03-05
-17.47,-7.45,0.0,0.3237926944552272,2018-03-06
-23.54,-6.25,0.0,0.4238148704069091,2018-03-07
-24.09,-7.89,0.0,0.3763832551924245,2018-03-08
-12.65,-1.02,0.0,0.5922124839645474,2018-03-09
-12.11,-1.1,0.0,0.5808333765942973,2018-03-10
-13.83,2.76,0.0,0.8308042456518381,2018-03-11
-15.62,-0.64,0.0,0.6666977504743322,2018-03-12
-15.62,2.43,0.0,0.8197672838891702,2018-03-13
-15.51,-0.99,0.0,0.6622780551582109,2018-03-14
-10.72,-3.08,0.0,0.4180778009950548,2018-03-15
-7.06,1.99,0.0,0.7061620307900336,2018-03-16
-3.95,0.29,2.61,0.2356813023069213,2018-03-17
-5.99,1.45,0.88,0.596212900931669,2018-03-18
-8.72,-0.45,0.0,0.5702278353685151,2018-03-19
-8.58,1.84,0.0,0.7753028756983125,2018-03-20
-10.72,2.62,0.0,0.8881495631113867,2018-03-21
-8.79,0.64,0.0,0.7000533145902825,2018-03-22
-4.92,0.46,4.13,0.3043698693283216,2018-03-23
-9.51,3.11,0.0,0.9370879656339368,2018-03-24
-6.08,1.81,0.0,0.731685191496124,2018-03-25
-7.22,4.35,0.0,1.038162055587239,2018-03-26
-9.37,4.06,0.0,1.0559110666619815,2018-03-27
-13.39,-2.03,0.54,0.7076062172354805,2018-03-28
-18.64,-7.1,0.64,0.4890886808592024,2018-03-29
-22.32,-12.27,0.0,0.3092529494386503,2018-03-30
-21.97,-9.88,0.0,0.4123986119903992,2018-03-31
-18.74,-5.33,0.0,0.6004641080169668,2018-04-01
-20.0,-5.05,0.0,0.6116733344767952,2018-04-02
-16.71,-3.68,0.0,0.6784546304379423,2018-04-03
-17.93,-2.41,0.0,0.7416651575104202,2018-04-04
-18.19,-8.76,0.0,0.4176605931469949,2018-04-05
-23.15,-9.07,0.0,0.4595910006189778,2018-04-06
-20.8,-5.0,0.0,0.629936511017925,2018-04-07
-12.37,-2.68,0.0,0.7050291955915416,2018-04-08
-7.43,1.13,0.0,0.8760325549257787,2018-04-09
-9.78,6.96,0.0,1.3373805937502,2018-04-10
-2.89,1.98,0.81,0.625591138145267,2018-04-11
-5.12,-0.69,0.0,0.4772958428607267,2018-04-12
-4.99,0.82,0.0,0.724942099823719,2018-04-13
-3.48,7.1,0.0,1.4185837421631784,2018-04-14
-3.17,8.87,0.0,1.535787903880279,2018-04-15
-1.25,4.61,2.98,0.7161318119026879,2018-04-16
-2.12,1.38,4.76,0.2609018230217166,2018-04-17
-5.11,9.45,0.0,1.5746107620012488,2018-04-18
-1.57,11.94,0.0,1.7490717382051018,2018-04-19
-0.03,17.98,0.0,2.1302141311579783,2018-04-20
1.37,19.17,0.0,2.2188898217262607,2018-04-21
2.36,13.58,0.0,1.8384378359529077,2018-04-22
-0.56,13.32,0.0,1.843845916224615,2018-04-23
-1.15,19.97,0.0,2.2329364613748126,2018-04-24
3.25,17.31,0.0,2.109153567476241,2018-04-25
-0.53,21.83,0.0,2.353257785514091,2018-04-26
-0.42,16.07,0.0,2.0204176257309108,2018-04-27
1.72,26.26,0.0,2.553318285909614,2018-04-28
6.37,20.37,0.0,2.227792249832107,2018-04-29
0.75,11.24,0.0,1.535640845713794,2018-04-30
-2.87,16.73,0.0,1.9709039467270189,2018-05-01
1.02,18.17,0.0,2.101777120161974,2018-05-02
5.54,21.47,0.0,2.32841175498137,2018-05-03
4.68,23.96,0.0,2.4950258846768545,2018-05-04
5.54,24.41,0.0,2.5278594372849184,2018-05-05
4.49,27.08,0.0,2.682662656999045,2018-05-06
11.35,26.27,0.0,2.621528385318566,2018-05-07
8.58,16.52,6.71,1.41743726528921,2018-05-08
3.07,12.93,0.0,1.5985886782518497,2018-05-09
2.66,10.61,3.29,1.0072011226506177,2018-05-10
4.34,9.95,1.74,0.8714419156807374,2018-05-11
2.96,18.15,0.0,2.128998091212891,2018-05-12
6.2,26.0,0.0,2.6615301678351555,2018-05-13
3.83,24.34,0.0,2.5425256590995495,2018-05-14
11.52,31.37,0.0,3.0080713944666835,2018-05-15
9.6,27.25,0.0,2.7283783109587287,2018-05-16
7.25,14.61,3.18,1.008807632879082,2018-05-17
3.9,17.78,0.0,2.074022001648308,2018-05-18
2.2,21.39,0.0,2.3450459060836204,2018-05-19
2.64,24.64,0.0,2.559802907249634,2018-05-20
10.5,29.82,0.0,2.917384585138768,2018-05-21
10.12,26.62,0.0,2.6812536494199612,2018-05-22
9.14,28.82,3.63,2.6124923901862727,2018-05-23
11.42,26.39,2.09,2.288521983251873,2018-05-24
10.5,27.29,0.0,2.736634025012761,2018-05-25
10.22,29.73,1.96,2.930121045968972,2018-05-26
9.85,25.31,0.0,2.598993581117812,2018-05-27
9.71,30.02,0.0,2.965460688187279,2018-05-28
12.96,27.4,0.0,2.706205501603483,2018-05-29
10.32,23.1,5.74,1.9081049291350032,2018-05-30
8.31,14.01,0.0,0.827129620772375,2018-05-31
8.25,14.22,9.39,0.6490911863612916,2018-06-01
6.9,18.28,0.0,1.82144520118621,2018-06-02
7.52,23.93,0.0,2.57538133703041,2018-06-03
10.09,27.81,2.71,2.520228280925528,2018-06-04
9.65,20.95,0.0,2.115561068553208,2018-06-05
6.84,26.57,0.0,2.784517716161068,2018-06-06
8.53,27.09,0.0,2.8103860026428844,2018-06-07
12.65,24.58,0.0,2.3836656980013604,2018-06-08
12.76,30.27,0.0,2.9927608000637127,2018-06-09
13.49,24.1,0.0,2.1669696075106035,2018-06-10
6.03,18.1,0.0,1.941886081883802,2018-06-11
7.27,21.75,0.0,2.3746626240729447,2018-06-12
7.54,25.61,0.0,2.712422371053619,2018-06-13
9.14,22.86,1.27,2.43262419436141,2018-06-14
8.86,23.34,0.0,2.504532249673374,2018-06-15
7.45,20.88,0.0,2.283251607651632,2018-06-16
7.91,25.22,0.0,2.6830352336148513,2018-06-17
8.53,27.08,0.0,2.818642903330774,2018-06-18
11.13,26.27,0.0,2.7217954831287794,2018-06-19
10.19,28.98,0.0,2.9524172271465283,2018-06-20
12.16,29.21,0.0,2.9436312360808827,2018-06-21
14.08,27.76,0.0,2.773290426227029,2018-06-22
12.51,26.54,10.45,2.3604325470315715,2018-06-23
14.86,25.83,0.0,2.3415475222286717,2018-06-24
14.06,29.41,2.19,2.462857430783496,2018-06-25
12.23,24.82,0.0,2.442961519550984,2018-06-26
7.2,25.34,0.0,2.7207185261349234,2018-06-27
7.66,24.35,0.0,2.6395321781737353,2018-06-28
10.83,22.68,0.0,2.2479831600089124,2018-06-29
12.06,24.54,5.44,1.950499965033872,2018-06-30
10.85,20.7,4.1,1.400751348276767,2018-07-01
8.73,22.57,3.67,1.8283964990400792,2018-07-02
6.1,20.73,9.64,1.742353992020696,2018-07-03
10.2,18.89,6.19,1.0375114893674902,2018-07-04
7.96,24.71,0.0,2.3755308083322784,2018-07-05
14.33,33.08,0.0,2.9837077506368943,2018-07-06
14.16,30.1,0.0,2.657938769459797,2018-07-07
10.5,24.74,0.0,2.2195778711113796,2018-07-08
9.42,28.15,0.0,2.6638593148072713,2018-07-09
12.96,28.84,4.46,2.0749207194771295,2018-07-10
14.29,25.29,0.0,1.8420856563858987,2018-07-11
13.97,29.01,0.0,2.453367093496231,2018-07-12
13.39,32.3,0.0,2.866402321676544,2018-07-13
12.14,21.32,0.0,1.411746776560734,2018-07-14
8.53,25.43,0.0,2.3518943249068385,2018-07-15
6.62,26.04,0.0,2.487721516662195,2018-07-16
10.39,33.95,0.0,3.116087144005528,2018-07-17
15.91,31.28,0.0,2.6211227596806665,2018-07-18
13.97,28.05,0.0,2.339108500709464,2018-07-19
12.78,29.49,0.0,2.6120525420426532,2018-07-20
15.1,27.26,0.0,2.095806576826496,2018-07-21
11.0,23.14,0.0,1.8938263215532976,2018-07-22
9.24,23.63,0.0,2.10899750097036,2018-07-23
8.3,23.22,2.06,1.7096073766787874,2018-07-24
9.22,21.58,0.0,1.7920036354421287,2018-07-25
6.55,23.32,0.0,2.174446411667409,2018-07-26
9.33,23.67,0.0,2.0574847793116544,2018-07-27
8.76,26.86,0.0,2.4411990238465964,2018-07-28
8.76,29.51,0.0,2.6682182298684896,2018-07-29
11.34,32.22,0.0,2.8208665440758196,2018-07-30
11.93,24.38,0.0,1.849778163361809,2018-07-31
7.76,28.2,0.0,2.5291620389456515,2018-08-01
14.67,30.87,3.02,2.0092403902568043,2018-08-02
13.29,29.05,2.52,1.8628707382287224,2018-08-03
13.17,22.9,2.09,1.0303640349285457,2018-08-04
13.06,23.34,2.99,1.106690218064602,2018-08-05
10.79,29.44,0.0,2.4128975819741303,2018-08-06
12.65,31.28,0.0,2.545790409547694,2018-08-07
11.59,30.02,0.0,2.4583300669031947,2018-08-08
13.01,33.72,0.0,2.7641309528467857,2018-08-09
13.99,38.9,0.0,3.145803127665592,2018-08-10
15.09,35.44,0.0,2.802463236814988,2018-08-11
13.0,23.32,0.71,1.4015556516424124,2018-08-12
8.42,17.31,0.0,0.99380633161432,2018-08-13
3.84,28.04,0.0,2.419749697375177,2018-08-14
11.36,28.97,0.0,2.2817131623115885,2018-08-15
9.77,28.29,0.0,2.311242126694122,2018-08-16
10.53,32.52,0.0,2.650857894870869,2018-08-17
10.61,24.84,0.0,1.8321080300621997,2018-08-18
3.87,23.84,0.0,2.047305248675239,2018-08-19
5.32,23.1,0.0,1.916534304655332,2018-08-20
5.43,26.87,0.0,2.2325700811033724,2018-08-21
9.59,30.45,0.0,2.4361735195106484,2018-08-22
8.81,28.81,0.0,2.312999268793383,2018-08-23
8.39,21.14,0.0,1.467216726320676,2018-08-24
7.51,19.35,0.0,1.3180952128591883,2018-08-25
7.99,17.24,2.38,0.7758125653417351,2018-08-26
7.87,13.45,4.17,0.4684236129804389,2018-08-27
6.67,18.63,0.0,1.2550071163362575,2018-08-28
6.42,26.86,0.0,2.168699490776529,2018-08-29
10.11,22.47,1.04,1.4699092005621626,2018-08-30
7.49,19.95,0.0,1.4420932090797305,2018-08-31
6.72,20.12,0.0,1.5144518598161625,2018-09-01
3.67,20.23,0.0,1.6787696819183604,2018-09-02
4.73,22.31,0.0,1.8380148465616577,2018-09-03
2.84,14.77,0.0,1.1275761424765205,2018-09-04
-0.35,21.63,0.0,1.8496198946869729,2018-09-05
3.23,24.29,0.0,1.9934650004543204,2018-09-06
7.18,24.53,0.0,1.8892511842659108,2018-09-07
11.27,27.48,0.0,1.969055293798849,2018-09-08
7.95,22.02,0.0,1.5674273506905778,2018-09-09
3.63,22.17,0.0,1.7716879065325168,2018-09-10
6.26,17.07,0.0,1.0673754463445668,2018-09-11
4.76,14.24,2.92,0.6944376277745202,2018-09-12
3.85,11.58,2.01,0.551843409451074,2018-09-13
1.98,8.93,0.0,0.5162366492419215,2018-09-14
5.21,12.0,4.67,0.5065480938670114,2018-09-15
6.69,9.71,7.16,0.2398694968401982,2018-09-16
3.72,12.68,0.51,0.7111370941161697,2018-09-17
4.12,11.33,0.0,0.581283091112602,2018-09-18
2.47,14.59,0.0,0.9790559037130628,2018-09-19
2.94,10.82,0.0,0.6149387369217293,2018-09-20
0.92,7.7,3.88,0.4482124029826927,2018-09-21
-0.56,0.96,8.46,0.1018333135000175,2018-09-22
-0.34,3.85,0.49,0.2946532784701873,2018-09-23
-0.29,12.47,0.94,0.9291364847020858,2018-09-24
1.24,13.4,0.83,0.9166004239653054,2018-09-25
3.44,16.14,0.0,1.0252031741566845,2018-09-26
-1.49,8.75,0.0,0.6722890002808696,2018-09-27
-3.79,8.33,0.0,0.7256051025683459,2018-09-28
-1.94,6.85,0.0,0.5664510717992967,2018-09-29
-7.58,3.86,0.87,0.6042472751175479,2018-09-30
-2.37,4.97,1.79,0.4612288350343362,2018-10-01
-1.68,2.76,2.23,0.2581711847603616,2018-10-02
-2.81,5.14,0.0,0.4931368464946523,2018-10-03
-5.99,5.03,0.0,0.603416405885558,2018-10-04
-3.04,8.36,0.0,0.7354973742305541,2018-10-05
-4.6,11.66,0.0,0.9902294764135926,2018-10-06
-2.71,13.3,0.0,1.0503599192846491,2018-10-07
-2.56,1.26,0.0,0.2351998638577947,2018-10-08
-3.94,1.06,0.0,0.2931343133452126,2018-10-09
-7.15,4.25,0.0,0.5860825973835821,2018-10-10
-8.99,6.26,0.0,0.7236695407684446,2018-10-11
-4.78,7.65,7.77,0.6196794573558294,2018-10-12
-5.57,-1.46,0.0,0.2171561884292477,2018-10-13
-9.71,3.71,0.0,0.5795038147815906,2018-10-14
-0.9,13.0,0.0,0.8761619280192123,2018-10-15
-0.59,10.78,0.0,0.7019009087973083,2018-10-16
-1.42,21.15,0.0,1.33658785817277,2018-10-17
2.47,19.11,0.0,1.1344607968939855,2018-10-18
-3.17,13.0,0.0,0.8724446366712327,2018-10-19
-7.06,17.01,0.0,1.1134322119451892,2018-10-20
-1.52,14.33,0.0,0.8840927326545933,2018-10-21
-5.95,11.16,0.0,0.8040152988784474,2018-10-22
-4.1,15.89,0.0,1.0025525110770537,2018-10-23
-1.79,19.19,0.0,1.1386598515072408,2018-10-24
-0.31,15.31,0.0,0.8797023869735006,2018-10-25
-2.0,12.35,0.0,0.7614969162803774,2018-10-26
-0.65,12.75,0.0,0.7412130620976043,2018-10-27
-5.33,9.38,0.0,0.6821197984789708,2018-10-28
0.05,9.69,0.0,0.5405299996599976,2018-10-29
-1.84,7.17,0.0,0.4697264239741902,2018-10-30
-3.27,10.18,0.0,0.663529202883296,2018-10-31
-2.96,3.86,2.11,0.3152096179558006,2018-11-01
-2.42,-0.33,3.79,0.1,2018-11-02
-4.84,0.93,0.0,0.2579052555488514,2018-11-03
-2.67,3.39,3.46,0.281153686795218,2018-11-04
-8.28,-1.39,1.46,0.2704509586048779,2018-11-05
-12.94,-8.64,0.0,0.1296917144543984,2018-11-06
-12.9,-10.17,0.0,0.1,2018-11-07
-18.0,-9.79,0.0,0.1915487215164129,2018-11-08
-21.86,-4.02,2.38,0.343761173625459,2018-11-09
-9.84,-3.61,0.95,0.2215346332226657,2018-11-10
-11.52,-6.84,0.0,0.1498130709648815,2018-11-11
-15.96,-4.3,0.0,0.3107713308954411,2018-11-12
-8.59,4.71,0.0,0.5134714719269705,2018-11-13
-1.68,5.75,0.0,0.374271193629716,2018-11-14
-1.97,3.82,0.36,0.2864788428576426,2018-11-15
-17.11,-5.41,0.0,0.2895581756273084,2018-11-16
-19.53,-6.25,0.0,0.2884569755494186,2018-11-17
-11.4,-6.42,1.2,0.1584633402224946,2018-11-18
-13.35,1.27,0.0,0.4470345376329232,2018-11-19
-5.61,2.9,0.0,0.3656969034504077,2018-11-20
-5.65,2.08,0.0,0.3304047263056213,2018-11-21
-2.14,5.87,0.0,0.3954729435005746,2018-11-22
-5.41,3.44,0.0,0.3832897907060473,2018-11-23
-7.97,-5.24,0.0,0.1028014631153444,2018-11-24
-8.28,-5.02,0.0,0.1213146133677704,2018-11-25
-7.48,-3.62,0.0,0.1501966645772189,2018-11-26
-5.08,-0.61,0.0,0.1916856812532379,2018-11-27
-6.46,-2.72,0.0,0.1496801461761132,2018-11-28
-6.11,-0.39,0.0,0.2348999207807456,2018-11-29
-8.39,-2.9,0.0,0.2022852442259118,2018-11-30
-7.56,-4.77,5.04,0.101783702541697,2018-12-01
-8.69,-4.12,0.0,0.1678657961073076,2018-12-02
-13.17,-4.77,0.0,0.2481542337837716,2018-12-03
-13.82,-6.33,1.1,0.2125132223917801,2018-12-04
-14.13,-6.68,0.64,0.206971256223147,2018-12-05
-14.75,-8.65,0.0,0.1619394120864214,2018-12-06
-18.84,-7.47,0.0,0.2449738803002353,2018-12-07
-17.94,-7.15,0.0,0.243441312497705,2018-12-08
-14.93,-2.68,0.0,0.3290293182558094,2018-12-09
-13.51,1.22,0.0,0.4290603255007272,2018-12-10
-8.31,0.63,0.0,0.329581353907602,2018-12-11
-5.31,0.69,0.0,0.2521059698061964,2018-12-12
-9.41,2.82,0.0,0.4295812948171057,2018-12-13
-8.11,5.15,0.0,0.4936823086868844,2018-12-14
-2.74,4.52,0.0,0.3374341332476094,2018-12-15
-11.93,-3.57,0.0,0.256466549460054,2018-12-16
-7.98,4.94,0.0,0.4827941863017199,2018-12-17
-4.32,4.6,0.0,0.3889258497982859,2018-12-18
-3.68,2.74,0.0,0.2878370432436651,2018-12-19
-7.56,2.38,0.0,0.3776679102305798,2018-12-20
-4.41,3.39,0.0,0.3393305455827285,2018-12-21
-8.6,-4.58,0.0,0.1429777759701845,2018-12-22
-15.41,-5.2,2.69,0.2525675296986029,2018-12-23
-15.68,-8.6,1.66,0.1760088325763167,2018-12-24
-16.87,-9.53,0.0,0.1703225794006859,2018-12-25
-14.05,-6.66,0.0,0.2014064998222224,2018-12-26
-19.25,-9.15,1.08,0.2075725998152288,2018-12-27
-18.98,-5.41,0.0,0.2904257702479541,2018-12-28
-12.55,-3.31,1.33,0.2748715299347764,2018-12-29
-19.04,-10.04,0.84,0.1853995102763868,2018-12-30
-26.8,-15.59,0.0,0.142675176254852,2018-12-31
-24.61,-1.99,0.0,0.3770905683809494,2019-01-01
-9.6,4.03,0.0,0.4730887762879481,2019-01-02
-5.09,3.88,0.0,0.374349259504927,2019-01-03
-7.73,2.74,0.0,0.3919247688138459,2019-01-04
-6.48,-2.78,0.0,0.1412942762643166,2019-01-05
-6.03,1.76,0.0,0.3120691641117324,2019-01-06
-13.19,-2.65,1.0,0.3051094821041149,2019-01-07
-20.76,-14.56,0.0,0.1104622061259754,2019-01-08
-22.07,-8.1,0.0,0.2515450594126598,2019-01-09
-14.33,-7.12,0.0,0.1923473763128604,2019-01-10
-17.0,-8.87,0.0,0.1884531812544589,2019-01-11
-13.59,0.59,0.0,0.4154798512516964,2019-01-12
-11.74,-0.52,0.0,0.3564713658249752,2019-01-13
-11.49,-1.11,0.0,0.3331791708172045,2019-01-14
-16.61,-5.05,0.0,0.2860551440669218,2019-01-15
-17.71,-13.28,0.68,0.1,2019-01-16
-24.13,-15.95,0.0,0.123293535545243,2019-01-17
-26.77,-17.55,0.0,0.1179134943839232,2019-01-18
-20.75,-15.04,4.25,0.1000485598224519,2019-01-19
-18.67,-10.31,0.0,0.1815576277973744,2019-01-20
-17.67,-5.93,0.0,0.2797236653691697,2019-01-21
-14.8,-2.83,0.0,0.3362035066216339,2019-01-22
-21.3,-5.02,0.0,0.3276448848261584,2019-01-23
-28.16,-8.92,0.0,0.2588922971211679,2019-01-24
-20.56,-3.97,0.0,0.3521441415120553,2019-01-25
-11.21,0.08,1.93,0.3864241752776851,2019-01-26
-7.55,3.78,1.91,0.461562142314658,2019-01-27
-21.64,-10.67,0.0,0.2108017506365654,2019-01-28
-29.14,-20.15,0.0,0.1012126925429181,2019-01-29
-23.22,-10.8,0.38,0.2206513489972512,2019-01-30
-14.83,-0.55,0.0,0.4223992274265399,2019-01-31
-18.9,-8.38,0.0,0.2440463073469475,2019-02-01
-22.29,-16.01,0.0,0.1129593045361381,2019-02-02
-25.49,-21.84,1.22,0.1,2019-02-03
-26.03,-22.41,3.52,0.1,2019-02-04
-32.63,-22.65,0.0,0.1,2019-02-05
-35.95,-25.95,0.0,0.1,2019-02-06
-37.45,-24.54,0.0,0.1,2019-02-07
-36.68,-24.72,0.0,0.1,2019-02-08
-33.32,-23.55,0.0,0.1,2019-02-09
-31.45,-21.31,0.0,0.1050016048282398,2019-02-10
-28.49,-17.42,1.72,0.1456343674641513,2019-02-11
-31.6,-20.01,0.35,0.1226977604312027,2019-02-12
-28.08,-20.33,0.0,0.1019084530327689,2019-02-13
-32.38,-19.98,0.0,0.1266430430642593,2019-02-14
-32.59,-17.67,2.1,0.1447705419390972,2019-02-15
-21.38,-14.39,4.43,0.1354782882219657,2019-02-16
-20.67,-15.0,1.4,0.1234519037634018,2019-02-17
-26.36,-17.87,0.0,0.1312899608118986,2019-02-18
-28.43,-11.03,0.0,0.2561994360243553,2019-02-19
-23.11,-8.57,1.14,0.2985783226754072,2019-02-20
-23.9,-12.49,0.0,0.2186608076217065,2019-02-21
-27.03,-11.19,0.0,0.2575423363932897,2019-02-22
-23.5,-13.85,0.44,0.1904151856512941,2019-02-23
-31.05,-20.41,0.0,0.1256188431305911,2019-02-24
-33.31,-18.81,0.0,0.1515439361411594,2019-02-25
-29.16,-16.82,0.0,0.1725824445684699,2019-02-26
-22.1,-8.67,0.0,0.3251624545963953,2019-02-27
-17.71,-8.32,0.0,0.2852359912284073,2019-02-28
-26.52,-16.55,0.0,0.1676675224008303,2019-03-01
-32.9,-21.11,0.0,0.127630953185113,2019-03-02
-26.47,-16.36,0.0,0.1736504269360598,2019-03-03
-22.44,-11.16,0.0,0.2662105912486324,2019-03-04
-18.37,-8.88,0.0,0.2949829009142389,2019-03-05
-25.56,-13.56,0.0,0.2254208316392119,2019-03-06
-23.65,-8.47,0.0,0.3664900501527815,2019-03-07
-16.59,-4.75,0.0,0.4727645514613355,2019-03-08
-15.62,-5.12,0.0,0.4438887970137261,2019-03-09
-21.44,-6.48,0.0,0.4426616019908747,2019-03-10
-16.73,1.49,0.0,0.7756537402111973,2019-03-11
-3.53,3.38,0.0,0.6243454213210619,2019-03-12
-5.41,2.47,0.0,0.6791545087702217,2019-03-13
-9.56,1.36,0.0,0.7688267926707683,2019-03-14
-11.53,2.89,0.0,0.9058453591445282,2019-03-15
-8.63,3.65,0.0,0.940450331397662,2019-03-16
-10.42,4.23,0.0,1.004280957718746,2019-03-17
-3.32,5.14,0.0,0.8992005356583456,2019-03-18
-3.48,9.75,0.0,1.367024812080054,2019-03-19
-2.13,13.5,0.0,1.624905278141168,2019-03-20
-1.74,11.91,0.0,1.5463604410120673,2019-03-21
-1.86,14.13,0.0,1.6737359920323058,2019-03-22
-2.04,13.24,0.0,1.6288526533348984,2019-03-23
-4.42,4.07,0.0,0.8931566222447085,2019-03-24
-6.89,4.24,0.0,1.0689565931019345,2019-03-25
-0.98,16.94,0.0,1.8584106953020112,2019-03-26
-1.26,5.99,0.0,0.9872117361914492,2019-03-27
-5.93,7.22,0.0,1.3106714985606465,2019-03-28
-4.72,4.71,0.0,1.0832873278852997,2019-03-29
-6.18,14.3,0.0,1.6723235914989425,2019-03-30
-4.86,5.41,0.0,1.1673092038986774,2019-03-31
-3.51,8.73,1.15,1.4162033404386078,2019-04-01
-5.94,5.01,0.0,1.1623375827334412,2019-04-02
-8.05,11.75,0.0,1.5392085537138915,2019-04-03
-1.0,13.92,0.0,1.7405435513229657,2019-04-04
-3.75,8.51,0.0,1.4136948178151818,2019-04-05
1.04,9.84,0.94,1.4165483075436098,2019-04-06
0.44,16.92,0.0,1.94742462087913,2019-04-07
-2.87,16.62,0.0,1.8975185474223013,2019-04-08
-4.66,10.09,0.0,1.5212063528479658,2019-04-09
-5.35,8.85,0.0,1.453744910053668,2019-04-10
-7.7,7.79,0.0,1.3799657868007569,2019-04-11
-8.55,9.92,0.0,1.480409877194539,2019-04-12
-5.07,15.16,0.0,1.8089386158946563,2019-04-13
3.58,16.62,0.0,1.9410713557279309,2019-04-14
-0.92,14.01,0.0,1.7883245370089216,2019-04-15
-4.43,13.6,0.0,1.7458258966813076,2019-04-16
0.17,15.24,0.0,1.8724059126490316,2019-04-17
-0.51,17.42,0.0,2.0129183270161506,2019-04-18
5.78,21.11,0.0,2.1936875514490506,2019-04-19
3.87,17.35,0.0,1.950101795702532,2019-04-20
-1.65,14.68,0.0,1.7920625317722885,2019-04-21
-1.47,21.11,0.0,2.1651435083876707,2019-04-22
6.59,20.55,0.0,2.158289202858038,2019-04-23
0.83,17.66,0.0,1.9918363806325383,2019-04-24
-1.99,12.69,0.0,1.6766391606433064,2019-04-25
-3.91,11.07,0.0,1.57338062705769,2019-04-26
-1.38,10.36,7.65,1.4159849848983332,2019-04-27
-4.96,2.7,4.49,0.6885095575241571,2019-04-28
-9.36,5.71,0.0,1.256966417461611,2019-04-29
-4.65,9.08,1.91,1.467685486262411,2019-04-30
-6.71,9.62,0.28,1.54715245947283,2019-05-01
-3.06,11.47,0.0,1.620956210175434,2019-05-02
-4.76,11.83,0.0,1.6440932670817172,2019-05-03
-3.83,8.37,0.0,1.4162576376381368,2019-05-04
-7.3,6.73,0.0,1.337739042374341,2019-05-05
-6.93,11.88,0.0,1.6333762984190925,2019-05-06
-0.04,15.26,0.0,1.8859007390133375,2019-05-07
-4.58,12.51,0.0,1.7019547193079152,2019-05-08
1.1,14.38,0.0,1.825133205565328,2019-05-09
3.6,18.7,2.56,1.9566163015043805,2019-05-10
1.8,16.11,0.0,1.954036701249393,2019-05-11
2.49,24.65,0.0,2.530334869162602,2019-05-12
4.58,20.54,0.0,2.2689632708161613,2019-05-13
2.19,22.08,0.0,2.375703535411158,2019-05-14
5.99,20.12,0.0,2.222611714564524,2019-05-15
-0.56,15.23,0.0,1.917899717455706,2019-05-16
0.35,16.14,0.0,1.9828867602305529,2019-05-17
0.82,14.15,0.0,1.840329509629036,2019-05-18
-2.56,15.59,0.0,1.946320142464828,2019-05-19
-0.86,18.7,0.0,2.157883347793321,2019-05-20
1.35,19.99,0.0,2.2581002170927618,2019-05-21
3.64,23.27,0.0,2.4927868846153363,2019-05-22
4.29,23.7,0.0,2.5239747147470997,2019-05-23
4.32,22.35,0.0,2.432240041702031,2019-05-24
4.95,15.47,3.09,1.7407665890563186,2019-05-25
0.82,18.8,0.0,2.1896011958175263,2019-05-26
1.77,21.36,0.0,2.3648553554111373,2019-05-27
6.08,27.11,0.0,2.7620425072798387,2019-05-28
9.94,29.97,0.0,2.9500875618232647,2019-05-29
10.8,32.29,0.0,3.1040847234101885,2019-05-30
5.51,21.21,0.0,2.331206076631042,2019-05-31
6.04,24.75,0.0,2.596397710404853,2019-06-01
10.75,32.89,0.0,3.147577679631469,2019-06-02
9.29,34.2,0.0,3.228397737304581,2019-06-03
11.67,25.03,0.0,2.5042819672002192,2019-06-04
9.92,24.85,0.0,2.5444754356605697,2019-06-05
12.77,26.45,0.0,2.6050770664822713,2019-06-06
8.7,21.91,0.0,2.326106591655797,2019-06-07
3.52,17.01,0.0,2.02531111169791,2019-06-08
4.22,19.96,0.0,2.254349765667883,2019-06-09
3.23,23.85,0.0,2.542708630809278,2019-06-10
6.83,21.43,2.3,2.145951791783772,2019-06-11
6.41,24.77,1.02,2.6084618849325025,2019-06-12
8.63,29.49,1.94,2.940969258970062,2019-06-13
11.87,23.47,3.44,2.1963952275065215,2019-06-14
10.02,19.87,5.91,1.8903095699043353,2019-06-15
8.85,17.3,2.59,1.4338621574984527,2019-06-16
6.06,21.93,0.0,2.403000741888566,2019-06-17
8.22,26.54,0.0,2.7401803830231533,2019-06-18
10.5,22.31,29.37,2.0538774233216572,2019-06-19
7.94,14.47,9.05,0.6471064577595682,2019-06-20
6.43,15.7,24.6,0.9946265899403784,2019-06-21
11.08,14.99,11.16,0.4181660943103586,2019-06-22
9.63,21.86,2.34,1.3548774768734648,2019-06-23
9.14,20.79,0.0,1.5879901310844802,2019-06-24
9.09,21.59,0.0,1.7245875090675231,2019-06-25
8.07,23.87,0.0,2.1139100747762254,2019-06-26
11.76,24.97,13.86,1.5728384954109629,2019-06-27
13.87,23.03,3.29,1.0375977825438223,2019-06-28
13.59,24.75,0.0,1.6715749571838987,2019-06-29
9.5,22.19,0.0,1.7457635293934832,2019-06-30
9.02,27.07,4.14,1.941182380881155,2019-07-01
5.68,20.18,0.0,1.7818556444784186,2019-07-02
8.15,20.31,0.0,1.6300317544651748,2019-07-03
8.27,20.55,0.0,1.6524175972477495,2019-07-04
11.3,20.35,0.0,1.2661813902348642,2019-07-05
11.29,25.32,0.0,2.044232325528689,2019-07-06
13.89,27.6,0.0,2.114428459100111,2019-07-07
13.9,23.7,0.0,1.4919316626993555,2019-07-08
11.65,22.79,0.0,1.6477884799630262,2019-07-09
9.44,26.0,0.0,2.250372868087004,2019-07-10
14.01,24.69,0.0,1.6732405417763547,2019-07-11
10.46,24.26,1.73,1.990462113322918,2019-07-12
12.13,29.53,8.62,2.0102106434233877,2019-07-13
14.32,27.68,13.49,1.6148225796014866,2019-07-14
12.91,24.94,0.0,1.7253043580081973,2019-07-15
11.37,19.59,13.65,0.9245610785512304,2019-07-16
11.92,23.04,4.5,1.2369304646955603,2019-07-17
11.26,25.29,1.78,1.861644403120234,2019-07-18
9.45,17.88,4.28,0.913564808969454,2019-07-19
10.0,22.29,0.0,1.5540944889406278,2019-07-20
10.68,24.54,0.0,1.766560930645524,2019-07-21
10.48,27.2,0.0,2.052149857565702,2019-07-22
14.29,29.64,0.0,2.038634203709908,2019-07-23
15.7,30.29,6.28,1.6098628021737176,2019-07-24
10.81,20.9,4.13,1.0744482426588382,2019-07-25
12.23,25.52,0.0,1.66271865016106,2019-07-26
12.42,31.87,0.0,2.3409124982396796,2019-07-27
9.47,21.84,0.0,1.4498545182511815,2019-07-28
5.56,24.79,0.0,1.9849669017446545,2019-07-29
12.07,29.95,0.0,2.1550967471968483,2019-07-30
12.36,26.69,0.0,1.7718037377573068,2019-07-31
14.23,33.0,0.0,2.306154296416913,2019-08-01
16.25,34.54,0.0,2.307426228011827,2019-08-02
16.12,28.88,0.0,1.628097075389382,2019-08-03
10.39,26.11,0.0,1.7986033640341688,2019-08-04
10.53,28.94,0.0,2.0671858348785324,2019-08-05
10.82,22.91,0.0,1.363979068066455,2019-08-06
5.73,22.1,0.0,1.6314402388838698,2019-08-07
6.91,25.08,0.0,1.84318925250352,2019-08-08
10.69,27.34,2.74,1.5613530770285438,2019-08-09
9.29,20.33,0.0,1.186420838532755,2019-08-10
8.25,22.73,8.23,1.3101047284455645,2019-08-11
10.39,15.38,17.16,0.4949420946361797,2019-08-12
7.32,20.84,0.0,1.3630446656469606,2019-08-13
10.08,24.14,0.0,1.4901735720769322,2019-08-14
10.19,25.34,0.0,1.5796111396894472,2019-08-15
10.84,20.55,0.0,1.0660052860468654,2019-08-16
5.4,18.03,0.0,1.1999652550548674,2019-08-17
4.21,21.91,0.0,1.5584175348479692,2019-08-18
5.14,22.26,0.0,1.5414363448840902,2019-08-19
4.05,22.86,0.0,1.616873003651906,2019-08-20
6.21,26.46,0.0,1.7985470859668031,2019-08-21
12.49,25.85,2.26,1.2709478824939606,2019-08-22
10.28,21.09,0.0,1.1204723651410935,2019-08-23
12.07,28.76,6.89,1.519571502287088,2019-08-24
11.53,21.33,9.48,0.9244070226018664,2019-08-25
8.94,19.9,0.0,1.0932001755291958,2019-08-26
8.21,19.47,0.0,1.0982164668714205,2019-08-27
6.77,22.8,0.91,1.4614327499720174,2019-08-28
5.68,19.86,0.0,1.2735137389676177,2019-08-29
6.21,20.27,1.36,1.2748688370597911,2019-08-30
7.61,21.81,1.44,1.3252325836873071,2019-08-31
9.65,21.75,1.77,1.1980321238011444,2019-09-01
10.44,22.26,1.31,1.1864501064283084,2019-09-02
7.36,25.02,0.0,1.572172697400874,2019-09-03
10.5,24.35,3.01,1.221034097811831,2019-09-04
7.99,22.91,0.0,1.367345538789554,2019-09-05
5.4,21.56,0.0,1.3743888260354744,2019-09-06
7.4,21.89,0.0,1.305036613826508,2019-09-07
6.47,20.82,0.0,1.2613655519087614,2019-09-08
8.45,12.96,18.44,0.3865823923457905,2019-09-09
8.04,10.84,16.72,0.2428925400173884,2019-09-10
8.68,13.86,4.41,0.4457267105225259,2019-09-11
7.56,14.88,0.0,0.6808330740310756,2019-09-12
4.41,24.01,0.0,1.5373297030063868,2019-09-13
9.06,23.35,0.0,1.3015465202103027,2019-09-14
9.65,27.16,0.0,1.5502983155357897,2019-09-15
9.29,31.13,0.0,1.8220773683585323,2019-09-16
12.96,24.84,0.75,1.1653448190120823,2019-09-17
10.08,21.9,0.0,1.0951441766944152,2019-09-18
7.79,21.38,0.0,1.1780317853893156,2019-09-19
8.4,20.27,0.0,1.0558841930781762,2019-09-20
5.16,18.27,0.0,1.0624475581334416,2019-09-21
5.31,24.09,0.0,1.4464565548942088,2019-09-22
8.79,20.45,0.0,1.028830527647094,2019-09-23
4.62,16.6,0.0,0.9434732762255164,2019-09-24
3.12,15.67,0.0,0.9391955416351596,2019-09-25
3.46,10.85,5.48,0.5126099251719778,2019-09-26
1.88,7.5,3.53,0.3696911914826643,2019-09-27
-0.38,4.49,0.0,0.3245489392388141,2019-09-28
-0.33,2.29,15.19,0.1601145453197912,2019-09-29
-0.52,1.53,4.65,0.1269462082545692,2019-09-30
-0.92,3.41,0.0,0.2843441549971662,2019-10-01
-4.39,8.1,0.0,0.7134617623289022,2019-10-02
-0.91,10.57,0.0,0.7461935303129587,2019-10-03
1.58,11.86,0.0,0.7273911449569511,2019-10-04
-0.34,14.11,0.0,0.9303472044047176,2019-10-05
3.71,15.21,0.0,0.8533348227795574,2019-10-06
1.99,19.69,0.0,1.1794472717199245,2019-10-07
-1.94,7.29,1.78,0.5680116367290398,2019-10-08
-6.4,0.69,0.0,0.3591764595866197,2019-10-09
-7.13,2.74,0.0,0.4819982158598048,2019-10-10
-8.59,6.19,0.0,0.6679995546805468,2019-10-11
-8.67,7.17,0.0,0.7067127861160409,2019-10-12
-8.73,10.1,0.0,0.8307142971770565,2019-10-13
-0.64,4.64,0.54,0.3220792219466982,2019-10-14
-2.4,5.56,0.0,0.4565968494377909,2019-10-15
-0.63,14.04,0.0,0.876291670927755,2019-10-16
2.15,18.86,0.0,1.064880429583423,2019-10-17
-0.17,15.58,0.0,0.9362775967047255,2019-10-18
-0.81,13.86,0.0,0.8538004324436581,2019-10-19
-4.48,8.17,0.0,0.6453908726972828,2019-10-20
-6.64,9.78,0.0,0.7591437397592058,2019-10-21
-6.13,6.04,0.0,0.5758614882318114,2019-10-22
-4.75,3.42,1.58,0.4067735152035975,2019-10-23
-3.55,8.39,0.0,0.6194286728882531,2019-10-24
-0.03,17.42,0.0,0.9942592150263114,2019-10-25
-5.83,1.48,0.65,0.3397005052531727,2019-10-26
-9.52,-2.64,2.32,0.255034679143611,2019-10-27
-10.23,-4.63,2.76,0.197464000011738,2019-10-28
-12.24,-5.6,0.0,0.2267220992142272,2019-10-29
-17.2,0.37,0.0,0.4849795500390454,2019-10-30
-3.47,4.01,1.19,0.3777751981809932,2019-10-31
-2.62,4.94,0.0,0.3935192542625086,2019-11-01
-3.92,4.0,1.13,0.3908673632595558,2019-11-02
-4.1,1.8,0.0,0.285531719718827,2019-11-03
-12.45,-4.01,0.0,0.2786223038020821,2019-11-04
-13.47,-3.22,1.92,0.323390717537441,2019-11-05
-19.55,-7.91,0.0,0.2626138516807789,2019-11-06
-19.47,-3.01,0.0,0.3839141157183075,2019-11-07
-9.03,5.31,0.0,0.5591438895139009,2019-11-08
-12.12,-0.51,3.85,0.3658694036059776,2019-11-09
-20.29,-12.21,0.0,0.1640759794031855,2019-11-10
-23.17,-8.23,0.0,0.2703276184642203,2019-11-11
-15.58,-1.86,0.0,0.3816742693382063,2019-11-12
-11.72,1.12,0.0,0.4302189206031304,2019-11-13
-6.26,0.64,0.0,0.2895492572526216,2019-11-14
-4.65,4.58,0.0,0.4175839369301423,2019-11-15
-1.13,2.43,3.36,0.1734742526550233,2019-11-16
-3.02,6.81,3.29,0.4515764392222205,2019-11-17
-0.44,6.96,0.0,0.392216808929379,2019-11-18
-3.88,0.96,0.0,0.2175954913709601,2019-11-19
-6.04,-0.69,0.0,0.2200873148725664,2019-11-20
-7.15,2.68,0.0,0.3896253389943415,2019-11-21
-6.16,6.57,0.0,0.5256648810049751,2019-11-22
-0.82,9.76,0.0,0.5348996082446872,2019-11-23
-1.78,4.73,2.01,0.3043141265174588,2019-11-24
-5.46,-0.65,0.74,0.2000951428968853,2019-11-25
-10.17,-2.71,0.0,0.2511693115241313,2019-11-26
-9.67,-5.05,0.0,0.1555464951792696,2019-11-27
-8.78,-6.3,12.37,0.1,2019-11-28
-13.0,-6.4,0.0,0.1939167720513249,2019-11-29
-10.18,-7.57,0.0,0.1,2019-11-30
-13.17,-5.1,0.0,0.2360359662167077,2019-12-01
-12.5,-1.57,0.0,0.3342392577946275,2019-12-02
-7.73,3.62,0.0,0.4348052902903108,2019-12-03
-9.34,0.12,0.0,0.3346097498163361,2019-12-04
-12.13,-3.16,0.0,0.2750703198854415,2019-12-05
-12.0,-3.68,0.0,0.2559554470548266,2019-12-06
-11.43,-3.81,0.0,0.2408534939333804,2019-12-07
-20.99,-10.99,0.0,0.1860612096246623,2019-12-08
-24.51,-10.23,0.0,0.2200453463430019,2019-12-09
-27.29,-13.1,0.0,0.181095114215063,2019-12-10
-25.09,-16.25,0.0,0.1236117756546859,2019-12-11
-19.36,-11.1,0.44,0.1666702981949387,2019-12-12
-22.34,-14.16,0.0,0.1366474402585138,2019-12-13
-24.3,-10.95,0.41,0.2056807990240485,2019-12-14
-17.73,-7.6,0.0,0.2278586152193316,2019-12-15
-16.02,-5.53,0.0,0.2600552505880753,2019-12-16
-14.13,-2.5,0.0,0.3212740891740311,2019-12-17
-8.79,1.11,0.0,0.353970796945223,2019-12-18
-10.48,-2.68,0.0,0.2547997877130086,2019-12-19
-10.21,4.43,0.0,0.4945435047957499,2019-12-20
-9.91,2.62,0.0,0.426675007993375,2019-12-21
-6.94,0.01,0.0,0.2668559002663225,2019-12-22
-6.78,-3.16,0.0,0.1379017779780731,2019-12-23
-7.2,-4.89,2.89,0.1,2019-12-24
-8.72,-2.62,0.0,0.2156807074594566,2019-12-25
-14.82,-5.76,0.0,0.2378116503145428,2019-12-26
-13.67,-4.66,0.0,0.2517103175350025,2019-12-27
-15.3,-5.74,0.0,0.2449069579110195,2019-12-28
-18.59,-4.47,0.0,0.3099553818034187,2019-12-29
-15.43,-4.53,0.0,0.2793386297222502,2019-12-30
-11.6,0.98,0.0,0.3969504864435826,2019-12-31
-6.59,-0.06,0.0,0.2567623411796851,2020-01-01
-7.6,-2.71,0.0,0.1820084768784749,2020-01-02
-12.1,-3.25,0.0,0.2708706717637056,2020-01-03
-8.56,5.18,0.0,0.5063684378473591,2020-01-04
-9.58,-0.78,0.0,0.3061110457010899,2020-01-05
-13.49,-2.33,0.0,0.3227591389971488,2020-01-06
-22.06,-13.51,0.0,0.147218280707983,2020-01-07
-17.94,-5.31,0.0,0.2902999531741606,2020-01-08
-23.67,-16.63,0.0,0.1074028075530861,2020-01-09
-29.07,-13.99,0.0,0.1748698496310958,2020-01-10
-17.58,-8.92,3.09,0.1901037437678233,2020-01-11
-25.49,-14.15,0.93,0.1623993631504187,2020-01-12
-30.11,-24.29,0.73,0.1,2020-01-13
-34.34,-27.15,0.0,0.1,2020-01-14
-35.68,-27.97,0.0,0.1,2020-01-15
-35.64,-19.51,0.0,0.1187314724471437,2020-01-16
-23.87,-19.15,1.56,0.1,2020-01-17
-28.4,-23.43,0.0,0.1,2020-01-18
-29.13,-15.67,0.0,0.1570444222065476,2020-01-19
-20.41,0.97,0.0,0.4697384188554048,2020-01-20
-9.21,2.48,0.0,0.4385869430555554,2020-01-21
-12.03,-1.96,0.0,0.3298944627922964,2020-01-22
-11.9,-2.47,0.0,0.3120714886902715,2020-01-23
-7.84,1.79,0.0,0.3886256576023548,2020-01-24
-5.68,1.57,0.0,0.3224507735517575,2020-01-25
-6.64,-2.83,0.0,0.1606660678885383,2020-01-26
-6.89,-0.59,1.93,0.2675390922610431,2020-01-27
-5.75,-1.53,0.0,0.1878942765724979,2020-01-28
-10.74,-1.99,2.59,0.296627075668233,2020-01-29
-10.36,-0.07,0.0,0.3812050075107102,2020-01-30
-9.69,3.59,0.0,0.5104586218389641,2020-01-31
-5.04,7.34,0.0,0.5829920220538918,2020-02-01
-9.28,-0.14,0.0,0.3600839474718316,2020-02-02
-16.59,-7.36,0.0,0.2495451742602651,2020-02-03
-18.48,-3.77,0.0,0.3681158985747231,2020-02-04
-12.44,-3.57,0.0,0.3037320806443145,2020-02-05
-12.59,-7.79,0.73,0.1597025044499215,2020-02-06
-12.09,-2.03,0.0,0.3573634523756335,2020-02-07
-12.77,-2.19,0.0,0.3649981483176361,2020-02-08
-13.01,-2.08,0.0,0.3756164832881362,2020-02-09
-9.82,-3.45,0.46,0.256017475467694,2020-02-10
-13.42,-1.28,0.44,0.414639622893422,2020-02-11
-29.4,-15.04,0.0,0.1863114034318292,2020-02-12
-28.3,-4.95,0.0,0.3576921848450999,2020-02-13
-12.35,-1.52,0.0,0.3931278057589191,2020-02-14
-17.85,-10.0,0.0,0.2088495214266031,2020-02-15
-15.14,-3.23,0.0,0.3796105322532001,2020-02-16
-20.79,-9.27,0.0,0.2650297326663154,2020-02-17
-29.44,-17.67,0.0,0.1528361935977317,2020-02-18
-29.15,-9.37,0.0,0.2850922104341459,2020-02-19
-16.53,1.43,0.0,0.6135738817614345,2020-02-20
-10.63,3.2,0.0,0.6737340488138419,2020-02-21
-8.03,4.07,0.0,0.6870418888006363,2020-02-22
-10.39,2.41,0.0,0.6406642941452874,2020-02-23
-10.39,-1.92,0.0,0.3692126226016265,2020-02-24
-17.1,-1.94,0.0,0.5089262249785657,2020-02-25
-12.32,1.76,0.0,0.6487194380651735,2020-02-26
-6.96,5.0,0.0,0.7534412026647574,2020-02-27
-6.34,7.16,0.0,0.901062558982115,2020-02-28
-5.2,6.57,0.7,0.8377668599396972,2020-02-29
-11.29,-0.19,0.0,0.5371338732228577,2020-03-01
-6.94,3.46,0.0,0.6680560139349784,2020-03-02
-5.62,3.69,0.0,0.6373197592711976,2020-03-03
-2.86,3.7,0.0,0.4584522793784703,2020-03-04
-6.38,4.56,0.0,0.7742037559061418,2020-03-05
-1.23,11.97,0.0,1.2467182381119477,2020-03-06
-9.06,-0.52,0.78,0.4770019517572866,2020-03-07
-15.7,-7.38,0.0,0.282422910648855,2020-03-08
-16.2,0.48,0.0,0.684461544523925,2020-03-09
-10.73,5.04,0.0,0.9466156833319016,2020-03-10
-4.09,5.43,0.0,0.8262193097475383,2020-03-11
-9.27,-0.76,0.0,0.5197028349015116,2020-03-12
-16.5,-10.4,0.0,0.1990372967900738,2020-03-13
-16.88,-8.18,1.95,0.3180440357182437,2020-03-14
-14.39,-5.75,0.93,0.3832807378102886,2020-03-15
-17.56,-2.59,0.0,0.6038246279420133,2020-03-16
-12.99,-1.27,0.0,0.637782092191467,2020-03-17
-17.12,-5.81,0.0,0.4560163195658923,2020-03-18
-16.81,-4.56,0.0,0.5221233028524174,2020-03-19
-16.44,-1.05,0.0,0.7025975489034421,2020-03-20
-10.85,2.87,0.0,0.913483208510632,2020-03-21
-10.34,6.33,0.0,1.2095527089380622,2020-03-22
-6.87,8.63,0.0,1.3677966961387291,2020-03-23
-7.95,-0.97,3.43,0.586569823243179,2020-03-24
-14.09,-0.3,0.0,0.8995518668051533,2020-03-25
-12.45,6.24,0.0,1.1938415727437584,2020-03-26
-3.88,7.57,0.0,1.3486740463999642,2020-03-27
-2.67,9.9,0.0,1.4915728547725904,2020-03-28
-4.64,14.46,0.0,1.7240814399999738,2020-03-29
-2.95,4.18,0.0,1.0895731960598083,2020-03-30
-9.42,-0.13,0.0,0.93491334305113,2020-03-31
-15.17,-11.04,0.62,0.2033487942748785,2020-04-01
-18.36,-8.01,0.0,0.5463190974184364,2020-04-02
-17.99,-2.17,0.0,0.8200044650198736,2020-04-03
-11.03,-4.47,2.39,0.4622056333854196,2020-04-04
-10.96,-1.58,1.03,0.8485416396729484,2020-04-05
-7.01,2.36,2.37,0.8951182859623682,2020-04-06
-9.35,4.42,0.0,1.2136867000116105,2020-04-07
-6.09,1.82,0.0,0.9666847034028112,2020-04-08
-12.36,6.4,0.0,1.2761195051578316,2020-04-09
-1.73,8.37,0.0,1.4595779295984368,2020-04-10
-8.33,-1.7,0.0,0.7487914794061926,2020-04-11
-10.77,-3.64,0.0,0.6959794772288997,2020-04-12
-13.4,-3.09,0.0,0.845943370925114,2020-04-13
-14.6,4.75,0.0,1.1827426159600825,2020-04-14
-9.45,2.67,0.0,1.152204971378518,2020-04-15
-7.47,5.8,0.0,1.3375857664281203,2020-04-16
-2.79,13.91,0.0,1.849393889845754,2020-04-17
-3.39,4.59,0.0,1.2322081422983673,2020-04-18
-6.14,14.07,0.0,1.8170634887861783,2020-04-19
-2.0,12.28,0.0,1.768629456089743,2020-04-20
-1.05,21.58,0.0,2.3324753755374887,2020-04-21
2.03,16.23,0.0,2.0417555988149148,2020-04-22
0.37,18.17,0.0,2.1643144689589127,2020-04-23
-1.05,13.96,3.5,1.722955266167718,2020-04-24
-2.24,18.76,0.0,2.1719191945247265,2020-04-25
3.57,15.92,0.0,2.00730001220038,2020-04-26
-0.7,20.38,0.0,2.2974783051177043,2020-04-27
2.78,18.3,0.0,2.199253265977972,2020-04-28
1.0,22.65,0.0,2.461529369772912,2020-04-29
8.64,27.68,0.0,2.834334058886791,2020-04-30
5.3,18.24,0.0,2.1469359886951342,2020-05-01
-0.92,18.87,0.0,2.203349301188664,2020-05-02
-0.31,17.61,4.47,1.939947335960841,2020-05-03
2.11,14.47,0.0,1.8873316116668668,2020-05-04
-0.76,17.49,0.0,2.1181802710202686,2020-05-05
1.01,20.65,0.0,2.335558167599234,2020-05-06
1.2,17.26,0.0,2.102417764668231,2020-05-07
0.85,19.79,1.72,2.275327739009928,2020-05-08
-2.45,7.74,1.47,1.425550992410429,2020-05-09
-2.83,9.28,0.0,1.4982877152202585,2020-05-10
-6.26,10.41,0.0,1.5708410268913149,2020-05-11
-3.98,12.51,0.0,1.710439769978688,2020-05-12
1.37,10.25,0.72,1.4966885900196618,2020-05-13
-1.63,18.7,0.0,2.1237030737184313,2020-05-14
-2.36,14.7,0.0,1.864332207462006,2020-05-15
1.22,24.97,0.0,2.5410345222276103,2020-05-16
8.82,26.01,0.0,2.62625195342397,2020-05-17
8.4,25.41,0.0,2.5833342155015453,2020-05-18
9.85,25.69,0.0,2.5883484817035134,2020-05-19
9.65,18.77,11.18,1.8264745432927216,2020-05-20
9.21,19.49,0.0,2.0814857628237835,2020-05-21
4.48,20.09,0.0,2.2492758255858583,2020-05-22
2.69,16.12,0.0,1.9661304537330844,2020-05-23
3.6,19.28,0.0,2.204375239388163,2020-05-24
5.4,25.12,0.0,2.6257872173526895,2020-05-25
10.52,22.23,0.0,2.308484770986173,2020-05-26
6.15,19.12,0.0,2.1676362408584504,2020-05-27
3.9,18.84,0.0,2.186015742722085,2020-05-28
5.57,19.38,0.0,2.213189950562118,2020-05-29
7.37,25.45,0.0,2.6717557967969463,2020-05-30
11.17,30.99,0.0,3.042880890294522,2020-05-31
11.33,24.93,0.0,2.5614485072291937,2020-06-01
7.86,24.18,0.0,2.578717326402896,2020-06-02
9.81,20.91,0.0,2.244141546022765,2020-06-03
6.13,19.59,0.0,2.2390313488202223,2020-06-04
3.16,21.45,0.0,2.4153157724073977,2020-06-05
9.86,19.07,24.04,1.7496080081925076,2020-06-06
8.95,16.88,23.14,1.0834469187688869,2020-06-07
6.77,15.84,0.0,1.29818355149532,2020-06-08
5.34,20.2,2.81,1.6774180331332669,2020-06-09
6.14,22.54,0.0,2.272496175611208,2020-06-10
7.05,22.96,0.0,2.283270434178006,2020-06-11
8.45,28.13,0.0,2.7571867840807114,2020-06-12
14.56,30.12,0.0,2.7247362149735106,2020-06-13
12.42,22.69,0.0,1.79962678110203,2020-06-14
6.82,22.17,0.0,2.248504459919266,2020-06-15
9.33,21.58,25.43,1.597542382578684,2020-06-16
10.09,15.85,6.79,0.6198103763176135,2020-06-17
6.22,15.15,2.29,0.8731305923831747,2020-06-18
5.18,18.62,0.0,1.716004079462511,2020-06-19
6.21,18.27,0.0,1.5865129264491753,2020-06-20
4.59,18.22,0.0,1.707208948471263,2020-06-21
5.91,23.51,0.0,2.223534752670856,2020-06-22
10.66,27.92,0.0,2.4977116949954072,2020-06-23
13.87,27.02,2.77,1.7067627883690686,2020-06-24
14.21,25.27,0.0,1.8086002652877753,2020-06-25
11.79,30.01,0.0,2.6440155280142377,2020-06-26
13.91,21.4,0.0,1.0993482939950625,2020-06-27
12.87,19.98,0.0,1.0049357055508226,2020-06-28
13.82,18.27,3.41,0.533138155145746,2020-06-29
13.41,19.58,7.58,0.7387382887712337,2020-06-30
12.38,23.32,0.93,1.7366518495232577,2020-07-01
10.79,23.71,1.3,1.9645320789979288,2020-07-02
9.82,26.81,0.0,2.374414346320107,2020-07-03
12.43,28.03,0.0,2.3710475901401136,2020-07-04
12.08,23.67,0.0,1.8293780640988284,2020-07-05
9.87,25.5,0.0,2.2514713965740136,2020-07-06
12.05,27.87,19.05,1.915779162691941,2020-07-07
12.65,18.72,5.73,0.7062763636157731,2020-07-08
11.73,21.85,0.0,1.4302327707454223,2020-07-09
10.21,22.04,4.05,1.2879096966911376,2020-07-10
9.76,24.29,0.0,1.962466012606332,2020-07-11
12.96,25.58,0.0,1.866567914611264,2020-07-12
9.61,19.31,2.23,1.055107664065805,2020-07-13
9.51,21.64,3.27,1.288574772057929,2020-07-14
9.46,23.04,0.96,1.8151908135969697,2020-07-15
9.82,25.52,0.0,2.0612896089681123,2020-07-16
13.96,24.76,0.0,1.562527487976907,2020-07-17
11.97,21.92,3.74,1.1146580291792945,2020-07-18
9.99,22.95,4.87,1.3505400301637815,2020-07-19
10.95,22.99,5.79,1.2906978797491393,2020-07-20
9.64,25.17,0.0,1.9389825300263803,2020-07-21
14.19,30.51,0.0,2.208221985397605,2020-07-22
17.86,28.72,0.0,1.590109607361256,2020-07-23
14.36,27.42,0.0,1.833345229864097,2020-07-24
11.57,21.48,0.0,1.2723278744263584,2020-07-25
9.87,25.45,0.0,1.947907900665649,2020-07-26
9.18,27.12,0.0,2.126894168853211,2020-07-27
10.59,30.76,0.0,2.3684880527669634,2020-07-28
14.39,34.3,0.0,2.482848344258551,2020-07-29
15.69,32.03,0.0,2.1459836155648877,2020-07-30
13.34,26.51,0.0,1.6648469826675372,2020-07-31
8.76,27.37,0.0,2.075106170258419,2020-08-01
10.86,27.45,0.0,1.9730377298018549,2020-08-02
13.89,30.09,2.32,1.6509182276282277,2020-08-03
11.68,27.11,0.0,1.845099718358738,2020-08-04
9.54,29.26,0.0,2.172558534120544,2020-08-05
12.11,33.71,0.0,2.4313340054113093,2020-08-06
12.79,22.92,5.59,1.0455846689476005,2020-08-07
9.68,25.7,2.3,1.4807238129728062,2020-08-08
8.16,22.92,0.0,1.5377999418588215,2020-08-09
7.66,24.89,0.0,1.767436795753827,2020-08-10
8.82,24.42,0.0,1.631604414382783,2020-08-11
11.41,28.62,0.0,1.885556469143541,2020-08-12
10.25,24.9,0.0,1.5469378212902656,2020-08-13
7.78,25.33,0.0,1.747733234638016,2020-08-14
9.08,25.84,0.0,1.709632320245728,2020-08-15
9.18,30.29,0.0,2.102168652847595,2020-08-16
11.59,34.17,0.0,2.303426191565723,2020-08-17
12.76,36.02,0.0,2.38184009675019,2020-08-18
14.87,34.16,0.0,2.1165135103928465,2020-08-19
12.73,33.67,0.0,2.1841694363254627,2020-08-20
14.07,28.21,0.0,1.4929150588966698,2020-08-21
9.92,31.99,0.0,2.1408880489659112,2020-08-22
6.54,28.68,0.0,1.97995790897649,2020-08-23
9.32,29.76,0.0,1.9339209119527871,2020-08-24
13.55,27.44,2.68,1.277751939021399,2020-08-25
11.52,24.75,0.0,1.3033451788914097,2020-08-26
8.01,24.46,3.84,1.3374189748306975,2020-08-27
6.0,23.68,0.0,1.507916624988828,2020-08-28
8.7,31.45,0.0,2.028575153327117,2020-08-29
6.55,18.7,0.0,1.0606373048819395,2020-08-30
2.13,19.39,0.0,1.3176439695047997,2020-08-31
8.35,23.12,0.0,1.3226662343332307,2020-09-01
7.94,17.92,4.66,0.8108183589357657,2020-09-02
4.74,21.9,0.0,1.3873715609306208,2020-09-03
5.99,24.69,0.0,1.5381058349094727,2020-09-04
8.39,31.03,0.0,1.973327796895169,2020-09-05
8.53,17.25,0.0,0.7795402773811541,2020-09-06
0.09,10.43,0.0,0.7236965298603756,2020-09-07
-5.32,15.62,0.0,1.229841438732686,2020-09-08
3.93,21.53,0.0,1.3947628466244546,2020-09-09
5.77,26.09,0.0,1.6899174371386605,2020-09-10
7.7,29.81,0.0,1.9005705004751463,2020-09-11
7.58,16.61,1.23,0.7648960539610691,2020-09-12
0.25,16.54,0.0,1.110864443092454,2020-09-13
5.55,16.01,0.0,0.8344797672124818,2020-09-14
3.27,15.12,0.0,0.8855003702093397,2020-09-15
-1.09,13.4,0.0,0.9614450983530894,2020-09-16
1.79,19.56,0.0,1.3655812163290593,2020-09-17
-0.1,24.85,0.0,1.7685912599673204,2020-09-18
6.89,25.69,0.0,1.6538822654083123,2020-09-19
11.72,17.99,8.55,0.5247908738867099,2020-09-20
7.36,22.92,0.0,1.3137727095410636,2020-09-21
6.91,20.69,1.19,1.1160014591161511,2020-09-22
9.23,21.67,0.0,1.0543087650832053,2020-09-23
9.36,23.75,0.0,1.245083865803513,2020-09-24
6.4,21.54,0.0,1.2046784781266822,2020-09-25
7.12,15.31,0.0,0.657769978843611,2020-09-26
4.02,15.02,0.0,0.8086376024992139,2020-09-27
0.86,22.39,0.0,1.4648556179997132,2020-09-28
6.91,17.0,0.0,0.795876081145846,2020-09-29
0.87,12.62,0.0,0.7738282171336256,2020-09-30
-4.68,12.18,0.0,0.9104157152591844,2020-10-01
1.02,17.89,0.0,1.1282064371596046,2020-10-02
-0.96,16.13,0.0,1.052479233307553,2020-10-03
5.22,24.12,1.29,1.4254356889552118,2020-10-04
7.49,19.53,0.0,0.9295118606903758,2020-10-05
6.53,17.13,0.0,0.796526402618755,2020-10-06
1.26,15.22,0.0,0.970837168592699,2020-10-07
6.64,23.85,2.05,1.2286094640586998,2020-10-08
2.2,11.05,0.0,0.5794004568612672,2020-10-09
3.04,25.85,0.0,1.679269825914423,2020-10-10
4.49,14.82,0.0,0.7202627964368323,2020-10-11
-3.17,11.21,0.0,0.8140591012429084,2020-10-12
-0.75,10.31,0.0,0.6460299536496225,2020-10-13
-4.78,6.62,0.0,0.569113983359325,2020-10-14
-4.31,5.3,0.0,0.4838497236344997,2020-10-15
-7.74,3.66,0.0,0.497984016365101,2020-10-16
-13.06,-0.8,0.0,0.4166438787648503,2020-10-17
-7.05,-3.76,0.0,0.1417655725864308,2020-10-18
-8.73,-1.9,0.0,0.2780627371495665,2020-10-19
-7.9,-2.11,0.25,0.2489110960547841,2020-10-20
-11.23,-0.93,0.0,0.3876855159185609,2020-10-21
-14.28,-2.59,0.0,0.3774549964837115,2020-10-22
-14.08,-4.05,0.0,0.3220154184766915,2020-10-23
-9.84,-6.12,0.0,0.1414166798547035,2020-10-24
-11.79,-3.03,0.0,0.3132885930545995,2020-10-25
-15.64,3.06,0.0,0.6057594193726427,2020-10-26
-4.13,11.92,0.0,0.8888928030594759,2020-10-27
-4.38,5.31,0.0,0.4670425227396894,2020-10-28
-6.07,8.84,0.0,0.7244836088167456,2020-10-29
-1.48,13.58,0.0,0.8994332915806754,2020-10-30
-5.79,2.48,0.0,0.3683342072346548,2020-10-31
-6.96,13.52,0.0,0.9592255337862984,2020-11-01
-0.09,19.45,0.0,1.2292660740055568,2020-11-02
2.4,17.98,0.0,1.0682679343654793,2020-11-03
1.29,15.37,0.0,0.9012444847072358,2020-11-04
1.69,18.24,0.0,1.0744651169737889,2020-11-05
-1.31,7.15,0.0,0.4371162467190601,2020-11-06
-2.15,0.57,2.32,0.1272971814035258,2020-11-07
-9.63,-3.61,20.31,0.2072315448117211,2020-11-08
-18.05,-9.19,0.0,0.2091112706332581,2020-11-09
-17.56,-5.53,0.0,0.2983543004849049,2020-11-10
-15.89,-7.03,2.29,0.222890275470962,2020-11-11
-21.87,-7.9,0.0,0.2703142238108156,2020-11-12
-12.67,-0.23,0.0,0.3972044713598242,2020-11-13
-9.44,-1.46,0.8,0.2910287893327906,2020-11-14
-13.93,-5.06,0.0,0.2578626125611665,2020-11-15
-11.49,-5.44,0.0,0.1953699282379855,2020-11-16
-9.09,1.43,0.0,0.3903434418711481,2020-11-17
-5.02,4.4,0.0,0.4145854030651356,2020-11-18
-12.31,-5.89,4.87,0.1866057069056505,2020-11-19
-20.26,-9.67,0.0,0.2126284770851977,2020-11-20
-17.64,-4.19,0.0,0.3215904309371588,2020-11-21
-16.11,-6.43,0.0,0.2440525443425746,2020-11-22
-11.75,-4.27,0.0,0.2332783834585928,2020-11-23
-10.99,-1.23,0.0,0.3206138100973023,2020-11-24
-7.53,1.77,0.0,0.3584420583309545,2020-11-25
-11.36,-1.05,0.0,0.3326865241610058,2020-11-26
-10.69,1.16,0.0,0.3968106518072095,2020-11-27
-9.85,0.58,0.0,0.360583634283328,2020-11-28
-15.25,-1.67,0.0,0.3624644930757202,2020-11-29
-8.14,1.98,0.0,0.3759242465240391,2020-11-30
-7.35,0.75,0.0,0.3102847626941281,2020-12-01
-11.01,-1.32,0.0,0.3143254093682366,2020-12-02
-7.21,3.05,0.0,0.3982294529047576,2020-12-03
-6.24,2.0,0.0,0.331643806516325,2020-12-04
-6.72,2.66,0.0,0.3706233219282464,2020-12-05
-9.26,2.31,0.0,0.4093667053390796,2020-12-06
-7.76,3.14,0.0,0.4106250324869502,2020-12-07
-4.21,3.68,0.0,0.3430839125558025,2020-12-08
-5.08,2.1,3.39,0.2884800987075267,2020-12-09
-12.09,-3.35,0.0,0.2640510197815497,2020-12-10
-13.61,-4.83,0.0,0.2444848616227851,2020-12-11
-11.17,-3.83,0.0,0.230324016660208,2020-12-12
-25.43,-14.25,0.0,0.1554907011156761,2020-12-13
-27.08,-12.65,0.0,0.1860727136430981,2020-12-14
-18.54,-8.84,0.0,0.2054959780935404,2020-12-15
-14.88,-3.41,0.0,0.302630713322597,2020-12-16
-13.63,2.02,0.0,0.4505598625758478,2020-12-17
-22.05,-2.89,0.0,0.357615083317372,2020-12-18
-11.81,3.65,0.0,0.4846795933288983,2020-12-19
-6.33,2.84,0.0,0.3600938847023176,2020-12-20
-8.55,-1.78,8.18,0.2297643685262178,2020-12-21
-13.1,-3.61,9.57,0.2614613071818799,2020-12-22
-16.4,-7.99,0.0,0.198556062421689,2020-12-23
-14.49,0.84,0.0,0.4219527139510812,2020-12-24
-12.16,-2.41,0.0,0.292613332805836,2020-12-25
-12.2,-5.18,1.8,0.2064683693779966,2020-12-26
-14.29,-6.99,0.0,0.192553911629549,2020-12-27
-16.68,-7.47,0.0,0.2165967582728809,2020-12-28
-16.72,-8.25,0.0,0.1977929184911087,2020-12-29
-20.6,-8.27,0.0,0.2373984675225759,2020-12-30
-16.67,-1.62,0.0,0.3715008456074961,2021-01-01
-8.14,4.01,0.0,0.4518295751984505,2021-01-02
-2.55,4.1,0.0,0.3101584849565524,2021-01-03
-10.42,0.17,0.0,0.3540949674589884,2021-01-04
-9.28,0.04,0.0,0.3280272361062898,2021-01-05
-10.97,2.35,0.0,0.4389950141776757,2021-01-06
-8.83,0.91,0.0,0.3526153950128025,2021-01-07
-13.29,-2.26,0.0,0.3227563968814061,2021-01-08
-14.58,-4.69,0.0,0.2690723143174857,2021-01-09
-13.47,-4.22,0.0,0.2668010412307341,2021-01-10
-11.7,0.13,0.0,0.3786044865358398,2021-01-11
-7.47,1.43,0.0,0.346175266232867,2021-01-12
-4.23,6.19,6.17,0.4478736969641178,2021-01-13
-6.86,-2.05,0.0,0.1901278699565283,2021-01-14
-14.23,-4.74,0.0,0.2674759561869321,2021-01-15
-9.66,-0.97,0.0,0.3094383897305429,2021-01-16
-10.08,-0.99,2.35,0.3035601294959814,2021-01-17
-9.56,-0.56,0.0,0.3249782734106924,2021-01-18
-13.61,1.72,0.0,0.4637266343878896,2021-01-19
-5.6,1.24,0.0,0.2966413066256438,2021-01-20
-12.02,-6.18,0.64,0.1848335273188893,2021-01-21
-10.05,-4.96,1.26,0.1782723930485429,2021-01-22
-26.59,-9.55,0.0,0.2485770044744394,2021-01-23
-30.76,-22.16,0.0,0.1,2021-01-24
-28.0,-21.49,0.0,0.1,2021-01-25
-27.15,-19.04,0.0,0.1047828267569714,2021-01-26
-23.14,-14.01,0.0,0.1579562515451746,2021-01-27
-18.64,-10.4,0.0,0.1890592091364417,2021-01-28
-15.93,-9.59,0.0,0.1687292233581697,2021-01-29
-16.82,-11.55,0.0,0.1323072618039362,2021-01-30
-19.32,-8.13,0.0,0.256014904017301,2021-01-31
-14.03,0.18,0.0,0.4432801737195331,2021-02-01
-8.32,2.97,0.0,0.4641283171947131,2021-02-02
-19.51,-11.96,0.0,0.1689127460125173,2021-02-03
-23.38,-15.77,0.0,0.1333829369492817,2021-02-04
-27.31,-18.88,0.0,0.11456909080324,2021-02-05
-34.77,-25.42,0.0,0.1,2021-02-06
-35.98,-27.86,0.0,0.1,2021-02-07
-36.18,-26.86,0.0,0.1,2021-02-08
-30.17,-25.89,0.0,0.1,2021-02-09
-33.34,-26.96,0.0,0.1,2021-02-10
-37.49,-28.06,0.0,0.1,2021-02-11
-33.36,-22.61,0.0,0.100354858560819,2021-02-12
-36.65,-24.41,0.0,0.1,2021-02-13
-34.7,-22.47,0.0,0.1053771559672922,2021-02-14
-29.79,-18.65,0.0,0.1387354666505562,2021-02-15
-24.98,-14.68,0.0,0.1801179678897281,2021-02-16
-22.54,-15.51,0.0,0.141838041241948,2021-02-17
-24.31,-12.0,0.0,0.2314941850680707,2021-02-18
-21.65,-2.12,0.0,0.4886089696055794,2021-02-19
-11.12,-2.49,0.0,0.3886361903514235,2021-02-20
-11.85,2.7,0.0,0.6998692007307057,2021-02-21
-3.23,3.76,0.0,0.5203248113385742,2021-02-22
-6.62,0.18,0.0,0.4044389026407228,2021-02-23
-9.95,-1.74,0.0,0.4267702621289602,2021-02-24
-11.87,0.61,0.0,0.6301579180213371,2021-02-25
-15.99,-2.27,1.56,0.5312828287641252,2021-02-26
-24.39,-12.84,0.0,0.2260990451230514,2021-02-27
-21.13,-10.32,0.0,0.2617339551018883,2021-02-28
-17.04,3.99,0.0,0.7858111452409104,2021-03-01
-5.82,3.32,0.0,0.670969528944781,2021-03-02
-9.89,3.43,0.0,0.8133986877954816,2021-03-03
-8.68,3.15,0.0,0.7876914944527412,2021-03-04
-5.63,5.45,0.0,0.9061217368608726,2021-03-05
-0.49,6.84,0.0,0.7992304865167937,2021-03-06
-3.99,5.88,0.0,0.9248990634310296,2021-03-07
-3.66,4.38,0.0,0.7641516574115942,2021-03-08
-4.82,-0.36,0.0,0.2950103977679677,2021-03-09
-8.34,2.47,0.0,0.8212333669483521,2021-03-10
-17.41,-2.33,0.0,0.6240843082729732,2021-03-11
-9.27,6.92,0.0,1.1258922768085264,2021-03-12
-6.46,7.09,0.0,1.1448891091138371,2021-03-13
-1.84,9.36,0.0,1.257530646043337,2021-03-14
-1.39,8.24,0.0,1.1464201073599738,2021-03-15
-9.14,1.3,0.0,0.7947724955975604,2021-03-16
-7.92,8.72,0.0,1.30488439203436,2021-03-17
-2.84,14.46,0.0,1.6511399201257204,2021-03-18
0.53,18.63,0.0,1.9053885704015765,2021-03-19
-0.74,11.87,0.0,1.533316799734411,2021-03-20
-4.89,3.78,0.0,0.8993328317082314,2021-03-21
-5.58,9.21,0.0,1.3813538975614128,2021-03-22
-7.4,0.18,0.0,0.716620094216393,2021-03-23
-6.12,8.71,0.0,1.3621577911675633,2021-03-24
-3.51,3.06,0.0,0.8501453463211497,2021-03-25
-10.51,2.11,0.0,1.0197356961739388,2021-03-26
-8.73,6.67,0.0,1.2501139176511549,2021-03-27
-1.12,17.14,0.0,1.8729709691824457,2021-03-28
-8.88,4.7,5.51,1.0724327473113615,2021-03-29
-13.83,-6.1,0.0,0.5266368865180845,2021-03-30
-15.48,7.03,0.0,1.1667270464193216,2021-03-31
-2.32,14.34,0.0,1.7357958061263965,2021-04-01
-0.16,12.74,0.0,1.6548642404455558,2021-04-02
-1.25,13.9,0.0,1.7284985045817036,2021-04-03
-1.14,17.8,0.0,1.894313758599931,2021-04-04
-2.78,12.6,0.0,1.5998528437114996,2021-04-05
-3.12,16.45,0.0,1.803903660663249,2021-04-06
-0.27,20.7,0.0,2.068861113047196,2021-04-07
1.76,14.57,1.86,1.717935384792414,2021-04-08
-6.36,12.06,0.0,1.5412471060847992,2021-04-09
-0.76,12.53,0.0,1.605169937569534,2021-04-10
-2.79,4.39,3.0,0.8008345016842228,2021-04-11
-4.2,1.77,1.23,0.7039333097488019,2021-04-12
-3.74,2.73,0.0,0.7898193215162131,2021-04-13
-3.83,6.53,0.0,1.2714294143306226,2021-04-14
-2.3,12.44,0.0,1.634685257962319,2021-04-15
-4.43,14.37,0.0,1.7304796003964016,2021-04-16
-1.23,20.52,0.0,2.1118999000139205,2021-04-17
-3.53,6.59,0.0,1.2844576262072518,2021-04-18
-6.97,4.97,2.08,1.151287147190181,2021-04-19
-9.1,8.94,0.0,1.453125438388141,2021-04-20
-3.9,17.19,0.0,1.979666328006167,2021-04-21
-4.92,6.78,0.0,1.349027650889922,2021-04-22
-12.24,4.51,0.0,1.1981203187472969,2021-04-23
-10.16,7.79,0.0,1.386981375566533,2021-04-24
-5.3,10.16,0.0,1.5659301299517907,2021-04-25
-4.9,14.73,0.0,1.780953041473314,2021-04-26
-3.83,16.43,0.0,1.8941797820150104,2021-04-27
-2.14,15.75,0.0,1.8759795201700489,2021-04-28
-1.39,12.35,0.0,1.659623162033092,2021-04-29
2.74,26.28,0.0,2.558452392200056,2021-04-30
5.0,20.26,0.0,2.184934553617748,2021-05-01
0.83,14.3,0.0,1.7923848670378562,2021-05-02
-5.1,10.42,0.0,1.5524853101208147,2021-05-03
-4.44,13.94,0.0,1.771745181705678,2021-05-04
-3.1,16.47,0.0,1.9375374800150535,2021-05-05
-0.53,17.5,0.0,2.02735483604082,2021-05-06
0.25,17.29,0.0,2.0235817759552823,2021-05-07
2.49,13.25,0.0,1.7118004334016994,2021-05-08
-4.33,15.2,0.0,1.867964645812309,2021-05-09
-3.01,17.84,0.0,2.0407466448815517,2021-05-10
0.18,19.56,0.0,2.177395834419158,2021-05-11
1.88,20.42,0.0,2.2383391476573657,2021-05-12
1.44,21.36,0.0,2.2959604156198115,2021-05-13
2.51,22.92,0.0,2.402223567411582,2021-05-14
3.33,24.34,0.0,2.5000471588695623,2021-05-15
8.2,28.21,0.0,2.7652263357219855,2021-05-16
7.17,32.0,0.0,3.013394697854439,2021-05-17
11.85,27.92,0.0,2.694461383264804,2021-05-18
2.43,13.88,0.0,1.7446600979141402,2021-05-19
-1.67,4.18,2.86,0.7514597534345818,2021-05-20
-2.6,4.49,2.81,0.906540669694158,2021-05-21
0.15,8.89,0.0,1.419117517544487,2021-05-22
5.68,13.78,16.5,1.5726312033807452,2021-05-23
7.75,11.04,21.16,0.3153930616019917,2021-05-24
2.53,8.5,1.43,0.6641766846370604,2021-05-25
-0.75,13.21,0.0,1.6299277201008036,2021-05-26
0.99,18.38,0.0,2.1209666476319313,2021-05-27
6.69,21.42,0.0,2.3041238812070293,2021-05-28
6.12,20.41,0.0,2.210326273041636,2021-05-29
2.55,22.62,0.0,2.4760948418167903,2021-05-30
8.2,26.44,0.0,2.742594690262545,2021-05-31
8.79,26.29,0.0,2.7253918294468287,2021-06-01
12.4,31.78,0.0,3.0922792164107404,2021-06-02
13.56,35.33,0.0,3.327335917428744,2021-06-03
16.1,29.22,0.0,2.7414175904687235,2021-06-04
11.82,27.96,0.0,2.819400672176043,2021-06-05
7.95,21.03,0.0,2.2165770488727583,2021-06-06
8.7,22.39,0.0,2.3525975340637197,2021-06-07
6.35,22.84,2.8,2.107256427032063,2021-06-08
11.73,19.09,11.21,1.042537045316296,2021-06-09
13.14,20.4,9.41,0.969851432318354,2021-06-10
10.42,20.55,0.0,1.7113739433264017,2021-06-11
6.94,23.24,0.0,2.382261721238248,2021-06-12
6.6,27.29,0.0,2.77560208046733,2021-06-13
12.79,31.74,0.0,3.0642327727228027,2021-06-14
16.24,33.72,1.28,3.132644957219035,2021-06-15
13.25,24.78,0.0,2.1597791387188243,2021-06-16
7.45,24.34,0.0,2.504906791363717,2021-06-17
8.19,18.86,0.0,1.7339895358959605,2021-06-18
6.83,20.4,1.29,2.062549174707952,2021-06-19
6.1,18.76,0.0,1.869380075231699,2021-06-20
1.72,24.37,0.0,2.528445324981702,2021-06-21
10.58,31.08,0.0,3.0081146721365406,2021-06-22
13.49,24.12,0.0,1.8744619997271048,2021-06-23
8.91,22.62,0.0,2.1075580405565715,2021-06-24
9.87,27.68,0.0,2.667056867074271,2021-06-25
13.33,28.5,0.88,2.5681424094630634,2021-06-26
12.33,27.89,0.0,2.548371061736655,2021-06-27
10.89,29.31,0.0,2.836968635146504,2021-06-28
12.67,32.83,0.0,3.1244464186881045,2021-06-29
14.22,33.73,0.0,3.1566103470989724,2021-06-30
15.91,34.81,0.0,3.189606339159372,2021-07-01
18.81,38.92,0.0,3.46402170531749,2021-07-02
17.03,29.49,0.0,2.386032080731176,2021-07-03
12.66,28.56,5.92,2.1687628694634236,2021-07-04
13.38,24.02,0.0,1.8212390454631424,2021-07-05
10.47,20.97,0.0,1.6615230018721776,2021-07-06
11.54,28.36,3.83,2.1574726741730754,2021-07-07
14.34,27.12,6.11,1.7616238749877613,2021-07-08
12.61,29.79,0.0,2.6402225257829572,2021-07-09
13.7,32.0,0.0,2.804724111118895,2021-07-10
15.8,31.48,0.0,2.6086550218344353,2021-07-11
11.78,27.71,0.0,2.435386583347787,2021-07-12
10.33,28.8,0.0,2.6407824418698493,2021-07-13
11.19,30.7,0.0,2.794632787627795,2021-07-14
14.21,35.14,0.0,3.1006641864520255,2021-07-15
15.81,30.29,0.0,2.414350263319222,2021-07-16
16.65,35.14,0.0,2.961170801595107,2021-07-17
13.63,26.12,0.0,1.98673949303626,2021-07-18
13.79,20.35,0.0,0.8775405537433584,2021-07-19
15.86,27.98,0.0,2.045444816089718,2021-07-20
15.4,30.92,0.0,2.5508696403089757,2021-07-21
14.23,33.26,0.0,2.896114480625396,2021-07-22
6.36,28.67,0.0,2.675617021476114,2021-07-23
9.93,29.17,0.0,2.622359725736802,2021-07-24
10.8,28.82,2.16,2.09760240323921,2021-07-25
12.45,28.01,0.0,2.312569676325042,2021-07-26
12.73,35.73,0.0,3.0789978814438936,2021-07-27
12.98,29.24,0.0,2.403758833463716,2021-07-28
13.04,33.34,0.0,2.8382403649598045,2021-07-29
12.72,31.02,0.0,2.607994600286226,2021-07-30
12.68,31.53,0.0,2.654724600550246,2021-07-31
12.49,32.89,0.0,2.788203778578133,2021-08-01
16.12,35.05,0.0,2.8071598181507387,2021-08-02
18.83,28.18,0.0,1.44895266786014,2021-08-03
14.01,28.79,0.0,2.185130614577498,2021-08-04
11.11,30.55,0.0,2.5568285042571626,2021-08-05
15.64,32.73,0.0,2.51733251143387,2021-08-06
14.92,29.44,0.0,2.1359627952818143,2021-08-07
13.5,22.94,0.0,1.2661893047512502,2021-08-08
11.39,20.27,0.0,1.1093511075416873,2021-08-09
10.31,20.15,3.66,0.9509062428963488,2021-08-10
11.41,25.2,0.0,1.8475801542282029,2021-08-11
8.55,23.98,0.0,1.910259593719131,2021-08-12
8.59,29.74,0.0,2.47495605561685,2021-08-13
15.95,37.46,0.0,2.8769369385856307,2021-08-14
15.69,33.0,0.0,2.42618947618972,2021-08-15
14.88,26.89,0.0,1.6763878589905454,2021-08-16
10.15,18.83,4.66,0.8063996337042759,2021-08-17
9.05,17.09,0.0,0.8145690368417247,2021-08-18
7.54,18.77,4.64,0.9783738935391378,2021-08-19
9.96,18.97,5.8,0.8279321795410947,2021-08-20
6.11,21.4,5.87,1.333104370494506,2021-08-21
9.53,15.52,11.24,0.5498942852560845,2021-08-22
7.45,17.92,6.57,0.9630106661891364,2021-08-23
7.14,14.45,0.0,0.7143975451934892,2021-08-24
3.28,19.67,0.0,1.681358802871712,2021-08-25
7.43,20.15,0.0,1.5034627828263665,2021-08-26
12.32,21.52,0.0,1.1797695025631827,2021-08-27
10.78,23.92,0.0,1.7089479049013665,2021-08-28
7.67,25.86,0.0,2.0720055416703045,2021-08-29
8.81,28.76,0.0,2.2665862278506133,2021-08-30
11.86,24.72,11.89,1.345755761483998,2021-08-31
8.6,21.3,0.0,1.4434567404432497,2021-09-01
8.29,18.98,0.0,1.1580071507498375,2021-09-02
7.87,21.74,0.0,1.5199452630969332,2021-09-03
5.26,23.39,0.0,1.7872782472072155,2021-09-04
7.98,29.02,0.0,2.1383544481308228,2021-09-05
10.35,22.43,1.45,1.3634120682798507,2021-09-06
7.46,23.67,0.0,1.6818518386960757,2021-09-07
5.57,25.21,0.0,1.9245559253670497,2021-09-08
10.41,28.44,0.0,2.0911225862781775,2021-09-09
8.59,21.89,0.0,1.5016362728810075,2021-09-10
6.84,14.26,0.0,0.6685531542710775,2021-09-11
2.95,17.64,0.0,1.372761326948539,2021-09-12
7.2,21.27,0.0,1.510688842564433,2021-09-13
4.3,22.94,0.0,1.7687050597077667,2021-09-14
8.47,19.02,0.0,1.124604073749638,2021-09-15
3.68,15.21,0.0,1.0448756911144017,2021-09-16
-1.22,19.54,0.0,1.5578928711430242,2021-09-17
11.15,32.35,0.0,2.2362635006771954,2021-09-18
6.78,20.24,0.0,1.315920261945431,2021-09-19
1.74,18.96,0.0,1.4162665347408343,2021-09-20
2.84,22.1,0.0,1.6072700255743042,2021-09-21
5.97,27.77,0.0,1.932956800826737,2021-09-22
4.62,17.32,0.0,1.0561653577305783,2021-09-23
-1.22,19.56,0.0,1.448819162947474,2021-09-24
7.5,26.08,0.0,1.7006968421446844,2021-09-25
4.15,25.63,0.0,1.7414746980616786,2021-09-26
9.25,29.84,0.0,1.8904072819323008,2021-09-27
6.49,27.11,0.0,1.7515793402843385,2021-09-28
6.22,20.87,0.0,1.2110720120407832,2021-09-29
1.67,23.82,0.0,1.5970261084234405,2021-09-30
6.08,23.2,0.0,1.3916131630890147,2021-10-01
0.26,21.47,0.0,1.427881852178557,2021-10-02
5.99,24.03,0.0,1.4665684616223935,2021-10-03
2.07,21.2,0.0,1.366859026140861,2021-10-04
5.37,24.36,0.0,1.4867715336424068,2021-10-05
7.27,26.02,0.0,1.5557084442656957,2021-10-06
2.83,14.21,0.0,0.7494882129606251,2021-10-07
0.95,16.79,0.0,1.073559690411085,2021-10-08
-1.11,19.89,0.0,1.343470463031882,2021-10-09
-0.68,18.98,0.0,1.2570419911418371,2021-10-10
-2.16,9.23,0.0,0.6195683965372677,2021-10-11
-6.96,8.74,0.0,0.7160552032112378,2021-10-12
-4.27,4.84,3.76,0.4203052526726089,2021-10-13
-2.13,6.63,2.22,0.4382723297008766,2021-10-14
-3.71,13.63,0.0,0.8865545488046364,2021-10-15
-0.52,18.21,0.0,1.0886165927456983,2021-10-16
3.26,24.33,0.0,1.3912987153504794,2021-10-17
1.41,13.47,0.0,0.7186918533529353,2021-10-18
-5.16,6.71,0.0,0.5554166433528823,2021-10-19
-7.32,7.84,0.0,0.6556813344750968,2021-10-20
-4.16,11.12,0.0,0.7458002994320277,2021-10-21
-5.5,9.43,0.0,0.6894129436402344,2021-10-22
-1.81,6.96,1.6,0.4550397493775008,2021-10-23
1.91,6.77,0.0,0.2845057750135127,2021-10-24
3.06,9.53,2.92,0.3742123720452946,2021-10-25
2.38,10.93,0.0,0.5127906196092796,2021-10-26
0.12,13.58,0.0,0.7509772485018029,2021-10-27
-2.06,11.17,1.81,0.6836875816370284,2021-10-28
0.71,8.79,1.5,0.4553251454362784,2021-10-29
-5.03,4.61,0.0,0.438283192685362,2021-10-30
-8.68,3.97,0.0,0.4967338036029451,2021-10-31
-10.46,2.33,0.0,0.4617612815002468,2021-11-01
-10.23,6.8,0.0,0.6296190431684499,2021-11-02
-7.89,10.52,0.0,0.751377238403674,2021-11-03
-1.86,16.01,0.0,0.9056341572974526,2021-11-04
2.28,14.47,0.0,0.7093745749041427,2021-11-05
-2.91,10.29,0.0,0.6415194604419328,2021-11-06
-5.95,9.78,0.0,0.6804505652319291,2021-11-07
-5.55,8.78,0.0,0.6263557943962071,2021-11-08
-9.58,7.89,0.0,0.6485288306038836,2021-11-09
-2.11,3.47,1.03,0.2707126202680128,2021-11-10
-6.53,-2.61,0.0,0.155324986128438,2021-11-11
-9.17,-2.3,0.0,0.2446971566689498,2021-11-12
-8.6,5.79,0.0,0.544833379175878,2021-11-13
-5.4,2.23,0.7,0.3227626191482882,2021-11-14
-1.47,5.65,1.0,0.3526302460189246,2021-11-15
-4.72,6.62,4.99,0.4784245674913377,2021-11-16
-12.73,-5.53,0.0,0.2130335725524936,2021-11-17
-15.09,-1.4,0.0,0.3740207295794892,2021-11-18
-10.69,-1.9,0.0,0.2907025689995793,2021-11-19
-11.09,0.94,0.0,0.396765736789695,2021-11-20
-16.97,-2.08,0.0,0.3675155957175073,2021-11-21
-7.44,5.11,0.0,0.4862360643983529,2021-11-22
-9.75,2.99,0.0,0.4433872407610365,2021-11-23
-17.14,-8.08,0.0,0.2083658106105903,2021-11-24
-11.35,2.94,0.0,0.4620212861593046,2021-11-25
-1.95,6.46,0.0,0.3971748316102436,2021-11-26
-6.63,1.98,0.0,0.3350866206403061,2021-11-27
-4.77,5.01,0.0,0.4127150819708154,2021-11-28
-3.47,5.5,0.0,0.3972815209766684,2021-11-29
-5.45,5.44,0.0,0.4462363117034771,2021-11-30
-0.26,6.89,0.0,0.3548495048898977,2021-12-01
-3.23,2.31,1.32,0.2444860862920622,2021-12-02
-7.98,-0.99,0.0,0.2522815050018953,2021-12-03
-10.59,-2.7,0.8,0.2570046066911968,2021-12-04
-22.2,-8.13,1.02,0.2501475061395239,2021-12-05
-25.04,-13.22,0.0,0.1703480459202357,2021-12-06
-20.78,-8.43,0.0,0.2350731972258165,2021-12-07
-15.02,3.1,0.65,0.4958448560050169,2021-12-08
-12.21,-2.18,0.0,0.3029162751189246,2021-12-09
-14.24,-4.34,0.0,0.2680152844481825,2021-12-10
-10.44,3.93,0.0,0.4797532893665827,2021-12-11
-9.1,1.16,0.0,0.3580376338543248,2021-12-12
-14.42,-2.92,0.0,0.3098404053293214,2021-12-13
-9.3,-2.43,0.44,0.232369381592452,2021-12-14
-21.71,-12.66,0.0,0.1549304375046901,2021-12-15
-25.14,-16.84,0.64,0.1119440232479669,2021-12-16
-25.75,-17.9,0.0,0.1007150179784434,2021-12-17
-27.93,-7.99,0.0,0.2588761094269208,2021-12-18
-19.8,-9.53,0.0,0.2003963977973702,2021-12-19
-21.03,-12.61,0.0,0.1490243890157386,2021-12-20
-19.86,-7.21,0.0,0.2520444928102053,2021-12-21
-13.78,-6.17,3.02,0.1982732907042695,2021-12-22
-14.4,-0.62,1.81,0.3764722682381174,2021-12-23
-24.37,-15.72,0.78,0.1236878158705408,2021-12-24
-29.03,-22.57,2.0,0.1,2021-12-25
-28.58,-24.41,7.4,0.1,2021-12-26
-34.78,-26.61,0.0,0.1,2021-12-27
-37.4,-27.51,0.0,0.1,2021-12-28
-34.47,-25.95,0.0,0.1,2021-12-29
-36.34,-27.32,0.0,0.1,2021-12-30
-35.84,-27.39,0.0,0.1,2021-12-31
-35.23,-22.65,0.0,0.1,2022-01-01
-26.38,-1.45,0.0,0.3840488879121344,2022-01-02
-17.14,-5.1,3.57,0.271077936494729,2022-01-03
-24.0,-13.0,1.66,0.1662566921721549,2022-01-04
-32.96,-19.9,0.0,0.1079451954106875,2022-01-05
-35.09,-26.44,0.0,0.1,2022-01-06
-24.36,-8.1,1.56,0.2581478155801741,2022-01-07
-24.44,-13.71,0.0,0.158211885700822,2022-01-08
-28.71,-16.19,0.0,0.1413333289033627,2022-01-09
-21.77,-0.35,0.0,0.4227137644494544,2022-01-10
-11.11,3.85,0.0,0.4918926804718063,2022-01-11
-2.01,5.07,0.0,0.3334495127692958,2022-01-12
-5.03,3.89,2.49,0.361786353968177,2022-01-13
-5.69,1.65,0.0,0.2995839707341564,2022-01-14
-4.81,4.28,0.0,0.3897154495754195,2022-01-15
-4.5,4.06,0.0,0.3721685226760035,2022-01-16
-5.67,4.51,0.96,0.4252458556540492,2022-01-17
-19.47,2.45,0.0,0.5036610757568778,2022-01-18
-26.3,-15.81,0.0,0.1400267319999084,2022-01-19
-23.32,-2.9,2.05,0.359898718439644,2022-01-20
-9.43,2.46,1.24,0.4300660290359135,2022-01-21
-7.64,4.3,1.93,0.4693681926582281,2022-01-22
-7.54,5.03,0.0,0.4997650843081058,2022-01-23
-10.35,2.08,0.0,0.4364457473477229,2022-01-24
-22.6,-5.08,0.0,0.3308487823291697,2022-01-25
-9.53,2.07,0.0,0.424998323582111,2022-01-26
-7.55,1.02,0.0,0.3399024446614795,2022-01-27
-10.62,1.46,0.0,0.4253728527055305,2022-01-28
-8.59,2.43,0.0,0.4257701023220535,2022-01-29
-4.52,5.25,0.0,0.4496555122587085,2022-01-30
-12.45,3.83,3.79,0.5160907770493643,2022-01-31
-26.03,-17.0,0.0,0.1275416994010088,2022-02-01
-31.93,-23.07,0.0,0.1,2022-02-02
-29.87,-19.25,0.0,0.1179497026405464,2022-02-03
-31.61,-5.91,6.74,0.297104975293168,2022-02-04
-14.28,-5.32,1.03,0.2671132431382244,2022-02-05
-15.88,1.79,0.0,0.514530085029578,2022-02-06
-5.05,5.7,0.0,0.5074124017459357,2022-02-07
-4.17,2.59,0.0,0.328669506754473,2022-02-08
-7.82,2.91,0.71,0.4583617488890256,2022-02-09
-8.38,5.22,1.1,0.573557091101078,2022-02-10
-17.73,-11.42,0.0,0.1562396484135337,2022-02-11
-16.88,-6.31,0.0,0.2897631387036931,2022-02-12
-15.26,2.04,0.0,0.5389432922103389,2022-02-13
-17.1,-9.02,1.25,0.2149943746588934,2022-02-14
-14.68,-6.95,1.47,0.2369873584975102,2022-02-15
-23.77,-15.46,0.54,0.1476610558518889,2022-02-16
-25.88,-2.64,0.0,0.4222499384959269,2022-02-17
-19.88,-6.24,0.0,0.3322415354921406,2022-02-18
-17.16,3.58,4.42,0.5759108097114833,2022-02-19
-22.37,-15.07,0.0,0.1441369887885078,2022-02-20
-28.1,-19.98,0.0,0.1100187748331737,2022-02-21
-31.36,-20.24,0.0,0.1250453478971084,2022-02-22
-30.57,-18.8,0.0,0.1426350072769869,2022-02-23
-26.42,-16.53,0.0,0.1592243465050903,2022-02-24
-26.12,-7.76,0.0,0.3296412820403391,2022-02-25
-13.87,-2.2,0.0,0.4153099860850334,2022-02-26
-11.6,-5.87,0.0,0.2222636662886215,2022-02-27
-13.77,-6.9,0.0,0.2422933378790355,2022-02-28
-13.02,-6.73,0.0,0.2321901702308978,2022-03-01
-15.47,-9.08,0.0,0.2089162291027817,2022-03-02
-16.82,-9.89,7.43,0.1933184285314044,2022-03-03
-11.79,-8.23,4.03,0.1287217254050653,2022-03-04
-16.75,-10.21,0.0,0.2059962253749362,2022-03-05
-18.42,-4.84,0.0,0.410422449678067,2022-03-06
-15.49,1.6,1.25,0.6108764070320408,2022-03-07
-17.63,-8.76,0.0,0.2801926847165357,2022-03-08
-23.85,-14.05,0.0,0.2121707502400754,2022-03-09
-23.53,-12.5,0.0,0.2472957976018845,2022-03-10
-30.23,-9.9,0.0,0.3097151945750097,2022-03-11
-15.46,2.94,0.0,0.7002313892685403,2022-03-12
-11.17,-1.96,0.0,0.4229499180718796,2022-03-13
-11.26,1.01,0.0,0.5762544989205831,2022-03-14
-5.33,4.99,0.0,0.6719211958943416,2022-03-15
-3.14,4.32,0.0,0.5042252847825254,2022-03-16
-5.79,5.56,0.0,0.7584454098803095,2022-03-17
-1.58,5.92,0.0,0.5518498149070866,2022-03-18
-3.15,6.82,0.0,0.7926060340075091,2022-03-19
-1.12,4.93,1.65,0.4619284706209063,2022-03-20
-1.18,6.21,0.0,0.6486366062633683,2022-03-21
-2.39,8.38,0.0,0.9823644522820116,2022-03-22
-1.53,13.33,0.0,1.3871950155945405,2022-03-23
-0.62,7.46,1.31,0.7812709817645849,2022-03-24
-6.25,0.98,0.0,0.4950255429729507,2022-03-25
-9.09,-2.56,0.0,0.3741131802593761,2022-03-26
-6.92,8.53,0.0,1.166707291502388,2022-03-27
-2.33,8.81,0.0,1.1742170891413224,2022-03-28
-5.41,2.04,0.0,0.6449763969838295,2022-03-29
-7.6,9.94,0.0,1.3417651407856066,2022-03-30
-1.05,4.78,1.9,0.5971047940323256,2022-03-31
-3.99,5.3,0.0,0.9130224340224667,2022-04-01
-6.94,7.65,0.0,1.206497663174294,2022-04-02
-4.07,11.67,0.0,1.4829402297232768,2022-04-03
-1.72,15.85,0.0,1.82041846266813,2022-04-04
-0.87,8.82,2.99,0.9337790140984414,2022-04-05
-0.99,7.23,0.95,0.9750521364366552,2022-04-06
-3.61,10.94,0.0,1.4739146768330362,2022-04-07
-1.29,18.56,0.0,2.0478564554327536,2022-04-08
-0.05,12.1,0.0,1.521191763102491,2022-04-09
-4.19,6.96,0.0,1.1681834021236683,2022-04-10
-8.35,-1.2,0.0,0.5509131413054392,2022-04-11
-10.3,-5.73,0.0,0.2622534010318839,2022-04-12
-9.94,-5.69,2.57,0.2187365811768911,2022-04-13
-9.32,-3.92,2.4,0.2928416535074156,2022-04-14
-10.32,-2.47,0.0,0.5770772607268574,2022-04-15
-9.99,0.88,0.0,0.8695190589307813,2022-04-16
-7.51,3.96,0.0,1.069886388352857,2022-04-17
-7.41,8.43,0.0,1.4238529560082174,2022-04-18
-2.96,4.66,2.91,0.7007806152239259,2022-04-19
-4.5,1.47,2.43,0.4281183628516067,2022-04-20
-8.44,5.24,0.0,1.195150650659321,2022-04-21
-2.54,3.34,0.83,0.6879329894502737,2022-04-22
-0.06,9.12,1.76,1.3479231846582076,2022-04-23
-2.56,11.58,0.0,1.689676827500501,2022-04-24
-2.11,11.3,0.0,1.6584509733749366,2022-04-25
-2.73,15.71,0.0,2.0128941950010977,2022-04-26
1.02,15.67,0.0,2.0296676088426415,2022-04-27
0.71,17.43,0.0,2.16420468133277,2022-04-28
0.46,16.37,0.0,2.0994346370632124,2022-04-29
1.44,17.24,0.0,2.1591998904216796,2022-04-30
0.73,15.26,0.0,1.9936200245918392,2022-05-01
-0.36,18.22,0.0,2.209311967451372,2022-05-02
3.94,19.91,0.0,2.353691928679379,2022-05-03
1.05,23.95,0.0,2.5705928114922023,2022-05-04
8.2,27.24,0.0,2.8529315731868143,2022-05-05
9.78,22.17,2.98,2.166272857175594,2022-05-06
5.9,14.33,7.72,1.3136919780346294,2022-05-07
3.18,15.18,0.0,1.7988899201621245,2022-05-08
-0.35,14.48,0.0,1.839768930991135,2022-05-09
2.99,13.84,2.58,1.321500921528536,2022-05-10
-0.43,18.43,0.0,2.1529709506878763,2022-05-11
3.27,19.59,0.0,2.248874573047163,2022-05-12
4.89,10.58,11.12,0.5780552461229707,2022-05-13
2.67,16.64,0.0,1.852592902310424,2022-05-14
3.45,20.37,0.0,2.205873806251702,2022-05-15
5.07,20.89,0.0,2.230786886304874,2022-05-16
6.08,20.18,2.02,1.7439110311889223,2022-05-17
6.66,16.69,0.84,1.5922015029154657,2022-05-18
1.11,10.95,3.17,0.9664145590027696,2022-05-19
0.48,8.28,0.0,0.87269501088728,2022-05-20
-0.73,13.96,0.0,1.714726191710039,2022-05-21
0.54,16.56,0.0,1.9344094832336225,2022-05-22
1.62,22.3,0.0,2.4190214560551615,2022-05-23
4.57,24.08,0.0,2.5614050969389393,2022-05-24
6.45,23.85,0.0,2.51333073801444,2022-05-25
5.97,23.89,0.0,2.5339622547646843,2022-05-26
6.92,20.73,2.05,1.7556402797025716,2022-05-27
8.07,22.58,0.0,2.3073814502787315,2022-05-28
9.54,20.35,0.0,1.8724287026032684,2022-05-29
6.54,18.02,0.0,1.8111274118566296,2022-05-30
3.02,18.69,0.0,2.0996145581304173,2022-05-31
2.56,19.79,0.0,2.227518863997475,2022-06-01
3.98,21.41,0.0,2.419851180824987,2022-06-02
2.62,22.92,0.0,2.522001862376358,2022-06-03
4.42,24.72,0.0,2.6543536619365873,2022-06-04
6.77,20.14,0.0,2.2569620950816467,2022-06-05
5.83,20.28,0.0,2.3196107793622005,2022-06-06
7.83,20.48,0.0,2.2458052810620384,2022-06-07
6.68,24.15,3.56,2.2972839561610288,2022-06-08
11.56,24.31,6.96,2.0125599738087385,2022-06-09
10.84,26.22,2.22,2.2213471286522126,2022-06-10
8.17,23.9,0.0,2.5176178674464564,2022-06-11
8.85,24.68,5.58,2.117249584335785,2022-06-12
11.37,21.14,6.14,1.3564544019684135,2022-06-13
6.6,18.88,0.0,1.8395454937438784,2022-06-14
4.87,16.94,5.5,1.3662100249382252,2022-06-15
11.36,20.84,0.0,1.5976989012230922,2022-06-16
11.12,29.39,0.0,2.833010979528531,2022-06-17
17.44,31.28,0.0,2.6279294573348713,2022-06-18
15.73,21.16,5.46,0.6370741269192776,2022-06-19
14.1,20.8,2.69,0.7662356630134647,2022-06-20
11.73,22.75,1.35,1.8469519717220952,2022-06-21
10.95,27.84,0.0,2.6277836758142334,2022-06-22
10.42,26.51,5.82,2.055539155751547,2022-06-23
7.74,18.29,2.21,1.208389323878119,2022-06-24
8.11,20.97,3.32,1.528979987853219,2022-06-25
8.46,24.91,0.0,2.3587540119275325,2022-06-26
9.97,23.67,0.0,2.110428738034708,2022-06-27
9.51,22.54,2.66,1.5815208437982176,2022-06-28
12.48,25.04,0.0,2.0459145740012485,2022-06-29
9.39,23.12,0.0,2.0689705776628746,2022-06-30
8.48,24.09,0.0,2.252269879871008,2022-07-01
10.17,22.77,3.13,1.5560087725416654,2022-07-02
10.96,23.34,1.38,1.962312641861456,2022-07-03
12.67,17.63,7.61,0.5790735046558411,2022-07-04
12.27,18.67,3.1,0.7418395009547444,2022-07-05
12.65,24.34,0.0,1.9293159736731071,2022-07-06
12.71,24.28,1.26,1.912248222948592,2022-07-07
16.79,31.3,3.87,2.0094644027678403,2022-07-08
15.96,28.92,2.15,1.7591879720374488,2022-07-09
13.86,25.06,3.11,1.4429786992007465,2022-07-10
10.9,27.11,0.0,2.3602503217942443,2022-07-11
10.49,30.19,0.0,2.6602822914656765,2022-07-12
16.19,33.17,2.97,2.1807346887160057,2022-07-13
15.07,28.07,0.0,2.131405192873004,2022-07-14
16.24,33.77,0.0,2.7275266662356628,2022-07-15
14.87,35.15,0.0,2.904893523516568,2022-07-16
15.61,31.79,0.0,2.52106385634229,2022-07-17
14.27,28.88,18.63,1.8076403453173615,2022-07-18
14.92,28.47,8.17,1.600557870825097,2022-07-19
12.76,24.78,0.0,1.6692978270130094,2022-07-20
10.94,28.56,0.0,2.275564602523745,2022-07-21
11.12,24.98,0.0,1.8472302766011035,2022-07-22
8.92,22.12,0.0,1.6712429698395967,2022-07-23
7.93,28.31,0.0,2.362469307021186,2022-07-24
13.2,20.59,3.41,0.815578786998511,2022-07-25
10.59,24.35,0.0,1.778577207567036,2022-07-26
7.89,25.87,0.0,2.108308797338502,2022-07-27
8.28,27.72,0.0,2.25156427375527,2022-07-28
13.14,33.54,0.0,2.5586381905841797,2022-07-29
15.46,26.04,3.36,1.1686541493741316,2022-07-30
13.55,28.11,7.3,1.5366043477695523,2022-07-31
14.78,26.67,0.0,1.5453360242733492,2022-08-01
13.59,25.21,0.0,1.4634812951125866,2022-08-02
8.18,26.1,0.0,1.9928382806506688,2022-08-03
10.96,34.29,0.0,2.5774979279315353,2022-08-04
8.83,19.08,0.0,1.0970311372738752,2022-08-05
4.69,22.71,0.0,1.8117459026535905,2022-08-06
11.55,30.35,0.0,2.2068535963533833,2022-08-07
10.9,33.11,0.0,2.4686184187266,2022-08-08
10.01,26.14,0.0,1.8280611107162272,2022-08-09
10.57,26.25,0.0,1.790564112986515,2022-08-10
15.55,25.99,0.0,1.228644488101341,2022-08-11
11.81,31.9,0.0,2.341909259963059,2022-08-12
16.01,32.74,1.45,2.1364972817598833,2022-08-13
15.48,31.06,0.0,1.964990626486012,2022-08-14
12.14,29.61,0.0,2.0535366053822455,2022-08-15
13.82,34.69,0.0,2.4465640553245858,2022-08-16
16.13,29.94,0.0,1.7301877155146277,2022-08-17
12.5,29.3,0.0,1.980031884894332,2022-08-18
10.63,29.39,0.0,2.084533120621599,2022-08-19
14.21,31.73,0.0,2.086709665721497,2022-08-20
12.69,33.82,0.0,2.361245417584894,2022-08-21
16.47,26.81,0.0,1.16795680486104,2022-08-22
14.52,26.47,0.0,1.3620265651249135,2022-08-23
10.73,26.79,0.0,1.7390511269489677,2022-08-24
10.3,28.21,0.0,1.8992457110730845,2022-08-25
13.14,28.6,9.96,1.41929603614114,2022-08-26
13.49,30.55,0.0,1.872510552042577,2022-08-27
12.49,21.52,0.0,0.9434564344535582,2022-08-28
8.8,27.37,0.0,1.8239454289873605,2022-08-29
10.38,31.62,0.0,2.1093532930007006,2022-08-30
13.91,35.09,0.0,2.214282604785067,2022-08-31
14.34,32.37,0.0,1.9081048478161584,2022-09-01
6.11,26.9,0.0,1.8286080166552416,2022-09-02
12.33,36.49,0.0,2.346797270332261,2022-09-03
15.68,34.61,0.0,1.9778795295160616,2022-09-04
12.61,31.24,0.0,1.839919320972124,2022-09-05
8.71,24.74,0.0,1.4371256157591588,2022-09-06
10.47,35.18,0.0,2.261076041180232,2022-09-07
7.19,19.63,0.0,1.068313831661144,2022-09-08
3.48,17.35,0.0,1.0742291358345588,2022-09-09
2.03,22.72,0.0,1.56167283621136,2022-09-10
8.41,31.99,0.0,2.0835226068125596,2022-09-11
8.85,23.19,0.0,1.272265181944662,2022-09-12
9.47,15.2,1.52,0.5112141308102848,2022-09-13
7.59,15.53,1.38,0.6751692880827024,2022-09-14
5.94,15.8,0.0,0.804023488139693,2022-09-15
10.44,20.2,0.0,0.8844234732484525,2022-09-16
7.96,23.4,0.0,1.338748024060627,2022-09-17
4.98,22.22,0.0,1.4049405795884926,2022-09-18
8.85,18.48,3.03,0.7611560328653347,2022-09-19
4.38,13.58,0.0,0.7091390182014773,2022-09-20
-0.53,16.84,0.0,1.158326045858408,2022-09-21
1.9,18.17,1.5,1.1778624390205976,2022-09-22
4.67,19.89,0.0,1.1860408677038137,2022-09-23
6.57,21.47,0.0,1.230518510403477,2022-09-24
1.98,22.0,0.0,1.4550020063632283,2022-09-25
6.12,22.96,0.0,1.3605063989215125,2022-09-26
6.43,25.55,0.0,1.5577521256082494,2022-09-27
8.87,30.97,0.0,1.870577888382751,2022-09-28
8.03,30.2,0.0,1.8244196905841863,2022-09-29
10.31,23.22,0.0,1.0733414663351415,2022-09-30
7.34,19.35,0.0,0.9351952747261216,2022-10-01
5.41,19.34,0.0,1.027636147784306,2022-10-02
6.93,22.25,0.0,1.2466857564911908,2022-10-03
7.81,25.75,0.0,1.517744786187465,2022-10-04
3.47,12.13,0.0,0.6022690320635896,2022-10-05
-3.43,9.95,0.0,0.7364945519191516,2022-10-06
-2.42,19.71,0.0,1.3466258091864427,2022-10-07
3.32,22.61,0.0,1.4258939997840527,2022-10-08
3.43,22.53,0.0,1.4200589247042406,2022-10-09
3.17,25.29,0.0,1.6013345178732172,2022-10-10
3.41,14.53,0.0,0.7477769210230355,2022-10-11
2.37,11.22,0.0,0.5744216444824118,2022-10-12
-0.34,14.05,0.0,0.875666074935429,2022-10-13
-1.81,15.67,1.41,1.0270960798253366,2022-10-14
-1.8,8.93,0.0,0.5909277247483156,2022-10-15
-4.09,9.26,0.0,0.6748774225208396,2022-10-16
-2.56,17.57,0.0,1.2459849973377826,2022-10-17
1.15,22.64,0.0,1.6042699464908403,2022-10-18
2.1,21.66,0.0,1.5046419764414676,2022-10-19
3.13,15.15,0.0,0.9020241824649916,2022-10-20
0.68,11.14,0.0,0.6582384380686817,2022-10-21
-3.71,10.18,5.33,0.6536182644194117,2022-10-22
-0.98,2.87,11.99,0.1932225906253995,2022-10-23
-2.87,0.71,0.0,0.1761976032948382,2022-10-24
-3.59,2.87,0.0,0.3124758252088239,2022-10-25
-4.41,5.66,0.0,0.477981728879478,2022-10-26
-0.73,9.32,0.0,0.5474224011787909,2022-10-27
-0.11,9.79,0.0,0.5508510359859803,2022-10-28
-1.42,12.94,0.0,0.7782247286664176,2022-10-29
-0.79,14.42,0.0,0.9088223259287418,2022-10-30
-1.03,8.69,0.0,0.5169432708593613,2022-10-31
-0.26,9.54,0.0,0.5342698278484843,2022-11-01
-2.79,0.92,0.0,0.1800876748092827,2022-11-02
-8.09,-2.88,0.0,0.2010201906813707,2022-11-03
-9.06,4.21,2.11,0.4923704395562603,2022-11-04
-5.25,3.58,12.88,0.3793928426080022,2022-11-05
-12.16,-6.77,0.0,0.1717334299017203,2022-11-06
-14.27,-6.9,6.3,0.2024102393344345,2022-11-07
-18.15,-7.63,0.0,0.2521152524977915,2022-11-08
-24.0,-15.43,0.0,0.1389872534509634,2022-11-09
-23.47,-14.56,0.0,0.1499537032258185,2022-11-10
-21.55,-10.73,0.0,0.2092782622339924,2022-11-11
-21.27,-10.11,1.5,0.2196228545542384,2022-11-12
-14.01,-5.58,0.0,0.2472193591972009,2022-11-13
-11.6,-5.01,0.94,0.2163281772711458,2022-11-14
-9.58,-3.58,0.0,0.2172628110570605,2022-11-15
-10.47,-2.85,0.0,0.2670023751026642,2022-11-16
-16.69,-10.34,0.0,0.1574284983394352,2022-11-17
-17.06,-7.39,0.0,0.240631783474598,2022-11-18
-12.36,-3.86,0.0,0.2715176937735942,2022-11-19
-11.45,0.7,0.0,0.408069791704058,2022-11-20
-11.3,1.45,1.2,0.4306342545401566,2022-11-21
-6.07,2.75,0.0,0.3747644587356543,2022-11-22
-4.62,2.21,0.0,0.3058875572469495,2022-11-23
-6.41,4.38,0.0,0.4481130806953728,2022-11-24
-0.09,6.85,0.0,0.3691521879309767,2022-11-25
-3.45,2.59,0.0,0.2809283517940348,2022-11-26
-4.37,2.74,3.06,0.3031611853459574,2022-11-27
-11.72,-5.49,5.18,0.1874423086734258,2022-11-28
-16.79,-11.19,0.0,0.1322962828696045,2022-11-29
-20.98,-14.02,2.22,0.1222484428410689,2022-11-30
-23.0,-15.19,0.81,0.1271373533075153,2022-12-01
-29.21,-21.57,0.0,0.1,2022-12-02
-24.59,-11.09,0.0,0.2074924566182555,2022-12-03
-15.43,-3.21,0.0,0.3212829714036103,2022-12-04
-23.88,-13.94,0.85,0.1540569923323283,2022-12-05
-33.02,-21.83,0.0,0.1,2022-12-06
-34.61,-8.28,0.0,0.2389804355046741,2022-12-07
-14.93,-4.99,0.0,0.2619831545164729,2022-12-08
-10.66,-2.05,0.0,0.2807156674407663,2022-12-09
-16.57,-6.09,0.0,0.252234796759345,2022-12-10
-10.41,-4.31,1.62,0.1982697002943689,2022-12-11
-12.57,-7.78,3.0,0.1319598682162422,2022-12-12
-16.22,-11.73,0.0,0.1045277588200183,2022-12-13
-18.3,-8.42,0.54,0.2139236749442002,2022-12-14
-16.7,-10.94,0.0,0.1315745120599765,2022-12-15
-20.12,-13.16,0.76,0.1307208241630031,2022-12-16
-20.57,-14.73,1.23,0.104993735949006,2022-12-17
-25.83,-20.29,1.07,0.1,2022-12-18
-31.32,-23.09,2.23,0.1,2022-12-19
-35.48,-29.32,2.12,0.1,2022-12-20
-33.61,-28.26,0.98,0.1,2022-12-21
-32.39,-26.43,0.0,0.1,2022-12-22
-35.37,-20.3,0.0,0.1071418932201761,2022-12-23
-23.06,-10.97,2.3,0.1921145545185123,2022-12-24
-16.89,-8.05,0.0,0.2065368977128385,2022-12-25
-15.27,1.38,0.0,0.4451104506786024,2022-12-26
-9.96,-2.15,7.81,0.2525311288907965,2022-12-27
-16.34,-8.3,2.01,0.1852159594474764,2022-12-28
-14.82,-9.94,0.0,0.1237706728272584,2022-12-29
-16.13,-7.76,0.0,0.2038424820475192,2022-12-30
-17.64,-9.76,0.0,0.1754264584600613,2022-12-31
-17.72,-6.21,0.0,0.259273703660448,2023-01-01
-14.28,-4.53,0.0,0.2635955770689502,2023-01-02
-14.74,-5.67,0.0,0.2389267216896621,2023-01-03
-17.31,-9.12,0.0,0.1855058803300456,2023-01-04
-17.34,-10.27,0.0,0.1584016666184998,2023-01-05
-16.79,-4.82,0.0,0.2869571209143504,2023-01-06
-11.89,-3.11,0.0,0.2706963108828119,2023-01-07
-13.7,-4.53,0.0,0.2579920363029085,2023-01-08
-13.27,-3.71,0.0,0.275973094875439,2023-01-09
-15.45,-9.36,0.0,0.1529954267016391,2023-01-10
-15.49,-9.63,0.0,0.146872341352177,2023-01-11
-13.68,-6.37,0.0,0.2059993534209157,2023-01-12
-11.39,-1.71,0.0,0.3115965664714181,2023-01-13
-11.3,-3.59,0.0,0.2482346400330106,2023-01-14
-9.86,-6.79,0.0,0.1034290812874635,2023-01-15
-9.2,-7.3,0.0,0.1,2023-01-16
-10.18,-6.76,0.0,0.1144792258715994,2023-01-17
-8.59,-3.03,0.0,0.2057767032381676,2023-01-18
-9.97,-4.68,0.0,0.1836777496083624,2023-01-19
-13.93,-4.55,0.0,0.2710512502936531,2023-01-20
-12.05,-0.64,0.0,0.3738289329459256,2023-01-21
-6.84,1.06,0.0,0.3275108312938415,2023-01-22
-12.73,-1.64,0.0,0.3611225226488995,2023-01-23
-9.89,-2.1,0.0,0.2801883683644733,2023-01-24
-8.06,-0.87,1.48,0.3040929502046294,2023-01-25
-9.11,3.41,1.03,0.6018386933720221,2023-01-26
-19.01,-4.49,0.0,0.3603418377643366,2023-01-27
-24.19,-18.29,0.0,0.1,2023-01-28
-25.66,-19.66,0.0,0.1,2023-01-29
-25.71,-17.56,0.0,0.120938999330037,2023-01-30
-23.03,-12.61,0.0,0.1897738083887802,2023-01-31
-22.93,-11.33,1.95,0.215173070963379,2023-02-01
-27.21,-17.28,0.0,0.1371733970650464,2023-02-02
-19.4,-1.53,0.0,0.4881076987749888,2023-02-03
-7.04,0.37,0.0,0.4239554458525093,2023-02-04
-10.96,1.45,0.0,0.6105574186272089,2023-02-05
-4.62,0.62,0.0,0.3036739438359446,2023-02-06
-4.46,3.01,0.0,0.5560413159341102,2023-02-07
-9.16,-0.44,2.5,0.386654134200748,2023-02-08
-13.47,-2.43,0.0,0.4791161945609938,2023-02-09
-9.16,4.55,0.0,0.8073025787397166,2023-02-10
-6.66,1.18,0.0,0.5387285020218358,2023-02-11
-7.69,1.54,0.0,0.6208407192957802,2023-02-12
-3.81,3.45,0.0,0.621256092708811,2023-02-13
-16.9,-4.72,0.0,0.4390033137403375,2023-02-14
-17.05,-9.54,0.0,0.2245055137994013,2023-02-15
-18.93,-1.79,0.0,0.5555624203993568,2023-02-16
-8.91,-0.38,0.0,0.5401288624010276,2023-02-17
-12.61,-3.92,0.0,0.4220857898080862,2023-02-18
-12.54,-5.85,1.26,0.2956482970024278,2023-02-19
-20.56,-10.66,0.0,0.2661792415801225,2023-02-20
-26.76,-17.67,0.0,0.1419068981232014,2023-02-21
-30.53,-25.47,0.0,0.1,2023-02-22
-29.33,-21.98,0.0,0.1,2023-02-23
-31.0,-19.93,0.0,0.1324254615464327,2023-02-24
-27.66,-12.06,0.0,0.2758371069240145,2023-02-25
-18.09,-2.19,0.0,0.6128680738034514,2023-02-26
-15.87,-5.71,0.0,0.4563686718203452,2023-02-27
-20.44,-10.92,0.0,0.2860965174706526,2023-02-28
-19.5,-7.03,0.0,0.4393069122395648,2023-03-01
-12.48,1.05,0.0,0.808978182648239,2023-03-02
-10.49,-0.64,0.0,0.6947768657165565,2023-03-03
-15.14,-5.16,0.0,0.5038921446011518,2023-03-04
-20.69,-11.4,0.0,0.2936525356947442,2023-03-05
-25.39,-13.46,0.0,0.2675585939845125,2023-03-06
-17.82,-13.06,0.0,0.1412613415964341,2023-03-07
-19.64,-14.04,0.98,0.1528569712213036,2023-03-08
-18.96,-10.97,0.0,0.2997780471108603,2023-03-09
-14.37,-7.22,4.46,0.3053713001023351,2023-03-10
-12.53,-7.1,4.18,0.2362068905208134,2023-03-11
-19.3,-9.37,0.0,0.4091384745507452,2023-03-12
-17.34,-3.21,0.0,0.6843535413341512,2023-03-13
-11.33,0.91,1.1,0.9251775421489876,2023-03-14
-14.59,-3.89,2.44,0.543777538329727,2023-03-15
-14.26,-5.27,0.0,0.557469474396505,2023-03-16
-20.71,-8.29,0.0,0.4711924512851448,2023-03-17
-19.39,-0.87,0.0,0.7668681947180804,2023-03-18
-14.9,-3.18,0.0,0.7089865485233746,2023-03-19
-13.99,-7.07,0.0,0.4334440738166984,2023-03-20
-15.49,-6.81,0.0,0.5087768952441258,2023-03-21
-16.06,-6.77,0.0,0.5300835704093866,2023-03-22
-15.3,2.44,0.0,0.9775652906804482,2023-03-23
-14.51,-3.95,0.0,0.6855223696868207,2023-03-24
-18.96,-4.19,0.0,0.6791822089071858,2023-03-25
-14.39,-6.39,0.0,0.5213914872621198,2023-03-26
-19.43,-8.56,0.0,0.4957544398819752,2023-03-27
-21.61,-6.51,0.0,0.5856795448833951,2023-03-28
-18.43,-1.29,0.0,0.8215802335352544,2023-03-29
-13.13,-1.94,0.0,0.837414048524667,2023-03-30
-14.95,0.05,0.0,0.9250480434591938,2023-03-31
-8.27,3.37,0.0,1.1343458518378702,2023-04-01
-8.48,-2.78,3.06,0.4595823147022668,2023-04-02
-13.79,-8.22,1.76,0.3514411043034217,2023-04-03
-19.4,-7.37,0.0,0.5546151825068797,2023-04-04
-23.06,-6.67,0.0,0.573200001424026,2023-04-05
-21.11,-4.4,0.0,0.6773612859957845,2023-04-06
-12.83,1.44,0.0,1.0295347062965443,2023-04-07
-3.58,6.23,0.0,1.3070462414648705,2023-04-08
0.65,8.32,0.0,1.3529646594847906,2023-04-09
2.61,9.41,0.0,1.3437499024621389,2023-04-10
0.7,11.33,0.0,1.624629030092835,2023-04-11
-0.01,8.26,0.0,1.4128244168474888,2023-04-12
-1.75,6.35,1.04,1.2966002477277647,2023-04-13
-1.14,8.28,0.0,1.4480859622987192,2023-04-14
-2.01,11.88,0.0,1.700337171086602,2023-04-15
-0.81,14.98,0.0,1.8996045744296608,2023-04-16
2.56,16.31,0.0,2.0014242928993875,2023-04-17
0.21,6.64,4.44,0.8549528444146689,2023-04-18
-4.15,-0.21,7.83,0.2504238589206002,2023-04-19
-5.43,-1.45,1.25,0.2904586927972822,2023-04-20
-5.35,1.53,0.0,0.7016626632166004,2023-04-21
-5.18,6.31,0.0,1.2449046001295063,2023-04-22
-5.02,8.85,0.0,1.46326185510344,2023-04-23
-1.76,10.88,0.0,1.6144395850487592,2023-04-24
1.9,16.89,1.86,2.0301824716897894,2023-04-25
1.24,14.93,0.0,1.905738596499086,2023-04-26
2.2,10.51,0.0,1.4039400858106508,2023-04-27
-0.76,18.7,0.0,2.123024395394178,2023-04-28
-1.1,16.03,0.0,1.9732119596723177,2023-04-29
-2.15,16.02,0.0,1.962022943600068,2023-04-30
-0.22,20.09,0.0,2.219326189847847,2023-05-01
2.93,25.58,0.0,2.572671519446997,2023-05-02
5.31,26.74,0.0,2.6726971161304496,2023-05-03
6.2,26.65,0.0,2.6793398270920807,2023-05-04
4.8,19.48,0.0,2.214501716454012,2023-05-05
4.36,16.74,0.0,2.019799155101976,2023-05-06
7.09,17.8,0.0,2.0566078137765604,2023-05-07
6.98,18.83,0.0,2.150750352498742,2023-05-08
3.54,20.36,0.0,2.295590630290763,2023-05-09
7.47,20.64,0.0,2.284547915550176,2023-05-10
5.83,20.25,0.0,2.278905763221522,2023-05-11
8.39,17.61,0.0,1.9893235152490871,2023-05-12
4.83,23.28,0.0,2.498001893863127,2023-05-13
5.37,25.27,0.0,2.6275435241704774,2023-05-14
9.22,26.94,0.0,2.7405114323145043,2023-05-15
9.66,30.37,0.0,2.970819513866956,2023-05-16
5.65,18.04,0.0,2.0995134948413225,2023-05-17
3.76,15.48,0.0,1.9222613025721305,2023-05-18
1.22,25.47,0.0,2.599010791662104,2023-05-19
11.33,25.11,0.0,2.543209058806474,2023-05-20
6.92,25.0,0.0,2.602061255567425,2023-05-21
11.94,30.81,3.85,2.726904663713429,2023-05-22
11.16,25.15,0.0,2.543968866609789,2023-05-23
10.64,22.46,9.7,2.0504341185518555,2023-05-24
12.19,15.64,2.97,0.3712852364128146,2023-05-25
10.23,19.34,0.0,1.7575747655784326,2023-05-26
7.99,16.4,7.75,1.161331587140402,2023-05-27
12.69,20.23,1.44,1.4557041170036664,2023-05-28
10.24,26.56,0.0,2.7292849330492106,2023-05-29
11.0,28.23,2.55,2.4389773168307687,2023-05-30
11.63,29.9,0.0,2.975675648206606,2023-05-31
13.89,25.66,8.17,1.9047829616823144,2023-06-01
12.63,22.5,0.0,1.871336357714344,2023-06-02
16.05,25.54,3.55,1.5464135985095404,2023-06-03
14.88,29.61,0.0,2.785504944664094,2023-06-04
16.99,32.03,0.0,2.9465015934422736,2023-06-05
15.88,26.92,0.0,2.2546793692242906,2023-06-06
12.98,28.37,0.0,2.7627215966920864,2023-06-07
13.31,29.08,0.0,2.836428624706196,2023-06-08
11.82,25.22,0.0,2.4851765837468323,2023-06-09
10.11,23.67,0.0,2.451838740849394,2023-06-10
10.0,27.72,0.0,2.874463195184511,2023-06-11
11.82,29.76,0.0,3.008330616872447,2023-06-12
12.5,30.59,0.0,3.064596963600138,2023-06-13
12.73,28.55,5.34,2.467460656486499,2023-06-14
8.66,17.28,0.0,1.5365759221356647,2023-06-15
6.19,24.58,0.0,2.678448261564742,2023-06-16
11.83,20.49,0.0,1.7068842196051712,2023-06-17
7.99,23.59,19.87,2.122212673123613,2023-06-18
8.71,21.8,0.0,2.1045024931806657,2023-06-19
7.63,22.17,0.0,2.231868523400504,2023-06-20
7.44,20.32,0.0,2.0146309306020203,2023-06-21
8.07,23.57,0.0,2.383843696057641,2023-06-22
8.22,25.61,0.0,2.5874872416787658,2023-06-23
8.99,25.96,0.0,2.575255565778229,2023-06-24
10.62,28.8,0.0,2.796296634694414,2023-06-25
11.22,25.86,0.0,2.4117637212248866,2023-06-26
10.88,28.39,0.0,2.714313859780489,2023-06-27
11.24,25.57,0.0,2.3510058054271923,2023-06-28
9.67,27.66,0.0,2.6836590415465067,2023-06-29
14.06,30.15,0.0,2.74681114783273,2023-06-30
13.77,32.58,0.0,3.018235227653991,2023-07-01
12.14,22.81,0.0,1.8276386844852783,2023-07-02
9.54,21.99,0.0,1.9941125780668023,2023-07-03
7.71,18.94,0.0,1.7019016299039096,2023-07-04
6.65,23.98,0.0,2.4195565186276737,2023-07-05
8.66,26.58,0.0,2.6083403300363135,2023-07-06
7.99,25.06,0.0,2.46662776109359,2023-07-07
9.1,28.29,0.0,2.752187008160534,2023-07-08
11.5,30.35,0.0,2.868281392879979,2023-07-09
10.8,23.88,0.0,2.103033355407912,2023-07-10
9.3,21.41,0.0,1.878308768793606,2023-07-11
9.51,24.5,0.0,2.2987719844681416,2023-07-12
11.67,25.82,0.0,2.331736743157109,2023-07-13
10.47,22.69,0.0,1.9799791935654163,2023-07-14
8.2,24.32,0.0,2.346595380363521,2023-07-15
8.28,23.58,0.0,2.254036291466648,2023-07-16
9.23,26.78,8.01,2.110616676843808,2023-07-17
11.22,20.02,3.65,1.0197158866320457,2023-07-18
13.04,23.91,0.0,1.854939101697329,2023-07-19
10.44,27.27,0.0,2.5642179262202367,2023-07-20
11.25,29.47,0.0,2.749791513451112,2023-07-21
11.61,29.98,0.0,2.776267362103591,2023-07-22
14.48,30.8,0.0,2.7104699460152384,2023-07-23
15.85,35.26,0.0,3.114023913987247,2023-07-24
18.41,33.63,0.0,2.7737515848890077,2023-07-25
11.74,27.18,0.0,2.437613182566643,2023-07-26
8.98,22.41,0.0,2.0065172902998527,2023-07-27
7.65,21.05,0.0,1.9180727575685532,2023-07-28
5.82,23.99,0.0,2.335483930272336,2023-07-29
9.63,29.83,0.0,2.771878058674723,2023-07-30
15.58,32.88,0.0,2.834414103278509,2023-07-31
12.81,32.57,0.0,2.9046816548551795,2023-08-01
12.99,30.77,0.0,2.6969035161534016,2023-08-02
14.24,36.81,0.0,3.1921208797841034,2023-08-03
14.07,27.9,0.0,2.220582299766883,2023-08-04
10.14,27.55,0.0,2.4424659798127353,2023-08-05
9.12,26.58,0.0,2.372604014369078,2023-08-06
9.2,28.64,0.0,2.565629144214338,2023-08-07
10.27,24.34,0.0,2.021894004834406,2023-08-08
11.32,20.1,12.11,0.926655727053718,2023-08-09
11.92,24.51,6.14,1.4033145877517317,2023-08-10
11.59,22.66,0.0,1.466449578709602,2023-08-11
9.74,22.47,3.72,1.2976938526975987,2023-08-12
9.73,25.91,0.0,2.0195482366469366,2023-08-13
12.66,33.4,0.0,2.612137019159452,2023-08-14
14.49,30.4,0.0,2.1747714186050313,2023-08-15
11.84,23.64,0.0,1.5072542524801005,2023-08-16
8.73,31.76,0.0,2.5458603840105263,2023-08-17
14.04,25.8,0.0,1.5295756483893672,2023-08-18
8.09,20.47,0.0,1.3935462078848873,2023-08-19
4.84,21.32,2.46,1.405530349567324,2023-08-20
11.81,18.46,25.07,0.6371974613989085,2023-08-21
13.16,18.68,14.69,0.5466318203555215,2023-08-22
13.85,24.55,0.0,1.203841900952879,2023-08-23
10.7,23.2,0.0,1.3743996132723346,2023-08-24
10.05,20.99,0.0,1.1397864593499063,2023-08-25
9.78,29.59,0.0,2.1361026369038543,2023-08-26
11.65,28.03,0.0,1.8741464985678988,2023-08-27
10.93,30.14,0.0,2.109803458227878,2023-08-28
12.4,31.69,0.0,2.179623881095558,2023-08-29
14.96,27.56,0.0,1.504447122356111,2023-08-30
11.81,21.94,3.66,0.9432884415061176,2023-08-31
13.18,27.57,0.0,1.7013585022178002,2023-09-01
13.37,28.67,0.0,1.8320721183092683,2023-09-02
8.48,31.12,0.0,2.255669725324443,2023-09-03
9.95,20.76,0.0,1.119663025454106,2023-09-04
2.34,16.99,0.0,1.2590513100617255,2023-09-05
8.82,23.92,0.0,1.580180057616885,2023-09-06
8.12,21.56,0.0,1.358151296288122,2023-09-07
3.78,22.38,0.0,1.6343922849227417,2023-09-08
7.18,23.15,0.0,1.5412842502698336,2023-09-09
6.33,24.39,0.0,1.6748668538024738,2023-09-10
6.3,22.36,0.0,1.4732931986315487,2023-09-11
8.55,28.29,0.0,1.8808683872926568,2023-09-12
11.31,22.73,0.77,1.1400722188406138,2023-09-13
7.2,20.39,0.0,1.206833650028864,2023-09-14
4.45,21.97,0.0,1.4939223034364806,2023-09-15
6.82,29.75,0.0,2.006828817830991,2023-09-16
7.26,31.19,0.0,2.1938017353198087,2023-09-17
9.3,27.06,0.0,1.787160289179421,2023-09-18
6.24,18.51,1.33,1.090393136114039,2023-09-19
5.34,20.15,0.0,1.2927105100706902,2023-09-20
3.04,21.09,0.0,1.454971125493974,2023-09-21
4.38,21.95,0.0,1.4570184489503883,2023-09-22
10.48,19.31,0.0,0.7775968078414182,2023-09-23
10.62,23.96,0.0,1.24809959949641,2023-09-24
6.81,26.34,0.0,1.6842392239560608,2023-09-25
12.05,29.77,0.0,1.7147485089205448,2023-09-26
9.93,23.59,1.9,1.2224187491935476,2023-09-27
5.62,19.3,0.0,1.0653924419327978,2023-09-28
2.55,18.31,2.44,1.0001331858699052,2023-09-29
2.75,9.87,15.99,0.4532087954059561,2023-09-30
7.14,9.32,4.97,0.1657717098247045,2023-10-01
6.55,14.19,2.19,0.5452823346239603,2023-10-02
5.35,15.65,0.0,0.7700755684520841,2023-10-03
3.18,14.27,1.31,0.774221301272626,2023-10-04
-1.1,8.24,0.0,0.5636583238434774,2023-10-05
-5.2,11.27,0.0,0.852857143621445,2023-10-06
4.61,21.31,0.0,1.1690852774589866,2023-10-07
3.18,22.76,0.0,1.294166354042923,2023-10-08
4.36,22.29,0.0,1.225354941157112,2023-10-09
3.67,21.15,0.0,1.1706424213564472,2023-10-10
3.86,16.23,0.0,0.8452562853404444,2023-10-11
1.3,9.94,0.0,0.5457822412452983,2023-10-12
-2.92,11.8,0.0,0.8000864027564394,2023-10-13
-0.5,12.07,0.0,0.7402782393250918,2023-10-14
-0.05,15.52,0.0,0.9215815746212712,2023-10-15
1.75,18.89,0.0,1.0618907787018448,2023-10-16
7.87,19.37,0.0,0.8564944471230048,2023-10-17
3.56,15.34,0.0,0.7789332048743829,2023-10-18
4.58,21.89,0.0,1.1414130878511983,2023-10-19
3.98,14.61,0.0,0.7058615418387618,2023-10-20
-2.75,11.19,0.0,0.7372681266933051,2023-10-21
1.85,9.8,0.0,0.4920158393505235,2023-10-22
-3.58,1.8,5.95,0.251280916071428,2023-10-23
-11.38,-4.13,0.0,0.2542803571451182,2023-10-24
-15.44,-5.54,0.0,0.2854873160315893,2023-10-25
-13.41,-5.08,0.0,0.2646813929488899,2023-10-26
-8.87,-3.67,0.68,0.20810932021025,2023-10-27
-10.06,-3.29,0.52,0.258488098989623,2023-10-28
-8.56,-0.98,0.0,0.3128772027306019,2023-10-29
-13.68,-4.32,0.0,0.2995649573206997,2023-10-30
-13.37,2.05,0.0,0.5106144822842831,2023-10-31
-8.73,0.17,0.0,0.3575789857629943,2023-11-01
-6.23,3.79,0.0,0.4497505576428069,2023-11-02
-6.08,1.12,0.0,0.3208377129447556,2023-11-03
-5.46,4.1,0.94,0.4387179105330967,2023-11-04
-0.45,3.37,1.34,0.2059816369597705,2023-11-05
0.21,3.14,0.4,0.162516396760929,2023-11-06
-0.17,2.91,6.78,0.1595800102699072,2023-11-07
-1.62,3.86,0.0,0.2854452324199669,2023-11-08
-5.9,0.73,0.0,0.2907874148734388,2023-11-09
-7.38,2.57,0.0,0.4097170287824848,2023-11-10
-3.37,7.94,0.0,0.5460649840613434,2023-11-11
-2.47,8.41,0.0,0.5423004916398914,2023-11-12
-3.12,9.41,0.0,0.6033822672596215,2023-11-13
-2.4,7.63,0.0,0.4980952348390738,2023-11-14
-4.82,6.44,0.0,0.5066249754858844,2023-11-15
-9.69,2.75,0.0,0.4515285015969919,2023-11-16
-3.05,11.12,0.0,0.6727939332584357,2023-11-17
-2.71,13.91,0.0,0.7907300614719387,2023-11-18
-0.84,12.1,0.0,0.6612457316515887,2023-11-19
-4.17,5.11,0.0,0.4211630974964784,2023-11-20
-9.27,8.9,0.0,0.664810883774449,2023-11-21
-8.57,0.21,0.0,0.3245185052742528,2023-11-22
-16.21,-6.41,0.0,0.2443723551020256,2023-11-23
-12.43,0.14,0.0,0.3878200898129192,2023-11-24
-8.22,0.5,0.0,0.3237081118372554,2023-11-25
-14.53,-4.28,0.33,0.2830152580587151,2023-11-26
-8.7,0.96,0.0,0.3548169709131594,2023-11-27
-4.6,5.16,0.0,0.4202756227462491,2023-11-28
-5.92,2.62,0.0,0.3457627095643271,2023-11-29
-10.26,-1.52,0.0,0.2898422350819412,2023-11-30
-14.56,-0.68,0.0,0.3789511347895077,2023-12-01
-11.38,0.88,0.0,0.3888436441381948,2023-12-02
-13.21,1.02,3.06,0.4063722469631846,2023-12-03
-7.6,0.81,0.0,0.3172182414192278,2023-12-04
-8.44,8.3,0.0,0.6192876536449152,2023-12-05
-3.25,7.95,0.0,0.5048159924200301,2023-12-06
-0.73,3.2,0.55,0.189024005873357,2023-12-07
-6.74,0.01,0.0,0.2549350240067761,2023-12-08
-9.34,-0.69,0.0,0.2920446232025131,2023-12-09
-7.53,1.17,0.0,0.3194803787609422,2023-12-10
-11.59,-1.96,0.0,0.2924575360695258,2023-12-11
-13.44,1.16,0.0,0.4159307015828619,2023-12-12
-6.31,8.58,0.0,0.585125451126798,2023-12-13
-3.97,6.31,0.0,0.4394026695512198,2023-12-14
-5.18,4.26,0.0,0.3825886716627668,2023-12-15
-3.42,4.19,0.0,0.3295276914229799,2023-12-16
-9.8,0.77,0.0,0.3506779711797693,2023-12-17
-10.57,3.21,0.0,0.4480628338225435,2023-12-18
-3.57,-0.6,0.0,0.1258132155600986,2023-12-19
-4.64,7.12,0.0,0.4917314607896668,2023-12-20
-6.05,4.1,0.0,0.3993203796764636,2023-12-21
-5.28,10.0,0.0,0.6255823182220943,2023-12-22
-5.9,2.22,0.0,0.318918288772246,2023-12-23
-12.32,0.5,0.0,0.3820293190366753,2023-12-24
-10.4,5.17,0.0,0.5143681966489347,2023-12-25
-9.62,7.37,0.0,0.5842298889763282,2023-12-26
-8.07,6.28,0.0,0.5231471534079676,2023-12-27
-8.25,9.86,0.0,0.6625029103821023,2023-12-28
-8.39,4.25,0.0,0.451807506701683,2023-12-29
-13.06,0.83,0.0,0.4006920455694434,2023-12-30
-9.07,3.89,0.0,0.4506550010581591,2023-12-31
