MinTemp,MaxTemp,Precipitation,ReferenceET,Date
-31.13,-13.69,0.0,0.1753029802473277,2018-01-01
-20.75,-5.35,0.0,0.2989125471176985,2018-01-02
-15.02,-3.31,0.0,0.3050275847230713,2018-01-03
-14.1,-6.45,0.0,0.2027871457830306,2018-01-04
-14.07,-7.34,0.0,0.1771003349048168,2018-01-05
-12.83,0.28,0.0,0.388009731660858,2018-01-06
-8.83,0.91,0.0,0.3439096702398664,2018-01-07
-9.8,-2.48,0.0,0.2436959069575321,2018-01-08
-12.34,-1.42,0.0,0.3290534183478668,2018-01-09
-24.43,-16.24,0.32,0.1171911247175711,2018-01-10
-29.63,-21.94,0.0,0.1,2018-01-11
-31.35,-20.32,0.0,0.1007037401327263,2018-01-12
-27.84,-9.12,0.0,0.2454753802883739,2018-01-13
-23.17,-10.43,0.0,0.2120818962414199,2018-01-14
-29.54,-15.96,0.0,0.1487119468797063,2018-01-15
-20.88,-1.69,0.0,0.3933699690196084,2018-01-16
-9.55,4.25,0.35,0.5213144980320698,2018-01-17
-7.79,7.75,0.0,0.6732311230028162,2018-01-18
-5.0,4.02,0.0,0.3892010314784026,2018-01-19
-8.1,0.53,0.0,0.3255967093654163,2018-01-20
-11.92,-2.11,0.0,0.3111172021677088,2018-01-21
-10.99,2.5,0.0,0.4877573170924215,2018-01-22
-10.59,-1.1,0.0,0.3234459227702715,2018-01-23
-10.61,-3.86,0.0,0.2266824624024277,2018-01-24
-10.13,-2.49,0.0,0.2653339448683129,2018-01-25
-12.95,-7.67,1.03,0.1557840169127806,2018-01-26
-21.05,-13.44,0.0,0.1432657543593627,2018-01-27
-23.39,-15.1,0.0,0.1356937751177745,2018-01-28
-24.02,-4.17,0.0,0.3561429252947345,2018-01-29
-12.61,2.4,0.0,0.5496597187483693,2018-01-30
-23.8,-13.86,0.0,0.1645712032713124,2018-01-31
-27.11,-15.97,0.0,0.1504200933849738,2018-02-01
-22.19,-17.92,2.62,0.1,2018-02-02
-27.51,-20.93,1.27,0.1,2018-02-03
-28.37,-16.79,0.0,0.1464021096133727,2018-02-04
-26.19,-15.5,0.0,0.1568302376013729,2018-02-05
-27.52,-17.43,0.0,0.1344497172780203,2018-02-06
-28.24,-14.99,0.0,0.174960016648474,2018-02-07
-27.08,-17.32,0.0,0.1348425274132864,2018-02-08
-28.42,-15.91,0.0,0.1632338884451122,2018-02-09
-20.64,-9.4,0.0,0.2510914742390943,2018-02-10
-28.12,-15.89,0.0,0.1640568298028231,2018-02-11
-31.99,-12.9,0.0,0.2119843252326394,2018-02-12
-18.36,1.88,0.0,0.6534508770066376,2018-02-13
-15.27,1.18,1.58,0.6501221640878901,2018-02-14
-28.35,-13.48,0.0,0.2075841505232415,2018-02-15
-21.28,-4.95,0.0,0.4281976622581395,2018-02-16
-19.14,-10.55,0.0,0.2092780932142441,2018-02-17
-23.03,-12.79,0.0,0.1986460714368939,2018-02-18
-27.82,-13.97,0.0,0.2059269572480654,2018-02-19
-23.76,-12.15,0.0,0.2316672828035225,2018-02-20
-30.28,-10.36,0.0,0.2831336016324459,2018-02-21
-24.6,-8.11,0.0,0.3553495104483137,2018-02-22
-20.29,-6.14,0.0,0.4176103601659954,2018-02-23
-16.53,-1.63,0.0,0.5948064465095182,2018-02-24
-16.51,-1.82,0.0,0.5897184735536563,2018-02-25
-15.4,-4.63,0.0,0.443708565227707,2018-02-26
-15.09,-1.99,0.0,0.584381904504977,2018-02-27
-13.79,0.51,0.0,0.7175512353146327,2018-02-28
-17.57,-3.1,0.0,0.5622638082689222,2018-03-01
-14.88,-4.51,0.0,0.4671174175039003,2018-03-02
-8.54,-4.3,4.02,0.1726535664238004,2018-03-03
-10.98,-5.2,6.3,0.2119423310836965,2018-03-04
-14.07,-8.74,1.2,0.1814313243707212,2018-03-05
-17.4,-7.05,0.0,0.3813641536811832,2018-03-06
-23.66,-7.0,0.0,0.4269776416815244,2018-03-07
-23.97,-8.04,0.0,0.3970929390006698,2018-03-08
-13.9,-2.49,0.0,0.5857683426848156,2018-03-09
-12.29,-1.18,0.0,0.6452779082568223,2018-03-10
-14.14,2.4,0.0,0.8702669409218583,2018-03-11
-15.67,-0.86,0.0,0.7094879331296946,2018-03-12
-15.58,1.77,0.0,0.8428133229431589,2018-03-13
-15.44,-1.12,0.0,0.7103313121919542,2018-03-14
-11.26,-3.2,0.0,0.5012722325298563,2018-03-15
-7.67,1.74,0.0,0.8046717072357727,2018-03-16
-4.28,-0.09,1.66,0.3395332475374966,2018-03-17
-6.63,0.65,1.01,0.651383457476738,2018-03-18
-9.01,-0.6,0.0,0.6523935579930678,2018-03-19
-7.68,1.62,0.0,0.8137138427091767,2018-03-20
-10.68,2.4,0.0,0.9514712045661514,2018-03-21
-9.43,0.75,0.0,0.8182442817379587,2018-03-22
-4.59,0.39,4.02,0.3459772038838533,2018-03-23
-8.36,3.04,0.0,0.9813827775367506,2018-03-24
-6.54,1.6,1.07,0.8106806902092344,2018-03-25
-8.03,3.97,0.0,1.073930011834105,2018-03-26
-10.34,2.26,0.0,0.9831257153947606,2018-03-27
-15.18,-2.86,0.39,0.7017254889098861,2018-03-28
-20.27,-8.24,0.58,0.466661205090184,2018-03-29
-23.35,-12.2,0.0,0.3370885539593535,2018-03-30
-21.89,-9.44,0.0,0.4442544491011038,2018-03-31
-18.77,-5.41,0.0,0.6168504639585566,2018-04-01
-20.64,-5.3,0.0,0.6161328379135143,2018-04-02
-17.28,-4.37,0.0,0.6678580634574814,2018-04-03
-18.41,-2.89,0.0,0.7377222089419311,2018-04-04
-18.82,-8.92,0.0,0.442512479910407,2018-04-05
-23.11,-9.02,0.0,0.4755888754624486,2018-04-06
-21.75,-4.98,0.0,0.6391216037535123,2018-04-07
-13.33,-2.71,0.0,0.7560127696391619,2018-04-08
-8.17,0.39,0.0,0.8753345215808264,2018-04-09
-10.94,6.26,0.0,1.2801670365514222,2018-04-10
-3.57,0.86,1.19,0.5683577524467782,2018-04-11
-5.85,-0.8,0.0,0.5828302673406277,2018-04-12
-6.59,1.01,0.0,0.9197194774528272,2018-04-13
-3.44,6.6,0.0,1.3756597785295344,2018-04-14
-4.0,7.9,0.0,1.46658681502458,2018-04-15
-1.33,4.66,2.07,0.7806841227226401,2018-04-16
-1.96,1.63,5.16,0.3192197296797709,2018-04-17
-5.1,9.5,0.0,1.5690451888174164,2018-04-18
-1.89,11.91,0.0,1.735793562807777,2018-04-19
-0.43,17.37,0.0,2.079404081602582,2018-04-20
1.17,18.82,0.0,2.185443419913831,2018-04-21
3.01,13.56,0.0,1.814919625999618,2018-04-22
-0.39,13.22,0.0,1.826125853685926,2018-04-23
-1.09,20.34,0.0,2.2449538936821467,2018-04-24
2.86,17.27,0.0,2.0963557752134476,2018-04-25
-0.67,21.6,0.0,2.247780318892125,2018-04-26
-0.69,16.14,0.0,1.945293261512206,2018-04-27
1.43,26.4,0.0,2.548791916367944,2018-04-28
5.97,20.22,0.0,2.212851618978852,2018-04-29
0.36,11.73,0.0,1.6517631200090592,2018-04-30
-2.8,16.69,0.0,1.9637665063614296,2018-05-01
1.21,18.35,0.0,2.107177422665681,2018-05-02
5.36,21.35,0.0,2.3124691784101925,2018-05-03
3.66,23.77,0.0,2.467896804533575,2018-05-04
4.48,24.47,0.0,2.5174410839435244,2018-05-05
4.56,27.23,0.0,2.685151030000396,2018-05-06
10.67,26.6,0.0,2.6485439555495622,2018-05-07
7.75,16.72,5.97,1.6088270460021736,2018-05-08
2.53,13.44,0.0,1.7477427948501914,2018-05-09
1.8,10.59,2.88,1.1268195695933272,2018-05-10
4.01,10.5,1.72,1.0804300975285317,2018-05-11
2.11,19.48,0.0,2.211906885918014,2018-05-12
6.67,26.17,0.0,2.6637482736435456,2018-05-13
3.3,24.66,0.0,2.5484975245004136,2018-05-14
10.87,31.5,0.0,3.007955973206032,2018-05-15
9.48,27.06,1.19,2.7027327419859595,2018-05-16
7.04,14.03,3.29,0.9450422589002662,2018-05-17
3.5,18.39,0.0,2.115638926367386,2018-05-18
2.69,21.98,0.0,2.3760275429450486,2018-05-19
3.07,25.13,0.0,2.585287960421629,2018-05-20
10.46,30.13,0.0,2.927382545070719,2018-05-21
10.44,27.04,0.0,2.695035879605464,2018-05-22
9.8,29.59,4.91,2.649066117435555,2018-05-23
12.19,26.3,3.16,2.213725589062606,2018-05-24
10.68,26.5,0.0,2.6564860891551296,2018-05-25
9.94,29.64,2.53,2.6331122545215857,2018-05-26
9.6,25.43,0.0,2.6000303172460173,2018-05-27
9.15,30.59,0.0,2.993403366710312,2018-05-28
13.15,26.58,0.0,2.5773981833008115,2018-05-29
9.93,22.94,6.5,1.8826923878335409,2018-05-30
8.93,13.89,0.0,0.647889502780831,2018-05-31
8.26,13.53,7.73,0.5120484288119725,2018-06-01
7.05,17.83,0.0,1.7061909695251427,2018-06-02
7.26,23.73,0.0,2.5520273116142183,2018-06-03
9.55,27.39,2.93,2.4557500286795877,2018-06-04
9.24,20.8,0.0,2.077299477673028,2018-06-05
6.28,27.13,0.0,2.813926101079829,2018-06-06
8.52,27.37,0.0,2.8234512011742297,2018-06-07
13.09,24.27,0.0,2.2271822326679493,2018-06-08
12.96,30.22,0.0,2.979464423235853,2018-06-09
13.19,24.68,0.0,2.2609196997868732,2018-06-10
6.79,17.87,0.0,1.8067538069264149,2018-06-11
7.26,21.58,0.0,2.318531052549635,2018-06-12
7.12,25.83,0.0,2.7286574792676905,2018-06-13
8.76,23.66,1.36,2.521930689281758,2018-06-14
9.07,23.51,0.0,2.476600070362499,2018-06-15
7.15,21.52,0.0,2.334443975407332,2018-06-16
7.94,25.49,0.0,2.6999511731853647,2018-06-17
8.74,27.61,0.0,2.852543222970666,2018-06-18
10.53,27.29,0.0,2.8129834599792116,2018-06-19
10.72,29.64,0.0,2.9906614767472632,2018-06-20
12.2,29.68,0.0,2.973846958100516,2018-06-21
13.94,28.69,0.0,2.855872196187195,2018-06-22
12.9,26.93,9.52,2.313215711124931,2018-06-23
15.46,26.42,0.0,2.3286510577815833,2018-06-24
14.19,29.61,0.0,2.9339178508483323,2018-06-25
12.26,24.74,0.0,2.422528894862333,2018-06-26
7.03,25.33,0.0,2.7146888294091887,2018-06-27
7.52,24.02,0.0,2.6081006777692775,2018-06-28
10.06,23.49,0.0,2.424322996157356,2018-06-29
11.97,24.77,6.49,1.9811039916567972,2018-06-30
11.08,20.09,7.98,1.2433467746044464,2018-07-01
8.78,22.51,3.8,1.759109704841584,2018-07-02
6.8,20.82,6.9,1.660166097024973,2018-07-03
10.64,19.01,4.04,0.9680390786624902,2018-07-04
8.15,24.86,0.0,2.372517387247886,2018-07-05
13.91,32.78,0.0,2.9620315066099576,2018-07-06
14.17,30.42,0.26,2.6843406302663353,2018-07-07
10.68,24.12,0.0,2.1025177919314295,2018-07-08
8.97,27.27,3.54,2.1310389590716565,2018-07-09
13.2,29.02,7.04,2.0403438185019875,2018-07-10
14.66,25.2,0.77,1.7077169678393709,2018-07-11
14.63,28.68,0.0,2.2749137957335814,2018-07-12
13.98,31.54,0.0,2.688640255248372,2018-07-13
12.18,21.32,0.0,1.3497960334879882,2018-07-14
8.75,24.57,0.0,2.1899041690889898,2018-07-15
6.74,25.9,0.0,2.4178172997451934,2018-07-16
10.04,34.0,0.0,3.063110515033673,2018-07-17
15.71,30.67,0.0,2.4823366079236133,2018-07-18
13.9,27.94,0.0,2.2643894808008556,2018-07-19
12.71,29.08,0.0,2.50420347675375,2018-07-20
15.77,26.5,0.0,1.8118361906264189,2018-07-21
11.62,23.04,0.0,1.761584951290991,2018-07-22
9.99,23.0,0.0,1.9179330022926788,2018-07-23
8.51,23.04,0.0,2.025735625584142,2018-07-24
8.96,21.98,0.0,1.848486955680972,2018-07-25
6.96,23.54,0.0,2.1523310438542915,2018-07-26
9.27,24.33,0.0,2.114177857065084,2018-07-27
9.08,26.99,0.0,2.4083290317287753,2018-07-28
8.86,29.4,0.0,2.6236044216960757,2018-07-29
11.92,32.24,0.0,2.7702408398638885,2018-07-30
11.7,24.43,0.0,1.855659594146509,2018-07-31
7.97,27.73,0.59,2.449800721583028,2018-08-01
14.62,30.52,5.26,1.936769266436253,2018-08-02
13.26,28.39,3.04,1.7443096821903288,2018-08-03
13.14,23.07,1.94,1.340154928930072,2018-08-04
13.02,23.4,0.0,1.4097766200627255,2018-08-05
10.91,29.16,0.0,2.3502722360510155,2018-08-06
12.74,30.45,0.0,2.4140757220859776,2018-08-07
11.55,29.65,0.0,2.3840871669935484,2018-08-08
12.91,33.48,0.0,2.6976220193418925,2018-08-09
14.14,38.27,0.0,3.0418344765286034,2018-08-10
14.81,33.42,0.0,2.564590528919078,2018-08-11
12.58,22.91,0.0,1.3543800811912163,2018-08-12
8.11,17.07,0.0,0.9722084329610808,2018-08-13
3.82,27.59,0.0,2.3531564966352088,2018-08-14
10.86,28.58,0.0,2.237330501577556,2018-08-15
9.63,27.32,0.0,2.1917391397400037,2018-08-16
10.08,31.46,0.0,2.540510348704694,2018-08-17
10.69,24.52,0.0,1.7596191750180128,2018-08-18
3.97,23.75,0.0,2.012961287141915,2018-08-19
5.03,23.37,0.0,1.927802077327223,2018-08-20
5.29,27.27,0.0,2.23842507419813,2018-08-21
10.21,30.7,0.0,2.4108167291869735,2018-08-22
8.58,26.94,0.0,2.128219734684969,2018-08-23
7.91,20.42,0.0,1.406057574395475,2018-08-24
7.23,18.83,0.0,1.269615775009323,2018-08-25
7.29,17.52,4.2,0.8453658510278615,2018-08-26
8.01,13.61,6.11,0.4729030697868761,2018-08-27
6.64,18.16,0.0,1.1705432305005694,2018-08-28
6.3,26.97,0.0,2.146304580665785,2018-08-29
9.68,22.71,0.93,1.5096991196886205,2018-08-30
7.31,20.0,0.0,1.4163557829419564,2018-08-31
6.53,19.98,0.0,1.4630009557179704,2018-09-01
3.45,20.16,0.0,1.6348645970097757,2018-09-02
4.99,21.13,0.0,1.6663159905557594,2018-09-03
2.53,14.34,0.0,1.0641410103810784,2018-09-04
-0.61,21.66,0.0,1.8125975235970384,2018-09-05
3.1,24.4,0.0,1.9564586262113275,2018-09-06
6.58,24.35,0.0,1.8419202989831815,2018-09-07
11.06,26.19,0.0,1.7759522810744606,2018-09-08
8.33,21.69,0.0,1.4483377512420492,2018-09-09
3.47,20.67,1.03,1.5979630695232985,2018-09-10
5.98,16.9,0.0,1.0213970313701417,2018-09-11
4.16,14.54,3.56,0.7473780387245583,2018-09-12
3.93,11.86,0.74,0.6263550930839547,2018-09-13
2.23,8.71,0.0,0.4840179280172478,2018-09-14
5.28,11.42,3.37,0.4591486408943156,2018-09-15
6.04,9.54,9.6,0.2710724035787196,2018-09-16
3.78,11.7,0.53,0.6289303299064192,2018-09-17
4.07,11.11,0.0,0.5657551715172203,2018-09-18
2.01,15.09,0.0,1.0164951640341644,2018-09-19
3.35,12.18,0.0,0.6956172438710158,2018-09-20
0.46,6.65,2.97,0.401558045414381,2018-09-21
-0.54,1.18,8.48,0.1126124988286118,2018-09-22
-0.51,2.76,0.0,0.2282067875034838,2018-09-23
-0.34,12.11,0.68,0.860500032987931,2018-09-24
1.48,13.41,0.83,0.8706974975996586,2018-09-25
3.05,16.07,0.0,0.9950417534056684,2018-09-26
-1.92,8.23,0.0,0.6542359515176914,2018-09-27
-4.09,7.93,0.0,0.7090250593558354,2018-09-28
-2.48,7.04,0.0,0.5984394057968494,2018-09-29
-7.73,4.24,0.49,0.6251535154177521,2018-09-30
-1.95,4.42,1.72,0.4050333667399063,2018-10-01
-1.59,4.01,1.95,0.361902366467467,2018-10-02
-2.46,6.17,0.0,0.5401937467026314,2018-10-03
-5.76,6.02,0.0,0.6357606075603885,2018-10-04
-3.5,8.44,0.0,0.713736041426732,2018-10-05
-5.32,12.14,0.0,0.9818813076893332,2018-10-06
-2.85,13.21,0.0,0.997872010519414,2018-10-07
-2.74,1.02,0.26,0.2288519132358868,2018-10-08
-4.8,2.18,0.0,0.3914759449245694,2018-10-09
-8.65,4.75,0.0,0.6356478801325257,2018-10-10
-9.36,6.35,0.0,0.7189724811413172,2018-10-11
-4.57,6.57,9.36,0.5598024830861428,2018-10-12
-5.0,-0.66,0.0,0.2328688936018964,2018-10-13
-9.06,3.73,0.0,0.5660440356039576,2018-10-14
-0.54,13.3,0.0,0.8578925372966265,2018-10-15
-1.4,10.09,0.0,0.683229258155459,2018-10-16
-1.48,20.91,0.0,1.299238975623781,2018-10-17
1.72,19.1,0.0,1.1242826723152135,2018-10-18
-3.57,13.14,0.0,0.8730762550013738,2018-10-19
-7.98,16.24,0.0,1.0615613528970993,2018-10-20
-1.67,13.93,0.0,0.8602157705710645,2018-10-21
-6.3,10.81,0.0,0.7879921416612149,2018-10-22
-4.72,15.78,0.0,0.9889278993747326,2018-10-23
-1.88,18.6,0.0,1.0807892084710773,2018-10-24
-1.07,14.93,0.0,0.8719199995192137,2018-10-25
-2.87,11.72,0.0,0.745351778390882,2018-10-26
-1.43,12.81,0.0,0.7604267355456579,2018-10-27
-5.21,9.32,0.0,0.6720874290551155,2018-10-28
0.61,8.69,0.0,0.4572026577984028,2018-10-29
-1.63,6.83,0.0,0.4401480761585975,2018-10-30
-3.22,9.87,0.0,0.6422927509448713,2018-10-31
-2.68,4.37,1.13,0.3461918214320568,2018-11-01
-2.36,0.03,2.61,0.1118135152483461,2018-11-02
-4.77,1.36,0.0,0.2732015098519034,2018-11-03
-2.46,3.63,3.21,0.2834527430295279,2018-11-04
-8.4,-0.45,1.89,0.3103695309330804,2018-11-05
-12.73,-8.48,0.21,0.12856219672806,2018-11-06
-13.03,-9.76,0.0,0.1,2018-11-07
-18.18,-9.9,0.0,0.1902117811371994,2018-11-08
-21.85,-4.74,2.02,0.3261525906163543,2018-11-09
-9.96,-4.22,0.67,0.2008675680991915,2018-11-10
-11.61,-6.71,0.0,0.1557210133285125,2018-11-11
-15.03,-5.36,0.0,0.2656442194323439,2018-11-12
-8.58,3.85,0.0,0.4765508774214088,2018-11-13
-3.18,4.98,0.0,0.3871249860262923,2018-11-14
-2.99,2.97,0.0,0.281938508603548,2018-11-15
-18.36,-5.85,0.0,0.2884494813443541,2018-11-16
-19.78,-6.03,0.0,0.2939392148095396,2018-11-17
-12.41,-7.28,0.47,0.1540434153824719,2018-11-18
-15.29,0.7,0.0,0.4433392290961453,2018-11-19
-6.11,1.48,0.0,0.315935728761986,2018-11-20
-5.66,0.48,0.0,0.2593215079537066,2018-11-21
-3.2,5.54,0.0,0.4116940318590485,2018-11-22
-5.36,2.8,0.0,0.3521621519728732,2018-11-23
-8.22,-5.15,0.0,0.1134628070242046,2018-11-24
-8.43,-5.15,0.0,0.1201682786368031,2018-11-25
-7.43,-3.68,0.0,0.1450953811749685,2018-11-26
-5.46,-2.09,0.0,0.1431307733191087,2018-11-27
-7.08,-3.77,0.0,0.1299482796243572,2018-11-28
-5.7,-1.06,0.0,0.1957416504052065,2018-11-29
-7.66,-3.6,0.0,0.1561335802848347,2018-11-30
-7.6,-5.03,3.14,0.1,2018-12-01
-9.34,-4.41,0.0,0.1749083825688585,2018-12-02
-13.2,-5.28,0.0,0.2318281087791855,2018-12-03
-13.49,-6.7,0.68,0.1942606626573384,2018-12-04
-14.09,-6.53,0.39,0.2096880535818377,2018-12-05
-15.15,-8.19,0.0,0.180883493095635,2018-12-06
-19.08,-7.9,0.0,0.236012966128602,2018-12-07
-18.45,-7.2,0.0,0.2458248965103547,2018-12-08
-15.16,-3.6,0.0,0.3040929293495779,2018-12-09
-14.81,0.14,0.0,0.4056807930527446,2018-12-10
-8.51,0.75,0.0,0.3365933728902057,2018-12-11
-6.06,0.83,0.0,0.278628962538572,2018-12-12
-9.96,2.55,0.0,0.4265090349986646,2018-12-13
-8.72,4.92,0.0,0.4915978306233132,2018-12-14
-2.99,5.23,0.0,0.3764350166133553,2018-12-15
-12.48,-3.88,0.0,0.2556571715319024,2018-12-16
-8.14,4.56,0.0,0.4688005942661543,2018-12-17
-5.62,4.67,0.0,0.4226304895081519,2018-12-18
-4.45,1.93,0.0,0.2750164598448001,2018-12-19
-8.55,2.24,0.0,0.3901055655639176,2018-12-20
-4.31,3.72,0.0,0.3486649879868529,2018-12-21
-8.78,-3.87,0.0,0.1728183062663338,2018-12-22
-16.31,-5.91,1.23,0.2529585714883081,2018-12-23
-16.4,-9.18,0.75,0.1710739856845326,2018-12-24
-17.78,-10.04,0.0,0.1695376881200731,2018-12-25
-14.94,-7.33,0.0,0.196278068093693,2018-12-26
-21.08,-9.03,0.0,0.2234318643220573,2018-12-27
-20.53,-5.03,0.0,0.3056623121501881,2018-12-28
-13.18,-4.01,1.49,0.261346081575278,2018-12-29
-19.76,-11.51,0.7,0.1598870419042372,2018-12-30
-28.28,-16.34,0.0,0.1369762116209538,2018-12-31
-25.2,-2.06,0.0,0.3723399264567263,2019-01-01
-10.32,3.82,0.0,0.4724283709547865,2019-01-02
-5.49,3.49,0.0,0.3656262639020267,2019-01-03
-8.29,1.12,0.0,0.3393011126198936,2019-01-04
-6.94,-2.69,0.0,0.1581875255224794,2019-01-05
-6.06,1.31,0.0,0.291913810092637,2019-01-06
-13.94,-2.41,1.03,0.3204620005641004,2019-01-07
-21.8,-14.5,0.0,0.1224518434726599,2019-01-08
-23.57,-9.53,0.48,0.2288041943844517,2019-01-09
-15.15,-8.62,0.0,0.1637458926592975,2019-01-10
-16.86,-9.73,0.0,0.1634835457301552,2019-01-11
-14.58,-1.27,0.0,0.3655293232820177,2019-01-12
-12.27,-1.12,0.0,0.3416023256116631,2019-01-13
-11.22,-2.16,0.0,0.2897692355156075,2019-01-14
-19.12,-5.46,0.0,0.2953725498682914,2019-01-15
-19.82,-14.8,0.42,0.1,2019-01-16
-26.09,-16.53,0.0,0.1272705627880114,2019-01-17
-29.05,-18.62,0.0,0.1143475533283507,2019-01-18
-22.87,-15.79,2.2,0.1091799410472065,2019-01-19
-19.27,-11.18,0.0,0.1670170850733481,2019-01-20
-18.2,-6.44,0.0,0.2694461370817587,2019-01-21
-16.07,-3.1,0.0,0.339447579717539,2019-01-22
-22.5,-5.57,0.0,0.3162159033321546,2019-01-23
-28.74,-10.34,0.0,0.2342167821799769,2019-01-24
-22.2,-5.6,0.0,0.3170184137653636,2019-01-25
-12.95,-1.07,1.58,0.3703154363533372,2019-01-26
-8.32,3.94,1.78,0.4863101252931515,2019-01-27
-22.69,-10.89,0.0,0.2116569319261358,2019-01-28
-30.12,-21.46,0.0,0.1,2019-01-29
-24.22,-12.94,0.53,0.1838321377324363,2019-01-30
-16.03,-1.71,0.0,0.3937826697123925,2019-01-31
-19.08,-9.14,0.0,0.2245836906282765,2019-02-01
-22.98,-16.91,0.94,0.1027261523394313,2019-02-02
-25.46,-22.11,0.13,0.1,2019-02-03
-25.71,-22.13,2.3,0.1,2019-02-04
-32.94,-22.82,0.0,0.1,2019-02-05
-36.62,-25.8,0.0,0.1,2019-02-06
-37.56,-24.7,0.0,0.1,2019-02-07
-37.04,-25.3,0.0,0.1,2019-02-08
-33.67,-23.43,0.0,0.1,2019-02-09
-32.59,-21.61,0.0,0.1043076162001778,2019-02-10
-28.35,-16.96,1.78,0.1501072324346204,2019-02-11
-31.76,-20.68,0.0,0.1138571927957855,2019-02-12
-28.9,-20.67,0.0,0.1012006284282158,2019-02-13
-32.64,-19.82,0.0,0.1276096778943304,2019-02-14
-32.7,-18.43,1.53,0.1445377799722391,2019-02-15
-20.99,-13.95,3.05,0.1388154127874371,2019-02-16
-19.75,-14.19,1.04,0.1264624248152342,2019-02-17
-26.97,-17.61,0.41,0.1387015839697592,2019-02-18
-28.88,-11.7,0.0,0.2424959875892908,2019-02-19
-23.3,-9.47,0.0,0.2764480794729613,2019-02-20
-24.02,-12.44,0.0,0.2184874514485723,2019-02-21
-27.03,-11.82,0.0,0.2438240153536112,2019-02-22
-23.52,-13.99,0.0,0.1856767586502493,2019-02-23
-31.07,-21.07,0.0,0.1158069289125039,2019-02-24
-33.0,-18.72,0.0,0.1510736883989236,2019-02-25
-30.03,-16.86,0.0,0.1727689265931095,2019-02-26
-20.52,-8.08,0.0,0.3595508862174653,2019-02-27
-17.68,-8.89,0.0,0.2878661290149398,2019-02-28
-26.7,-16.37,0.0,0.1706053582841404,2019-03-01
-33.09,-21.01,0.0,0.1280988536068295,2019-03-02
-25.7,-15.9,0.0,0.1752803632735799,2019-03-03
-20.93,-10.68,0.0,0.2879430631249342,2019-03-04
-18.03,-8.66,0.0,0.3293191852884377,2019-03-05
-25.37,-13.39,0.0,0.2436510304243509,2019-03-06
-24.25,-8.58,0.0,0.3838419167633746,2019-03-07
-16.79,-5.71,0.0,0.4668185376638324,2019-03-08
-15.65,-5.62,0.0,0.4595665458442688,2019-03-09
-21.7,-6.72,0.0,0.4616487586905612,2019-03-10
-16.59,1.11,0.0,0.8009107959766549,2019-03-11
-3.79,3.34,0.0,0.7401926151413424,2019-03-12
-5.06,2.67,0.0,0.7728430272756756,2019-03-13
-9.71,1.29,0.0,0.8397028833739804,2019-03-14
-11.87,2.41,0.0,0.9388528984742874,2019-03-15
-9.2,3.17,0.0,0.9888301420009956,2019-03-16
-11.08,4.14,0.0,1.059325464121542,2019-03-17
-3.65,4.83,0.0,0.9913555454261936,2019-03-18
-3.71,8.88,0.0,1.3588668139412965,2019-03-19
-2.45,12.47,0.0,1.5607238354497626,2019-03-20
-1.87,11.6,0.0,1.5236728022730672,2019-03-21
-2.16,14.29,0.0,1.6717069998505107,2019-03-22
-1.84,12.5,0.0,1.5826923863403488,2019-03-23
-5.19,3.29,0.0,0.9524812803592426,2019-03-24
-7.45,4.85,0.0,1.162510660716627,2019-03-25
-1.18,16.23,0.0,1.8091312648001925,2019-03-26
-1.51,5.42,0.0,1.0755108113480314,2019-03-27
-6.03,7.23,0.0,1.3053176860676727,2019-03-28
-4.6,4.55,0.0,1.1576271783020469,2019-03-29
-6.05,13.67,0.0,1.635732085644348,2019-03-30
-4.22,5.22,0.0,1.1977992076234898,2019-03-31
-3.6,9.14,1.36,1.4355954626066474,2019-04-01
-6.36,3.83,0.0,1.1361747147870422,2019-04-02
-8.16,11.21,0.0,1.5040254120533298,2019-04-03
-1.41,12.47,0.0,1.645654965123538,2019-04-04
-4.38,8.76,0.0,1.4244706446234914,2019-04-05
0.96,8.11,0.0,1.3297847978680182,2019-04-06
0.34,16.95,0.0,1.940781162135925,2019-04-07
-2.79,16.65,0.0,1.891645846270577,2019-04-08
-4.62,9.23,0.0,1.4668102984705895,2019-04-09
-5.87,9.11,0.0,1.460366112093063,2019-04-10
-7.27,8.55,0.0,1.418894996624919,2019-04-11
-8.3,10.24,0.0,1.4935721015683194,2019-04-12
-4.82,15.36,0.0,1.815224383124034,2019-04-13
3.25,16.76,0.44,1.8927963115222737,2019-04-14
-0.62,13.66,0.0,1.7082891232011268,2019-04-15
-3.88,13.7,0.0,1.697364319837996,2019-04-16
0.32,15.35,0.0,1.8203856115641164,2019-04-17
-0.63,17.63,0.0,1.9573185430898916,2019-04-18
5.75,20.53,0.0,2.1530897387828483,2019-04-19
3.18,17.33,0.0,1.954439772823908,2019-04-20
-1.7,14.53,0.0,1.7822099471472206,2019-04-21
-1.37,21.62,0.0,2.1910398225396923,2019-04-22
7.18,20.25,0.0,2.126382349241723,2019-04-23
0.56,17.46,0.0,1.9784152027455435,2019-04-24
-2.09,12.52,0.0,1.666411338120292,2019-04-25
-4.69,11.73,0.0,1.608927741394394,2019-04-26
-2.01,10.72,6.12,1.439872476154184,2019-04-27
-4.73,3.94,2.58,0.9477791199650152,2019-04-28
-8.91,7.23,0.0,1.338946366853326,2019-04-29
-5.05,10.18,2.66,1.41142023586524,2019-04-30
-7.03,9.89,0.55,1.5565174256684604,2019-05-01
-3.09,10.65,0.53,1.5638705480564656,2019-05-02
-4.85,11.64,0.0,1.627969341262505,2019-05-03
-4.69,8.7,0.0,1.4504904681630224,2019-05-04
-7.1,6.45,0.0,1.3174169379380205,2019-05-05
-6.67,12.06,0.0,1.6416412404053082,2019-05-06
0.21,14.67,0.0,1.8379566231474964,2019-05-07
-4.89,12.4,0.0,1.6886110447888365,2019-05-08
0.95,15.0,0.0,1.8653848859530688,2019-05-09
3.52,18.41,1.79,2.098422411907579,2019-05-10
2.56,16.22,0.0,1.9495094601017915,2019-05-11
2.56,24.4,0.0,2.5102731664490214,2019-05-12
4.68,21.32,0.0,2.318421431880631,2019-05-13
2.05,21.91,0.83,2.357468715151423,2019-05-14
5.24,18.48,0.0,2.097040465904283,2019-05-15
-0.81,15.5,0.0,1.9310311415939352,2019-05-16
-0.15,17.21,0.0,2.049838439053535,2019-05-17
0.86,15.25,0.0,1.9145208379260976,2019-05-18
-2.14,16.38,0.0,1.9923923128849883,2019-05-19
-0.27,19.49,0.0,2.2061220290700643,2019-05-20
1.82,21.36,0.0,2.3440033691666144,2019-05-21
4.43,23.82,0.0,2.523407608967597,2019-05-22
4.79,24.1,0.0,2.542703880205582,2019-05-23
5.09,23.35,0.0,2.492112728792825,2019-05-24
4.69,14.5,3.59,1.6662307492688515,2019-05-25
0.16,18.82,0.0,2.1817861204545976,2019-05-26
2.08,22.37,0.0,2.427173218190709,2019-05-27
6.77,27.71,0.0,2.7959047799152077,2019-05-28
10.37,30.53,0.0,2.9788961870967263,2019-05-29
10.94,32.41,0.0,3.1053110267445447,2019-05-30
5.55,21.0,0.0,2.309480473386927,2019-05-31
5.6,24.73,0.0,2.591289510897066,2019-06-01
10.37,32.74,0.0,3.1331678581229294,2019-06-02
8.95,34.42,0.0,3.235221187469888,2019-06-03
11.71,24.82,0.0,2.478033125278015,2019-06-04
10.13,24.83,0.0,2.532452595043985,2019-06-05
13.49,26.45,0.0,2.5722867208711304,2019-06-06
9.0,21.9,0.0,2.3121084286831195,2019-06-07
4.04,16.9,0.0,2.0032785442121304,2019-06-08
3.97,19.54,0.0,2.2206389668087367,2019-06-09
3.22,23.8,0.0,2.5357510218574135,2019-06-10
6.72,21.13,1.3,2.308399386853746,2019-06-11
6.23,24.13,0.77,2.557503926936897,2019-06-12
8.58,29.27,0.0,2.9216093757326593,2019-06-13
11.44,23.11,1.0,2.3479744277952204,2019-06-14
9.98,18.8,6.41,1.8662431719329968,2019-06-15
9.19,17.59,0.95,1.9161048366211644,2019-06-16
5.61,22.5,0.0,2.452350565973415,2019-06-17
8.27,26.75,0.0,2.753611354057172,2019-06-18
10.47,23.46,25.67,2.247184001060673,2019-06-19
8.47,14.59,9.81,0.6866760929609236,2019-06-20
6.28,17.66,20.41,1.3832800075809175,2019-06-21
11.39,15.65,12.98,0.4553197854799324,2019-06-22
10.11,22.03,0.96,1.7744903085382695,2019-06-23
9.23,20.74,3.63,1.3007064693213872,2019-06-24
9.57,21.05,0.0,1.6561999565524164,2019-06-25
8.14,23.74,0.0,2.161891960745877,2019-06-26
10.93,25.6,11.99,1.784636258276375,2019-06-27
14.12,23.49,4.11,1.084266350463235,2019-06-28
13.39,25.35,0.0,1.862009127348827,2019-06-29
9.81,22.32,0.0,1.79133649259402,2019-06-30
8.89,27.9,4.44,2.073758931933553,2019-07-01
6.01,20.59,0.0,1.8582714264557456,2019-07-02
8.78,20.32,0.0,1.6224489611886082,2019-07-03
7.79,20.85,0.0,1.7845202644573546,2019-07-04
11.35,20.19,0.0,1.278879949750328,2019-07-05
11.72,25.44,0.0,2.0797874271775663,2019-07-06
14.02,27.68,0.0,2.172212132647179,2019-07-07
14.0,23.94,0.0,1.5717961141503307,2019-07-08
11.41,23.26,0.0,1.796227432668257,2019-07-09
9.45,26.25,0.0,2.323795376816068,2019-07-10
13.96,24.33,0.0,1.6672070203019893,2019-07-11
10.1,24.57,0.0,2.1016615251755995,2019-07-12
12.19,29.03,11.94,2.0159405203476037,2019-07-13
14.44,27.38,13.7,1.598492684192527,2019-07-14
13.03,24.8,0.0,1.7157654972627154,2019-07-15
10.99,19.79,14.13,0.9707049430325732,2019-07-16
12.78,22.73,2.08,1.1322029239599452,2019-07-17
11.13,25.45,2.1,1.5347254376251396,2019-07-18
9.97,17.56,4.75,0.8336268224156325,2019-07-19
10.43,22.77,0.0,1.6024763714944967,2019-07-20
11.33,24.68,0.0,1.7606224719199548,2019-07-21
10.9,27.13,0.0,2.052156923272206,2019-07-22
14.09,29.38,0.0,2.061197339154515,2019-07-23
15.52,29.99,4.94,1.592807614068776,2019-07-24
11.69,18.92,5.52,0.7969318535361418,2019-07-25
12.9,25.3,0.0,1.5986758378942223,2019-07-26
12.25,31.66,0.0,2.359254698193792,2019-07-27
9.52,21.01,0.0,1.3580011332594184,2019-07-28
5.54,24.09,0.0,1.9458940766243769,2019-07-29
11.57,29.37,0.0,2.157889002303513,2019-07-30
12.48,26.06,0.0,1.7193044637228525,2019-07-31
13.83,32.32,0.0,2.3019059090272167,2019-08-01
15.84,33.67,0.0,2.288844312685517,2019-08-02
15.91,28.32,0.0,1.6187234202535907,2019-08-03
10.43,25.85,0.0,1.8040557642251387,2019-08-04
10.75,28.53,0.0,2.04980728793961,2019-08-05
10.73,21.97,1.22,1.2821369048849944,2019-08-06
5.09,21.89,0.0,1.6705856762016742,2019-08-07
6.35,24.39,0.0,1.832320283140689,2019-08-08
10.4,26.15,3.0,1.487940469308907,2019-08-09
8.57,20.63,0.0,1.2763085757416242,2019-08-10
7.41,22.14,3.78,1.3100402710166403,2019-08-11
10.36,16.48,9.78,0.6085742051871401,2019-08-12
7.31,21.56,0.0,1.4321891851383095,2019-08-13
9.94,24.48,0.0,1.5338309725865529,2019-08-14
10.0,25.54,1.09,1.6282464204204057,2019-08-15
10.77,21.25,0.0,1.1471373445315411,2019-08-16
5.05,17.93,0.0,1.212549068459676,2019-08-17
3.53,21.36,0.0,1.5440649794511965,2019-08-18
4.43,21.39,0.0,1.502303447402082,2019-08-19
3.73,23.44,0.0,1.684004186098175,2019-08-20
6.06,26.44,0.0,1.8327149379150875,2019-08-21
12.24,26.57,3.88,1.345983131721164,2019-08-22
9.95,21.43,0.0,1.176203009520653,2019-08-23
12.19,28.54,5.03,1.49362785088899,2019-08-24
11.5,21.17,10.41,0.909326732571008,2019-08-25
8.93,19.79,0.0,1.0788504442394131,2019-08-26
8.37,19.42,0.0,1.0782920559735147,2019-08-27
6.9,23.28,0.82,1.4869173734158396,2019-08-28
6.0,19.95,0.0,1.2592862286950206,2019-08-29
5.38,19.81,0.0,1.2720886085728509,2019-08-30
7.5,21.8,1.57,1.3244394500561778,2019-08-31
8.4,22.17,3.93,1.1687384227752675,2019-09-01
10.43,21.7,1.48,1.1269648470626574,2019-09-02
7.44,25.17,0.0,1.5719317467074896,2019-09-03
10.02,22.9,2.32,1.1270557244943773,2019-09-04
8.02,22.8,0.0,1.3492278268050002,2019-09-05
5.55,22.03,0.0,1.3945399268317813,2019-09-06
7.2,22.4,0.0,1.3463955102706913,2019-09-07
6.74,21.26,0.0,1.2727737601257678,2019-09-08
8.67,14.03,9.15,0.4587262453624041,2019-09-09
8.2,11.08,12.7,0.2488329324790552,2019-09-10
8.73,13.42,3.53,0.4020114970588895,2019-09-11
7.38,15.45,0.0,0.7390335100591124,2019-09-12
4.06,23.44,0.0,1.501946620871748,2019-09-13
9.12,23.63,0.0,1.3128330165646591,2019-09-14
9.24,26.82,0.0,1.5352330643470993,2019-09-15
9.49,31.15,0.0,1.80925485102255,2019-09-16
12.94,25.59,1.01,1.2247536698156272,2019-09-17
10.68,22.05,0.0,1.063173126013363,2019-09-18
8.51,21.32,0.0,1.129834774487173,2019-09-19
8.8,20.7,0.0,1.0620625754678927,2019-09-20
5.12,18.36,0.0,1.064850647711201,2019-09-21
5.26,24.79,0.0,1.4864433457270227,2019-09-22
8.39,20.51,0.0,1.0493754736855805,2019-09-23
4.87,16.88,0.0,0.9468289508030586,2019-09-24
3.06,15.55,0.88,0.9276447679602684,2019-09-25
2.59,10.37,7.41,0.52159260454352,2019-09-26
1.62,7.82,3.22,0.4023129485056355,2019-09-27
0.5,5.42,0.0,0.3357136597733073,2019-09-28
-0.06,3.51,11.31,0.2172339553538369,2019-09-29
-0.08,1.79,5.44,0.1183488970169515,2019-09-30
-0.19,4.11,0.0,0.287552688440178,2019-10-01
-3.83,9.32,0.0,0.7608917210800631,2019-10-02
-1.06,11.27,0.0,0.7883645957872837,2019-10-03
1.6,11.51,0.0,0.6967006492389879,2019-10-04
-0.78,13.98,0.0,0.9286542200098872,2019-10-05
3.65,15.5,0.0,0.8680107029091906,2019-10-06
2.29,19.88,0.0,1.176110299718612,2019-10-07
-1.96,7.63,0.96,0.5837277590399415,2019-10-08
-6.45,1.91,0.0,0.4199649740728305,2019-10-09
-7.99,3.66,0.0,0.54270825603339,2019-10-10
-8.56,6.46,0.0,0.6743659281986858,2019-10-11
-8.53,7.31,0.0,0.7060035317746207,2019-10-12
-8.79,9.72,0.0,0.8098186160561416,2019-10-13
-1.12,4.25,0.52,0.3183603819097108,2019-10-14
-2.77,5.84,0.0,0.4824408612753474,2019-10-15
-1.02,13.0,0.0,0.8234810036106546,2019-10-16
1.39,18.7,0.0,1.068113691028244,2019-10-17
-0.42,15.64,0.0,0.9388406551591422,2019-10-18
-1.01,14.07,0.0,0.8637397586473331,2019-10-19
-4.39,7.56,0.0,0.6078025519904949,2019-10-20
-6.67,9.62,0.0,0.7471700506876555,2019-10-21
-5.82,6.31,0.0,0.5765206083483142,2019-10-22
-5.23,3.97,1.34,0.4451625733098478,2019-10-23
-4.71,8.45,0.0,0.6461733786891151,2019-10-24
-0.36,17.14,0.0,0.9801975164913156,2019-10-25
-5.72,2.12,0.37,0.3628964181652848,2019-10-26
-9.15,-2.84,2.12,0.2350532068091778,2019-10-27
-9.51,-4.41,2.11,0.1836828283293025,2019-10-28
-12.15,-5.03,0.0,0.2426414741502282,2019-10-29
-17.13,0.52,0.0,0.4858709443180559,2019-10-30
-2.93,3.97,0.8,0.3518158522603553,2019-10-31
-2.93,4.79,0.0,0.3938536214757426,2019-11-01
-4.42,4.4,1.03,0.4229285445581277,2019-11-02
-4.61,1.71,0.0,0.2970810494671829,2019-11-03
-12.78,-4.42,0.0,0.2690080399986929,2019-11-04
-14.49,-4.22,1.52,0.3041446466566141,2019-11-05
-19.88,-7.99,0.0,0.2613825009439179,2019-11-06
-20.13,-3.73,0.0,0.3653729517590355,2019-11-07
-8.57,4.26,0.0,0.5057307570573191,2019-11-08
-12.82,-1.0,2.46,0.358160907543858,2019-11-09
-20.52,-11.78,0.0,0.1749964379875113,2019-11-10
-23.13,-8.75,0.0,0.2579309897155086,2019-11-11
-15.3,-1.88,0.0,0.3756483508858889,2019-11-12
-13.75,0.7,0.0,0.438179488417576,2019-11-13
-7.0,0.16,0.0,0.2886890839984183,2019-11-14
-5.09,3.51,3.01,0.3608120442670124,2019-11-15
-1.18,2.18,1.69,0.1709653098465342,2019-11-16
-2.56,6.11,1.05,0.4222464613719672,2019-11-17
-0.38,7.25,0.0,0.3952905574211862,2019-11-18
-4.0,0.84,0.0,0.2149294989995074,2019-11-19
-5.9,-0.83,0.0,0.2078023301126211,2019-11-20
-6.41,3.43,0.0,0.4005574484701475,2019-11-21
-5.67,6.28,0.0,0.5006806604235685,2019-11-22
-0.92,10.37,0.0,0.565736829310269,2019-11-23
-1.88,4.25,1.31,0.2962048720342026,2019-11-24
-5.58,-0.46,0.37,0.2107461419050829,2019-11-25
-9.93,-2.4,0.45,0.2593309769639358,2019-11-26
-8.49,-5.16,0.0,0.1193826005922784,2019-11-27
-8.49,-5.66,3.84,0.1,2019-11-28
-11.17,-5.54,0.0,0.1793725246659718,2019-11-29
-10.31,-7.45,0.0,0.1,2019-11-30
-13.34,-5.72,0.0,0.2188992096171954,2019-12-01
-13.81,-1.85,0.0,0.341131254018797,2019-12-02
-7.94,3.69,0.0,0.4378349984842449,2019-12-03
-8.67,-0.2,0.0,0.3063124133132848,2019-12-04
-13.46,-3.75,0.0,0.2773847296395084,2019-12-05
-11.95,-4.62,0.0,0.2234159564673847,2019-12-06
-12.07,-4.84,0.0,0.2192507487135773,2019-12-07
-21.51,-11.68,0.0,0.1756783351762038,2019-12-08
-24.55,-10.11,0.0,0.2207977579723377,2019-12-09
-27.44,-14.32,0.0,0.1627762058453863,2019-12-10
-26.23,-16.6,0.0,0.1247315442544598,2019-12-11
-19.46,-12.13,0.33,0.1447850003736283,2019-12-12
-24.16,-14.32,0.0,0.1473451564272807,2019-12-13
-26.2,-11.43,0.35,0.202467006269601,2019-12-14
-19.22,-8.14,0.0,0.2283614920311104,2019-12-15
-15.69,-5.11,0.0,0.2659562521837285,2019-12-16
-14.59,-3.59,0.0,0.2937397745869719,2019-12-17
-10.05,0.84,0.0,0.3656825727073957,2019-12-18
-11.17,-3.39,0.0,0.2437782597848272,2019-12-19
-11.05,3.84,0.0,0.4814021946983428,2019-12-20
-11.15,0.53,0.0,0.3717373001783701,2019-12-21
-8.71,-0.55,0.0,0.2880951369349419,2019-12-22
-7.4,-3.61,0.0,0.1393919826375499,2019-12-23
-7.28,-5.01,3.71,0.1,2019-12-24
-8.79,-2.37,0.0,0.2248475708291645,2019-12-25
-15.22,-6.48,0.0,0.2223479739081824,2019-12-26
-14.94,-5.86,0.0,0.2351946656553515,2019-12-27
-15.81,-6.28,0.0,0.2355992574276067,2019-12-28
-18.89,-5.45,0.0,0.2866417593968405,2019-12-29
-16.09,-5.39,0.0,0.2621683976066986,2019-12-30
-12.64,0.33,0.0,0.386564561238235,2019-12-31
-7.93,-0.92,0.0,0.2581662099514727,2020-01-01
-7.91,-2.87,0.0,0.1835708191021589,2020-01-02
-11.77,-3.85,0.0,0.2433279655983834,2020-01-03
-8.7,4.87,0.0,0.4934776552206253,2020-01-04
-10.96,-1.82,0.0,0.2954415709568133,2020-01-05
-15.34,-2.31,0.0,0.3431025672346143,2020-01-06
-24.44,-15.34,0.0,0.133640905832426,2020-01-07
-18.87,-7.5,1.0,0.2437397821376792,2020-01-08
-24.63,-16.4,0.0,0.1188278079612118,2020-01-09
-30.16,-15.73,0.0,0.1527437654312027,2020-01-10
-19.11,-10.18,2.5,0.1786993336593195,2020-01-11
-25.75,-14.27,1.15,0.1605691218150567,2020-01-12
-30.23,-24.29,0.73,0.1,2020-01-13
-34.56,-27.03,0.0,0.1,2020-01-14
-36.29,-28.43,0.0,0.1,2020-01-15
-36.47,-19.61,0.0,0.1167428326467906,2020-01-16
-23.09,-18.87,2.57,0.1,2020-01-17
-27.99,-22.88,0.0,0.1,2020-01-18
-29.18,-16.55,0.0,0.1442650108331181,2020-01-19
-20.61,0.27,0.0,0.4494883458999354,2020-01-20
-10.32,2.07,0.0,0.4386719677371907,2020-01-21
-12.62,-2.91,0.0,0.3062877725382119,2020-01-22
-11.47,-3.36,0.0,0.2705419066612698,2020-01-23
-8.51,0.79,0.0,0.3614614920519927,2020-01-24
-5.73,1.36,0.0,0.3122049835240818,2020-01-25
-7.31,-2.93,0.0,0.1779494631600391,2020-01-26
-7.33,-1.17,0.0,0.2539439862643209,2020-01-27
-4.96,-1.39,0.0,0.1628648322065939,2020-01-28
-10.2,-2.56,2.22,0.2634068835087638,2020-01-29
-10.68,-0.52,0.0,0.3675514948305779,2020-01-30
-10.41,3.03,0.0,0.4951817409189775,2020-01-31
-6.6,6.54,0.0,0.5754543628995037,2020-02-01
-10.32,-0.26,0.0,0.37456296270771,2020-02-02
-18.29,-9.02,0.0,0.2249146362338099,2020-02-03
-19.25,-4.18,0.0,0.3586856235700854,2020-02-04
-13.14,-4.96,0.0,0.2668960269866924,2020-02-05
-14.24,-9.0,0.44,0.1586653700086363,2020-02-06
-12.65,-2.61,0.0,0.3436343411537964,2020-02-07
-12.92,-2.69,0.0,0.3473389930546722,2020-02-08
-13.99,-2.34,0.92,0.3911190347613973,2020-02-09
-9.87,-3.6,0.29,0.2488008033041412,2020-02-10
-14.29,-2.02,0.23,0.4289577523894201,2020-02-11
-30.21,-16.01,0.0,0.1722468969232403,2020-02-12
-29.28,-6.03,0.0,0.3314269590114145,2020-02-13
-12.74,-2.12,0.0,0.4078047848280802,2020-02-14
-19.69,-11.29,0.0,0.1994857062439502,2020-02-15
-16.1,-4.68,0.0,0.363096502622455,2020-02-16
-21.59,-10.16,0.0,0.2483833693962087,2020-02-17
-30.08,-18.18,0.0,0.1466603043285776,2020-02-18
-29.79,-9.82,0.0,0.2825186719928429,2020-02-19
-16.81,1.75,0.0,0.6850373664020777,2020-02-20
-11.04,2.3,0.0,0.7203255135944949,2020-02-21
-8.4,3.26,0.0,0.750056898841755,2020-02-22
-11.44,1.19,0.0,0.6769492037516674,2020-02-23
-12.06,-2.36,0.0,0.4784565671390712,2020-02-24
-17.75,-3.0,0.0,0.5246730528208758,2020-02-25
-13.38,0.83,0.0,0.6899993504532224,2020-02-26
-8.53,4.28,0.0,0.8514356084006389,2020-02-27
-7.42,6.34,0.0,0.9835571882876362,2020-02-28
-6.08,6.66,0.91,0.9973889144581162,2020-02-29
-11.1,-0.79,0.86,0.5735199041808278,2020-03-01
-6.5,3.3,0.0,0.7376313074386704,2020-03-02
-6.79,3.23,0.0,0.7552434832968308,2020-03-03
-3.16,3.35,0.0,0.5535562664405587,2020-03-04
-6.62,4.11,0.0,0.8532398844416047,2020-03-05
-1.98,11.23,0.0,1.345123820557018,2020-03-06
-10.71,-1.16,0.53,0.5764780132213044,2020-03-07
-16.28,-9.09,0.68,0.2402678547497938,2020-03-08
-17.43,0.27,0.0,0.7216361718453993,2020-03-09
-11.72,5.25,0.0,1.0025946844318692,2020-03-10
-4.38,4.72,0.0,0.8397107927032194,2020-03-11
-10.24,-1.53,0.0,0.5477389282329806,2020-03-12
-16.92,-10.55,0.0,0.2016390573774025,2020-03-13
-16.99,-8.68,1.68,0.3191837634531201,2020-03-14
-14.97,-6.72,0.86,0.3742587854640282,2020-03-15
-18.34,-2.22,0.0,0.6502866566793031,2020-03-16
-13.76,-2.5,0.0,0.6167621891033446,2020-03-17
-17.66,-6.12,0.0,0.4782753740746606,2020-03-18
-17.8,-5.18,0.0,0.5323705064415417,2020-03-19
-17.53,-0.57,0.0,0.7532715867141204,2020-03-20
-11.17,2.67,0.0,0.953367710383866,2020-03-21
-10.85,6.25,0.0,1.1940464085258922,2020-03-22
-7.59,7.06,0.0,1.2763203776112466,2020-03-23
-8.59,-1.39,2.43,0.5656487916919258,2020-03-24
-14.79,-0.53,0.0,0.8823930494958311,2020-03-25
-13.55,5.76,0.0,1.1474976627788187,2020-03-26
-4.25,6.85,0.0,1.298091458212692,2020-03-27
-3.4,8.24,0.0,1.383993392110236,2020-03-28
-5.41,13.48,0.0,1.6539796474998048,2020-03-29
-3.66,4.15,1.0,1.1223373164981882,2020-03-30
-10.51,-1.67,0.0,0.8037767866259877,2020-03-31
-15.25,-11.28,0.7,0.1738467284143139,2020-04-01
-18.17,-8.83,0.0,0.4795121362053136,2020-04-02
-18.7,-3.03,0.0,0.7773475323996349,2020-04-03
-12.64,-5.29,2.07,0.4513980440326715,2020-04-04
-11.08,-1.69,0.0,0.8224897506667209,2020-04-05
-7.64,1.68,3.65,0.8504569507532739,2020-04-06
-10.47,4.19,0.0,1.1858243983419898,2020-04-07
-6.99,1.14,0.0,0.9259210154724016,2020-04-08
-13.28,5.83,0.0,1.2282084779835276,2020-04-09
-2.24,7.83,0.0,1.4202208460812358,2020-04-10
-8.21,-1.51,0.0,0.7454295717232085,2020-04-11
-10.46,-4.01,0.0,0.6237313631021286,2020-04-12
-12.94,-4.16,0.0,0.7411810194579546,2020-04-13
-14.99,3.85,0.0,1.133525116983455,2020-04-14
-9.68,2.27,0.0,1.126551416114005,2020-04-15
-6.46,5.64,0.0,1.3259478580986523,2020-04-16
-2.67,13.17,0.0,1.8005472125016946,2020-04-17
-3.46,4.58,0.0,1.2319657006906566,2020-04-18
-5.25,14.05,0.0,1.828043519502218,2020-04-19
-2.05,11.04,0.0,1.684978344448142,2020-04-20
-1.71,21.45,0.0,2.3040392199318265,2020-04-21
1.41,16.06,0.0,2.0290626903533275,2020-04-22
0.46,18.15,0.0,2.159295421358425,2020-04-23
-1.06,13.96,2.66,1.7218181015095544,2020-04-24
-2.15,18.89,0.0,2.1754342557222013,2020-04-25
3.08,14.91,3.47,1.7757303890763343,2020-04-26
-0.96,19.5,0.0,2.2372672491615884,2020-04-27
2.35,18.27,0.0,2.1950850136416276,2020-04-28
1.01,22.61,0.0,2.4540065351943015,2020-04-29
7.63,27.79,0.0,2.835043203018369,2020-04-30
4.78,18.18,0.0,2.1494661315326535,2020-05-01
-0.94,18.47,0.0,2.173778215490482,2020-05-02
-0.83,17.84,3.64,1.9458035741552988,2020-05-03
2.97,14.66,0.0,1.8857827850066888,2020-05-04
-0.8,17.93,0.0,2.1426204966134192,2020-05-05
1.17,21.0,0.0,2.3551966446803436,2020-05-06
0.71,17.64,0.0,2.1279419221665754,2020-05-07
0.82,19.52,2.13,1.9940721542146016,2020-05-08
-1.57,7.21,1.29,1.2528706704067951,2020-05-09
-3.33,9.53,0.0,1.5209507741053594,2020-05-10
-6.3,10.63,0.0,1.584260343561233,2020-05-11
-3.59,13.48,0.0,1.7732428862487468,2020-05-12
1.07,11.36,0.0,1.5913043205780608,2020-05-13
-1.56,19.21,0.0,2.1526660871499272,2020-05-14
-2.62,14.49,0.0,1.847296537591957,2020-05-15
1.05,25.26,0.0,2.5521745664243127,2020-05-16
9.2,26.63,0.0,2.6631073744555613,2020-05-17
8.48,25.18,0.0,2.5593913148988205,2020-05-18
10.52,25.99,0.0,2.593978115558255,2020-05-19
9.77,18.27,14.08,1.627174537555962,2020-05-20
9.33,20.82,0.0,2.1852894715974776,2020-05-21
5.17,20.6,0.0,2.2755754731890425,2020-05-22
3.53,15.68,0.0,1.8778966620028712,2020-05-23
4.3,19.73,0.0,2.227749630877471,2020-05-24
5.71,25.69,0.0,2.6607495726954946,2020-05-25
10.69,21.72,0.0,2.247220620957575,2020-05-26
6.68,18.62,0.0,2.105935412523691,2020-05-27
4.06,18.42,0.0,2.147132766067924,2020-05-28
4.99,18.91,0.0,2.1816596225184077,2020-05-29
7.3,25.62,0.0,2.6820477202573816,2020-05-30
11.29,30.97,0.0,3.036980676515913,2020-05-31
11.83,25.21,0.0,2.569081298876984,2020-06-01
7.86,24.52,0.0,2.6030903960743252,2020-06-02
9.63,20.52,0.0,2.2116173956582816,2020-06-03
6.16,18.83,0.0,2.171489805165651,2020-06-04
3.68,20.74,0.0,2.363245698158423,2020-06-05
9.72,17.86,22.6,1.4399865216478678,2020-06-06
9.13,16.72,22.69,1.0025008419477308,2020-06-07
6.91,15.52,0.0,1.2098623357262674,2020-06-08
5.19,20.58,0.0,2.0966717862565876,2020-06-09
6.85,22.51,0.0,2.2458830161187273,2020-06-10
6.45,22.24,0.0,2.237952798003424,2020-06-11
8.11,28.05,0.0,2.7654258495700734,2020-06-12
14.58,30.22,0.0,2.750739815616766,2020-06-13
12.72,23.39,0.0,1.9055656740727285,2020-06-14
7.23,22.13,0.0,2.23470972588941,2020-06-15
9.14,23.01,25.36,1.8083087293017257,2020-06-16
9.51,16.34,5.91,0.7264092401770196,2020-06-17
6.55,15.66,3.75,0.9017377808379786,2020-06-18
5.68,18.29,0.0,1.639173867091828,2020-06-19
6.23,17.62,0.0,1.4970458549106944,2020-06-20
4.3,18.38,0.0,1.7481037542090552,2020-06-21
6.3,23.73,0.0,2.230956747348802,2020-06-22
10.45,28.0,0.0,2.508804221196208,2020-06-23
13.94,26.6,1.08,2.079315299201853,2020-06-24
14.45,25.81,0.0,1.8783929001536517,2020-06-25
11.77,30.18,0.0,2.6641405770964908,2020-06-26
13.79,21.33,0.0,1.1104907359543363,2020-06-27
12.86,20.34,0.0,1.0873432196739208,2020-06-28
14.24,19.05,1.9,0.6689508916714587,2020-06-29
13.58,20.22,8.25,0.795517156060312,2020-06-30
13.44,23.84,1.18,1.7005470604169055,2020-07-01
10.89,23.99,1.77,2.0062315902076326,2020-07-02
10.13,26.59,0.0,2.344387933057969,2020-07-03
12.39,28.67,0.0,2.449999447150188,2020-07-04
12.28,23.59,0.0,1.7895692628273303,2020-07-05
10.56,25.13,0.0,2.1679116198168247,2020-07-06
12.21,28.31,15.62,1.9547855095352344,2020-07-07
13.39,19.73,3.6,0.7437997710418538,2020-07-08
11.94,22.05,1.34,1.4609498039503137,2020-07-09
10.0,22.79,3.9,1.4107792108594426,2020-07-10
10.1,24.7,0.0,2.0024166905793193,2020-07-11
12.93,25.6,0.86,1.8881654934830892,2020-07-12
9.97,19.75,2.42,1.0676326219619725,2020-07-13
10.28,21.8,4.71,1.2462248769418771,2020-07-14
10.3,23.04,1.18,1.7499878263901858,2020-07-15
10.13,25.51,0.0,2.049609589234299,2020-07-16
13.97,24.83,0.0,1.5856702611659297,2020-07-17
11.75,22.1,1.76,1.4207821687310538,2020-07-18
10.29,23.14,0.0,1.716581564947706,2020-07-19
11.25,23.49,4.77,1.3144565895717446,2020-07-20
9.66,25.42,0.0,1.9979945220424185,2020-07-21
14.37,30.47,0.0,2.2308695927128457,2020-07-22
17.71,28.77,0.0,1.6612467989398332,2020-07-23
14.55,27.41,0.0,1.8478229976248413,2020-07-24
11.79,21.44,0.0,1.2671316777556392,2020-07-25
10.36,25.14,0.0,1.9301773885133615,2020-07-26
9.36,27.47,0.0,2.195519947400508,2020-07-27
10.91,30.86,0.0,2.4116280060324256,2020-07-28
14.51,34.01,0.0,2.505025095689259,2020-07-29
15.76,32.02,0.0,2.1975903978196016,2020-07-30
13.22,26.55,0.0,1.7326951571530451,2020-07-31
9.1,27.8,0.0,2.1421921256298693,2020-08-01
10.82,27.87,0.0,2.0640386021542803,2020-08-02
13.62,29.88,0.0,2.084431476394998,2020-08-03
11.9,27.08,0.0,1.8777582118831215,2020-08-04
9.42,29.18,0.0,2.2187133686858074,2020-08-05
11.73,33.57,0.0,2.486265759331701,2020-08-06
13.37,23.74,2.31,1.0781115290784802,2020-08-07
10.74,25.47,1.48,1.7133533935597287,2020-08-08
8.61,22.51,0.0,1.5149630053450027,2020-08-09
7.83,24.39,0.0,1.7656638450391198,2020-08-10
8.71,24.22,0.0,1.6781608369323022,2020-08-11
11.51,28.43,0.0,1.924605532423356,2020-08-12
9.35,24.88,0.0,1.6714920809845435,2020-08-13
7.82,24.9,2.73,1.4672275651119044,2020-08-14
8.68,25.28,0.0,1.7223603196487245,2020-08-15
9.17,29.52,0.0,2.0814392246777316,2020-08-16
11.49,34.27,0.0,2.3644390002382267,2020-08-17
12.55,35.88,0.0,2.4294476457361456,2020-08-18
14.25,34.0,0.0,2.215241436238941,2020-08-19
13.1,33.38,0.0,2.2059944661210316,2020-08-20
14.19,27.71,0.0,1.4775601550911737,2020-08-21
10.01,31.75,0.0,2.1788441200916164,2020-08-22
6.9,28.4,0.0,1.9975568523427103,2020-08-23
9.62,29.31,0.0,1.9371648082156685,2020-08-24
12.78,26.58,0.0,1.3949471719049793,2020-08-25
10.28,24.86,0.0,1.40771592615048,2020-08-26
7.57,23.06,6.46,1.2519575735573878,2020-08-27
6.43,23.32,0.0,1.4815774771168244,2020-08-28
8.45,31.18,0.0,2.0671164118083474,2020-08-29
6.54,17.64,0.0,0.971321555077796,2020-08-30
2.39,19.16,0.0,1.2909697756177536,2020-08-31
8.16,22.61,0.0,1.292096275253486,2020-09-01
7.69,16.8,5.59,0.7372907697304398,2020-09-02
5.05,21.64,0.0,1.3562365536231344,2020-09-03
5.15,24.15,0.0,1.534728781550053,2020-09-04
8.1,30.31,0.0,1.9794274445837208,2020-09-05
7.88,17.23,0.0,0.8251182593597604,2020-09-06
0.04,10.38,0.0,0.7234507050113931,2020-09-07
-5.07,15.47,0.0,1.2436861655988134,2020-09-08
3.82,21.2,0.0,1.4151319915707898,2020-09-09
4.8,26.11,0.0,1.771240896837018,2020-09-10
7.74,30.08,0.0,1.970545193913112,2020-09-11
6.65,16.2,1.97,0.7891889252811445,2020-09-12
-0.29,15.81,0.0,1.0787227137184343,2020-09-13
5.38,15.7,0.0,0.8185234715062905,2020-09-14
3.3,14.48,0.0,0.8353133478805856,2020-09-15
-0.97,13.49,0.0,1.007707238628718,2020-09-16
1.9,18.51,0.0,1.33964364990469,2020-09-17
-0.5,24.43,0.0,1.8009909858796478,2020-09-18
6.55,26.31,0.0,1.7990502168972502,2020-09-19
11.97,18.75,8.27,0.570411341678966,2020-09-20
7.67,23.04,0.0,1.3755329072078677,2020-09-21
7.06,20.72,0.0,1.1727092050993375,2020-09-22
9.16,21.63,0.0,1.1106311991928466,2020-09-23
8.75,23.92,0.0,1.3695435149326307,2020-09-24
5.6,21.85,0.0,1.334851065438514,2020-09-25
7.53,15.27,0.0,0.6274290390572203,2020-09-26
4.37,14.88,0.0,0.7789158331315615,2020-09-27
0.88,22.4,0.0,1.5046491681870742,2020-09-28
7.08,17.55,0.0,0.8255072239378053,2020-09-29
0.83,12.49,0.0,0.7634932748499319,2020-09-30
-4.45,11.81,0.0,0.919473871673155,2020-10-01
0.83,17.47,0.0,1.1558032848660371,2020-10-02
-1.0,15.94,0.0,1.0866588776432822,2020-10-03
4.79,23.63,0.83,1.467854300848839,2020-10-04
7.65,19.31,0.0,0.905142208001218,2020-10-05
6.47,17.49,0.0,0.9039767701000362,2020-10-06
0.27,15.48,0.0,1.0804532793067223,2020-10-07
7.07,22.78,2.01,1.1896720244026942,2020-10-08
1.69,10.53,0.0,0.5671102444658769,2020-10-09
2.42,25.91,0.0,1.7578033844578056,2020-10-10
4.58,15.07,0.0,0.8079540837301727,2020-10-11
-3.36,11.8,0.0,0.9210561809419152,2020-10-12
-0.18,10.57,0.0,0.7193325391124499,2020-10-13
-5.26,6.76,0.0,0.6443633388972901,2020-10-14
-5.22,5.6,0.0,0.5454515768972097,2020-10-15
-8.98,3.7,0.0,0.5445371366182832,2020-10-16
-12.87,-0.48,0.0,0.4225680996977328,2020-10-17
-6.26,-3.15,0.0,0.138498314706267,2020-10-18
-7.4,-1.06,0.0,0.2718909735810284,2020-10-19
-7.21,-1.83,0.31,0.2362574311609574,2020-10-20
-10.1,-0.03,0.0,0.4106118081217851,2020-10-21
-13.88,-2.23,0.0,0.3870117473155,2020-10-22
-14.0,-3.75,0.0,0.3288618419709586,2020-10-23
-8.78,-5.32,0.0,0.1377250439175566,2020-10-24
-11.44,-2.37,0.0,0.3285958874596733,2020-10-25
-15.0,3.27,0.0,0.6245441156926621,2020-10-26
-4.0,11.95,0.0,0.9151703779241324,2020-10-27
-4.53,4.77,0.0,0.4425205492057952,2020-10-28
-6.18,7.77,0.51,0.731463026160097,2020-10-29
-0.89,12.65,0.0,0.8397499908688348,2020-10-30
-6.45,1.94,0.0,0.3614834702102716,2020-10-31
-7.3,13.56,0.0,0.9783383242018768,2020-11-01
0.1,18.51,0.0,1.1683678431611413,2020-11-02
1.49,16.86,0.0,1.0158449581140574,2020-11-03
0.0,14.6,0.0,0.8871551733275338,2020-11-04
1.24,17.98,0.0,1.0660883737264082,2020-11-05
-2.2,6.92,2.14,0.4320779281038094,2020-11-06
-2.5,0.81,2.57,0.1515830878079151,2020-11-07
-9.7,-3.66,19.48,0.2059832956378277,2020-11-08
-18.76,-9.32,0.0,0.2132943292735988,2020-11-09
-17.12,-6.01,0.0,0.2791164118582015,2020-11-10
-16.94,-6.67,1.89,0.2582020581387821,2020-11-11
-22.71,-9.17,0.0,0.2462982288213505,2020-11-12
-12.94,-0.29,0.0,0.3966128219789862,2020-11-13
-9.63,-1.33,0.63,0.2988198465581563,2020-11-14
-13.11,-6.01,0.0,0.2116563954488783,2020-11-15
-10.13,-5.54,0.0,0.1564615732625709,2020-11-16
-7.97,0.16,0.0,0.3130956395194221,2020-11-17
-4.94,4.17,0.0,0.4008151093865748,2020-11-18
-12.63,-5.3,4.66,0.2109121840015014,2020-11-19
-19.91,-10.2,0.0,0.1964287219581745,2020-11-20
-18.53,-4.37,0.0,0.3220493357703663,2020-11-21
-16.58,-7.28,0.0,0.2268547864788781,2020-11-22
-11.6,-4.92,0.0,0.2078417914052217,2020-11-23
-10.29,-2.2,0.0,0.2709839666144128,2020-11-24
-8.3,1.84,0.0,0.3774217873788065,2020-11-25
-12.37,-1.21,0.0,0.3422400143831014,2020-11-26
-11.03,0.62,0.0,0.3811037212935506,2020-11-27
-10.12,-0.51,0.0,0.3252916627147261,2020-11-28
-15.57,-2.73,0.0,0.3342836516037094,2020-11-29
-8.85,1.85,0.0,0.3845293851294776,2020-11-30
-7.85,1.69,0.0,0.3575279496600064,2020-12-01
-11.17,-1.6,0.0,0.3060503545611579,2020-12-02
-7.39,2.75,0.0,0.3879654082201055,2020-12-03
-6.45,2.19,0.0,0.3435018224000191,2020-12-04
-7.2,2.08,0.0,0.3577408045954542,2020-12-05
-9.68,1.18,0.0,0.3742662397975284,2020-12-06
-8.3,3.11,0.0,0.4184688887449069,2020-12-07
-4.59,3.51,0.0,0.3446533051463022,2020-12-08
-5.71,1.88,0.0,0.3073032405354698,2020-12-09
-12.74,-3.71,0.0,0.2628523455863605,2020-12-10
-13.72,-4.73,0.0,0.2484715201070183,2020-12-11
-11.17,-3.64,0.0,0.2358861630102054,2020-12-12
-27.33,-13.88,0.0,0.1678896440869589,2020-12-13
-28.67,-14.12,0.43,0.1676323540983073,2020-12-14
-19.49,-10.23,0.0,0.1833569751204541,2020-12-15
-16.45,-4.82,0.0,0.2801725783987204,2020-12-16
-14.89,1.82,0.0,0.4517151301750098,2020-12-17
-22.67,-3.99,0.0,0.3327381465800834,2020-12-18
-12.86,3.87,0.0,0.4993098728256455,2020-12-19
-6.82,2.53,0.0,0.3575489131607036,2020-12-20
-9.09,-1.59,4.48,0.2477385622587722,2020-12-21
-13.82,-4.26,6.31,0.2520342163612492,2020-12-22
-17.42,-8.63,0.0,0.1946682920482057,2020-12-23
-15.44,0.12,0.0,0.4057176786617339,2020-12-24
-13.03,-2.65,0.0,0.2966538984584436,2020-12-25
-12.77,-5.49,1.03,0.2064522953622175,2020-12-26
-15.3,-6.89,0.0,0.210261650545579,2020-12-27
-17.86,-8.23,0.0,0.2102439724339186,2020-12-28
-16.81,-7.82,0.0,0.2078724066981376,2020-12-29
-20.43,-9.09,0.0,0.2163537322115407,2020-12-30
-16.71,-3.38,0.0,0.3224571759557108,2021-01-01
-9.83,3.86,0.0,0.4701412970326178,2021-01-02
-3.12,3.82,0.0,0.3137705716091869,2021-01-03
-10.9,-0.99,0.0,0.3202168234143707,2021-01-04
-10.35,-0.29,0.0,0.3345640878144079,2021-01-05
-11.74,2.34,0.0,0.4455275121639347,2021-01-06
-9.46,0.84,0.0,0.3589392661583176,2021-01-07
-13.35,-3.05,0.0,0.2966033515897002,2021-01-08
-14.6,-5.32,0.0,0.2491549759890635,2021-01-09
-14.61,-5.44,0.0,0.2462650573462853,2021-01-10
-12.77,-1.15,0.0,0.3497145858075379,2021-01-11
-8.47,0.41,0.0,0.3262939929112902,2021-01-12
-5.97,6.01,5.35,0.4766407644646503,2021-01-13
-6.68,-1.21,0.0,0.2167432678287692,2021-01-14
-14.47,-5.23,0.0,0.2541071986762003,2021-01-15
-10.42,-0.68,0.0,0.3321789595980609,2021-01-16
-10.83,-1.58,1.94,0.309894372901869,2021-01-17
-10.78,-0.29,0.73,0.3551717472005849,2021-01-18
-14.44,2.04,0.0,0.4764117570868103,2021-01-19
-6.02,2.02,0.0,0.3396915540032428,2021-01-20
-12.31,-6.12,0.36,0.1917513021873158,2021-01-21
-9.97,-4.85,0.92,0.1784452577986518,2021-01-22
-27.99,-9.79,0.0,0.2431980121408148,2021-01-23
-32.52,-23.49,0.0,0.1,2021-01-24
-29.73,-22.72,0.0,0.1,2021-01-25
-28.56,-19.91,0.0,0.10064934543921,2021-01-26
-23.61,-14.57,0.0,0.1499351983086813,2021-01-27
-19.22,-10.92,0.0,0.1819192093925601,2021-01-28
-15.51,-9.65,0.0,0.1573131940371874,2021-01-29
-15.5,-10.84,0.0,0.1239220960240012,2021-01-30
-18.44,-9.36,0.0,0.2137354375106327,2021-01-31
-14.27,-1.34,0.0,0.3941455654348416,2021-02-01
-9.2,0.9,0.0,0.3955100024299025,2021-02-02
-19.72,-11.29,0.0,0.1858900967714821,2021-02-03
-22.77,-15.76,0.0,0.1258259342798607,2021-02-04
-28.07,-18.56,0.0,0.1229249181457026,2021-02-05
-35.37,-25.86,0.0,0.1,2021-02-06
-37.01,-28.63,0.0,0.1,2021-02-07
-36.94,-26.93,0.0,0.1,2021-02-08
-29.42,-25.54,0.0,0.1,2021-02-09
-33.97,-26.92,0.0,0.1,2021-02-10
-37.81,-28.06,0.0,0.1,2021-02-11
-33.39,-22.91,0.0,0.1,2021-02-12
-37.17,-24.6,0.0,0.1,2021-02-13
-34.86,-22.68,0.0,0.102727128645821,2021-02-14
-30.67,-18.9,0.0,0.1369403537538129,2021-02-15
-26.03,-15.71,0.0,0.1665119289161528,2021-02-16
-23.12,-15.86,0.0,0.1398314615767466,2021-02-17
-25.4,-13.04,0.0,0.2145502336375304,2021-02-18
-22.6,-3.03,0.0,0.4605692993929079,2021-02-19
-11.15,-3.01,0.0,0.3640631959499757,2021-02-20
-12.75,2.74,0.0,0.7135321699045793,2021-02-21
-3.34,3.9,0.0,0.5610607450203812,2021-02-22
-7.38,-0.25,0.0,0.4247819455582297,2021-02-23
-10.35,-1.75,0.0,0.4532045943577127,2021-02-24
-11.87,0.63,0.0,0.6418853865085142,2021-02-25
-16.73,-2.42,0.4,0.5341353680280503,2021-02-26
-24.77,-12.94,0.0,0.2246167419491709,2021-02-27
-21.76,-11.53,0.0,0.240587121308915,2021-02-28
-17.5,3.54,0.0,0.7854831723265588,2021-03-01
-6.79,2.81,0.0,0.7139498189986649,2021-03-02
-11.34,1.98,0.0,0.7794131922880002,2021-03-03
-9.81,1.85,0.0,0.7631480721416655,2021-03-04
-6.69,4.36,0.0,0.8895849490327038,2021-03-05
-0.93,6.42,0.0,0.8308852759040671,2021-03-06
-4.23,5.08,0.0,0.9012589772816008,2021-03-07
-4.74,3.85,0.0,0.8146411116640053,2021-03-08
-5.38,-0.65,0.0,0.3562618688485701,2021-03-09
-9.04,1.55,0.0,0.8110942732081347,2021-03-10
-17.93,-2.99,0.0,0.617627597100948,2021-03-11
-10.07,5.72,0.0,1.092492061024336,2021-03-12
-6.85,6.33,0.0,1.1439171009934186,2021-03-13
-2.24,8.64,0.0,1.2669656266333584,2021-03-14
-1.56,7.49,0.0,1.1326452035709138,2021-03-15
-9.22,0.73,0.0,0.7920239824256211,2021-03-16
-7.84,8.69,0.0,1.3042190057420304,2021-03-17
-3.16,13.9,0.0,1.6141849607572718,2021-03-18
0.0,18.16,0.0,1.8691801672988104,2021-03-19
-1.15,12.38,0.0,1.5573661358862625,2021-03-20
-5.02,3.31,0.0,0.9214165506852936,2021-03-21
-6.0,8.73,0.0,1.3493541526834427,2021-03-22
-7.9,0.3,0.89,0.8108432484700269,2021-03-23
-6.18,8.74,0.0,1.3595712951673116,2021-03-24
-3.98,3.33,0.0,0.9573035954391464,2021-03-25
-10.12,2.32,0.0,1.0290438145879697,2021-03-26
-8.87,6.6,0.0,1.2415433357944083,2021-03-27
-1.06,17.69,0.0,1.8970073783889605,2021-03-28
-9.03,5.47,4.86,1.1108666107192695,2021-03-29
-13.97,-5.72,0.0,0.5546212810753449,2021-03-30
-15.66,7.62,0.0,1.180779004917225,2021-03-31
-2.4,15.28,0.0,1.7800186256287671,2021-04-01
-0.08,12.57,0.0,1.63769786867469,2021-04-02
-1.25,13.99,0.0,1.7276181565671949,2021-04-03
-0.93,17.84,0.0,1.8934432908629597,2021-04-04
-2.87,12.41,0.0,1.583759356481351,2021-04-05
-2.99,16.62,0.0,1.8091132841706463,2021-04-06
-0.77,21.09,0.0,2.075614899356542,2021-04-07
1.86,15.0,1.62,1.7403650113842484,2021-04-08
-6.29,11.89,0.0,1.5289347355299514,2021-04-09
-0.93,13.32,0.0,1.6494518523912225,2021-04-10
-2.17,4.36,2.57,0.7277191528358695,2021-04-11
-3.6,2.99,1.23,0.8735288283542534,2021-04-12
-3.25,3.48,0.0,0.8992622866407936,2021-04-13
-3.07,7.63,0.0,1.3289340008383002,2021-04-14
-2.76,13.4,0.0,1.6813917833547078,2021-04-15
-4.73,14.83,0.0,1.7435052381237677,2021-04-16
-0.72,20.49,0.0,2.1104509260749165,2021-04-17
-3.36,6.98,0.0,1.3005703377795697,2021-04-18
-6.9,5.0,0.0,1.2032023571050807,2021-04-19
-9.32,9.47,0.0,1.420266193415457,2021-04-20
-3.89,17.7,0.0,1.932166925325539,2021-04-21
-4.93,7.38,0.0,1.3383927166242215,2021-04-22
-12.43,4.98,0.0,1.1710911392091572,2021-04-23
-10.08,7.61,0.0,1.3257552159941988,2021-04-24
-5.61,11.41,0.0,1.5763980509938298,2021-04-25
-3.65,14.94,0.0,1.799887213975676,2021-04-26
-4.05,14.18,0.0,1.7566515833577436,2021-04-27
-2.25,15.44,0.0,1.8495377550076877,2021-04-28
-2.67,11.48,0.0,1.6002804896303653,2021-04-29
2.33,26.36,0.0,2.5506888448262255,2021-04-30
5.08,20.16,0.0,2.169419184858538,2021-05-01
0.94,13.7,0.0,1.74244290812809,2021-05-02
-5.3,10.16,0.0,1.5315903420486654,2021-05-03
-5.17,14.4,0.0,1.7845621281197903,2021-05-04
-3.25,16.92,0.0,1.9560274427081576,2021-05-05
-0.68,17.43,0.0,2.0156761980995017,2021-05-06
-0.08,17.4,0.0,2.023241063352624,2021-05-07
2.67,14.55,0.0,1.804964068078898,2021-05-08
-4.06,15.85,0.0,1.9035715714342205,2021-05-09
-2.57,18.36,0.0,2.071826748644593,2021-05-10
0.51,20.04,0.0,2.203868759289818,2021-05-11
2.53,20.78,0.0,2.2569137685678227,2021-05-12
1.7,21.97,0.0,2.3303584858394726,2021-05-13
3.06,22.86,1.03,2.393376906297424,2021-05-14
3.4,24.38,0.0,2.497630063587484,2021-05-15
8.24,27.51,0.0,2.71026631620298,2021-05-16
7.49,32.48,0.0,3.0394609532611288,2021-05-17
11.65,28.41,0.0,2.732621637413489,2021-05-18
1.83,13.42,0.0,1.7157841134360583,2021-05-19
-1.23,4.24,2.12,0.7040632232451124,2021-05-20
-1.92,5.51,3.69,0.9880723133584692,2021-05-21
-0.65,10.35,0.0,1.544483978964596,2021-05-22
6.48,15.8,16.17,1.709593511775405,2021-05-23
8.33,11.46,22.42,0.3054324492797412,2021-05-24
2.19,9.27,2.07,0.6288764947565809,2021-05-25
-0.72,13.46,0.0,1.65154548999972,2021-05-26
1.12,19.09,0.0,2.177721002055315,2021-05-27
7.17,21.82,0.0,2.3033950729497388,2021-05-28
6.66,20.76,0.0,2.2028307087340284,2021-05-29
2.25,22.94,0.0,2.4871242254385764,2021-05-30
8.42,26.9,0.0,2.765475174232926,2021-05-31
8.92,26.71,0.0,2.745206912349703,2021-06-01
12.19,32.13,0.0,3.1088817590064814,2021-06-02
13.5,35.6,0.0,3.3358954842034274,2021-06-03
15.72,29.24,0.0,2.7485345658713265,2021-06-04
11.42,28.06,0.0,2.8240060957631306,2021-06-05
8.47,20.62,0.0,2.0903152259362243,2021-06-06
8.96,22.7,0.0,2.3541249324688005,2021-06-07
5.87,23.24,2.23,2.1452152389537873,2021-06-08
11.86,19.58,7.69,1.1029713016178322,2021-06-09
13.6,21.55,10.79,1.1427852126191498,2021-06-10
10.84,20.55,0.0,1.653186349540508,2021-06-11
6.88,23.73,0.0,2.437937905391823,2021-06-12
6.71,27.39,0.0,2.7873414493518927,2021-06-13
12.83,31.81,0.0,3.0747349596223743,2021-06-14
16.57,33.6,1.45,3.10549993909655,2021-06-15
12.78,24.8,0.0,2.210139634061755,2021-06-16
7.26,23.86,0.0,2.4601139693746163,2021-06-17
8.27,18.54,0.0,1.6656594751231883,2021-06-18
6.9,20.6,0.94,2.0803000992753025,2021-06-19
6.01,18.44,0.0,1.831768967234724,2021-06-20
1.83,24.49,0.0,2.544676519341501,2021-06-21
10.53,30.98,0.0,3.020344952653851,2021-06-22
13.26,24.11,0.0,1.9228579412851303,2021-06-23
8.71,24.11,0.0,2.3343411823657494,2021-06-24
9.92,27.75,0.0,2.6911885793659667,2021-06-25
13.28,29.04,0.0,2.663093204063395,2021-06-26
12.14,28.27,0.0,2.6370799503089533,2021-06-27
10.84,29.65,0.0,2.895224618094498,2021-06-28
12.94,33.13,0.0,3.1699243206604715,2021-06-29
14.72,34.38,0.0,3.228434029376143,2021-06-30
15.98,35.2,0.0,3.255659174286606,2021-07-01
18.48,39.21,0.0,3.5283861424924527,2021-07-02
17.22,30.2,3.38,2.007939916160026,2021-07-03
12.95,27.63,4.93,2.0252452607990525,2021-07-04
13.39,23.96,0.0,1.80670482195436,2021-07-05
10.57,20.88,0.0,1.6301451388004868,2021-07-06
11.81,28.3,4.01,2.135905943588703,2021-07-07
13.67,27.83,0.0,2.3845266933953075,2021-07-08
12.63,30.67,0.0,2.7883010331655056,2021-07-09
13.81,32.89,0.0,2.9479474992121175,2021-07-10
15.76,31.72,0.0,2.699643119792173,2021-07-11
11.78,27.92,0.0,2.510536134173949,2021-07-12
10.21,29.02,0.0,2.711777965673234,2021-07-13
11.59,31.18,0.0,2.8729644777575656,2021-07-14
14.16,35.06,0.0,3.143982109043543,2021-07-15
16.05,30.16,0.0,2.4273494695323516,2021-07-16
16.68,35.19,0.0,3.022023431541666,2021-07-17
13.7,25.81,0.0,1.97613786190297,2021-07-18
13.83,20.58,0.0,0.9394126820086626,2021-07-19
15.64,27.91,0.0,2.0917013109284524,2021-07-20
15.09,31.15,0.0,2.636512505994715,2021-07-21
13.93,33.41,0.0,2.9538659575252466,2021-07-22
6.54,28.68,0.0,2.694028018783138,2021-07-23
10.12,29.03,0.0,2.626816634716917,2021-07-24
10.77,28.26,1.61,2.508006785895728,2021-07-25
12.15,27.82,1.78,2.3439949806963187,2021-07-26
12.5,34.63,0.0,3.0097087288919524,2021-07-27
12.66,29.4,0.0,2.4635602955158036,2021-07-28
12.8,33.77,0.0,2.90682327748453,2021-07-29
12.44,31.04,0.0,2.643531554868268,2021-07-30
12.25,31.45,0.0,2.684867584690634,2021-07-31
12.43,33.1,0.0,2.8270201665124097,2021-08-01
16.05,35.11,0.0,2.8386721419375847,2021-08-02
18.87,28.54,0.0,1.5314071629954205,2021-08-03
13.99,27.88,0.0,2.0758159408184462,2021-08-04
11.14,30.74,0.0,2.589457918402306,2021-08-05
15.52,33.18,0.0,2.596830906456999,2021-08-06
15.39,28.78,0.0,2.009286742947105,2021-08-07
13.36,22.28,0.0,1.1864415478888504,2021-08-08
11.15,20.19,0.0,1.1478229220257743,2021-08-09
10.4,21.6,3.92,1.1592066881101666,2021-08-10
10.98,25.61,0.0,1.9532230390787135,2021-08-11
8.77,23.62,0.0,1.8645693307863265,2021-08-12
8.61,29.89,0.0,2.505776441075015,2021-08-13
15.8,37.3,0.0,2.8957367554038376,2021-08-14
15.8,32.5,0.0,2.387200726430726,2021-08-15
14.71,26.1,0.0,1.5974210724669222,2021-08-16
10.27,18.99,0.0,1.0016003372339812,2021-08-17
9.65,18.12,2.25,0.7738201916126446,2021-08-18
7.67,19.79,0.0,1.4001730508428318,2021-08-19
9.91,19.33,3.54,0.8616253851707624,2021-08-20
6.06,21.82,3.63,1.4383812175644122,2021-08-21
9.46,15.46,7.7,0.5478871359794115,2021-08-22
7.23,17.22,11.77,1.0349880862718963,2021-08-23
7.31,14.91,0.0,0.8527080356013526,2021-08-24
3.42,20.05,0.0,1.812062470627796,2021-08-25
7.09,21.16,0.0,1.761688981570521,2021-08-26
12.13,20.59,0.0,1.165057379000202,2021-08-27
10.67,24.08,2.0,1.870867217356931,2021-08-28
7.74,26.08,0.0,2.188104962672825,2021-08-29
9.16,29.24,0.0,2.399938033931733,2021-08-30
11.65,25.64,13.99,1.5637357371276062,2021-08-31
8.79,21.39,0.0,1.499803164761954,2021-09-01
9.03,18.52,0.0,1.0699366843955995,2021-09-02
8.46,21.62,0.0,1.525922802274968,2021-09-03
5.51,22.99,0.0,1.8018141282832647,2021-09-04
7.56,29.24,0.0,2.2248013467909744,2021-09-05
9.92,22.46,2.06,1.1713872436051478,2021-09-06
7.55,23.47,0.0,1.709948232907576,2021-09-07
5.49,25.44,0.0,1.97719727425768,2021-09-08
10.27,28.25,0.0,2.1452371425604357,2021-09-09
8.41,21.68,0.0,1.5510613829524478,2021-09-10
5.72,14.76,0.0,0.8872500607550204,2021-09-11
2.53,18.68,0.0,1.5252971998844758,2021-09-12
7.14,21.34,0.0,1.5722343845789335,2021-09-13
4.18,23.27,0.0,1.844648749006021,2021-09-14
7.76,18.75,0.0,1.2035557214060797,2021-09-15
3.54,15.03,0.0,1.0730615823684162,2021-09-16
-1.21,19.24,0.0,1.5726071238422337,2021-09-17
11.05,32.58,0.0,2.3176941300245097,2021-09-18
6.66,19.63,0.0,1.305062839112325,2021-09-19
1.7,18.39,0.0,1.410801491298766,2021-09-20
2.44,22.2,0.0,1.6642673978908529,2021-09-21
6.0,27.11,0.0,1.9324366170604343,2021-09-22
3.97,16.69,0.0,1.073709964977344,2021-09-23
-0.8,19.34,0.0,1.4604849755288902,2021-09-24
7.16,25.54,0.0,1.7119872351544838,2021-09-25
3.82,25.15,0.0,1.7501682394520837,2021-09-26
8.73,29.74,0.0,1.9458863658029757,2021-09-27
6.4,28.06,0.0,1.864330047690004,2021-09-28
6.44,21.03,0.0,1.2487522090045633,2021-09-29
1.95,24.26,0.0,1.6522468107002612,2021-09-30
5.79,23.3,0.0,1.4497004458019698,2021-10-01
0.36,21.32,0.0,1.4638346371826692,2021-10-02
5.12,23.57,0.0,1.5231823592689828,2021-10-03
1.8,19.68,0.0,1.3083538574153295,2021-10-04
4.99,22.73,0.0,1.4280435186663636,2021-10-05
6.08,26.67,0.0,1.721203182876384,2021-10-06
2.87,14.28,0.0,0.7634744804161419,2021-10-07
0.75,16.9,0.0,1.1027722330277552,2021-10-08
-1.46,19.81,0.0,1.3541180177291603,2021-10-09
-1.04,18.41,0.0,1.2369982813346927,2021-10-10
-1.81,8.74,0.0,0.5772011723143144,2021-10-11
-6.81,8.93,0.0,0.7230256446541342,2021-10-12
-3.97,5.51,3.6,0.4418018701525315,2021-10-13
-1.46,6.0,2.37,0.3799269526547296,2021-10-14
-3.58,13.65,0.0,0.8892975122537287,2021-10-15
-1.03,17.83,0.0,1.085549373579615,2021-10-16
2.65,23.91,0.0,1.3884489557140711,2021-10-17
1.26,13.46,0.0,0.7212208865825329,2021-10-18
-5.62,7.14,0.0,0.5859827027511194,2021-10-19
-7.46,7.97,0.0,0.6614685101153548,2021-10-20
-4.45,9.6,0.0,0.6730845130312243,2021-10-21
-5.55,9.5,0.0,0.6909051007811224,2021-10-22
-1.81,7.05,0.75,0.457593907519775,2021-10-23
2.24,6.24,0.0,0.236519485279282,2021-10-24
3.8,9.39,2.0,0.3293796499214256,2021-10-25
2.04,10.42,1.89,0.4951877925772095,2021-10-26
-0.34,13.01,0.0,0.7301516763988419,2021-10-27
-2.34,11.15,0.0,0.6872246177504959,2021-10-28
-0.03,8.69,1.87,0.4771362576534767,2021-10-29
-5.14,4.97,0.0,0.4568728137549021,2021-10-30
-8.44,4.12,0.0,0.4962423979659011,2021-10-31
-9.91,2.37,0.0,0.4520791976300951,2021-11-01
-10.24,6.92,0.0,0.6320026585314491,2021-11-02
-8.71,9.68,0.0,0.7224676476286533,2021-11-03
-2.8,14.74,0.0,0.8577596763455022,2021-11-04
1.67,14.04,0.0,0.7028629236442633,2021-11-05
-3.41,9.63,0.0,0.6193177860568304,2021-11-06
-6.26,9.87,0.0,0.686483983681477,2021-11-07
-6.43,8.85,0.0,0.6425846361132067,2021-11-08
-9.77,8.04,0.0,0.6534287868822216,2021-11-09
-2.32,3.48,1.51,0.2773722889469717,2021-11-10
-6.69,-2.14,0.0,0.1792590427421765,2021-11-11
-8.78,-3.9,0.0,0.173677815654872,2021-11-12
-9.98,4.79,0.0,0.5241037198593067,2021-11-13
-6.39,1.45,0.89,0.3223767617937402,2021-11-14
-1.36,4.56,1.08,0.2921800743366824,2021-11-15
-4.3,5.95,5.87,0.437664482222076,2021-11-16
-12.12,-4.84,0.0,0.2218277228937251,2021-11-17
-14.96,-1.54,0.0,0.366439644984225,2021-11-18
-11.11,-1.96,0.0,0.2962952931131792,2021-11-19
-11.24,0.39,0.0,0.3785063695811805,2021-11-20
-17.38,-3.28,0.0,0.3366143041393047,2021-11-21
-7.12,4.48,0.0,0.4524214383592102,2021-11-22
-9.99,3.05,0.0,0.4476833067252636,2021-11-23
-16.63,-8.84,0.0,0.1810628372752803,2021-11-24
-11.53,1.34,0.0,0.4072529510779266,2021-11-25
-3.53,5.98,0.0,0.4219219801354797,2021-11-26
-7.69,2.28,0.0,0.3706972496573077,2021-11-27
-5.57,3.59,0.0,0.3710334236992699,2021-11-28
-4.37,5.35,1.41,0.4136892344615261,2021-11-29
-6.43,4.7,0.0,0.4363900940687554,2021-11-30
-0.68,6.55,0.0,0.3521697943965096,2021-12-01
-4.51,2.01,1.41,0.272518417708203,2021-12-02
-9.19,-1.69,0.0,0.2551101894219864,2021-12-03
-12.22,-3.53,0.0,0.2562468393342552,2021-12-04
-22.64,-9.32,0.6,0.2275559532694042,2021-12-05
-24.92,-13.37,0.0,0.1664609489914466,2021-12-06
-21.21,-9.78,0.0,0.2090565111861303,2021-12-07
-15.34,2.52,1.12,0.4778130787036718,2021-12-08
-12.61,-1.91,0.0,0.3158986225079756,2021-12-09
-14.61,-3.96,0.0,0.2823128220845842,2021-12-10
-10.49,4.15,0.0,0.4853156850145467,2021-12-11
-9.24,1.05,0.0,0.354622606281276,2021-12-12
-14.07,-3.73,0.0,0.280034010554263,2021-12-13
-9.49,-2.18,0.0,0.2451813548888761,2021-12-14
-22.03,-11.83,0.0,0.1726352109854768,2021-12-15
-25.25,-17.72,0.28,0.1,2021-12-16
-26.18,-17.95,0.83,0.1027183438517235,2021-12-17
-28.37,-10.48,0.0,0.2185389602585431,2021-12-18
-19.71,-10.77,0.0,0.1721659100862855,2021-12-19
-20.87,-12.13,0.0,0.156376614537254,2021-12-20
-19.31,-7.87,0.0,0.2320060341204671,2021-12-21
-14.25,-7.23,2.36,0.1768336011397285,2021-12-22
-15.41,-2.76,1.6,0.3237113747602676,2021-12-23
-25.38,-15.09,0.5,0.1398616545883158,2021-12-24
-29.7,-22.86,1.89,0.1,2021-12-25
-28.2,-24.34,6.34,0.1,2021-12-26
-34.64,-26.05,0.36,0.1,2021-12-27
-36.82,-27.4,0.0,0.1,2021-12-28
-35.16,-26.2,0.0,0.1,2021-12-29
-37.35,-27.92,0.0,0.1,2021-12-30
-35.89,-27.88,0.0,0.1,2021-12-31
-35.17,-23.33,0.0,0.1,2022-01-01
-26.29,-1.41,0.0,0.3832488638284545,2022-01-02
-17.35,-5.62,4.26,0.2588519310316274,2022-01-03
-23.51,-12.84,1.97,0.1649282986887703,2022-01-04
-32.6,-19.83,0.0,0.1072041861128945,2022-01-05
-35.31,-26.28,0.0,0.1,2022-01-06
-24.36,-7.59,1.55,0.2661268595303785,2022-01-07
-24.57,-14.67,0.0,0.1419489034209005,2022-01-08
-29.2,-17.37,0.0,0.1268188077097098,2022-01-09
-21.73,-0.28,0.0,0.4225008022220813,2022-01-10
-12.67,3.29,0.0,0.4875711803712855,2022-01-11
-1.96,5.27,0.0,0.3388614293516148,2022-01-12
-5.51,4.15,2.47,0.3828118321339314,2022-01-13
-6.17,1.37,0.0,0.2997061099761354,2022-01-14
-4.54,4.68,0.0,0.3967807770816038,2022-01-15
-4.72,4.4,0.0,0.3908274555969233,2022-01-16
-5.94,4.12,0.95,0.4123122909637846,2022-01-17
-19.3,2.45,0.0,0.5009912723041099,2022-01-18
-26.65,-15.64,0.0,0.1433687836621095,2022-01-19
-23.24,-2.47,2.1,0.3677232944458363,2022-01-20
-9.5,2.68,1.44,0.4367510910191074,2022-01-21
-7.41,4.68,1.54,0.4775804517724331,2022-01-22
-8.1,5.1,0.0,0.509413091672533,2022-01-23
-10.58,1.82,0.0,0.4277814113400314,2022-01-24
-21.93,-4.6,0.0,0.337971210494363,2022-01-25
-9.78,2.27,0.0,0.434352133917248,2022-01-26
-7.64,1.52,0.0,0.3604396514697172,2022-01-27
-11.65,0.8,0.0,0.4142627089551082,2022-01-28
-9.25,2.04,0.0,0.4207642011030238,2022-01-29
-4.69,5.16,0.0,0.447601271224716,2022-01-30
-12.54,3.22,3.69,0.4932065057462486,2022-01-31
-26.35,-18.36,0.0,0.1076939273119119,2022-02-01
-33.07,-24.07,0.0,0.1,2022-02-02
-31.09,-20.53,0.0,0.1061290980054733,2022-02-03
-32.56,-9.33,6.14,0.241371283815836,2022-02-04
-16.6,-8.45,0.51,0.2101925472141281,2022-02-05
-18.01,1.12,0.0,0.498914559880706,2022-02-06
-5.5,5.03,0.0,0.4837107636224447,2022-02-07
-4.33,2.95,0.0,0.3497641897529686,2022-02-08
-8.15,2.84,0.65,0.4590050084422447,2022-02-09
-9.31,5.27,0.64,0.5865241341894749,2022-02-10
-18.41,-12.82,0.0,0.130536194912118,2022-02-11
-17.14,-7.3,0.0,0.2622475365257457,2022-02-12
-16.03,1.76,0.0,0.5304176917023498,2022-02-13
-18.5,-9.87,1.04,0.2112329527020291,2022-02-14
-15.23,-6.98,1.76,0.2449877701783213,2022-02-15
-24.89,-15.61,0.0,0.1538159355155046,2022-02-16
-27.05,-5.21,0.0,0.3613349838219375,2022-02-17
-20.65,-7.59,0.0,0.3001918619451037,2022-02-18
-17.81,3.39,2.81,0.5676537780110757,2022-02-19
-22.45,-15.97,0.0,0.1249596107076505,2022-02-20
-28.36,-19.98,0.0,0.1112087792123188,2022-02-21
-31.39,-20.44,0.0,0.1217620076320489,2022-02-22
-30.19,-18.42,0.0,0.1456656198001025,2022-02-23
-27.03,-16.69,0.0,0.1593106353592676,2022-02-24
-26.58,-8.17,0.0,0.3187277258782316,2022-02-25
-13.77,-2.59,0.0,0.3964867759832839,2022-02-26
-12.08,-7.27,0.0,0.1795651183941365,2022-02-27
-12.98,-7.63,0.0,0.1934180642066895,2022-02-28
-11.64,-6.95,0.0,0.1834679568806701,2022-03-01
-17.39,-9.07,0.0,0.2473992079879314,2022-03-02
-18.52,-10.16,5.55,0.2128481546129838,2022-03-03
-11.66,-8.31,3.97,0.1217779746772022,2022-03-04
-16.72,-9.82,0.0,0.2175097718926417,2022-03-05
-18.07,-4.44,0.0,0.4169355005117557,2022-03-06
-15.39,1.84,0.75,0.625450308597139,2022-03-07
-17.86,-8.41,0.0,0.2930264547190876,2022-03-08
-24.07,-14.75,0.0,0.1963365742167273,2022-03-09
-23.64,-12.73,0.0,0.2408138159017532,2022-03-10
-30.57,-10.36,0.0,0.2980910156559047,2022-03-11
-15.75,3.1,0.0,0.7156214745834312,2022-03-12
-12.48,-2.94,0.0,0.4073643407743462,2022-03-13
-11.41,-0.68,0.0,0.4885613543481783,2022-03-14
-7.04,3.98,0.0,0.6808853054068748,2022-03-15
-4.53,3.87,0.0,0.5535623121414575,2022-03-16
-6.63,5.05,0.0,0.7674128287751536,2022-03-17
-2.44,5.5,0.0,0.5921983027346429,2022-03-18
-4.36,5.82,0.0,0.7770292864168542,2022-03-19
-1.7,4.04,1.12,0.4246070099620049,2022-03-20
-0.7,5.51,0.0,0.5222259161767442,2022-03-21
-2.77,7.46,0.0,0.922457176704384,2022-03-22
-1.92,12.27,0.0,1.3236393898740837,2022-03-23
-0.91,6.67,1.77,0.7220880371702464,2022-03-24
-7.23,0.09,0.0,0.4903297541272948,2022-03-25
-9.54,-3.13,0.0,0.3572200821492183,2022-03-26
-7.53,7.19,0.0,1.1028979687168627,2022-03-27
-2.17,6.77,0.0,0.99022753433335,2022-03-28
-5.67,1.83,0.0,0.6750612411412827,2022-03-29
-7.71,9.02,0.0,1.312288711083166,2022-03-30
-1.25,5.26,2.33,0.5416873407396363,2022-03-31
-4.09,4.81,0.0,0.8982971392218425,2022-04-01
-7.16,6.55,0.0,1.1575640110638803,2022-04-02
-3.47,11.53,0.0,1.503088056617512,2022-04-03
-1.32,15.73,0.0,1.8602769522416585,2022-04-04
-0.59,8.59,2.55,0.9522630901489492,2022-04-05
-1.49,7.06,0.72,1.061356544753789,2022-04-06
-3.41,11.03,0.0,1.53441701645811,2022-04-07
-1.58,18.49,0.0,2.046792483406138,2022-04-08
0.07,12.41,0.0,1.6230149698648302,2022-04-09
-3.95,5.96,0.0,1.1153443968915149,2022-04-10
-8.26,-2.3,0.0,0.4657522804174614,2022-04-11
-9.92,-5.23,0.0,0.2781023275273805,2022-04-12
-9.58,-4.6,0.0,0.3299890364617097,2022-04-13
-8.54,-2.98,1.09,0.4613673932394364,2022-04-14
-9.51,-1.57,0.0,0.6888164733890167,2022-04-15
-9.04,1.83,0.0,0.9978846822004565,2022-04-16
-7.98,4.14,0.0,1.17313187858164,2022-04-17
-7.78,8.98,0.0,1.5231446250314098,2022-04-18
-2.42,4.18,2.45,0.6859460020474647,2022-04-19
-4.68,1.79,1.53,0.7470758375091509,2022-04-20
-8.6,5.93,0.0,1.3222750864218524,2022-04-21
-2.05,3.74,0.9,0.8095110391673547,2022-04-22
0.28,10.14,1.69,1.5977363528905004,2022-04-23
-2.63,11.41,0.0,1.7481590427647584,2022-04-24
-2.56,10.56,0.0,1.693954973066261,2022-04-25
-2.61,14.59,0.0,1.9431767878060229,2022-04-26
0.94,15.55,0.0,2.035619120951664,2022-04-27
0.64,17.93,0.0,2.1844758251904985,2022-04-28
0.32,16.69,0.0,2.109377852849559,2022-04-29
1.25,17.61,0.0,2.172967396502497,2022-04-30
0.58,14.96,0.0,1.9928334981036857,2022-05-01
-0.46,18.75,0.0,2.2277754073919667,2022-05-02
3.83,20.08,0.0,2.3525823193420257,2022-05-03
0.6,24.11,0.0,2.556252638367191,2022-05-04
8.35,27.49,0.0,2.853192202414467,2022-05-05
9.58,22.65,2.4,2.206866813708278,2022-05-06
5.3,14.91,6.64,1.527540305112657,2022-05-07
2.62,14.85,0.0,1.9123426839614417,2022-05-08
-0.21,15.83,0.0,1.9923634443434868,2022-05-09
3.38,13.93,2.43,1.4502516726585817,2022-05-10
-0.53,19.0,0.0,2.184612320423648,2022-05-11
3.21,20.86,0.0,2.330827733714176,2022-05-12
4.69,11.64,12.64,0.9078319340648384,2022-05-13
2.98,17.04,0.0,1.965211044828038,2022-05-14
2.97,20.52,0.0,2.3061150463546993,2022-05-15
4.48,19.93,0.0,2.234655225302914,2022-05-16
6.64,19.21,3.13,1.7010133468275352,2022-05-17
7.26,16.27,1.05,1.5375527112874363,2022-05-18
1.45,10.99,3.23,0.997052966542262,2022-05-19
1.11,8.2,0.0,0.8386279195372537,2022-05-20
-0.94,14.65,0.0,1.8337764771672,2022-05-21
0.92,17.02,0.0,2.020233595472273,2022-05-22
1.93,22.83,0.0,2.46781691400945,2022-05-23
4.75,24.63,0.0,2.6047116841681297,2022-05-24
6.17,24.51,0.0,2.5968047095207,2022-05-25
5.73,24.04,0.0,2.56748534858633,2022-05-26
6.88,21.91,0.0,2.3567148511132183,2022-05-27
8.41,23.3,0.0,2.462205924980143,2022-05-28
9.19,20.36,0.0,2.0025332839972574,2022-05-29
7.18,17.49,0.0,1.7489037294539664,2022-05-30
3.57,18.88,0.0,2.1738445170907195,2022-05-31
2.26,19.56,0.0,2.277163084165106,2022-06-01
4.58,21.47,0.0,2.415174651900119,2022-06-02
2.47,23.18,0.0,2.5308306166754466,2022-06-03
4.0,25.0,0.0,2.6628266833949072,2022-06-04
6.47,20.58,0.0,2.329929410538665,2022-06-05
6.04,21.1,0.0,2.37635912820848,2022-06-06
7.95,21.58,0.0,2.381381938460477,2022-06-07
6.96,24.8,0.0,2.654606905196195,2022-06-08
11.31,23.99,4.95,2.1375019384449616,2022-06-09
10.34,25.72,1.76,2.687205921545877,2022-06-10
8.26,24.07,0.0,2.5922311141705645,2022-06-11
8.47,24.32,7.7,2.241906692202143,2022-06-12
11.25,21.69,5.18,1.571481726277576,2022-06-13
7.47,18.98,0.0,1.8836092881370392,2022-06-14
5.52,16.73,4.27,1.3734000328368474,2022-06-15
11.08,20.85,0.0,1.759034964233806,2022-06-16
10.79,29.13,0.0,2.933393643414786,2022-06-17
17.68,31.69,0.0,2.8203431449024428,2022-06-18
15.83,21.1,4.17,0.6161583831004575,2022-06-19
14.58,20.57,5.75,0.7081461287363774,2022-06-20
11.67,22.46,1.91,1.8913550697882788,2022-06-21
10.91,28.09,3.96,2.2530213634577967,2022-06-22
10.69,25.94,6.62,2.0205195827176508,2022-06-23
8.54,18.16,2.36,1.129417555064553,2022-06-24
8.79,21.28,3.75,1.5429009980553623,2022-06-25
8.86,24.81,0.0,2.3603598778437185,2022-06-26
10.02,22.92,0.0,2.038263884643082,2022-06-27
8.95,22.56,1.06,2.0703671255116673,2022-06-28
12.39,24.63,0.0,2.042703958512037,2022-06-29
9.69,22.9,0.0,2.064153012029927,2022-06-30
7.83,23.8,0.0,2.299509185640948,2022-07-01
9.83,22.19,0.0,1.958302650642373,2022-07-02
10.55,23.49,0.0,2.0980441264620495,2022-07-03
12.57,19.57,0.0,1.1251045111703133,2022-07-04
12.01,17.88,3.25,0.6783277583428862,2022-07-05
12.69,24.05,0.0,2.0229719036056495,2022-07-06
11.92,23.9,3.09,1.6469454612902803,2022-07-07
16.51,31.54,3.03,2.1902753898704983,2022-07-08
16.42,29.1,2.04,1.8612109235816716,2022-07-09
13.71,24.92,5.56,1.547563212061139,2022-07-10
11.07,26.91,0.0,2.4263758650453906,2022-07-11
10.7,30.11,0.0,2.7408074064934307,2022-07-12
16.03,33.03,3.25,2.2626605868041625,2022-07-13
14.67,27.9,0.0,2.2266248785779355,2022-07-14
16.3,33.48,0.0,2.773323602954889,2022-07-15
15.1,35.15,0.0,2.9706593434076143,2022-07-16
15.96,30.55,0.0,2.4242186250490856,2022-07-17
14.33,29.13,19.09,1.9015316165901188,2022-07-18
15.62,28.5,6.08,1.5851672670684442,2022-07-19
12.6,24.66,0.0,1.7260745045360473,2022-07-20
10.86,28.09,0.0,2.285138645236603,2022-07-21
11.37,24.59,0.0,1.831165756381904,2022-07-22
8.74,21.57,0.0,1.6658824872221951,2022-07-23
7.76,28.2,0.0,2.405426590244459,2022-07-24
13.63,20.66,1.8,0.897577249928843,2022-07-25
10.39,24.05,0.0,1.8157879223345772,2022-07-26
7.83,25.53,0.0,2.1287072853753948,2022-07-27
8.14,27.8,0.0,2.314125265629115,2022-07-28
12.97,33.69,0.0,2.6409875286653435,2022-07-29
15.24,24.67,2.88,1.047705614870575,2022-07-30
13.53,26.87,4.3,1.44625426662095,2022-07-31
14.64,26.08,0.0,1.548487188115297,2022-08-01
13.22,24.11,0.0,1.413224068297553,2022-08-02
8.11,25.24,0.0,1.975801468017536,2022-08-03
11.26,33.53,0.0,2.574746814332435,2022-08-04
8.74,18.26,0.0,1.02651749611797,2022-08-05
4.95,22.96,0.0,1.88207841825422,2022-08-06
11.89,29.86,0.0,2.213160649335126,2022-08-07
11.1,32.6,0.0,2.4872595549149854,2022-08-08
9.48,25.54,0.0,1.8705117551685069,2022-08-09
9.85,25.79,0.0,1.8620741559615948,2022-08-10
15.46,25.83,0.0,1.2891489369066873,2022-08-11
11.59,31.46,0.0,2.4034153683660877,2022-08-12
15.73,32.69,2.74,1.8470962284499248,2022-08-13
15.31,30.27,0.0,1.9785796908374664,2022-08-14
12.17,29.43,0.0,2.1175012363126005,2022-08-15
13.74,34.15,0.0,2.495599053370558,2022-08-16
15.89,29.21,0.0,1.7617244084384684,2022-08-17
12.45,29.35,0.0,2.0861874833166953,2022-08-18
10.64,29.53,0.0,2.1876936336677586,2022-08-19
14.36,32.08,0.0,2.215201492148944,2022-08-20
12.55,34.21,0.0,2.4902403046649733,2022-08-21
16.13,25.77,0.0,1.1233487806142932,2022-08-22
13.53,26.79,0.0,1.607821948591477,2022-08-23
10.42,27.16,0.0,1.880938331268056,2022-08-24
10.45,28.8,0.0,2.0289264144054076,2022-08-25
12.53,28.47,7.08,1.5104961601057925,2022-08-26
13.58,30.74,0.0,1.968479970567811,2022-08-27
12.43,21.54,0.0,0.9519404391307948,2022-08-28
8.76,27.32,0.0,1.8886319664157505,2022-08-29
10.24,31.93,0.0,2.2087274427507313,2022-08-30
13.22,35.21,0.0,2.3331638877630536,2022-08-31
13.94,31.86,0.0,1.9567986703203968,2022-09-01
5.76,26.72,0.0,1.8791116744985723,2022-09-02
11.66,36.21,0.0,2.4148694433825453,2022-09-03
15.23,34.6,0.0,2.0793551906204324,2022-09-04
12.29,31.06,0.0,1.9065043244980664,2022-09-05
8.56,24.68,0.0,1.4913533126555991,2022-09-06
9.74,34.85,0.0,2.301955817713364,2022-09-07
6.81,19.21,0.0,1.0503503968480217,2022-09-08
3.28,16.98,0.0,1.0505115621551415,2022-09-09
1.79,23.02,0.0,1.6144322872369108,2022-09-10
8.13,32.29,0.0,2.1594798925584633,2022-09-11
8.82,22.9,0.0,1.2847847866244777,2022-09-12
8.23,15.19,1.12,0.5974300805042314,2022-09-13
7.28,15.47,1.28,0.6866120905862791,2022-09-14
5.19,16.74,0.0,0.9140848705933388,2022-09-15
10.22,20.35,0.0,0.9047199123185836,2022-09-16
7.6,22.77,0.0,1.3306175022054096,2022-09-17
5.4,22.19,0.0,1.4088408800272734,2022-09-18
8.24,17.25,3.68,0.6989455991541003,2022-09-19
4.6,13.71,0.0,0.7008962789149646,2022-09-20
-0.29,17.0,0.0,1.2105656450068911,2022-09-21
1.73,19.51,0.0,1.3609880383182362,2022-09-22
5.13,19.88,0.0,1.243256212019532,2022-09-23
5.98,21.41,0.0,1.3597025265078653,2022-09-24
1.94,21.69,0.0,1.5187875931160753,2022-09-25
6.52,22.85,0.0,1.4327366155701338,2022-09-26
5.73,25.29,0.0,1.6589411469890252,2022-09-27
8.42,30.14,0.0,1.9298824466674276,2022-09-28
7.63,29.8,0.0,1.9086174885775091,2022-09-29
10.87,23.14,0.0,1.099207190829709,2022-09-30
7.65,20.27,0.0,1.0340705060375015,2022-10-01
4.98,20.31,0.0,1.2018406464591995,2022-10-02
6.69,22.4,0.0,1.294504639897012,2022-10-03
7.17,25.82,0.0,1.5745087866838563,2022-10-04
2.79,11.71,0.0,0.6029538673292353,2022-10-05
-4.75,9.96,0.0,0.775886451461326,2022-10-06
-2.54,19.74,0.0,1.3724295313553183,2022-10-07
3.25,22.81,0.0,1.4738954535258402,2022-10-08
3.14,22.22,0.0,1.4612184421409178,2022-10-09
2.97,25.23,0.0,1.6568460707735115,2022-10-10
4.17,15.21,0.0,0.7765030717774069,2022-10-11
2.6,11.26,0.0,0.5623424143172147,2022-10-12
-0.06,13.98,0.0,0.906276264701851,2022-10-13
-2.55,15.31,0.8,1.0657321831126294,2022-10-14
-2.3,9.04,0.0,0.6106404076043739,2022-10-15
-4.26,8.36,0.0,0.6291215393192142,2022-10-16
-2.77,16.89,0.0,1.3060384110135714,2022-10-17
0.61,21.95,0.0,1.688613504112309,2022-10-18
2.11,21.32,0.0,1.614109018125217,2022-10-19
3.28,15.34,0.0,1.0453495185564343,2022-10-20
0.11,11.74,0.0,0.8566294891495623,2022-10-21
-4.34,11.04,2.77,0.8078181445298828,2022-10-22
-0.59,3.72,10.45,0.2190679145252795,2022-10-23
-2.38,0.96,0.0,0.1670367732835346,2022-10-24
-2.92,3.62,0.0,0.3223009285129307,2022-10-25
-4.37,6.55,0.0,0.5168903452369455,2022-10-26
-0.41,10.47,0.0,0.5953636668464407,2022-10-27
-0.57,10.26,0.0,0.5887793013281835,2022-10-28
-2.15,13.05,0.0,0.8819019200970694,2022-10-29
-1.18,14.77,0.0,1.0112107721386687,2022-10-30
-0.91,8.89,0.0,0.5260255505822853,2022-10-31
-0.31,8.44,0.0,0.4715595383630621,2022-11-01
-2.66,1.35,0.0,0.193948111265876,2022-11-02
-7.98,-2.37,0.0,0.2162806427860707,2022-11-03
-9.7,3.04,1.62,0.4947789853873149,2022-11-04
-5.55,3.01,9.81,0.360264208873694,2022-11-05
-12.65,-6.0,0.0,0.2074935818977494,2022-11-06
-15.75,-7.02,4.78,0.2217704378433555,2022-11-07
-18.45,-6.55,0.0,0.2808252393261451,2022-11-08
-24.3,-15.2,0.0,0.1442975456308093,2022-11-09
-24.62,-14.66,0.0,0.1554100405957753,2022-11-10
-21.74,-10.98,0.0,0.2036120411318987,2022-11-11
-21.69,-10.64,1.12,0.209492067432408,2022-11-12
-14.2,-6.03,0.0,0.234388674092154,2022-11-13
-11.55,-5.45,0.88,0.1979334608819016,2022-11-14
-10.86,-3.78,0.0,0.239213494878621,2022-11-15
-10.43,-2.59,0.6,0.2722782767074457,2022-11-16
-16.29,-10.1,0.0,0.1546360786413159,2022-11-17
-16.08,-6.71,0.0,0.2434890351454808,2022-11-18
-12.76,-4.37,0.0,0.2593429896125002,2022-11-19
-12.0,0.77,0.0,0.4149095129807183,2022-11-20
-11.58,1.55,0.89,0.4337427515439211,2022-11-21
-6.11,2.09,0.0,0.344298194399917,2022-11-22
-5.26,2.06,0.0,0.3165534555865911,2022-11-23
-6.89,3.57,0.0,0.4212479614206236,2022-11-24
-0.4,6.76,0.0,0.3720292224262083,2022-11-25
-4.13,2.77,0.0,0.3093008447612993,2022-11-26
-4.57,2.64,2.27,0.3028646546059026,2022-11-27
-10.72,-5.12,4.56,0.1747132073596609,2022-11-28
-16.81,-10.22,1.02,0.1554965147859669,2022-11-29
-21.55,-14.73,1.27,0.1199568057247266,2022-11-30
-23.97,-15.45,0.88,0.1298088017706462,2022-12-01
-29.84,-22.12,0.0,0.1,2022-12-02
-24.78,-11.2,0.0,0.2048166919154503,2022-12-03
-15.41,-3.29,0.0,0.3166304081740541,2022-12-04
-24.94,-14.17,0.0,0.1555927094443836,2022-12-05
-33.61,-21.93,0.0,0.1,2022-12-06
-34.71,-9.3,0.0,0.2246417400771387,2022-12-07
-15.82,-5.96,0.0,0.2453380984806344,2022-12-08
-11.79,-2.19,0.0,0.2951904603799806,2022-12-09
-17.63,-6.89,0.0,0.2419721706269303,2022-12-10
-10.48,-4.61,1.37,0.1881706713629955,2022-12-11
-12.45,-7.17,2.69,0.1462444226457192,2022-12-12
-16.06,-11.72,0.0,0.1007077652576292,2022-12-13
-17.9,-8.26,0.09,0.2117368397788641,2022-12-14
-16.89,-10.47,0.0,0.1452720781327431,2022-12-15
-20.79,-13.84,0.32,0.1243513213968063,2022-12-16
-20.78,-14.71,0.0,0.1072202701163026,2022-12-17
-25.91,-20.31,1.02,0.1,2022-12-18
-30.64,-23.51,1.8,0.1,2022-12-19
-35.35,-28.3,0.9,0.1,2022-12-20
-33.35,-27.37,0.6,0.1,2022-12-21
-31.96,-25.12,0.0,0.1,2022-12-22
-35.38,-21.2,0.0,0.1,2022-12-23
-23.77,-12.46,4.5,0.1692454090989851,2022-12-24
-16.65,-9.69,0.0,0.1613395175332177,2022-12-25
-15.4,-1.06,0.0,0.3739808208480268,2022-12-26
-11.71,-4.16,7.86,0.2219302551963287,2022-12-27
-16.48,-10.26,2.04,0.1390291660656572,2022-12-28
-15.13,-10.37,0.0,0.1181127168958787,2022-12-29
-17.08,-9.01,0.0,0.1845454729618141,2022-12-30
-19.3,-11.36,0.0,0.1589407034106361,2022-12-31
-19.46,-7.15,0.0,0.2501899869018928,2023-01-01
-15.39,-5.53,0.0,0.2493283532275186,2023-01-02
-15.16,-5.98,0.0,0.2348472176962173,2023-01-03
-18.55,-9.43,0.0,0.191784619034117,2023-01-04
-18.79,-10.56,0.0,0.1696631345832702,2023-01-05
-17.31,-6.63,0.0,0.2453487044819238,2023-01-06
-13.76,-4.31,0.0,0.262850175701975,2023-01-07
-14.79,-5.16,0.0,0.254033831343687,2023-01-08
-14.54,-5.02,0.0,0.2553070756235523,2023-01-09
-16.56,-9.93,0.0,0.1558494614361517,2023-01-10
-15.12,-9.5,0.0,0.1426870529904962,2023-01-11
-14.43,-7.59,0.0,0.1828178107360809,2023-01-12
-13.31,-4.24,0.0,0.2617920831882184,2023-01-13
-12.3,-5.58,0.0,0.2028839486394867,2023-01-14
-9.57,-7.03,0.0,0.1,2023-01-15
-9.58,-7.09,0.0,0.1,2023-01-16
-10.82,-7.72,0.0,0.1,2023-01-17
-8.37,-3.45,0.0,0.181966627904892,2023-01-18
-9.5,-4.05,0.0,0.1920898667090343,2023-01-19
-14.31,-4.87,0.0,0.2654208206016164,2023-01-20
-12.83,-1.44,0.0,0.3501160694228058,2023-01-21
-7.45,1.27,0.0,0.3531185642384842,2023-01-22
-12.87,-1.44,0.62,0.3886969952136844,2023-01-23
-11.08,-2.98,0.0,0.279051852471594,2023-01-24
-8.1,-0.98,1.94,0.2845162276693352,2023-01-25
-8.64,3.7,1.06,0.5958137331821429,2023-01-26
-19.78,-4.91,0.0,0.3437055039232644,2023-01-27
-24.61,-18.21,0.0,0.1,2023-01-28
-26.09,-19.44,0.0,0.1,2023-01-29
-26.58,-18.09,0.0,0.1179781059675892,2023-01-30
-24.0,-13.95,0.48,0.1698840622711624,2023-01-31
-24.16,-12.62,0.8,0.1960060898938055,2023-02-01
-28.97,-18.08,0.0,0.1326761403452235,2023-02-02
-19.88,-3.26,0.0,0.4259771487975361,2023-02-03
-7.99,-0.74,0.0,0.3703103095977952,2023-02-04
-10.88,1.15,0.0,0.5816373851474803,2023-02-05
-5.0,1.18,0.0,0.382296572829042,2023-02-06
-5.39,2.69,0.0,0.559616975381555,2023-02-07
-9.66,-0.57,0.19,0.4891739664652256,2023-02-08
-14.17,-2.91,0.0,0.453984253699713,2023-02-09
-10.02,4.4,0.0,0.7863236583227429,2023-02-10
-6.84,1.03,0.0,0.5180810783807356,2023-02-11
-7.84,1.22,0.0,0.5858877651676333,2023-02-12
-4.5,3.13,0.0,0.6098947055104276,2023-02-13
-17.49,-4.64,0.0,0.4358879087146202,2023-02-14
-17.81,-10.78,0.0,0.186009949763341,2023-02-15
-20.43,-2.64,0.0,0.5111008343632131,2023-02-16
-9.38,-0.8,0.0,0.5096277900320275,2023-02-17
-12.95,-4.62,0.0,0.3753735540419083,2023-02-18
-13.44,-7.65,1.53,0.1994956506925742,2023-02-19
-22.07,-11.74,0.0,0.2401286145481907,2023-02-20
-27.87,-18.74,0.0,0.1305652324098843,2023-02-21
-31.79,-25.77,0.0,0.1,2023-02-22
-30.02,-21.82,0.0,0.1006732618467845,2023-02-23
-31.25,-19.88,0.0,0.1327270200378038,2023-02-24
-28.68,-12.69,0.0,0.2562403958379265,2023-02-25
-18.9,-4.47,0.0,0.5149013715094002,2023-02-26
-16.26,-7.0,0.0,0.3854576598392563,2023-02-27
-21.59,-11.46,0.0,0.2747713852814795,2023-02-28
-21.11,-7.14,0.0,0.4305927998658368,2023-03-01
-13.34,0.18,0.0,0.7511186975183567,2023-03-02
-10.87,-1.01,0.0,0.6633142957830088,2023-03-03
-15.51,-6.01,0.0,0.4524052118785531,2023-03-04
-21.59,-11.62,0.0,0.2907833726810526,2023-03-05
-25.98,-14.15,0.0,0.2458866381487677,2023-03-06
-18.56,-12.98,0.0,0.1599538170561501,2023-03-07
-19.75,-14.09,0.0,0.1499895856050125,2023-03-08
-19.96,-11.05,0.0,0.3090220147258736,2023-03-09
-14.89,-7.05,2.7,0.3247120571036158,2023-03-10
-13.12,-6.88,2.73,0.2738124010629044,2023-03-11
-19.83,-9.1,0.0,0.4166367152657806,2023-03-12
-17.93,-3.95,0.0,0.6389887766065089,2023-03-13
-11.84,0.1,1.2,0.8618558833767691,2023-03-14
-15.8,-4.3,0.0,0.6336053565730975,2023-03-15
-15.9,-6.32,0.0,0.5297240424166411,2023-03-16
-21.49,-8.55,0.0,0.4650769539747635,2023-03-17
-19.59,-1.16,0.0,0.7575239035103283,2023-03-18
-15.06,-3.47,0.0,0.6998078900374161,2023-03-19
-13.08,-6.27,0.0,0.4649424355323564,2023-03-20
-15.47,-6.94,0.0,0.5046576569287322,2023-03-21
-16.77,-6.93,0.0,0.5378094303923805,2023-03-22
-15.4,1.86,0.0,0.9495789602492648,2023-03-23
-14.67,-4.09,0.0,0.6854133783516605,2023-03-24
-19.49,-4.24,0.0,0.6773136176555609,2023-03-25
-15.14,-6.76,0.0,0.5245169578179087,2023-03-26
-19.99,-9.22,0.0,0.4728150471027046,2023-03-27
-22.18,-6.79,0.0,0.5739014267354315,2023-03-28
-18.45,-1.49,0.0,0.8093767727186137,2023-03-29
-12.11,-1.84,0.0,0.8398227818499598,2023-03-30
-14.8,0.09,0.0,0.9227358234785452,2023-03-31
-9.72,2.37,0.0,1.0714724728161604,2023-04-01
-8.74,-3.45,2.75,0.4162396954833492,2023-04-02
-13.96,-8.18,1.5,0.4077059316205343,2023-04-03
-19.4,-7.0,0.0,0.6143548977037264,2023-04-04
-22.61,-5.94,0.0,0.6345122371416677,2023-04-05
-20.58,-4.35,0.0,0.7135960917789754,2023-04-06
-13.63,1.39,0.0,1.0120941390782758,2023-04-07
-4.88,5.73,0.0,1.276843223039324,2023-04-08
-0.2,7.53,0.0,1.340846868027172,2023-04-09
2.35,8.84,0.0,1.3790942838079108,2023-04-10
0.65,9.64,0.0,1.4922287245180956,2023-04-11
-0.18,8.69,0.0,1.443354119218529,2023-04-12
-2.36,7.69,0.0,1.40947918254814,2023-04-13
-0.87,9.36,0.0,1.5148567807105249,2023-04-14
-2.26,12.62,0.0,1.6788836939237597,2023-04-15
-1.06,15.25,0.0,1.8429774466425184,2023-04-16
2.74,16.65,0.0,1.9522213674915516,2023-04-17
-0.17,6.51,4.21,1.047264690873441,2023-04-18
-3.93,0.14,7.15,0.3994017062229699,2023-04-19
-4.7,-1.17,0.61,0.3325315400387828,2023-04-20
-5.13,2.38,0.0,0.9223037560808048,2023-04-21
-4.38,7.1,0.0,1.3904386016033918,2023-04-22
-5.08,9.45,0.0,1.5274656293769455,2023-04-23
-1.63,10.95,0.0,1.6374844063470864,2023-04-24
2.05,16.75,1.77,2.0148057675416324,2023-04-25
1.33,15.1,0.0,1.9101705028764304,2023-04-26
1.63,10.88,0.0,1.6079234308841124,2023-04-27
-0.69,18.72,0.0,2.1193184560438887,2023-04-28
-1.15,16.11,0.0,1.9704555105502868,2023-04-29
-2.11,16.09,0.0,1.9599553332675483,2023-04-30
-0.23,20.17,0.0,2.217070682841816,2023-05-01
3.23,26.15,0.0,2.6016119551344787,2023-05-02
5.93,26.81,0.0,2.6759153992028435,2023-05-03
6.06,27.04,0.0,2.693483337470937,2023-05-04
4.61,19.64,0.0,2.2177581279396037,2023-05-05
4.34,17.47,0.0,2.06687053387584,2023-05-06
7.37,18.49,0.0,2.099278674562949,2023-05-07
7.09,19.46,0.0,2.1914491512590706,2023-05-08
3.54,20.78,0.0,2.315184054003263,2023-05-09
7.11,21.35,0.0,2.335495215359359,2023-05-10
5.69,21.56,0.0,2.364381721990502,2023-05-11
8.54,18.66,0.0,2.0694633143881895,2023-05-12
4.82,24.24,0.0,2.5492024654724137,2023-05-13
5.99,26.24,0.0,2.681959735267139,2023-05-14
9.8,27.67,0.0,2.775843826139249,2023-05-15
9.84,30.64,0.0,2.978587921285087,2023-05-16
6.0,17.17,0.0,2.00632493695578,2023-05-17
3.65,16.24,0.0,1.977614823185282,2023-05-18
1.23,26.05,0.0,2.6250264103657317,2023-05-19
10.72,25.59,0.0,2.5871305228390873,2023-05-20
6.78,24.68,0.0,2.5697528825730704,2023-05-21
11.9,30.89,3.6,2.724509216251178,2023-05-22
11.57,24.43,2.14,2.272182213893446,2023-05-23
10.13,21.9,12.07,2.1105804510893313,2023-05-24
12.24,16.12,2.99,0.4385927001303469,2023-05-25
10.43,19.7,0.0,1.873015247165592,2023-05-26
8.13,17.67,5.74,1.4249208066816774,2023-05-27
12.84,21.19,0.0,1.7445734922155232,2023-05-28
10.12,26.74,0.0,2.7340244954458885,2023-05-29
10.92,28.67,1.99,2.8751493679481652,2023-05-30
11.66,30.71,0.0,3.0216423419662255,2023-05-31
14.0,27.08,0.0,2.6789088907673095,2023-06-01
12.8,23.06,0.0,2.1855549662560936,2023-06-02
16.27,26.24,8.43,1.8832517460418887,2023-06-03
15.14,30.38,0.0,2.9687537152186243,2023-06-04
17.2,32.81,0.0,3.1131610783355845,2023-06-05
15.94,27.4,0.0,2.486324822861905,2023-06-06
12.64,28.91,0.0,2.9099126663661283,2023-06-07
13.41,29.69,0.0,2.960421065392533,2023-06-08
11.41,25.45,0.0,2.64709282741691,2023-06-09
9.79,24.31,0.0,2.595886870686108,2023-06-10
10.41,28.29,0.0,2.8989581604775556,2023-06-11
12.42,30.46,0.0,3.0390632722588258,2023-06-12
12.84,30.84,0.0,3.065519150945171,2023-06-13
12.93,29.51,2.81,2.6306302402638906,2023-06-14
9.59,18.56,0.0,1.7398468249356045,2023-06-15
6.88,24.96,0.0,2.6926310105162776,2023-06-16
12.12,21.52,0.0,1.9685977152372791,2023-06-17
8.03,24.41,20.26,2.283799005657276,2023-06-18
9.62,22.46,0.0,2.1746026443624435,2023-06-19
8.42,22.44,0.0,2.268256436080242,2023-06-20
8.2,20.23,0.0,1.9896238370766208,2023-06-21
7.37,23.82,0.0,2.4866545121877475,2023-06-22
8.34,26.26,0.0,2.6977414838084437,2023-06-23
9.31,26.84,0.0,2.707182493652383,2023-06-24
11.1,29.51,0.0,2.906629994017544,2023-06-25
11.76,26.24,0.0,2.480392812691335,2023-06-26
11.34,28.27,0.0,2.740118328946872,2023-06-27
11.61,25.15,0.0,2.3220967608103296,2023-06-28
10.66,27.7,0.0,2.709881363607671,2023-06-29
13.67,30.05,0.0,2.8305991198506257,2023-06-30
14.1,32.39,0.0,3.0599671905919745,2023-07-01
12.18,22.76,0.0,1.8835358417894756,2023-07-02
9.94,21.21,0.0,1.894943461299791,2023-07-03
7.94,19.07,0.0,1.7624906159939753,2023-07-04
5.93,23.92,0.0,2.4926851399208636,2023-07-05
8.48,26.37,0.0,2.658291246955433,2023-07-06
8.25,24.8,0.0,2.493379372488091,2023-07-07
8.79,28.01,0.0,2.7992968347960545,2023-07-08
11.57,30.25,0.0,2.929822806641557,2023-07-09
9.78,23.41,0.0,2.201351692459414,2023-07-10
9.15,21.94,0.0,2.0458587774158468,2023-07-11
9.48,24.68,0.0,2.397218816975848,2023-07-12
11.49,25.88,0.0,2.4228712253505424,2023-07-13
10.82,21.91,0.0,1.883827804083702,2023-07-14
8.44,24.14,0.0,2.3769605462948955,2023-07-15
7.95,23.35,0.0,2.3065220324411277,2023-07-16
8.5,26.78,6.68,2.1988285581937568,2023-07-17
12.11,19.77,5.26,0.9076795385828504,2023-07-18
13.02,24.11,0.0,1.959952502081584,2023-07-19
10.77,27.13,0.0,2.5819361240482013,2023-07-20
11.32,29.06,0.0,2.7540368273629037,2023-07-21
11.69,29.24,0.0,2.747816981272926,2023-07-22
14.08,30.53,0.0,2.765078666032532,2023-07-23
15.78,34.55,0.0,3.108312133867278,2023-07-24
18.31,33.67,0.0,2.8640892260964206,2023-07-25
12.02,26.69,0.0,2.4170291891859113,2023-07-26
9.23,21.39,0.0,1.8961045606738691,2023-07-27
8.08,21.33,0.0,1.9780906381246572,2023-07-28
5.94,23.91,0.0,2.368528993373642,2023-07-29
8.52,29.75,0.0,2.829863626929745,2023-07-30
15.48,32.9,0.0,2.903911600557793,2023-07-31
12.38,32.2,0.0,2.934793139396511,2023-08-01
12.67,30.8,0.0,2.7661282302714247,2023-08-02
13.67,36.73,0.0,3.2443793474700127,2023-08-03
13.93,27.69,0.0,2.260751100305371,2023-08-04
9.62,27.24,0.0,2.47809776927444,2023-08-05
9.25,27.27,0.0,2.482710114954919,2023-08-06
9.43,28.25,0.0,2.5637136627630195,2023-08-07
9.58,24.22,1.56,2.102394820388067,2023-08-08
11.15,19.82,10.0,0.928768972221508,2023-08-09
11.95,24.25,6.04,1.4071499432631642,2023-08-10
12.01,21.89,0.0,1.3285963101071363,2023-08-11
9.57,23.68,4.52,1.4900526780970134,2023-08-12
9.77,26.06,0.0,2.0631733572234094,2023-08-13
12.41,33.51,0.0,2.6608007698705194,2023-08-14
14.55,30.06,4.84,1.7550560028675868,2023-08-15
11.7,23.23,0.0,1.458139522671072,2023-08-16
8.55,31.31,0.0,2.5046719357688536,2023-08-17
14.21,25.08,0.0,1.3903729820741997,2023-08-18
8.23,20.54,0.0,1.3849057166266836,2023-08-19
4.2,21.98,2.52,1.4870677571163482,2023-08-20
12.25,18.81,17.33,0.6330080759650624,2023-08-21
13.19,17.47,11.51,0.4276062703288426,2023-08-22
13.64,23.42,0.0,1.1232595732198396,2023-08-23
10.54,22.91,0.0,1.42185675425403,2023-08-24
10.12,21.11,0.0,1.2120085284509825,2023-08-25
9.42,29.49,0.0,2.2045721479177285,2023-08-26
11.37,27.84,0.0,1.9315966319586544,2023-08-27
10.61,30.53,0.0,2.213965403466291,2023-08-28
12.33,31.85,0.0,2.2569569340405193,2023-08-29
14.91,28.09,0.0,1.6419460635117715,2023-08-30
12.51,21.3,4.73,0.8332138241224059,2023-08-31
13.19,27.37,0.0,1.676839336920838,2023-09-01
13.06,28.44,0.0,1.8673759499920728,2023-09-02
8.29,30.54,0.0,2.2459691023221975,2023-09-03
9.43,20.88,0.0,1.2189361282850888,2023-09-04
1.98,17.23,0.0,1.3196351692280752,2023-09-05
8.54,23.74,0.0,1.6064703084619594,2023-09-06
7.65,21.16,0.0,1.3750070074140717,2023-09-07
3.34,22.5,0.0,1.6775876803130487,2023-09-08
7.34,23.89,0.0,1.6285688171445352,2023-09-09
6.9,24.63,0.0,1.693796917135547,2023-09-10
6.7,22.18,0.0,1.4572909078691796,2023-09-11
8.2,28.31,0.0,1.9197141755968696,2023-09-12
11.11,22.97,0.5,1.2048531032212193,2023-09-13
7.37,19.91,0.0,1.152882179650912,2023-09-14
4.83,22.11,0.0,1.499941659828268,2023-09-15
6.5,29.72,0.0,2.021298278002131,2023-09-16
7.38,31.17,0.0,2.2114469505205525,2023-09-17
9.38,27.03,0.0,1.8047865783434944,2023-09-18
5.97,18.59,0.0,1.1406048805936475,2023-09-19
5.09,20.35,0.0,1.3533989690865134,2023-09-20
2.92,21.6,0.0,1.5227371587473957,2023-09-21
4.28,22.82,0.0,1.5561685796959404,2023-09-22
9.81,20.69,0.0,0.9669144897944032,2023-09-23
10.68,23.98,0.0,1.2711674419621597,2023-09-24
6.89,26.31,0.0,1.702188332324729,2023-09-25
12.4,29.57,0.0,1.7048913783972004,2023-09-26
10.23,23.72,0.0,1.2381769882101956,2023-09-27
5.87,19.7,0.0,1.119350565947716,2023-09-28
2.4,18.53,1.71,1.1795320496405068,2023-09-29
2.15,10.72,15.74,0.5332294034033779,2023-09-30
7.19,9.54,5.19,0.176502191282476,2023-10-01
6.53,13.77,2.06,0.5129861290618944,2023-10-02
5.04,16.15,0.0,0.8161850995597101,2023-10-03
2.86,14.12,1.16,0.7723298760648941,2023-10-04
-0.64,8.44,0.0,0.5520040908558256,2023-10-05
-4.75,11.36,0.0,0.8437424188667169,2023-10-06
4.22,21.52,0.0,1.188337252504057,2023-10-07
3.28,22.75,0.0,1.28450834593418,2023-10-08
3.92,22.05,0.0,1.2173723316270453,2023-10-09
3.41,20.76,0.0,1.148217245651017,2023-10-10
4.09,16.48,0.0,0.8463494499156023,2023-10-11
2.31,10.3,0.0,0.517749968231866,2023-10-12
-1.75,12.31,0.0,0.7914553205198488,2023-10-13
-0.07,12.34,0.0,0.7367069627312534,2023-10-14
-0.4,15.55,0.0,0.9270462636128082,2023-10-15
1.6,18.3,0.0,1.0259001451737688,2023-10-16
7.75,19.57,0.0,0.8703512449248109,2023-10-17
2.88,15.57,0.0,0.8152294545660932,2023-10-18
3.91,21.73,0.0,1.1452166057631037,2023-10-19
4.15,15.22,0.0,0.732582080144072,2023-10-20
-2.76,11.0,0.0,0.7226472682711019,2023-10-21
1.38,10.58,0.0,0.5571465997654244,2023-10-22
-3.8,2.09,3.32,0.2716185196496244,2023-10-23
-11.31,-4.0,0.0,0.2552821437014507,2023-10-24
-15.55,-5.0,0.0,0.3020670732741169,2023-10-25
-12.91,-4.06,0.0,0.2875930816284584,2023-10-26
-8.11,-2.98,0.59,0.2112687827107095,2023-10-27
-10.82,-3.03,0.55,0.2858099548631467,2023-10-28
-8.83,-0.55,0.0,0.3353068786547619,2023-10-29
-13.4,-3.98,0.0,0.3034572726517464,2023-10-30
-13.44,1.95,0.0,0.5045174593228055,2023-10-31
-8.74,-0.08,0.0,0.344328038134055,2023-11-01
-6.46,3.75,0.0,0.4505151840014069,2023-11-02
-5.25,1.29,0.0,0.2982210840103089,2023-11-03
-5.32,3.49,1.74,0.4030618911954021,2023-11-04
-0.24,2.42,0.92,0.1443446118168873,2023-11-05
0.47,2.87,0.0,0.1339027510529218,2023-11-06
0.01,2.76,4.33,0.1423082494556835,2023-11-07
-1.07,4.07,0.99,0.2721735624725152,2023-11-08
-5.47,0.42,0.0,0.2609210115622403,2023-11-09
-7.29,2.72,0.0,0.41113822073456,2023-11-10
-3.09,8.03,0.0,0.5395305183163027,2023-11-11
-2.65,8.77,0.0,0.5607685420811389,2023-11-12
-3.7,8.92,0.0,0.5912295341782609,2023-11-13
-2.33,7.81,0.0,0.5018142700365317,2023-11-14
-5.41,6.49,0.0,0.5188266230915833,2023-11-15
-9.47,3.57,0.0,0.4756366625973519,2023-11-16
-3.46,11.52,0.0,0.6951462103181768,2023-11-17
-2.74,13.71,0.0,0.7775325266951296,2023-11-18
-1.36,11.76,0.0,0.6542546801064182,2023-11-19
-4.01,5.61,0.0,0.4365897568655656,2023-11-20
-9.49,7.13,0.0,0.5976306911447654,2023-11-21
-9.86,-1.16,0.0,0.3007006335016423,2023-11-22
-17.33,-6.73,0.0,0.2481733560449074,2023-11-23
-12.55,1.15,0.0,0.4199069043593911,2023-11-24
-8.63,0.96,0.0,0.3483545280314302,2023-11-25
-14.87,-4.69,0.31,0.2738691453279331,2023-11-26
-8.55,1.1,0.0,0.354548708671369,2023-11-27
-4.77,5.74,0.0,0.4469320043178731,2023-11-28
-5.91,3.04,0.0,0.3612406246713537,2023-11-29
-9.63,-1.05,0.0,0.2916556082800323,2023-11-30
-14.59,-0.54,0.0,0.3818859555997287,2023-12-01
-12.32,-0.39,0.0,0.3590433104711035,2023-12-02
-14.09,0.21,0.0,0.3970845662534674,2023-12-03
-9.06,0.6,0.0,0.3347604986753457,2023-12-04
-9.15,7.08,0.0,0.5714194298132167,2023-12-05
-3.9,6.77,0.0,0.459949177580701,2023-12-06
-0.52,3.25,1.15,0.1810829603892183,2023-12-07
-6.54,0.21,0.0,0.2553111442634547,2023-12-08
-9.63,-0.94,0.0,0.2873139495570405,2023-12-09
-8.16,0.97,0.0,0.3240662246957995,2023-12-10
-11.98,-1.89,0.0,0.299119293161706,2023-12-11
-13.94,0.62,0.0,0.402121727517385,2023-12-12
-6.82,8.06,0.0,0.5702745376855269,2023-12-13
-4.25,6.57,0.0,0.4553457281572396,2023-12-14
-5.1,4.31,0.0,0.380643459509501,2023-12-15
-4.03,4.23,0.0,0.3484036993705089,2023-12-16
-10.34,1.13,0.0,0.3710531860274949,2023-12-17
-11.12,1.85,0.0,0.4073181895070061,2023-12-18
-4.1,-1.11,0.0,0.1230868909177256,2023-12-19
-5.57,5.04,0.0,0.4235259349215973,2023-12-20
-7.04,3.18,0.0,0.3832418297954295,2023-12-21
-6.25,9.08,0.0,0.6016632109652302,2023-12-22
-5.59,2.63,0.0,0.3254188308856378,2023-12-23
-12.3,0.1,0.0,0.3672503894410515,2023-12-24
-11.02,3.75,0.0,0.4705465355160371,2023-12-25
-9.68,6.66,0.0,0.5567650271777738,2023-12-26
-8.31,5.72,0.0,0.5036119571050963,2023-12-27
-8.26,8.84,0.0,0.6212409103232381,2023-12-28
-8.63,2.92,0.0,0.4047596475268401,2023-12-29
-13.31,0.32,0.0,0.3859907915456111,2023-12-30
-9.49,3.43,0.0,0.4383279121476448,2023-12-31
