MinTemp,MaxTemp,Precipitation,ReferenceET,Date
-31.36,-14.19,0.0,0.1685864337184046,2018-01-01
-19.78,-5.3,0.0,0.2941953744079043,2018-01-02
-14.86,-3.52,0.0,0.2961316734596034,2018-01-03
-14.19,-6.7,0.0,0.1965695447551187,2018-01-04
-14.25,-7.7,0.0,0.170101749174448,2018-01-05
-13.49,-0.1,0.0,0.3832084339811354,2018-01-06
-9.3,0.78,0.0,0.3480380778703038,2018-01-07
-10.09,-2.68,0.0,0.2426567282284581,2018-01-08
-13.23,-1.97,0.0,0.3236440817524729,2018-01-09
-24.87,-16.21,0.33,0.120713915525125,2018-01-10
-30.14,-22.08,0.0,0.1,2018-01-11
-31.67,-20.33,0.0,0.1014940116394637,2018-01-12
-28.06,-9.58,0.0,0.2373026965975821,2018-01-13
-23.73,-9.95,0.0,0.2230788424659843,2018-01-14
-29.78,-16.09,0.0,0.1470325477145663,2018-01-15
-20.81,-2.22,0.0,0.3795765450226744,2018-01-16
-9.43,4.46,0.43,0.5357023139620121,2018-01-17
-7.98,7.77,0.0,0.6906556149669905,2018-01-18
-5.27,3.99,0.0,0.3944221089658359,2018-01-19
-8.39,0.17,0.0,0.3177801578934637,2018-01-20
-12.02,-2.65,0.0,0.2940532877664661,2018-01-21
-10.91,1.84,0.0,0.4652603082027321,2018-01-22
-10.68,-1.47,0.0,0.3111531018584473,2018-01-23
-10.49,-4.28,0.0,0.2080160263549994,2018-01-24
-10.51,-3.38,0.0,0.2416108884392594,2018-01-25
-13.19,-7.99,0.78,0.1507492153276159,2018-01-26
-21.07,-13.16,0.0,0.1490779031201542,2018-01-27
-23.61,-15.5,0.28,0.130210217953,2018-01-28
-24.27,-4.79,0.0,0.3432211424153831,2018-01-29
-12.91,2.28,0.0,0.5576632931791066,2018-01-30
-24.35,-13.39,0.0,0.1764388565766584,2018-01-31
-27.16,-16.34,0.0,0.1443673290749259,2018-02-01
-22.29,-18.13,2.11,0.1,2018-02-02
-27.82,-21.07,1.4,0.1,2018-02-03
-28.24,-16.94,0.0,0.1431670360533531,2018-02-04
-26.12,-15.43,0.0,0.1568961659223686,2018-02-05
-27.59,-17.55,0.0,0.1326605637051253,2018-02-06
-28.45,-15.36,0.0,0.1694372110510151,2018-02-07
-27.27,-17.54,0.0,0.1322912375958804,2018-02-08
-28.63,-15.81,0.0,0.1650661337896925,2018-02-09
-20.68,-9.01,0.0,0.2619804868947423,2018-02-10
-28.58,-15.4,0.0,0.1725475022927297,2018-02-11
-32.04,-13.07,0.0,0.2089390162397251,2018-02-12
-18.25,1.97,0.0,0.6532691656846837,2018-02-13
-16.0,1.25,1.54,0.6459564207954546,2018-02-14
-28.49,-13.54,0.0,0.2054488591419101,2018-02-15
-21.25,-5.1,0.0,0.4196979158889688,2018-02-16
-19.29,-10.65,0.0,0.2065128270194594,2018-02-17
-23.52,-13.03,0.0,0.1965124247250323,2018-02-18
-27.99,-14.28,0.0,0.1983414444698554,2018-02-19
-24.01,-12.26,0.0,0.2282673079016291,2018-02-20
-30.57,-10.4,0.0,0.2793661067845759,2018-02-21
-24.55,-8.04,0.0,0.3547236198496992,2018-02-22
-20.32,-5.82,0.0,0.4255934289025826,2018-02-23
-16.1,-1.69,0.0,0.5855775233586128,2018-02-24
-16.83,-2.26,0.0,0.5659192556174352,2018-02-25
-15.51,-4.86,0.0,0.4280348694371171,2018-02-26
-15.09,-2.42,0.0,0.5569694587482001,2018-02-27
-14.17,0.22,0.0,0.6979157881107422,2018-02-28
-17.81,-3.61,0.0,0.5361459959960106,2018-03-01
-15.2,-4.73,0.0,0.4571255841479555,2018-03-02
-8.61,-4.14,3.5,0.1814985851114882,2018-03-03
-11.07,-5.14,5.32,0.2158968230270667,2018-03-04
-14.39,-8.82,1.14,0.1874530668969841,2018-03-05
-17.92,-7.16,0.0,0.4077073922872277,2018-03-06
-23.82,-7.26,0.0,0.4333640503616777,2018-03-07
-23.94,-7.77,0.0,0.4203958640472602,2018-03-08
-13.82,-2.87,0.0,0.5930325193962355,2018-03-09
-12.56,-1.04,0.0,0.6948874029666273,2018-03-10
-14.19,2.28,0.0,0.8943692605574155,2018-03-11
-15.64,-0.8,0.0,0.740882319651896,2018-03-12
-15.61,1.7,0.0,0.8673049429351231,2018-03-13
-15.26,-1.22,0.0,0.7346430352262224,2018-03-14
-10.83,-3.14,0.0,0.5256158387313744,2018-03-15
-7.4,1.33,0.0,0.806728922649598,2018-03-16
-4.15,-0.38,2.45,0.2087934363391696,2018-03-17
-6.78,0.18,0.0,0.6453806057776533,2018-03-18
-9.13,-0.96,0.0,0.6718229716182128,2018-03-19
-7.94,1.32,0.0,0.848481810330637,2018-03-20
-11.16,2.21,0.0,0.9813904140907714,2018-03-21
-9.54,0.88,0.0,0.8789958060077171,2018-03-22
-4.9,0.64,4.54,0.4584654243611892,2018-03-23
-8.4,3.07,0.0,1.0069676869728554,2018-03-24
-6.54,1.43,0.34,0.8072581982723899,2018-03-25
-8.07,3.56,0.0,1.0644625662191798,2018-03-26
-10.75,1.16,0.39,0.930349261972495,2018-03-27
-15.92,-2.6,0.0,0.7280242627980954,2018-03-28
-20.49,-7.91,0.53,0.4907873737910055,2018-03-29
-23.09,-12.18,0.0,0.3433630050604538,2018-03-30
-21.96,-9.4,0.0,0.4561865860132345,2018-03-31
-19.19,-5.48,0.0,0.6258552270847707,2018-04-01
-21.01,-5.16,0.0,0.6297481983652544,2018-04-02
-18.03,-4.89,0.0,0.6565273814615923,2018-04-03
-18.74,-3.21,0.0,0.7335759013315393,2018-04-04
-19.19,-9.2,0.0,0.4466996121374929,2018-04-05
-23.73,-9.18,0.0,0.4774671500268798,2018-04-06
-22.21,-4.8,0.0,0.6506162766260801,2018-04-07
-13.35,-2.68,0.0,0.7772978263814255,2018-04-08
-8.07,0.13,0.0,0.8705112757379522,2018-04-09
-11.26,5.93,0.0,1.2570477769113126,2018-04-10
-3.74,0.75,0.81,0.6072207424661362,2018-04-11
-6.05,-0.82,0.0,0.6372146903733402,2018-04-12
-6.78,1.48,0.0,1.0188485251746584,2018-04-13
-2.64,6.8,0.0,1.376272596324753,2018-04-14
-4.09,7.97,0.0,1.4662116748348686,2018-04-15
-0.79,5.05,2.25,0.8267286286835626,2018-04-16
-1.88,2.04,5.03,0.4063518441730792,2018-04-17
-5.24,10.08,0.0,1.5944342827268454,2018-04-18
-1.69,12.5,0.0,1.7666355610389777,2018-04-19
-0.23,17.72,0.0,2.095359111161634,2018-04-20
1.06,18.9,0.0,2.1818648286325777,2018-04-21
3.28,13.7,0.0,1.8132279547560908,2018-04-22
-0.48,13.3,0.0,1.824843724501385,2018-04-23
-1.06,20.87,0.0,2.189128209910899,2018-04-24
2.63,17.33,0.0,2.024756424459631,2018-04-25
-0.79,21.63,0.0,2.2429954578321474,2018-04-26
-0.83,16.74,0.0,1.9748569673698289,2018-04-27
1.79,26.96,0.0,2.5808971635116413,2018-04-28
5.99,20.11,0.0,2.197310976746987,2018-04-29
0.28,12.13,0.0,1.676093273962029,2018-04-30
-2.61,17.09,0.0,1.984312655632417,2018-05-01
0.76,18.79,0.0,2.126429713422475,2018-05-02
5.12,21.49,0.0,2.3166297967618807,2018-05-03
3.31,23.85,0.0,2.4635261518062026,2018-05-04
4.39,24.49,0.0,2.512472112938004,2018-05-05
4.65,27.42,0.0,2.691914112645457,2018-05-06
10.29,26.72,0.0,2.654732556486777,2018-05-07
7.71,16.62,6.27,1.644832608327402,2018-05-08
2.69,13.77,0.0,1.7698174629769567,2018-05-09
2.09,10.14,2.56,1.0542766822959664,2018-05-10
3.85,10.45,1.04,1.1204254305854775,2018-05-11
1.76,20.46,0.0,2.269119750645191,2018-05-12
6.67,26.31,0.0,2.666816102174564,2018-05-13
3.16,25.2,0.0,2.57464337277357,2018-05-14
10.52,31.57,0.0,3.005436710786416,2018-05-15
9.66,27.37,1.03,2.7146666657433656,2018-05-16
7.08,14.07,3.69,0.9898027870178444,2018-05-17
3.14,18.77,0.0,2.1404233035923093,2018-05-18
2.64,22.36,0.0,2.394729727442198,2018-05-19
3.26,25.68,0.0,2.6151299244185484,2018-05-20
10.8,30.28,0.0,2.9270599472127543,2018-05-21
10.03,27.33,0.0,2.715619931292123,2018-05-22
10.15,30.05,3.02,2.670647492812383,2018-05-23
12.31,27.13,1.94,2.6584232529327827,2018-05-24
10.63,26.64,0.0,2.660438802159583,2018-05-25
9.75,29.8,1.81,2.918283542422962,2018-05-26
9.06,25.68,0.0,2.621057157119745,2018-05-27
9.08,31.36,0.0,3.036628333456647,2018-05-28
13.4,25.96,0.0,2.533113386636631,2018-05-29
9.47,22.42,6.61,1.936095835873483,2018-05-30
9.05,13.96,0.0,0.6941016000865929,2018-05-31
8.2,13.0,7.52,0.4641664491373304,2018-06-01
7.2,18.2,0.0,1.81038706583712,2018-06-02
7.26,23.93,0.0,2.5617969603762387,2018-06-03
9.56,27.66,3.49,2.5407624652177665,2018-06-04
9.12,20.91,0.0,2.1536499638399973,2018-06-05
6.06,27.43,0.0,2.826905339673507,2018-06-06
8.6,27.78,0.0,2.8452881933802416,2018-06-07
13.12,25.38,0.0,2.468806497971815,2018-06-08
13.06,30.94,0.0,3.023613001047993,2018-06-09
12.5,24.48,0.0,2.351732918764852,2018-06-10
7.06,17.27,0.0,1.722254529708478,2018-06-11
7.28,21.74,0.0,2.379350304032512,2018-06-12
7.25,25.98,0.0,2.7318348677184088,2018-06-13
8.73,24.13,1.49,2.57669701719936,2018-06-14
9.23,23.58,0.0,2.5196036765304175,2018-06-15
6.98,21.9,0.0,2.4195104156014855,2018-06-16
7.7,25.68,0.0,2.708611286276964,2018-06-17
8.68,27.87,0.0,2.864871195525016,2018-06-18
10.37,27.84,0.0,2.850300349534642,2018-06-19
10.69,29.99,0.0,3.008369540229512,2018-06-20
12.09,30.08,0.0,2.9979426815577597,2018-06-21
14.23,29.4,0.0,2.899179595480271,2018-06-22
12.79,27.17,5.22,2.417611987603083,2018-06-23
15.64,26.69,0.0,2.4822313615501908,2018-06-24
14.35,30.17,0.0,2.971003351989547,2018-06-25
12.23,24.59,0.0,2.517147186456384,2018-06-26
6.82,25.41,0.0,2.7146555010965576,2018-06-27
7.36,23.76,0.0,2.583252279774566,2018-06-28
9.54,23.83,0.0,2.548767495269075,2018-06-29
11.89,25.05,4.27,2.1333768317950383,2018-06-30
11.17,20.12,10.84,1.343076451080396,2018-07-01
8.6,22.24,3.84,1.7963620626843728,2018-07-02
7.52,20.57,4.29,1.6302509806204473,2018-07-03
10.94,19.41,2.37,1.057779055415328,2018-07-04
8.0,25.17,0.0,2.500030133338291,2018-07-05
13.94,32.91,0.0,3.0842388657099953,2018-07-06
14.04,30.66,0.38,2.834234961106623,2018-07-07
10.78,24.16,1.55,2.198340462471709,2018-07-08
8.96,27.38,0.0,2.6688853418312903,2018-07-09
13.01,29.44,8.47,2.2130066930505135,2018-07-10
14.85,25.36,0.94,1.7998368831791245,2018-07-11
14.96,28.32,0.0,2.2843187993791214,2018-07-12
14.44,31.44,0.0,2.7477973270064715,2018-07-13
12.01,21.21,0.0,1.4338673027510491,2018-07-14
8.71,24.3,0.0,2.240341135570112,2018-07-15
7.1,26.32,0.0,2.524731366706355,2018-07-16
10.23,34.28,0.0,3.171620563117614,2018-07-17
15.47,29.82,0.0,2.5025584361872584,2018-07-18
13.7,28.0,0.0,2.4027858602195553,2018-07-19
13.05,29.34,0.0,2.62438934789609,2018-07-20
15.94,26.52,0.0,1.9094630561406745,2018-07-21
11.55,23.24,0.0,1.9044288775839096,2018-07-22
10.13,22.77,0.0,1.9727108838309095,2018-07-23
8.49,23.07,0.0,2.1255302144823993,2018-07-24
8.86,22.35,0.0,2.002858500283484,2018-07-25
7.03,23.95,0.0,2.280520737611961,2018-07-26
9.68,24.55,0.0,2.212297626565965,2018-07-27
9.05,27.05,0.0,2.51047726345154,2018-07-28
8.76,29.39,0.0,2.7159769422671616,2018-07-29
11.94,32.44,0.0,2.890816146504806,2018-07-30
11.55,24.71,0.0,2.014473105520352,2018-07-31
8.16,28.16,1.08,2.5720118872143565,2018-08-01
14.46,30.51,6.54,2.042602699197112,2018-08-02
12.99,28.01,3.36,1.790489794688173,2018-08-03
13.29,23.1,1.62,1.3921467139903778,2018-08-04
13.04,23.51,0.0,1.494471311005286,2018-08-05
10.85,29.19,0.0,2.426906833963764,2018-08-06
12.64,30.03,0.0,2.459851158438175,2018-08-07
11.53,29.67,0.0,2.4679200326895057,2018-08-08
12.88,33.72,0.0,2.804179330016507,2018-08-09
14.19,38.3,0.0,3.1220388392209637,2018-08-10
14.76,32.13,0.0,2.5139934537460302,2018-08-11
12.33,22.88,0.0,1.4546525635520102,2018-08-12
8.02,17.06,0.0,1.037326743529487,2018-08-13
3.78,27.89,0.0,2.427548832195661,2018-08-14
10.67,28.25,0.0,2.2852993132429393,2018-08-15
9.5,27.34,0.0,2.2749850868416663,2018-08-16
9.75,31.26,0.0,2.6068426406426104,2018-08-17
10.54,24.38,0.0,1.828970783465469,2018-08-18
3.67,23.75,0.0,2.077705133607016,2018-08-19
4.76,23.66,0.0,2.022563161228926,2018-08-20
5.18,27.52,0.0,2.3188453313500172,2018-08-21
10.36,31.16,0.0,2.5072717909105573,2018-08-22
8.53,26.08,0.0,2.0922105094598087,2018-08-23
7.75,18.93,0.0,1.26306782347803,2018-08-24
7.27,18.84,0.0,1.3087158679533466,2018-08-25
7.36,18.35,4.82,0.964732064500172,2018-08-26
7.84,13.64,6.43,0.4868716815351941,2018-08-27
6.13,18.38,0.0,1.267390428298124,2018-08-28
6.25,27.16,0.0,2.1932514836228623,2018-08-29
9.37,22.92,1.14,1.596911192331678,2018-08-30
7.35,20.11,0.0,1.457142491975034,2018-08-31
6.4,19.54,0.0,1.4507042227936302,2018-09-01
3.16,20.16,0.0,1.6718883619965796,2018-09-02
4.83,20.58,0.0,1.652869075206866,2018-09-03
2.34,14.15,0.0,1.0850282739974813,2018-09-04
-0.64,21.79,0.0,1.848545880433632,2018-09-05
3.23,24.61,0.0,2.002244083450694,2018-09-06
6.77,24.73,0.0,1.907160374165273,2018-09-07
10.89,26.36,0.0,1.850003995477256,2018-09-08
8.35,21.56,0.0,1.4691977040650466,2018-09-09
3.46,20.35,2.37,1.334253674685976,2018-09-10
6.05,16.98,0.0,1.0445751031053363,2018-09-11
3.98,14.91,6.71,0.780651550530613,2018-09-12
3.93,11.27,1.15,0.5779450141893208,2018-09-13
2.3,8.16,0.0,0.437627882111354,2018-09-14
5.55,11.1,2.05,0.4167544883555552,2018-09-15
5.75,9.41,10.03,0.2799212634719114,2018-09-16
3.76,10.88,0.67,0.5641349793950803,2018-09-17
4.38,11.02,0.0,0.5374502852610628,2018-09-18
1.91,15.19,0.0,1.0334397289566508,2018-09-19
3.81,12.65,0.0,0.705630908050923,2018-09-20
0.41,6.56,2.46,0.3977570049717403,2018-09-21
-0.34,1.35,8.88,0.1118601530741122,2018-09-22
-0.36,2.59,0.0,0.2077006148069254,2018-09-23
-0.39,12.35,1.17,0.8753821438525151,2018-09-24
1.73,13.66,0.79,0.8758113922191896,2018-09-25
3.14,16.08,0.0,0.9744591274236838,2018-09-26
-1.87,8.17,0.0,0.6474882246109603,2018-09-27
-3.99,7.9,0.0,0.7039077685937773,2018-09-28
-2.21,7.0,0.0,0.5849774237829619,2018-09-29
-7.82,4.31,0.42,0.6297437789378503,2018-09-30
-1.35,4.12,2.08,0.3231351010719237,2018-10-01
-1.64,4.61,2.0,0.3661133470102289,2018-10-02
-2.47,6.47,0.0,0.5581900172613908,2018-10-03
-5.55,6.45,0.0,0.6517163008510174,2018-10-04
-4.12,8.95,0.0,0.7453603458458078,2018-10-05
-5.59,12.73,0.0,0.9841915218652934,2018-10-06
-2.69,13.22,0.0,0.963413162975778,2018-10-07
-2.78,1.13,0.25,0.2365766443265503,2018-10-08
-4.93,2.66,0.0,0.4220410824315632,2018-10-09
-8.96,5.04,0.0,0.6347137708154057,2018-10-10
-9.39,6.27,0.0,0.687323564347404,2018-10-11
-4.08,6.24,9.6,0.5288991358839701,2018-10-12
-4.73,-0.35,0.0,0.237344541559254,2018-10-13
-8.98,3.9,0.0,0.5700769765612684,2018-10-14
0.33,13.51,0.0,0.8262284860708798,2018-10-15
-1.32,10.09,0.0,0.6787061629757878,2018-10-16
-1.44,21.22,0.0,1.274641948088697,2018-10-17
1.39,18.89,0.0,1.0722685697813137,2018-10-18
-3.59,13.4,0.0,0.8836512805055112,2018-10-19
-7.8,16.75,0.0,1.0716898006256228,2018-10-20
-2.02,14.02,0.0,0.8698062667420539,2018-10-21
-6.58,10.96,0.0,0.7965371194495724,2018-10-22
-4.55,16.21,0.0,1.004498953497631,2018-10-23
-2.13,18.94,0.0,1.0986573717594472,2018-10-24
-1.25,14.98,0.0,0.87538477958772,2018-10-25
-3.14,12.16,0.0,0.770685754316742,2018-10-26
-1.52,12.83,0.0,0.7603641085362546,2018-10-27
-5.41,9.4,0.0,0.6772732912220897,2018-10-28
0.35,8.16,0.0,0.4352200013428295,2018-10-29
-1.54,6.91,0.0,0.4391061148323352,2018-10-30
-3.48,10.02,0.0,0.6532732288432309,2018-10-31
-2.47,4.45,1.13,0.3401533084876838,2018-11-01
-2.1,0.33,2.99,0.1139828953775293,2018-11-02
-4.88,1.47,0.0,0.2805609346041868,2018-11-03
-2.59,3.98,2.43,0.303924701020394,2018-11-04
-8.74,-0.3,1.85,0.3235770917847886,2018-11-05
-12.88,-8.68,0.0,0.125285478726134,2018-11-06
-12.95,-9.74,0.0,0.1,2018-11-07
-18.11,-9.97,0.0,0.1864950392056933,2018-11-08
-21.79,-4.55,1.99,0.344640167952491,2018-11-09
-10.17,-3.65,0.66,0.2259277236888727,2018-11-10
-11.53,-6.12,0.0,0.1724481951710291,2018-11-11
-15.18,-5.41,0.0,0.264915375831233,2018-11-12
-8.19,3.8,0.0,0.4648238424589972,2018-11-13
-3.57,5.1,0.0,0.402911858017308,2018-11-14
-3.34,2.77,0.0,0.2832870996410753,2018-11-15
-18.57,-5.58,0.0,0.2956805516867248,2018-11-16
-19.76,-5.83,0.0,0.2971846345326603,2018-11-17
-12.8,-7.46,0.39,0.1564900611234009,2018-11-18
-15.54,0.41,0.0,0.4350298647883272,2018-11-19
-6.5,1.18,0.0,0.3123183952476854,2018-11-20
-5.94,0.19,0.0,0.2541954153641351,2018-11-21
-3.53,5.34,0.0,0.4101939731805237,2018-11-22
-5.63,2.37,0.0,0.3391857317329723,2018-11-23
-8.42,-4.9,0.0,0.1283531960580945,2018-11-24
-8.35,-4.76,0.0,0.1315889951927335,2018-11-25
-6.78,-3.21,0.48,0.1413606638102995,2018-11-26
-5.41,-2.1,0.0,0.1404012479787869,2018-11-27
-7.2,-3.63,0.0,0.138646413532137,2018-11-28
-5.44,-1.16,0.0,0.1815720986455309,2018-11-29
-7.61,-3.71,0.0,0.1491559034087599,2018-11-30
-7.59,-5.23,3.32,0.1,2018-12-01
-9.45,-4.46,0.0,0.1749984401068525,2018-12-02
-13.33,-5.6,0.12,0.2234713844180776,2018-12-03
-13.62,-6.83,0.51,0.1922148096112416,2018-12-04
-13.16,-6.1,0.28,0.2049052939033055,2018-12-05
-15.65,-8.23,0.0,0.1872199994987484,2018-12-06
-19.6,-8.24,0.0,0.231528158078198,2018-12-07
-18.66,-7.11,0.0,0.2486954639559691,2018-12-08
-15.59,-4.15,0.0,0.2928233870206431,2018-12-09
-15.19,-0.33,0.0,0.3938421336664487,2018-12-10
-8.49,0.67,0.0,0.3321202186651215,2018-12-11
-6.32,0.96,0.0,0.2902439242202696,2018-12-12
-10.28,2.6,0.0,0.4313611677090569,2018-12-13
-8.97,4.94,0.0,0.4948311090474697,2018-12-14
-3.3,5.6,0.0,0.4007472091015304,2018-12-15
-12.95,-3.68,0.0,0.2680234545245986,2018-12-16
-7.97,4.22,0.0,0.4508221313410778,2018-12-17
-6.07,4.64,0.0,0.4294121614186277,2018-12-18
-4.79,1.62,0.0,0.2712159119127091,2018-12-19
-8.95,2.39,0.0,0.400486043026389,2018-12-20
-4.48,4.1,0.0,0.3673628474519398,2018-12-21
-9.33,-3.47,0.0,0.2000750475393804,2018-12-22
-16.93,-6.03,0.29,0.2552691105064087,2018-12-23
-16.52,-9.12,0.0,0.1733503774583322,2018-12-24
-18.22,-10.32,0.0,0.1678735820939269,2018-12-25
-14.54,-7.4,0.0,0.1864442080611091,2018-12-26
-20.71,-8.62,0.0,0.2286403472899081,2018-12-27
-20.01,-4.67,0.0,0.3106140733454857,2018-12-28
-13.41,-4.1,1.68,0.2615277502991025,2018-12-29
-19.73,-11.92,0.82,0.1504281680624281,2018-12-30
-28.46,-16.14,0.0,0.1398226031239523,2018-12-31
-24.95,-1.9,0.0,0.3753631960356244,2019-01-01
-10.54,3.74,0.0,0.4710676557911368,2019-01-02
-5.52,3.39,0.0,0.3604572133076684,2019-01-03
-8.35,0.74,0.0,0.3248299085215085,2019-01-04
-6.69,-2.46,0.0,0.1584443905902754,2019-01-05
-5.71,1.59,0.0,0.2923013305670107,2019-01-06
-14.17,-2.28,1.29,0.3259595276936816,2019-01-07
-22.4,-13.99,0.0,0.1371030060220101,2019-01-08
-24.05,-9.88,0.46,0.2233469249606679,2019-01-09
-15.55,-9.14,0.0,0.1561621158713765,2019-01-10
-17.06,-9.86,0.0,0.1624316887634479,2019-01-11
-14.73,-1.55,0.0,0.3580367352539713,2019-01-12
-12.56,-1.17,0.0,0.3427163604732335,2019-01-13
-11.38,-2.42,0.0,0.2827257445609554,2019-01-14
-19.32,-5.29,0.0,0.2996502346656884,2019-01-15
-19.94,-15.2,0.36,0.1,2019-01-16
-26.53,-16.58,0.0,0.128564328616005,2019-01-17
-29.53,-18.68,0.0,0.1152058602175064,2019-01-18
-22.99,-15.65,2.26,0.1121676858116461,2019-01-19
-19.43,-11.22,0.0,0.1672724940403641,2019-01-20
-18.55,-6.36,0.0,0.2738204761705469,2019-01-21
-15.94,-3.53,0.0,0.3243792982657084,2019-01-22
-22.93,-5.28,0.0,0.3220509661832083,2019-01-23
-28.73,-10.04,0.0,0.2380185818681381,2019-01-24
-22.37,-5.61,0.0,0.3164537671999722,2019-01-25
-12.58,-0.68,1.24,0.3763037416419649,2019-01-26
-7.99,4.24,1.19,0.4944184002870563,2019-01-27
-23.04,-10.35,0.0,0.2236065123341461,2019-01-28
-30.42,-21.32,0.0,0.1,2019-01-29
-23.33,-12.84,0.48,0.1789547497771922,2019-01-30
-15.39,-1.77,0.0,0.3848775378564095,2019-01-31
-19.02,-8.89,0.0,0.2288388559084656,2019-02-01
-23.24,-16.97,0.94,0.1041627646032968,2019-02-02
-25.14,-21.67,0.35,0.1,2019-02-03
-25.87,-22.2,2.1,0.1,2019-02-04
-33.44,-23.18,0.0,0.1,2019-02-05
-37.17,-25.69,0.0,0.1,2019-02-06
-38.01,-24.78,0.0,0.1,2019-02-07
-37.14,-25.26,0.0,0.1,2019-02-08
-33.72,-23.39,0.0,0.1,2019-02-09
-32.79,-21.66,0.0,0.1038081412134723,2019-02-10
-28.56,-16.88,1.87,0.1512507883828708,2019-02-11
-32.2,-20.97,0.12,0.1111393182414217,2019-02-12
-29.59,-20.83,0.0,0.1024355143250394,2019-02-13
-32.9,-19.78,0.0,0.1279034229162207,2019-02-14
-32.51,-18.6,1.73,0.1416579742150767,2019-02-15
-20.61,-13.87,2.95,0.1345912649914152,2019-02-16
-19.51,-14.03,1.35,0.1258673230214372,2019-02-17
-27.54,-17.7,0.0,0.1400462921634761,2019-02-18
-28.75,-12.04,0.0,0.2360276494348483,2019-02-19
-23.01,-9.59,0.0,0.2713369529038069,2019-02-20
-23.81,-12.54,0.0,0.2139500204347578,2019-02-21
-27.17,-11.98,0.0,0.2402817397374275,2019-02-22
-23.66,-13.99,0.26,0.1859842247466059,2019-02-23
-31.2,-20.97,0.0,0.1170918742481464,2019-02-24
-33.02,-18.79,0.0,0.1496432147211722,2019-02-25
-30.47,-16.93,0.0,0.1720053835738208,2019-02-26
-19.8,-7.84,0.0,0.3598755430585295,2019-02-27
-17.79,-8.93,0.0,0.2853412189689872,2019-02-28
-26.95,-16.04,0.0,0.1772934629479259,2019-03-01
-33.33,-20.66,0.0,0.1322049637317177,2019-03-02
-25.78,-15.76,0.0,0.1777175435878901,2019-03-03
-20.71,-10.56,0.0,0.2863337562624021,2019-03-04
-18.1,-8.69,0.0,0.3254726601538621,2019-03-05
-25.42,-13.45,0.0,0.2399825414583368,2019-03-06
-24.0,-8.48,0.0,0.3846493064914213,2019-03-07
-17.14,-6.04,0.0,0.4510927962241592,2019-03-08
-15.97,-5.93,0.0,0.4447687460646178,2019-03-09
-21.97,-6.7,0.0,0.4593492155138486,2019-03-10
-16.4,0.81,0.0,0.7863906034487035,2019-03-11
-3.79,3.31,0.0,0.7295130519194056,2019-03-12
-5.33,2.64,0.0,0.7748576733130556,2019-03-13
-9.96,1.33,0.0,0.8374962379608981,2019-03-14
-12.05,2.25,0.0,0.920789718261194,2019-03-15
-9.75,2.98,0.0,0.969835646457888,2019-03-16
-11.7,3.91,0.0,1.0329071878973963,2019-03-17
-3.97,4.83,0.0,0.9942382261509636,2019-03-18
-3.85,8.73,0.0,1.3474480498564625,2019-03-19
-2.62,12.17,0.0,1.540616257038434,2019-03-20
-2.11,11.46,0.0,1.5119734019634594,2019-03-21
-2.13,14.56,0.0,1.6827293966663814,2019-03-22
-1.69,12.4,0.0,1.574431937086836,2019-03-23
-5.09,3.72,0.0,0.9805437136482218,2019-03-24
-7.13,5.48,0.0,1.1930238030309497,2019-03-25
-1.45,15.73,0.0,1.7757531830855602,2019-03-26
-1.67,5.16,0.0,1.0403414639863982,2019-03-27
-5.97,7.29,0.0,1.3060871501084124,2019-03-28
-4.45,4.66,0.0,1.1599624276508502,2019-03-29
-5.69,13.73,0.0,1.6419894357411933,2019-03-30
-4.03,5.43,0.0,1.2062464292834505,2019-03-31
-3.22,9.25,1.71,1.4392195164074328,2019-04-01
-6.4,3.62,0.0,1.1224863334786823,2019-04-02
-7.96,11.45,0.0,1.5159741594205165,2019-04-03
-1.7,11.97,0.0,1.6121080872848563,2019-04-04
-4.61,9.18,0.0,1.4454478051639237,2019-04-05
1.03,8.3,0.0,1.339973306795183,2019-04-06
0.29,16.95,0.0,1.9370614536726587,2019-04-07
-2.93,16.77,0.0,1.8925020050844144,2019-04-08
-4.62,9.54,0.0,1.4819109818406386,2019-04-09
-5.91,9.77,0.0,1.4926782127256448,2019-04-10
-7.09,9.04,0.0,1.4434497887382405,2019-04-11
-8.32,10.69,0.0,1.5124469165382306,2019-04-12
-4.69,15.6,0.0,1.8263449295396368,2019-04-13
3.08,17.13,0.14,1.914607797400735,2019-04-14
-0.72,13.5,0.0,1.694316130473822,2019-04-15
-3.53,13.85,0.0,1.7062205817185898,2019-04-16
0.36,15.91,0.0,1.851935981180898,2019-04-17
-0.86,17.93,0.0,1.9687190366205936,2019-04-18
5.86,19.93,0.0,2.105220637223745,2019-04-19
2.5,17.03,0.0,1.9334744372573451,2019-04-20
-2.01,14.42,0.0,1.770491948160468,2019-04-21
-1.05,22.21,0.0,2.225063635834278,2019-04-22
6.76,20.09,0.0,2.116309378529823,2019-04-23
0.33,17.39,0.0,1.969363392395533,2019-04-24
-2.32,12.53,0.0,1.663433699100041,2019-04-25
-4.78,11.96,0.0,1.6181800057061508,2019-04-26
-2.42,10.71,0.0,1.5484476075754554,2019-04-27
-5.0,5.03,1.74,1.200784385987527,2019-04-28
-9.1,8.06,0.0,1.3765924183290228,2019-04-29
-5.56,10.52,3.58,1.4220264087229302,2019-04-30
-7.39,10.22,0.87,1.5665521591574394,2019-05-01
-3.57,9.85,0.65,1.5065686615230425,2019-05-02
-4.69,11.74,0.0,1.629150727895602,2019-05-03
-5.01,8.78,0.0,1.4499562164590996,2019-05-04
-7.16,6.82,0.0,1.3333249072844848,2019-05-05
-6.51,12.27,0.0,1.649993379507135,2019-05-06
0.39,14.35,0.0,1.8068953499711513,2019-05-07
-4.91,12.54,0.0,1.6908216991982692,2019-05-08
1.53,15.51,0.0,1.8905445018042255,2019-05-09
3.76,18.69,1.62,2.109897298047864,2019-05-10
2.3,16.73,0.0,1.9831193569032832,2019-05-11
2.89,24.84,0.0,2.535091757848361,2019-05-12
4.45,21.64,0.0,2.3354333716411144,2019-05-13
2.03,21.96,0.38,2.3548591632404543,2019-05-14
4.88,17.7,0.0,2.032345901097987,2019-05-15
-0.91,15.89,0.0,1.9508637321715885,2019-05-16
-0.27,17.65,0.0,2.0724266765067902,2019-05-17
1.01,15.82,0.0,1.948666024192914,2019-05-18
-1.99,16.91,0.0,2.020474978595579,2019-05-19
-0.19,19.97,0.0,2.230792833113265,2019-05-20
1.95,21.8,0.0,2.366666224464452,2019-05-21
4.66,24.14,0.0,2.5386896313265117,2019-05-22
5.32,24.32,0.0,2.550408664203478,2019-05-23
5.28,23.81,0.0,2.5169057045016325,2019-05-24
4.71,14.46,5.04,1.6580735594406346,2019-05-25
0.23,19.1,0.0,2.193863078617,2019-05-26
2.32,22.95,0.0,2.4602950465932176,2019-05-27
6.86,28.01,0.0,2.8098943949377846,2019-05-28
10.01,30.83,0.0,2.996004132548548,2019-05-29
10.73,32.37,0.0,3.0980618983799153,2019-05-30
5.73,21.41,0.0,2.3345983768800167,2019-05-31
5.54,25.15,0.0,2.616122924554005,2019-06-01
10.49,32.95,0.0,3.141173068185076,2019-06-02
8.62,34.62,0.0,3.2414224982014166,2019-06-03
11.51,24.79,0.28,2.476085343706483,2019-06-04
10.01,24.89,0.0,2.5343979983010616,2019-06-05
14.08,26.85,0.0,2.5800973831088787,2019-06-06
8.57,21.29,0.0,2.2643475074765216,2019-06-07
4.29,16.58,0.0,1.9660728820959352,2019-06-08
3.8,19.54,0.0,2.217530968777416,2019-06-09
3.13,23.58,0.0,2.5158186890350818,2019-06-10
6.49,21.21,0.91,2.3148119970939187,2019-06-11
6.44,24.38,0.54,2.570513314132025,2019-06-12
8.8,29.67,0.0,2.944538259384432,2019-06-13
11.36,23.15,1.46,2.3498725548423365,2019-06-14
10.04,18.92,9.34,1.8716380340750884,2019-06-15
9.74,17.89,2.17,1.6337642278203532,2019-06-16
5.59,22.77,0.0,2.4694857432994506,2019-06-17
8.64,27.21,0.0,2.781256721199457,2019-06-18
10.55,24.21,22.93,2.3006215975724897,2019-06-19
8.68,14.59,10.19,0.6806501825568443,2019-06-20
6.26,18.52,19.8,1.521103941990804,2019-06-21
11.58,15.93,15.06,0.4654188206868396,2019-06-22
10.1,22.13,1.9,1.790569859352818,2019-06-23
9.22,20.66,6.04,1.2841152479083668,2019-06-24
9.63,20.84,0.0,1.5909628286552184,2019-06-25
7.95,23.87,0.0,2.1657209196088956,2019-06-26
10.65,25.91,12.63,1.8196956413743917,2019-06-27
14.34,23.52,5.98,1.042694805676641,2019-06-28
13.11,25.53,0.0,1.883082121373686,2019-06-29
9.9,22.4,0.0,1.7581174385430676,2019-06-30
8.5,28.39,4.65,2.104311313193071,2019-07-01
6.2,20.85,0.0,1.8456987087677097,2019-07-02
8.93,20.3,0.0,1.5698214224821614,2019-07-03
7.43,20.82,0.0,1.7781145316869935,2019-07-04
11.46,19.91,0.0,1.177610446432542,2019-07-05
11.63,25.75,0.0,2.0908870436545297,2019-07-06
14.4,27.3,0.0,2.038925220053376,2019-07-07
13.95,23.9,6.47,1.171784296869201,2019-07-08
11.0,23.63,0.0,1.8204821372040791,2019-07-09
9.41,26.48,0.0,2.2807035179174315,2019-07-10
13.54,24.0,0.0,1.590918933588072,2019-07-11
9.65,24.81,0.0,2.087544107547507,2019-07-12
12.08,28.76,0.0,2.382245623879332,2019-07-13
14.3,27.25,11.28,1.5888358848003277,2019-07-14
12.92,24.75,0.0,1.723593553233585,2019-07-15
10.72,19.69,13.6,0.9789124140866003,2019-07-16
13.22,22.74,1.09,1.3006928145178227,2019-07-17
10.95,25.69,1.96,1.9699253897267,2019-07-18
10.22,17.47,6.4,0.7988843359091393,2019-07-19
10.2,23.02,0.0,1.656898134564481,2019-07-20
11.54,24.79,0.0,1.757345630441723,2019-07-21
10.98,27.32,0.0,2.071034305784406,2019-07-22
14.17,29.64,0.0,2.089081465107545,2019-07-23
15.58,30.42,2.93,1.637508165307727,2019-07-24
12.0,18.45,5.1,0.7145347680960347,2019-07-25
13.18,25.54,0.0,1.6122861850261443,2019-07-26
12.43,31.82,0.0,2.358250368285463,2019-07-27
9.49,21.04,0.0,1.3547231534312607,2019-07-28
5.55,24.17,0.6,1.9432903974974165,2019-07-29
11.74,29.43,0.0,2.1438578233536054,2019-07-30
12.38,25.82,0.0,1.690289362367802,2019-07-31
13.67,32.27,0.0,2.2985235553373173,2019-08-01
15.67,33.63,0.0,2.287713911229818,2019-08-02
15.65,27.9,0.0,1.5817659666613224,2019-08-03
10.08,25.91,0.0,1.8274981471350928,2019-08-04
10.49,28.82,0.0,2.085199522405954,2019-08-05
10.4,21.51,1.87,1.2573891224827107,2019-08-06
4.75,22.1,0.0,1.6960789079748586,2019-08-07
6.39,24.45,0.0,1.8265420469723743,2019-08-08
10.42,25.64,2.06,1.4437622916521478,2019-08-09
8.24,20.83,0.0,1.3139395279863286,2019-08-10
7.51,21.96,0.0,1.4796972015071006,2019-08-11
10.18,17.33,4.25,0.7053961070385821,2019-08-12
7.07,21.93,0.0,1.4896274616908616,2019-08-13
9.59,24.89,0.0,1.6207331868881132,2019-08-14
9.9,25.76,0.0,1.674274271589248,2019-08-15
10.64,21.65,0.0,1.1930695441311343,2019-08-16
4.79,17.94,0.0,1.2222500403567422,2019-08-17
3.39,21.4,0.0,1.564452652136279,2019-08-18
4.38,21.3,0.0,1.4982950151340548,2019-08-19
3.44,23.99,0.0,1.7496316500725135,2019-08-20
6.22,26.91,0.0,1.878525672345147,2019-08-21
12.32,26.69,2.87,1.3465873949791545,2019-08-22
9.01,22.1,0.0,1.2951003205672964,2019-08-23
11.92,28.33,5.4,1.4859426900875048,2019-08-24
11.22,21.4,15.2,0.9452815882872692,2019-08-25
8.81,19.75,0.0,1.0767751282295512,2019-08-26
8.51,19.54,0.0,1.0735995901573836,2019-08-27
7.02,23.56,0.89,1.496716384125361,2019-08-28
5.9,20.09,0.0,1.26825087494676,2019-08-29
5.19,19.89,0.0,1.2802544740981818,2019-08-30
7.33,21.91,1.33,1.3335266270850823,2019-08-31
7.99,22.46,4.13,1.2046406131687972,2019-09-01
10.51,21.85,1.55,1.1268232442008437,2019-09-02
6.98,25.83,0.0,1.6291157920892343,2019-09-03
9.71,22.68,2.0,1.1193115467200376,2019-09-04
7.99,22.96,0.0,1.3543464884935867,2019-09-05
5.4,22.32,0.0,1.414598034051598,2019-09-06
7.25,22.94,0.0,1.3760010507740092,2019-09-07
6.96,21.59,0.0,1.2784937645741017,2019-09-08
9.0,14.57,5.49,0.4750957969924393,2019-09-09
8.26,11.42,10.63,0.2694457336997393,2019-09-10
8.71,13.66,2.67,0.420098833405894,2019-09-11
7.47,16.29,0.0,0.8003160385341206,2019-09-12
4.22,23.94,0.0,1.522765380495308,2019-09-13
8.99,24.01,0.0,1.3402400570143498,2019-09-14
9.06,26.89,0.0,1.5399316308072166,2019-09-15
9.14,31.27,0.0,1.8218261133439824,2019-09-16
12.81,25.85,0.47,1.2461029904261662,2019-09-17
10.42,22.12,0.0,1.0757485619220295,2019-09-18
8.95,20.7,0.0,1.0464231028081432,2019-09-19
8.45,21.06,0.0,1.1023140612423032,2019-09-20
4.87,18.71,0.0,1.0933476436097995,2019-09-21
5.28,25.37,0.0,1.5163961430387585,2019-09-22
8.34,20.54,0.0,1.047632245289437,2019-09-23
4.67,17.19,0.0,0.9728653145672436,2019-09-24
2.91,15.75,0.95,0.940801006199646,2019-09-25
2.41,10.53,6.85,0.5370439207025685,2019-09-26
1.5,7.97,0.0,0.454555648566739,2019-09-27
0.88,5.6,0.0,0.3229101293567226,2019-09-28
0.02,4.22,10.88,0.2542971059376654,2019-09-29
0.15,1.98,5.57,0.1158181601135711,2019-09-30
-0.1,4.33,0.0,0.2951095814505158,2019-10-01
-3.96,9.94,0.0,0.7924395045737064,2019-10-02
-1.23,11.7,0.0,0.8135665245187488,2019-10-03
1.61,12.29,0.0,0.7425762005819436,2019-10-04
-0.97,13.94,0.0,0.9259628529822024,2019-10-05
3.5,15.86,0.0,0.8917522566725379,2019-10-06
2.68,20.25,0.0,1.182813028439533,2019-10-07
-2.26,7.96,0.63,0.6086733003227893,2019-10-08
-7.01,2.42,0.0,0.4589690689331584,2019-10-09
-8.48,3.97,0.0,0.562846249600853,2019-10-10
-8.8,6.86,0.0,0.6911432039118591,2019-10-11
-8.95,7.68,0.0,0.7238483894671248,2019-10-12
-9.03,9.83,0.55,0.8363422540450781,2019-10-13
-1.41,4.27,0.38,0.3296681679864909,2019-10-14
-2.89,6.26,0.0,0.5052882878417485,2019-10-15
-1.18,12.8,0.0,0.8116003364449198,2019-10-16
1.27,18.96,0.0,1.0802498594005088,2019-10-17
-0.74,16.01,0.0,0.961222492679646,2019-10-18
-1.28,14.13,0.0,0.8681944934506903,2019-10-19
-4.59,7.53,0.0,0.6065615683503051,2019-10-20
-6.98,9.73,0.0,0.7525013036198731,2019-10-21
-5.76,6.66,0.0,0.5873430495797163,2019-10-22
-4.97,4.11,1.37,0.4398559664301273,2019-10-23
-4.63,8.88,0.0,0.6608105942476165,2019-10-24
-0.5,17.5,0.0,0.9977773089743364,2019-10-25
-5.93,2.32,0.0,0.3753804089196593,2019-10-26
-8.59,-2.45,1.76,0.2491621209211996,2019-10-27
-9.2,-3.92,1.39,0.2052250976608085,2019-10-28
-12.47,-4.7,0.0,0.2587568722156227,2019-10-29
-17.29,0.83,0.0,0.4935263731798729,2019-10-30
-2.79,4.42,0.55,0.3669083449013153,2019-10-31
-2.96,5.29,0.0,0.4173915073452303,2019-11-01
-4.56,4.65,1.27,0.4259121630852555,2019-11-02
-4.87,1.88,0.0,0.3044703406398688,2019-11-03
-12.48,-4.3,0.0,0.2585835860857761,2019-11-04
-14.77,-4.34,1.28,0.302409576672256,2019-11-05
-20.14,-7.95,0.0,0.2625137777594315,2019-11-06
-20.3,-3.87,0.0,0.3605724410735197,2019-11-07
-7.64,4.45,0.76,0.4929046267619704,2019-11-08
-12.94,-0.67,1.72,0.3879776065047337,2019-11-09
-20.95,-11.45,0.0,0.1853784900361668,2019-11-10
-23.55,-8.75,0.0,0.2583088247391422,2019-11-11
-15.07,-1.68,0.0,0.3772568736061116,2019-11-12
-13.75,0.71,0.0,0.4366541105099067,2019-11-13
-6.84,0.24,0.0,0.2855434815635954,2019-11-14
-4.91,3.38,3.89,0.3481008201639564,2019-11-15
-1.22,2.31,2.02,0.1693966609237056,2019-11-16
-2.25,6.14,0.0,0.4036396165989807,2019-11-17
-0.63,7.69,0.0,0.4250573442020681,2019-11-18
-4.19,0.84,0.0,0.2211020790728889,2019-11-19
-5.37,-0.44,0.0,0.2054494519723632,2019-11-20
-5.6,4.0,0.0,0.4024251753716427,2019-11-21
-5.21,6.21,0.0,0.4854909196296142,2019-11-22
-0.75,10.8,0.0,0.5795495936680742,2019-11-23
-1.89,4.26,1.0,0.2956311548912338,2019-11-24
-5.49,-0.09,0.16,0.2219206576386011,2019-11-25
-10.15,-2.22,0.4,0.2693140570342565,2019-11-26
-8.33,-5.27,0.0,0.1097415610054779,2019-11-27
-8.25,-5.24,3.5,0.1035660174684588,2019-11-28
-11.25,-5.53,0.0,0.1812374820647207,2019-11-29
-10.14,-7.22,0.0,0.1,2019-11-30
-13.53,-5.77,0.0,0.2197209056183186,2019-12-01
-14.13,-1.83,0.0,0.3440021630522401,2019-12-02
-8.04,3.83,0.0,0.4437206044611444,2019-12-03
-8.77,-0.33,0.0,0.302409371019315,2019-12-04
-13.65,-3.78,0.0,0.2781161849454365,2019-12-05
-11.95,-4.86,0.0,0.215122775619852,2019-12-06
-12.44,-5.11,0.0,0.2169371724831642,2019-12-07
-21.38,-11.71,0.0,0.1731494411115208,2019-12-08
-24.56,-9.74,0.0,0.2266003376869601,2019-12-09
-27.15,-13.26,0.0,0.176823646358203,2019-12-10
-25.96,-16.45,0.0,0.1249793322700478,2019-12-11
-19.14,-12.36,0.0,0.1355442977701449,2019-12-12
-24.3,-13.96,0.0,0.1536044548274724,2019-12-13
-26.11,-11.44,0.29,0.2015718802610654,2019-12-14
-19.18,-8.34,0.0,0.2227617978069915,2019-12-15
-14.93,-4.85,0.0,0.2619782746587603,2019-12-16
-14.54,-3.49,0.0,0.294587018827564,2019-12-17
-10.19,0.64,0.0,0.3589739024673456,2019-12-18
-10.77,-3.12,0.0,0.2430888415004811,2019-12-19
-11.44,3.76,0.0,0.4808629633860152,2019-12-20
-11.41,-0.44,0.0,0.3418661393129687,2019-12-21
-9.05,-0.65,0.0,0.2905502721196473,2019-12-22
-6.97,-3.72,0.0,0.1206655965891219,2019-12-23
-7.24,-5.01,4.27,0.1,2019-12-24
-9.61,-2.27,0.0,0.2474815303515418,2019-12-25
-15.58,-6.89,0.0,0.2158405655909333,2019-12-26
-15.47,-6.36,0.0,0.2281171421226023,2019-12-27
-16.1,-6.35,0.0,0.2365614568249044,2019-12-28
-19.32,-5.19,0.0,0.2946978932996312,2019-12-29
-16.52,-5.62,0.0,0.2603070388377752,2019-12-30
-12.54,0.14,0.0,0.3785407715561955,2019-12-31
-8.42,-1.02,0.0,0.2648430514578881,2020-01-01
-8.02,-2.85,0.0,0.1866524608396747,2020-01-02
-12.07,-4.07,0.0,0.2407552455520368,2020-01-03
-8.36,4.72,0.0,0.4806992235046585,2020-01-04
-11.37,-1.93,0.0,0.2980933660887472,2020-01-05
-16.02,-1.96,0.0,0.3575803739178141,2020-01-06
-24.99,-15.43,1.74,0.1353776988956593,2020-01-07
-18.64,-8.0,0.86,0.2289692154826153,2020-01-08
-25.01,-16.4,0.0,0.1208584186744306,2020-01-09
-30.68,-16.1,0.55,0.1484548590967643,2020-01-10
-19.14,-10.57,1.77,0.1769794111647687,2020-01-11
-26.37,-14.25,1.02,0.1630948096178773,2020-01-12
-30.25,-24.12,0.67,0.1,2020-01-13
-34.81,-27.15,0.0,0.1,2020-01-14
-36.76,-28.64,0.0,0.1,2020-01-15
-36.7,-19.67,0.0,0.115672807479587,2020-01-16
-22.84,-18.9,2.13,0.1,2020-01-17
-28.14,-22.88,0.0,0.1,2020-01-18
-29.43,-16.7,0.0,0.1424657106620478,2020-01-19
-20.34,0.33,0.0,0.4491090979645648,2020-01-20
-11.43,1.92,0.0,0.4471418974089457,2020-01-21
-12.81,-3.09,0.0,0.3014613574430836,2020-01-22
-11.41,-3.32,0.0,0.2688132922497377,2020-01-23
-8.9,0.67,0.0,0.3632101615973085,2020-01-24
-5.93,1.67,0.0,0.3302983029089549,2020-01-25
-7.18,-2.45,0.0,0.1925271793950128,2020-01-26
-7.16,-1.23,0.0,0.2444677632129684,2020-01-27
-5.14,-1.66,0.0,0.1561126549426571,2020-01-28
-11.34,-2.99,1.65,0.2870801752717445,2020-01-29
-10.73,-0.4,0.0,0.3706455881251978,2020-01-30
-10.11,2.82,0.0,0.4805797614540459,2020-01-31
-6.71,6.25,0.0,0.5618037386944585,2020-02-01
-10.97,0.17,0.0,0.4001699457038478,2020-02-02
-18.76,-9.31,0.0,0.2219836651044108,2020-02-03
-19.28,-4.28,0.0,0.3544530917325273,2020-02-04
-13.28,-5.48,0.41,0.2503420288850788,2020-02-05
-14.47,-9.17,0.36,0.1576471601208208,2020-02-06
-12.41,-2.64,0.0,0.3364185542747783,2020-02-07
-13.65,-3.22,0.0,0.3477747688404142,2020-02-08
-14.51,-2.63,0.55,0.3992528143704988,2020-02-09
-9.99,-3.53,0.11,0.2534763257731715,2020-02-10
-14.37,-2.29,0.22,0.4357264836090365,2020-02-11
-30.53,-15.95,0.0,0.1725879997785754,2020-02-12
-29.48,-6.01,0.0,0.3357745157943778,2020-02-13
-13.05,-2.61,0.0,0.4087498128932014,2020-02-14
-20.33,-11.85,0.0,0.1925580096261389,2020-02-15
-16.62,-5.22,0.0,0.3627182923521297,2020-02-16
-22.23,-10.1,0.0,0.2531884916065101,2020-02-17
-30.58,-18.43,0.0,0.1438775848206678,2020-02-18
-30.17,-10.14,0.0,0.2825137507849388,2020-02-19
-17.14,2.06,0.0,0.7195286726998277,2020-02-20
-11.54,1.8,0.0,0.7348777484718417,2020-02-21
-8.55,2.87,0.0,0.7716007315796525,2020-02-22
-12.0,0.76,0.0,0.6956570182869445,2020-02-23
-12.81,-2.59,0.0,0.5167743356644755,2020-02-24
-18.44,-3.39,0.0,0.5338127178530471,2020-02-25
-13.46,0.56,0.0,0.7105474516489546,2020-02-26
-8.75,4.1,0.0,0.8891735439350469,2020-02-27
-7.56,6.06,0.0,1.0162378976567468,2020-02-28
-6.49,6.55,1.05,1.0500560471277622,2020-02-29
-11.07,-0.98,0.0,0.5933962853981215,2020-03-01
-5.94,3.27,0.0,0.7720721296035128,2020-03-02
-6.67,3.27,0.0,0.8151227432520345,2020-03-03
-2.79,3.16,0.0,0.5631516363086456,2020-03-04
-6.94,4.23,0.0,0.93538670215156,2020-03-05
-2.12,10.49,0.0,1.364278633924009,2020-03-06
-11.64,-1.54,0.49,0.6234592668014435,2020-03-07
-16.65,-9.53,0.0,0.2520935301084616,2020-03-08
-17.94,0.4,0.0,0.7569105910565395,2020-03-09
-12.18,5.37,0.0,1.0540549231366632,2020-03-10
-4.37,4.21,0.0,0.8660912195061718,2020-03-11
-10.62,-1.75,0.0,0.6001526364353809,2020-03-12
-16.99,-10.38,0.0,0.232836470394354,2020-03-13
-16.66,-8.89,1.47,0.3288497973960874,2020-03-14
-15.26,-7.49,0.0,0.3688894590959768,2020-03-15
-19.05,-1.93,0.0,0.6945211948383003,2020-03-16
-14.32,-2.95,0.0,0.649206558610398,2020-03-17
-17.96,-6.33,0.0,0.51035220452516,2020-03-18
-18.08,-5.46,0.0,0.5602578180368502,2020-03-19
-17.82,-0.26,0.0,0.8032449514292639,2020-03-20
-11.38,2.73,0.0,1.0183614097378753,2020-03-21
-11.1,6.1,0.0,1.179976579087019,2020-03-22
-7.89,6.42,0.0,1.238413771294944,2020-03-23
-8.66,-1.61,2.76,0.5402440947160698,2020-03-24
-14.81,-0.62,0.0,0.8759641691467411,2020-03-25
-14.08,5.39,0.0,1.1199789687967303,2020-03-26
-4.65,6.74,0.0,1.288841006006323,2020-03-27
-3.81,7.28,0.0,1.3239055666391917,2020-03-28
-5.48,12.91,0.0,1.6203017068631491,2020-03-29
-4.28,3.93,1.4,1.1285112467381873,2020-03-30
-11.1,-2.35,0.0,0.7766506490770677,2020-03-31
-15.29,-11.4,0.7,0.1737801664569856,2020-04-01
-18.06,-8.89,0.0,0.4866307613483476,2020-04-02
-18.65,-3.03,0.0,0.7755714799083061,2020-04-03
-13.12,-5.96,2.27,0.4359865402373223,2020-04-04
-11.53,-2.21,0.0,0.8058452532448458,2020-04-05
-8.68,1.14,5.63,0.857748689398133,2020-04-06
-11.34,3.84,0.0,1.1565774179493846,2020-04-07
-7.25,0.84,0.0,0.9182592690241912,2020-04-08
-13.8,5.59,0.0,1.205104081288083,2020-04-09
-2.45,7.27,0.0,1.3802959785778883,2020-04-10
-8.08,-1.32,0.0,0.7700920170896662,2020-04-11
-10.19,-4.22,0.0,0.5901402364049032,2020-04-12
-12.72,-4.4,0.0,0.7200189924578161,2020-04-13
-15.13,3.79,0.0,1.125920129813938,2020-04-14
-9.34,1.9,0.0,1.1044995283983372,2020-04-15
-5.77,5.87,0.0,1.3375270687398706,2020-04-16
-1.97,12.49,0.0,1.7606307733801752,2020-04-17
-3.31,4.68,0.0,1.236607073489172,2020-04-18
-4.4,14.25,0.0,1.8514760541496684,2020-04-19
-1.76,11.01,0.0,1.6820302848788409,2020-04-20
-1.73,21.57,0.0,2.306107442685176,2020-04-21
1.48,15.91,0.0,2.0174227402076266,2020-04-22
0.32,18.07,0.0,2.1511999835592097,2020-04-23
-1.08,14.02,2.15,1.7244101934055305,2020-04-24
-2.12,19.32,0.0,2.1965444021098826,2020-04-25
2.85,14.69,2.84,1.763012834235584,2020-04-26
-0.94,19.38,0.0,2.227200160919752,2020-04-27
2.39,18.48,0.0,2.2077338421636905,2020-04-28
1.04,22.52,0.0,2.4460182816667304,2020-04-29
7.65,28.06,0.0,2.848229393627262,2020-04-30
4.57,18.32,0.0,2.1626502791197515,2020-05-01
-1.17,18.56,0.0,2.1738449290440216,2020-05-02
-0.51,18.48,2.75,1.98317706202226,2020-05-03
3.31,14.87,0.0,1.894751770131949,2020-05-04
-1.0,18.21,0.0,2.155535490468891,2020-05-05
1.03,21.4,0.0,2.2914283097381016,2020-05-06
1.0,18.29,0.0,2.0970601158363795,2020-05-07
0.72,19.17,1.7,2.1520225109249034,2020-05-08
-1.4,7.44,0.99,1.3252871511607949,2020-05-09
-3.15,9.78,0.0,1.536960132971705,2020-05-10
-6.16,10.68,0.0,1.5881329718047354,2020-05-11
-3.3,14.07,0.0,1.8118617780485613,2020-05-12
0.92,11.77,0.0,1.6257387990464764,2020-05-13
-1.71,19.72,0.0,2.1795828773331563,2020-05-14
-2.91,14.49,0.0,1.844049853968488,2020-05-15
1.31,25.65,0.0,2.576122754639522,2020-05-16
9.89,27.12,0.0,2.687465744548323,2020-05-17
8.25,24.83,0.0,2.5311777761290406,2020-05-18
10.56,25.89,0.0,2.5799473267370283,2020-05-19
9.71,17.15,14.52,1.482564305048195,2020-05-20
9.31,20.61,0.0,2.1731303832857263,2020-05-21
5.35,20.45,0.0,2.2582831300536106,2020-05-22
3.87,15.09,0.0,1.798039217084148,2020-05-23
3.99,20.14,0.0,2.2592712334221363,2020-05-24
6.27,25.99,0.0,2.6783833046890764,2020-05-25
10.63,21.37,0.0,2.214072658514059,2020-05-26
6.64,18.12,0.0,2.0606975545478403,2020-05-27
3.84,18.61,0.0,2.1636164497937527,2020-05-28
5.35,18.96,0.0,2.1773507985144676,2020-05-29
8.01,26.08,0.0,2.7088910559292736,2020-05-30
11.98,31.45,0.0,3.063431115838061,2020-05-31
12.44,25.24,0.0,2.550764369288771,2020-06-01
7.81,24.72,0.0,2.6186524046349957,2020-06-02
9.84,20.35,0.0,2.187037788802045,2020-06-03
6.16,18.75,0.0,2.1657328419216646,2020-06-04
3.97,20.74,0.0,2.3632462798307827,2020-06-05
9.96,17.85,25.69,1.4329820935768085,2020-06-06
9.25,16.29,24.51,0.8815772104821784,2020-06-07
6.97,15.23,0.0,1.1225326437031335,2020-06-08
5.05,20.67,0.0,2.083478774646034,2020-06-09
7.17,22.71,0.0,2.22085491349148,2020-06-10
6.3,22.43,0.0,2.2339929920905637,2020-06-11
8.44,28.55,0.0,2.7697649946648704,2020-06-12
15.08,30.39,0.0,2.6910374194403293,2020-06-13
12.81,23.84,0.0,1.92799439067973,2020-06-14
7.36,22.34,0.0,2.212093585068444,2020-06-15
8.92,23.33,23.62,1.8205582882802969,2020-06-16
9.37,16.79,4.88,0.7887046155100611,2020-06-17
6.93,16.29,0.0,1.231238728789002,2020-06-18
5.89,18.49,0.0,1.657120260030254,2020-06-19
6.6,18.34,0.0,1.5741451088084586,2020-06-20
4.44,18.77,0.0,1.7915694697182405,2020-06-21
6.51,24.26,0.0,2.279172639536853,2020-06-22
10.3,28.46,0.0,2.5695036103233444,2020-06-23
13.98,26.34,0.51,2.0413241475634094,2020-06-24
14.59,26.13,0.0,1.924844705098736,2020-06-25
11.48,30.32,0.0,2.696978266786664,2020-06-26
13.81,21.37,0.0,1.1226167270075154,2020-06-27
12.95,20.6,0.0,1.1307622955862464,2020-06-28
14.34,19.68,1.16,0.7404735599159032,2020-06-29
13.73,20.25,7.65,0.7818427645153575,2020-06-30
13.68,23.91,0.81,1.691533953647745,2020-07-01
10.62,24.18,1.55,2.067700830247487,2020-07-02
10.05,26.48,0.0,2.353260326197193,2020-07-03
12.27,29.14,0.0,2.526177968180567,2020-07-04
12.07,23.53,0.0,1.817392354680862,2020-07-05
10.55,25.05,0.0,2.18799520904499,2020-07-06
12.28,28.57,15.04,2.004961735214872,2020-07-07
13.77,19.75,3.95,0.7039184024161731,2020-07-08
12.14,22.04,0.0,1.4500530730513552,2020-07-09
10.08,22.92,3.09,1.442344882901879,2020-07-10
9.87,24.93,0.0,2.0750322043306824,2020-07-11
12.78,25.58,0.0,1.931593877500009,2020-07-12
9.94,20.0,2.45,1.0880500329993008,2020-07-13
10.62,22.0,4.79,1.26245655179314,2020-07-14
10.36,23.05,0.0,1.7743361179879626,2020-07-15
10.17,25.57,0.0,2.090282548562285,2020-07-16
13.79,24.88,0.0,1.652038939225395,2020-07-17
11.51,21.87,0.87,1.4462321478644542,2020-07-18
10.14,23.2,0.0,1.7761853151482283,2020-07-19
11.34,23.85,3.04,1.373892246863339,2020-07-20
9.75,25.6,0.0,2.0566872413669652,2020-07-21
14.5,30.64,0.0,2.2962885279432803,2020-07-22
17.31,28.85,0.0,1.7831833168739168,2020-07-23
14.46,27.18,0.0,1.874004052762044,2020-07-24
11.62,21.46,0.0,1.3295423012638123,2020-07-25
10.48,24.99,0.0,1.94873388798032,2020-07-26
9.12,27.67,0.0,2.2659110144274575,2020-07-27
10.88,31.13,0.0,2.481670925835753,2020-07-28
14.41,34.0,0.0,2.561917529163751,2020-07-29
15.78,32.09,0.0,2.2570712941746796,2020-07-30
13.26,26.78,0.0,1.802930702602362,2020-07-31
9.03,28.18,0.0,2.221077837062978,2020-08-01
10.84,28.25,0.0,2.141966535213955,2020-08-02
13.59,30.34,0.0,2.1821325652311314,2020-08-03
11.62,27.17,0.0,1.9498367278212827,2020-08-04
9.11,29.38,0.0,2.2855156051548056,2020-08-05
11.74,33.89,0.0,2.553935207706223,2020-08-06
13.34,24.06,1.8,1.3013627232587004,2020-08-07
11.0,25.35,2.29,1.3761444626745334,2020-08-08
8.62,22.43,0.0,1.5295596774724554,2020-08-09
7.53,24.22,0.0,1.79305186431652,2020-08-10
8.74,24.31,0.0,1.713548168765283,2020-08-11
11.58,27.91,0.0,1.895148992876457,2020-08-12
8.71,24.98,0.0,1.7538023580772013,2020-08-13
7.56,24.6,0.81,1.767214811607508,2020-08-14
8.41,25.14,0.0,1.7575823286050465,2020-08-15
8.91,29.72,0.0,2.1447423804483803,2020-08-16
11.4,34.39,0.0,2.4153491210274467,2020-08-17
12.32,35.91,0.0,2.4813532587057265,2020-08-18
14.02,33.95,0.0,2.275441638971152,2020-08-19
13.39,33.42,0.0,2.24350781826248,2020-08-20
14.07,27.26,0.0,1.474933037743381,2020-08-21
9.9,31.76,0.0,2.2280388368155104,2020-08-22
6.85,28.47,0.0,2.044022193359359,2020-08-23
9.5,29.37,0.0,1.9904644479965752,2020-08-24
12.35,26.19,0.0,1.428668945815195,2020-08-25
9.76,25.11,0.0,1.515176896614136,2020-08-26
7.38,21.87,8.62,1.1680348851485554,2020-08-27
6.47,23.4,0.0,1.5110039429126718,2020-08-28
8.55,30.83,0.0,2.063100058739698,2020-08-29
6.09,17.36,0.0,0.9711196611487928,2020-08-30
2.22,19.21,0.0,1.3056928158960055,2020-08-31
8.33,22.74,0.0,1.2899155452704956,2020-09-01
7.64,16.95,6.8,0.7503661300476596,2020-09-02
5.06,21.75,0.0,1.3602111536501702,2020-09-03
4.83,24.24,0.0,1.5741051379744715,2020-09-04
8.02,30.5,0.0,2.040109237662938,2020-09-05
7.58,17.33,0.0,0.8507078225002269,2020-09-06
-0.14,10.76,0.0,0.756164037275511,2020-09-07
-5.12,15.78,0.0,1.2995587949215093,2020-09-08
3.48,21.26,0.0,1.488923373034382,2020-09-09
4.5,26.56,0.0,1.8720270335531364,2020-09-10
7.82,30.4,0.0,2.057535421407364,2020-09-11
6.07,16.22,2.7,0.7514057502937083,2020-09-12
-0.51,16.01,0.0,1.1369502202160309,2020-09-13
5.09,15.82,0.0,0.8411790581661958,2020-09-14
3.24,14.33,0.0,0.8620726843607472,2020-09-15
-0.72,13.88,0.0,1.0780330476935351,2020-09-16
1.95,18.45,0.0,1.3676882286689125,2020-09-17
-0.2,24.9,0.0,1.862849396808623,2020-09-18
6.63,26.7,0.0,1.872067537174947,2020-09-19
11.99,18.57,7.2,0.5522322599507099,2020-09-20
7.32,23.25,0.0,1.4578968136865358,2020-09-21
7.0,20.67,0.0,1.210210300613025,2020-09-22
9.07,21.95,0.0,1.192253193041273,2020-09-23
8.69,23.98,0.0,1.418723004080364,2020-09-24
5.16,22.03,0.0,1.4064648305235126,2020-09-25
7.22,15.3,0.0,0.6455513156007511,2020-09-26
4.06,14.99,0.0,0.7973877146134678,2020-09-27
0.61,23.06,0.0,1.576543979057006,2020-09-28
6.82,17.74,0.0,0.88405418441244,2020-09-29
0.54,12.71,0.0,0.8071892478692871,2020-09-30
-4.71,12.04,0.0,0.9551694074143756,2020-10-01
0.59,17.99,0.0,1.22335318037601,2020-10-02
-0.5,16.56,0.0,1.1351290548888215,2020-10-03
4.97,23.31,0.53,1.463666459413576,2020-10-04
7.71,19.31,0.0,0.9239931865849448,2020-10-05
6.16,17.62,0.0,0.977037779576768,2020-10-06
-0.04,15.53,0.0,1.1329629306769986,2020-10-07
7.57,22.5,1.9,1.4106953847939394,2020-10-08
1.61,10.48,0.0,0.5670555673053561,2020-10-09
2.72,26.52,0.0,1.81932750676293,2020-10-10
4.18,15.34,0.0,0.8787894280173582,2020-10-11
-3.54,12.12,0.0,0.9602747937635042,2020-10-12
-0.12,10.6,0.0,0.7362346450028695,2020-10-13
-5.31,7.04,0.0,0.6704186528359366,2020-10-14
-5.38,5.97,0.0,0.5828090807718406,2020-10-15
-9.12,3.61,0.0,0.5447385811306321,2020-10-16
-12.8,-0.43,0.0,0.4212910171916218,2020-10-17
-5.86,-3.01,0.0,0.1289133384712602,2020-10-18
-6.93,-0.76,0.0,0.2686386756139966,2020-10-19
-7.28,-1.6,0.27,0.2471540454629872,2020-10-20
-10.29,0.36,0.0,0.4263053072976349,2020-10-21
-13.95,-2.07,0.0,0.3855329965146682,2020-10-22
-14.07,-3.7,0.0,0.3296955958318355,2020-10-23
-8.26,-4.99,0.0,0.132552828340191,2020-10-24
-11.41,-2.04,0.0,0.3383931083965857,2020-10-25
-14.5,3.51,0.0,0.621809959934914,2020-10-26
-3.23,12.27,0.0,0.8989968049450635,2020-10-27
-4.7,4.93,0.0,0.4529318240845857,2020-10-28
-6.05,7.6,0.18,0.7000399043377036,2020-10-29
-0.51,12.83,0.0,0.8212835338657358,2020-10-30
-6.3,2.17,0.0,0.3654906226218288,2020-10-31
-7.12,13.94,0.0,0.9835071734687983,2020-11-01
-0.04,18.38,0.0,1.1442775604389577,2020-11-02
1.28,16.36,0.0,0.9679780909359164,2020-11-03
-0.28,14.66,0.0,0.8834993820598049,2020-11-04
1.71,17.34,0.0,0.9902989819845898,2020-11-05
-2.44,6.88,1.57,0.4582220379369133,2020-11-06
-2.68,0.9,2.59,0.1623495740663171,2020-11-07
-9.84,-3.25,18.96,0.2234430385459284,2020-11-08
-18.59,-9.41,0.0,0.2081426286332241,2020-11-09
-16.67,-5.82,0.0,0.2781237664893012,2020-11-10
-17.46,-6.26,1.98,0.2741938409197285,2020-11-11
-23.05,-9.27,0.0,0.2449034383747456,2020-11-12
-12.57,-0.31,0.0,0.3894145473819368,2020-11-13
-9.96,-1.06,0.67,0.3152832223750205,2020-11-14
-13.28,-6.27,0.0,0.2064025136436554,2020-11-15
-9.42,-5.67,0.0,0.1311913666302532,2020-11-16
-7.57,-0.02,0.0,0.2947114649446753,2020-11-17
-4.72,4.08,0.0,0.389131237521784,2020-11-18
-12.77,-4.93,4.68,0.2240331182784834,2020-11-19
-19.71,-10.57,0.0,0.1855072955351401,2020-11-20
-18.68,-4.58,0.0,0.3170533760494475,2020-11-21
-17.18,-7.57,0.0,0.2262752297532483,2020-11-22
-11.3,-5.21,0.0,0.19067834370285,2020-11-23
-9.72,-2.26,0.0,0.2552972035232795,2020-11-24
-8.68,2.08,0.0,0.3929469901438116,2020-11-25
-12.41,-1.26,0.0,0.3404202220908333,2020-11-26
-10.76,0.43,0.0,0.3695182435392323,2020-11-27
-10.44,-0.87,0.0,0.3180431405555898,2020-11-28
-15.94,-2.83,0.0,0.3341238529090568,2020-11-29
-8.89,1.81,0.0,0.3824440625427586,2020-11-30
-8.02,2.16,0.0,0.378016853465848,2020-12-01
-11.24,-1.61,0.0,0.3062625633820922,2020-12-02
-7.61,2.57,0.0,0.3849124057142523,2020-12-03
-6.52,2.1,0.0,0.3402801447378502,2020-12-04
-7.44,1.84,0.0,0.3526095165621932,2020-12-05
-9.62,0.78,0.0,0.3575866413316474,2020-12-06
-8.5,3.2,0.0,0.4239109999087627,2020-12-07
-4.75,3.61,0.0,0.3528145340904129,2020-12-08
-5.86,1.74,0.0,0.3050317091706389,2020-12-09
-12.98,-4.02,0.0,0.2567483122883438,2020-12-10
-13.42,-4.57,0.0,0.2477791536426652,2020-12-11
-11.58,-3.52,0.0,0.2469931021982183,2020-12-12
-27.6,-13.65,0.0,0.1715510510191084,2020-12-13
-28.89,-14.66,0.35,0.160150199591554,2020-12-14
-19.44,-10.9,0.0,0.1678169125729042,2020-12-15
-16.79,-5.01,0.0,0.2778674557845088,2020-12-16
-15.32,1.91,0.0,0.455486399343324,2020-12-17
-23.03,-4.41,0.0,0.3231695115618725,2020-12-18
-12.73,4.05,0.0,0.5021243438359563,2020-12-19
-6.41,2.56,0.0,0.3465902620861418,2020-12-20
-9.24,-1.55,2.97,0.2514981444564735,2020-12-21
-13.75,-4.42,4.88,0.2455983679791964,2020-12-22
-17.31,-8.56,0.0,0.1940501158487698,2020-12-23
-14.48,0.22,0.0,0.3993700872515615,2020-12-24
-13.07,-2.92,0.0,0.2878980259542878,2020-12-25
-12.39,-5.32,0.45,0.2035607535835995,2020-12-26
-15.2,-6.82,0.0,0.2095812478809992,2020-12-27
-17.81,-8.48,0.0,0.203120474909133,2020-12-28
-17.27,-7.93,0.0,0.2102472538808814,2020-12-29
-20.52,-9.26,0.0,0.2129101545943555,2020-12-30
-16.51,-3.41,0.0,0.3188377782971982,2021-01-01
-10.12,3.73,0.0,0.4677764294858404,2021-01-02
-3.51,3.74,0.0,0.3215299460285343,2021-01-03
-10.92,-1.26,0.0,0.3100167666943253,2021-01-04
-10.38,-0.33,0.0,0.3322727214259167,2021-01-05
-11.89,2.41,0.0,0.4479406104868866,2021-01-06
-9.63,0.83,0.0,0.3604650655635134,2021-01-07
-13.35,-2.96,0.0,0.2982604627812083,2021-01-08
-14.5,-5.08,0.0,0.2529666953452247,2021-01-09
-14.86,-5.9,0.0,0.2361784675055213,2021-01-10
-12.98,-1.37,0.0,0.3443017827626474,2021-01-11
-8.97,0.28,0.0,0.3317281778611238,2021-01-12
-6.48,5.83,5.65,0.4783798830434181,2021-01-13
-6.82,-0.72,0.0,0.2393319452950079,2021-01-14
-14.77,-5.29,0.0,0.2557655725031934,2021-01-15
-10.38,-0.54,0.0,0.3346627587218218,2021-01-16
-11.1,-1.65,1.36,0.3108011967128086,2021-01-17
-10.48,0.1,0.49,0.3621061099226095,2021-01-18
-14.3,2.53,0.0,0.4894712905494852,2021-01-19
-6.19,2.56,0.0,0.3655467289108045,2021-01-20
-12.15,-5.93,0.16,0.1932687975935635,2021-01-21
-9.54,-4.75,0.41,0.1692132088566998,2021-01-22
-28.45,-9.86,0.0,0.2410585151696671,2021-01-23
-32.74,-23.52,0.0,0.1,2021-01-24
-30.11,-22.97,0.0,0.1,2021-01-25
-28.45,-19.59,0.0,0.1036733899352776,2021-01-26
-23.02,-14.27,0.0,0.1498432891972264,2021-01-27
-19.44,-11.25,0.0,0.1758723303894197,2021-01-28
-15.49,-10.23,0.0,0.1394625200022688,2021-01-29
-15.73,-11.09,0.0,0.1211672535681767,2021-01-30
-18.61,-9.88,0.0,0.2019292065062819,2021-01-31
-14.32,-1.66,0.0,0.3826846000331776,2021-02-01
-9.96,-0.29,0.0,0.3633617313079677,2021-02-02
-19.95,-11.02,0.0,0.1938818901758192,2021-02-03
-22.63,-15.74,0.0,0.1243129992922919,2021-02-04
-28.39,-18.25,0.0,0.1283146314193873,2021-02-05
-35.74,-26.03,0.0,0.1,2021-02-06
-37.46,-28.67,0.0,0.1,2021-02-07
-37.08,-26.89,0.0,0.1,2021-02-08
-29.03,-25.52,0.0,0.1,2021-02-09
-34.11,-26.94,0.0,0.1,2021-02-10
-37.84,-27.83,0.0,0.1,2021-02-11
-33.01,-22.8,0.0,0.1,2021-02-12
-37.04,-24.48,0.0,0.1,2021-02-13
-34.92,-22.6,0.0,0.1031068733275792,2021-02-14
-30.64,-18.89,0.0,0.136577413406278,2021-02-15
-26.15,-16.13,0.0,0.1590700136126405,2021-02-16
-23.28,-15.64,0.0,0.1457208204824719,2021-02-17
-25.69,-12.95,0.0,0.2194829132590409,2021-02-18
-22.38,-3.14,0.0,0.4847132628912743,2021-02-19
-11.4,-3.03,0.0,0.425072973573162,2021-02-20
-12.86,2.96,0.0,0.7797977293609428,2021-02-21
-3.5,4.16,0.0,0.6953784249430589,2021-02-22
-7.59,-0.11,0.0,0.5203051962505044,2021-02-23
-10.48,-1.85,0.0,0.5118862951274612,2021-02-24
-11.62,0.65,0.0,0.702859142563635,2021-02-25
-16.9,-2.21,0.0,0.5857151319672265,2021-02-26
-24.44,-12.34,0.0,0.2554967030607114,2021-02-27
-21.96,-11.77,0.0,0.2609395070125273,2021-02-28
-16.77,3.26,0.0,0.8318440314048497,2021-03-01
-7.0,2.68,0.0,0.8034347343075822,2021-03-02
-11.59,1.76,0.0,0.8393783816441149,2021-03-03
-10.14,1.39,0.0,0.816338681459366,2021-03-04
-7.15,4.26,0.0,0.9868854371682888,2021-03-05
-0.93,6.6,0.0,0.9732682159457344,2021-03-06
-4.7,4.93,0.0,1.0063646192632525,2021-03-07
-5.51,3.53,0.0,0.914797094087018,2021-03-08
-5.71,-0.9,0.0,0.4197227795355117,2021-03-09
-9.69,0.83,0.0,0.8308078758943593,2021-03-10
-18.17,-2.96,0.0,0.6512799708521931,2021-03-11
-10.15,5.26,0.0,1.100909515959814,2021-03-12
-7.11,6.03,0.0,1.1691073680253885,2021-03-13
-2.15,8.51,0.0,1.3128603402156465,2021-03-14
-1.89,6.9,0.0,1.1736945800724556,2021-03-15
-9.29,0.57,0.0,0.8429647086134525,2021-03-16
-7.76,8.72,0.0,1.304388540787567,2021-03-17
-3.02,13.95,0.0,1.6152262577908507,2021-03-18
-0.04,18.01,0.0,1.8576737638601328,2021-03-19
-1.26,12.46,0.0,1.5590232860027198,2021-03-20
-5.04,3.43,0.0,0.993774437595182,2021-03-21
-5.98,8.87,0.87,1.354062981593947,2021-03-22
-7.99,0.29,0.0,0.8212829033294919,2021-03-23
-6.09,8.85,0.0,1.36323173281582,2021-03-24
-4.54,3.4,0.0,0.9953976238036082,2021-03-25
-9.98,2.56,0.0,1.0391389599216134,2021-03-26
-8.55,6.71,0.0,1.2481705730988186,2021-03-27
-0.4,18.13,0.0,1.9253693865747892,2021-03-28
-9.12,5.71,4.08,1.118640504360387,2021-03-29
-13.98,-5.28,0.0,0.5855472133668137,2021-03-30
-15.19,8.42,0.0,1.2189684321992147,2021-03-31
-2.13,15.82,0.0,1.807482957307429,2021-04-01
-0.34,12.61,0.0,1.6367721787880578,2021-04-02
-1.31,14.21,0.0,1.685921285403097,2021-04-03
-0.87,17.81,0.0,1.88904237049001,2021-04-04
-2.9,12.42,0.0,1.581427389581805,2021-04-05
-3.01,16.73,0.0,1.811378559094003,2021-04-06
-0.9,21.46,0.0,2.0892641338641966,2021-04-07
1.49,14.82,1.51,1.7273951854852958,2021-04-08
-6.77,12.24,0.0,1.5372376455152683,2021-04-09
-1.38,13.53,0.0,1.657865140878246,2021-04-10
-1.94,4.98,1.02,0.9906939873302808,2021-04-11
-3.17,4.2,0.0,0.9989877690688704,2021-04-12
-2.88,4.68,0.0,1.05584176018735,2021-04-13
-2.75,8.63,0.0,1.3848102655718142,2021-04-14
-3.14,14.41,0.0,1.7300401554152391,2021-04-15
-4.72,15.51,0.0,1.7740345895302234,2021-04-16
-0.62,20.69,0.0,2.116716447977,2021-04-17
-2.7,7.49,0.0,1.320721227851181,2021-04-18
-6.76,5.09,0.28,1.2384310040377262,2021-04-19
-9.62,9.91,0.0,1.4815685301368158,2021-04-20
-3.89,17.75,0.0,1.9295368474886951,2021-04-21
-5.29,7.75,0.0,1.354949196974491,2021-04-22
-12.57,5.31,0.0,1.1795394906764851,2021-04-23
-10.16,7.62,0.0,1.3202326502862032,2021-04-24
-5.63,11.95,0.0,1.6003301079618866,2021-04-25
-2.98,15.32,0.0,1.821477194403664,2021-04-26
-4.24,13.18,0.0,1.6903015384791733,2021-04-27
-2.23,15.87,0.0,1.8687243339402475,2021-04-28
-2.73,11.49,0.0,1.594288576460777,2021-04-29
2.7,26.46,0.0,2.555529932008244,2021-04-30
4.75,19.91,0.0,2.146260296604026,2021-05-01
0.76,13.74,0.0,1.7395939122743336,2021-05-02
-5.73,10.37,0.0,1.5362422374392957,2021-05-03
-5.02,14.84,0.0,1.8053793011966708,2021-05-04
-3.25,17.09,0.0,1.9598348335643012,2021-05-05
-1.07,17.78,0.0,2.0277976036951797,2021-05-06
0.41,17.81,0.0,2.0438020828473342,2021-05-07
2.6,15.09,0.0,1.8389786943915565,2021-05-08
-3.96,16.28,0.0,1.9238323654972176,2021-05-09
-2.41,18.55,0.0,2.0791289117632754,2021-05-10
0.32,20.07,0.0,2.197863635452638,2021-05-11
2.82,21.04,0.0,2.268244629238623,2021-05-12
1.53,22.4,0.0,2.3512698576092745,2021-05-13
3.13,22.95,1.3,2.39402398529188,2021-05-14
3.38,24.65,0.0,2.509613116148891,2021-05-15
8.05,27.48,0.0,2.7042561272216545,2021-05-16
7.74,32.87,0.0,3.059795605470317,2021-05-17
11.21,28.17,0.0,2.716625352468261,2021-05-18
1.51,13.18,0.0,1.698814986243527,2021-05-19
-1.0,4.13,1.71,0.8562759402722515,2021-05-20
-1.5,6.6,0.0,1.2730015271803794,2021-05-21
-1.3,11.14,0.0,1.6086401319598784,2021-05-22
6.91,16.81,14.78,1.7734651180042065,2021-05-23
8.39,11.58,23.97,0.4832916797345301,2021-05-24
2.29,9.77,0.0,0.9857243585887512,2021-05-25
-0.5,14.12,0.0,1.7946343852363753,2021-05-26
1.3,19.91,0.0,2.261201639036028,2021-05-27
7.86,21.68,0.0,2.341660514652049,2021-05-28
6.57,20.92,0.0,2.307214372837206,2021-05-29
1.88,23.5,0.0,2.5137502976444273,2021-05-30
8.7,27.27,0.0,2.7815620655144633,2021-05-31
8.64,27.09,0.0,2.7675006133696702,2021-06-01
12.0,32.48,0.0,3.1264970226021593,2021-06-02
13.07,36.12,0.0,3.3637614641840514,2021-06-03
15.49,29.37,0.0,2.8053111005659868,2021-06-04
11.17,28.03,0.0,2.816321649085552,2021-06-05
8.63,20.56,0.0,2.181267160977405,2021-06-06
9.07,22.78,0.0,2.427676865984898,2021-06-07
5.56,23.41,1.17,2.5374553030198075,2021-06-08
11.81,19.96,3.6,1.3104647364380435,2021-06-09
13.88,21.8,9.06,1.3123471570368943,2021-06-10
10.67,20.82,0.0,1.890773609316751,2021-06-11
6.49,23.91,0.0,2.6027699091384786,2021-06-12
6.41,27.69,0.0,2.8671724304664865,2021-06-13
12.85,32.46,0.0,3.180083140461168,2021-06-14
17.19,34.28,1.79,3.2431218125074652,2021-06-15
12.39,24.95,0.0,2.441540733446456,2021-06-16
7.12,23.7,0.0,2.5816304976820725,2021-06-17
8.39,18.73,0.0,1.8250268083914551,2021-06-18
6.67,20.92,1.06,2.267153601888574,2021-06-19
5.89,18.57,0.0,1.9841030140978584,2021-06-20
1.67,24.85,0.0,2.6411168415374977,2021-06-21
10.46,31.16,0.0,3.095438519728712,2021-06-22
13.06,24.31,0.0,2.15712248513925,2021-06-23
8.74,24.84,0.0,2.564541393121842,2021-06-24
9.79,27.79,0.0,2.836610536638942,2021-06-25
12.97,29.57,0.0,2.915739229142876,2021-06-26
12.1,28.76,0.0,2.857290097906768,2021-06-27
10.86,30.18,0.0,2.999078513655142,2021-06-28
13.01,33.62,0.0,3.2239233615491036,2021-06-29
14.8,34.97,0.0,3.2948518586340834,2021-06-30
16.11,35.84,0.0,3.334038437976011,2021-07-01
18.58,39.69,0.0,3.5582663625995177,2021-07-02
17.25,30.1,2.95,2.1775220339689647,2021-07-03
12.77,27.17,3.28,2.1391973151158754,2021-07-04
13.29,24.16,0.0,2.0333095814794215,2021-07-05
10.6,21.18,0.0,1.8355141699788973,2021-07-06
12.34,28.75,2.21,2.316421606121839,2021-07-07
13.42,28.33,0.0,2.67045863471368,2021-07-08
12.36,31.08,0.0,3.0259319084294827,2021-07-09
13.5,33.37,0.0,3.1674674651349317,2021-07-10
15.53,31.55,0.0,2.887783684089711,2021-07-11
11.4,28.03,0.0,2.7004646594111494,2021-07-12
9.83,29.31,0.0,2.8945104869948506,2021-07-13
11.66,31.49,0.0,3.037911340815747,2021-07-14
14.27,35.16,0.0,3.263308971828051,2021-07-15
16.29,30.09,0.0,2.5776692180420904,2021-07-16
16.64,35.47,0.0,3.228380333019666,2021-07-17
13.69,25.71,0.0,2.1280521592315553,2021-07-18
13.89,20.83,0.0,1.1229553415457367,2021-07-19
15.58,27.77,0.0,2.2606443363591135,2021-07-20
15.04,31.68,0.0,2.88812544181313,2021-07-21
13.19,33.33,0.0,3.1230371104986996,2021-07-22
6.55,28.84,0.0,2.831538745172304,2021-07-23
9.9,29.04,0.0,2.7840683127483983,2021-07-24
10.67,28.32,1.28,2.673429642660797,2021-07-25
12.26,27.74,0.0,2.4933633624756504,2021-07-26
12.45,33.85,0.0,3.1207827876263865,2021-07-27
12.34,29.68,0.0,2.7017580347437966,2021-07-28
12.48,34.05,0.0,3.1185820990441755,2021-07-29
12.05,31.14,0.0,2.850534557567634,2021-07-30
12.02,31.71,0.0,2.897442416797852,2021-07-31
12.59,33.43,0.0,3.0313398814465766,2021-08-01
16.08,35.48,0.0,3.082008595751069,2021-08-02
18.6,28.95,0.0,1.8704292938849216,2021-08-03
13.9,27.78,0.0,2.2629279004757676,2021-08-04
11.19,31.24,0.0,2.806806136524214,2021-08-05
15.44,33.64,0.0,2.854390817065008,2021-08-06
15.39,28.65,0.0,2.1898969659631833,2021-08-07
13.18,21.75,0.0,1.2736401669675452,2021-08-08
10.94,20.11,1.72,1.3140212026000433,2021-08-09
10.67,22.11,4.41,1.322229484380128,2021-08-10
10.92,25.97,0.0,2.138855514492956,2021-08-11
8.87,23.81,0.0,2.0066762051707614,2021-08-12
8.46,30.34,0.0,2.6739689554330295,2021-08-13
15.97,37.55,0.0,3.076625677495464,2021-08-14
15.91,32.26,0.0,2.51876307955706,2021-08-15
14.43,25.69,0.0,1.716038295844726,2021-08-16
10.52,18.93,1.91,1.0669174876501135,2021-08-17
9.82,18.89,0.0,1.1297337532594585,2021-08-18
7.38,20.44,0.0,1.6227168744251068,2021-08-19
9.52,19.91,0.0,1.338096522701821,2021-08-20
5.88,22.23,2.16,1.5815585244903363,2021-08-21
9.81,15.59,7.03,0.5296595314733404,2021-08-22
7.49,16.68,14.86,1.137649252417645,2021-08-23
7.14,15.02,0.0,1.0024418451372543,2021-08-24
3.2,20.49,0.0,1.9654399551585873,2021-08-25
6.99,21.86,27.71,1.6210773030136545,2021-08-26
12.07,20.83,0.0,1.0680787702860135,2021-08-27
10.51,24.45,0.0,1.768088413169299,2021-08-28
7.69,26.38,0.0,2.095045061604337,2021-08-29
9.1,29.63,0.0,2.308642755445251,2021-08-30
11.63,26.18,4.72,1.503716362274763,2021-08-31
8.42,21.55,0.0,1.5046891628910075,2021-09-01
9.39,18.27,0.0,0.9488789153990068,2021-09-02
8.35,21.87,0.0,1.522872932679693,2021-09-03
5.09,23.23,0.0,1.8007734926941958,2021-09-04
7.56,29.47,0.0,2.207596756932964,2021-09-05
9.56,22.84,1.46,1.499601584877911,2021-09-06
7.37,23.67,0.0,1.6945847925179651,2021-09-07
5.1,25.98,0.0,1.9587462356294176,2021-09-08
10.03,28.39,0.0,2.054481937999532,2021-09-09
8.28,21.81,0.0,1.470159710930577,2021-09-10
5.5,15.16,0.0,0.8789865579575972,2021-09-11
2.36,19.28,0.0,1.4998069747796732,2021-09-12
6.79,21.45,0.0,1.5031705962233888,2021-09-13
3.74,23.64,0.0,1.795243684407936,2021-09-14
7.61,18.43,0.0,1.076471722582597,2021-09-15
3.15,15.09,0.0,1.023029580935378,2021-09-16
-1.72,19.61,0.0,1.5365898221518115,2021-09-17
11.3,32.73,0.0,2.2151607280520276,2021-09-18
6.47,19.55,0.0,1.2174690797926166,2021-09-19
1.43,18.44,0.0,1.348434857809418,2021-09-20
1.92,22.42,0.0,1.615430825633586,2021-09-21
6.04,26.95,0.0,1.8325380281818469,2021-09-22
3.73,16.19,0.0,0.961729059148853,2021-09-23
-1.21,19.76,0.0,1.4328205418716684,2021-09-24
6.81,25.32,0.0,1.6177308559346784,2021-09-25
3.6,25.51,0.0,1.7059146805872265,2021-09-26
8.31,29.88,0.0,1.879821562238987,2021-09-27
6.45,28.02,0.0,1.7777937844521077,2021-09-28
6.45,21.13,0.0,1.178018136439597,2021-09-29
2.2,24.75,0.0,1.614144117925337,2021-09-30
5.58,23.16,0.0,1.3711886541773086,2021-10-01
-0.11,21.54,0.0,1.421114571539301,2021-10-02
4.65,23.65,0.0,1.445264926901089,2021-10-03
1.58,18.85,0.0,1.1658101656094395,2021-10-04
4.98,21.91,0.0,1.2623409267943977,2021-10-05
5.65,26.62,0.0,1.6068855799454929,2021-10-06
2.39,14.27,0.0,0.7639380479868159,2021-10-07
-0.12,17.09,0.0,1.0575416239621187,2021-10-08
-2.34,19.76,0.0,1.279810993831245,2021-10-09
-1.2,18.11,0.0,1.134536960739245,2021-10-10
-1.98,8.66,0.0,0.5756789953075204,2021-10-11
-7.12,9.1,0.0,0.7303529759826558,2021-10-12
-4.44,6.07,3.68,0.4814097412003837,2021-10-13
-1.85,6.26,2.81,0.4058238557786318,2021-10-14
-4.06,13.83,0.0,0.89658082251174,2021-10-15
-1.47,17.77,0.0,1.045926744606783,2021-10-16
2.6,23.97,0.0,1.308962330470204,2021-10-17
0.79,13.46,0.0,0.7343048554396255,2021-10-18
-5.8,7.4,0.0,0.6000023104689939,2021-10-19
-7.33,8.44,0.0,0.6778561490704361,2021-10-20
-4.12,9.49,0.0,0.6564549258211381,2021-10-21
-5.71,9.96,0.0,0.7131491992127456,2021-10-22
-1.37,7.35,0.13,0.4549391674912665,2021-10-23
2.39,6.87,0.0,0.2652210273890287,2021-10-24
4.3,9.67,1.44,0.3377775992781902,2021-10-25
1.78,10.94,0.0,0.5344275843564862,2021-10-26
-0.9,12.87,0.0,0.7363057130645351,2021-10-27
-2.51,11.27,0.0,0.6946355131093773,2021-10-28
-0.13,8.79,0.0,0.4837812486060646,2021-10-29
-5.58,5.21,0.0,0.4771690047771684,2021-10-30
-9.03,4.3,0.0,0.5114768338143523,2021-10-31
-10.51,2.61,0.0,0.4689387636350512,2021-11-01
-10.66,7.42,0.0,0.6524854238603418,2021-11-02
-9.27,9.48,0.0,0.7170921672119364,2021-11-03
-3.27,14.5,0.0,0.8514400778611709,2021-11-04
1.22,13.86,0.0,0.7033523162413438,2021-11-05
-3.87,9.12,0.0,0.6028547697109834,2021-11-06
-6.58,10.0,0.0,0.6937847209079875,2021-11-07
-6.84,8.93,0.0,0.6503352985644955,2021-11-08
-10.19,8.23,0.0,0.6617555560872099,2021-11-09
-2.5,3.79,1.24,0.2977551451536714,2021-11-10
-6.89,-1.78,0.0,0.1981876462753166,2021-11-11
-8.5,-3.79,0.0,0.1682857347490551,2021-11-12
-10.35,5.16,0.0,0.540341351556254,2021-11-13
-6.56,1.49,0.62,0.3264907541374394,2021-11-14
-1.3,4.82,0.49,0.3003734607779292,2021-11-15
-4.45,6.26,5.53,0.4525512517914643,2021-11-16
-12.78,-4.46,0.0,0.2451891692558271,2021-11-17
-15.27,-1.19,0.0,0.378342464700595,2021-11-18
-11.64,-1.66,0.0,0.3140405999303971,2021-11-19
-11.68,0.27,0.0,0.3786240028168274,2021-11-20
-17.35,-3.45,0.0,0.3304111015432922,2021-11-21
-6.77,4.28,0.0,0.4342814062134939,2021-11-22
-10.45,2.97,0.0,0.4496444118249089,2021-11-23
-16.69,-9.14,0.0,0.1734913999822896,2021-11-24
-11.11,1.01,0.0,0.3878905493597232,2021-11-25
-3.98,6.03,0.0,0.4341105354979009,2021-11-26
-8.25,2.44,0.0,0.3865281443509815,2021-11-27
-5.66,3.37,0.0,0.3625337506621301,2021-11-28
-4.84,5.28,1.24,0.4213431980146279,2021-11-29
-6.59,4.63,0.0,0.4352474251425463,2021-11-30
-0.44,6.79,0.0,0.3531950824341179,2021-12-01
-5.05,2.11,1.49,0.2914786519909638,2021-12-02
-10.05,-1.81,0.0,0.2686708447166552,2021-12-03
-12.97,-4.15,0.0,0.2492826954221817,2021-12-04
-23.09,-9.45,0.29,0.2261484312679629,2021-12-05
-24.98,-13.22,0.0,0.1684358886119214,2021-12-06
-21.58,-9.99,0.0,0.206304151465949,2021-12-07
-14.56,2.5,1.0,0.4709570654038192,2021-12-08
-13.05,-1.74,0.0,0.3260034855744361,2021-12-09
-15.13,-3.92,0.0,0.2889566270603727,2021-12-10
-10.54,4.44,0.0,0.4950344112216104,2021-12-11
-9.44,1.02,0.0,0.3562740505742352,2021-12-12
-14.03,-3.95,0.0,0.2720127100568097,2021-12-13
-10.22,-1.99,0.0,0.266429610447268,2021-12-14
-22.5,-11.85,0.0,0.1748813743974297,2021-12-15
-25.52,-17.92,0.3,0.1,2021-12-16
-26.43,-18.12,0.0,0.101287024815389,2021-12-17
-28.6,-11.55,0.0,0.2019273800797885,2021-12-18
-19.43,-11.42,0.0,0.1542301700043815,2021-12-19
-20.7,-11.75,0.0,0.1613520687906849,2021-12-20
-19.22,-7.91,0.0,0.2289333460557468,2021-12-21
-14.36,-7.17,1.61,0.1851787685276018,2021-12-22
-15.69,-3.81,1.08,0.296425781197473,2021-12-23
-25.72,-14.9,0.19,0.1439066296641418,2021-12-24
-29.77,-23.04,1.38,0.1,2021-12-25
-27.64,-24.45,5.41,0.1,2021-12-26
-34.66,-26.16,0.0,0.1,2021-12-27
-36.73,-27.46,0.0,0.1,2021-12-28
-34.99,-26.28,0.0,0.1,2021-12-29
-37.55,-27.97,0.0,0.1,2021-12-30
-35.79,-27.94,0.0,0.1,2021-12-31
-35.16,-23.41,0.0,0.1,2022-01-01
-25.75,-1.04,0.0,0.3914614831519149,2022-01-02
-17.45,-5.77,4.18,0.2553869859803896,2022-01-03
-23.49,-12.66,1.99,0.1673616648345978,2022-01-04
-32.65,-19.62,0.0,0.1091664351307852,2022-01-05
-35.47,-26.34,0.0,0.1,2022-01-06
-23.83,-7.45,1.52,0.2668176962736669,2022-01-07
-24.72,-15.4,0.0,0.1307688725237072,2022-01-08
-29.29,-17.51,0.0,0.1248521926110571,2022-01-09
-21.14,0.35,0.0,0.436737707701071,2022-01-10
-13.16,3.19,0.0,0.4871851595160876,2022-01-11
-1.62,5.6,0.0,0.3423516903429166,2022-01-12
-5.54,4.54,1.93,0.4134571253371412,2022-01-13
-6.19,1.51,0.0,0.3042769424980253,2022-01-14
-4.16,5.07,0.0,0.4018963195008434,2022-01-15
-4.82,4.76,0.0,0.4077338966346375,2022-01-16
-5.95,4.13,1.01,0.4111186250214415,2022-01-17
-18.94,2.8,0.0,0.5091529039225758,2022-01-18
-26.57,-15.28,0.0,0.1480416408272129,2022-01-19
-22.71,-2.19,2.14,0.3728748765617487,2022-01-20
-9.02,3.03,1.48,0.4398966249048199,2022-01-21
-6.73,5.16,1.16,0.4814424719035061,2022-01-22
-8.06,5.39,0.0,0.5185821654236203,2022-01-23
-9.65,2.54,0.0,0.4368606329308697,2022-01-24
-20.96,-4.02,0.0,0.3474917899163413,2022-01-25
-9.27,2.68,0.0,0.438829489572754,2022-01-26
-7.54,2.02,0.0,0.3773031710015835,2022-01-27
-11.91,0.75,0.0,0.4150776459599636,2022-01-28
-9.5,1.89,0.0,0.4178561342526424,2022-01-29
-4.39,5.45,0.0,0.4506752566377096,2022-01-30
-12.48,3.06,3.63,0.4854898259657771,2022-01-31
-26.49,-18.62,0.0,0.1042490939091216,2022-02-01
-33.35,-24.23,0.0,0.1,2022-02-02
-31.0,-20.98,0.0,0.1002106175197785,2022-02-03
-32.68,-10.19,6.39,0.2286582630641391,2022-02-04
-17.07,-8.96,1.01,0.2026557170383005,2022-02-05
-17.97,1.28,0.0,0.5018555001934686,2022-02-06
-5.42,5.03,0.0,0.4803739440437029,2022-02-07
-4.57,3.07,0.0,0.3629188396395581,2022-02-08
-8.21,3.02,0.36,0.4663607178141334,2022-02-09
-9.3,5.44,0.19,0.5907940299285138,2022-02-10
-17.81,-12.66,0.0,0.1234713331815489,2022-02-11
-16.57,-7.2,0.0,0.2559988520590237,2022-02-12
-15.52,1.82,0.0,0.5278565101080331,2022-02-13
-18.49,-9.87,1.09,0.2101220556205418,2022-02-14
-15.24,-6.65,1.62,0.2550175329126668,2022-02-15
-24.93,-15.23,0.0,0.1606826350600651,2022-02-16
-26.87,-5.53,0.0,0.35430701681233,2022-02-17
-20.27,-7.75,0.0,0.2921791834198021,2022-02-18
-17.17,3.43,2.32,0.5669328388268801,2022-02-19
-22.19,-15.57,0.0,0.1295696227957774,2022-02-20
-28.53,-19.93,0.0,0.1128297623679222,2022-02-21
-31.44,-20.47,0.0,0.1212022356620079,2022-02-22
-30.18,-18.19,0.0,0.1485500055412826,2022-02-23
-26.95,-16.6,0.0,0.159845104529454,2022-02-24
-26.27,-8.0,0.0,0.321368679083197,2022-02-25
-13.72,-2.54,0.0,0.3963138905997004,2022-02-26
-12.08,-7.49,0.0,0.1708051259596927,2022-02-27
-12.44,-7.87,0.0,0.1687705684317534,2022-02-28
-10.98,-6.85,0.0,0.1663729968044472,2022-03-01
-17.44,-8.6,0.0,0.2626228049184513,2022-03-02
-18.27,-10.04,4.32,0.2122794570478828,2022-03-03
-11.43,-8.26,2.92,0.1163936017123181,2022-03-04
-17.27,-9.69,0.0,0.2319369893093692,2022-03-05
-17.82,-4.3,0.0,0.4175254355513645,2022-03-06
-15.34,1.98,0.61,0.6336713442595526,2022-03-07
-18.04,-8.01,0.0,0.3072586493721961,2022-03-08
-24.18,-14.66,0.0,0.1985850581809415,2022-03-09
-23.79,-12.51,0.0,0.246080302284107,2022-03-10
-30.9,-10.25,0.0,0.2975951264325432,2022-03-11
-14.84,3.21,0.0,0.7228964266679068,2022-03-12
-12.76,-3.29,0.0,0.3967533200927091,2022-03-13
-11.23,-1.25,0.0,0.4560886486377069,2022-03-14
-7.4,3.87,0.0,0.6921189321927149,2022-03-15
-4.88,3.94,0.0,0.5886905324618917,2022-03-16
-6.85,5.2,0.0,0.7906745551213121,2022-03-17
-2.47,5.48,0.0,0.5990514771386874,2022-03-18
-4.75,5.64,0.0,0.783786444594308,2022-03-19
-1.45,4.07,6.45,0.3641593796817685,2022-03-20
-0.56,5.46,0.0,0.4740727943319616,2022-03-21
-2.91,7.54,0.0,0.8992653198083718,2022-03-22
-1.74,12.58,0.0,1.3011569325801515,2022-03-23
-1.14,7.07,2.02,0.5686359130209184,2022-03-24
-7.31,0.32,0.0,0.4944244259952058,2022-03-25
-9.11,-2.88,0.0,0.3520861069019069,2022-03-26
-7.2,7.56,0.0,1.1043738055913326,2022-03-27
-1.83,6.58,0.0,0.9163628133601286,2022-03-28
-5.55,2.34,0.0,0.7012912305636075,2022-03-29
-7.44,9.47,0.0,1.318626958233555,2022-03-30
-0.85,5.32,2.16,0.4856989285840901,2022-03-31
-4.34,5.01,0.0,0.9086856059342372,2022-04-01
-7.39,6.71,0.0,1.1473890092130363,2022-04-02
-3.33,11.87,0.0,1.5001962763221248,2022-04-03
-1.44,16.27,0.0,1.8662747622673812,2022-04-04
-0.68,8.83,2.93,0.9537222319726592,2022-04-05
-1.57,7.26,0.84,1.0545445792161077,2022-04-06
-3.65,11.47,0.0,1.5356371739663457,2022-04-07
-1.4,19.29,0.0,2.0837020064807934,2022-04-08
-0.01,12.59,0.0,1.600310200122027,2022-04-09
-4.08,5.63,0.0,1.0486216444059502,2022-04-10
-8.23,-2.55,0.0,0.409498822478876,2022-04-11
-9.74,-4.91,0.0,0.2854455113340685,2022-04-12
-9.42,-4.04,0.0,0.35905516418028,2022-04-13
-8.13,-2.19,0.24,0.4909565135478885,2022-04-14
-8.82,-1.0,0.0,0.6832043543167869,2022-04-15
-8.54,2.61,0.0,1.023562294521173,2022-04-16
-8.26,4.49,0.0,1.1743906031814388,2022-04-17
-8.09,9.61,0.0,1.533340758603907,2022-04-18
-2.15,4.63,2.27,0.685716514022322,2022-04-19
-4.77,2.21,0.68,0.7811723684747744,2022-04-20
-8.67,6.47,0.0,1.3389520112930031,2022-04-21
-2.04,4.14,1.08,0.8455279861817941,2022-04-22
0.51,11.16,1.32,1.6689744157542346,2022-04-23
-2.91,12.04,0.0,1.773646214224683,2022-04-24
-2.08,11.08,0.0,1.7110857848472076,2022-04-25
-2.25,15.33,0.0,1.9795478917361884,2022-04-26
1.31,15.92,0.0,2.046929720500245,2022-04-27
0.37,18.02,0.0,2.1741499424047066,2022-04-28
-0.24,16.77,0.0,2.095773791504816,2022-04-29
0.69,17.89,0.0,2.172432248618563,2022-04-30
0.49,15.36,0.0,2.005040155159374,2022-05-01
-0.38,19.45,0.0,2.257002648095494,2022-05-02
3.69,20.2,0.0,2.344016110255335,2022-05-03
0.31,24.48,0.0,2.5586402034894844,2022-05-04
8.1,27.69,0.0,2.7510968081473477,2022-05-05
9.42,22.9,2.32,2.2167968458504808,2022-05-06
4.53,15.22,6.59,1.600311132543882,2022-05-07
2.1,14.66,0.0,1.8914958252635392,2022-05-08
-0.45,16.15,0.0,2.00145065428805,2022-05-09
3.45,14.26,2.6,1.4608512059533132,2022-05-10
-0.94,19.28,0.0,2.1866125973602903,2022-05-11
3.18,21.53,0.0,2.3635285512914543,2022-05-12
4.81,12.37,11.27,0.9786414462598332,2022-05-13
3.28,17.56,0.0,1.9907940868770049,2022-05-14
2.76,20.79,0.0,2.3116887848383407,2022-05-15
4.51,20.07,0.0,2.227793084290449,2022-05-16
6.94,18.65,3.29,1.5838974239004209,2022-05-17
7.45,16.51,1.0,1.5274821641672494,2022-05-18
1.73,11.1,2.74,0.9694901109487694,2022-05-19
1.32,8.56,0.0,0.8575260831877528,2022-05-20
-1.18,15.09,0.0,1.863490465080194,2022-05-21
0.59,17.27,0.0,2.033466499098433,2022-05-22
1.79,23.19,0.0,2.480959397240413,2022-05-23
4.56,24.99,0.0,2.618638693863738,2022-05-24
5.91,24.93,0.0,2.6166427168132596,2022-05-25
5.34,24.16,0.0,2.565437099930297,2022-05-26
6.69,22.33,0.0,2.3908458517448787,2022-05-27
8.31,23.46,0.0,2.4632554523995087,2022-05-28
8.6,21.22,0.0,2.160905033599896,2022-05-29
6.97,17.49,0.0,1.7425823739837456,2022-05-30
3.23,19.14,0.0,2.1919206985554114,2022-05-31
1.99,19.68,0.0,2.2758780529157,2022-06-01
4.54,21.69,0.0,2.419933247528257,2022-06-02
2.17,23.49,0.0,2.5392536914086095,2022-06-03
3.92,25.49,0.0,2.6841989015818237,2022-06-04
6.85,20.94,0.0,2.3396430579855165,2022-06-05
6.77,21.54,0.0,2.389702803099981,2022-06-06
8.14,22.18,0.0,2.4167075593537612,2022-06-07
6.6,25.26,0.0,2.679317820190634,2022-06-08
11.36,24.32,3.66,2.1171722130268713,2022-06-09
10.3,26.22,1.49,2.716695690590873,2022-06-10
8.15,24.33,0.0,2.602916754200909,2022-06-11
8.3,24.17,9.2,2.2068362316979497,2022-06-12
11.09,21.75,11.08,1.551461486235525,2022-06-13
7.69,19.39,0.0,1.8174038541631024,2022-06-14
5.9,16.33,5.11,1.1963896321204004,2022-06-15
11.3,20.79,0.0,1.592655289274871,2022-06-16
10.84,29.38,0.0,2.8458172734559883,2022-06-17
17.81,31.41,0.0,2.608391467373127,2022-06-18
15.83,21.01,1.34,0.796438124043202,2022-06-19
14.75,20.34,5.26,0.6420020256390339,2022-06-20
11.69,22.56,1.28,1.8818806153201335,2022-06-21
11.06,28.13,4.03,2.2415310183351655,2022-06-22
10.74,25.63,7.13,1.973379087091509,2022-06-23
8.66,17.87,0.0,1.3835394880991696,2022-06-24
9.07,21.64,3.94,1.5722954670179228,2022-06-25
8.64,24.82,0.0,2.3792785827266267,2022-06-26
9.84,22.68,0.0,2.0258262353549954,2022-06-27
8.74,22.84,0.41,2.130982666316214,2022-06-28
12.34,24.17,0.0,1.9894330755387948,2022-06-29
9.59,22.99,0.0,2.1002362173134332,2022-06-30
7.46,24.06,0.0,2.358004805457325,2022-07-01
9.71,22.08,0.0,1.9667009799093764,2022-07-02
10.44,23.56,0.0,2.1341196733028784,2022-07-03
12.53,20.53,0.0,1.3612566196451144,2022-07-04
12.1,17.82,2.28,0.6602457374911314,2022-07-05
12.72,23.9,0.0,2.02619346435826,2022-07-06
11.9,24.22,3.08,1.719312620431272,2022-07-07
16.49,32.02,2.35,2.278803795214542,2022-07-08
16.49,29.08,1.49,2.3879813660399436,2022-07-09
13.36,24.84,7.55,1.6106898297025305,2022-07-10
10.87,26.83,0.0,2.4490640931435026,2022-07-11
10.41,30.5,0.0,2.7995272771742967,2022-07-12
16.13,33.14,3.23,2.2891894372483343,2022-07-13
14.36,27.95,0.0,2.276975939682205,2022-07-14
16.39,33.67,0.0,2.8025413642684187,2022-07-15
15.19,35.29,0.0,2.9937166081800157,2022-07-16
15.77,30.26,0.0,2.41521044960394,2022-07-17
13.94,29.4,17.41,1.9698658972869527,2022-07-18
15.68,28.59,5.18,1.604467453708622,2022-07-19
12.35,24.71,0.0,1.7718583957910938,2022-07-20
10.59,28.13,0.0,2.3158872310922205,2022-07-21
11.23,24.47,0.0,1.8378488719253163,2022-07-22
8.57,21.52,0.0,1.6805043398353106,2022-07-23
7.63,28.85,0.87,2.4729237946007117,2022-07-24
13.76,20.77,1.23,0.8912308574168182,2022-07-25
10.19,24.14,0.0,1.8475379442590745,2022-07-26
7.65,25.84,0.0,2.172552592364737,2022-07-27
8.27,28.4,0.0,2.370329201829507,2022-07-28
13.14,34.31,0.0,2.696192001510309,2022-07-29
15.35,24.13,2.79,0.9750675083995044,2022-07-30
13.39,26.59,3.26,1.4289898429017769,2022-07-31
14.77,26.25,0.0,1.5643983572286415,2022-08-01
12.84,23.63,0.0,1.393902071032625,2022-08-02
7.72,25.32,0.0,2.0138427828777585,2022-08-03
11.76,33.6,0.0,2.5778508489978824,2022-08-04
8.57,17.81,0.0,0.987638274257246,2022-08-05
4.79,23.39,0.0,1.9387586238987633,2022-08-06
12.35,29.89,0.0,2.2034166210544996,2022-08-07
11.02,32.26,0.0,2.477470487928135,2022-08-08
9.22,25.41,0.0,1.8868339890869763,2022-08-09
9.81,26.29,0.0,1.9358524751116517,2022-08-10
15.83,26.65,0.0,1.387684372780398,2022-08-11
11.63,31.5,0.0,2.417984581483793,2022-08-12
15.8,32.98,3.5,1.883837088600236,2022-08-13
15.02,30.07,0.0,1.985142214791831,2022-08-14
11.69,29.74,0.0,2.1839752874482325,2022-08-15
13.69,34.38,0.0,2.526390545578489,2022-08-16
15.8,29.04,0.0,1.7539243836952356,2022-08-17
12.28,29.55,0.0,2.1231312958636797,2022-08-18
10.4,29.94,0.0,2.240554215228443,2022-08-19
14.51,32.57,0.0,2.2614853573337803,2022-08-20
12.44,34.59,0.0,2.530501835953503,2022-08-21
15.86,25.16,0.0,1.060390067342564,2022-08-22
13.07,27.19,0.0,1.7074097261557388,2022-08-23
10.2,27.62,0.0,1.9449686524385432,2022-08-24
10.42,29.19,0.0,2.070765632635869,2022-08-25
12.35,28.39,3.21,1.5174150996472784,2022-08-26
13.31,30.98,6.18,1.6833494371087452,2022-08-27
12.18,21.83,0.0,0.9968919044291576,2022-08-28
8.45,27.58,0.0,1.9156454951776585,2022-08-29
9.95,32.35,0.0,2.241921095363004,2022-08-30
12.91,35.57,0.0,2.3637240761276916,2022-08-31
13.34,31.4,0.0,1.9361223242073804,2022-09-01
5.3,27.18,0.0,1.918757292907782,2022-09-02
11.67,36.68,0.0,2.436921842338194,2022-09-03
15.18,35.24,0.0,2.127208676521736,2022-09-04
12.07,30.66,0.0,1.8658762509519569,2022-09-05
8.39,24.65,0.0,1.4837094997187392,2022-09-06
9.61,35.08,0.0,2.309345978241144,2022-09-07
6.48,18.71,0.0,1.0210015107964676,2022-09-08
3.13,16.75,0.0,1.0336630974866834,2022-09-09
1.36,23.56,0.0,1.6484611527272928,2022-09-10
7.94,32.86,0.0,2.1936948362264603,2022-09-11
8.91,22.93,0.0,1.2953294209498374,2022-09-12
8.27,15.15,0.92,0.5868951547600355,2022-09-13
7.11,16.06,0.0,0.7418329101953752,2022-09-14
4.58,17.27,0.0,1.0072297246500193,2022-09-15
10.55,20.76,0.0,0.9106950394877442,2022-09-16
7.71,22.88,0.0,1.3612755853806426,2022-09-17
5.11,22.37,0.0,1.4526968733678831,2022-09-18
7.96,16.76,5.48,0.6736036673907674,2022-09-19
4.33,13.82,0.0,0.7196131978843627,2022-09-20
-0.67,17.24,0.0,1.2399313432994237,2022-09-21
1.78,20.2,0.0,1.418372440564044,2022-09-22
5.1,20.76,0.0,1.3169876341390798,2022-09-23
5.77,21.35,0.0,1.3538406559402305,2022-09-24
1.51,21.9,0.0,1.5366510658754056,2022-09-25
6.54,23.1,0.0,1.4438473721590137,2022-09-26
5.85,25.83,0.0,1.6843986405365046,2022-09-27
8.18,30.22,0.0,1.9302461923165508,2022-09-28
7.74,29.81,0.0,1.8940446562539015,2022-09-29
11.32,23.38,0.0,1.0709759958201477,2022-09-30
8.08,20.8,0.0,1.0439740315846326,2022-10-01
5.08,21.18,0.0,1.2617424536719983,2022-10-02
6.63,22.6,0.0,1.3016050883007904,2022-10-03
6.92,26.03,0.0,1.580654435903045,2022-10-04
2.74,11.64,0.0,0.5965526201584007,2022-10-05
-4.71,10.28,0.0,0.7832561255418063,2022-10-06
-2.26,19.88,0.0,1.36065875601638,2022-10-07
2.96,23.15,0.0,1.477531930181866,2022-10-08
3.07,22.42,0.0,1.4639917717453224,2022-10-09
2.89,25.25,0.0,1.64721842961601,2022-10-10
4.26,15.37,0.0,0.7718151606235923,2022-10-11
2.61,11.44,0.0,0.5695784611898361,2022-10-12
-0.16,14.39,0.0,0.9303041241709894,2022-10-13
-2.58,15.82,0.26,1.0899687722815872,2022-10-14
-2.33,9.39,0.0,0.627921266804141,2022-10-15
-3.89,8.75,0.0,0.6361454514152487,2022-10-16
-2.95,17.4,0.0,1.3128798363337326,2022-10-17
0.68,22.0,0.0,1.6414007411365414,2022-10-18
1.84,21.49,0.0,1.5741326548703822,2022-10-19
3.33,15.38,0.0,0.9890490524525772,2022-10-20
-0.37,11.71,0.0,0.8304370095793062,2022-10-21
-4.75,11.21,2.5,0.7951573862619274,2022-10-22
-0.32,4.34,8.86,0.2383725424661574,2022-10-23
-2.51,1.23,0.0,0.1848780352203187,2022-10-24
-2.55,4.2,0.0,0.3360924417603016,2022-10-25
-4.45,7.35,0.0,0.5555850873064104,2022-10-26
-0.25,11.62,0.0,0.6685896072264764,2022-10-27
-1.18,10.84,0.0,0.6485779714583114,2022-10-28
-2.49,13.38,0.0,0.900193206676042,2022-10-29
-1.43,15.41,0.0,1.0334380436054995,2022-10-30
-1.06,9.12,0.0,0.533325465673602,2022-10-31
-0.28,7.97,0.0,0.4418700565183551,2022-11-01
-2.77,1.43,0.71,0.2007790951839864,2022-11-02
-8.2,-2.16,0.0,0.2297210328439704,2022-11-03
-10.32,2.05,0.02,0.4501103742628655,2022-11-04
-5.7,2.75,6.96,0.3454445716331991,2022-11-05
-13.18,-5.84,0.0,0.2176424772324351,2022-11-06
-16.63,-7.33,4.69,0.2246833855309767,2022-11-07
-19.04,-6.53,0.0,0.2847137458839072,2022-11-08
-25.2,-15.37,0.0,0.1467051731623186,2022-11-09
-25.34,-14.85,0.0,0.1557476906827436,2022-11-10
-22.13,-11.32,0.0,0.1979582815309317,2022-11-11
-22.27,-10.76,0.86,0.2097871996105112,2022-11-12
-13.87,-5.65,0.0,0.2380847185011416,2022-11-13
-11.12,-5.15,0.66,0.1958880422173501,2022-11-14
-10.42,-3.68,0.0,0.2300906663003371,2022-11-15
-10.35,-2.39,0.16,0.275490082828539,2022-11-16
-16.33,-10.04,0.0,0.1555507876511841,2022-11-17
-16.03,-6.46,0.0,0.2478898943880649,2022-11-18
-13.02,-4.58,0.0,0.2550243647085872,2022-11-19
-12.18,0.96,0.0,0.4208528577614457,2022-11-20
-11.29,1.86,0.42,0.4384132608089401,2022-11-21
-6.06,2.11,0.0,0.3408523788419295,2022-11-22
-5.48,2.07,0.0,0.3210108524084367,2022-11-23
-7.26,3.57,0.0,0.4264582394379679,2022-11-24
-0.38,6.86,0.0,0.3736101264601573,2022-11-25
-4.28,3.05,0.0,0.3239812686272841,2022-11-26
-4.57,2.71,2.0,0.3178902898108921,2022-11-27
-10.57,-4.87,3.84,0.1788029526395984,2022-11-28
-16.98,-9.91,0.4,0.1648246286705829,2022-11-29
-21.57,-14.98,0.82,0.1148572574847496,2022-11-30
-24.77,-15.61,0.81,0.1323858257273389,2022-12-01
-30.2,-22.48,0.0,0.1,2022-12-02
-24.94,-11.11,0.0,0.2060541912636256,2022-12-03
-14.96,-2.97,0.0,0.3191852491410147,2022-12-04
-25.35,-13.89,0.0,0.1614168882798553,2022-12-05
-34.01,-21.68,0.0,0.1,2022-12-06
-34.87,-9.74,0.0,0.2178693189591135,2022-12-07
-15.95,-6.0,0.0,0.2448338227860075,2022-12-08
-12.21,-1.96,0.0,0.3078179058936259,2022-12-09
-18.17,-7.17,0.0,0.2397211608114467,2022-12-10
-10.19,-4.8,1.15,0.1737295426347429,2022-12-11
-12.81,-7.2,2.35,0.1519813699063738,2022-12-12
-16.84,-11.95,0.0,0.1083972911096756,2022-12-13
-18.47,-7.76,0.29,0.2282166718618488,2022-12-14
-17.07,-10.03,0.0,0.1575721826137592,2022-12-15
-20.75,-13.82,0.0,0.1232368532747997,2022-12-16
-20.37,-14.1,0.0,0.1131569187287182,2022-12-17
-26.02,-20.11,0.76,0.1,2022-12-18
-30.63,-23.89,1.46,0.1,2022-12-19
-35.54,-28.28,0.43,0.1,2022-12-20
-33.63,-27.35,0.38,0.1,2022-12-21
-32.48,-25.26,0.0,0.1,2022-12-22
-35.89,-21.07,0.0,0.1,2022-12-23
-22.98,-12.7,5.52,0.159348153454821,2022-12-24
-16.32,-9.56,1.61,0.1581009332107817,2022-12-25
-15.27,-1.6,0.0,0.3560484170337284,2022-12-26
-12.15,-4.59,7.97,0.2161416978843974,2022-12-27
-16.17,-10.71,2.06,0.1225912226653186,2022-12-28
-14.83,-10.3,0.0,0.1132465746911379,2022-12-29
-17.38,-9.31,0.0,0.1805667054332249,2022-12-30
-19.75,-11.69,0.0,0.1565580006815042,2022-12-31
-19.45,-7.13,0.0,0.2499076960757096,2023-01-01
-15.65,-5.77,0.0,0.2451824415169212,2023-01-02
-15.25,-5.98,0.0,0.2347929011955084,2023-01-03
-18.86,-9.51,0.0,0.1927108759859329,2023-01-04
-18.87,-10.58,0.0,0.1697291755774367,2023-01-05
-17.45,-6.92,0.0,0.2388208084632248,2023-01-06
-14.21,-4.66,0.0,0.2585203362641035,2023-01-07
-15.06,-5.1,0.0,0.2585907373325081,2023-01-08
-14.99,-5.43,0.0,0.2488746848483781,2023-01-09
-16.94,-10.13,0.0,0.1561289097507023,2023-01-10
-15.17,-9.49,0.0,0.1432583064775024,2023-01-11
-14.64,-7.83,0.0,0.1792492927672285,2023-01-12
-13.95,-5.06,0.0,0.2464243989264053,2023-01-13
-12.52,-6.15,0.0,0.1887231113282435,2023-01-14
-9.32,-6.95,0.0,0.1,2023-01-15
-9.54,-6.78,0.0,0.1,2023-01-16
-10.59,-7.73,0.0,0.1,2023-01-17
-7.97,-3.33,0.0,0.17410189269629,2023-01-18
-9.85,-3.83,0.0,0.2081403871876172,2023-01-19
-14.45,-5.06,0.0,0.2606355930812389,2023-01-20
-12.85,-1.17,0.0,0.356999026248365,2023-01-21
-7.13,1.43,0.47,0.3773857917066941,2023-01-22
-13.29,-1.05,0.47,0.4044520306763017,2023-01-23
-10.35,-2.84,0.0,0.2662728827990769,2023-01-24
-8.17,-0.74,2.19,0.2780035065664215,2023-01-25
-8.57,3.86,1.04,0.5943846124994577,2023-01-26
-19.82,-4.49,0.0,0.3527612505588944,2023-01-27
-24.6,-18.04,0.0,0.1006665044368528,2023-01-28
-26.05,-18.81,0.0,0.101868255217443,2023-01-29
-26.41,-17.86,0.0,0.1197603684952527,2023-01-30
-23.81,-13.93,0.0,0.1680196327699961,2023-01-31
-24.34,-12.87,0.17,0.1915346583853638,2023-02-01
-28.98,-18.25,0.0,0.1297678114696043,2023-02-02
-19.7,-3.5,0.0,0.4149879894077878,2023-02-03
-8.18,-0.76,0.0,0.3714515463691947,2023-02-04
-11.01,1.12,0.0,0.5737022775020089,2023-02-05
-4.96,1.63,0.0,0.4155741990272627,2023-02-06
-5.57,2.64,0.0,0.5547857147915588,2023-02-07
-9.84,-0.46,0.0,0.4930118706498908,2023-02-08
-14.25,-3.0,0.0,0.4457555865914865,2023-02-09
-10.12,4.55,0.0,0.7859763047191585,2023-02-10
-6.89,0.96,0.0,0.5061422252154797,2023-02-11
-8.08,1.16,0.0,0.5798799087005403,2023-02-12
-4.59,3.09,0.0,0.6002252788953255,2023-02-13
-17.39,-4.35,0.0,0.4412048767914365,2023-02-14
-17.32,-10.87,0.0,0.1737953315731846,2023-02-15
-20.01,-2.62,0.0,0.5093989157832903,2023-02-16
-9.29,-0.78,0.0,0.4999672695649125,2023-02-17
-13.04,-4.73,0.0,0.3649865603111434,2023-02-18
-13.25,-7.88,1.3,0.1836796694070887,2023-02-19
-22.21,-11.9,0.0,0.2334941305432382,2023-02-20
-27.93,-18.41,0.0,0.1356689199855299,2023-02-21
-31.87,-25.63,0.0,0.1,2023-02-22
-30.16,-21.77,0.0,0.1017753161062699,2023-02-23
-31.38,-19.87,0.0,0.1326435343588291,2023-02-24
-28.86,-12.71,0.0,0.2536806712479397,2023-02-25
-18.84,-5.27,0.0,0.4808068288741403,2023-02-26
-16.56,-7.33,0.0,0.3704135575334939,2023-02-27
-22.09,-11.63,0.0,0.2719690786502826,2023-02-28
-21.35,-7.02,0.0,0.4316576034524464,2023-03-01
-13.71,0.04,0.0,0.7386644039826017,2023-03-02
-11.14,-1.08,0.0,0.6579912187048458,2023-03-03
-15.82,-6.23,0.0,0.4417889282724394,2023-03-04
-21.78,-11.54,0.0,0.2931485974071886,2023-03-05
-25.87,-14.28,0.0,0.2394556124750617,2023-03-06
-18.1,-12.81,0.0,0.1528953459112699,2023-03-07
-19.44,-14.03,0.0,0.1450448212859826,2023-03-08
-20.16,-10.97,0.0,0.3134232133780318,2023-03-09
-14.72,-6.94,2.26,0.3229247445701827,2023-03-10
-13.3,-6.78,1.46,0.3811413351116748,2023-03-11
-20.11,-9.01,0.0,0.4190524436379143,2023-03-12
-17.64,-4.08,0.0,0.6304193001234809,2023-03-13
-11.88,-0.5,0.54,0.8195438000231974,2023-03-14
-16.33,-4.31,0.0,0.6309410840557198,2023-03-15
-16.2,-6.18,0.0,0.5382330763427926,2023-03-16
-21.61,-8.3,0.0,0.4705036429310563,2023-03-17
-19.52,-1.26,0.0,0.7510060806411147,2023-03-18
-15.02,-3.41,0.0,0.6974466087360416,2023-03-19
-12.82,-5.9,0.0,0.4792175839006742,2023-03-20
-15.21,-6.82,0.0,0.5000608401622494,2023-03-21
-16.94,-6.85,0.0,0.5395998228562883,2023-03-22
-15.31,1.62,0.0,0.9402925904282908,2023-03-23
-14.78,-4.28,0.0,0.669478215005793,2023-03-24
-19.73,-4.24,0.0,0.6711698908876782,2023-03-25
-14.93,-6.62,0.0,0.5243078414281096,2023-03-26
-20.0,-9.32,0.0,0.464719183676073,2023-03-27
-22.18,-6.71,0.0,0.5732178302816592,2023-03-28
-18.37,-1.44,0.0,0.8101961041035408,2023-03-29
-11.83,-1.88,0.0,0.8265677819401012,2023-03-30
-14.7,0.24,0.0,0.9274765909783278,2023-03-31
-9.88,1.77,0.0,1.0395249265959834,2023-04-01
-8.84,-3.59,2.81,0.4037952834648634,2023-04-02
-14.13,-8.1,0.0,0.4202783007575805,2023-04-03
-19.71,-6.91,0.0,0.6142141583063513,2023-04-04
-22.87,-5.69,0.0,0.6362998498842712,2023-04-05
-20.54,-4.25,0.0,0.7151120997522841,2023-04-06
-13.51,1.69,0.0,1.0230324331592855,2023-04-07
-4.61,5.86,0.0,1.280135641999049,2023-04-08
-0.44,7.5,0.0,1.33989224496144,2023-04-09
2.4,8.79,0.0,1.3702110990817609,2023-04-10
0.67,9.38,0.0,1.468732451784467,2023-04-11
-0.3,9.08,0.0,1.4310560534084409,2023-04-12
-2.74,8.44,0.0,1.4156157383505772,2023-04-13
-0.81,10.07,0.0,1.5142068634856256,2023-04-14
-2.46,13.19,0.0,1.7063613651461027,2023-04-15
-1.1,15.87,0.0,1.8736399011326208,2023-04-16
2.99,17.42,0.0,1.996674477154633,2023-04-17
-0.47,7.08,3.55,1.1458399681789633,2023-04-18
-3.7,0.61,7.0,0.477495322208363,2023-04-19
-4.3,-0.89,0.25,0.3969297486917266,2023-04-20
-5.11,2.89,0.0,1.0761640626584452,2023-04-21
-4.31,7.59,0.0,1.4148059484234865,2023-04-22
-5.23,10.12,0.0,1.5575251564156831,2023-04-23
-1.13,11.64,0.0,1.6746526310380507,2023-04-24
2.37,17.49,1.96,2.0556552668184045,2023-04-25
1.19,15.44,0.0,1.9244895080369784,2023-04-26
1.56,10.96,0.0,1.606895690122959,2023-04-27
-0.57,18.93,0.0,2.1277851039600963,2023-04-28
-1.46,16.42,0.0,1.977758759116078,2023-04-29
-2.13,16.71,0.0,1.9882164143445955,2023-04-30
-0.03,20.84,0.0,2.251303431385389,2023-05-01
3.72,26.81,0.0,2.6394659504033444,2023-05-02
6.26,27.24,0.0,2.696887791947223,2023-05-03
6.14,27.63,0.0,2.72109358607286,2023-05-04
4.69,20.05,0.0,2.2363471342816004,2023-05-05
4.58,17.88,0.0,2.084209181122143,2023-05-06
7.97,18.91,0.0,2.106926230643692,2023-05-07
7.47,20.05,0.0,2.219532320003601,2023-05-08
3.4,21.2,0.0,2.3329503521072024,2023-05-09
7.14,21.61,0.0,2.3432308049692105,2023-05-10
5.33,22.15,0.0,2.396149425099232,2023-05-11
8.25,19.35,0.0,2.1278067107968144,2023-05-12
4.53,24.84,0.0,2.576565636381758,2023-05-13
5.97,26.81,0.0,2.70852921633747,2023-05-14
10.07,28.19,0.0,2.798497509118415,2023-05-15
9.95,30.94,0.0,2.9877637076644983,2023-05-16
6.05,17.19,0.0,1.9948939988688668,2023-05-17
3.8,16.72,0.0,2.0032568603082987,2023-05-18
1.26,26.78,0.0,2.661198913634271,2023-05-19
10.72,25.98,0.0,2.607224050807888,2023-05-20
6.87,25.25,0.0,2.599608255820964,2023-05-21
12.61,31.33,3.15,2.7389965757886734,2023-05-22
11.95,24.68,2.98,2.2736760634033346,2023-05-23
10.29,21.09,13.68,2.034423390115262,2023-05-24
12.07,16.25,4.03,0.5367093034274972,2023-05-25
10.81,20.25,0.0,1.9436884700398944,2023-05-26
8.22,18.54,6.25,1.5660074015582626,2023-05-27
12.84,21.53,0.0,1.814681074063165,2023-05-28
10.03,26.82,0.0,2.731862632565087,2023-05-29
10.66,28.98,1.0,2.8923051134826574,2023-05-30
11.5,31.13,0.0,3.043877735541272,2023-05-31
14.13,27.49,0.0,2.703409912808036,2023-06-01
12.86,23.25,0.0,2.2273874880772544,2023-06-02
16.24,26.41,9.6,1.9379780710210452,2023-06-03
15.07,30.62,0.0,2.980563835475623,2023-06-04
17.02,33.28,0.0,3.147198658779512,2023-06-05
15.45,26.88,0.0,2.440842554458512,2023-06-06
12.03,29.01,0.0,2.9183577142151154,2023-06-07
13.03,29.95,0.0,2.9772414147144617,2023-06-08
11.1,25.73,0.0,2.668989165907245,2023-06-09
9.87,24.95,0.0,2.636070994762418,2023-06-10
10.74,29.0,0.0,2.9380983336318827,2023-06-11
12.44,30.89,0.0,3.0614684723290853,2023-06-12
12.88,31.22,0.0,3.083684770827539,2023-06-13
13.09,29.88,3.26,2.625039833253771,2023-06-14
9.7,19.0,0.0,1.7596826709523703,2023-06-15
6.63,25.38,0.0,2.7141177811925137,2023-06-16
12.19,22.34,0.0,2.060300228964098,2023-06-17
7.86,24.97,15.32,2.3059001161978863,2023-06-18
9.69,22.78,0.0,2.2247371816829964,2023-06-19
8.12,22.38,0.0,2.2877295807396907,2023-06-20
8.33,20.18,0.0,1.9766875714000145,2023-06-21
6.73,24.0,0.0,2.534423863580926,2023-06-22
8.03,26.63,0.0,2.7505527837761816,2023-06-23
9.07,27.37,0.0,2.777816132576739,2023-06-24
11.01,30.1,5.48,2.484835696052691,2023-06-25
11.54,26.52,0.0,2.477395985372092,2023-06-26
11.27,28.38,0.0,2.705855951993709,2023-06-27
11.47,25.28,0.0,2.2958783330491506,2023-06-28
10.7,28.05,0.0,2.6987182312483013,2023-06-29
13.61,30.22,0.0,2.8003805260472743,2023-06-30
13.86,32.6,0.0,3.042025486213578,2023-07-01
12.14,22.59,0.0,1.799412056238662,2023-07-02
10.19,20.8,0.0,1.7256757559014917,2023-07-03
8.24,19.37,0.0,1.71589217768572,2023-07-04
5.58,24.21,0.0,2.4781596147923373,2023-07-05
8.34,26.54,0.0,2.623995170761036,2023-07-06
8.24,25.2,0.0,2.48016428230123,2023-07-07
8.67,28.03,0.0,2.7511930201381527,2023-07-08
11.46,30.63,0.0,2.91360506738363,2023-07-09
9.82,23.61,0.0,2.162314208235117,2023-07-10
9.59,22.35,0.0,2.0050925230097363,2023-07-11
9.59,24.86,0.0,2.3525656695190205,2023-07-12
11.42,25.82,0.0,2.3553197512566872,2023-07-13
10.86,21.85,0.0,1.803451007237284,2023-07-14
8.3,24.41,0.0,2.3599019778173194,2023-07-15
7.87,23.6,0.0,2.2853198663944547,2023-07-16
8.66,27.31,4.33,2.194961929535323,2023-07-17
12.44,19.71,4.47,0.8131050608207472,2023-07-18
12.96,24.36,0.0,1.9723687587166576,2023-07-19
10.66,27.15,0.0,2.5546996233269574,2023-07-20
11.27,29.03,0.0,2.7180413477160617,2023-07-21
11.52,29.14,2.06,2.2436307926964236,2023-07-22
13.93,30.86,0.0,2.7516939535764235,2023-07-23
16.03,34.8,0.0,3.061797385836211,2023-07-24
18.19,33.52,0.0,2.7868574679463753,2023-07-25
11.84,26.52,0.0,2.3506374071844003,2023-07-26
9.49,20.81,0.0,1.7306039154964703,2023-07-27
8.22,21.67,0.0,1.9660528457762596,2023-07-28
6.06,23.95,0.0,2.3282061835062047,2023-07-29
8.29,30.11,0.0,2.818657735948993,2023-07-30
15.42,32.99,0.0,2.8597657233654727,2023-07-31
12.13,31.91,0.0,2.8665551304683072,2023-08-01
12.27,31.07,0.0,2.7585449238195254,2023-08-02
13.74,36.73,0.0,3.1946128423170275,2023-08-03
13.74,27.59,0.0,2.2078297023044353,2023-08-04
9.39,27.09,0.0,2.4251688749178304,2023-08-05
8.93,27.6,0.0,2.482170361004231,2023-08-06
9.26,28.16,0.0,2.5145336223508217,2023-08-07
9.25,24.43,0.55,2.101858445041564,2023-08-08
11.54,19.85,9.0,0.8525349153142082,2023-08-09
12.13,24.44,4.79,1.3924687843691104,2023-08-10
12.25,21.91,0.0,1.2877049271434555,2023-08-11
9.54,23.95,4.74,1.5138417539913482,2023-08-12
9.62,26.54,0.0,2.109450580878168,2023-08-13
12.25,33.77,0.0,2.6748210159092123,2023-08-14
14.24,30.44,6.52,1.807187591146337,2023-08-15
11.48,23.33,0.0,1.4694821429471547,2023-08-16
8.45,31.63,0.0,2.508287157950015,2023-08-17
13.97,24.82,0.0,1.3513341680382809,2023-08-18
7.89,20.47,0.0,1.381111858934439,2023-08-19
3.67,22.25,1.65,1.8122125564029905,2023-08-20
12.65,19.16,12.75,0.63142754765795,2023-08-21
13.31,17.12,6.93,0.3825876546867405,2023-08-22
13.6,23.12,0.0,1.1230698225866675,2023-08-23
10.4,22.71,0.0,1.461862760838733,2023-08-24
10.14,21.18,0.0,1.2681426802685147,2023-08-25
9.32,29.69,0.0,2.2891640160866378,2023-08-26
11.12,27.88,0.0,2.0183168119717863,2023-08-27
10.45,31.02,0.0,2.3278461592071618,2023-08-28
12.25,32.35,0.0,2.368602699494847,2023-08-29
14.93,28.24,0.0,1.7237364991974278,2023-08-30
12.37,20.96,4.67,0.8091174079564821,2023-08-31
13.18,27.08,0.0,1.698989092943027,2023-09-01
12.84,28.37,0.0,1.9525970607148289,2023-09-02
8.09,30.29,0.0,2.2981275652918507,2023-09-03
9.05,20.62,0.0,1.280090518468454,2023-09-04
1.56,17.59,0.0,1.4147471110987926,2023-09-05
8.85,23.53,0.0,1.6291265118062723,2023-09-06
7.54,21.23,0.0,1.4484842282426929,2023-09-07
3.25,22.54,0.0,1.7341923595819777,2023-09-08
7.39,24.31,0.0,1.723918269118708,2023-09-09
7.08,24.89,0.0,1.7672848308422144,2023-09-10
6.77,22.69,0.0,1.5590637544887107,2023-09-11
8.58,28.98,0.0,2.022861336384831,2023-09-12
10.64,23.24,0.0,1.347131917498532,2023-09-13
7.1,19.67,0.0,1.2059720778195149,2023-09-14
4.52,22.55,0.0,1.6079992805204104,2023-09-15
6.53,30.34,0.0,2.1280836526108335,2023-09-16
6.88,31.31,0.0,2.27814722838293,2023-09-17
9.0,27.06,0.0,1.8788851555579895,2023-09-18
5.81,18.96,0.0,1.2339898066743578,2023-09-19
5.14,20.2,0.0,1.3780587127563415,2023-09-20
2.52,21.62,0.0,1.5745320533543925,2023-09-21
3.74,23.29,0.0,1.6512459685335408,2023-09-22
9.26,21.5,0.0,1.159998843037929,2023-09-23
10.5,24.4,0.0,1.4318527195977406,2023-09-24
6.49,26.31,0.0,1.8061627900348265,2023-09-25
12.65,30.03,0.0,1.845778865334837,2023-09-26
10.25,23.78,0.0,1.3377965495539983,2023-09-27
5.65,19.78,0.0,1.2176991878169532,2023-09-28
2.29,18.29,1.39,1.2322150711334456,2023-09-29
2.03,10.82,15.87,0.5431222735842408,2023-09-30
7.21,9.66,6.47,0.1818035819757638,2023-10-01
6.55,13.58,2.79,0.495447621387118,2023-10-02
4.77,16.78,0.0,0.8677010646251195,2023-10-03
2.58,14.25,1.07,0.7879171396437059,2023-10-04
-0.88,8.79,0.0,0.580256677681037,2023-10-05
-5.03,11.93,0.0,0.8733507839424073,2023-10-06
4.12,21.81,0.0,1.2034292866761855,2023-10-07
3.23,23.22,0.0,1.3244351252683435,2023-10-08
3.95,22.7,0.0,1.2498598126331808,2023-10-09
3.55,21.15,0.0,1.1615078097622498,2023-10-10
4.63,16.84,0.0,0.8409361925944333,2023-10-11
2.24,10.49,0.0,0.5288269745696182,2023-10-12
-1.81,12.91,0.0,0.8218815960368462,2023-10-13
-0.26,12.77,0.0,0.7627743756451144,2023-10-14
-0.33,16.11,0.0,0.9514007016693788,2023-10-15
1.21,18.15,0.0,1.02275641945827,2023-10-16
7.98,19.53,0.0,0.8503762738245871,2023-10-17
2.57,15.91,0.0,0.8421254324480454,2023-10-18
3.65,21.81,0.0,1.15243155192946,2023-10-19
3.84,15.35,0.0,0.7485863985862086,2023-10-20
-3.15,11.06,0.0,0.7313505314876038,2023-10-21
0.85,10.55,0.0,0.5729722770546399,2023-10-22
-3.99,2.27,2.38,0.2858383707557808,2023-10-23
-11.52,-4.11,0.0,0.2543538152616849,2023-10-24
-15.75,-5.0,0.0,0.3025384297680419,2023-10-25
-13.02,-3.88,0.0,0.293854782851139,2023-10-26
-7.93,-2.73,0.38,0.213920476803079,2023-10-27
-11.16,-2.73,0.39,0.3029943761243356,2023-10-28
-9.13,-0.3,0.0,0.3506103688605999,2023-10-29
-13.38,-3.78,0.0,0.307598178758972,2023-10-30
-12.71,2.28,0.0,0.5056447253489221,2023-10-31
-8.66,0.08,0.0,0.346440241713021,2023-11-01
-6.16,4.0,0.0,0.4507343571694998,2023-11-02
-5.1,1.66,0.0,0.3083707318270975,2023-11-03
-5.08,3.66,1.78,0.4010702980966188,2023-11-04
-0.04,2.2,0.86,0.1221004191666535,2023-11-05
0.69,3.02,0.0,0.1302885272853264,2023-11-06
0.39,3.1,2.94,0.1418418153287939,2023-11-07
-0.73,4.36,0.49,0.2709074855181379,2023-11-08
-5.89,0.37,0.0,0.2703520047809135,2023-11-09
-7.26,3.35,0.0,0.4339421696551698,2023-11-10
-2.61,8.63,0.0,0.5521536648755738,2023-11-11
-2.99,9.07,0.0,0.5805522081029254,2023-11-12
-3.88,9.25,0.0,0.6082836954034303,2023-11-13
-2.32,8.05,0.0,0.5106735123546947,2023-11-14
-5.67,6.47,0.0,0.5216588992530291,2023-11-15
-9.62,3.97,0.0,0.4905638195825268,2023-11-16
-3.71,12.03,0.0,0.7202314821523317,2023-11-17
-2.99,13.68,0.0,0.7786368008735506,2023-11-18
-1.42,12.08,0.0,0.6686740721077288,2023-11-19
-4.33,6.08,0.0,0.4635419442616646,2023-11-20
-9.79,6.88,0.0,0.5894614933055715,2023-11-21
-10.05,-1.19,0.0,0.3020939501505603,2023-11-22
-17.48,-6.55,0.0,0.2530218581089976,2023-11-23
-12.14,1.58,0.0,0.4269813272999424,2023-11-24
-8.75,1.33,0.0,0.3625034392811126,2023-11-25
-15.01,-4.59,0.28,0.2771856374939245,2023-11-26
-8.78,1.14,0.0,0.3589077824253524,2023-11-27
-4.95,6.12,0.0,0.4655347061913025,2023-11-28
-6.1,3.18,0.0,0.3700801139501046,2023-11-29
-10.11,-0.86,0.0,0.3067254110536514,2023-11-30
-14.92,-0.32,0.0,0.3895591305112763,2023-12-01
-12.86,-1.04,0.0,0.3442466327072329,2023-12-02
-14.37,0.06,0.0,0.3940060549266416,2023-12-03
-9.44,0.73,0.0,0.3454852593039203,2023-12-04
-9.22,7.07,0.0,0.5701435630404561,2023-12-05
-4.26,6.54,0.5,0.4569700460343378,2023-12-06
-0.35,3.32,1.26,0.1764931141938461,2023-12-07
-6.61,0.16,0.0,0.2538802562739951,2023-12-08
-9.67,-1.04,0.0,0.2834955563770863,2023-12-09
-8.4,1.0,0.0,0.3290712485165284,2023-12-10
-12.33,-1.57,0.0,0.3138248527513484,2023-12-11
-13.94,0.54,0.0,0.3984270331600463,2023-12-12
-6.93,7.94,0.0,0.5651139159588768,2023-12-13
-4.16,6.69,0.0,0.4562533123546386,2023-12-14
-5.32,4.54,0.0,0.3941917882862744,2023-12-15
-4.05,4.31,0.0,0.3501057927065778,2023-12-16
-10.32,1.6,0.0,0.3848372921861944,2023-12-17
-10.96,1.63,0.0,0.3956334587132215,2023-12-18
-4.13,-0.95,0.0,0.1297792672249958,2023-12-19
-5.96,4.7,0.0,0.41669801577018,2023-12-20
-7.24,3.04,0.0,0.3804382806408891,2023-12-21
-6.42,9.19,0.0,0.6060613169662171,2023-12-22
-5.77,3.15,0.0,0.3495306455684257,2023-12-23
-12.52,0.15,0.0,0.3698787446398602,2023-12-24
-11.2,3.49,0.0,0.4621973305206802,2023-12-25
-9.49,6.68,0.0,0.5535112627359905,2023-12-26
-8.5,5.83,0.0,0.5090876923224724,2023-12-27
-8.08,8.92,0.0,0.620406300621289,2023-12-28
-8.91,2.69,0.0,0.4005797364795272,2023-12-29
-13.28,0.64,0.0,0.3948725472288849,2023-12-30
-9.13,3.72,0.0,0.4419844434734738,2023-12-31
