MinTemp,MaxTemp,Precipitation,ReferenceET,Date
-31.38,-13.38,0.0,0.179925778623673,2018-01-01
-21.22,-4.88,0.0,0.3125214830338271,2018-01-02
-14.8,-2.63,0.0,0.3227597311987305,2018-01-03
-14.09,-5.89,0.0,0.2183908366873322,2018-01-04
-13.84,-6.39,0.0,0.2002326370675498,2018-01-05
-11.57,1.6,0.0,0.4162195565537266,2018-01-06
-8.06,1.99,0.0,0.3691238597136776,2018-01-07
-9.57,-1.91,0.0,0.2587510052009812,2018-01-08
-10.73,0.64,0.0,0.372471067491363,2018-01-09
-23.72,-14.97,0.23,0.1322132050647496,2018-01-10
-28.98,-21.67,0.0,0.1,2018-01-11
-31.15,-19.75,0.0,0.1067280917520542,2018-01-12
-27.6,-8.05,0.0,0.2646638766265311,2018-01-13
-22.54,-9.25,0.0,0.232317086627916,2018-01-14
-29.27,-15.76,0.0,0.1512166823162123,2018-01-15
-21.35,-0.43,0.0,0.4260245254987446,2018-01-16
-9.41,4.2,0.0,0.5093346582224498,2018-01-17
-7.38,8.17,0.0,0.6872464156798224,2018-01-18
-4.92,4.74,0.0,0.4191295217993362,2018-01-19
-8.08,1.29,0.0,0.355378234042181,2018-01-20
-12.1,-0.68,0.0,0.3624177118186957,2018-01-21
-11.19,4.46,0.0,0.5825594898456053,2018-01-22
-10.75,0.12,0.0,0.3705118403145609,2018-01-23
-10.82,-2.44,0.0,0.281133400393687,2018-01-24
-9.32,-0.42,0.0,0.3237517850025507,2018-01-25
-12.35,-5.75,0.5,0.2033549468826758,2018-01-26
-20.05,-13.16,0.0,0.1365136007153691,2018-01-27
-22.22,-13.98,0.0,0.1455387704194007,2018-01-28
-22.95,-2.67,0.0,0.399083536647871,2018-01-29
-12.36,4.03,0.0,0.6248438917356425,2018-01-30
-22.87,-13.19,0.0,0.169882349638425,2018-01-31
-26.29,-14.75,0.0,0.1658387250330927,2018-02-01
-21.71,-16.71,3.23,0.1,2018-02-02
-27.34,-20.28,0.93,0.1,2018-02-03
-28.95,-16.38,0.0,0.1544194517096988,2018-02-04
-26.6,-15.3,0.0,0.1622404985323545,2018-02-05
-28.13,-17.19,0.0,0.14086218338925,2018-02-06
-27.82,-13.96,0.0,0.1900229775572066,2018-02-07
-26.94,-17.07,0.0,0.1375146531208994,2018-02-08
-28.67,-15.82,0.0,0.1655687933389646,2018-02-09
-21.16,-9.41,0.0,0.255948546982347,2018-02-10
-27.67,-15.2,0.0,0.1731929751202341,2018-02-11
-32.36,-12.84,0.0,0.2128662546911814,2018-02-12
-18.84,2.02,0.0,0.6589221619146685,2018-02-13
-13.97,1.29,1.34,0.6560086345707519,2018-02-14
-26.74,-13.01,0.0,0.2131279076168681,2018-02-15
-21.3,-4.09,0.0,0.4576573040724916,2018-02-16
-18.78,-9.83,0.0,0.2298112169388543,2018-02-17
-22.64,-12.26,0.0,0.2094404806505264,2018-02-18
-27.81,-13.01,0.0,0.2275724236684811,2018-02-19
-23.28,-11.55,0.0,0.2450992560938604,2018-02-20
-29.51,-9.58,0.0,0.3037982861279183,2018-02-21
-24.93,-8.65,0.0,0.341834396122504,2018-02-22
-20.12,-6.1,0.0,0.4201840431491968,2018-02-23
-16.5,-1.71,0.0,0.5946399431671231,2018-02-24
-16.42,-1.11,0.0,0.625138419026249,2018-02-25
-14.96,-4.07,0.0,0.4675089742612271,2018-02-26
-15.02,-1.0,0.0,0.6365403951566492,2018-02-27
-13.58,0.93,0.0,0.7414542321421033,2018-02-28
-17.7,-1.81,0.0,0.6204176388262799,2018-03-01
-13.56,-3.56,0.0,0.4944268828149388,2018-03-02
-7.69,-3.67,3.73,0.1707572693181266,2018-03-03
-10.6,-4.67,7.25,0.2220896170447423,2018-03-04
-13.79,-8.72,0.45,0.1747403084465722,2018-03-05
-17.15,-7.41,0.0,0.3546895152293665,2018-03-06
-23.52,-6.22,0.0,0.4515829811858893,2018-03-07
-24.17,-7.91,0.0,0.4004448530706821,2018-03-08
-13.18,-1.01,0.0,0.6612381119622104,2018-03-09
-11.96,-1.63,0.0,0.6022956030957556,2018-03-10
-14.14,2.39,0.0,0.8686846178148411,2018-03-11
-16.02,-0.72,0.0,0.7149088771432309,2018-03-12
-15.96,2.05,0.0,0.851381945966074,2018-03-13
-15.83,-0.98,0.0,0.7154923233533209,2018-03-14
-10.71,-2.76,0.0,0.5087646049170667,2018-03-15
-7.32,2.37,0.0,0.8412108039985841,2018-03-16
-5.0,0.73,1.08,0.52202452882062,2018-03-17
-5.72,1.4,0.06,0.672112690548195,2018-03-18
-8.37,0.5,0.0,0.7392392548309605,2018-03-19
-8.03,2.37,0.0,0.9067727693958796,2018-03-20
-10.39,2.64,0.0,0.978535270670133,2018-03-21
-8.96,1.21,0.0,0.8557915009423432,2018-03-22
-4.66,0.85,4.51,0.4211187183397397,2018-03-23
-8.84,3.08,0.0,1.0110546644296146,2018-03-24
-6.39,1.79,0.0,0.8419796054564525,2018-03-25
-7.62,4.95,0.0,1.1776720498066495,2018-03-26
-9.52,5.11,0.0,1.1839056815070468,2018-03-27
-12.91,-1.95,0.64,0.7649614970004814,2018-03-28
-19.52,-6.33,0.73,0.5668194558565257,2018-03-29
-22.7,-12.51,0.0,0.329397785329649,2018-03-30
-21.68,-9.38,0.0,0.4612230243020127,2018-03-31
-18.13,-5.29,0.0,0.6425965461810392,2018-04-01
-19.99,-5.4,0.0,0.6336467898842928,2018-04-02
-15.93,-3.44,0.0,0.7366525657335926,2018-04-03
-17.93,-2.36,0.0,0.7858215808774082,2018-04-04
-18.06,-7.56,0.0,0.5247087815006302,2018-04-05
-22.3,-9.12,0.0,0.4863165889958291,2018-04-06
-20.96,-4.4,0.0,0.6863114202549179,2018-04-07
-12.14,-2.37,0.0,0.7861563211664937,2018-04-08
-7.16,0.98,0.0,0.930789243157395,2018-04-09
-10.14,7.42,0.0,1.3473397081689635,2018-04-10
-2.98,1.8,1.16,0.7077828742274452,2018-04-11
-4.19,0.09,0.0,0.5672707109782177,2018-04-12
-4.28,1.46,0.0,0.8379096127572505,2018-04-13
-3.33,7.22,0.0,1.4175955084353444,2018-04-14
-3.49,9.25,0.0,1.5519235164849945,2018-04-15
-1.25,5.27,2.26,0.9265900500463556,2018-04-16
-1.71,2.09,4.98,0.4007424705626745,2018-04-17
-5.13,9.66,0.0,1.5789952049763136,2018-04-18
-2.35,12.17,0.0,1.7512642913258472,2018-04-19
-0.49,18.25,0.0,2.1297476951098946,2018-04-20
1.08,20.12,0.0,2.260914854663697,2018-04-21
2.49,14.53,0.0,1.8978939594544144,2018-04-22
-0.67,13.3,0.0,1.83106479633852,2018-04-23
-1.52,20.39,0.0,2.1615765421914923,2018-04-24
3.01,17.39,0.0,2.035171789791566,2018-04-25
-0.8,22.15,0.0,2.2775202017970533,2018-04-26
-0.77,16.45,0.0,1.9648458110742928,2018-04-27
0.88,26.38,0.0,2.540026063912653,2018-04-28
5.92,20.94,0.0,2.2653880295172892,2018-04-29
0.22,11.96,0.0,1.6688266350005458,2018-04-30
-3.29,16.61,0.0,1.9521972508142795,2018-05-01
1.47,18.35,0.0,2.1074516614088163,2018-05-02
5.93,21.79,0.0,2.3391536529211683,2018-05-03
4.38,24.22,0.0,2.501383483501072,2018-05-04
5.34,24.74,0.0,2.539843409192216,2018-05-05
4.24,27.31,0.0,2.6865759686635142,2018-05-06
11.18,26.91,0.0,2.661416099113136,2018-05-07
8.75,17.68,5.84,1.7118729708158344,2018-05-08
3.2,13.91,0.0,1.773306375826657,2018-05-09
2.77,11.91,2.77,1.2632751572840029,2018-05-10
4.49,11.01,2.42,0.8712164643215585,2018-05-11
2.71,18.64,0.0,2.151164017245866,2018-05-12
6.33,26.49,0.0,2.681718376276398,2018-05-13
3.89,24.66,0.0,2.5519462277017917,2018-05-14
11.43,31.96,0.0,3.034409429773458,2018-05-15
9.07,28.14,0.0,2.7823552144256336,2018-05-16
7.37,15.08,0.0,1.4478825290691428,2018-05-17
4.37,18.36,0.0,2.0983687307175742,2018-05-18
2.02,22.0,0.0,2.3725833960394103,2018-05-19
2.47,25.11,0.0,2.5770637734956456,2018-05-20
9.74,30.14,0.0,2.9311938968377502,2018-05-21
10.63,27.49,0.0,2.725658193121362,2018-05-22
8.91,29.67,4.14,2.6558055309801656,2018-05-23
11.6,26.34,2.03,2.378687062130414,2018-05-24
10.67,27.67,0.0,2.7482035221123136,2018-05-25
10.16,30.68,0.37,2.9835117154653057,2018-05-26
10.44,26.03,0.0,2.6294150170380877,2018-05-27
9.3,30.49,0.0,2.985540724777427,2018-05-28
12.88,27.94,0.0,2.7397269083329485,2018-05-29
10.99,25.01,5.06,2.2388880219431915,2018-05-30
9.02,14.78,0.0,0.9606197713364152,2018-05-31
9.1,15.47,8.86,0.8318291659107789,2018-06-01
7.54,18.33,0.0,1.84952559115216,2018-06-02
7.37,24.16,0.0,2.578672862211038,2018-06-03
9.58,28.44,0.14,2.8832555866512193,2018-06-04
9.4,21.37,0.0,2.3101445350861147,2018-06-05
6.63,27.54,0.0,2.836910723111275,2018-06-06
8.68,27.73,0.0,2.8410439195423947,2018-06-07
13.2,24.19,0.0,2.405041685103982,2018-06-08
12.67,30.49,0.0,2.9965954310024805,2018-06-09
13.8,25.36,0.0,2.4980355749036556,2018-06-10
6.85,18.78,0.0,2.100559255753163,2018-06-11
7.14,22.48,0.0,2.4545198318848036,2018-06-12
7.1,26.41,0.0,2.7598313099943885,2018-06-13
9.12,22.91,1.67,2.4582877386687536,2018-06-14
9.05,23.4,0.0,2.5087022984575795,2018-06-15
7.41,21.38,0.0,2.3657507587154067,2018-06-16
8.21,25.35,0.0,2.67652250287456,2018-06-17
8.28,27.77,0.0,2.8584431785530784,2018-06-18
10.76,26.63,0.0,2.745573445385344,2018-06-19
10.12,29.5,0.0,2.9783060678208715,2018-06-20
12.02,29.57,0.0,2.9602019346732886,2018-06-21
13.78,28.58,0.0,2.841491500333657,2018-06-22
12.59,27.5,15.55,2.5467932574804713,2018-06-23
15.07,26.83,0.0,2.5081546395152277,2018-06-24
13.85,29.43,1.68,2.923213581126991,2018-06-25
11.97,24.92,0.0,2.497513807442163,2018-06-26
7.21,25.31,0.0,2.7062859171934615,2018-06-27
7.89,24.91,0.0,2.668565783875576,2018-06-28
11.3,23.36,0.0,2.3365480792176587,2018-06-29
12.58,24.36,4.55,1.9013650675899376,2018-06-30
11.39,20.49,2.58,1.323559830182078,2018-07-01
9.41,22.71,3.25,1.8445161811746664,2018-07-02
6.68,21.4,11.34,1.8305871489739112,2018-07-03
10.61,19.49,8.76,1.1015802495965026,2018-07-04
7.83,25.04,0.0,2.419659821859305,2018-07-05
13.96,33.7,0.0,3.067596481151415,2018-07-06
14.25,30.95,0.0,2.759598722139618,2018-07-07
10.28,25.09,0.0,2.280108347558373,2018-07-08
9.14,28.21,0.0,2.681098120621889,2018-07-09
13.14,29.06,3.94,2.0920460855261007,2018-07-10
14.95,25.57,0.0,1.804072846883948,2018-07-11
13.75,29.1,0.0,2.4933696283024926,2018-07-12
12.97,32.67,0.0,2.935581161591159,2018-07-13
12.14,21.66,0.0,1.4794511317645491,2018-07-14
8.46,25.38,0.0,2.3591342682093073,2018-07-15
6.27,26.28,0.0,2.523283028979136,2018-07-16
9.77,34.44,0.0,3.1683903243284117,2018-07-17
16.05,31.81,0.0,2.6885236070657084,2018-07-18
14.1,28.58,0.0,2.4092038856184637,2018-07-19
12.04,29.26,0.0,2.6359426478985126,2018-07-20
15.43,27.74,0.0,2.1440163933048018,2018-07-21
11.85,23.58,0.0,1.8777329897539683,2018-07-22
9.37,23.69,0.0,2.1168980751946127,2018-07-23
8.2,23.44,1.68,2.148519351544424,2018-07-24
9.12,22.02,0.0,1.8769575407801549,2018-07-25
6.47,23.62,0.0,2.222193904613764,2018-07-26
8.35,24.41,0.0,2.2191615171707664,2018-07-27
8.57,27.45,0.0,2.518309247501529,2018-07-28
8.6,29.68,0.0,2.6999322842563256,2018-07-29
11.28,32.16,0.0,2.832471954469947,2018-07-30
11.83,24.75,0.0,1.92204069532987,2018-07-31
7.49,28.07,0.02,2.533304515693749,2018-08-01
14.59,30.49,2.29,1.982121164548988,2018-08-02
13.24,29.06,1.9,2.312389478745193,2018-08-03
12.95,23.0,2.23,1.0872056389849287,2018-08-04
12.81,23.35,5.61,1.151751515087668,2018-08-05
10.67,29.09,0.0,2.3821097877456565,2018-08-06
12.66,31.36,0.0,2.5485710408750704,2018-08-07
11.38,30.16,0.0,2.4770961347479687,2018-08-08
12.71,33.78,0.0,2.7716038408524817,2018-08-09
13.51,38.72,0.0,3.1428673027843614,2018-08-10
14.92,36.5,0.0,2.9042087668396293,2018-08-11
13.14,24.54,0.34,1.5759104550336136,2018-08-12
8.16,17.72,0.0,1.0824591594365949,2018-08-13
3.67,27.64,0.0,2.3913096759046355,2018-08-14
11.32,29.69,0.0,2.3567524022190756,2018-08-15
9.9,28.77,0.0,2.3251448515202657,2018-08-16
10.97,32.82,0.0,2.63830692276973,2018-08-17
10.79,25.28,0.0,1.8435711035824591,2018-08-18
4.03,24.1,0.0,2.044957828495726,2018-08-19
5.37,23.59,0.0,1.938609625763144,2018-08-20
5.18,27.16,0.0,2.239549488569061,2018-08-21
10.29,30.62,0.0,2.4048966396961733,2018-08-22
8.6,30.12,0.0,2.4139940664345634,2018-08-23
8.28,23.14,0.0,1.7019426525161878,2018-08-24
7.22,19.7,0.0,1.3521570589544143,2018-08-25
7.44,17.32,2.55,0.8138090174489315,2018-08-26
7.94,14.21,5.16,0.5238797027108096,2018-08-27
7.28,18.42,0.0,1.1313350054864724,2018-08-28
6.12,27.17,0.0,2.154884880139147,2018-08-29
10.19,23.07,0.96,1.4876411963648792,2018-08-30
7.21,20.04,0.0,1.4153495843007726,2018-08-31
6.47,21.38,0.0,1.6149802499810892,2018-09-01
3.6,20.27,0.0,1.6313929547364507,2018-09-02
4.8,23.46,0.0,1.8622296200698585,2018-09-03
2.73,14.91,0.0,1.0827811375778251,2018-09-04
-0.55,21.91,0.0,1.8125846914563544,2018-09-05
2.77,25.25,0.0,2.004083149267771,2018-09-06
6.48,24.68,0.0,1.8474159162059676,2018-09-07
11.22,27.39,0.0,1.861204236525083,2018-09-08
7.94,22.66,0.0,1.55095662521578,2018-09-09
3.36,23.31,0.0,1.7996236655473776,2018-09-10
5.59,17.58,0.0,1.1112903061801456,2018-09-11
4.49,15.08,0.46,0.8897711271906115,2018-09-12
3.56,12.75,1.2,0.7116745606046918,2018-09-13
3.13,9.44,0.0,0.4803686756566721,2018-09-14
5.56,13.06,6.37,0.5609568212207755,2018-09-15
6.88,10.83,8.73,0.3089533922662542,2018-09-16
4.94,13.44,0.99,0.6907697932694777,2018-09-17
4.33,11.27,0.0,0.555878005217661,2018-09-18
2.11,15.05,0.0,0.9891145661221724,2018-09-19
2.54,11.03,0.0,0.6452616255488245,2018-09-20
0.71,8.71,4.24,0.5187633595926971,2018-09-21
-0.01,1.71,9.49,0.1141099747744113,2018-09-22
-0.17,4.05,0.44,0.2944818402418027,2018-09-23
0.27,12.19,0.66,0.8420798422647835,2018-09-24
1.75,13.42,0.78,0.8560852826974975,2018-09-25
2.97,16.32,0.0,1.032018300508725,2018-09-26
-1.97,8.96,0.0,0.6969580016870117,2018-09-27
-3.99,8.36,0.0,0.7271581558183827,2018-09-28
-2.32,7.69,0.0,0.6285101328983129,2018-09-29
-7.44,4.75,0.39,0.6411206202127379,2018-09-30
-1.68,5.51,1.28,0.4588405831132564,2018-10-01
-1.11,3.41,1.8,0.292998287754804,2018-10-02
-2.02,5.93,0.0,0.503615525769071,2018-10-03
-6.09,5.98,0.0,0.6569439333390492,2018-10-04
-2.86,7.83,0.0,0.6657867714577467,2018-10-05
-4.65,12.26,0.0,1.0130962384741704,2018-10-06
-3.03,13.55,0.0,1.0574971186943578,2018-10-07
-2.34,2.56,0.0,0.3026629347597236,2018-10-08
-3.4,2.07,0.0,0.324354477709856,2018-10-09
-7.46,5.11,0.0,0.6306994389928069,2018-10-10
-9.23,6.26,0.0,0.7146636973112972,2018-10-11
-5.42,7.75,6.61,0.6367463708025805,2018-10-12
-4.44,-0.3,0.0,0.228180500333271,2018-10-13
-8.36,3.84,0.0,0.5602610765810334,2018-10-14
-0.71,13.59,0.0,0.9014623808568726,2018-10-15
-0.85,10.41,0.0,0.6870666644160026,2018-10-16
-1.71,21.47,0.0,1.3511273427872836,2018-10-17
2.58,19.71,0.0,1.1616011433343307,2018-10-18
-3.4,13.4,0.0,0.8945092095933997,2018-10-19
-7.89,16.61,0.0,1.0931497574886062,2018-10-20
-1.52,14.64,0.0,0.8987413211618477,2018-10-21
-5.98,11.26,0.0,0.8082280330342084,2018-10-22
-4.86,16.28,0.0,1.0267060222813358,2018-10-23
-2.02,18.82,0.0,1.1131993045630786,2018-10-24
-0.75,15.81,0.0,0.9148641754608472,2018-10-25
-2.2,12.78,0.0,0.7866335757659277,2018-10-26
-0.91,13.17,0.0,0.7695595257587186,2018-10-27
-5.35,10.01,0.0,0.7102816938755976,2018-10-28
0.3,10.21,0.0,0.5587343263357083,2018-10-29
-2.01,7.14,0.0,0.4717855790015315,2018-10-30
-3.05,10.26,0.0,0.6602246022748594,2018-10-31
-3.07,5.13,1.05,0.3993759719929977,2018-11-01
-1.95,0.74,2.81,0.1280661729085986,2018-11-02
-4.77,1.43,0.0,0.2774702074173972,2018-11-03
-2.1,4.07,3.58,0.2914778998033148,2018-11-04
-7.97,0.21,1.47,0.3271264266505903,2018-11-05
-12.21,-8.5,0.24,0.1155630215560953,2018-11-06
-12.08,-9.68,0.0,0.1,2018-11-07
-18.29,-9.49,0.0,0.2024827106320323,2018-11-08
-22.29,-4.53,1.9,0.349178410159301,2018-11-09
-10.09,-3.26,0.35,0.2403353394335767,2018-11-10
-11.4,-6.47,0.0,0.1589027287927091,2018-11-11
-15.11,-4.9,0.0,0.2812998972626075,2018-11-12
-8.43,4.65,0.0,0.507471996802638,2018-11-13
-2.1,5.39,0.0,0.370483720317699,2018-11-14
-1.92,3.38,0.24,0.2615314425296431,2018-11-15
-17.11,-4.47,0.0,0.3147392330755851,2018-11-16
-18.9,-6.0,0.0,0.2895239188452443,2018-11-17
-11.13,-6.41,1.01,0.1515002186295417,2018-11-18
-13.84,1.45,0.0,0.4574859989790703,2018-11-19
-5.8,2.66,0.0,0.3596748413710261,2018-11-20
-5.34,1.7,0.0,0.3041346625284793,2018-11-21
-2.62,6.34,0.0,0.4259381271462513,2018-11-22
-5.2,3.37,0.0,0.3674616843601681,2018-11-23
-7.26,-4.39,0.0,0.109555782421418,2018-11-24
-7.48,-4.44,0.0,0.1149926709850542,2018-11-25
-7.22,-3.22,0.0,0.154446507350147,2018-11-26
-4.9,-0.43,0.0,0.1928123806460471,2018-11-27
-6.02,-2.47,0.0,0.1452151194675488,2018-11-28
-5.66,0.05,0.0,0.2391818761378547,2018-11-29
-8.08,-3.08,0.0,0.1865255127796085,2018-11-30
-7.01,-4.62,2.94,0.1,2018-12-01
-8.64,-3.65,0.0,0.1843221420562085,2018-12-02
-12.85,-4.7,0.0,0.2450613230589143,2018-12-03
-13.57,-6.25,0.4,0.210738331525277,2018-12-04
-14.02,-5.82,0.02,0.2303484524162972,2018-12-05
-14.14,-7.76,0.0,0.1757593242983747,2018-12-06
-18.76,-6.79,0.0,0.2597176412080992,2018-12-07
-17.96,-7.44,0.0,0.2370342480883492,2018-12-08
-14.95,-2.63,0.0,0.3310977583309556,2018-12-09
-13.88,1.63,0.0,0.4447746931814297,2018-12-10
-8.02,1.17,0.0,0.3438752981338397,2018-12-11
-5.34,1.25,0.0,0.2768375689550547,2018-12-12
-8.99,3.15,0.0,0.4348722935461532,2018-12-13
-8.17,5.42,0.0,0.5046239561681076,2018-12-14
-2.85,5.27,0.0,0.3760299085270401,2018-12-15
-11.21,-2.9,0.0,0.2644924261196335,2018-12-16
-7.61,5.37,0.0,0.4930064443705478,2018-12-17
-4.46,5.41,0.0,0.4271154398447663,2018-12-18
-3.71,2.99,0.0,0.2996086827726836,2018-12-19
-7.68,2.98,0.0,0.4026772448704669,2018-12-20
-4.36,4.1,0.0,0.3621060044159502,2018-12-21
-8.15,-3.76,0.0,0.1565575410002849,2018-12-22
-15.29,-4.83,2.33,0.2606778233576401,2018-12-23
-15.7,-7.87,0.78,0.1951957358182858,2018-12-24
-16.56,-9.21,0.0,0.1733314963458568,2018-12-25
-14.6,-6.96,0.0,0.2020253789157713,2018-12-26
-20.11,-8.39,0.63,0.2313881790486051,2018-12-27
-20.44,-4.93,0.0,0.3092073596160165,2018-12-28
-12.84,-3.15,1.3,0.2840106644986707,2018-12-29
-18.22,-9.48,0.7,0.1882637087749136,2018-12-30
-27.56,-16.42,0.0,0.1338882024302266,2018-12-31
-25.36,-2.18,0.0,0.3716855850987323,2019-01-01
-10.14,4.11,0.0,0.4835055788338082,2019-01-02
-5.47,3.67,0.0,0.3746929196920732,2019-01-03
-8.03,2.54,0.0,0.3897666859976784,2019-01-04
-6.25,-1.92,0.0,0.1672147403435606,2019-01-05
-5.32,2.17,0.0,0.3088147369627484,2019-01-06
-12.97,-1.43,0.58,0.3395092000399094,2019-01-07
-20.51,-13.9,0.0,0.1202153665944703,2019-01-08
-22.23,-8.58,0.0,0.2423255979295104,2019-01-09
-14.67,-6.99,0.0,0.2014407117132593,2019-01-10
-16.97,-9.24,0.0,0.1783366760977092,2019-01-11
-13.98,0.67,0.0,0.421489866502895,2019-01-12
-11.98,-0.75,0.0,0.3518291440049819,2019-01-13
-11.32,-1.11,0.0,0.3293326542300105,2019-01-14
-17.02,-4.11,0.0,0.3151184047449406,2019-01-15
-17.57,-13.17,0.52,0.1,2019-01-16
-24.37,-15.76,0.0,0.12820202035189,2019-01-17
-27.1,-17.54,0.0,0.119692442990016,2019-01-18
-21.33,-14.81,4.1,0.1107816958468149,2019-01-19
-18.41,-10.87,0.0,0.1643651239567195,2019-01-20
-17.64,-5.58,0.0,0.2880991298037578,2019-01-21
-15.57,-1.87,0.0,0.3727175037795691,2019-01-22
-21.36,-4.32,0.0,0.3434507688303068,2019-01-23
-28.61,-9.18,0.0,0.2541596840820396,2019-01-24
-21.17,-4.2,0.0,0.3483531730817316,2019-01-25
-12.67,-0.95,1.38,0.3725787155443431,2019-01-26
-8.27,4.2,1.89,0.4940647294896546,2019-01-27
-21.76,-10.02,0.0,0.2248267400320247,2019-01-28
-28.77,-20.55,0.0,0.1,2019-01-29
-23.5,-12.21,0.23,0.1944014690161052,2019-01-30
-15.28,-0.79,0.0,0.4184603355682043,2019-01-31
-17.96,-7.76,0.0,0.2485617747944075,2019-02-01
-22.12,-15.32,0.0,0.1242118019241011,2019-02-02
-24.94,-21.4,0.68,0.1,2019-02-03
-25.65,-21.38,3.1,0.1,2019-02-04
-31.87,-22.23,0.0,0.1,2019-02-05
-35.22,-26.06,0.0,0.1,2019-02-06
-37.32,-24.83,0.0,0.1,2019-02-07
-37.26,-25.13,0.0,0.1,2019-02-08
-33.73,-23.75,0.0,0.1,2019-02-09
-31.91,-20.73,0.0,0.1131827273616748,2019-02-10
-28.61,-16.52,1.79,0.159008226086029,2019-02-11
-31.61,-19.62,0.13,0.1270194501416748,2019-02-12
-27.96,-20.4,0.0,0.1,2019-02-13
-32.66,-20.22,0.0,0.1241349028286573,2019-02-14
-33.12,-17.72,1.85,0.1543820873902131,2019-02-15
-20.59,-13.76,3.86,0.1386445856284021,2019-02-16
-20.21,-13.65,1.18,0.1480542957763041,2019-02-17
-26.33,-17.82,0.56,0.1313612122163606,2019-02-18
-28.69,-10.69,0.0,0.2613792600028939,2019-02-19
-23.8,-9.24,1.13,0.2852030782515984,2019-02-20
-24.32,-12.67,0.0,0.2169178592082866,2019-02-21
-27.02,-10.73,0.0,0.2655249492256473,2019-02-22
-23.26,-13.52,0.0,0.1946061028198031,2019-02-23
-31.19,-20.63,0.0,0.1227766037382704,2019-02-24
-33.74,-19.08,0.0,0.1482182791589811,2019-02-25
-29.24,-16.76,0.0,0.1732981130611498,2019-02-26
-21.45,-8.78,0.0,0.3360874546295712,2019-02-27
-17.97,-8.31,0.0,0.314790244891738,2019-02-28
-26.46,-15.84,0.0,0.1797805283047505,2019-03-01
-32.76,-21.31,0.0,0.1244720777436158,2019-03-02
-25.96,-16.13,0.0,0.1738518904198456,2019-03-03
-22.19,-10.83,0.0,0.2919190899783083,2019-03-04
-18.38,-8.87,0.0,0.3181821299962,2019-03-05
-25.55,-13.33,0.0,0.243053601980097,2019-03-06
-24.45,-7.65,0.0,0.4066502964463712,2019-03-07
-16.53,-4.6,0.0,0.5084623618893477,2019-03-08
-15.52,-5.08,0.0,0.4743015947594388,2019-03-09
-21.57,-6.74,0.0,0.4542027548584355,2019-03-10
-17.2,1.62,0.0,0.8074142188410172,2019-03-11
-3.36,3.54,0.0,0.6968650279012758,2019-03-12
-5.05,2.48,0.0,0.7178378363350442,2019-03-13
-9.35,1.37,0.0,0.8160696562956866,2019-03-14
-11.64,2.74,0.0,0.9430255345795956,2019-03-15
-8.57,3.63,0.0,0.9931364140565262,2019-03-16
-10.32,4.92,0.0,1.09376095963952,2019-03-17
-3.51,4.94,0.0,0.9626286562743348,2019-03-18
-3.7,9.89,0.0,1.4158080497678278,2019-03-19
-2.31,13.37,0.0,1.612759296258425,2019-03-20
-1.88,12.34,0.0,1.5671587499656503,2019-03-21
-2.15,14.44,0.0,1.6838943834555906,2019-03-22
-2.36,13.88,0.0,1.656780054155916,2019-03-23
-4.95,4.23,0.0,1.0097909071972482,2019-03-24
-7.24,4.47,0.0,1.1387666642821188,2019-03-25
-0.97,17.33,0.0,1.8745859931189983,2019-03-26
-1.17,6.55,0.0,1.123028191584245,2019-03-27
-5.8,7.38,0.0,1.315359864310981,2019-03-28
-5.17,4.88,0.0,1.1655933031245165,2019-03-29
-6.79,13.95,0.0,1.6402245503460355,2019-03-30
-4.12,5.78,0.0,1.2282555743014665,2019-03-31
-3.93,9.33,0.78,1.445104402049648,2019-04-01
-6.29,4.62,0.0,1.178636999383868,2019-04-02
-8.56,12.14,0.0,1.5430842651462968,2019-04-03
-0.89,14.48,0.0,1.7670899700730025,2019-04-04
-3.42,9.29,0.0,1.4534376068787291,2019-04-05
1.42,9.97,0.75,1.4559762978441677,2019-04-06
0.4,17.27,0.0,1.960747881144818,2019-04-07
-2.66,17.03,0.0,1.9163444783385009,2019-04-08
-4.73,10.11,0.0,1.515163317866297,2019-04-09
-5.68,8.89,0.0,1.4476688830978424,2019-04-10
-7.81,8.65,0.0,1.418155673233695,2019-04-11
-8.71,10.51,0.0,1.50111920170255,2019-04-12
-5.36,15.44,0.0,1.8118959160874633,2019-04-13
3.47,17.02,0.0,1.9599483171385423,2019-04-14
-0.82,14.36,0.0,1.8004156701852847,2019-04-15
-4.81,14.27,0.0,1.770156299611853,2019-04-16
0.29,14.75,0.0,1.7735562540645942,2019-04-17
-0.63,17.82,0.0,1.9636329437552615,2019-04-18
5.37,21.71,0.0,2.2278647047575273,2019-04-19
4.55,17.73,0.0,1.9606145012592375,2019-04-20
-1.36,14.94,0.0,1.802557694491863,2019-04-21
-1.89,21.46,0.0,2.1726566853119325,2019-04-22
7.18,21.0,0.0,2.175617831501705,2019-04-23
1.01,17.67,0.0,1.9871499365805376,2019-04-24
-1.83,12.72,0.0,1.6731691319105726,2019-04-25
-4.18,12.16,0.0,1.6330067785193634,2019-04-26
-1.23,11.36,4.46,1.4711929057690911,2019-04-27
-4.48,3.06,2.72,0.7966890895781145,2019-04-28
-9.34,6.55,0.0,1.2969722903573118,2019-04-29
-3.92,10.02,1.0,1.5192201141335755,2019-04-30
-6.21,10.63,0.0,1.5504862958523755,2019-05-01
-2.65,12.48,0.0,1.6794303420356484,2019-05-02
-5.24,12.66,0.0,1.6831773455534746,2019-05-03
-3.69,8.73,0.0,1.4466755379920702,2019-05-04
-7.29,7.17,0.0,1.3575965302362565,2019-05-05
-7.23,12.5,0.0,1.6578274763535623,2019-05-06
-0.4,15.49,0.0,1.8933915380178623,2019-05-07
-4.61,12.63,0.0,1.7021838066690422,2019-05-08
0.74,14.99,0.0,1.863387001864512,2019-05-09
2.73,18.51,2.41,1.9393127947190645,2019-05-10
2.13,15.72,0.0,1.912450870587818,2019-05-11
1.86,25.0,0.0,2.537294761293368,2019-05-12
4.44,21.49,0.0,2.329043170344896,2019-05-13
1.99,23.13,0.0,2.4322955520244816,2019-05-14
5.94,21.45,0.0,2.315207364875264,2019-05-15
-0.58,15.97,0.0,1.9591363640562736,2019-05-16
0.22,17.08,0.0,2.0372833396242087,2019-05-17
0.67,14.93,0.0,1.887874541817088,2019-05-18
-2.84,16.45,0.0,1.9878370147203988,2019-05-19
-0.94,19.67,0.0,2.2075494269350613,2019-05-20
1.47,21.2,0.0,2.326926459125165,2019-05-21
3.67,23.92,0.0,2.523734267109138,2019-05-22
3.5,24.2,0.0,2.540833249815289,2019-05-23
4.3,23.14,0.0,2.4722053984287418,2019-05-24
4.62,16.62,1.29,1.96579443355217,2019-05-25
0.81,19.06,0.0,2.1927755692499384,2019-05-26
1.17,21.59,0.0,2.363240608078932,2019-05-27
5.84,27.5,0.0,2.7729084967472466,2019-05-28
10.23,30.49,0.0,2.9682865758672508,2019-05-29
10.95,32.73,0.0,3.1177101526905973,2019-05-30
5.3,20.96,0.0,2.297378268850334,2019-05-31
5.63,25.41,0.0,2.630425151226585,2019-06-01
10.28,32.7,0.0,3.122874697930724,2019-06-02
9.59,34.84,0.0,3.2576109047525064,2019-06-03
12.63,25.18,0.0,2.467006911545444,2019-06-04
10.62,25.44,0.0,2.561241418797014,2019-06-05
13.08,27.48,0.0,2.671214093063874,2019-06-06
9.3,22.49,0.0,2.345322851237932,2019-06-07
4.24,17.14,0.0,2.009527418860933,2019-06-08
4.03,20.41,0.0,2.2791661475849176,2019-06-09
3.29,23.95,0.0,2.538742521591497,2019-06-10
7.12,21.83,0.8,2.349827362334785,2019-06-11
5.95,24.56,0.25,2.583765355128733,2019-06-12
8.13,30.17,0.97,2.978554123026881,2019-06-13
11.66,23.69,1.75,2.386011825963534,2019-06-14
10.12,19.01,2.81,1.873411544632295,2019-06-15
8.87,18.15,0.08,1.975160995704434,2019-06-16
5.87,22.72,0.0,2.457657833960304,2019-06-17
7.96,27.03,0.0,2.769012631874528,2019-06-18
10.2,22.7,26.97,2.1850005193808046,2019-06-19
8.33,14.94,6.09,0.8757162223697186,2019-06-20
6.53,16.58,22.25,1.3329284875603056,2019-06-21
10.9,15.71,8.61,0.5040971719418996,2019-06-22
10.52,22.46,0.41,1.916817427794833,2019-06-23
9.34,21.02,0.0,1.806504577943533,2019-06-24
9.1,22.45,0.0,2.0571111369379422,2019-06-25
8.14,24.28,0.0,2.36664676012276,2019-06-26
11.7,25.91,11.64,1.9052220556141048,2019-06-27
13.77,24.02,1.57,1.7222355991989449,2019-06-28
13.85,25.58,0.0,2.0016352436198934,2019-06-29
9.94,22.56,0.0,1.9532301907065803,2019-06-30
9.17,27.93,2.27,2.1928627378212324,2019-07-01
6.48,20.16,0.0,1.9046770711828571,2019-07-02
8.59,20.65,0.0,1.826725088422297,2019-07-03
8.58,21.33,0.0,1.9238196441421045,2019-07-04
11.34,20.92,0.0,1.554287021055677,2019-07-05
11.62,26.03,0.0,2.33686670272067,2019-07-06
13.61,28.21,0.0,2.4640067323367405,2019-07-07
14.11,24.48,0.0,1.8229812929003344,2019-07-08
11.87,22.99,0.0,1.8637262946260276,2019-07-09
9.34,26.37,0.0,2.50147445882834,2019-07-10
14.28,25.41,0.0,1.9900268702035857,2019-07-11
10.58,24.49,3.2,1.7845000961800166,2019-07-12
11.96,29.86,14.6,2.2386171821587832,2019-07-13
14.37,28.43,18.73,1.8306143425866417,2019-07-14
13.04,25.32,0.0,1.8505841808592165,2019-07-15
11.44,21.13,12.97,1.0669933730418573,2019-07-16
12.06,23.19,3.33,1.229383836275844,2019-07-17
11.41,25.87,1.39,1.9974602551999348,2019-07-18
10.06,18.45,2.52,0.912938229125484,2019-07-19
10.27,23.12,0.0,1.7097980309483016,2019-07-20
10.61,25.1,0.0,1.91701264195786,2019-07-21
10.25,27.76,0.0,2.204138517371618,2019-07-22
13.79,29.67,0.0,2.172743615220647,2019-07-23
15.7,30.83,5.5,1.7141430161130569,2019-07-24
11.45,21.03,2.73,1.0276301976616575,2019-07-25
13.18,25.99,0.0,1.7082837090182923,2019-07-26
12.05,32.81,0.0,2.5258606935564543,2019-07-27
9.29,22.4,0.0,1.5966037179455377,2019-07-28
5.38,24.93,0.0,2.0633371551819204,2019-07-29
11.28,30.03,0.0,2.280219164130394,2019-07-30
12.59,27.53,0.0,1.920421301998503,2019-07-31
14.14,33.61,0.0,2.4476601732796404,2019-08-01
15.88,34.61,0.0,2.422001410019606,2019-08-02
16.11,30.08,0.0,1.862553921734106,2019-08-03
10.73,26.46,0.0,1.8719017355654728,2019-08-04
10.62,29.07,0.0,2.1401991683663697,2019-08-05
11.05,23.37,0.0,1.4363040218337826,2019-08-06
5.85,21.92,0.0,1.6557848127677064,2019-08-07
6.37,25.84,0.0,1.990189537689632,2019-08-08
10.18,28.46,0.52,2.056112218920304,2019-08-09
9.9,21.1,0.0,1.2060302545543702,2019-08-10
8.19,23.21,9.54,1.3430686810872183,2019-08-11
10.65,15.53,20.52,0.481932132501749,2019-08-12
7.95,21.2,0.0,1.3471581294769688,2019-08-13
10.69,24.48,0.0,1.4707754926806704,2019-08-14
10.3,25.48,0.0,1.583077742174803,2019-08-15
10.87,21.77,0.0,1.1785569576781756,2019-08-16
5.6,18.2,0.0,1.1942859565182478,2019-08-17
3.86,22.95,0.0,1.6626989417942302,2019-08-18
4.83,23.45,0.0,1.651392088616286,2019-08-19
4.16,23.5,0.0,1.6701484730261438,2019-08-20
5.88,26.64,0.0,1.8546558924381988,2019-08-21
12.55,27.41,0.0,1.5519552339350473,2019-08-22
11.35,21.2,0.0,1.0389258257601612,2019-08-23
12.32,29.02,6.19,1.5210970497145762,2019-08-24
11.7,21.14,6.57,0.8881954047056239,2019-08-25
9.31,20.52,0.0,1.115442033868411,2019-08-26
8.11,19.32,0.0,1.0821930354610725,2019-08-27
6.58,23.13,0.8,1.4884016249337657,2019-08-28
5.81,20.02,0.0,1.272544151457862,2019-08-29
5.82,21.13,1.42,1.354304168616265,2019-08-30
7.66,22.82,1.1,1.398409200296593,2019-08-31
9.52,22.48,1.55,1.2621195944350534,2019-09-01
10.25,22.86,0.0,1.245409482102707,2019-09-02
7.86,24.98,0.0,1.54124132678888,2019-09-03
10.49,24.87,2.74,1.2562126065797723,2019-09-04
7.81,23.3,0.0,1.3996274633400896,2019-09-05
5.36,22.49,0.0,1.4364143347147735,2019-09-06
7.37,21.95,0.0,1.3033029766692144,2019-09-07
5.98,21.36,0.0,1.31868439042686,2019-09-08
8.42,13.43,18.8,0.4261447361836383,2019-09-09
8.57,11.45,18.37,0.2514413936724912,2019-09-10
9.21,13.73,6.0,0.3926331834445682,2019-09-11
7.41,15.1,0.0,0.7052563526621428,2019-09-12
3.91,24.16,0.0,1.555905044979368,2019-09-13
9.39,23.83,0.0,1.3149232453404496,2019-09-14
9.85,27.58,0.0,1.5663615685209091,2019-09-15
9.57,31.88,0.0,1.8579303878850064,2019-09-16
12.98,25.03,1.06,1.173473386886171,2019-09-17
10.52,22.65,0.0,1.125810631457559,2019-09-18
7.53,22.54,0.0,1.272431383447013,2019-09-19
8.93,20.66,0.0,1.050936092912338,2019-09-20
5.64,18.37,0.0,1.0428714466608215,2019-09-21
4.99,24.11,0.0,1.453351722075813,2019-09-22
8.69,21.02,0.0,1.073846999336317,2019-09-23
5.46,17.08,0.0,0.9334217338995036,2019-09-24
3.6,15.63,0.98,0.9100308633171342,2019-09-25
3.37,10.91,7.26,0.5185227447748734,2019-09-26
2.0,8.17,3.81,0.4052510433323241,2019-09-27
0.2,5.61,0.0,0.3661646605582176,2019-09-28
-0.06,3.05,12.77,0.189825848656666,2019-09-29
-0.01,2.13,4.02,0.1338000394001219,2019-09-30
-0.22,4.35,0.0,0.3059862364110717,2019-10-01
-4.13,8.9,0.0,0.7480661364209,2019-10-02
-0.88,11.54,0.0,0.8003913342893378,2019-10-03
1.42,10.86,0.0,0.6637930271977807,2019-10-04
-0.36,14.28,0.0,0.9390314532779918,2019-10-05
4.12,15.64,0.0,0.8616632571966537,2019-10-06
2.63,20.18,0.0,1.190654416220919,2019-10-07
-1.38,8.55,1.48,0.6198199092892922,2019-10-08
-5.58,1.29,0.0,0.3594457494843558,2019-10-09
-7.19,3.49,0.0,0.518123736288621,2019-10-10
-8.52,6.19,0.0,0.6657011077079928,2019-10-11
-8.14,7.12,0.0,0.6960355282133056,2019-10-12
-8.77,10.23,0.0,0.8359569565639516,2019-10-13
-0.73,4.62,0.62,0.3238699664785204,2019-10-14
-2.4,5.78,0.0,0.4688230761821166,2019-10-15
-0.66,14.03,0.0,0.8751799367428489,2019-10-16
1.67,18.65,0.0,1.064795575122529,2019-10-17
0.04,15.77,0.0,0.9404712331414038,2019-10-18
-0.99,14.11,0.0,0.8719093964575191,2019-10-19
-4.43,8.42,0.0,0.656544495743015,2019-10-20
-6.57,10.34,0.0,0.7829660370980194,2019-10-21
-6.35,6.73,0.0,0.6119116086075972,2019-10-22
-5.42,4.66,0.99,0.4876471399603432,2019-10-23
-3.65,8.88,0.0,0.6454648707512413,2019-10-24
-0.11,17.93,0.0,1.021743661888909,2019-10-25
-4.96,2.92,0.0,0.3791607294461591,2019-10-26
-9.04,-2.72,0.31,0.255922134383595,2019-10-27
-9.66,-3.86,0.41,0.2249261772937755,2019-10-28
-11.85,-4.99,0.0,0.2381994206216025,2019-10-29
-17.24,0.32,0.0,0.4828393205987606,2019-10-30
-2.84,4.0,0.0,0.3439943284367083,2019-10-31
-2.99,4.87,0.0,0.3930859756991607,2019-11-01
-4.18,4.32,0.0,0.4042756878747871,2019-11-02
-4.15,2.23,0.0,0.3002958868175054,2019-11-03
-12.58,-4.19,0.0,0.2678909541670403,2019-11-04
-13.64,-3.21,0.85,0.3256988477857936,2019-11-05
-19.55,-7.5,0.0,0.2720800911895101,2019-11-06
-19.53,-3.43,0.0,0.372765863005129,2019-11-07
-8.65,5.25,0.0,0.5504278866599767,2019-11-08
-11.4,0.29,2.69,0.381776945211323,2019-11-09
-19.63,-11.24,0.0,0.1779891172486134,2019-11-10
-22.71,-7.72,0.0,0.2792517330387316,2019-11-11
-15.18,-1.35,0.0,0.3929887725307098,2019-11-12
-12.47,1.66,0.0,0.4584106787793059,2019-11-13
-7.04,1.03,0.0,0.3279210853704897,2019-11-14
-4.1,4.47,0.0,0.3951928009509973,2019-11-15
-0.55,3.27,2.89,0.1903461290621811,2019-11-16
-2.46,7.27,2.5,0.4487454890134976,2019-11-17
-0.3,7.81,0.0,0.4229652837877499,2019-11-18
-3.78,1.23,0.0,0.2259491576067133,2019-11-19
-5.72,-0.86,0.0,0.2018045634030992,2019-11-20
-7.42,3.19,0.0,0.4157133828547491,2019-11-21
-5.49,6.45,0.0,0.5067194252981753,2019-11-22
-0.94,10.53,0.0,0.5765692365326298,2019-11-23
-1.93,5.26,0.75,0.3494404791524263,2019-11-24
-4.99,-0.11,0.0,0.2070935121449374,2019-11-25
-9.7,-1.63,0.0,0.2781507024056727,2019-11-26
-8.41,-4.31,0.0,0.1463233656643158,2019-11-27
-8.01,-5.3,10.97,0.1,2019-11-28
-11.09,-4.92,0.0,0.2000149507489432,2019-11-29
-10.45,-6.86,0.0,0.1173722899097283,2019-11-30
-13.13,-5.09,0.0,0.2352953978085125,2019-12-01
-12.51,-1.11,0.0,0.3489819314427455,2019-12-02
-7.74,4.08,0.0,0.4521031883482698,2019-12-03
-9.25,0.21,0.0,0.3355077618300848,2019-12-04
-12.44,-3.0,0.0,0.2852229190394902,2019-12-05
-12.09,-3.77,0.0,0.2544754800389422,2019-12-06
-11.36,-3.53,0.0,0.2479140696788343,2019-12-07
-20.68,-10.86,0.0,0.1858156461040611,2019-12-08
-24.84,-9.4,0.0,0.2355999079130052,2019-12-09
-27.74,-14.03,0.0,0.1686836724816435,2019-12-10
-25.03,-15.87,0.0,0.1289412663013233,2019-12-11
-19.36,-10.74,0.29,0.1743200756862586,2019-12-12
-22.92,-13.23,0.0,0.1579148380702042,2019-12-13
-25.26,-10.79,0.4,0.211667056028697,2019-12-14
-18.59,-7.62,0.0,0.2358480664877729,2019-12-15
-15.58,-4.86,0.0,0.2726192922787117,2019-12-16
-13.6,-3.05,0.0,0.2981182506531998,2019-12-17
-9.35,1.05,0.0,0.362077227645631,2019-12-18
-10.52,-3.19,0.0,0.2381138040247569,2019-12-19
-10.59,4.8,0.0,0.5118040861838199,2019-12-20
-9.89,2.9,0.0,0.4359401268447861,2019-12-21
-6.83,1.44,0.0,0.3201659083093904,2019-12-22
-6.32,-2.54,0.0,0.1471601118268935,2019-12-23
-6.32,-4.06,1.62,0.1,2019-12-24
-7.96,-1.88,0.0,0.2222406003262878,2019-12-25
-14.77,-5.36,0.0,0.2479616883924946,2019-12-26
-13.7,-4.38,0.0,0.2601033354795375,2019-12-27
-15.27,-5.68,0.0,0.2457429028763239,2019-12-28
-18.33,-5.56,0.0,0.2818717718713404,2019-12-29
-15.4,-4.86,0.0,0.2696557571838364,2019-12-30
-12.4,1.01,0.0,0.4079936100545278,2019-12-31
-6.67,-0.46,0.0,0.2430061517229637,2020-01-01
-7.41,-2.41,0.0,0.1876745839347716,2020-01-02
-11.64,-2.53,0.0,0.2854408153037016,2020-01-03
-8.18,5.84,0.0,0.5249296663170984,2020-01-04
-9.57,-0.91,0.0,0.3008042218834368,2020-01-05
-13.54,-1.39,0.0,0.3524671966096231,2020-01-06
-22.22,-13.13,0.0,0.1555847095550318,2020-01-07
-17.61,-4.62,0.0,0.3047829387025779,2020-01-08
-23.31,-14.94,0.0,0.1328156852999174,2020-01-09
-28.87,-14.44,0.0,0.1683078079974204,2020-01-10
-17.42,-8.58,2.97,0.1962163662256842,2020-01-11
-24.52,-12.66,1.06,0.1822509037310164,2020-01-12
-29.9,-23.48,0.73,0.1,2020-01-13
-34.0,-26.7,0.0,0.1,2020-01-14
-35.41,-27.92,0.0,0.1,2020-01-15
-35.64,-19.03,0.0,0.1230222622883261,2020-01-16
-23.2,-18.57,1.91,0.1,2020-01-17
-28.06,-23.24,0.0,0.1,2020-01-18
-28.95,-16.02,0.0,0.1518183755845216,2020-01-19
-20.72,1.01,0.0,0.4705630005395529,2020-01-20
-9.01,2.33,0.0,0.4286101945379336,2020-01-21
-12.28,-2.05,0.0,0.3307439377410283,2020-01-22
-11.92,-2.86,0.0,0.2984823774449383,2020-01-23
-8.2,1.43,0.0,0.3822981262866817,2020-01-24
-5.27,2.57,0.0,0.3546847298753897,2020-01-25
-7.06,-2.15,0.0,0.2036547044912017,2020-01-26
-6.48,-0.06,0.7,0.2771707616947539,2020-01-27
-4.94,-0.43,0.0,0.2074778741394962,2020-01-28
-9.24,-2.07,2.16,0.2592070531334721,2020-01-29
-10.28,-0.36,0.0,0.3681697908877216,2020-01-30
-10.19,3.52,0.0,0.5144249216754307,2020-01-31
-5.36,7.58,0.0,0.5997642960350366,2020-02-01
-9.1,0.64,0.0,0.3860576191851569,2020-02-02
-16.75,-7.59,0.0,0.2447968643989378,2020-02-03
-18.48,-2.97,0.0,0.388799600759984,2020-02-04
-12.72,-3.46,0.0,0.3121540394476401,2020-02-05
-12.44,-7.99,0.54,0.1482544108762622,2020-02-06
-11.41,-1.67,0.0,0.3570123300456944,2020-02-07
-12.13,-1.62,0.0,0.3738711341457176,2020-02-08
-13.06,-1.46,0.0,0.4049657333275603,2020-02-09
-10.1,-3.21,0.0,0.2727490929904385,2020-02-10
-13.82,-1.02,0.0,0.4566509483730546,2020-02-11
-28.95,-13.6,0.0,0.2069808201312948,2020-02-12
-28.72,-5.63,0.0,0.3427119118361162,2020-02-13
-11.29,-0.78,0.0,0.4297758060434652,2020-02-14
-17.16,-9.7,0.0,0.205645768463922,2020-02-15
-14.84,-3.0,0.0,0.4066319923486925,2020-02-16
-20.21,-8.33,0.0,0.2830480964180945,2020-02-17
-28.94,-17.46,0.0,0.1536207561640912,2020-02-18
-29.12,-9.1,0.0,0.2926418009719767,2020-02-19
-16.49,2.3,0.0,0.6835659883427323,2020-02-20
-10.61,3.66,0.0,0.7529220718390331,2020-02-21
-8.36,4.5,0.0,0.7836301957004297,2020-02-22
-10.08,2.6,0.0,0.7009053424112207,2020-02-23
-10.32,-1.74,0.0,0.4243082022626827,2020-02-24
-16.22,-2.03,0.0,0.5352339310839892,2020-02-25
-12.84,1.96,0.0,0.7119089784278915,2020-02-26
-7.34,5.17,0.0,0.8436450757589145,2020-02-27
-6.72,7.16,0.0,0.9803967628237162,2020-02-28
-5.01,7.49,0.22,0.9815709804295284,2020-02-29
-10.49,0.13,0.0,0.5883792519170453,2020-03-01
-6.42,3.9,0.0,0.7563842080512236,2020-03-02
-6.05,4.09,0.0,0.7691622665312109,2020-03-03
-2.58,4.25,0.0,0.5792396791991808,2020-03-04
-5.59,5.12,0.0,0.8719632487951893,2020-03-05
-0.79,13.01,0.0,1.431684135633879,2020-03-06
-8.34,1.05,0.59,0.6368869434428698,2020-03-07
-14.82,-6.61,0.77,0.3229679618848006,2020-03-08
-16.14,1.06,0.0,0.7468936771363837,2020-03-09
-10.85,5.89,0.0,1.0189401553292243,2020-03-10
-3.46,6.34,0.0,0.9220376535658404,2020-03-11
-8.87,0.05,0.0,0.5940885462501523,2020-03-12
-15.8,-9.42,0.0,0.2161418701764721,2020-03-13
-16.02,-6.9,1.71,0.3795107945257416,2020-03-14
-14.08,-5.19,0.45,0.4246579114149043,2020-03-15
-16.69,-2.16,0.0,0.6390442306022884,2020-03-16
-12.86,-0.14,0.0,0.7284192042731971,2020-03-17
-16.17,-4.9,0.0,0.504797165551836,2020-03-18
-16.4,-4.06,0.0,0.559738527880239,2020-03-19
-16.72,-0.21,0.0,0.7592153477593904,2020-03-20
-10.49,3.51,0.0,0.9793405597458024,2020-03-21
-9.9,7.22,0.0,1.2519624090243668,2020-03-22
-6.77,10.22,0.0,1.4393455077299722,2020-03-23
-7.92,-0.05,0.59,0.8232055114751713,2020-03-24
-13.82,0.16,0.0,0.9189611838640868,2020-03-25
-12.28,7.02,0.0,1.222769709983583,2020-03-26
-3.92,8.36,0.0,1.3847912983293127,2020-03-27
-2.6,10.56,0.0,1.519507371016186,2020-03-28
-4.68,15.55,0.0,1.768114346482397,2020-03-29
-2.46,6.31,0.0,1.2578202717932314,2020-03-30
-9.22,0.23,0.0,0.9464092805500648,2020-03-31
-14.37,-10.27,0.38,0.2105536987618009,2020-04-01
-17.32,-7.6,0.0,0.5520603266645651,2020-04-02
-18.01,-1.44,0.0,0.839073406427973,2020-04-03
-10.75,-3.25,2.02,0.5595641224547617,2020-04-04
-10.1,-0.66,0.22,0.931456210218454,2020-04-05
-6.31,3.68,0.9,1.1608513852551607,2020-04-06
-8.76,5.67,0.0,1.2703367878390013,2020-04-07
-5.78,2.34,0.0,1.0806181344467238,2020-04-08
-12.32,7.13,0.0,1.299300502706243,2020-04-09
-2.13,9.3,0.0,1.5109366766320729,2020-04-10
-8.03,-0.71,0.0,0.8873654153139269,2020-04-11
-10.73,-3.21,0.0,0.7580616359143781,2020-04-12
-12.93,-3.22,0.0,0.8327005159985357,2020-04-13
-14.86,4.38,0.0,1.1536952917050205,2020-04-14
-10.1,3.47,0.0,1.1792745306389985,2020-04-15
-7.56,5.71,0.0,1.317649773265908,2020-04-16
-3.34,14.67,0.0,1.8703414843817716,2020-04-17
-4.02,5.04,0.0,1.2602092321478495,2020-04-18
-6.74,14.74,0.0,1.8256302756128615,2020-04-19
-2.29,12.15,0.0,1.7403027151413826,2020-04-20
-1.39,22.46,0.0,2.356894494072079,2020-04-21
1.31,17.04,0.0,2.076495728935828,2020-04-22
0.21,18.36,0.0,2.1547794972924295,2020-04-23
-1.51,13.83,3.14,1.6980769582124222,2020-04-24
-2.65,19.15,0.0,2.1697422004116267,2020-04-25
3.42,16.27,0.0,2.0127871556017025,2020-04-26
-1.07,20.67,0.0,2.290185679737214,2020-04-27
2.73,17.84,0.0,2.144122852064968,2020-04-28
0.95,23.12,0.0,2.470921766032461,2020-04-29
7.99,28.01,0.0,2.833397507164053,2020-04-30
5.25,18.65,0.0,2.1582678837748297,2020-05-01
-1.05,19.0,0.0,2.190985479902735,2020-05-02
-0.75,18.3,4.58,1.96167547128531,2020-05-03
2.52,14.92,0.0,1.8366415213724352,2020-05-04
-0.71,17.69,0.0,2.0394840993528054,2020-05-05
0.95,21.43,0.0,2.28572056264641,2020-05-06
0.96,17.72,0.0,2.047859786263045,2020-05-07
0.64,20.51,0.71,2.227857531421406,2020-05-08
-1.24,7.62,0.05,1.3444701702567945,2020-05-09
-3.58,10.13,0.0,1.5509247811358955,2020-05-10
-6.64,11.0,0.0,1.5942930378263287,2020-05-11
-4.29,13.4,0.0,1.7551144523114983,2020-05-12
1.62,10.92,0.51,1.5338820133293607,2020-05-13
-1.33,18.84,0.0,2.12539185068999,2020-05-14
-1.81,15.39,0.0,1.9015831866384847,2020-05-15
0.67,25.24,0.0,2.541545390515151,2020-05-16
8.21,26.56,0.0,2.6612916340109773,2020-05-17
8.79,26.36,0.0,2.637022885463748,2020-05-18
10.33,26.99,0.0,2.669789129778148,2020-05-19
10.7,20.99,6.39,1.9987584865102077,2020-05-20
10.11,21.64,0.0,2.235598832973913,2020-05-21
5.35,21.2,0.0,2.3116195163105493,2020-05-22
3.67,16.6,0.0,1.9769201280807749,2020-05-23
4.38,19.42,0.0,2.1947699228720454,2020-05-24
4.75,25.61,0.0,2.647720945356904,2020-05-25
10.45,22.5,0.0,2.322949530606875,2020-05-26
7.14,19.53,0.0,2.166100346404759,2020-05-27
4.51,18.78,0.0,2.161725088182201,2020-05-28
4.87,19.88,0.0,2.2525775870808245,2020-05-29
7.06,25.76,0.0,2.685292853266372,2020-05-30
11.28,31.48,0.0,3.0652552216044477,2020-05-31
11.59,25.74,0.0,2.612068125120823,2020-06-01
8.08,24.59,0.0,2.595245852080407,2020-06-02
9.73,21.52,0.0,2.291771208616932,2020-06-03
6.4,20.26,0.0,2.2765776976897643,2020-06-04
3.05,22.16,0.0,2.454519653241077,2020-06-05
10.47,19.54,21.52,1.94116067416639,2020-06-06
9.49,18.41,21.01,1.5092068924805755,2020-06-07
7.42,15.97,0.0,1.3786442903061935,2020-06-08
5.69,20.74,5.2,1.8615752459381776,2020-06-09
6.42,22.8,0.0,2.4148519754113265,2020-06-10
6.82,23.85,0.0,2.5185597403479445,2020-06-11
8.59,28.53,0.0,2.913897778953851,2020-06-12
14.41,30.54,0.0,2.96229246249612,2020-06-13
12.21,23.59,0.0,2.1422740117105152,2020-06-14
7.23,22.7,0.0,2.418429451842053,2020-06-15
9.5,22.8,22.95,1.8773688901807135,2020-06-16
9.97,16.81,4.18,0.7237625069717799,2020-06-17
6.54,14.89,0.0,1.126686964389184,2020-06-18
5.41,19.09,0.0,1.8749187438448272,2020-06-19
6.37,17.9,0.0,1.6351968812896187,2020-06-20
4.21,18.91,0.0,1.923469847351296,2020-06-21
5.58,23.79,0.0,2.3835064910865698,2020-06-22
10.61,28.47,0.0,2.6892115459398855,2020-06-23
13.57,28.09,1.27,2.4779290453300447,2020-06-24
14.1,25.74,0.0,2.046575762440882,2020-06-25
11.96,30.92,0.0,2.8717179847807066,2020-06-26
13.88,21.98,0.0,1.3397744398454547,2020-06-27
13.32,20.5,0.0,1.138103426072668,2020-06-28
14.53,19.25,2.38,0.5655057888066742,2020-06-29
14.0,21.12,7.98,0.8642156476364108,2020-06-30
13.3,24.28,0.89,1.897019745036033,2020-07-01
10.96,24.57,1.64,2.1800881286271756,2020-07-02
10.07,27.26,0.0,2.5236255403082115,2020-07-03
12.28,28.58,0.0,2.5667015515539116,2020-07-04
12.85,24.04,0.0,1.906060632647799,2020-07-05
10.24,25.82,0.0,2.3687996664666633,2020-07-06
11.81,28.78,16.52,2.12048945297652,2020-07-07
13.06,20.05,2.76,0.8057663856911224,2020-07-08
11.85,22.09,0.35,1.540785179825187,2020-07-09
9.9,22.97,3.94,1.5020597876522126,2020-07-10
10.41,24.3,0.0,2.0059459350554887,2020-07-11
12.94,25.97,0.0,2.020523204182582,2020-07-12
9.91,20.18,2.77,1.1353058213630192,2020-07-13
10.42,22.38,4.31,1.3646169470537088,2020-07-14
9.75,23.58,1.0,1.9347274546430615,2020-07-15
10.11,26.02,0.0,2.179904623369072,2020-07-16
14.01,25.04,0.0,1.6818962267460202,2020-07-17
12.32,22.3,3.66,1.1137611277671693,2020-07-18
10.47,23.29,3.29,1.4037426956949368,2020-07-19
10.83,23.49,5.35,1.377617855525129,2020-07-20
9.31,25.85,0.0,2.1040411259363316,2020-07-21
13.93,30.58,0.0,2.325025943417738,2020-07-22
18.03,28.83,0.0,1.6669159082026097,2020-07-23
14.72,28.12,0.0,1.9789686438051313,2020-07-24
11.73,21.99,0.0,1.4011637300990007,2020-07-25
9.81,25.41,0.0,2.027834078554453,2020-07-26
9.25,27.28,0.0,2.220366319952454,2020-07-27
10.64,30.72,0.0,2.4508258663739166,2020-07-28
14.4,34.28,0.0,2.5805506018865305,2020-07-29
15.45,32.46,0.0,2.3119836749789067,2020-07-30
12.99,27.12,0.0,1.8607743771627363,2020-07-31
8.69,27.97,0.0,2.2088422316633163,2020-08-01
10.55,28.17,0.0,2.150769628964912,2020-08-02
13.52,29.85,2.91,1.7304777962264484,2020-08-03
12.1,27.14,0.0,1.8932367565677897,2020-08-04
9.49,29.53,0.0,2.276422423475556,2020-08-05
11.69,33.32,0.0,2.5030324346415584,2020-08-06
13.81,24.22,0.0,1.2523068868413918,2020-08-07
10.29,26.17,0.21,1.8533711489559173,2020-08-08
8.98,23.02,0.0,1.571570401399993,2020-08-09
7.82,25.17,0.0,1.872402335656918,2020-08-10
8.58,25.32,0.0,1.8301364318689664,2020-08-11
11.35,29.48,0.0,2.076029459874537,2020-08-12
10.64,25.32,0.0,1.651263406564498,2020-08-13
8.01,25.26,0.0,1.8112135333676047,2020-08-14
9.01,25.84,0.0,1.80088999455869,2020-08-15
9.17,29.93,0.0,2.1627406421096707,2020-08-16
11.41,34.57,0.0,2.4413689445319644,2020-08-17
12.69,36.19,0.0,2.5010763276953227,2020-08-18
14.62,34.87,0.0,2.2975457389511393,2020-08-19
12.21,34.61,0.0,2.380276605441175,2020-08-20
14.23,28.79,0.0,1.6236909295515265,2020-08-21
9.9,32.94,0.0,2.2996263742580605,2020-08-22
6.5,29.04,0.0,2.0788619408682054,2020-08-23
9.24,30.82,0.0,2.1051813357211246,2020-08-24
13.67,28.13,0.54,1.5099377316727751,2020-08-25
11.41,25.33,0.0,1.370543266901138,2020-08-26
7.85,25.61,1.21,1.6585013488543847,2020-08-27
6.51,24.19,0.0,1.5821551716250848,2020-08-28
8.19,32.07,0.0,2.176144073685734,2020-08-29
6.9,19.3,0.0,1.0858764502888638,2020-08-30
2.58,19.51,0.0,1.3121586844734718,2020-08-31
8.23,23.25,0.0,1.334872982646652,2020-09-01
7.79,17.64,3.41,0.7934547321342729,2020-09-02
5.34,21.92,0.0,1.3592147149023617,2020-09-03
5.9,24.64,0.0,1.5681484846062794,2020-09-04
8.0,31.39,0.0,2.1072381738724024,2020-09-05
8.47,17.78,0.0,0.8268308671610671,2020-09-06
0.12,10.7,0.0,0.7383054061149158,2020-09-07
-5.25,15.74,0.0,1.3030249150088928,2020-09-08
4.36,21.4,0.0,1.465087783430457,2020-09-09
5.81,26.73,0.0,1.8569287288503975,2020-09-10
7.44,29.75,0.0,2.030561225321244,2020-09-11
7.81,17.38,0.62,0.810846053070628,2020-09-12
0.18,17.02,0.0,1.2066394164425125,2020-09-13
5.58,16.33,0.0,0.8542762413616007,2020-09-14
3.12,15.54,0.0,1.0134021462994078,2020-09-15
-0.42,13.96,0.0,1.080276310082203,2020-09-16
1.66,20.0,0.0,1.519159148172918,2020-09-17
-0.78,24.95,0.0,1.882441426857092,2020-09-18
6.53,26.62,0.0,1.8864478720128464,2020-09-19
12.18,19.35,7.05,0.6025709938126823,2020-09-20
8.04,23.49,0.0,1.4556326971023643,2020-09-21
6.67,21.64,0.9,1.3437491559930943,2020-09-22
9.61,22.23,0.0,1.1946665903352558,2020-09-23
8.94,24.25,0.0,1.449215141597719,2020-09-24
6.73,22.14,0.0,1.3547562961295267,2020-09-25
7.34,15.63,0.78,0.6662388562110139,2020-09-26
4.65,15.43,0.0,0.803259301189502,2020-09-27
0.96,22.35,0.0,1.549652214286328,2020-09-28
7.05,17.39,0.0,0.8510315321659832,2020-09-29
1.19,12.77,0.0,0.798733784884666,2020-09-30
-4.31,12.49,0.0,1.000332694241747,2020-10-01
1.19,17.52,0.0,1.1990281689679192,2020-10-02
-1.75,16.17,0.0,1.170121423967526,2020-10-03
4.58,24.37,0.77,1.5925346250088324,2020-10-04
7.86,19.8,0.0,0.9982684314210284,2020-10-05
6.68,17.43,0.0,0.968993434160496,2020-10-06
1.33,15.32,0.0,1.103422801220545,2020-10-07
7.43,23.66,2.01,1.3295025862293426,2020-10-08
2.02,10.95,0.0,0.6290723446089471,2020-10-09
2.51,26.21,0.0,1.8615569584713512,2020-10-10
4.54,15.75,0.0,0.9539132632716384,2020-10-11
-3.05,11.93,0.0,0.982618739537098,2020-10-12
0.43,11.08,0.0,0.8013250441653739,2020-10-13
-4.37,6.77,0.0,0.6624803120410621,2020-10-14
-4.19,5.92,0.0,0.5738059965958751,2020-10-15
-8.22,4.02,0.0,0.5869935410875197,2020-10-16
-12.81,0.19,0.0,0.495743036278483,2020-10-17
-5.97,-3.19,0.0,0.1263152295751311,2020-10-18
-7.63,-0.9,0.0,0.3182824503015782,2020-10-19
-6.56,-1.44,0.2,0.2326983538711089,2020-10-20
-10.45,0.0,0.0,0.5439665565304649,2020-10-21
-14.07,-2.2,0.0,0.4872731050717891,2020-10-22
-13.81,-3.39,0.0,0.4104162794266336,2020-10-23
-9.0,-5.44,0.0,0.1410596904381137,2020-10-24
-12.02,-2.98,0.0,0.379592777079817,2020-10-25
-15.39,3.31,0.0,0.722967760976491,2020-10-26
-3.64,12.62,0.0,1.1412415152381,2020-10-27
-4.3,5.7,0.0,0.6493831945402004,2020-10-28
-6.48,8.31,0.0,0.8800354532005695,2020-10-29
-1.13,13.42,0.0,1.1204638406906695,2020-10-30
-6.5,3.03,0.0,0.4988975306322948,2020-10-31
-7.7,13.47,0.0,1.126198555429981,2020-11-01
-0.44,19.59,0.0,1.483135506023043,2020-11-02
2.32,18.23,0.0,1.3620368432507444,2020-11-03
0.93,15.77,0.0,1.194928869920625,2020-11-04
1.51,19.59,0.0,1.4237778433814805,2020-11-05
-1.58,7.0,0.0,0.5246686997610347,2020-11-06
-1.85,1.53,0.75,0.1679986277147619,2020-11-07
-9.19,-2.7,18.37,0.2284395520383781,2020-11-08
-18.28,-8.49,0.0,0.2296031966190378,2020-11-09
-18.16,-5.77,0.0,0.2973300525601317,2020-11-10
-15.67,-6.09,0.8,0.2584988439614338,2020-11-11
-21.64,-8.19,0.0,0.2623304742897064,2020-11-12
-12.08,0.61,0.0,0.4167735137223549,2020-11-13
-8.78,-0.47,0.32,0.3126130331298606,2020-11-14
-13.63,-5.04,0.0,0.2525312443979321,2020-11-15
-11.31,-5.09,0.0,0.2023707983692483,2020-11-16
-7.92,0.82,0.0,0.3392843193575146,2020-11-17
-4.34,5.5,0.0,0.4446181802888927,2020-11-18
-12.06,-4.73,3.45,0.2174841387926205,2020-11-19
-20.16,-9.37,0.0,0.2179999402018025,2020-11-20
-17.48,-3.94,0.0,0.3267482198829362,2020-11-21
-15.8,-6.11,0.0,0.2480028327938362,2020-11-22
-11.03,-4.29,0.0,0.2163139020390304,2020-11-23
-10.12,-1.74,0.0,0.2840828940642695,2020-11-24
-7.07,2.81,0.0,0.3887299060917716,2020-11-25
-11.64,-0.85,0.0,0.3438766638435989,2020-11-26
-10.95,1.34,0.0,0.4068310314814184,2020-11-27
-9.67,0.83,0.0,0.3658592429700418,2020-11-28
-14.93,-1.69,0.0,0.3586571376312838,2020-11-29
-8.58,2.73,0.0,0.4132701159678804,2020-11-30
-7.4,1.87,0.0,0.3551283975179547,2020-12-01
-11.18,-1.28,0.0,0.3181021128683274,2020-12-02
-7.4,2.91,0.0,0.3962697153081034,2020-12-03
-6.52,2.14,0.0,0.3441618356117739,2020-12-04
-6.83,2.75,0.0,0.3766086779592293,2020-12-05
-9.68,2.38,0.0,0.4188366440206,2020-12-06
-7.92,3.08,0.0,0.4112300465070328,2020-12-07
-4.22,3.69,0.0,0.343416859237817,2020-12-08
-5.13,2.09,0.0,0.3010816952028657,2020-12-09
-11.91,-3.05,0.0,0.2702447903591871,2020-12-10
-13.48,-4.66,0.0,0.2475204690841524,2020-12-11
-10.89,-3.17,0.0,0.2462489232274378,2020-12-12
-25.62,-13.02,0.0,0.1758424276204866,2020-12-13
-27.4,-12.13,0.14,0.1946566999859849,2020-12-14
-18.08,-8.23,0.0,0.2145720544152785,2020-12-15
-14.99,-3.71,0.0,0.2953985836631495,2020-12-16
-13.83,2.68,0.0,0.4721930497760228,2020-12-17
-21.51,-3.2,0.0,0.3497922103178645,2020-12-18
-11.27,3.92,0.0,0.4875034604215238,2020-12-19
-5.81,3.22,0.0,0.3623892397463752,2020-12-20
-8.66,-1.37,7.02,0.2466516267214138,2020-12-21
-13.46,-3.08,9.25,0.2819158019818172,2020-12-22
-17.2,-8.55,0.0,0.1950970490294929,2020-12-23
-15.61,0.42,0.0,0.4179890678820718,2020-12-24
-12.47,-2.37,0.0,0.2986070117614939,2020-12-25
-13.04,-4.47,1.77,0.2433438859198231,2020-12-26
-14.94,-6.52,0.0,0.2157921345611975,2020-12-27
-17.18,-7.1,0.18,0.2316115965084553,2020-12-28
-16.23,-7.32,0.0,0.2143270725932361,2020-12-29
-20.55,-8.32,0.0,0.2352979861973895,2020-12-30
-17.13,-2.26,0.0,0.3574740342608064,2021-01-01
-8.26,4.23,0.0,0.4622258705757139,2021-01-02
-2.08,4.11,0.0,0.2934703677126581,2021-01-03
-10.52,-0.02,0.0,0.3489571535735805,2021-01-04
-10.01,0.6,0.0,0.3616556831849634,2021-01-05
-11.38,2.95,0.0,0.464887030847483,2021-01-06
-9.31,0.7,0.0,0.353934744886591,2021-01-07
-13.71,-2.62,0.0,0.3169028752934945,2021-01-08
-15.07,-5.22,0.0,0.2605464020955668,2021-01-09
-13.31,-4.01,0.0,0.2701533402862867,2021-01-10
-12.02,-0.19,0.0,0.3730210900504198,2021-01-11
-7.51,1.25,0.0,0.3396959714253169,2021-01-12
-4.34,6.44,4.88,0.4606651849617644,2021-01-13
-6.62,-1.01,0.0,0.2247746670596209,2021-01-14
-13.71,-4.92,0.0,0.2532235325221011,2021-01-15
-10.18,-0.9,0.0,0.3219727640320878,2021-01-16
-10.31,-0.96,1.41,0.3240224195302436,2021-01-17
-10.46,-0.04,0.12,0.3606712398074025,2021-01-18
-14.04,1.98,0.0,0.475331140469508,2021-01-19
-5.56,2.29,0.0,0.3403858384433736,2021-01-20
-11.77,-5.34,0.12,0.2067955610561914,2021-01-21
-9.73,-4.38,0.7,0.1900575667602002,2021-01-22
-26.2,-8.04,0.0,0.2748694151688801,2021-01-23
-31.09,-21.94,0.0,0.1,2021-01-24
-28.25,-21.06,0.0,0.1,2021-01-25
-27.8,-19.15,0.0,0.1069776936924683,2021-01-26
-23.09,-14.13,0.0,0.154800456560111,2021-01-27
-18.66,-10.28,0.0,0.1916477994662432,2021-01-28
-14.59,-8.9,0.0,0.1619721253796375,2021-01-29
-16.22,-11.16,0.0,0.1310010226654444,2021-01-30
-18.89,-8.38,0.0,0.2451761227847607,2021-01-31
-13.84,-0.26,0.0,0.4266383808002495,2021-02-01
-8.26,3.62,0.0,0.4889085576454077,2021-02-02
-19.26,-10.52,0.0,0.1998583575066052,2021-02-03
-22.67,-15.94,0.0,0.1220534360537265,2021-02-04
-27.25,-17.77,0.0,0.1307175946433719,2021-02-05
-34.73,-25.45,0.0,0.1,2021-02-06
-36.0,-28.07,0.0,0.1,2021-02-07
-36.45,-26.59,0.0,0.1,2021-02-08
-29.45,-25.57,0.0,0.1,2021-02-09
-33.38,-26.59,0.0,0.1,2021-02-10
-37.12,-28.4,0.0,0.1,2021-02-11
-33.41,-23.19,0.0,0.1,2021-02-12
-37.2,-24.86,0.0,0.1,2021-02-13
-34.82,-22.49,0.0,0.1051477756753064,2021-02-14
-30.21,-18.14,0.0,0.1467085796638453,2021-02-15
-25.31,-14.5,0.0,0.1849471808919171,2021-02-16
-22.66,-15.54,0.0,0.142270003357196,2021-02-17
-24.6,-12.54,0.0,0.2217715873664205,2021-02-18
-22.54,-2.29,0.0,0.4871770724006845,2021-02-19
-11.48,-2.51,0.0,0.4136835368119607,2021-02-20
-12.15,2.7,0.0,0.718419305252104,2021-02-21
-3.42,3.91,0.0,0.5759659950766663,2021-02-22
-6.17,-0.12,0.0,0.3617868984252163,2021-02-23
-9.99,-1.37,0.0,0.4739480186241931,2021-02-24
-11.17,1.13,0.0,0.669541194794271,2021-02-25
-15.77,-1.16,1.99,0.5917205887319221,2021-02-26
-24.42,-12.93,0.0,0.2241748335368734,2021-02-27
-21.4,-10.65,0.0,0.2617202293264646,2021-02-28
-17.49,4.45,0.0,0.8125259770015808,2021-03-01
-5.99,3.9,0.0,0.7565425814956069,2021-03-02
-10.1,3.43,0.0,0.8343452989540435,2021-03-03
-8.74,3.32,0.0,0.8218121527905708,2021-03-04
-5.49,5.56,0.0,0.9339821330251206,2021-03-05
-0.8,6.82,0.0,0.8525224226207448,2021-03-06
-3.51,6.63,0.0,1.0040840177216637,2021-03-07
-3.3,4.79,0.0,0.8132545592975537,2021-03-08
-4.72,-0.25,0.0,0.3218963767414193,2021-03-09
-8.13,2.8,0.0,0.8685637748110556,2021-03-10
-17.12,-2.59,0.0,0.6282533671192356,2021-03-11
-9.67,7.13,0.0,1.159749588691137,2021-03-12
-6.39,7.49,0.0,1.2024115607682515,2021-03-13
-2.12,9.99,0.0,1.3582560241091568,2021-03-14
-1.3,8.48,0.0,1.2032263084631134,2021-03-15
-8.14,1.79,0.0,0.8288497342622541,2021-03-16
-7.99,9.58,0.0,1.343658140121868,2021-03-17
-3.47,15.29,0.0,1.6799845467414856,2021-03-18
-0.01,19.89,0.0,1.9593682502159773,2021-03-19
-0.48,12.6,0.0,1.570534245709917,2021-03-20
-5.0,4.35,0.0,0.999677376999184,2021-03-21
-5.84,10.15,0.0,1.4208594567696968,2021-03-22
-7.11,1.11,1.24,0.8305462864298605,2021-03-23
-6.38,9.74,0.0,1.4061072398811494,2021-03-24
-3.14,4.31,3.79,0.8052654890694361,2021-03-25
-9.79,2.68,0.0,1.0440786020625472,2021-03-26
-9.04,6.66,0.0,1.2414900789595735,2021-03-27
-1.75,18.02,0.0,1.9054843741468577,2021-03-28
-8.65,6.18,6.43,1.1440749536300956,2021-03-29
-14.15,-5.61,0.0,0.5486908526243386,2021-03-30
-16.1,7.73,0.0,1.177456931554768,2021-03-31
-2.87,15.17,0.0,1.7682959427746745,2021-04-01
0.11,13.65,0.0,1.701447809923212,2021-04-02
-1.52,14.84,0.0,1.7723499314439697,2021-04-03
-1.33,19.24,0.0,2.0200449708932697,2021-04-04
-2.69,13.24,0.0,1.6751345767136243,2021-04-05
-3.37,16.96,0.0,1.8191889173503344,2021-04-06
-0.35,21.31,0.0,2.092192633832641,2021-04-07
1.99,15.55,1.13,1.767768358447679,2021-04-08
-5.72,12.42,0.0,1.5593539052150698,2021-04-09
-0.66,13.59,0.0,1.658319101353752,2021-04-10
-2.12,4.73,3.77,0.7081571984851746,2021-04-11
-3.46,1.76,1.81,0.5344863619127905,2021-04-12
-3.34,2.13,0.0,0.5610158959787157,2021-04-13
-3.23,6.21,0.0,1.213861742012514,2021-04-14
-2.44,11.81,0.0,1.5853995378973502,2021-04-15
-4.95,13.71,0.0,1.6812325300190885,2021-04-16
-1.48,20.46,0.0,2.098753649859531,2021-04-17
-4.12,6.84,0.0,1.2969022606632792,2021-04-18
-6.98,5.06,1.78,1.2426644333224808,2021-04-19
-8.64,8.87,0.0,1.4493067168283509,2021-04-20
-4.06,17.6,0.0,1.994121473621314,2021-04-21
-4.67,7.93,0.0,1.4145146526901913,2021-04-22
-12.09,4.74,0.0,1.205921006387609,2021-04-23
-9.94,7.98,0.0,1.3947190795512456,2021-04-24
-5.62,10.91,0.0,1.6026479320331586,2021-04-25
-4.62,14.71,0.0,1.7780464453532414,2021-04-26
-3.66,17.44,0.0,1.9479894380045355,2021-04-27
-1.5,15.69,0.0,1.87039843667341,2021-04-28
-1.8,12.15,0.0,1.6426571672225132,2021-04-29
2.26,26.76,0.0,2.57510707610458,2021-04-30
5.24,20.69,0.0,2.208341508241345,2021-05-01
0.77,15.06,0.0,1.8421201672847145,2021-05-02
-4.79,10.26,0.0,1.5401117447387906,2021-05-03
-5.15,14.79,0.0,1.8095877677495729,2021-05-04
-3.23,16.95,0.0,1.961344898205356,2021-05-05
-0.33,18.12,0.0,2.0647599562993273,2021-05-06
-0.55,18.06,0.0,2.065907152995175,2021-05-07
2.38,14.2,0.0,1.7846503913490648,2021-05-08
-4.6,15.94,0.0,1.9034765408790344,2021-05-09
-3.38,18.37,0.0,2.062244023063114,2021-05-10
-0.16,20.39,0.0,2.2216787731893235,2021-05-11
1.68,21.2,0.0,2.2827262891911073,2021-05-12
1.55,22.26,0.0,2.347693877073741,2021-05-13
2.58,23.16,0.0,2.4104203103959776,2021-05-14
3.3,24.72,0.0,2.516515380903268,2021-05-15
8.38,28.95,0.0,2.8056655501963124,2021-05-16
7.05,32.69,0.0,3.046930764268696,2021-05-17
12.36,29.64,0.0,2.809880881189577,2021-05-18
2.75,14.31,0.0,1.7633127238683668,2021-05-19
-0.57,4.8,3.93,0.6501764595316035,2021-05-20
-2.01,4.79,5.3,0.7390225869602844,2021-05-21
0.47,9.69,0.0,1.379816789343485,2021-05-22
6.26,14.36,16.83,1.2817524453079658,2021-05-23
8.37,12.09,18.86,0.3564937134613362,2021-05-24
2.27,9.44,0.03,0.77201868702012,2021-05-25
-0.52,13.57,0.0,1.577982534611343,2021-05-26
0.73,18.97,0.0,2.0990802187149544,2021-05-27
6.4,22.25,0.0,2.306818840023227,2021-05-28
6.54,21.08,0.0,2.1630250840163994,2021-05-29
2.66,23.08,0.0,2.47992629986464,2021-05-30
7.67,27.2,0.0,2.784220346581126,2021-05-31
8.92,26.9,0.0,2.738659071780368,2021-06-01
12.21,32.53,0.0,3.1317764639747665,2021-06-02
13.64,36.02,0.0,3.3582291251987826,2021-06-03
16.2,30.01,0.0,2.698822101768764,2021-06-04
12.25,29.18,0.0,2.8775140307988822,2021-06-05
8.79,22.21,0.0,2.201997135884299,2021-06-06
9.32,23.57,0.0,2.352556619760985,2021-06-07
6.27,23.76,4.12,2.1058534575471866,2021-06-08
12.22,19.59,13.73,0.943788064678608,2021-06-09
13.7,22.0,11.69,1.0625890711556514,2021-06-10
11.04,20.9,0.0,1.5412726149251152,2021-06-11
7.16,24.12,0.0,2.339669903295026,2021-06-12
6.93,27.52,0.0,2.6764943604060196,2021-06-13
12.65,31.64,0.0,2.9127525198035116,2021-06-14
16.21,33.42,0.92,2.930223187569261,2021-06-15
13.48,25.54,0.0,2.0966287248328737,2021-06-16
7.5,25.01,0.0,2.450986915946932,2021-06-17
8.21,19.12,0.0,1.6417407842172551,2021-06-18
6.89,20.55,0.89,1.950850469818623,2021-06-19
6.14,19.0,0.0,1.7797014660227528,2021-06-20
1.8,24.35,0.0,2.44475074477477,2021-06-21
10.29,31.31,0.0,2.9240283382863104,2021-06-22
13.28,24.53,0.0,1.8376605356654727,2021-06-23
8.7,22.3,0.0,1.9922186416938217,2021-06-24
9.8,27.72,0.0,2.591455346962629,2021-06-25
13.92,28.58,0.51,2.4321577249980773,2021-06-26
12.47,28.23,0.0,2.4954415807171384,2021-06-27
10.62,29.36,0.0,2.7798044478612485,2021-06-28
12.47,33.03,0.0,3.0768572033783137,2021-06-29
14.02,34.34,0.0,3.1462481329803036,2021-06-30
15.49,35.15,0.0,3.1611280309559797,2021-07-01
18.38,38.96,0.0,3.4023944762995466,2021-07-02
16.85,30.48,0.0,2.4733435023500236,2021-07-03
12.82,28.98,5.89,2.1344374354757902,2021-07-04
13.65,24.47,0.0,1.7876551007842338,2021-07-05
10.47,21.23,0.0,1.636678744748748,2021-07-06
10.87,28.49,6.08,2.146641769609131,2021-07-07
14.5,26.86,7.43,1.6173935683597604,2021-07-08
12.64,30.15,0.0,2.5796405782213943,2021-07-09
13.92,32.67,0.0,2.764243210773615,2021-07-10
15.88,32.65,0.0,2.6451190903614483,2021-07-11
12.15,27.67,0.0,2.311255576315595,2021-07-12
10.42,29.41,0.0,2.616465872023838,2021-07-13
11.06,31.4,0.0,2.7813083097859645,2021-07-14
13.87,35.09,0.0,3.016403940467592,2021-07-15
15.44,31.24,0.0,2.475367339646045,2021-07-16
17.54,35.49,0.0,2.832236818460731,2021-07-17
13.77,27.2,0.0,2.0419998770119574,2021-07-18
14.47,21.47,0.0,0.9032809945275954,2021-07-19
16.21,28.62,0.0,1.994791959439576,2021-07-20
15.44,31.28,0.0,2.482588931485095,2021-07-21
14.97,33.94,0.0,2.8252957914216914,2021-07-22
7.05,28.86,0.0,2.6080136466471617,2021-07-23
9.94,29.3,0.0,2.548271219286278,2021-07-24
10.75,29.64,0.65,2.538381454013476,2021-07-25
11.94,28.76,0.0,2.356649311126253,2021-07-26
12.5,36.2,0.0,3.0481498609019897,2021-07-27
13.37,29.45,0.0,2.3114570364470137,2021-07-28
12.97,33.81,0.0,2.8059032590141775,2021-07-29
13.05,31.43,0.0,2.550689545906363,2021-07-30
12.47,31.68,0.0,2.599679744360599,2021-07-31
11.85,33.16,0.0,2.758472975104763,2021-08-01
15.42,35.12,0.0,2.7668755827771574,2021-08-02
18.83,28.6,0.0,1.4418719503309476,2021-08-03
14.56,28.59,0.0,2.015932173628983,2021-08-04
10.84,30.82,0.0,2.521167680273917,2021-08-05
15.15,33.35,0.0,2.536811820862797,2021-08-06
15.51,29.83,0.0,2.0426836009763054,2021-08-07
14.15,23.33,0.0,1.1643189553491318,2021-08-08
11.37,20.66,0.0,1.1112685701094986,2021-08-09
10.63,20.75,3.44,0.957116305493774,2021-08-10
11.12,26.22,0.0,1.9319178427891668,2021-08-11
8.96,23.69,0.0,1.7805538181203748,2021-08-12
8.57,29.74,0.0,2.4153429697654953,2021-08-13
16.33,36.99,0.0,2.7406412669472253,2021-08-14
15.4,33.36,0.0,2.411619194388495,2021-08-15
14.77,28.1,0.0,1.7948369750981856,2021-08-16
9.97,20.89,0.0,1.2618651440964728,2021-08-17
10.07,17.92,4.24,0.7228457817331234,2021-08-18
7.99,19.46,4.49,0.9962503754740668,2021-08-19
10.29,18.62,5.27,0.7682254881391658,2021-08-20
6.4,22.18,3.65,1.371067516689115,2021-08-21
9.22,15.86,8.76,0.6009017811216221,2021-08-22
6.88,18.98,4.28,1.1291693409156347,2021-08-23
7.76,15.59,0.0,0.7987589428237315,2021-08-24
3.54,20.47,0.0,1.7400980438547506,2021-08-25
7.52,21.14,0.0,1.6061374102832302,2021-08-26
12.43,21.67,0.0,1.1745345017907511,2021-08-27
11.0,23.94,0.0,1.680106879250302,2021-08-28
7.48,26.16,0.0,2.098493834522238,2021-08-29
8.91,29.65,0.0,2.331193166373444,2021-08-30
12.46,26.08,22.97,1.4432564027290868,2021-08-31
9.07,21.74,0.0,1.3828233219471873,2021-09-01
8.7,19.34,0.0,1.0961920298931755,2021-09-02
7.9,22.04,0.0,1.4788280903972022,2021-09-03
5.48,23.33,0.0,1.713426651626498,2021-09-04
7.45,29.82,0.0,2.146204455513569,2021-09-05
10.32,22.92,1.24,1.3520957125904145,2021-09-06
7.61,23.67,0.0,1.6127243945333714,2021-09-07
5.57,25.6,0.0,1.908770961302093,2021-09-08
10.57,28.69,0.0,2.0605845249964667,2021-09-09
8.47,22.26,0.0,1.5073235280747588,2021-09-10
6.45,14.66,0.0,0.7251608854621725,2021-09-11
3.32,18.41,0.0,1.3910980557524495,2021-09-12
7.31,21.62,0.0,1.494252986954699,2021-09-13
4.55,23.32,0.0,1.7536979661375445,2021-09-14
8.23,19.58,0.0,1.1709929962739525,2021-09-15
3.93,15.92,0.0,1.066190185273171,2021-09-16
-0.78,20.23,0.0,1.5723080597082693,2021-09-17
11.31,33.04,0.0,2.236543993896307,2021-09-18
6.84,20.08,0.0,1.2468618936671785,2021-09-19
1.79,18.76,0.0,1.3628820029981366,2021-09-20
3.09,22.2,0.0,1.5733181678141273,2021-09-21
5.61,28.09,0.0,1.9268433690759972,2021-09-22
4.62,17.7,0.0,1.0595031690327197,2021-09-23
-0.52,19.36,0.0,1.396155354121344,2021-09-24
7.57,26.42,0.0,1.685389507035196,2021-09-25
4.17,25.9,0.0,1.7270131794476191,2021-09-26
9.2,30.48,0.0,1.9010876649602784,2021-09-27
6.36,28.66,0.0,1.8327234859497152,2021-09-28
6.28,21.14,0.0,1.196160336198807,2021-09-29
1.22,24.2,0.0,1.6011098542067916,2021-09-30
5.92,23.86,0.0,1.4191121603248162,2021-10-01
0.52,21.71,0.0,1.4109520321601785,2021-10-02
5.97,23.95,0.0,1.4207665787221766,2021-10-03
1.9,21.92,0.0,1.391994197674793,2021-10-04
5.19,24.78,0.0,1.4890826507954371,2021-10-05
6.94,27.3,0.0,1.6438799948438405,2021-10-06
3.69,14.88,0.0,0.7527548696514006,2021-10-07
2.08,17.21,0.0,1.04456886959193,2021-10-08
-0.11,19.88,0.0,1.3108803694541966,2021-10-09
-0.68,19.21,0.0,1.261395687929174,2021-10-10
-1.89,9.77,0.0,0.6397730665262116,2021-10-11
-6.67,8.77,0.0,0.7108384643297405,2021-10-12
-3.53,5.42,3.94,0.4244950115749082,2021-10-13
-1.54,5.95,2.33,0.3804211245279587,2021-10-14
-3.27,13.71,0.0,0.8806970446806252,2021-10-15
-0.6,18.05,0.0,1.0706610094715678,2021-10-16
2.87,24.51,0.0,1.4035455308068367,2021-10-17
1.51,13.91,0.0,0.7405707887432741,2021-10-18
-5.2,7.61,0.0,0.6005459745227132,2021-10-19
-7.73,8.02,0.0,0.6704985493877947,2021-10-20
-4.44,10.77,0.0,0.7336258699142881,2021-10-21
-5.37,9.97,0.0,0.7120132926074514,2021-10-22
-1.55,7.26,0.56,0.4608741765695974,2021-10-23
2.37,6.5,0.0,0.2459852752186695,2021-10-24
3.38,9.71,2.22,0.3696612465919057,2021-10-25
2.34,10.56,2.55,0.4657647146129142,2021-10-26
0.6,13.41,0.0,0.7257263110974375,2021-10-27
-2.06,11.44,0.0,0.697694633509345,2021-10-28
0.34,9.39,2.01,0.4780450660271627,2021-10-29
-4.24,5.07,0.0,0.4371018196490451,2021-10-30
-7.97,4.49,0.0,0.5046625210415375,2021-10-31
-9.7,2.43,0.0,0.4526965146655917,2021-11-01
-9.79,7.19,0.0,0.6403471911531033,2021-11-02
-7.76,10.26,0.0,0.7395908518472661,2021-11-03
-1.87,16.09,0.0,0.910783494662369,2021-11-04
2.16,15.0,0.0,0.7447801502212875,2021-11-05
-2.92,10.83,0.0,0.6692416322143112,2021-11-06
-5.89,10.58,0.0,0.715257234390748,2021-11-07
-5.4,9.52,0.0,0.6565634394739942,2021-11-08
-9.41,8.74,0.0,0.6804645954636,2021-11-09
-1.9,4.53,0.83,0.3160911337035153,2021-11-10
-6.39,-2.14,0.0,0.170422226354048,2021-11-11
-8.6,-2.87,0.0,0.2083899108266386,2021-11-12
-8.49,4.62,0.0,0.496858519948462,2021-11-13
-5.8,2.29,0.7,0.3370097110158867,2021-11-14
-1.35,5.26,1.01,0.3290444888385037,2021-11-15
-4.35,7.14,5.1,0.4925790915668362,2021-11-16
-11.83,-4.43,0.0,0.2299478706694576,2021-11-17
-14.58,-0.63,0.0,0.3919618280495076,2021-11-18
-10.39,-1.05,0.0,0.3148535316311838,2021-11-19
-10.88,1.37,0.0,0.4087245284839235,2021-11-20
-16.54,-2.59,0.0,0.3504904512098978,2021-11-21
-7.23,5.32,0.0,0.4914797716236828,2021-11-22
-9.81,4.18,0.0,0.4882261638369308,2021-11-23
-15.8,-8.27,0.0,0.1842679572749913,2021-11-24
-10.88,2.69,0.0,0.4470427125736471,2021-11-25
-2.46,6.29,0.0,0.4057161176226633,2021-11-26
-6.34,2.41,0.0,0.3456927041496209,2021-11-27
-4.74,4.58,0.0,0.3936986506817679,2021-11-28
-3.56,5.88,0.86,0.4174475917582866,2021-11-29
-5.66,5.31,0.0,0.445819183422905,2021-11-30
0.07,7.15,0.0,0.3555943799020273,2021-12-01
-3.32,2.7,0.95,0.2648971785104611,2021-12-02
-7.74,-0.33,0.0,0.2712675319761942,2021-12-03
-10.55,-1.63,0.5,0.2929783544252857,2021-12-04
-21.72,-7.13,1.07,0.2687181314830028,2021-12-05
-24.45,-12.61,0.0,0.1775962147595909,2021-12-06
-20.72,-8.64,0.0,0.2302535881550745,2021-12-07
-15.17,3.56,1.05,0.5104900014422216,2021-12-08
-12.16,-1.34,0.0,0.3288396098511256,2021-12-09
-14.28,-3.19,0.0,0.301866624351153,2021-12-10
-9.91,4.43,0.0,0.4906295219022439,2021-12-11
-9.1,1.5,0.0,0.3707933349606043,2021-12-12
-14.42,-2.8,0.0,0.3133697181192005,2021-12-13
-8.81,-1.51,0.3,0.2534774131188514,2021-12-14
-20.9,-10.74,0.0,0.1854594556836897,2021-12-15
-24.58,-16.87,0.31,0.1071007121305289,2021-12-16
-25.68,-17.47,0.81,0.1064604444444193,2021-12-17
-28.05,-8.06,0.0,0.2577585534313905,2021-12-18
-19.1,-7.79,0.0,0.2325202562777054,2021-12-19
-21.13,-11.98,0.0,0.1622475403279075,2021-12-20
-19.53,-7.23,0.0,0.2490033440916447,2021-12-21
-13.96,-6.31,2.77,0.1972598575122803,2021-12-22
-13.68,-0.32,1.89,0.3775037505346015,2021-12-23
-24.24,-14.09,0.75,0.1492966106546641,2021-12-24
-28.88,-22.27,2.03,0.1,2021-12-25
-28.14,-23.33,6.99,0.1,2021-12-26
-34.73,-25.57,0.54,0.1,2021-12-27
-37.47,-27.38,0.0,0.1,2021-12-28
-34.93,-25.34,0.0,0.1,2021-12-29
-36.39,-27.51,0.0,0.1,2021-12-30
-36.06,-26.77,0.0,0.1,2021-12-31
-34.78,-22.56,0.0,0.1,2022-01-01
-26.46,-1.17,0.0,0.3893746034685891,2022-01-02
-16.56,-4.89,3.08,0.2701376759823252,2022-01-03
-22.96,-12.53,1.22,0.1675038097459182,2022-01-04
-31.95,-20.09,0.0,0.1035429476108428,2022-01-05
-34.65,-25.46,0.0,0.1,2022-01-06
-24.68,-7.43,1.65,0.2712950916297189,2022-01-07
-23.82,-12.85,0.0,0.1688268125621701,2022-01-08
-28.64,-16.59,0.0,0.1356515689975675,2022-01-09
-22.23,-0.86,0.0,0.4102551707322379,2022-01-10
-11.33,4.06,0.0,0.5025991900533376,2022-01-11
-1.74,5.52,0.0,0.3459303203912718,2022-01-12
-4.82,4.01,2.74,0.3612299876532088,2022-01-13
-5.63,1.62,0.0,0.2965122973811804,2022-01-14
-4.8,4.52,0.0,0.3998919882945099,2022-01-15
-4.08,4.22,0.0,0.366092440483191,2022-01-16
-5.57,4.68,0.91,0.4297296245520171,2022-01-17
-19.21,2.65,0.0,0.5089536054143327,2022-01-18
-26.18,-15.59,0.0,0.1425057152426953,2022-01-19
-23.58,-2.47,1.99,0.3829280452879763,2022-01-20
-9.83,2.52,1.22,0.4387290896136465,2022-01-21
-7.84,4.52,2.24,0.4619880187887095,2022-01-22
-7.54,5.01,0.0,0.4984444633584698,2022-01-23
-11.09,1.47,0.0,0.425948655986989,2022-01-24
-22.62,-5.11,0.0,0.3299288522046809,2022-01-25
-10.15,2.04,0.0,0.4349820895754475,2022-01-26
-7.4,1.01,0.0,0.3352313839238017,2022-01-27
-10.7,1.49,0.0,0.4271838260960643,2022-01-28
-8.35,2.85,0.0,0.4377862482600712,2022-01-29
-4.53,5.46,0.0,0.4597888620114483,2022-01-30
-12.21,4.11,3.2,0.523006067485609,2022-01-31
-26.03,-16.23,0.0,0.1397794922770382,2022-02-01
-32.2,-23.0,0.0,0.1,2022-02-02
-30.61,-18.91,0.0,0.1247920396198696,2022-02-03
-31.84,-6.45,6.67,0.2875822076709927,2022-02-04
-15.14,-5.8,0.89,0.2657614243869765,2022-02-05
-16.98,1.35,0.0,0.50469821206764,2022-02-06
-5.24,5.28,0.0,0.4911720319542249,2022-02-07
-4.38,2.83,0.0,0.3473482808819548,2022-02-08
-8.24,2.57,0.0,0.4516213664683907,2022-02-09
-8.91,5.42,0.38,0.5893528883264041,2022-02-10
-18.35,-11.68,0.0,0.159240569103067,2022-02-11
-16.61,-6.93,0.0,0.2662994408034632,2022-02-12
-15.68,2.17,0.0,0.5444689680051954,2022-02-13
-17.81,-8.51,1.18,0.2393162490460604,2022-02-14
-14.7,-6.74,1.79,0.2432280889456368,2022-02-15
-23.47,-14.63,0.41,0.1607875516327332,2022-02-16
-25.95,-2.71,0.0,0.4196052621610611,2022-02-17
-20.15,-6.19,0.0,0.3340534387053434,2022-02-18
-16.9,3.35,2.66,0.5677400547780479,2022-02-19
-22.03,-13.88,0.0,0.1656685398337699,2022-02-20
-27.87,-20.34,0.0,0.1021124809468342,2022-02-21
-30.89,-20.42,0.0,0.1201472104626791,2022-02-22
-29.73,-18.08,0.0,0.1492910994271387,2022-02-23
-27.22,-16.91,0.0,0.1569224730155352,2022-02-24
-26.69,-8.12,0.0,0.3208900426568614,2022-02-25
-14.07,-2.63,0.0,0.4006355134311686,2022-02-26
-11.91,-6.03,0.0,0.2232345705130782,2022-02-27
-13.83,-6.78,0.0,0.247212537378614,2022-02-28
-12.63,-6.55,0.0,0.2271235445488063,2022-03-01
-16.3,-8.22,0.0,0.25472065004701,2022-03-02
-16.76,-9.68,6.25,0.1975186136210418,2022-03-03
-11.01,-7.61,3.64,0.1275144088197581,2022-03-04
-15.95,-9.8,0.0,0.2009018984197009,2022-03-05
-18.7,-4.62,0.0,0.4172514746203657,2022-03-06
-15.78,1.82,0.74,0.6256373531452674,2022-03-07
-17.55,-7.49,0.0,0.3188808313429073,2022-03-08
-23.9,-13.39,0.0,0.2262254066405509,2022-03-09
-23.72,-11.93,0.0,0.2603949897930102,2022-03-10
-30.09,-10.4,0.0,0.2999689734220068,2022-03-11
-16.1,2.76,0.0,0.7019049272401298,2022-03-12
-11.35,-2.1,0.0,0.4182695087370059,2022-03-13
-11.12,1.13,0.0,0.5932151491133948,2022-03-14
-5.42,4.81,0.0,0.6802051708745706,2022-03-15
-3.17,4.01,0.0,0.4804696617316535,2022-03-16
-5.98,5.86,0.0,0.8114736669253308,2022-03-17
-1.97,5.72,0.0,0.5850537991930037,2022-03-18
-3.4,6.7,0.0,0.8220028247843729,2022-03-19
-1.16,4.65,0.0,0.4398875240430511,2022-03-20
-0.59,5.87,0.0,0.5853967675921861,2022-03-21
-2.42,7.76,0.0,0.9681597371683018,2022-03-22
-2.09,13.35,0.0,1.4445019511878183,2022-03-23
-0.36,7.85,0.4,0.8543140300222081,2022-03-24
-6.54,1.38,0.0,0.5864911679429579,2022-03-25
-8.6,-1.69,0.0,0.4257921827479808,2022-03-26
-6.31,8.65,0.0,1.2126822728491085,2022-03-27
-2.18,8.35,0.0,1.1910253244985525,2022-03-28
-5.65,1.63,0.0,0.6718585506586732,2022-03-29
-7.92,9.38,0.0,1.3614189215626402,2022-03-30
-0.84,5.82,1.63,0.8075277374407658,2022-03-31
-3.86,5.93,0.0,1.0438894420194402,2022-04-01
-7.0,7.89,0.0,1.2822585297473146,2022-04-02
-3.26,12.04,0.0,1.5780667852482406,2022-04-03
-1.33,16.36,0.0,1.9097781292995857,2022-04-04
-0.46,9.46,2.26,1.0602042824841535,2022-04-05
-0.82,7.42,0.56,1.0718823872564196,2022-04-06
-2.94,11.12,0.0,1.5597783103830576,2022-04-07
-1.91,18.56,0.0,2.0441149585766696,2022-04-08
0.06,12.99,0.0,1.709122041992995,2022-04-09
-4.03,7.73,0.0,1.318577328919763,2022-04-10
-7.46,-0.92,0.0,0.5732505064526214,2022-04-11
-9.47,-5.11,0.0,0.2592025699290579,2022-04-12
-9.12,-4.83,1.1,0.2669524239319018,2022-04-13
-8.51,-3.59,1.26,0.3851208065084787,2022-04-14
-10.11,-2.51,0.0,0.6295167853722605,2022-04-15
-9.72,1.4,0.0,0.982393802301964,2022-04-16
-7.5,3.7,0.0,1.1355942973478694,2022-04-17
-7.43,8.73,0.0,1.5145021060655033,2022-04-18
-2.96,4.1,0.7,0.9508962364226424,2022-04-19
-4.51,1.77,1.61,0.7493343490654965,2022-04-20
-8.53,5.93,0.0,1.3444360358249,2022-04-21
-2.17,3.94,0.63,0.8846736362583808,2022-04-22
0.37,9.08,2.02,1.205697657275128,2022-04-23
-2.42,11.57,0.0,1.757059054338589,2022-04-24
-2.9,10.65,0.0,1.6967807055605406,2022-04-25
-2.47,14.49,0.0,1.9386561174376256,2022-04-26
0.96,15.95,0.0,2.0609801561232355,2022-04-27
0.8,18.24,0.0,2.204269291276678,2022-04-28
0.89,16.79,0.0,2.1189444613160857,2022-04-29
1.88,17.47,0.0,2.1659036130236795,2022-04-30
0.29,15.92,0.0,2.0569713442275086,2022-05-01
-0.69,18.78,0.0,2.2261768229098404,2022-05-02
3.86,20.77,0.0,2.3987276921530505,2022-05-03
1.27,24.63,0.0,2.598858581813454,2022-05-04
9.05,27.78,0.0,2.772836746483686,2022-05-05
9.74,23.14,0.0,2.4358028727920344,2022-05-06
6.32,14.71,3.49,1.5543367700576507,2022-05-07
3.46,15.84,0.0,1.981492828457247,2022-05-08
-0.12,15.73,0.0,1.989702645398906,2022-05-09
3.08,14.38,2.59,1.699324302180682,2022-05-10
-0.16,19.39,0.0,2.216595885642205,2022-05-11
2.88,20.36,0.0,2.301235099566619,2022-05-12
4.41,11.22,13.1,1.0206274501608108,2022-05-13
3.12,17.2,0.0,2.076487052975778,2022-05-14
3.38,20.68,0.0,2.322543364322791,2022-05-15
4.67,21.67,0.0,2.3904359800002295,2022-05-16
6.68,21.68,2.46,2.10407075546683,2022-05-17
7.46,16.84,0.89,1.7548726161817532,2022-05-18
1.95,11.92,3.13,1.1766846837624676,2022-05-19
1.34,8.33,0.0,0.9189452853878054,2022-05-20
-0.62,14.16,0.0,1.8703055964062725,2022-05-21
0.84,16.95,0.0,2.0763969409545253,2022-05-22
1.99,22.63,0.0,2.4557597446335664,2022-05-23
4.83,24.88,0.0,2.621178606807169,2022-05-24
6.43,24.72,0.0,2.61069969410349,2022-05-25
6.25,24.45,0.0,2.594273312888922,2022-05-26
6.89,22.1,0.99,2.412580942701416,2022-05-27
7.99,23.38,0.0,2.5031312606110507,2022-05-28
9.87,20.2,0.0,2.032800420741587,2022-05-29
7.92,17.92,0.0,1.8632991325639583,2022-05-30
4.43,18.78,0.0,2.20446288909101,2022-05-31
2.77,19.93,0.0,2.3072968550190156,2022-06-01
4.28,21.76,0.0,2.4384545281345407,2022-06-02
2.49,23.33,0.0,2.541566840021182,2022-06-03
4.13,25.41,0.0,2.6902957990257264,2022-06-04
6.39,20.75,0.0,2.3453749487726547,2022-06-05
5.61,21.2,0.0,2.387965802906203,2022-06-06
7.95,21.41,0.0,2.3643231095186756,2022-06-07
6.93,24.94,1.33,2.6629292687562978,2022-06-08
11.2,25.09,4.96,2.3869268496975344,2022-06-09
10.42,26.51,0.13,2.747634858871685,2022-06-10
8.14,24.93,0.0,2.658056892432656,2022-06-11
8.58,25.48,2.74,2.4525598890881217,2022-06-12
11.27,22.76,1.59,2.379179393195614,2022-06-13
7.32,19.83,0.0,2.2386839476006166,2022-06-14
5.13,17.94,3.54,1.74993438166425,2022-06-15
11.55,21.38,0.0,2.04935740166657,2022-06-16
10.75,30.12,0.0,3.0249345990464067,2022-06-17
17.91,32.88,0.0,3.0801215241541744,2022-06-18
16.15,21.49,5.53,0.7946190538519272,2022-06-19
14.71,21.6,1.45,1.435998795949485,2022-06-20
11.93,23.02,0.9,2.1955292972108293,2022-06-21
10.6,28.44,0.0,2.9143296574623063,2022-06-22
10.4,27.7,4.51,2.465426796659099,2022-06-23
8.79,19.19,0.9,1.842081020303207,2022-06-24
8.99,21.46,2.6,1.772301880435212,2022-06-25
8.95,25.22,0.0,2.647350903317907,2022-06-26
9.96,23.93,0.0,2.4393425976260716,2022-06-27
9.95,23.18,1.11,2.327541377299725,2022-06-28
12.98,26.26,0.0,2.508366676699365,2022-06-29
10.25,23.3,0.0,2.320475036615336,2022-06-30
8.62,24.57,0.0,2.5804921215021124,2022-07-01
10.01,23.28,4.51,1.9028111286137697,2022-07-02
10.8,24.39,2.25,1.9459292623758913,2022-07-03
13.12,18.55,9.06,0.6265594196730878,2022-07-04
12.69,18.75,2.99,0.7057680952833733,2022-07-05
12.75,25.02,0.0,2.2498125105812035,2022-07-06
12.92,24.44,0.79,2.1381673586838383,2022-07-07
16.69,31.76,0.0,2.860454230113691,2022-07-08
16.66,29.99,3.3,2.090967159838382,2022-07-09
14.06,25.7,2.9,1.7224568079672449,2022-07-10
11.13,27.57,0.0,2.6254347910380815,2022-07-11
10.7,30.16,0.0,2.87707310663858,2022-07-12
15.8,33.46,2.69,2.471306628104414,2022-07-13
15.8,28.17,0.0,2.3104463722685766,2022-07-14
16.05,34.04,0.0,3.0250863071095,2022-07-15
14.8,35.47,0.0,3.1782402187437913,2022-07-16
15.57,31.89,0.0,2.7896246176938333,2022-07-17
14.41,29.45,21.73,2.0727623786578246,2022-07-18
15.0,28.62,7.55,1.7380433255337326,2022-07-19
13.26,24.71,0.0,1.7213224924881674,2022-07-20
11.07,28.27,0.0,2.364936211987334,2022-07-21
11.2,25.36,0.0,2.0132160293594987,2022-07-22
9.01,21.69,0.0,1.7216205494551513,2022-07-23
7.81,27.93,0.0,2.452876806209049,2022-07-24
13.19,20.74,2.89,0.8292465160645387,2022-07-25
10.59,24.38,0.0,1.9058685912526163,2022-07-26
7.96,25.56,0.0,2.1918033064606015,2022-07-27
7.94,27.33,0.0,2.3451568301272263,2022-07-28
12.61,33.14,0.0,2.6873140073356785,2022-07-29
14.94,26.41,3.4,1.3050216695021466,2022-07-30
13.77,27.79,6.79,1.5879421347369005,2022-07-31
15.23,26.46,0.0,1.5741435153346297,2022-08-01
13.9,25.4,0.0,1.573525186136147,2022-08-02
9.3,25.54,0.0,1.982705138923551,2022-08-03
11.09,35.0,0.0,2.74685082948144,2022-08-04
9.14,20.09,0.0,1.2501107034590826,2022-08-05
4.83,22.72,0.0,1.877610939858808,2022-08-06
11.05,29.98,0.0,2.2904516715781265,2022-08-07
10.72,33.27,0.0,2.5792744897139377,2022-08-08
10.12,26.08,0.0,1.9029047942692292,2022-08-09
10.08,26.52,0.0,1.9464329458682983,2022-08-10
15.6,25.0,0.0,1.1389567381239107,2022-08-11
11.68,31.33,0.0,2.4195208302762943,2022-08-12
16.08,32.78,0.0,2.278850978470804,2022-08-13
15.76,31.29,0.0,2.115861755593728,2022-08-14
12.61,29.95,0.0,2.193682492918667,2022-08-15
13.71,34.27,0.0,2.5605733242325024,2022-08-16
16.07,29.88,0.0,1.8852279013538096,2022-08-17
12.45,29.6,0.0,2.1628884321302997,2022-08-18
10.74,29.55,0.0,2.230910136241506,2022-08-19
13.89,31.77,0.0,2.265154422270173,2022-08-20
12.58,34.1,0.0,2.5314695559725884,2022-08-21
16.24,27.64,0.0,1.4553389177564453,2022-08-22
14.61,26.82,0.0,1.5370187144093237,2022-08-23
10.81,27.26,0.0,1.9114751024666152,2022-08-24
10.11,28.73,0.0,2.0852339106651834,2022-08-25
12.74,29.44,12.47,1.6381431089980496,2022-08-26
13.62,30.84,0.0,1.993029122185376,2022-08-27
12.61,21.65,0.0,0.94597976170901,2022-08-28
9.09,27.31,0.0,1.8882445242829824,2022-08-29
10.37,31.77,0.0,2.2103235184345955,2022-08-30
13.85,35.41,0.0,2.344075535483506,2022-08-31
14.49,32.96,0.0,2.053760511267056,2022-09-01
6.38,26.73,0.0,1.874990161802132,2022-09-02
11.72,36.79,0.0,2.4793449407731902,2022-09-03
15.2,34.41,0.0,2.0878893342499993,2022-09-04
12.36,32.34,0.0,2.0463412329180084,2022-09-05
8.56,24.89,0.0,1.531929133068756,2022-09-06
10.09,35.49,0.0,2.368303910509579,2022-09-07
7.25,20.04,0.0,1.1015094466280169,2022-09-08
3.58,17.31,0.0,1.068808122769177,2022-09-09
2.22,23.08,0.0,1.623596967017745,2022-09-10
7.96,32.11,0.0,2.149369877293808,2022-09-11
8.42,23.97,0.0,1.405693527991556,2022-09-12
9.07,15.4,1.74,0.5558018456959807,2022-09-13
7.96,15.78,2.64,0.6092501023301157,2022-09-14
6.63,16.01,0.0,0.7752954871648453,2022-09-15
10.09,20.49,0.0,0.928344903759338,2022-09-16
7.43,22.97,0.0,1.3305388359835308,2022-09-17
5.45,22.32,0.0,1.3939119275241008,2022-09-18
8.66,19.44,0.88,0.9214010967867506,2022-09-19
4.67,14.28,0.0,0.7430009173490372,2022-09-20
-0.27,17.09,0.0,1.1717624236693949,2022-09-21
1.4,18.9,0.67,1.256454649157415,2022-09-22
4.76,18.65,0.0,1.0585512227961489,2022-09-23
6.38,21.49,0.0,1.237652101848675,2022-09-24
2.22,21.69,0.0,1.422531609989941,2022-09-25
5.97,23.0,0.0,1.3680291664460515,2022-09-26
5.6,25.19,0.0,1.5501462079636907,2022-09-27
8.39,30.57,0.0,1.8467029698769784,2022-09-28
7.45,31.21,0.0,1.9030947555421815,2022-09-29
9.94,23.99,0.0,1.1560281006396895,2022-09-30
7.42,20.18,0.0,0.9890122428277712,2022-10-01
5.25,19.49,0.0,1.047996592030577,2022-10-02
6.42,22.67,0.0,1.319338563698183,2022-10-03
7.19,25.82,0.0,1.5591649273799295,2022-10-04
3.6,12.56,0.0,0.623196726333245,2022-10-05
-4.17,9.87,0.0,0.7488969346912954,2022-10-06
-3.11,19.81,0.0,1.3464224334860204,2022-10-07
3.05,22.7,0.0,1.4286992467379205,2022-10-08
2.96,22.22,0.0,1.3976494913789146,2022-10-09
2.86,25.53,0.0,1.6116349151647984,2022-10-10
4.57,15.56,0.0,0.7614711492396017,2022-10-11
2.61,11.62,0.0,0.587471296394344,2022-10-12
0.29,14.19,0.0,0.8462167012913863,2022-10-13
-2.19,15.42,0.0,1.009250345337362,2022-10-14
-2.1,9.71,0.0,0.6432029575703232,2022-10-15
-4.72,8.79,0.0,0.6649221184949679,2022-10-16
-2.37,17.06,0.0,1.2389293374671124,2022-10-17
0.32,22.35,0.0,1.6273014659040757,2022-10-18
2.1,21.4,0.0,1.526143512901805,2022-10-19
2.88,16.07,0.0,1.0410168113612723,2022-10-20
0.89,11.41,0.0,0.6979803212751224,2022-10-21
-3.24,11.35,4.68,0.7389622787764216,2022-10-22
-0.57,3.68,13.42,0.2168617413746998,2022-10-23
-2.41,0.75,0.0,0.1592177403679834,2022-10-24
-3.0,3.09,0.0,0.3001771132472557,2022-10-25
-4.22,5.6,0.0,0.4677067291319183,2022-10-26
-0.3,9.13,0.0,0.5194482439051431,2022-10-27
0.31,9.91,0.0,0.5406376765018973,2022-10-28
-1.47,12.34,0.0,0.7444430020326066,2022-10-29
-0.9,14.0,0.0,0.889573760942133,2022-10-30
-0.91,8.86,0.0,0.5216308529901583,2022-10-31
-0.19,9.76,0.0,0.5436610432567156,2022-11-01
-2.45,1.72,0.0,0.2054519815617346,2022-11-02
-7.78,-1.66,0.0,0.2410087992489443,2022-11-03
-8.57,4.68,2.45,0.5023221832874806,2022-11-04
-4.95,4.83,12.2,0.4268430631559559,2022-11-05
-11.72,-5.26,0.0,0.2129428722927486,2022-11-06
-13.7,-6.12,4.03,0.2151575660834686,2022-11-07
-17.41,-6.19,0.0,0.2821192034801018,2022-11-08
-22.69,-15.12,0.0,0.1321906606885866,2022-11-09
-22.97,-14.49,0.0,0.146746583394899,2022-11-10
-21.6,-11.0,0.0,0.203777247054151,2022-11-11
-21.09,-10.22,1.29,0.2157956610637154,2022-11-12
-14.36,-6.31,0.0,0.2310161818811548,2022-11-13
-12.46,-5.64,1.02,0.2140677089730246,2022-11-14
-11.97,-3.83,0.0,0.2645191008574877,2022-11-15
-10.92,-2.37,0.0,0.2940331709926013,2022-11-16
-16.46,-10.05,0.0,0.1606818842187793,2022-11-17
-16.4,-6.91,0.0,0.2448751187034432,2022-11-18
-11.89,-3.96,0.0,0.2586099704314245,2022-11-19
-11.9,0.74,0.0,0.4158232923549327,2022-11-20
-11.95,1.77,1.13,0.4498414187018951,2022-11-21
-5.97,2.67,0.0,0.3687995356675776,2022-11-22
-4.74,2.45,0.0,0.3206968418965953,2022-11-23
-6.59,3.83,0.0,0.4289065405483269,2022-11-24
-0.27,7.13,0.0,0.390520051379394,2022-11-25
-2.93,2.96,0.0,0.2793236121173851,2022-11-26
-3.86,3.36,1.18,0.3300855877979507,2022-11-27
-10.81,-4.21,2.49,0.2079272819804517,2022-11-28
-16.66,-10.18,0.0,0.1551184718427105,2022-11-29
-21.04,-13.96,1.17,0.1299014436260551,2022-11-30
-22.22,-13.38,0.81,0.1525825333284163,2022-12-01
-28.09,-20.85,0.0,0.1,2022-12-02
-23.41,-11.53,0.0,0.1941070772981221,2022-12-03
-14.56,-3.0,0.0,0.3173808680892184,2022-12-04
-23.64,-12.64,0.58,0.1749063312074311,2022-12-05
-32.77,-20.84,0.0,0.1,2022-12-06
-34.82,-8.92,0.0,0.2298599057890295,2022-12-07
-15.9,-5.1,0.0,0.2710884645512347,2022-12-08
-11.24,-1.79,0.0,0.3005521506683518,2022-12-09
-16.53,-6.25,0.0,0.2473083161761951,2022-12-10
-10.48,-4.46,2.49,0.1866345326132906,2022-12-11
-11.98,-6.62,3.56,0.1529198648334567,2022-12-12
-15.0,-11.45,0.0,0.1,2022-12-13
-16.99,-8.34,0.41,0.1997984307285569,2022-12-14
-16.41,-10.27,0.0,0.1432355395332175,2022-12-15
-20.51,-13.44,0.57,0.1297304768794859,2022-12-16
-20.31,-14.57,1.0,0.1049301489554661,2022-12-17
-25.83,-19.63,1.08,0.1,2022-12-18
-30.72,-22.92,2.13,0.1,2022-12-19
-35.14,-28.99,1.89,0.1,2022-12-20
-32.33,-28.07,0.73,0.1,2022-12-21
-31.64,-25.32,0.0,0.1,2022-12-22
-34.77,-20.98,0.0,0.1007452192119469,2022-12-23
-23.37,-12.02,1.76,0.1819810854291093,2022-12-24
-16.28,-7.34,0.0,0.2166815695925083,2022-12-25
-15.23,1.92,0.0,0.4607653101781356,2022-12-26
-10.01,-0.69,8.29,0.3027180728096493,2022-12-27
-15.63,-8.19,2.31,0.1775906989289862,2022-12-28
-14.42,-10.01,0.0,0.1141183282037631,2022-12-29
-16.37,-8.07,0.0,0.1998233376098495,2022-12-30
-17.59,-9.74,0.0,0.1753032541127664,2022-12-31
-18.31,-6.7,0.0,0.2529802853658878,2023-01-01
-14.63,-4.74,0.0,0.2629977154590779,2023-01-02
-15.15,-6.07,0.0,0.233657523398737,2023-01-03
-17.59,-9.23,0.0,0.1863954411949088,2023-01-04
-17.4,-10.44,0.0,0.1555789540857187,2023-01-05
-16.98,-5.47,0.0,0.2726182590558844,2023-01-06
-12.13,-3.1,0.0,0.2752699015068763,2023-01-07
-13.96,-4.61,0.0,0.2596407069871242,2023-01-08
-13.29,-3.48,0.0,0.2833017845824661,2023-01-09
-15.43,-9.36,0.0,0.1526353527229016,2023-01-10
-15.33,-9.7,0.0,0.1422784968161707,2023-01-11
-13.82,-6.6,0.0,0.2019958538096354,2023-01-12
-11.52,-1.61,0.0,0.3172743991827577,2023-01-13
-11.22,-3.45,0.0,0.2517822535227746,2023-01-14
-9.36,-6.62,0.0,0.1,2023-01-15
-9.47,-6.92,0.0,0.1,2023-01-16
-10.13,-7.12,0.0,0.1012258597655944,2023-01-17
-7.75,-2.87,0.0,0.1874541614733086,2023-01-18
-9.72,-4.09,0.0,0.1986701012323573,2023-01-19
-14.09,-4.47,0.0,0.2761914765139693,2023-01-20
-12.47,-1.32,0.0,0.358370591964827,2023-01-21
-7.51,1.24,0.0,0.3678237027289049,2023-01-22
-12.26,-1.23,0.0,0.3702612989873899,2023-01-23
-10.99,-2.22,0.0,0.2994422592134341,2023-01-24
-7.76,-1.38,1.06,0.2611465890768232,2023-01-25
-8.28,3.62,0.79,0.600104200773894,2023-01-26
-19.33,-3.93,0.0,0.3778228914377318,2023-01-27
-23.94,-18.18,0.0,0.1,2023-01-28
-25.28,-18.99,0.0,0.1,2023-01-29
-26.08,-18.12,0.0,0.1148797210244712,2023-01-30
-23.17,-13.01,0.0,0.1833427294550025,2023-01-31
-23.26,-11.48,0.0,0.2141636268861454,2023-02-01
-27.01,-17.57,0.0,0.1317646380969885,2023-02-02
-19.17,-1.92,0.0,0.4756156570993145,2023-02-03
-7.28,-0.01,0.0,0.4051165259513865,2023-02-04
-10.89,1.96,0.0,0.6340657894355317,2023-02-05
-4.93,1.23,0.0,0.3929678811405835,2023-02-06
-4.67,2.97,0.0,0.5613559686500502,2023-02-07
-9.3,-0.49,2.98,0.3861486827931323,2023-02-08
-13.72,-2.27,0.0,0.4884345925301513,2023-02-09
-9.37,4.71,0.0,0.8135068417261798,2023-02-10
-6.65,1.24,0.0,0.5406253164014717,2023-02-11
-7.46,1.42,0.0,0.6007012832741285,2023-02-12
-3.97,3.47,0.0,0.6301086835350944,2023-02-13
-17.24,-3.68,0.0,0.4797242222380338,2023-02-14
-17.32,-9.93,0.0,0.211127526617907,2023-02-15
-19.97,-2.28,0.0,0.5314436619695283,2023-02-16
-9.24,-0.26,0.0,0.5564410180354911,2023-02-17
-12.74,-4.05,0.0,0.4134775446122994,2023-02-18
-12.52,-5.62,1.35,0.3072850965054149,2023-02-19
-20.86,-9.71,0.0,0.3021377606033284,2023-02-20
-27.13,-17.28,0.0,0.1506380379048769,2023-02-21
-30.82,-25.3,0.0,0.1,2023-02-22
-28.41,-21.99,0.0,0.1,2023-02-23
-31.1,-19.49,0.0,0.1382601652237227,2023-02-24
-27.88,-12.29,0.0,0.268965586657131,2023-02-25
-18.62,-2.04,0.0,0.6118493448503984,2023-02-26
-15.51,-5.43,0.0,0.4604615621028751,2023-02-27
-20.24,-10.82,0.0,0.2839205194345277,2023-02-28
-19.67,-6.31,0.0,0.4641360106256612,2023-03-01
-12.3,1.15,0.0,0.8091075646006336,2023-03-02
-10.34,-0.7,0.0,0.6790470193113068,2023-03-03
-14.94,-5.11,0.0,0.4972997962717762,2023-03-04
-20.82,-10.14,0.0,0.3430801626898964,2023-03-05
-25.65,-13.55,0.0,0.2631016834345007,2023-03-06
-17.36,-12.85,0.0,0.1361705275308804,2023-03-07
-18.79,-13.45,0.69,0.1503031204534398,2023-03-08
-18.85,-10.31,0.0,0.3260513680447464,2023-03-09
-14.04,-6.53,4.01,0.3317454234075534,2023-03-10
-12.74,-6.59,4.34,0.2816726701645391,2023-03-11
-19.53,-9.35,0.0,0.4069963601062886,2023-03-12
-18.08,-3.62,0.0,0.6571858460067732,2023-03-13
-11.78,1.58,0.4,0.9530895068878996,2023-03-14
-14.56,-4.15,1.2,0.6360013885364777,2023-03-15
-14.79,-5.87,0.0,0.5410646860548696,2023-03-16
-21.17,-8.93,0.0,0.4544171098917243,2023-03-17
-20.04,-0.43,0.0,0.7807253709988824,2023-03-18
-15.19,-3.58,0.0,0.6997242320436732,2023-03-19
-13.98,-6.21,0.0,0.5119947625316157,2023-03-20
-15.98,-7.02,0.0,0.5162617590970392,2023-03-21
-16.13,-6.95,0.0,0.531026957323119,2023-03-22
-15.65,2.41,0.0,0.9684257865869929,2023-03-23
-14.62,-3.74,0.0,0.7126411282846211,2023-03-24
-18.87,-4.35,0.0,0.6824958716005376,2023-03-25
-15.19,-6.18,0.0,0.5712870509837107,2023-03-26
-19.89,-8.88,0.0,0.4916714435421281,2023-03-27
-21.91,-6.3,0.0,0.5981456249869811,2023-03-28
-18.5,-1.14,0.0,0.8230556582730169,2023-03-29
-13.44,-1.9,0.0,0.8532325746135643,2023-03-30
-15.1,0.71,0.0,0.9449656554177108,2023-03-31
-8.53,3.61,0.0,1.1406633388795964,2023-04-01
-8.46,-2.62,2.83,0.4909972010790469,2023-04-02
-13.8,-7.96,1.98,0.4198023817924007,2023-04-03
-19.25,-7.24,0.0,0.5886064588192046,2023-04-04
-22.64,-6.84,0.0,0.5932133243405975,2023-04-05
-21.27,-4.2,0.0,0.7067995232024166,2023-04-06
-13.29,1.49,0.0,1.0223968515459676,2023-04-07
-4.41,5.92,0.0,1.2873809087974328,2023-04-08
0.72,8.28,0.0,1.3772028968774226,2023-04-09
2.39,9.64,0.0,1.4433737517721337,2023-04-10
0.6,11.7,0.0,1.6446981564341416,2023-04-11
0.14,8.74,0.0,1.439060230429341,2023-04-12
-1.58,6.66,1.0,1.3240391277969263,2023-04-13
-0.9,8.68,0.0,1.4660584738611515,2023-04-14
-2.04,12.36,0.0,1.7222739239698508,2023-04-15
-1.03,15.19,0.0,1.841126488748385,2023-04-16
2.95,16.7,0.0,1.9559038580557824,2023-04-17
0.43,6.71,2.83,0.9319973718964768,2023-04-18
-3.89,0.59,5.59,0.4033279760088814,2023-04-19
-4.61,-1.48,0.22,0.244023809250229,2023-04-20
-5.17,1.74,0.0,0.8151290649608981,2023-04-21
-4.74,6.28,0.0,1.336202381746973,2023-04-22
-5.18,8.85,0.0,1.4959412599316717,2023-04-23
-1.77,10.47,0.0,1.6094254927075595,2023-04-24
1.84,16.78,1.92,2.019516167429238,2023-04-25
2.16,15.4,0.0,1.9324524206948657,2023-04-26
2.07,10.56,0.0,1.5706778152845355,2023-04-27
-0.97,19.12,0.0,2.1398898316590875,2023-04-28
-0.95,16.25,0.0,1.985634118395491,2023-04-29
-2.32,16.24,0.0,1.9693940729485284,2023-04-30
-0.68,20.0,0.0,2.2044243859531925,2023-05-01
2.17,26.05,0.0,2.581799640405948,2023-05-02
4.8,27.31,0.0,2.6954473167292927,2023-05-03
5.88,27.21,0.0,2.7057597689815966,2023-05-04
4.47,20.33,0.0,2.2695399160631022,2023-05-05
4.03,17.71,0.0,2.090423277407493,2023-05-06
7.37,18.57,0.0,2.107421237904091,2023-05-07
6.92,19.5,0.0,2.199101182247032,2023-05-08
3.55,21.15,0.0,2.341328029873204,2023-05-09
7.38,21.28,0.0,2.3275638186248235,2023-05-10
5.99,20.99,0.0,2.3239333113984206,2023-05-11
8.58,17.46,0.0,1.9585324317188548,2023-05-12
5.27,23.98,0.0,2.5386310651220354,2023-05-13
5.31,25.73,0.0,2.6501217045396404,2023-05-14
9.13,27.4,0.0,2.7648482008555666,2023-05-15
9.35,30.8,0.0,2.991179322237874,2023-05-16
6.49,18.25,0.0,2.08846756622693,2023-05-17
3.46,15.95,0.0,1.9581821870166505,2023-05-18
0.87,25.73,0.36,2.602662435850474,2023-05-19
10.87,25.83,0.0,2.6040172235860135,2023-05-20
6.63,25.3,0.0,2.6152146160660448,2023-05-21
11.44,31.14,2.72,2.743464928337479,2023-05-22
12.11,25.94,0.0,2.571354633949482,2023-05-23
11.05,24.12,9.5,2.2595799399067515,2023-05-24
12.58,16.86,2.7,0.580163972877465,2023-05-25
10.41,19.41,0.0,1.869296831487716,2023-05-26
7.8,17.43,5.69,1.4650828881462692,2023-05-27
12.89,21.21,0.0,1.7883781183812877,2023-05-28
10.09,26.59,0.0,2.718014637695568,2023-05-29
11.13,29.16,3.52,2.6537685137220928,2023-05-30
11.55,30.88,0.0,3.0315489378904417,2023-05-31
13.79,27.07,5.77,2.2630488270144817,2023-06-01
12.82,22.82,0.0,2.054718570230365,2023-06-02
16.34,26.98,2.26,1.9237525647033769,2023-06-03
15.0,30.86,0.0,3.011356453238398,2023-06-04
17.07,32.89,0.0,3.1214116338051467,2023-06-05
16.15,29.06,0.0,2.7690309831848263,2023-06-06
13.51,29.65,0.0,2.9469636711609697,2023-06-07
13.65,29.79,0.0,2.958139989432745,2023-06-08
11.99,26.02,0.0,2.6806723211991623,2023-06-09
9.85,24.32,0.0,2.589724528912115,2023-06-10
9.8,28.15,0.0,2.8886512397358493,2023-06-11
12.13,30.49,0.0,3.038720932587196,2023-06-12
12.11,31.32,0.0,3.10297787540571,2023-06-13
12.72,29.69,2.52,2.711697635533324,2023-06-14
9.72,18.58,0.0,1.80429199490745,2023-06-15
7.22,25.09,0.0,2.6947835454956213,2023-06-16
11.49,21.42,0.0,2.1207400222784147,2023-06-17
8.0,24.63,22.68,2.380775176137993,2023-06-18
9.84,23.04,0.0,2.264251469253425,2023-06-19
9.4,22.87,0.0,2.2852867979833675,2023-06-20
8.03,20.78,0.0,2.1067647383077728,2023-06-21
8.63,24.09,0.0,2.497229100340502,2023-06-22
8.45,26.25,0.0,2.7280907191795953,2023-06-23
9.15,26.55,0.0,2.717012493348971,2023-06-24
10.82,29.45,0.0,2.9465251097149285,2023-06-25
11.85,26.88,0.0,2.59630188809046,2023-06-26
11.14,29.04,0.0,2.8675506209664405,2023-06-27
11.44,25.78,0.0,2.458710300961304,2023-06-28
9.72,27.87,0.0,2.794828689584837,2023-06-29
13.57,30.71,0.0,2.9474958048391877,2023-06-30
14.09,33.16,0.0,3.173735300138322,2023-07-01
11.9,23.45,0.0,2.067926842004054,2023-07-02
9.7,22.57,0.0,2.1637076391313252,2023-07-03
8.05,19.04,0.0,1.7725188431759948,2023-07-04
6.4,24.17,0.0,2.536437040914157,2023-07-05
8.76,27.24,0.0,2.7738071674998204,2023-07-06
7.83,25.37,0.0,2.602790662210577,2023-07-07
9.16,28.21,0.0,2.8455859476115477,2023-07-08
11.49,30.77,0.0,3.021281306224779,2023-07-09
10.19,23.79,0.0,2.254360898457537,2023-07-10
8.79,22.03,0.0,2.1197940316025785,2023-07-11
10.47,24.55,0.0,2.3508532106935713,2023-07-12
12.03,26.47,0.0,2.518466491124625,2023-07-13
10.54,22.55,0.0,2.069666536777562,2023-07-14
8.65,24.53,0.0,2.4605806296569197,2023-07-15
8.06,23.54,0.0,2.369694260592784,2023-07-16
8.51,26.88,9.15,2.2549064002272647,2023-07-17
11.68,21.16,3.81,1.215261707595216,2023-07-18
12.88,24.13,0.0,1.9769614844431136,2023-07-19
10.36,27.84,0.0,2.6772681745884075,2023-07-20
11.1,29.68,0.0,2.825002206090838,2023-07-21
11.49,29.87,0.0,2.8170737824140306,2023-07-22
14.3,31.29,0.0,2.8341881707448437,2023-07-23
15.93,35.74,0.0,3.215531974070436,2023-07-24
18.18,34.39,0.0,2.9598014474276333,2023-07-25
11.92,27.44,0.0,2.5086914744504676,2023-07-26
8.74,22.86,0.0,2.128112448680416,2023-07-27
7.73,21.7,0.0,2.037976312056133,2023-07-28
5.56,24.66,0.0,2.442031660321123,2023-07-29
9.53,30.37,0.0,2.8677316463837057,2023-07-30
15.41,33.43,0.0,2.961269126681389,2023-07-31
12.97,33.3,0.0,3.019505597619367,2023-08-01
13.13,31.6,0.0,2.8293910248673684,2023-08-02
13.82,37.12,0.0,3.2793389021447283,2023-08-03
14.46,28.11,0.0,2.265059615235843,2023-08-04
10.1,27.6,0.0,2.495080768316391,2023-08-05
9.37,27.27,0.0,2.4794194252714052,2023-08-06
9.21,28.98,0.0,2.641331226803703,2023-08-07
10.19,25.04,0.0,2.161593640479637,2023-08-08
11.31,19.68,10.08,0.8924747634245851,2023-08-09
12.28,25.01,6.52,1.4816221036108694,2023-08-10
12.0,22.64,0.0,1.4507127504343975,2023-08-11
9.57,23.51,4.02,1.4709512979987636,2023-08-12
9.81,25.97,0.0,2.057598001163711,2023-08-13
12.5,33.59,0.0,2.680811136077816,2023-08-14
14.52,30.46,0.0,2.222574323143675,2023-08-15
11.74,23.67,0.0,1.5555769957163026,2023-08-16
8.51,31.7,0.0,2.5859477716265125,2023-08-17
14.41,26.72,0.0,1.6675239480547608,2023-08-18
8.47,20.76,0.0,1.428762567098774,2023-08-19
5.13,21.87,1.52,1.782136889156206,2023-08-20
12.01,18.4,25.59,0.6115213725901976,2023-08-21
13.4,19.45,20.91,0.5984960116618129,2023-08-22
13.94,24.87,0.0,1.2252517165011143,2023-08-23
10.68,24.02,0.0,1.4676103622618706,2023-08-24
9.73,20.97,0.0,1.1561321033443466,2023-08-25
9.59,30.08,0.0,2.166928967889981,2023-08-26
11.66,28.44,0.0,1.8858324430432671,2023-08-27
10.77,30.43,0.0,2.1149588757375115,2023-08-28
12.18,32.05,0.0,2.199001538040715,2023-08-29
14.79,28.86,0.0,1.663817066338381,2023-08-30
12.51,22.33,2.43,0.9238764037211576,2023-08-31
13.53,27.99,0.0,1.6859253601123234,2023-09-01
13.2,29.76,0.0,1.9188469333869556,2023-09-02
8.39,32.28,0.0,2.3094992498978923,2023-09-03
9.96,20.78,0.0,1.0819453578649998,2023-09-04
2.67,17.36,0.0,1.2475591686251128,2023-09-05
8.38,24.78,0.0,1.6541215914927043,2023-09-06
7.96,21.62,0.0,1.3399905859073264,2023-09-07
3.58,22.93,0.0,1.6552713134737451,2023-09-08
7.33,23.96,0.0,1.5739962551876765,2023-09-09
5.82,24.99,0.0,1.7103791662740944,2023-09-10
6.17,22.85,0.0,1.491365719076789,2023-09-11
7.94,28.6,0.0,1.8935776525205363,2023-09-12
11.6,22.8,0.57,1.0717004902232712,2023-09-13
7.71,20.75,0.0,1.1589287244106283,2023-09-14
4.79,22.28,0.0,1.4625702401560163,2023-09-15
6.32,30.05,0.0,1.9968660481466125,2023-09-16
7.5,31.52,0.0,2.1749217003741355,2023-09-17
9.64,26.96,0.0,1.7148167240686574,2023-09-18
5.93,18.48,1.05,1.0696637080009188,2023-09-19
4.78,20.97,0.0,1.3615635325334547,2023-09-20
3.35,22.08,0.0,1.4907281458509778,2023-09-21
4.8,22.72,0.0,1.4696951968625611,2023-09-22
11.05,19.74,0.0,0.7698296062987083,2023-09-23
10.55,23.84,0.0,1.1988639655515407,2023-09-24
7.01,26.58,0.0,1.6615727288585784,2023-09-25
12.01,29.49,0.0,1.6495938929840332,2023-09-26
9.72,23.69,0.52,1.2112266927260142,2023-09-27
5.82,19.88,0.0,1.0836145688313412,2023-09-28
2.52,18.86,0.93,1.1545073485440995,2023-09-29
2.52,10.91,13.74,0.5293159011031082,2023-09-30
7.44,10.21,3.13,0.2069282825528991,2023-10-01
7.12,14.93,0.98,0.6090437369866036,2023-10-02
5.29,15.77,0.0,0.7787292129275747,2023-10-03
3.14,14.62,1.05,0.7957119672500784,2023-10-04
-0.75,8.78,0.0,0.5790138642048714,2023-10-05
-4.27,11.21,0.0,0.8277949172281793,2023-10-06
4.48,21.48,0.0,1.181747473744552,2023-10-07
2.93,23.09,0.0,1.3182089747642587,2023-10-08
3.94,22.31,0.0,1.237046036259446,2023-10-09
3.27,21.37,0.0,1.1937686566198509,2023-10-10
4.23,16.77,0.0,0.8628401842968522,2023-10-11
1.5,11.09,0.0,0.609217961716381,2023-10-12
-2.54,12.42,0.0,0.8222752086222042,2023-10-13
-0.25,12.75,0.0,0.7690938314855725,2023-10-14
-0.55,15.89,0.0,0.9535049064901334,2023-10-15
1.81,19.33,0.0,1.0832301097895354,2023-10-16
7.32,20.79,0.0,0.9770812249841178,2023-10-17
3.85,15.55,0.0,0.7774214090609933,2023-10-18
4.26,22.0,0.0,1.1561484896910812,2023-10-19
4.26,15.24,0.0,0.7317986602242254,2023-10-20
-2.51,11.65,0.0,0.7532532867946095,2023-10-21
2.54,11.1,0.0,0.5401794277144535,2023-10-22
-3.47,3.06,4.54,0.3070819975943807,2023-10-23
-11.1,-3.83,0.0,0.257027308223606,2023-10-24
-14.97,-5.57,0.0,0.2760354183993248,2023-10-25
-13.19,-5.14,0.0,0.2569426896404349,2023-10-26
-8.61,-3.56,0.67,0.2037228839328776,2023-10-27
-9.72,-3.14,0.61,0.2536730092188145,2023-10-28
-8.5,-0.68,0.0,0.32245763045498,2023-10-29
-14.0,-4.37,0.0,0.3022687614094041,2023-10-30
-14.08,2.04,0.0,0.5159394861077552,2023-10-31
-8.94,-0.15,0.0,0.3481349493039154,2023-11-01
-6.79,3.63,0.0,0.4558419003480627,2023-11-02
-6.1,1.27,0.0,0.327385754683457,2023-11-03
-5.43,3.78,0.69,0.4214684838566616,2023-11-04
-0.34,3.37,1.12,0.1999133151578446,2023-11-05
0.8,3.51,0.09,0.1532328453537455,2023-11-06
-0.09,3.03,6.02,0.1611756834093998,2023-11-07
-1.04,3.99,0.0,0.2674991264535703,2023-11-08
-5.64,0.43,0.0,0.2682054005521491,2023-11-09
-7.99,2.65,0.0,0.4263169663749472,2023-11-10
-3.47,8.16,0.0,0.5582914845809018,2023-11-11
-2.46,8.8,0.0,0.5599442629317667,2023-11-12
-3.43,9.24,0.0,0.6030116529427312,2023-11-13
-1.9,8.19,0.0,0.5101802111838962,2023-11-14
-4.74,6.9,0.0,0.5247196839762501,2023-11-15
-8.96,3.29,0.0,0.4597475297286582,2023-11-16
-2.69,11.4,0.0,0.6772410952272949,2023-11-17
-2.83,13.83,0.0,0.7900137656532962,2023-11-18
-1.24,11.98,0.0,0.6659874906758981,2023-11-19
-3.85,5.91,0.0,0.4486063035309218,2023-11-20
-9.21,8.56,0.0,0.6517625843361924,2023-11-21
-8.95,0.75,0.0,0.3534424792201515,2023-11-22
-16.69,-6.49,0.0,0.2486337156535099,2023-11-23
-13.1,0.37,0.0,0.4034843429597293,2023-11-24
-8.43,1.36,0.0,0.3611368422003487,2023-11-25
-14.47,-4.38,0.33,0.278929597929165,2023-11-26
-8.04,1.17,0.0,0.3480489591369372,2023-11-27
-4.31,5.57,0.0,0.4307312083953785,2023-11-28
-5.8,3.3,0.0,0.3715009171690341,2023-11-29
-9.71,-1.18,0.0,0.2902590634204111,2023-11-30
-14.36,0.1,0.0,0.4002291382145564,2023-12-01
-11.19,1.37,0.0,0.4026782607090925,2023-12-02
-13.31,1.07,3.0,0.409260731472416,2023-12-03
-7.87,0.52,0.0,0.3124599512142577,2023-12-04
-8.93,8.7,0.0,0.6405926599180803,2023-12-05
-3.12,7.85,0.0,0.4964594723222788,2023-12-06
-0.56,3.18,0.24,0.1801506071692699,2023-12-07
-6.67,0.54,0.0,0.273384834455937,2023-12-08
-9.5,-0.63,0.0,0.2972260530862842,2023-12-09
-7.76,1.69,0.0,0.3441333416530232,2023-12-10
-11.57,-1.05,0.0,0.3211131055622125,2023-12-11
-13.86,1.68,0.0,0.4359744545205429,2023-12-12
-6.56,8.94,0.0,0.6040431703384797,2023-12-13
-4.45,6.62,0.0,0.4641749670164389,2023-12-14
-5.31,4.14,0.0,0.3807501364208411,2023-12-15
-3.47,4.39,0.0,0.3401343976423785,2023-12-16
-10.32,1.67,0.0,0.3906024612301083,2023-12-17
-11.15,3.11,0.0,0.4515947591143288,2023-12-18
-2.94,-0.17,0.0,0.1203874819722263,2023-12-19
-4.48,6.71,0.0,0.4694276048581111,2023-12-20
-6.29,3.98,0.0,0.3996455467792408,2023-12-21
-5.68,10.43,0.0,0.6497965857700043,2023-12-22
-5.62,3.09,0.0,0.3463643643620462,2023-12-23
-12.17,0.47,0.0,0.3787847928744508,2023-12-24
-10.77,4.83,0.0,0.5068381880465896,2023-12-25
-10.17,7.08,0.0,0.5795660860771638,2023-12-26
-8.2,5.71,0.0,0.5032528960531665,2023-12-27
-8.79,9.66,0.0,0.660426375475788,2023-12-28
-8.33,4.27,0.0,0.4513044054336749,2023-12-29
-13.4,0.28,0.0,0.3876215554816314,2023-12-30
-10.04,4.05,0.0,0.4705337598358341,2023-12-31
