MinTemp,MaxTemp,Precipitation,ReferenceET,Date
-31.09,-14.92,0.0,0.1593122336217609,2018-01-01
-20.99,-6.29,0.0,0.2782950376800957,2018-01-02
-16.56,-5.39,0.0,0.2652383798476372,2018-01-03
-14.71,-7.85,0.0,0.1741517832075374,2018-01-04
-13.77,-8.69,0.0,0.1335656656534837,2018-01-05
-13.67,-1.11,0.0,0.3539067482496542,2018-01-06
-9.53,0.65,0.0,0.3482880056124675,2018-01-07
-10.07,-2.75,0.0,0.2399453495814204,2018-01-08
-14.23,-3.39,0.0,0.294842938657623,2018-01-09
-25.18,-15.38,0.0,0.1358818582453711,2018-01-10
-30.4,-22.26,0.0,0.1,2018-01-11
-31.65,-20.82,0.0,0.1,2018-01-12
-28.25,-10.58,0.0,0.2214192105021969,2018-01-13
-24.23,-11.3,0.0,0.2004216540214852,2018-01-14
-30.34,-16.85,0.0,0.1385077015390181,2018-01-15
-20.46,-4.05,0.0,0.3348871088243478,2018-01-16
-10.48,4.86,0.0,0.5672369230964547,2018-01-17
-8.31,6.99,0.0,0.6495102632453805,2018-01-18
-5.06,3.53,0.0,0.3690493947950872,2018-01-19
-8.21,-0.14,0.0,0.30185200840094,2018-01-20
-11.5,-3.35,0.0,0.2606458569446068,2018-01-21
-10.73,-0.37,0.0,0.3500746816076566,2018-01-22
-9.33,-3.14,0.0,0.2193936774322713,2018-01-23
-10.21,-5.12,0.0,0.1713600087170101,2018-01-24
-11.02,-4.11,6.81,0.2173590598429142,2018-01-25
-13.61,-8.87,2.72,0.1277140166801603,2018-01-26
-22.71,-13.54,0.0,0.158079912064023,2018-01-27
-25.56,-16.68,0.22,0.1265877105778946,2018-01-28
-26.06,-7.53,1.15,0.2859646055973845,2018-01-29
-12.88,1.63,0.6,0.4971259688495503,2018-01-30
-24.43,-13.58,0.0,0.1740941957015435,2018-01-31
-28.6,-17.57,0.32,0.1335496058534621,2018-02-01
-22.72,-18.75,1.44,0.1,2018-02-02
-28.02,-21.76,0.0,0.1,2018-02-03
-27.75,-17.19,0.0,0.1376309313235861,2018-02-04
-25.78,-16.03,0.0,0.1453955868758183,2018-02-05
-27.02,-17.11,0.0,0.1365672015919985,2018-02-06
-29.27,-16.58,0.0,0.1543971032054266,2018-02-07
-27.74,-17.82,0.0,0.131038172095789,2018-02-08
-28.23,-15.56,0.0,0.1678762396500561,2018-02-09
-19.94,-9.42,0.0,0.2406071050934347,2018-02-10
-28.88,-16.01,0.0,0.1648290519478354,2018-02-11
-31.8,-13.6,0.0,0.2019142354572835,2018-02-12
-17.72,1.63,0.0,0.6440846818989612,2018-02-13
-16.43,0.99,0.46,0.6342537895041512,2018-02-14
-29.37,-13.97,0.0,0.2000774668831887,2018-02-15
-21.16,-6.29,0.0,0.3825082668786097,2018-02-16
-19.4,-11.07,0.0,0.1984951191823781,2018-02-17
-23.91,-13.52,0.0,0.1903335380854534,2018-02-18
-28.57,-14.76,0.0,0.1910680736827943,2018-02-19
-24.92,-12.86,0.0,0.2198066512389121,2018-02-20
-31.16,-11.57,0.0,0.2549263293891574,2018-02-21
-24.18,-6.7,0.0,0.3920407305611827,2018-02-22
-21.31,-6.1,0.0,0.4170521955639015,2018-02-23
-16.29,-2.17,0.0,0.5639576546730947,2018-02-24
-16.16,-2.68,0.0,0.5429186761845987,2018-02-25
-16.28,-4.99,0.0,0.4361794551927834,2018-02-26
-15.3,-2.78,0.0,0.5417600099307226,2018-02-27
-14.41,-0.04,0.0,0.6858032507715636,2018-02-28
-17.89,-4.33,0.0,0.5054473123304528,2018-03-01
-16.72,-5.63,0.0,0.4372627540705959,2018-03-02
-9.81,-4.67,3.27,0.1973369755742338,2018-03-03
-11.17,-5.26,4.85,0.2144914948086631,2018-03-04
-12.89,-8.7,0.21,0.1502068103910662,2018-03-05
-17.2,-6.66,0.0,0.3871929075174612,2018-03-06
-24.05,-7.75,0.0,0.3950482937689775,2018-03-07
-24.09,-8.0,0.0,0.3901972769643503,2018-03-08
-15.9,-4.38,0.0,0.4965921968130929,2018-03-09
-12.11,-1.41,0.0,0.6084627857772694,2018-03-10
-14.9,1.46,0.0,0.8046875916749685,2018-03-11
-16.49,-0.93,0.0,0.6915343499031864,2018-03-12
-15.89,0.42,0.0,0.7628943396753676,2018-03-13
-15.8,-0.46,0.0,0.7292253700907094,2018-03-14
-12.19,-3.65,0.0,0.4872564374306647,2018-03-15
-8.47,0.96,0.0,0.7424191295713274,2018-03-16
-4.37,-0.4,0.82,0.2858047232301517,2018-03-17
-7.31,-0.83,0.0,0.5229380437261737,2018-03-18
-8.72,-1.47,0.0,0.5579819031192035,2018-03-19
-6.99,1.0,0.0,0.7267456312858306,2018-03-20
-10.65,2.04,0.0,0.9340882685271144,2018-03-21
-10.31,0.72,0.0,0.8486143027069538,2018-03-22
-4.3,-0.13,3.89,0.258006667309111,2018-03-23
-6.49,2.97,0.0,0.9210260527663108,2018-03-24
-7.09,1.37,0.73,0.8060349115259617,2018-03-25
-9.19,2.98,0.0,1.007190367155448,2018-03-26
-11.52,-1.14,0.56,0.7539243774342178,2018-03-27
-17.12,-4.51,0.0,0.6160404181351288,2018-03-28
-21.82,-9.52,0.0,0.4185188512618533,2018-03-29
-25.34,-12.19,0.0,0.3443662815954027,2018-03-30
-22.03,-9.01,0.0,0.4555329472794815,2018-03-31
-19.15,-5.77,0.0,0.5930113448719312,2018-04-01
-21.69,-5.99,0.0,0.5762332955435393,2018-04-02
-18.55,-5.4,0.0,0.6118851901104564,2018-04-03
-19.3,-3.91,0.0,0.6787419546717448,2018-04-04
-19.49,-9.85,0.0,0.3986663971574892,2018-04-05
-23.08,-9.24,0.0,0.462001409620411,2018-04-06
-22.88,-5.9,0.0,0.5885780781897709,2018-04-07
-14.76,-3.33,0.0,0.7259820816863886,2018-04-08
-10.2,-0.41,0.0,0.862197873038041,2018-04-09
-12.05,4.77,0.0,1.1931281987821023,2018-04-10
-4.52,-0.29,2.48,0.3314383996789125,2018-04-11
-7.77,-1.75,0.0,0.6026846965136293,2018-04-12
-9.8,0.63,0.0,0.9716585569122564,2018-04-13
-4.36,4.78,0.0,1.2114903824982677,2018-04-14
-5.02,5.59,0.0,1.321226771443583,2018-04-15
-1.84,4.18,0.23,0.9369041151248954,2018-04-16
-1.66,1.64,4.91,0.2658779907895738,2018-04-17
-4.52,8.68,0.0,1.5221954327811325,2018-04-18
-2.28,11.1,0.0,1.6800547854744343,2018-04-19
-0.8,15.59,0.0,1.9680213545979792,2018-04-20
0.99,17.2,0.75,2.0837592610815068,2018-04-21
3.64,12.92,0.0,1.7350323599465212,2018-04-22
-0.22,12.88,0.0,1.801025946221242,2018-04-23
-1.1,20.26,0.0,2.2367489726647416,2018-04-24
2.45,17.19,0.0,2.0901760828616713,2018-04-25
-0.92,21.17,0.0,2.2960223122626227,2018-04-26
-1.16,15.79,0.0,1.9169576899581569,2018-04-27
1.48,25.88,0.0,2.5178076715802913,2018-04-28
5.31,20.39,1.1,2.2282191920853185,2018-04-29
0.02,11.58,0.0,1.6440830874595065,2018-04-30
-2.57,16.4,0.0,1.9485252952663044,2018-05-01
1.44,18.15,0.43,2.0942232449491516,2018-05-02
4.99,20.81,0.0,2.276491331820909,2018-05-03
2.33,23.17,0.0,2.4157627692988823,2018-05-04
3.15,24.17,0.0,2.484986402681959,2018-05-05
4.22,27.3,0.0,2.6812043663523184,2018-05-06
9.21,26.66,0.0,2.665243782239203,2018-05-07
6.63,17.76,3.76,1.8682839846769244,2018-05-08
1.51,13.55,0.0,1.776497784586453,2018-05-09
-0.4,10.52,2.37,1.3985948070537026,2018-05-10
3.41,11.34,0.99,1.464517544630806,2018-05-11
1.34,20.48,0.0,2.2663840039584735,2018-05-12
6.41,26.26,0.0,2.6630961788473453,2018-05-13
2.56,24.51,0.0,2.525540453400632,2018-05-14
10.4,31.48,0.0,2.9995220448669784,2018-05-15
8.85,26.25,2.15,2.425457107129517,2018-05-16
6.41,13.32,2.41,1.017263860176849,2018-05-17
2.63,18.85,0.0,2.1472874641520554,2018-05-18
2.76,22.25,0.0,2.3854273399701102,2018-05-19
3.75,25.07,0.0,2.5772509278120648,2018-05-20
10.65,30.25,0.0,2.9215445608639934,2018-05-21
10.3,27.31,0.0,2.704383922715535,2018-05-22
10.17,29.94,2.9,2.659361326163175,2018-05-23
13.21,25.44,10.21,2.1841328203712456,2018-05-24
11.06,25.27,0.0,2.5306735855368503,2018-05-25
9.72,28.73,6.24,2.5796482337347957,2018-05-26
9.29,25.19,0.0,2.5736511146240293,2018-05-27
8.37,30.59,0.0,2.9835319974358643,2018-05-28
13.33,25.68,0.0,2.3745260102791095,2018-05-29
9.4,22.59,6.88,1.8429326980777612,2018-05-30
9.24,13.53,0.0,0.4814030335122488,2018-05-31
7.98,12.64,7.6,0.4480440497192003,2018-06-01
6.54,16.68,0.0,1.5251410270039023,2018-06-02
6.61,23.43,0.0,2.503067749850789,2018-06-03
9.38,26.19,3.05,2.272176165647407,2018-06-04
8.78,20.38,0.0,1.9762924544910716,2018-06-05
5.66,27.27,0.0,2.8136711598163098,2018-06-06
8.2,26.89,0.0,2.7847818522008785,2018-06-07
13.43,23.42,0.0,1.9436616395499904,2018-06-08
13.56,29.59,1.78,2.900255204470737,2018-06-09
12.82,25.75,0.0,2.3856603938762806,2018-06-10
7.37,17.79,1.33,1.6651392140951802,2018-06-11
7.65,20.53,0.0,2.069317216117479,2018-06-12
6.79,25.55,0.0,2.7001609004868103,2018-06-13
8.39,24.14,0.93,2.5148125408415476,2018-06-14
9.32,23.45,0.0,2.3749639866497643,2018-06-15
6.71,21.88,0.0,2.315403416898601,2018-06-16
8.0,25.46,0.0,2.6673482272683025,2018-06-17
8.56,27.6,0.0,2.8549373141089136,2018-06-18
9.68,28.06,0.0,2.8828485189330686,2018-06-19
11.27,30.0,0.0,3.0129250244858583,2018-06-20
12.27,30.0,0.0,2.997816518158958,2018-06-21
13.94,29.4,7.72,2.4150254647400096,2018-06-22
13.26,26.53,0.0,2.4682895090124495,2018-06-23
16.1,26.64,15.56,1.6951840450994802,2018-06-24
14.68,29.87,0.0,2.662096724868095,2018-06-25
12.5,24.83,0.0,2.1339285720188967,2018-06-26
6.83,25.19,0.0,2.532888513046914,2018-06-27
7.34,23.97,0.0,2.3825439181518204,2018-06-28
9.39,24.18,0.0,2.2948183581987283,2018-06-29
10.89,24.97,11.96,1.8330511277375767,2018-06-30
10.75,19.87,8.87,1.0132395035290906,2018-07-01
8.25,22.41,2.27,1.5632356065658837,2018-07-02
7.53,21.06,3.83,1.4476461501604103,2018-07-03
10.6,18.77,4.19,0.8582145462537446,2018-07-04
8.08,25.29,0.0,2.238163082747332,2018-07-05
13.6,32.48,0.0,2.722960951783268,2018-07-06
14.34,30.4,0.0,2.4378312818656775,2018-07-07
10.5,23.45,0.0,1.8245533489893044,2018-07-08
8.41,27.01,0.0,2.3875536650286344,2018-07-09
13.61,29.25,11.77,1.874300979756606,2018-07-10
14.65,24.66,0.88,1.4244406153361326,2018-07-11
15.05,28.21,0.0,1.9560279426754557,2018-07-12
14.52,30.31,0.0,2.3038134378140147,2018-07-13
12.01,21.56,0.0,1.2632865215264264,2018-07-14
8.84,23.57,0.0,1.9024133713359268,2018-07-15
6.71,25.31,0.0,2.2028742203520784,2018-07-16
9.87,33.65,0.0,2.853401720602368,2018-07-17
15.55,29.99,0.0,2.1683503988978257,2018-07-18
13.5,27.6,0.0,2.0410397954667037,2018-07-19
12.65,28.61,0.0,2.2416713310941256,2018-07-20
16.35,25.34,0.0,1.2981889695833178,2018-07-21
12.2,22.75,1.96,1.4658617106051683,2018-07-22
10.78,22.25,0.0,1.547621908446302,2018-07-23
8.94,22.3,0.0,1.7247151799211493,2018-07-24
8.71,22.01,0.0,1.702198341421585,2018-07-25
7.08,23.25,0.0,1.9495115966032,2018-07-26
9.48,24.89,0.0,1.9865978737751508,2018-07-27
9.13,27.01,0.0,2.2268140806124013,2018-07-28
8.69,29.09,0.0,2.4279001029810536,2018-07-29
12.2,32.24,0.0,2.5669157019214386,2018-07-30
11.47,23.97,0.0,1.6409216833088984,2018-07-31
8.21,26.77,0.45,2.1917488227178867,2018-08-01
14.39,29.69,11.39,1.7008585955831292,2018-08-02
13.36,27.56,0.0,1.839480230536499,2018-08-03
12.74,23.6,3.14,1.1104201261569795,2018-08-04
12.91,23.11,0.0,1.2296017336341751,2018-08-05
11.11,28.91,0.0,2.142922167082095,2018-08-06
12.8,29.34,0.0,2.082399572256788,2018-08-07
11.63,29.07,0.0,2.1218459858634353,2018-08-08
12.43,32.97,0.0,2.453106425841182,2018-08-09
13.97,37.45,0.0,2.746968634344141,2018-08-10
14.11,31.17,0.0,2.1327898866923385,2018-08-11
12.18,21.81,0.07,1.0703091491201675,2018-08-12
7.56,16.63,1.39,0.9098751234092254,2018-08-13
3.56,27.11,0.0,2.1570564288123717,2018-08-14
10.37,28.04,0.0,1.99964936713928,2018-08-15
9.49,25.87,0.0,1.833824404199042,2018-08-16
9.92,30.1,0.0,2.208863366124341,2018-08-17
10.34,23.86,0.0,1.5045985877103607,2018-08-18
3.86,23.62,0.0,1.8368353022556212,2018-08-19
4.33,23.23,0.0,1.7671948028523436,2018-08-20
5.05,27.42,0.0,2.0744087903768222,2018-08-21
10.41,30.45,0.0,2.134266095045546,2018-08-22
8.01,24.21,0.0,1.678918807232365,2018-08-23
7.38,20.13,0.0,1.2448940967532032,2018-08-24
6.85,17.59,0.0,0.9945683510133952,2018-08-25
6.5,16.91,6.49,0.8453066726887816,2018-08-26
8.03,13.94,4.45,0.5021010808996453,2018-08-27
6.75,17.46,0.0,0.980386730331788,2018-08-28
6.55,26.68,0.0,1.9510691759855925,2018-08-29
9.33,22.72,1.05,1.378419280647456,2018-08-30
7.13,19.99,0.0,1.2608523319667282,2018-08-31
6.04,20.01,0.0,1.333537778023794,2018-09-01
3.12,20.34,0.0,1.5078236971776442,2018-09-02
4.97,19.77,0.0,1.3592153733269845,2018-09-03
2.11,13.71,0.0,0.8992279542847789,2018-09-04
-1.11,21.45,0.0,1.666545005892081,2018-09-05
2.71,23.8,0.0,1.7568505447186538,2018-09-06
6.59,23.72,0.0,1.598389775960675,2018-09-07
11.17,23.4,2.41,1.0533714758218191,2018-09-08
8.89,20.8,0.0,1.1154518407411542,2018-09-09
3.69,18.21,2.01,1.0354049186061467,2018-09-10
5.93,16.25,0.0,0.8680167146727237,2018-09-11
3.55,14.56,8.37,0.7804653991082533,2018-09-12
4.21,12.0,0.0,0.6228780705618702,2018-09-13
1.92,8.62,0.0,0.498687021626711,2018-09-14
4.94,10.93,2.53,0.4440669553548134,2018-09-15
5.2,8.93,11.22,0.2813567982544256,2018-09-16
3.62,11.09,0.67,0.5928719629197269,2018-09-17
3.25,10.18,0.0,0.5458504270611317,2018-09-18
1.83,15.23,0.0,0.9910910003647664,2018-09-19
3.43,13.02,4.27,0.6854537625595473,2018-09-20
-0.11,5.38,2.48,0.3492037915884741,2018-09-21
-1.09,1.57,3.45,0.1641434965460264,2018-09-22
-0.67,2.09,0.92,0.1934924603467642,2018-09-23
-0.29,11.33,0.52,0.8078001641160637,2018-09-24
1.3,13.26,0.0,0.8675876327393156,2018-09-25
1.98,16.15,0.0,1.0225128565721593,2018-09-26
-2.55,7.42,0.0,0.6278700421848468,2018-09-27
-4.73,7.29,0.0,0.6901745908593969,2018-09-28
-4.41,6.59,0.0,0.638523223980673,2018-09-29
-7.8,4.27,0.46,0.6265366086789622,2018-09-30
-2.37,3.53,1.87,0.3693331523298642,2018-10-01
-1.94,5.07,0.0,0.4474000682195453,2018-10-02
-3.27,6.52,0.0,0.5900020344095076,2018-10-03
-5.81,6.28,0.0,0.6473010268524533,2018-10-04
-4.37,7.91,0.0,0.6946747025429412,2018-10-05
-6.52,11.92,0.0,0.9223516601277224,2018-10-06
-3.54,12.37,0.0,0.896912579044348,2018-10-07
-3.53,0.8,0.0,0.2524244726048996,2018-10-08
-6.64,3.11,0.0,0.4973703447867466,2018-10-09
-10.31,4.69,0.0,0.6339201236761097,2018-10-10
-10.24,6.34,0.0,0.694854398449364,2018-10-11
-4.33,5.8,7.93,0.5100816322243688,2018-10-12
-5.08,-0.05,0.0,0.265372760436763,2018-10-13
-8.75,3.57,0.0,0.5479276722838663,2018-10-14
-0.92,13.44,0.0,0.8517553595497727,2018-10-15
-3.0,9.59,0.0,0.6947502931537182,2018-10-16
-1.84,20.49,0.0,1.217045453667141,2018-10-17
0.53,19.07,0.0,1.0952754079749771,2018-10-18
-4.24,12.98,0.0,0.8697513138356645,2018-10-19
-9.45,14.37,0.0,0.9724008208940494,2018-10-20
-2.39,13.81,0.0,0.8622445053262311,2018-10-21
-6.78,10.05,0.0,0.7546877779589667,2018-10-22
-5.3,15.2,0.0,0.9625889430031912,2018-10-23
-2.1,17.66,0.0,1.029745370616808,2018-10-24
-1.9,13.8,0.0,0.8255461101653205,2018-10-25
-3.65,9.84,0.0,0.6637074630772007,2018-10-26
-2.52,12.56,0.0,0.767739232699235,2018-10-27
-5.08,8.99,0.0,0.6477523286671667,2018-10-28
1.12,7.82,0.0,0.3808050686705896,2018-10-29
-1.16,6.42,0.0,0.3969584566288393,2018-10-30
-3.26,9.11,0.0,0.6009361513826798,2018-10-31
-2.48,4.36,0.72,0.3346886327758973,2018-11-01
-2.75,-0.13,0.0,0.1257597475211811,2018-11-02
-4.36,1.91,0.0,0.282042188280658,2018-11-03
-1.89,3.81,2.46,0.2689631957757813,2018-11-04
-8.45,0.6,3.34,0.3336481597028161,2018-11-05
-12.83,-7.94,0.0,0.146768315962235,2018-11-06
-14.27,-9.13,0.0,0.1419983049409291,2018-11-07
-18.57,-9.67,0.0,0.1992253653262096,2018-11-08
-21.44,-6.19,1.86,0.3047601130867745,2018-11-09
-10.1,-5.22,0.62,0.1669215450984929,2018-11-10
-12.32,-7.01,0.0,0.1618611023390011,2018-11-11
-14.88,-6.7,0.0,0.2221137181456807,2018-11-12
-9.45,2.48,0.0,0.4359521249743099,2018-11-13
-5.09,3.99,0.0,0.3971562489131223,2018-11-14
-4.5,1.68,0.0,0.2728154277034397,2018-11-15
-19.79,-7.02,0.0,0.2697062205843933,2018-11-16
-21.39,-6.66,0.0,0.2865555323137966,2018-11-17
-14.09,-8.33,0.51,0.1578850133865808,2018-11-18
-17.34,-0.23,0.0,0.425633129575198,2018-11-19
-6.79,-0.24,0.0,0.2613575280199358,2018-11-20
-6.18,-1.1,0.0,0.2069582767485146,2018-11-21
-4.29,4.35,0.0,0.3874604962962161,2018-11-22
-5.53,1.73,0.0,0.3082717820880356,2018-11-23
-9.09,-5.36,0.0,0.1313651135357613,2018-11-24
-9.44,-6.05,0.0,0.1173930267446775,2018-11-25
-8.55,-4.66,0.6,0.1417867071383792,2018-11-26
-6.58,-3.97,0.0,0.1040269563393376,2018-11-27
-7.91,-5.09,0.63,0.105555068897603,2018-11-28
-6.0,-2.52,0.0,0.1431665446688894,2018-11-29
-7.34,-3.84,0.0,0.1351725524873355,2018-11-30
-7.96,-4.98,0.0,0.1109997866483769,2018-12-01
-9.82,-4.94,0.0,0.1676340825454973,2018-12-02
-12.91,-5.85,0.37,0.2078240002499709,2018-12-03
-12.87,-7.09,0.43,0.1691675333376582,2018-12-04
-14.88,-6.7,0.0,0.2164181552537363,2018-12-05
-17.16,-8.35,0.0,0.2043025774659635,2018-12-06
-19.94,-8.72,0.0,0.2231953850126055,2018-12-07
-19.45,-7.65,0.0,0.2421932085871125,2018-12-08
-15.77,-4.86,0.0,0.2751158083470281,2018-12-09
-16.67,-1.37,0.0,0.3746654171287533,2018-12-10
-9.55,0.17,0.0,0.3341933470716467,2018-12-11
-6.85,0.66,0.0,0.2909068244145764,2018-12-12
-10.46,1.54,0.0,0.3959914229647388,2018-12-13
-9.4,4.19,0.0,0.4715845748304459,2018-12-14
-3.51,5.56,0.0,0.4026790175171089,2018-12-15
-13.19,-4.17,0.0,0.2562371699340119,2018-12-16
-8.96,3.25,0.0,0.430802800048641,2018-12-17
-7.52,3.63,0.0,0.418438738119848,2018-12-18
-5.53,0.56,0.0,0.2485929783212066,2018-12-19
-9.94,1.58,0.0,0.3876751023440211,2018-12-20
-4.5,3.57,0.25,0.3437577329375916,2018-12-21
-9.33,-3.33,0.0,0.2041878614520711,2018-12-22
-17.18,-6.98,0.0,0.2336314847870004,2018-12-23
-16.83,-9.81,0.0,0.160345232714956,2018-12-24
-18.12,-10.69,0.0,0.157510839748923,2018-12-25
-15.3,-8.24,0.0,0.1757328878337465,2018-12-26
-22.76,-9.41,0.0,0.2236433218401695,2018-12-27
-22.93,-5.18,0.0,0.3069260354942198,2018-12-28
-13.9,-5.22,1.13,0.2351696628271187,2018-12-29
-21.26,-12.32,0.31,0.1572873369034809,2018-12-30
-29.75,-17.1,0.0,0.1307806286610936,2018-12-31
-25.58,-2.1,0.71,0.3688907761833185,2019-01-01
-12.04,3.53,0.0,0.4800851740757953,2019-01-02
-5.26,3.19,0.0,0.3441197080402831,2019-01-03
-8.58,-0.47,0.0,0.2843178087674892,2019-01-04
-8.55,-3.49,0.0,0.1738944565303968,2019-01-05
-7.09,-0.22,0.39,0.2571459255534344,2019-01-06
-14.54,-2.25,1.27,0.3304211146927872,2019-01-07
-22.7,-14.62,0.0,0.1282602040072313,2019-01-08
-24.92,-10.83,0.76,0.2091285914025465,2019-01-09
-16.3,-9.79,0.0,0.151387554771669,2019-01-10
-15.79,-10.67,0.0,0.1210328229824129,2019-01-11
-15.1,-3.61,0.0,0.3016057315301615,2019-01-12
-13.2,-2.11,0.0,0.3214343635977995,2019-01-13
-10.59,-3.11,0.0,0.2422657678418623,2019-01-14
-22.0,-6.21,0.0,0.2911395937264539,2019-01-15
-22.84,-16.15,0.0,0.1055108306986132,2019-01-16
-27.81,-16.8,0.0,0.1316092272714676,2019-01-17
-31.39,-20.15,0.0,0.1041763376077013,2019-01-18
-26.12,-17.05,1.96,0.1196628948870694,2019-01-19
-20.04,-12.28,0.0,0.1510851254805653,2019-01-20
-18.65,-8.09,0.0,0.2313982595582547,2019-01-21
-17.22,-3.94,0.0,0.3247154300958643,2019-01-22
-23.69,-7.22,0.0,0.2825841487604773,2019-01-23
-29.4,-12.6,0.0,0.1986769380830058,2019-01-24
-23.08,-8.48,0.0,0.2574236333842016,2019-01-25
-14.7,-2.75,2.86,0.3221063832077424,2019-01-26
-9.7,3.86,0.98,0.5122392234059209,2019-01-27
-23.9,-11.12,0.0,0.2126556387632374,2019-01-28
-31.29,-23.11,0.0,0.1,2019-01-29
-26.28,-15.61,0.9,0.1491246013521216,2019-01-30
-17.72,-3.89,0.72,0.3433744491072028,2019-01-31
-19.65,-10.33,1.26,0.2007679460022835,2019-02-01
-24.0,-18.14,1.57,0.1,2019-02-02
-26.33,-23.03,0.0,0.1,2019-02-03
-25.53,-22.47,1.94,0.1,2019-02-04
-33.64,-22.78,0.0,0.1,2019-02-05
-37.43,-25.44,0.0,0.1,2019-02-06
-38.35,-25.07,0.0,0.1,2019-02-07
-38.04,-26.11,0.0,0.1,2019-02-08
-34.5,-23.22,0.0,0.1,2019-02-09
-34.04,-22.44,0.0,0.1,2019-02-10
-28.35,-17.41,1.54,0.1421177321572603,2019-02-11
-32.15,-21.55,0.0,0.1040227316445084,2019-02-12
-30.12,-21.25,0.0,0.1,2019-02-13
-32.83,-19.73,0.0,0.1279536315019075,2019-02-14
-33.12,-19.17,0.89,0.135375691022617,2019-02-15
-21.35,-13.78,1.73,0.1568196621058189,2019-02-16
-19.63,-14.29,0.61,0.1210659628472767,2019-02-17
-27.84,-17.69,0.0,0.1417890763372995,2019-02-18
-28.76,-12.76,0.0,0.2237874276004946,2019-02-19
-23.83,-11.01,0.75,0.2441204825755641,2019-02-20
-24.34,-12.62,0.0,0.2152952312880186,2019-02-21
-27.11,-12.41,0.0,0.2318728923363467,2019-02-22
-23.58,-14.22,0.0,0.1801800475274886,2019-02-23
-31.19,-21.52,0.0,0.1095735366715879,2019-02-24
-33.18,-18.86,0.0,0.1485239089432272,2019-02-25
-31.05,-16.96,0.0,0.1718961532376302,2019-02-26
-19.09,-7.21,0.0,0.3680613489584544,2019-02-27
-18.51,-10.28,0.51,0.2292074197389358,2019-02-28
-27.0,-16.52,0.0,0.1685665295499339,2019-03-01
-33.52,-21.37,0.0,0.1238826772630371,2019-03-02
-25.03,-15.78,0.0,0.1710308504636931,2019-03-03
-19.54,-10.3,0.0,0.2662998802250738,2019-03-04
-18.29,-8.54,0.0,0.3239984434006962,2019-03-05
-25.37,-13.16,0.0,0.2407342651399066,2019-03-06
-24.67,-9.54,0.0,0.3438356444116373,2019-03-07
-16.67,-6.84,0.0,0.3869357071005219,2019-03-08
-15.89,-6.29,0.0,0.4081358033215966,2019-03-09
-22.11,-6.98,0.0,0.4387406359856309,2019-03-10
-16.44,-0.37,0.0,0.7182547999892434,2019-03-11
-4.74,3.13,0.0,0.7496195825222087,2019-03-12
-4.63,2.86,0.0,0.734558156887752,2019-03-13
-10.27,1.37,0.0,0.8285277175940247,2019-03-14
-12.89,1.3,0.0,0.8480306198529713,2019-03-15
-10.09,2.16,0.0,0.8962844173744848,2019-03-16
-11.89,3.39,0.0,0.9842181300780564,2019-03-17
-4.12,4.75,0.0,0.967407102087616,2019-03-18
-4.12,7.98,0.0,1.28489803505308,2019-03-19
-3.11,10.99,0.0,1.476245030361334,2019-03-20
-2.14,11.05,0.0,1.4910773182977608,2019-03-21
-2.58,13.47,0.0,1.6223576391360452,2019-03-22
-1.94,10.65,0.0,1.4773676760358192,2019-03-23
-6.28,1.77,0.0,0.8100793632964931,2019-03-24
-8.07,5.42,0.0,1.187148751274407,2019-03-25
-0.93,14.62,2.4,1.6054555636639494,2019-03-26
-1.79,4.47,0.0,0.8574101732482516,2019-03-27
-6.26,7.01,0.0,1.293702700629325,2019-03-28
-4.41,4.25,0.0,1.059946616101225,2019-03-29
-5.88,12.17,0.0,1.5652437499640943,2019-03-30
-4.26,4.82,0.0,1.1256070858955152,2019-03-31
-4.06,9.06,1.16,1.4322619623732953,2019-04-01
-6.96,2.64,0.0,1.0164799243299372,2019-04-02
-8.26,9.71,0.0,1.4310991079684774,2019-04-03
-1.74,10.53,0.0,1.5298935117766954,2019-04-04
-4.86,8.27,0.0,1.399037668916573,2019-04-05
0.61,5.6,0.0,0.8299485805402264,2019-04-06
0.36,16.43,0.0,1.9136230107439296,2019-04-07
-2.65,16.33,0.0,1.877703940560764,2019-04-08
-4.43,7.95,0.0,1.3972342323839584,2019-04-09
-6.29,8.8,0.0,1.4437158367457004,2019-04-10
-6.52,8.68,0.0,1.4371060316286617,2019-04-11
-8.31,9.64,0.0,1.4661211536068286,2019-04-12
-4.53,15.06,0.0,1.8066501165121984,2019-04-13
2.75,15.89,0.28,1.844735384035863,2019-04-14
-0.26,12.88,1.32,1.665460267295627,2019-04-15
-3.45,13.33,0.0,1.6861664572808417,2019-04-16
0.3,15.29,0.0,1.82435896701654,2019-04-17
-0.83,17.4,0.0,1.947103613765597,2019-04-18
5.98,19.99,0.0,2.122564084697628,2019-04-19
2.42,17.19,0.0,1.9575060795332884,2019-04-20
-1.74,14.37,0.0,1.778790251686348,2019-04-21
-0.9,21.6,0.0,2.1989488098912524,2019-04-22
7.47,20.13,0.0,2.12122277735556,2019-04-23
0.27,17.26,0.0,1.9712504670379427,2019-04-24
-2.26,12.22,0.0,1.653845867730347,2019-04-25
-5.78,12.38,0.0,1.6391278428806104,2019-04-26
-3.22,10.73,0.0,1.5608413171576927,2019-04-27
-4.69,5.42,0.0,1.2302872957421582,2019-04-28
-8.86,8.7,0.0,1.4174850580112224,2019-04-29
-5.45,10.97,1.51,1.575450784705677,2019-04-30
-7.18,9.54,1.12,1.5356171656984952,2019-05-01
-2.88,10.01,0.0,1.5222453989144835,2019-05-02
-4.98,11.3,0.0,1.607510833217029,2019-05-03
-5.42,8.88,0.0,1.4620328591108662,2019-05-04
-6.47,5.84,0.0,1.2803692244597051,2019-05-05
-6.5,11.9,0.0,1.6334735611804838,2019-05-06
0.44,14.06,0.0,1.7921394702491882,2019-05-07
-4.87,12.22,0.0,1.6766828520510548,2019-05-08
-1.02,15.2,0.0,1.8829538024185493,2019-05-09
3.39,17.33,2.3,1.8603459777554263,2019-05-10
3.67,16.09,0.0,1.9203383751457457,2019-05-11
2.68,23.6,0.0,2.4584104951042987,2019-05-12
4.48,21.76,0.0,2.3473328243709464,2019-05-13
1.68,20.71,0.58,2.27409149354589,2019-05-14
4.29,16.13,0.0,1.920749464890036,2019-05-15
-1.42,14.97,0.0,1.8919562735553628,2019-05-16
-0.7,17.47,0.0,2.0613429329732553,2019-05-17
1.14,15.73,0.0,1.9446060513060413,2019-05-18
-1.61,16.64,0.0,2.00876457670437,2019-05-19
0.89,19.78,0.0,2.229651503690935,2019-05-20
2.72,22.1,0.0,2.3934270734265426,2019-05-21
4.91,23.96,0.0,2.53023324571467,2019-05-22
5.06,24.39,0.0,2.5587553118204736,2019-05-23
6.25,23.86,1.73,2.519770248339233,2019-05-24
4.51,13.28,4.06,1.57638221616624,2019-05-25
-0.19,18.05,0.0,2.1272466778979786,2019-05-26
2.5,23.15,0.0,2.4797328091297466,2019-05-27
6.57,28.06,0.0,2.8188594713217014,2019-05-28
10.46,30.86,0.0,3.0021180746092293,2019-05-29
11.07,32.14,0.0,3.0875797930224005,2019-05-30
5.61,20.43,0.0,2.267120947525524,2019-05-31
4.8,24.15,0.0,2.5538218787077605,2019-06-01
10.19,32.23,0.0,3.1006265426037007,2019-06-02
8.13,33.48,0.0,3.17383991105464,2019-06-03
10.86,24.68,0.42,2.49587862333875,2019-06-04
10.25,24.53,0.0,2.505670532279849,2019-06-05
13.56,25.52,2.7,2.3045731782489085,2019-06-06
9.3,21.94,0.0,2.3098573319725704,2019-06-07
4.08,16.45,1.52,1.9692400760334845,2019-06-08
3.49,18.58,0.0,2.155193407377664,2019-06-09
3.43,23.77,0.66,2.535668193941018,2019-06-10
6.63,20.95,0.6,2.298646775124296,2019-06-11
6.2,23.23,1.48,2.4917511766486196,2019-06-12
8.58,28.32,0.0,2.855782054402637,2019-06-13
11.7,23.03,1.32,2.3347213782169067,2019-06-14
10.2,17.02,2.51,1.4900947466273065,2019-06-15
9.18,17.55,0.0,1.9191223821537509,2019-06-16
5.24,22.65,0.0,2.472892798062629,2019-06-17
8.45,26.3,0.0,2.723167109410317,2019-06-18
10.84,24.71,12.55,2.341236086394357,2019-06-19
9.1,15.34,18.71,0.9651215468108684,2019-06-20
6.4,19.51,25.41,1.704781164243958,2019-06-21
11.35,16.62,13.8,0.5613340811449653,2019-06-22
10.1,21.93,1.65,1.7760443291862615,2019-06-23
9.33,20.43,2.89,1.254918878246222,2019-06-24
10.13,20.04,2.52,1.116108667771041,2019-06-25
8.2,23.21,0.0,2.108222579564379,2019-06-26
10.08,25.73,9.0,1.872939146887297,2019-06-27
14.56,23.93,1.9,1.4866951467394902,2019-06-28
13.21,25.69,0.0,1.9889679418253403,2019-06-29
10.09,22.61,0.0,1.8506650149295183,2019-06-30
8.68,28.16,3.18,2.137165426168696,2019-07-01
5.83,20.86,0.0,1.9393182275962308,2019-07-02
9.37,20.17,0.0,1.5806329201216314,2019-07-03
6.98,21.5,0.0,1.966140778769601,2019-07-04
11.08,20.4,1.06,1.4033936187638747,2019-07-05
12.57,24.92,0.0,1.966327481301826,2019-07-06
14.66,27.68,0.0,2.1561404712530075,2019-07-07
13.94,24.07,0.0,1.6483368230038584,2019-07-08
10.98,23.44,0.0,1.9064124415599004,2019-07-09
9.28,26.14,0.0,2.3557294565440827,2019-07-10
13.85,23.76,0.0,1.620950652194039,2019-07-11
9.52,24.83,0.0,2.201873263674594,2019-07-12
11.96,27.95,9.37,1.9543496388750616,2019-07-13
14.77,26.82,10.11,1.5311096067864942,2019-07-14
13.21,24.58,1.37,1.7209457253833471,2019-07-15
10.43,20.12,6.63,1.0473757553672434,2019-07-16
13.62,22.37,0.65,1.2451764236545173,2019-07-17
10.96,25.19,2.67,1.5864255856035834,2019-07-18
9.91,17.98,8.81,0.8808267149797909,2019-07-19
10.41,22.77,0.0,1.6576803344133195,2019-07-20
11.84,24.66,0.0,1.7714971690725485,2019-07-21
11.16,26.82,0.0,2.066082198895427,2019-07-22
14.02,29.25,0.0,2.122908110332691,2019-07-23
15.16,29.13,3.26,1.5842459410962315,2019-07-24
12.28,17.46,4.74,0.5833337688186226,2019-07-25
13.54,24.75,0.0,1.5150333616238651,2019-07-26
12.22,30.86,0.0,2.3381305916531745,2019-07-27
9.59,19.98,0.69,1.2406353798761156,2019-07-28
5.28,23.15,0.0,1.9014064757529052,2019-07-29
11.66,28.55,2.84,1.7150521854603584,2019-07-30
12.44,25.39,3.93,1.3634710616349497,2019-07-31
13.19,30.76,3.22,1.7994489685596906,2019-08-01
15.54,32.35,0.0,2.1763290454315034,2019-08-02
15.71,28.0,0.0,1.6137589681150049,2019-08-03
10.58,25.28,0.0,1.73882202995812,2019-08-04
10.91,27.75,0.0,1.9688440101097928,2019-08-05
10.39,20.95,1.4,1.213169989692482,2019-08-06
4.51,21.63,0.0,1.6777083940159625,2019-08-07
5.41,22.95,0.0,1.745320629272576,2019-08-08
9.96,24.7,3.49,1.4013332893268329,2019-08-09
7.65,20.4,0.0,1.3246315980985377,2019-08-10
5.63,21.57,0.0,1.571541242639074,2019-08-11
10.12,18.03,0.0,0.8918833759042393,2019-08-12
7.13,22.4,0.0,1.557452736955192,2019-08-13
9.62,24.34,0.0,1.580962200089029,2019-08-14
9.26,25.8,0.0,1.741273379894302,2019-08-15
10.42,21.61,0.0,1.213865530294795,2019-08-16
4.95,17.69,0.0,1.199469215852493,2019-08-17
2.53,20.46,0.0,1.5325707014428778,2019-08-18
3.72,20.21,0.0,1.4465262722600356,2019-08-19
3.48,23.56,0.0,1.7270391120483908,2019-08-20
5.46,25.92,0.0,1.8379742853670915,2019-08-21
11.9,27.07,10.75,1.4060392940124506,2019-08-22
9.79,21.23,0.0,1.1691681311094986,2019-08-23
12.68,27.8,1.92,1.5689754926800557,2019-08-24
11.47,21.61,7.92,0.950128041028216,2019-08-25
8.77,19.33,0.0,1.0457516161830005,2019-08-26
8.76,19.26,0.0,1.035095702086395,2019-08-27
7.06,23.8,0.59,1.5161247418649382,2019-08-28
6.42,20.07,0.0,1.2429815315777506,2019-08-29
4.3,18.7,1.12,1.2296621767199942,2019-08-30
7.34,21.3,1.48,1.2857752325489156,2019-08-31
6.35,21.84,8.96,1.2338269665227903,2019-09-01
10.37,20.09,2.13,0.8740913462887179,2019-09-02
7.61,24.7,0.0,1.5222804511021342,2019-09-03
9.35,21.35,1.55,1.1529614069302676,2019-09-04
8.15,22.6,0.0,1.318604948563278,2019-09-05
5.48,21.83,0.0,1.3767780085964378,2019-09-06
6.83,22.0,0.0,1.3250093664158884,2019-09-07
7.27,21.08,0.0,1.2248604791802868,2019-09-08
8.83,14.79,3.05,0.5081169666069374,2019-09-09
8.22,11.15,8.09,0.2515890141535784,2019-09-10
8.69,12.7,4.03,0.3436140446508726,2019-09-11
7.24,15.46,0.0,0.7476947497714977,2019-09-12
3.65,22.13,0.0,1.4236466487538777,2019-09-13
8.67,23.47,0.0,1.318921453169286,2019-09-14
8.46,26.77,0.0,1.5579318928905368,2019-09-15
9.51,31.28,0.0,1.811197982857731,2019-09-16
13.26,25.89,0.89,1.225610065041468,2019-09-17
11.12,21.76,2.94,0.9128078810283488,2019-09-18
9.16,21.4,1.64,1.096833048818716,2019-09-19
9.34,20.84,0.0,1.0399239023290567,2019-09-20
5.0,18.11,0.0,1.0505067565776844,2019-09-21
4.99,25.41,0.0,1.526714812393644,2019-09-22
8.08,20.57,2.12,0.9746798652518984,2019-09-23
5.53,16.82,0.0,0.9073513144691024,2019-09-24
2.44,15.53,0.92,0.9484027881681631,2019-09-25
1.57,9.87,7.88,0.5365541151252382,2019-09-26
0.94,7.59,0.0,0.4612908078303561,2019-09-27
0.61,5.98,0.0,0.3664982658885435,2019-09-28
0.17,4.62,7.07,0.2721767566628373,2019-09-29
0.16,1.75,4.94,0.1026558967472626,2019-09-30
0.09,4.58,0.0,0.3029545398870655,2019-10-01
-2.97,10.1,0.0,0.7764117432394487,2019-10-02
-1.45,11.59,0.0,0.8147999854663923,2019-10-03
1.79,10.43,0.0,0.6104490956200918,2019-10-04
-1.25,13.69,0.0,0.9191783105568004,2019-10-05
3.04,15.48,0.0,0.8858157434295022,2019-10-06
1.89,19.84,0.0,1.1770451922318528,2019-10-07
-2.06,7.93,0.38,0.6005917309282748,2019-10-08
-6.56,2.94,0.0,0.4724775561142572,2019-10-09
-9.12,4.1,0.0,0.5806201451825447,2019-10-10
-8.76,6.64,0.0,0.6800924363520476,2019-10-11
-7.86,7.38,0.0,0.6937803201925626,2019-10-12
-9.29,9.31,0.0,0.7916444526681478,2019-10-13
-1.6,4.17,1.48,0.3323297499203735,2019-10-14
-2.51,5.62,0.0,0.4554243925164766,2019-10-15
-0.82,12.03,0.0,0.7583648179290703,2019-10-16
0.52,18.03,0.0,1.0449741224273772,2019-10-17
-0.5,15.21,0.0,0.91109946792187,2019-10-18
-1.44,14.12,0.0,0.8703686358361283,2019-10-19
-4.36,7.08,0.0,0.5774729504662571,2019-10-20
-6.71,8.79,0.0,0.7053244329261916,2019-10-21
-5.95,6.33,0.0,0.5758257245670437,2019-10-22
-5.95,4.03,0.0,0.4653724394692038,2019-10-23
-6.09,7.68,0.0,0.6343687544211896,2019-10-24
-0.85,16.36,1.05,0.9445541771638096,2019-10-25
-5.86,2.81,0.58,0.3958153337094932,2019-10-26
-9.66,-4.09,3.64,0.1993817893644651,2019-10-27
-9.11,-4.52,1.94,0.1785987400353095,2019-10-28
-11.93,-5.33,0.0,0.2247108956460726,2019-10-29
-17.46,-0.09,0.0,0.4659071013182227,2019-10-30
-3.08,3.3,0.83,0.3205122827162209,2019-10-31
-3.36,3.9,0.0,0.3605909102223696,2019-11-01
-5.5,4.55,0.92,0.4589946018656121,2019-11-02
-5.74,1.29,0.0,0.3128598339165958,2019-11-03
-13.18,-4.71,0.0,0.2644424751780739,2019-11-04
-15.9,-5.25,1.2,0.2905122289076778,2019-11-05
-20.03,-8.47,0.0,0.2489737256860184,2019-11-06
-20.9,-4.98,0.0,0.3353093596867856,2019-11-07
-7.75,2.46,0.8,0.4115968764598576,2019-11-08
-13.74,-1.83,1.03,0.3606712608756937,2019-11-09
-20.63,-11.86,0.0,0.173539662285499,2019-11-10
-22.73,-9.32,0.0,0.2428076080573879,2019-11-11
-15.02,-2.34,0.0,0.3569671126257631,2019-11-12
-15.58,-0.66,0.0,0.4104006078546823,2019-11-13
-7.91,-0.53,0.0,0.2843363541985494,2019-11-14
-6.76,2.27,2.54,0.3512341496630628,2019-11-15
-1.78,1.8,1.9,0.1762803332650573,2019-11-16
-2.62,4.81,0.0,0.3586224802777576,2019-11-17
-0.66,6.92,0.0,0.3942022435080437,2019-11-18
-4.4,1.03,0.0,0.2414949085502838,2019-11-19
-6.93,-1.66,0.0,0.2089151379547174,2019-11-20
-6.9,3.47,0.0,0.4181899103879885,2019-11-21
-6.02,5.55,0.0,0.4830182799427879,2019-11-22
-2.09,10.41,0.0,0.604677879672119,2019-11-23
-2.21,3.67,1.52,0.2788398796495743,2019-11-24
-5.97,-0.84,0.56,0.2060568554885931,2019-11-25
-9.93,-2.35,0.56,0.2591498866871645,2019-11-26
-7.96,-5.42,0.0,0.1,2019-11-27
-8.79,-5.53,2.48,0.1091522013847977,2019-11-28
-9.73,-5.68,0.0,0.1368164273606535,2019-11-29
-10.81,-7.67,0.0,0.1,2019-11-30
-13.37,-6.58,0.0,0.1924463330836879,2019-12-01
-15.19,-2.33,0.0,0.340040539876445,2019-12-02
-8.23,3.33,0.0,0.4272885325337628,2019-12-03
-8.26,-0.25,0.0,0.29251026062474,2019-12-04
-15.46,-5.15,0.0,0.263315942249264,2019-12-05
-12.52,-5.79,0.0,0.1970286840849635,2019-12-06
-13.54,-5.72,0.0,0.2183461881007609,2019-12-07
-23.17,-12.51,0.0,0.1711917361395413,2019-12-08
-25.29,-10.79,0.0,0.2101331113691859,2019-12-09
-27.69,-16.51,0.0,0.1323830070921089,2019-12-10
-28.08,-17.59,0.0,0.1196654939030186,2019-12-11
-20.62,-12.46,0.43,0.1497144858917966,2019-12-12
-26.28,-14.61,0.0,0.1528759293489976,2019-12-13
-28.95,-12.1,0.0,0.1948062139926014,2019-12-14
-21.21,-8.84,0.0,0.2261558506623822,2019-12-15
-16.69,-4.67,0.0,0.2855652104839773,2019-12-16
-16.68,-5.0,0.0,0.2766280125489986,2019-12-17
-11.83,0.45,0.0,0.3761075002781291,2019-12-18
-12.02,-4.14,0.0,0.2334772981213416,2019-12-19
-11.78,2.38,0.0,0.437599805267004,2019-12-20
-12.67,-2.11,0.0,0.3067414181347638,2019-12-21
-11.14,-1.32,0.0,0.3070629823781746,2019-12-22
-9.15,-4.54,0.0,0.1542273114522638,2019-12-23
-8.21,-5.49,3.43,0.1,2019-12-24
-9.26,-2.72,0.0,0.2216128865693172,2019-12-25
-15.8,-6.88,0.0,0.2176809119880467,2019-12-26
-16.29,-7.35,0.0,0.2118267009016874,2019-12-27
-16.67,-7.24,0.0,0.2192427619111373,2019-12-28
-19.47,-6.67,0.0,0.2602246029907926,2019-12-29
-17.18,-6.86,0.0,0.234720621746682,2019-12-30
-13.87,-0.54,0.0,0.371203684810104,2019-12-31
-9.83,-1.84,0.0,0.2681345669333858,2020-01-01
-8.6,-2.51,0.0,0.2149195700315304,2020-01-02
-11.62,-4.16,0.0,0.2284323906885531,2020-01-03
-8.57,3.73,0.0,0.4453306719519565,2020-01-04
-12.21,-2.96,0.0,0.2789185402976332,2020-01-05
-17.94,-2.73,0.0,0.3496562884295259,2020-01-06
-26.65,-17.36,0.78,0.1167514276377173,2020-01-07
-20.75,-10.09,0.88,0.2013341650431914,2020-01-08
-25.49,-16.25,0.0,0.1263696122541292,2020-01-09
-31.27,-17.62,0.9,0.1309616104176954,2020-01-10
-21.23,-11.34,2.21,0.1742359356044978,2020-01-11
-25.53,-13.71,0.0,0.1673704421264151,2020-01-12
-30.47,-24.61,0.66,0.1,2020-01-13
-34.57,-26.59,0.0,0.1,2020-01-14
-36.78,-28.92,0.0,0.1,2020-01-15
-37.53,-19.67,0.0,0.1146954008033485,2020-01-16
-22.69,-18.79,5.05,0.1,2020-01-17
-27.25,-22.09,0.0,0.1,2020-01-18
-29.32,-17.69,0.0,0.1291723446949527,2020-01-19
-21.16,-1.02,0.0,0.4148716758250852,2020-01-20
-11.73,1.5,0.0,0.435008853258396,2020-01-21
-13.52,-3.91,0.0,0.2867171237358079,2020-01-22
-11.17,-4.06,0.0,0.2377471381356822,2020-01-23
-8.66,-0.55,0.0,0.3093997886687287,2020-01-24
-5.59,0.58,0.0,0.2707846951741299,2020-01-25
-8.1,-3.36,0.0,0.1846079202484632,2020-01-26
-7.88,-2.48,0.0,0.2144930654578506,2020-01-27
-4.49,-1.69,0.0,0.1294378604597111,2020-01-28
-8.84,-3.29,2.72,0.2008722785077124,2020-01-29
-10.8,-1.11,0.0,0.3455531270992926,2020-01-30
-10.99,2.2,0.0,0.4700527618904275,2020-01-31
-8.22,5.73,0.0,0.5652025733355386,2020-02-01
-11.82,-0.55,0.0,0.3876267245181213,2020-02-02
-20.6,-11.16,0.0,0.1976316953757058,2020-02-03
-21.1,-5.66,0.0,0.3280004169470476,2020-02-04
-14.05,-6.45,0.28,0.2336961189339112,2020-02-05
-16.8,-10.63,0.25,0.1615733531066234,2020-02-06
-14.45,-3.53,0.0,0.337890268293246,2020-02-07
-13.73,-3.43,0.0,0.332692913347319,2020-02-08
-15.33,-3.17,0.0,0.3782208535722515,2020-02-09
-10.46,-3.72,0.0,0.2585167068226877,2020-02-10
-15.61,-2.87,0.0,0.4140183924835173,2020-02-11
-31.75,-18.03,0.0,0.146578139963997,2020-02-12
-30.58,-7.44,0.0,0.2997613207317126,2020-02-13
-14.05,-3.33,0.0,0.3844390306684007,2020-02-14
-22.25,-12.91,0.0,0.1888851280593803,2020-02-15
-16.92,-6.78,0.39,0.2935143069509084,2020-02-16
-22.86,-11.52,0.0,0.22556333741704,2020-02-17
-30.7,-18.84,0.0,0.1384599684507944,2020-02-18
-30.76,-10.89,0.0,0.2614748291098985,2020-02-19
-17.17,1.29,0.0,0.6751540662684415,2020-02-20
-12.01,1.19,0.0,0.6862871482065042,2020-02-21
-9.38,2.17,0.0,0.7181267712649331,2020-02-22
-12.34,-0.49,0.0,0.6103080718108916,2020-02-23
-15.07,-2.91,0.0,0.5197423668494356,2020-02-24
-18.76,-4.71,0.0,0.4780339826839944,2020-02-25
-14.77,-1.08,0.0,0.6279426439593541,2020-02-26
-11.15,3.05,0.0,0.8355755255216353,2020-02-27
-9.05,4.97,0.0,0.9530516063453396,2020-02-28
-7.58,5.85,1.2,1.0097117446408144,2020-02-29
-11.26,-1.93,0.0,0.5259102261066262,2020-03-01
-6.71,2.71,0.0,0.7493820679763494,2020-03-02
-9.33,2.1,0.0,0.7910966903705133,2020-03-03
-4.56,2.92,2.09,0.5213669366047826,2020-03-04
-7.71,2.19,0.0,0.7475445500798947,2020-03-05
-3.85,9.08,0.0,1.22774509349099,2020-03-06
-12.81,-2.47,0.5,0.5592956502710565,2020-03-07
-17.99,-10.53,0.0,0.2258200398160341,2020-03-08
-19.88,-1.15,0.0,0.6593826652451613,2020-03-09
-13.05,4.24,0.0,0.9617539599147698,2020-03-10
-5.5,3.66,0.0,0.8237469620625286,2020-03-11
-11.34,-3.55,0.0,0.4526594825303889,2020-03-12
-18.41,-11.29,0.0,0.2164037118434752,2020-03-13
-18.0,-10.15,1.29,0.2790886602371082,2020-03-14
-16.04,-8.04,0.0,0.3417856702178004,2020-03-15
-19.85,-2.39,0.0,0.6541986605659951,2020-03-16
-15.36,-4.8,0.0,0.5317901566110131,2020-03-17
-19.64,-7.76,0.0,0.4490496193262143,2020-03-18
-20.14,-6.28,0.0,0.5207855384683714,2020-03-19
-19.26,-1.22,0.0,0.7414045002722532,2020-03-20
-12.25,1.19,0.0,0.9157246905977928,2020-03-21
-12.48,4.87,0.0,1.105448865189994,2020-03-22
-9.18,3.89,0.74,1.1043851004727652,2020-03-23
-9.17,-1.4,1.3,0.7100888819183847,2020-03-24
-15.52,-1.57,0.0,0.8033815998731005,2020-03-25
-14.78,4.46,0.0,1.0691178174882252,2020-03-26
-5.2,5.23,0.0,1.1988584712931938,2020-03-27
-4.4,6.22,0.0,1.2603269415942806,2020-03-28
-5.97,10.81,0.0,1.5070338023296836,2020-03-29
-4.92,4.11,1.23,1.1428594113863344,2020-03-30
-11.91,-3.38,2.22,0.5365459601809874,2020-03-31
-16.61,-12.09,0.77,0.1635628188133932,2020-04-01
-18.73,-10.57,0.0,0.3537652816929818,2020-04-02
-20.39,-5.31,0.0,0.6334753389454867,2020-04-03
-15.4,-6.46,2.19,0.4238511116683444,2020-04-04
-10.76,-2.18,0.09,0.7106712065686193,2020-04-05
-8.98,1.22,6.03,0.7922949325263703,2020-04-06
-11.67,3.7,0.0,1.119339208555188,2020-04-07
-7.93,0.24,0.0,0.7928729158857738,2020-04-08
-14.45,4.48,0.0,1.1471173728562505,2020-04-09
-3.65,6.37,0.0,1.2932362768438792,2020-04-10
-9.14,-1.85,0.0,0.6886128085942521,2020-04-11
-10.96,-4.78,0.0,0.4902460232483566,2020-04-12
-13.21,-5.44,0.0,0.5644648234728834,2020-04-13
-15.39,2.58,0.0,1.0729004134039486,2020-04-14
-10.11,1.35,0.0,1.062069040035462,2020-04-15
-6.27,4.84,0.0,1.2762001986358185,2020-04-16
-3.02,11.72,0.0,1.7096941807278745,2020-04-17
-4.18,4.31,0.0,1.228005511711892,2020-04-18
-4.22,13.17,0.0,1.7977272552838863,2020-04-19
-1.76,9.01,0.0,1.5460788251369475,2020-04-20
-1.99,20.69,0.0,2.256245770019553,2020-04-21
0.2,15.96,0.0,2.022473802925062,2020-04-22
-0.14,18.04,0.0,2.1477117119161613,2020-04-23
-1.03,14.05,2.26,1.7296672596097928,2020-04-24
-2.21,18.45,0.0,2.1497884457212595,2020-04-25
2.14,13.79,3.33,1.7118977083003348,2020-04-26
-1.32,17.75,0.0,2.1306653793219574,2020-04-27
1.88,18.04,0.0,2.1813344151556637,2020-04-28
1.17,22.41,0.0,2.4457840849899495,2020-04-29
5.97,27.5,0.0,2.8071469740643424,2020-04-30
3.89,17.86,0.0,2.1412005157482694,2020-05-01
-1.08,17.64,0.0,2.122933404473694,2020-05-02
-1.18,17.68,3.19,1.9350955020770868,2020-05-03
3.52,14.45,0.0,1.862041556968728,2020-05-04
-0.99,18.17,0.0,2.1595643496903203,2020-05-05
0.7,20.44,0.0,2.318602017354757,2020-05-06
0.16,17.42,0.0,2.11703362641599,2020-05-07
0.37,18.4,4.79,1.987165993152888,2020-05-08
-1.41,6.77,2.42,0.9474671376453616,2020-05-09
-3.8,9.33,0.0,1.5650617436295062,2020-05-10
-6.1,10.37,0.0,1.6305718776997205,2020-05-11
-3.42,14.08,0.0,1.8140000161583325,2020-05-12
0.45,12.53,0.0,1.6927393664448211,2020-05-13
-1.73,19.5,0.0,2.1672138088026096,2020-05-14
-3.25,14.07,0.0,1.8171889262271512,2020-05-15
0.5,24.91,0.0,2.5205225031829324,2020-05-16
9.56,26.41,0.0,2.639553215667482,2020-05-17
8.97,24.61,0.0,2.5056386003415847,2020-05-18
10.91,25.88,0.0,2.5749511773831486,2020-05-19
9.29,17.66,20.87,1.3822100431830502,2020-05-20
8.81,22.26,0.0,2.2036707950993852,2020-05-21
5.74,20.96,0.0,2.2206406623279853,2020-05-22
4.11,15.31,0.0,1.5921017038443843,2020-05-23
4.87,19.97,0.0,2.163573153924298,2020-05-24
6.2,25.93,0.0,2.674484326579067,2020-05-25
10.81,21.33,2.85,1.519000833635728,2020-05-26
6.94,17.78,0.33,1.7160451751848695,2020-05-27
4.41,17.87,0.0,1.9336165426673275,2020-05-28
4.44,18.13,0.0,1.9824880277941668,2020-05-29
5.99,25.0,0.0,2.6408512185511537,2020-05-30
10.87,30.33,0.0,2.994566521444966,2020-05-31
11.47,25.16,0.0,2.511768816030746,2020-06-01
7.89,24.53,0.0,2.6022567476874547,2020-06-02
9.11,19.74,0.0,1.9179563659671608,2020-06-03
6.27,17.19,0.0,1.8029329206418256,2020-06-04
4.55,19.24,0.0,2.205802579001743,2020-06-05
9.34,15.6,16.98,0.8105706781245383,2020-06-06
8.84,16.51,15.02,0.9193901544827148,2020-06-07
6.44,14.98,0.0,1.1645543359984358,2020-06-08
4.67,20.86,0.0,2.132704971786466,2020-06-09
7.23,22.39,0.0,2.1942428104876437,2020-06-10
5.86,20.68,0.0,2.0697483893540634,2020-06-11
7.44,27.44,0.0,2.704425821304914,2020-06-12
14.12,29.96,0.0,2.726905954018912,2020-06-13
12.6,24.3,4.71,1.622746379387274,2020-06-14
8.42,21.6,3.0,1.624879290501229,2020-06-15
9.23,24.03,30.16,1.8389153844706003,2020-06-16
8.52,16.19,9.38,0.8010840146116528,2020-06-17
6.78,15.66,0.0,1.077782238851532,2020-06-18
6.33,17.1,0.0,1.3512229503255435,2020-06-19
6.08,16.1,0.0,1.2344037031095452,2020-06-20
3.99,18.11,0.0,1.679482623414966,2020-06-21
6.33,23.62,0.0,2.151817150071636,2020-06-22
10.3,27.78,0.0,2.40376970769041,2020-06-23
14.52,26.23,1.4,1.863992005370303,2020-06-24
14.25,26.2,0.0,1.878047937446046,2020-06-25
11.55,29.77,4.98,2.0723829403926137,2020-06-26
13.85,21.23,0.0,0.997320089386619,2020-06-27
12.58,20.36,0.0,1.0504331919464291,2020-06-28
14.54,19.32,0.31,0.675053943920779,2020-06-29
13.66,20.66,14.44,0.8449768041413466,2020-06-30
14.39,24.0,1.07,1.4796848127830342,2020-07-01
11.57,23.76,2.62,1.4101578059377156,2020-07-02
10.27,26.09,0.0,2.1679510028891738,2020-07-03
12.39,29.07,0.0,2.3617478702730383,2020-07-04
12.17,23.6,0.0,1.6853112840601947,2020-07-05
11.06,24.77,3.36,1.5635582201215512,2020-07-06
12.47,28.34,6.47,1.820476647792186,2020-07-07
13.82,20.52,2.68,0.7949143626837372,2020-07-08
12.23,22.28,0.0,1.4025775596769197,2020-07-09
9.65,23.73,4.65,1.4989613863585018,2020-07-10
10.48,25.23,0.0,1.9747139364025172,2020-07-11
12.72,25.5,1.54,1.826339265600364,2020-07-12
10.42,19.9,2.4,1.0490767751355117,2020-07-13
10.58,21.4,4.33,1.1850396465654658,2020-07-14
11.78,23.09,0.0,1.5531924608363157,2020-07-15
9.91,25.43,0.83,2.001335135170201,2020-07-16
13.83,25.07,0.0,1.5876422994510428,2020-07-17
11.55,22.26,1.02,1.4229753032924066,2020-07-18
10.54,23.19,0.0,1.6490466754692297,2020-07-19
11.76,23.45,4.5,1.276103982525594,2020-07-20
9.62,25.36,0.0,1.944052780408071,2020-07-21
14.58,30.48,0.0,2.157235231672946,2020-07-22
17.55,29.1,0.0,1.6770627016557342,2020-07-23
15.09,26.97,0.0,1.6659582626355365,2020-07-24
11.95,21.08,0.0,1.1766898711930294,2020-07-25
10.83,24.79,0.0,1.8013760737620548,2020-07-26
9.47,27.52,0.0,2.1394829344085213,2020-07-27
11.08,30.76,0.0,2.3374421091590976,2020-07-28
15.06,32.91,0.0,2.304185498139606,2020-07-29
15.8,31.86,0.0,2.115301016282223,2020-07-30
13.22,26.28,0.0,1.6463094418496165,2020-07-31
9.25,27.93,0.0,2.096420731964721,2020-08-01
10.63,28.05,0.0,2.0356892120122994,2020-08-02
14.12,29.28,1.36,1.914552836520812,2020-08-03
12.21,26.89,0.0,1.7718362677738366,2020-08-04
8.92,28.96,0.0,2.1592518175584416,2020-08-05
11.39,33.4,0.0,2.4186923322428013,2020-08-06
13.01,24.89,0.0,1.3870067800342252,2020-08-07
11.62,25.02,3.88,1.3148448064001468,2020-08-08
8.92,21.87,0.0,1.3745123378759023,2020-08-09
8.31,23.81,0.0,1.6379917931014396,2020-08-10
8.39,24.19,0.0,1.659462113552018,2020-08-11
11.68,28.03,0.0,1.826532405297811,2020-08-12
8.38,24.6,0.0,1.6679176076798894,2020-08-13
7.57,24.43,0.0,1.683848925883375,2020-08-14
7.9,24.83,0.0,1.6927518935243853,2020-08-15
8.71,28.53,0.0,1.9802840828400736,2020-08-16
11.34,34.46,0.0,2.346285680546749,2020-08-17
11.85,35.46,0.0,2.383585030757814,2020-08-18
13.45,33.26,0.0,2.1742883473431043,2020-08-19
13.58,32.27,0.0,2.052336999046984,2020-08-20
14.3,27.1,0.0,1.3748468665259497,2020-08-21
10.34,30.98,0.0,2.0820042953385136,2020-08-22
7.02,27.81,0.0,1.930235965628221,2020-08-23
9.57,28.25,6.05,1.5577812670058524,2020-08-24
12.05,25.15,0.0,1.3095071206710955,2020-08-25
8.59,24.91,0.0,1.521164952072,2020-08-26
6.83,22.01,11.01,1.2079487261501818,2020-08-27
6.63,22.5,0.0,1.3850968727719744,2020-08-28
8.16,30.44,0.0,1.9801215197395008,2020-08-29
6.54,16.41,0.0,0.8646042765280225,2020-08-30
3.29,18.8,0.0,1.2299190971275282,2020-08-31
8.33,21.62,0.0,1.200721809516348,2020-09-01
7.19,16.03,7.9,0.7079105432737819,2020-09-02
4.74,21.09,0.0,1.3279131253629513,2020-09-03
4.25,23.06,0.0,1.4829920602699838,2020-09-04
7.49,28.58,0.0,1.8000129587113614,2020-09-05
7.03,16.91,0.0,0.8556354588491899,2020-09-06
-0.19,9.8,0.0,0.6945115306232889,2020-09-07
-4.62,15.08,0.0,1.1655049180904586,2020-09-08
3.71,20.24,0.0,1.26857113911868,2020-09-09
3.81,25.49,0.0,1.660008771546026,2020-09-10
8.14,30.2,0.0,1.8563564426157868,2020-09-11
5.52,15.69,1.27,0.8171678340352005,2020-09-12
-1.23,14.49,0.0,1.0222244829998732,2020-09-13
5.48,15.79,0.0,0.8217125148199923,2020-09-14
3.58,13.42,0.0,0.7432584481545617,2020-09-15
-1.59,13.66,0.0,1.0100211714713634,2020-09-16
2.0,17.08,0.0,1.1412538729992776,2020-09-17
-0.65,23.42,0.0,1.6690533944967654,2020-09-18
6.1,26.21,0.0,1.7152402038689734,2020-09-19
11.98,19.94,11.08,0.6687516890055126,2020-09-20
8.12,22.82,0.0,1.2361254039589595,2020-09-21
7.22,20.57,0.0,1.0776414999766206,2020-09-22
8.56,21.17,0.0,1.04961037312518,2020-09-23
8.25,23.87,0.0,1.30316856380528,2020-09-24
4.9,21.73,0.0,1.2978511111395774,2020-09-25
8.13,15.39,1.3,0.5974726961904193,2020-09-26
5.01,15.07,0.74,0.7589198134362706,2020-09-27
0.86,21.73,0.0,1.3912172931164035,2020-09-28
6.57,18.31,0.0,0.9084544703441962,2020-09-29
0.71,12.27,0.0,0.7522972805001548,2020-09-30
-4.24,10.9,0.0,0.8220198780596336,2020-10-01
0.5,16.09,0.0,1.0144953850033036,2020-10-02
-1.19,15.01,0.0,0.9833926361044047,2020-10-03
4.47,22.96,0.54,1.37176133239566,2020-10-04
7.66,18.82,0.0,0.8621382567397117,2020-10-05
6.04,18.0,0.0,0.8849203221509884,2020-10-06
-0.38,15.38,0.0,0.993960431278336,2020-10-07
6.55,21.37,1.88,1.1669369537986465,2020-10-08
1.39,10.35,0.0,0.5675803552370439,2020-10-09
2.18,24.59,0.0,1.5447187261105653,2020-10-10
4.08,15.05,0.0,0.7494078855033134,2020-10-11
-3.49,11.96,0.0,0.8391286361984733,2020-10-12
-0.29,10.54,0.0,0.6369356364729898,2020-10-13
-5.8,6.33,0.0,0.5773059362755812,2020-10-14
-6.27,5.21,0.0,0.5312064811770983,2020-10-15
-10.3,3.04,0.0,0.5175500231815248,2020-10-16
-12.5,-0.97,0.0,0.396595938529048,2020-10-17
-6.19,-2.49,0.0,0.164295109870041,2020-10-18
-7.3,-0.85,0.93,0.284482325816577,2020-10-19
-7.33,-2.06,0.5,0.2290511531899616,2020-10-20
-8.7,0.2,0.0,0.370698338640578,2020-10-21
-13.05,-2.39,0.0,0.3602195196672421,2020-10-22
-13.77,-3.73,0.0,0.3240040925537645,2020-10-23
-8.02,-4.73,0.0,0.1350709855061389,2020-10-24
-11.19,-2.44,0.0,0.3190649999692413,2020-10-25
-14.12,2.73,0.39,0.5444714609456718,2020-10-26
-4.13,11.3,0.65,0.7806302609302116,2020-10-27
-4.99,3.44,0.53,0.4008471639602831,2020-10-28
-5.65,6.4,0.71,0.5578998997402504,2020-10-29
-1.25,10.62,0.0,0.6311406189509244,2020-10-30
-7.13,0.81,0.0,0.330451240008209,2020-10-31
-7.54,13.42,0.0,0.8691164734500942,2020-11-01
0.21,16.91,0.0,0.9087486000019304,2020-11-02
0.29,15.84,0.0,0.8475359474713753,2020-11-03
-1.73,13.2,0.0,0.75926942154301,2020-11-04
0.12,16.93,0.0,0.8989411765612366,2020-11-05
-3.24,6.07,0.65,0.4438815898051562,2020-11-06
-3.22,0.67,4.77,0.1728138556509246,2020-11-07
-10.08,-3.8,18.19,0.209704128428392,2020-11-08
-19.51,-9.79,0.0,0.2096820535089415,2020-11-09
-16.74,-6.65,0.0,0.255663016647441,2020-11-10
-18.68,-6.44,1.13,0.2812383707336074,2020-11-11
-23.95,-10.34,0.0,0.2275449446387987,2020-11-12
-13.79,-0.91,0.0,0.3850143370146064,2020-11-13
-10.65,-1.61,0.79,0.3093800798516444,2020-11-14
-11.5,-6.26,0.0,0.1666171748651305,2020-11-15
-9.4,-5.96,0.0,0.1200229664128127,2020-11-16
-8.12,-1.42,0.0,0.253706802067882,2020-11-17
-5.62,3.3,0.0,0.3796509657295711,2020-11-18
-12.96,-4.79,4.76,0.2318949103821699,2020-11-19
-19.03,-10.85,0.0,0.1712505770182254,2020-11-20
-19.32,-5.35,0.0,0.3018037805188714,2020-11-21
-17.7,-8.48,0.0,0.2094848568433875,2020-11-22
-12.52,-5.42,0.0,0.2105471269029219,2020-11-23
-10.32,-3.41,0.0,0.228255095612035,2020-11-24
-9.41,1.26,1.1,0.3759017483046574,2020-11-25
-13.1,-1.58,0.0,0.3394393809207708,2020-11-26
-10.86,0.11,0.0,0.3592721456071191,2020-11-27
-10.98,-1.35,0.46,0.3107386240221483,2020-11-28
-16.01,-3.93,0.0,0.3036186887187172,2020-11-29
-10.01,1.48,0.0,0.3895052151508309,2020-11-30
-9.02,2.31,0.0,0.4023508940283927,2020-12-01
-11.59,-2.21,0.0,0.2917430261069397,2020-12-02
-8.24,2.0,0.0,0.3747306143157784,2020-12-03
-7.14,2.14,0.0,0.3557949103856716,2020-12-04
-8.07,1.39,0.0,0.3476163873426382,2020-12-05
-10.5,-0.25,0.0,0.3362511724714606,2020-12-06
-9.04,2.91,0.0,0.4214037240452429,2020-12-07
-5.13,3.66,0.0,0.3640889797742115,2020-12-08
-6.73,1.42,0.0,0.3139637602096122,2020-12-09
-13.41,-4.54,0.0,0.2473993894224164,2020-12-10
-13.11,-4.56,0.0,0.241394924965045,2020-12-11
-12.06,-3.87,0.0,0.2439302294751545,2020-12-12
-28.84,-13.66,0.0,0.1730314577753407,2020-12-13
-30.33,-15.83,0.35,0.1472433851713205,2020-12-14
-20.87,-11.25,0.0,0.1740948319310248,2020-12-15
-17.94,-6.86,0.0,0.2421756516940928,2020-12-16
-16.49,1.01,1.1,0.4348934575708014,2020-12-17
-23.17,-5.86,0.0,0.2928176654763824,2020-12-18
-14.36,3.79,0.45,0.5042131924863309,2020-12-19
-8.78,2.17,0.0,0.3821675570479211,2020-12-20
-9.36,-1.01,1.04,0.2804543528173399,2020-12-21
-14.83,-5.32,2.47,0.2353897479587419,2020-12-22
-18.66,-9.97,0.0,0.1767436510429185,2020-12-23
-15.74,-0.78,0.0,0.379495025363963,2020-12-24
-14.52,-3.16,0.0,0.299461507673136,2020-12-25
-13.85,-6.36,0.45,0.1985323809515658,2020-12-26
-16.29,-7.27,0.32,0.211724516094374,2020-12-27
-19.57,-9.04,0.0,0.2073847595012621,2020-12-28
-17.0,-6.74,0.0,0.2347503503701311,2020-12-29
-19.73,-9.79,0.0,0.1933247252839578,2020-12-30
-16.85,-5.67,0.0,0.2623805365553764,2021-01-01
-11.31,3.65,0.0,0.4782589239020343,2021-01-02
-4.32,3.43,0.0,0.3308818686078182,2021-01-03
-11.31,-2.03,0.0,0.2900664635790265,2021-01-04
-11.45,-0.89,0.0,0.3304441602293034,2021-01-05
-12.26,1.49,0.0,0.420671303496886,2021-01-06
-10.35,0.39,0.0,0.3568094115267763,2021-01-07
-14.04,-3.89,0.0,0.2791359038624967,2021-01-08
-14.94,-5.97,0.0,0.2333111039121563,2021-01-09
-15.45,-6.86,0.0,0.2169419015104051,2021-01-10
-14.02,-2.6,0.0,0.3190048635799953,2021-01-11
-10.12,-0.62,0.0,0.3210612762205319,2021-01-12
-8.34,5.93,5.19,0.5133073611161976,2021-01-13
-6.61,-0.77,0.0,0.2297211341225258,2021-01-14
-14.12,-5.85,0.0,0.2279276872336135,2021-01-15
-11.15,-0.19,0.0,0.3589511409851779,2021-01-16
-11.75,-2.52,2.99,0.2796618521641172,2021-01-17
-12.24,-0.5,0.0,0.3681496402130954,2021-01-18
-14.52,2.28,0.0,0.4817536322263099,2021-01-19
-6.48,2.56,0.0,0.3713855782068035,2021-01-20
-13.47,-6.86,0.3,0.1908369821161941,2021-01-21
-10.98,-5.07,1.71,0.1944577021984912,2021-01-22
-28.69,-10.33,0.0,0.2329978087596007,2021-01-23
-33.89,-24.83,0.0,0.1,2021-01-24
-31.96,-24.28,0.0,0.1,2021-01-25
-30.58,-20.78,0.0,0.1,2021-01-26
-24.49,-15.13,0.0,0.1455146452643552,2021-01-27
-18.6,-11.1,0.0,0.1675661318838328,2021-01-28
-16.0,-9.63,0.0,0.1649625020061062,2021-01-29
-14.37,-9.98,0.0,0.1229922740370932,2021-01-30
-16.81,-10.15,0.0,0.167292882450522,2021-01-31
-13.63,-3.26,0.0,0.3215539084962083,2021-02-01
-10.73,-1.63,0.0,0.3275307924835706,2021-02-02
-19.48,-10.38,0.0,0.2029137130273123,2021-02-03
-21.75,-15.82,0.0,0.1116551036255144,2021-02-04
-29.02,-18.23,0.0,0.1309042838301202,2021-02-05
-35.89,-26.47,0.0,0.1,2021-02-06
-38.16,-29.45,0.0,0.1,2021-02-07
-37.81,-26.55,0.0,0.1,2021-02-08
-29.27,-25.37,0.0,0.1,2021-02-09
-34.8,-27.01,0.0,0.1,2021-02-10
-38.05,-28.32,0.31,0.1,2021-02-11
-33.29,-23.63,0.0,0.1,2021-02-12
-38.0,-25.15,0.0,0.1,2021-02-13
-35.33,-22.32,0.0,0.1059431906459659,2021-02-14
-31.69,-18.8,0.0,0.1396265035656715,2021-02-15
-27.0,-17.0,0.0,0.1490856909024242,2021-02-16
-24.11,-16.18,0.0,0.1427969627889201,2021-02-17
-26.68,-14.26,0.0,0.1961567219667933,2021-02-18
-23.84,-4.45,0.0,0.4162075544127936,2021-02-19
-11.89,-3.3,0.0,0.3725608452832594,2021-02-20
-13.66,3.02,0.0,0.7269795845217528,2021-02-21
-4.41,4.22,0.0,0.6623427632014725,2021-02-22
-9.11,-0.65,0.0,0.4783296172469032,2021-02-23
-11.05,-1.98,0.0,0.4624734782077346,2021-02-24
-12.09,0.27,0.0,0.627742337418239,2021-02-25
-18.06,-3.61,0.22,0.4910698669863564,2021-02-26
-24.93,-13.84,0.13,0.2059055930174695,2021-02-27
-22.49,-12.72,0.23,0.2123578274973173,2021-02-28
-18.39,2.02,0.0,0.7109810682002863,2021-03-01
-8.25,1.52,0.0,0.6450068048898103,2021-03-02
-12.99,0.54,0.0,0.7106824961455791,2021-03-03
-11.56,0.67,0.0,0.7127987741388339,2021-03-04
-8.0,3.41,0.0,0.8478031751607935,2021-03-05
-1.28,6.06,0.0,0.7980064036925347,2021-03-06
-4.06,4.5,0.0,0.8229300033124427,2021-03-07
-6.1,3.43,0.0,0.8259021694359079,2021-03-08
-6.3,-1.2,0.0,0.3757251706168079,2021-03-09
-9.86,0.54,0.0,0.7561699803087979,2021-03-10
-18.39,-3.98,0.0,0.5768198630285536,2021-03-11
-10.31,4.35,0.0,1.0175004822024891,2021-03-12
-7.92,5.92,0.0,1.1248893082180862,2021-03-13
-2.13,7.86,0.0,1.1906996425845169,2021-03-14
-2.38,6.82,0.0,1.106663573762694,2021-03-15
-9.92,0.06,0.0,0.7623582469251977,2021-03-16
-8.0,8.26,0.0,1.2799871038013528,2021-03-17
-3.29,12.64,0.0,1.5470984429815904,2021-03-18
-0.73,16.87,0.0,1.7916167854124143,2021-03-19
-1.75,12.59,0.0,1.5634616193232915,2021-03-20
-4.93,3.05,0.0,0.8871476770394842,2021-03-21
-6.43,7.41,1.42,1.279264337734087,2021-03-22
-8.65,-0.48,0.0,0.7378905188820113,2021-03-23
-5.96,7.94,0.0,1.321039129488196,2021-03-24
-5.03,2.82,0.0,0.9569866652515524,2021-03-25
-10.04,1.97,0.0,1.0142643336316055,2021-03-26
-9.42,6.46,0.0,1.2291897926974231,2021-03-27
-1.06,17.72,0.0,1.8983788065886888,2021-03-28
-9.28,6.26,2.84,1.1415504486508037,2021-03-29
-14.2,-5.71,0.0,0.5626559501377966,2021-03-30
-15.58,7.83,0.0,1.1891259008810804,2021-03-31
-2.17,15.84,0.0,1.8107358711982529,2021-04-01
-0.36,12.19,0.0,1.6139212411951125,2021-04-02
-1.37,13.59,0.0,1.7032328501343876,2021-04-03
-0.53,17.38,0.0,1.929538547051863,2021-04-04
-3.0,11.86,0.0,1.5982573819820585,2021-04-05
-3.01,16.56,0.0,1.8597798392688785,2021-04-06
-1.24,21.16,0.0,2.1327585996106797,2021-04-07
1.97,15.66,0.16,1.8314800590512288,2021-04-08
-5.94,11.19,0.0,1.5410385235078918,2021-04-09
-1.14,13.85,0.0,1.6786999473471484,2021-04-10
-1.96,3.85,2.72,0.6278650959452412,2021-04-11
-3.42,3.72,0.0,0.9595467329325048,2021-04-12
-3.15,3.69,0.0,0.9457717945517122,2021-04-13
-2.79,7.8,0.0,1.3359118663060563,2021-04-14
-3.66,13.7,0.0,1.6875738205501556,2021-04-15
-5.28,15.02,0.0,1.7408149536165416,2021-04-16
-0.45,19.87,0.0,2.0748885150887437,2021-04-17
-3.54,6.88,0.0,1.2927156892533151,2021-04-18
-7.04,4.71,0.0,1.184430437701962,2021-04-19
-9.22,9.68,0.0,1.4288151268127005,2021-04-20
-3.96,18.22,0.0,1.953640781458843,2021-04-21
-5.02,7.61,0.0,1.3488165668920395,2021-04-22
-12.48,5.26,0.0,1.1793938236358643,2021-04-23
-10.14,7.14,0.0,1.2979517137230376,2021-04-24
-5.76,11.77,0.0,1.5905906700371126,2021-04-25
-2.67,14.92,0.0,1.8023755294358776,2021-04-26
-4.08,11.22,0.0,1.5784534741792526,2021-04-27
-2.75,14.17,0.0,1.7669701782814289,2021-04-28
-3.57,11.01,0.0,1.5698557381875429,2021-04-29
2.03,25.91,0.0,2.517360570807051,2021-04-30
5.13,20.49,0.0,2.191809734578782,2021-05-01
1.22,12.81,0.0,1.672888109361422,2021-05-02
-5.6,9.91,0.0,1.5146235952395606,2021-05-03
-6.02,13.96,0.0,1.7462731905510545,2021-05-04
-3.85,17.05,0.0,1.95292367779928,2021-05-05
-1.06,16.61,0.0,1.9592831870945613,2021-05-06
-0.07,17.08,0.0,2.0005787284074463,2021-05-07
2.56,15.33,0.0,1.8664639287635507,2021-05-08
-3.56,15.85,0.0,1.9071726258008257,2021-05-09
-2.18,18.57,0.0,2.0869158118237796,2021-05-10
0.57,20.39,0.0,2.223454660955168,2021-05-11
2.81,20.87,0.0,2.260702590172993,2021-05-12
1.5,22.03,0.0,2.3303531274626756,2021-05-13
3.76,22.74,0.0,2.3841625652609113,2021-05-14
3.22,23.8,0.0,2.457233663243205,2021-05-15
8.32,25.66,0.0,2.5747876416322657,2021-05-16
8.24,32.38,0.0,3.036102193766657,2021-05-17
11.54,28.93,0.0,2.7772959838018045,2021-05-18
1.71,13.01,0.0,1.6880435480363858,2021-05-19
-1.24,4.82,2.24,0.8005559777143473,2021-05-20
-1.51,6.03,0.0,1.2357544544330954,2021-05-21
-1.61,11.76,0.0,1.6623292558638298,2021-05-22
6.51,17.45,17.12,1.8366337401296504,2021-05-23
9.05,11.98,17.78,0.4067131829388393,2021-05-24
2.2,9.56,0.0,1.031763797007143,2021-05-25
-0.47,13.54,0.0,1.794974472537909,2021-05-26
1.48,19.2,0.0,2.216362146015572,2021-05-27
7.43,22.21,0.0,2.400534792404766,2021-05-28
6.65,20.86,0.0,2.3055016463890334,2021-05-29
2.15,22.79,0.0,2.473610175884624,2021-05-30
8.39,27.18,0.0,2.782227190081118,2021-05-31
8.92,26.73,0.0,2.7417312565437455,2021-06-01
11.87,32.02,0.0,3.099021812603718,2021-06-02
13.25,35.22,0.0,3.30801419331635,2021-06-03
15.39,28.71,0.0,2.7553890827968877,2021-06-04
11.11,27.68,0.77,2.7953610450177013,2021-06-05
8.35,20.06,2.99,1.8197197280111943,2021-06-06
8.76,22.62,0.0,2.429015101848658,2021-06-07
5.34,23.19,0.94,2.526440430428291,2021-06-08
11.97,19.88,6.05,1.3095718411344297,2021-06-09
13.84,22.29,14.6,1.4237337753427015,2021-06-10
11.09,19.97,0.0,1.6018646023010916,2021-06-11
6.97,23.95,0.0,2.5442280520870995,2021-06-12
6.74,27.2,0.0,2.8388342421235855,2021-06-13
13.21,31.58,0.0,3.1161892689992023,2021-06-14
17.05,33.33,1.83,3.166105488360444,2021-06-15
12.37,24.65,0.0,2.324582919356358,2021-06-16
7.35,22.65,0.0,2.403312784448703,2021-06-17
8.24,18.13,0.0,1.6819420612806393,2021-06-18
6.99,20.81,0.0,2.1849947694892267,2021-06-19
6.12,17.81,0.0,1.820012657229172,2021-06-20
1.72,24.32,0.0,2.6087289076950997,2021-06-21
10.44,30.52,1.45,3.0587410836938767,2021-06-22
12.73,24.02,0.0,2.091275162677531,2021-06-23
8.57,25.26,0.0,2.570520908283127,2021-06-24
9.94,27.54,0.0,2.76172306922624,2021-06-25
13.06,29.12,1.29,2.796767563265258,2021-06-26
11.9,28.3,0.0,2.742718989948093,2021-06-27
10.38,29.57,0.0,2.961934692357556,2021-06-28
13.43,33.21,0.0,3.1967019971947126,2021-06-29
15.25,34.59,0.0,3.267461325693802,2021-06-30
16.38,35.09,0.0,3.2784781718024205,2021-07-01
18.71,38.84,0.0,3.504732643285898,2021-07-02
17.28,31.02,2.32,2.203307437844616,2021-07-03
13.33,26.8,1.48,2.4286989499706677,2021-07-04
13.39,23.6,0.0,1.863331662435047,2021-07-05
10.84,20.42,3.02,1.2540819892612454,2021-07-06
12.33,27.57,0.0,2.5681522935256806,2021-07-07
12.72,28.71,0.0,2.6883252153297423,2021-07-08
12.34,31.33,0.0,2.974729063654693,2021-07-09
13.74,33.49,0.0,3.117535952336545,2021-07-10
15.6,31.99,0.0,2.870101541090697,2021-07-11
11.97,28.02,0.0,2.6065935420120407,2021-07-12
10.02,28.5,0.0,2.7519288181913035,2021-07-13
11.91,30.9,0.0,2.923565583418608,2021-07-14
14.37,34.83,0.0,3.210831357462004,2021-07-15
16.31,29.63,0.0,2.4304709276470313,2021-07-16
16.31,34.21,0.0,3.0419620413496844,2021-07-17
14.06,25.48,0.0,1.976104892715222,2021-07-18
13.86,20.13,0.3,0.9140697477584752,2021-07-19
15.41,26.98,0.0,2.0658388054226315,2021-07-20
14.79,30.27,0.0,2.6482945606736346,2021-07-21
13.39,33.5,0.0,3.074694842060399,2021-07-22
6.51,28.33,0.0,2.7339101912166504,2021-07-23
10.29,28.63,0.0,2.665506221376183,2021-07-24
10.52,26.99,2.6,2.0315485751258766,2021-07-25
11.94,27.48,0.0,2.40226050447209,2021-07-26
12.29,33.3,0.0,2.9939098159018984,2021-07-27
12.36,29.44,0.0,2.590692651583878,2021-07-28
12.26,33.57,1.81,2.998737096041849,2021-07-29
11.93,30.89,0.0,2.7272847690681457,2021-07-30
11.3,31.13,0.0,2.7632103708660813,2021-07-31
12.05,33.13,0.0,2.913380562550622,2021-08-01
15.75,34.82,0.0,2.910541476190182,2021-08-02
18.56,28.42,0.0,1.651772607363719,2021-08-03
13.87,26.71,0.0,1.9939860275184005,2021-08-04
10.99,30.36,0.0,2.6262386052853315,2021-08-05
15.51,33.1,0.0,2.668109503371581,2021-08-06
15.5,27.71,4.9,1.5151720659731525,2021-08-07
12.75,21.89,0.0,1.2355820467523635,2021-08-08
11.11,20.04,4.1,0.8719173746761698,2021-08-09
10.06,23.04,3.84,1.3742084109473225,2021-08-10
10.18,25.62,0.0,2.0028424037972123,2021-08-11
8.6,23.11,0.0,1.8037372048253124,2021-08-12
8.37,29.79,0.0,2.4808087573715536,2021-08-13
14.67,36.91,0.0,2.8755154642914387,2021-08-14
15.82,31.83,0.0,2.274481868747626,2021-08-15
14.74,25.61,0.0,1.4899589842571128,2021-08-16
10.25,18.99,1.73,0.9864237622546984,2021-08-17
9.86,18.69,0.0,0.9665201229272604,2021-08-18
8.19,20.25,0.0,1.394463494440457,2021-08-19
9.68,19.16,0.0,1.0705803090194703,2021-08-20
5.98,21.67,2.59,1.4103936062761302,2021-08-21
9.47,15.41,4.98,0.5416409032492132,2021-08-22
6.98,16.75,21.77,0.9742383429799676,2021-08-23
7.79,15.26,0.0,0.7466040914128,2021-08-24
3.8,19.96,0.0,1.679172936617865,2021-08-25
6.85,21.87,8.5,1.4074815789745758,2021-08-26
11.94,18.58,0.0,0.7209738452899623,2021-08-27
10.29,23.98,0.0,1.6755446777933014,2021-08-28
7.73,25.85,0.0,1.9954317703906896,2021-08-29
9.5,29.24,0.0,2.2097296790316636,2021-08-30
11.68,26.65,9.37,1.5034535357319538,2021-08-31
8.96,21.38,2.93,1.092832856072003,2021-09-01
9.01,18.02,0.0,0.9009873300601812,2021-09-02
9.27,20.98,0.0,1.2579677812721632,2021-09-03
5.69,22.34,0.0,1.6267233578399654,2021-09-04
7.07,28.97,0.0,2.111040700722859,2021-09-05
9.06,22.57,3.68,1.160272194415934,2021-09-06
7.43,23.31,0.0,1.5818301752479242,2021-09-07
5.19,25.21,0.0,1.834201677698453,2021-09-08
10.41,27.7,0.0,1.931156243963941,2021-09-09
8.41,21.33,0.76,1.3736354883504045,2021-09-10
4.36,15.0,0.0,0.937480907419011,2021-09-11
2.06,19.61,0.0,1.5007685561641355,2021-09-12
6.97,21.1,0.0,1.4182540828608197,2021-09-13
3.74,23.1,0.0,1.7143855008916742,2021-09-14
7.11,18.63,0.0,1.1119599231194095,2021-09-15
3.41,14.16,0.63,0.8770135813599921,2021-09-16
-1.2,17.92,0.0,1.383029918919608,2021-09-17
10.53,32.66,0.0,2.163811202269326,2021-09-18
6.87,19.26,0.0,1.1130899410745605,2021-09-19
1.6,17.76,0.0,1.2473871748916832,2021-09-20
1.72,22.14,0.0,1.5624672041131864,2021-09-21
6.38,26.02,0.0,1.7076378728951216,2021-09-22
3.25,16.19,0.0,0.9662166135362414,2021-09-23
-0.48,18.63,0.0,1.3090236990546014,2021-09-24
6.65,25.38,0.0,1.5959462004305525,2021-09-25
3.09,24.19,0.0,1.59123538713739,2021-09-26
8.22,29.16,0.0,1.7892299127665068,2021-09-27
6.28,29.45,0.0,1.8472720022564255,2021-09-28
7.04,21.02,0.0,1.1000942000222498,2021-09-29
2.16,24.25,0.0,1.5504654748642588,2021-09-30
5.45,23.34,0.0,1.359715291783275,2021-10-01
0.21,20.7,0.0,1.3257130736249532,2021-10-02
4.03,23.12,0.0,1.3780159847506432,2021-10-03
1.31,18.13,0.0,1.0791812930608753,2021-10-04
4.5,21.29,0.0,1.2019702815357964,2021-10-05
3.92,26.84,0.0,1.6199631383757065,2021-10-06
2.91,14.38,0.0,0.749600824205831,2021-10-07
0.87,16.91,0.0,0.9791530289901892,2021-10-08
-2.07,19.49,0.0,1.223304591257173,2021-10-09
-1.31,17.24,0.0,1.0436871385327309,2021-10-10
-1.25,7.95,0.0,0.509322577230281,2021-10-11
-6.3,8.96,0.0,0.7082548352372923,2021-10-12
-3.9,5.96,4.96,0.4602089976919921,2021-10-13
-0.92,5.36,1.43,0.3445939683241754,2021-10-14
-3.62,13.61,0.0,0.8768576703562133,2021-10-15
-1.64,17.32,0.0,1.0249888959395703,2021-10-16
1.83,23.05,0.0,1.258347290418069,2021-10-17
0.53,13.15,0.0,0.7259075903309794,2021-10-18
-6.09,7.05,0.0,0.5903078700676591,2021-10-19
-7.46,7.75,0.0,0.6480868382278229,2021-10-20
-4.68,8.2,0.0,0.6073566176583378,2021-10-21
-5.82,9.09,0.0,0.6737855363880882,2021-10-22
-1.92,7.22,1.16,0.4689807309334697,2021-10-23
2.28,5.61,0.0,0.1973666757700764,2021-10-24
3.86,8.73,2.67,0.2862371694326923,2021-10-25
1.54,9.54,0.0,0.46215743836893,2021-10-26
-1.25,12.06,0.0,0.7031790477988601,2021-10-27
-2.75,11.07,0.0,0.6910849651081596,2021-10-28
-0.62,8.81,0.0,0.5042422628755896,2021-10-29
-5.04,4.95,0.0,0.4511673862362372,2021-10-30
-7.92,3.88,0.0,0.4732328691666086,2021-10-31
-8.46,2.28,0.0,0.4178312856891861,2021-11-01
-10.23,6.59,0.0,0.6162786548430378,2021-11-02
-9.78,8.76,0.0,0.6929172233824797,2021-11-03
-3.77,13.4,0.0,0.8077504349492044,2021-11-04
0.65,13.26,0.0,0.6903801658472808,2021-11-05
-4.15,8.76,0.0,0.5937412038166534,2021-11-06
-6.84,9.53,0.0,0.6777117773838237,2021-11-07
-7.36,8.47,0.0,0.6387333850029286,2021-11-08
-10.3,7.69,0.5,0.6527492052954114,2021-11-09
-2.59,3.1,4.56,0.2564449849661888,2021-11-10
-7.09,-2.05,0.0,0.194445718856496,2021-11-11
-9.09,-5.16,0.0,0.1364592628096611,2021-11-12
-11.48,2.36,0.0,0.4541030198811367,2021-11-13
-7.68,0.22,0.0,0.2992609703514554,2021-11-14
-2.17,2.79,1.55,0.2351887837481646,2021-11-15
-3.92,5.3,11.45,0.3967813171475161,2021-11-16
-11.12,-4.36,0.0,0.2151712836846211,2021-11-17
-13.68,-2.35,0.0,0.3252622265484011,2021-11-18
-11.8,-2.34,0.0,0.295147759816275,2021-11-19
-11.53,-0.15,0.0,0.3623264870027294,2021-11-20
-18.87,-4.83,0.0,0.3063426302676073,2021-11-21
-8.02,2.98,0.0,0.4098715286434777,2021-11-22
-11.12,2.43,0.0,0.4394408112125298,2021-11-23
-16.32,-9.36,0.0,0.1625375995688517,2021-11-24
-12.4,-0.66,0.0,0.3517743471511484,2021-11-25
-6.13,5.57,0.0,0.4670027582726352,2021-11-26
-8.92,2.29,0.0,0.3945814535289099,2021-11-27
-7.16,1.83,0.0,0.3383609490003444,2021-11-28
-6.1,4.92,0.0,0.4367998015734128,2021-11-29
-7.87,3.71,0.0,0.4249911299077674,2021-11-30
-3.31,6.34,0.0,0.4252618930756776,2021-12-01
-6.59,1.31,2.9,0.295400354413851,2021-12-02
-11.06,-3.19,0.0,0.2465285503771086,2021-12-03
-14.32,-5.58,0.0,0.2322767529744078,2021-12-04
-23.46,-10.97,0.0,0.1993677465685503,2021-12-05
-25.77,-14.57,0.0,0.1506453000366288,2021-12-06
-22.37,-11.46,0.0,0.1831614204325676,2021-12-07
-16.58,1.03,1.63,0.4389148661221196,2021-12-08
-13.2,-1.95,0.0,0.3213997892634789,2021-12-09
-15.98,-4.33,0.0,0.2870714239469691,2021-12-10
-11.59,3.38,0.0,0.469492589226765,2021-12-11
-9.8,0.5,0.0,0.3430636601592058,2021-12-12
-13.68,-4.42,0.0,0.2520564093285586,2021-12-13
-10.11,-2.41,0.0,0.2488071685867137,2021-12-14
-22.19,-11.09,0.0,0.1862901197016258,2021-12-15
-26.21,-18.47,0.52,0.1,2021-12-16
-26.65,-18.35,0.0,0.1,2021-12-17
-28.8,-13.23,0.0,0.1776639283686049,2021-12-18
-20.27,-12.03,0.0,0.1506449788077984,2021-12-19
-22.4,-11.95,0.0,0.1715146059699442,2021-12-20
-19.19,-8.97,0.0,0.2043024689752102,2021-12-21
-14.43,-7.92,1.81,0.1654128900270115,2021-12-22
-16.6,-4.27,1.91,0.2925345566802815,2021-12-23
-26.56,-14.53,0.0,0.1529939146793116,2021-12-24
-30.47,-23.09,1.97,0.1,2021-12-25
-28.41,-24.29,5.57,0.1,2021-12-26
-34.47,-25.51,0.0,0.1,2021-12-27
-36.25,-27.09,0.0,0.1,2021-12-28
-35.95,-26.82,0.0,0.1,2021-12-29
-38.68,-28.41,0.0,0.1,2021-12-30
-36.24,-28.35,0.0,0.1,2021-12-31
-35.27,-24.18,0.0,0.1,2022-01-01
-26.89,-2.35,0.0,0.3608087445184885,2022-01-02
-18.08,-6.6,6.11,0.2410588328116918,2022-01-03
-23.56,-13.56,2.37,0.1467480260835827,2022-01-04
-32.45,-19.81,0.0,0.106433791755145,2022-01-05
-35.84,-26.64,0.0,0.1,2022-01-06
-24.91,-7.21,1.75,0.2729472728557246,2022-01-07
-24.91,-15.87,0.0,0.1240880232347489,2022-01-08
-29.89,-18.82,0.0,0.110638605063754,2022-01-09
-22.1,-0.56,0.0,0.4132732475650582,2022-01-10
-14.57,2.34,0.0,0.4703790482201478,2022-01-11
-2.95,4.58,0.0,0.3381837869576763,2022-01-12
-6.55,4.02,3.57,0.4004120713482398,2022-01-13
-7.17,0.58,0.0,0.2919311144744087,2022-01-14
-4.59,4.74,0.0,0.3977125332483033,2022-01-15
-5.33,4.39,0.0,0.4040065556030803,2022-01-16
-6.42,3.48,1.09,0.3942647665593719,2022-01-17
-19.72,1.34,0.0,0.4690498360476173,2022-01-18
-27.66,-15.92,0.0,0.1430318634152693,2022-01-19
-23.61,-2.1,1.64,0.387035408458345,2022-01-20
-10.26,2.56,2.09,0.4245126177294291,2022-01-21
-7.95,4.51,1.14,0.4783303893769538,2022-01-22
-9.29,4.79,0.0,0.5139327848376986,2022-01-23
-12.25,0.37,0.0,0.3990524674418139,2022-01-24
-21.89,-4.34,0.0,0.3420336520862915,2022-01-25
-10.54,2.17,0.0,0.4406595973219121,2022-01-26
-8.06,1.74,0.0,0.3769283333569618,2022-01-27
-12.96,-0.2,0.0,0.3965572398902912,2022-01-28
-10.39,1.13,0.0,0.4047828153961091,2022-01-29
-5.57,4.31,0.0,0.4293477987203322,2022-01-30
-12.83,2.19,3.57,0.4592500998338605,2022-01-31
-26.71,-19.37,0.0,0.1,2022-02-01
-34.25,-25.13,0.0,0.1,2022-02-02
-32.65,-21.98,0.0,0.1,2022-02-03
-33.7,-13.35,2.96,0.1856063510821,2022-02-04
-18.94,-12.11,0.51,0.1495672242553501,2022-02-05
-20.09,0.07,0.0,0.4697556324632001,2022-02-06
-7.03,4.21,0.0,0.4818889203761017,2022-02-07
-4.41,3.45,0.0,0.37447626518233,2022-02-08
-8.39,2.66,1.65,0.4532596747518079,2022-02-09
-10.56,5.28,0.56,0.5997592420688515,2022-02-10
-19.52,-14.33,0.0,0.1113204240215862,2022-02-11
-17.84,-8.94,0.0,0.2236471168280316,2022-02-12
-16.72,1.32,0.0,0.5167819739594298,2022-02-13
-20.05,-10.73,1.12,0.2075222607885747,2022-02-14
-16.26,-7.43,0.79,0.2469268679585588,2022-02-15
-26.53,-16.56,0.0,0.1478872121015852,2022-02-16
-29.07,-9.27,0.86,0.2790712470490108,2022-02-17
-22.13,-9.97,0.74,0.2516239086476634,2022-02-18
-19.07,3.03,0.76,0.5901691407788813,2022-02-19
-23.39,-17.13,0.0,0.1121090355583095,2022-02-20
-28.97,-20.28,0.0,0.1102076570779313,2022-02-21
-32.21,-20.91,0.0,0.1180939910531998,2022-02-22
-30.71,-18.52,0.0,0.1454331726251254,2022-02-23
-27.75,-16.83,0.0,0.1603801454804025,2022-02-24
-27.12,-8.53,0.0,0.3098167447007821,2022-02-25
-13.47,-3.09,0.0,0.371021792711443,2022-02-26
-12.22,-8.09,0.0,0.1511984187051781,2022-02-27
-12.95,-7.87,0.0,0.1832078678015936,2022-02-28
-10.96,-6.99,0.0,0.1592814078121415,2022-03-01
-19.88,-9.81,0.0,0.2601738132851616,2022-03-02
-21.46,-10.35,3.85,0.2408946557750209,2022-03-03
-12.52,-8.42,4.77,0.1417253675596806,2022-03-04
-16.56,-9.38,0.0,0.2270434650782682,2022-03-05
-17.91,-4.24,0.0,0.4189134068712916,2022-03-06
-15.1,1.75,1.45,0.6067211708738434,2022-03-07
-18.03,-8.42,0.0,0.2925198763144204,2022-03-08
-24.2,-15.3,0.0,0.1836864987138643,2022-03-09
-23.98,-13.44,0.0,0.2252622353481169,2022-03-10
-30.75,-11.52,0.0,0.2766624980286591,2022-03-11
-16.75,3.16,0.0,0.7028116506966932,2022-03-12
-13.65,-3.92,0.0,0.3884841319420883,2022-03-13
-11.71,-2.5,0.0,0.4087154642525269,2022-03-14
-8.65,2.46,0.0,0.6007793743801255,2022-03-15
-6.18,3.58,0.0,0.5926619723974776,2022-03-16
-7.76,4.59,0.0,0.7393507799452207,2022-03-17
-3.7,5.17,0.0,0.6135023154909038,2022-03-18
-5.9,5.08,0.0,0.7392946784597098,2022-03-19
-3.2,3.22,1.83,0.4436966165915371,2022-03-20
-0.87,4.62,0.2,0.4252154265577593,2022-03-21
-3.36,6.32,0.0,0.7846827238177245,2022-03-22
-2.53,9.85,0.0,1.0810182835064703,2022-03-23
-1.32,5.57,2.9,0.4722950712854871,2022-03-24
-8.71,-0.92,0.0,0.4640187479154952,2022-03-25
-11.0,-4.67,0.0,0.3260473573530335,2022-03-26
-9.15,5.03,0.0,0.9619928808432784,2022-03-27
-2.82,4.87,2.05,0.6002669768264414,2022-03-28
-6.1,1.23,0.0,0.6056654669815791,2022-03-29
-8.08,7.44,0.0,1.183008990571648,2022-03-30
-2.19,5.61,3.94,0.6334673473201906,2022-03-31
-4.33,3.57,0.0,0.7258230349798014,2022-04-01
-7.22,4.47,0.0,0.9620286383608708,2022-04-02
-3.25,10.45,0.0,1.3721161216379942,2022-04-03
-0.29,14.18,0.0,1.707000245219502,2022-04-04
0.02,7.51,2.0,0.9795063145628286,2022-04-05
-2.26,6.45,0.76,1.0282651011210389,2022-04-06
-3.15,10.45,0.0,1.4703722174954978,2022-04-07
-1.73,17.1,0.0,1.9748264940000533,2022-04-08
0.12,12.13,0.0,1.5815962360696267,2022-04-09
-4.0,4.39,0.64,0.929776084918145,2022-04-10
-8.95,-3.83,0.0,0.3426366242200184,2022-04-11
-9.88,-5.19,0.0,0.2838798919471197,2022-04-12
-9.65,-4.06,0.0,0.3969475017219276,2022-04-13
-8.13,-2.73,0.0,0.4591809118417211,2022-04-14
-9.16,-1.15,0.0,0.7264509297732518,2022-04-15
-8.77,2.38,0.0,1.0471484449689168,2022-04-16
-8.26,4.0,0.0,1.1740132307817588,2022-04-17
-8.25,8.96,0.0,1.5186794829390344,2022-04-18
-2.04,4.31,2.42,0.6875453764361199,2022-04-19
-4.76,2.15,0.53,0.8287537136913686,2022-04-20
-8.91,6.06,0.0,1.340234841063426,2022-04-21
-1.57,3.87,1.44,0.8050705977172503,2022-04-22
0.35,10.35,0.0,1.639915331460512,2022-04-23
-2.54,10.5,0.0,1.7013005469552072,2022-04-24
-3.33,9.67,0.0,1.645877429097884,2022-04-25
-2.51,13.12,0.0,1.86783555692889,2022-04-26
0.61,14.76,0.0,1.994153016323709,2022-04-27
0.57,17.94,0.0,2.193824245485046,2022-04-28
0.28,16.81,0.0,2.126125094033877,2022-04-29
0.91,17.62,0.0,2.1822007770478886,2022-04-30
0.35,13.7,0.0,1.91797162147544,2022-05-01
-0.36,18.46,0.0,2.220438240719585,2022-05-02
3.49,19.75,0.0,2.340501283202785,2022-05-03
-0.03,23.48,0.0,2.514064303538347,2022-05-04
8.8,27.45,2.36,2.601968808411282,2022-05-05
9.51,22.88,2.6,2.2948629699982512,2022-05-06
4.74,15.35,0.0,1.969816141071691,2022-05-07
2.0,14.8,0.0,1.9845733424384533,2022-05-08
0.01,16.72,0.0,2.0481025785943987,2022-05-09
3.5,13.54,1.74,1.7449827070586514,2022-05-10
-0.46,19.03,0.0,2.1836522391614204,2022-05-11
3.27,21.6,0.0,2.3751861157153833,2022-05-12
4.43,12.16,14.9,1.0827585661801244,2022-05-13
3.29,16.46,0.0,1.896409540904992,2022-05-14
2.18,20.21,0.0,2.280398105684046,2022-05-15
3.63,18.19,1.98,2.086164964721913,2022-05-16
7.23,17.58,4.06,1.409929237923157,2022-05-17
7.58,15.19,1.81,1.2597673182190476,2022-05-18
1.46,10.81,5.47,0.9575415128099344,2022-05-19
1.39,7.61,0.0,0.6806125318383651,2022-05-20
-1.15,14.98,0.0,1.82201202998744,2022-05-21
1.35,17.31,0.0,1.9883631444961496,2022-05-22
2.31,22.82,0.0,2.4599483726308113,2022-05-23
4.68,24.5,0.0,2.5932063308802253,2022-05-24
5.8,24.39,0.0,2.573498779596831,2022-05-25
5.68,23.93,0.0,2.5352405339598416,2022-05-26
6.94,22.64,0.0,2.3683897699439713,2022-05-27
8.99,23.68,0.0,2.404871566947941,2022-05-28
8.92,19.21,1.06,1.7600397713385734,2022-05-29
7.64,16.83,0.0,1.5000421254975431,2022-05-30
3.74,18.86,0.0,2.0977053553589413,2022-05-31
2.18,19.19,0.0,2.180281759289757,2022-06-01
5.15,21.18,0.0,2.3570347519341213,2022-06-02
2.11,23.05,0.0,2.51949753578246,2022-06-03
3.37,24.49,0.0,2.62417600499151,2022-06-04
6.65,20.09,0.0,2.2333521083477303,2022-06-05
5.94,21.23,0.0,2.391767038411346,2022-06-06
7.67,22.0,0.0,2.4263153946869016,2022-06-07
7.26,24.97,0.0,2.6682055929208377,2022-06-08
11.06,23.11,2.98,1.9215035269588328,2022-06-09
9.75,24.31,4.53,2.1468540775920357,2022-06-10
8.28,23.64,0.0,2.5334094215722103,2022-06-11
8.02,23.63,7.05,2.096820982718343,2022-06-12
10.73,21.68,8.23,1.557003013614026,2022-06-13
8.26,18.13,0.0,1.5656728042402257,2022-06-14
6.32,16.33,2.64,1.1680918741503885,2022-06-15
9.82,21.02,0.42,1.866112151092862,2022-06-16
10.42,28.04,0.0,2.7440009969203776,2022-06-17
17.84,31.39,0.0,2.6382696122094047,2022-06-18
15.61,21.5,1.15,0.9573100991823292,2022-06-19
14.57,20.48,15.38,0.683712165147832,2022-06-20
11.64,21.86,0.0,1.657629144320339,2022-06-21
10.99,28.28,4.5,2.1636048157458623,2022-06-22
11.15,25.14,8.33,1.800297810718866,2022-06-23
9.12,17.99,3.33,0.964843798514468,2022-06-24
9.03,21.46,4.29,1.4630801577100023,2022-06-25
8.85,24.64,0.0,2.242921881569787,2022-06-26
9.85,22.12,0.0,1.8552609260777408,2022-06-27
8.02,22.18,0.0,2.0054042709970963,2022-06-28
11.92,24.31,0.0,1.955517218267412,2022-06-29
9.3,22.54,0.0,1.975634100396681,2022-06-30
6.57,22.64,0.39,2.159334723340441,2022-07-01
9.49,21.06,1.35,1.745446086001449,2022-07-02
10.25,23.06,0.0,1.9755894150090332,2022-07-03
12.1,21.43,0.0,1.5123721014323344,2022-07-04
11.13,17.65,4.58,0.7386023404716661,2022-07-05
12.31,23.41,0.0,1.8474447540939536,2022-07-06
10.79,23.23,7.69,1.5677923442615274,2022-07-07
16.21,30.86,1.88,2.4932316677527595,2022-07-08
16.49,28.83,1.74,2.155847910040744,2022-07-09
13.5,24.89,0.0,1.8786906608354523,2022-07-10
11.35,26.58,0.0,2.2954184272508127,2022-07-11
10.91,29.55,0.0,2.607692049067816,2022-07-12
16.01,32.19,5.7,2.101550467889322,2022-07-13
13.85,27.49,0.0,2.140265868044974,2022-07-14
16.26,32.43,0.0,2.540556835809472,2022-07-15
15.55,34.9,0.0,2.818430818320511,2022-07-16
16.08,29.41,15.71,1.6962738052700304,2022-07-17
14.24,29.05,13.22,1.7336808440493476,2022-07-18
16.08,28.35,5.78,1.409048411738791,2022-07-19
12.29,24.67,0.0,1.651170621370042,2022-07-20
10.81,27.55,0.0,2.114102844404334,2022-07-21
11.41,24.03,0.0,1.6435127169364012,2022-07-22
8.91,21.21,0.0,1.4972926923325929,2022-07-23
7.49,27.41,0.62,2.2333051106354667,2022-07-24
13.99,20.89,0.38,0.8907003032618315,2022-07-25
10.19,23.52,0.0,1.65691169607083,2022-07-26
7.83,24.77,0.0,1.9493772435318704,2022-07-27
7.84,27.56,0.0,2.1970426930769973,2022-07-28
12.54,33.59,0.0,2.5214227385818777,2022-07-29
14.7,23.15,3.63,0.9381450618987096,2022-07-30
13.73,25.49,2.24,1.2576729041179031,2022-07-31
14.07,25.49,19.42,1.229148993829014,2022-08-01
12.61,22.98,1.67,1.2472191973286773,2022-08-02
7.97,24.48,0.0,1.763371074682594,2022-08-03
12.11,31.89,0.0,2.2338612294249085,2022-08-04
8.76,17.87,0.0,0.9934360506371422,2022-08-05
5.08,22.99,0.0,1.7351717810579783,2022-08-06
12.16,29.26,0.0,1.9423092810446188,2022-08-07
10.86,32.16,0.0,2.2697825997077707,2022-08-08
8.92,24.78,0.0,1.655532086844877,2022-08-09
8.91,24.4,0.0,1.6061445210556264,2022-08-10
14.77,25.39,0.0,1.2512875137100172,2022-08-11
11.21,30.75,0.0,2.1372984685031575,2022-08-12
14.77,32.15,5.32,1.6924007195475814,2022-08-13
15.17,29.06,0.0,1.608758622988467,2022-08-14
12.24,28.83,0.0,1.838778192657334,2022-08-15
13.69,33.29,0.0,2.185871616966197,2022-08-16
15.49,28.21,2.02,1.2925955575150097,2022-08-17
12.26,29.16,0.0,1.8595222284292392,2022-08-18
10.42,29.28,0.0,1.9657251231543136,2022-08-19
14.97,32.1,0.0,1.9359671137329684,2022-08-20
12.42,33.8,0.0,2.2353405215748463,2022-08-21
15.78,24.76,0.0,1.0208867701129316,2022-08-22
12.64,26.62,0.0,1.4711711132321827,2022-08-23
10.04,26.85,0.0,1.678140345157367,2022-08-24
10.51,29.22,0.0,1.8653340047945923,2022-08-25
11.91,28.27,6.11,1.4627552502344618,2022-08-26
13.91,30.51,3.9,1.5263825662033466,2022-08-27
12.27,21.28,0.0,0.9437707126572102,2022-08-28
8.73,26.95,0.0,1.6817935335272358,2022-08-29
9.89,31.93,0.0,2.03311068462954,2022-08-30
12.62,34.86,0.0,2.125838464550196,2022-08-31
13.16,31.5,0.0,1.7735890402599297,2022-09-01
5.66,26.19,0.0,1.6850317435557898,2022-09-02
10.97,34.76,0.0,2.1367774524865633,2022-09-03
15.05,33.88,0.0,1.8160455912727371,2022-09-04
11.74,30.85,0.0,1.7433699735910202,2022-09-05
8.15,24.6,0.0,1.4237081166903984,2022-09-06
8.91,33.97,0.0,2.089446005838209,2022-09-07
6.43,19.03,0.0,1.054839240816293,2022-09-08
3.04,16.59,0.0,1.030026202904021,2022-09-09
1.39,22.97,0.0,1.5131532643626686,2022-09-10
7.53,31.78,0.0,1.9509239407323489,2022-09-11
8.05,22.34,0.0,1.2064136654058275,2022-09-12
6.74,15.91,1.05,0.7554251155494782,2022-09-13
6.75,15.17,0.0,0.693042960696162,2022-09-14
4.37,17.98,0.0,1.0440694823046903,2022-09-15
9.47,19.89,0.0,0.909275828001919,2022-09-16
7.18,21.47,0.0,1.1638332168893863,2022-09-17
5.93,22.19,0.0,1.2691873860072724,2022-09-18
7.42,16.39,3.43,0.6776545606912275,2022-09-19
4.93,13.46,0.0,0.6586041847937381,2022-09-20
0.09,16.91,0.0,1.104580491112811,2022-09-21
1.77,20.27,0.0,1.261299386846065,2022-09-22
5.7,19.45,0.0,1.054895222082732,2022-09-23
5.26,21.24,0.0,1.1962922045103657,2022-09-24
1.91,21.28,0.0,1.3134106724563668,2022-09-25
6.55,22.43,0.0,1.2130220334858035,2022-09-26
4.79,24.54,0.0,1.4263052434590084,2022-09-27
7.83,28.82,0.0,1.6189059589988155,2022-09-28
6.93,28.67,0.0,1.6260664609433209,2022-09-29
10.97,22.07,0.0,0.9322460297531836,2022-09-30
7.95,20.81,0.0,1.0017423004906858,2022-10-01
4.55,20.78,0.0,1.144219957627518,2022-10-02
6.0,21.86,0.0,1.1570916880918742,2022-10-03
6.08,25.44,0.0,1.3821802638605123,2022-10-04
1.87,11.55,0.0,0.6321539387282767,2022-10-05
-5.99,10.04,0.0,0.7910178604686181,2022-10-06
-2.37,19.59,0.0,1.2195278455292544,2022-10-07
2.83,22.76,0.0,1.2924340404412415,2022-10-08
2.78,21.53,0.0,1.2060959506238418,2022-10-09
2.67,24.78,0.04,1.403381992011392,2022-10-10
4.39,15.56,0.0,0.7622540241168131,2022-10-11
2.38,10.91,0.0,0.545689712831734,2022-10-12
0.03,13.37,0.0,0.787578272339782,2022-10-13
-3.59,14.27,0.0,0.9231302791392256,2022-10-14
-3.02,8.94,0.0,0.6247240686031601,2022-10-15
-4.43,7.38,0.0,0.5811581176625584,2022-10-16
-2.89,15.95,0.0,1.029715848635891,2022-10-17
0.0,20.86,0.0,1.308327869757847,2022-10-18
1.62,20.76,0.0,1.2466913774276167,2022-10-19
2.86,15.24,0.0,0.7621803340705753,2022-10-20
-0.48,12.14,0.0,0.6961729232205127,2022-10-21
-4.72,11.07,1.01,0.7485004273259892,2022-10-22
-0.49,4.33,5.9,0.2444147106199834,2022-10-23
-2.0,1.46,0.73,0.1748112018187226,2022-10-24
-2.63,3.82,0.0,0.3197103048451908,2022-10-25
-4.74,6.59,0.0,0.5262332649279488,2022-10-26
-0.63,10.62,0.0,0.6073008690531004,2022-10-27
-1.27,9.7,0.0,0.5776472102487133,2022-10-28
-2.93,12.76,0.0,0.7787108912431341,2022-10-29
-1.59,14.6,0.0,0.8362537880137998,2022-10-30
-1.09,8.93,0.0,0.5236059935183767,2022-10-31
-0.64,7.33,0.69,0.4203176489405261,2022-11-01
-2.68,1.64,0.89,0.207700231083539,2022-11-02
-7.79,-1.94,0.0,0.2263181325874837,2022-11-03
-10.01,1.94,1.54,0.4395094247416264,2022-11-04
-5.97,1.82,5.61,0.3190705764681503,2022-11-05
-13.07,-5.16,0.0,0.2420990473782223,2022-11-06
-17.11,-7.5,3.26,0.2264564636769122,2022-11-07
-18.56,-5.98,0.0,0.29423520898556,2022-11-08
-24.32,-14.73,0.0,0.1511826305308004,2022-11-09
-25.58,-14.52,0.0,0.1624827491879297,2022-11-10
-21.78,-11.39,0.0,0.1932404554187378,2022-11-11
-21.81,-11.03,0.65,0.2005244045837196,2022-11-12
-13.65,-7.06,0.0,0.1901568706713077,2022-11-13
-11.94,-6.22,0.78,0.1793518614555192,2022-11-14
-12.88,-3.98,0.0,0.2718567278863294,2022-11-15
-10.61,-2.76,0.09,0.2671335639878574,2022-11-16
-15.98,-9.55,0.0,0.162133504781967,2022-11-17
-15.18,-6.18,0.0,0.2429481369445119,2022-11-18
-13.34,-4.9,0.0,0.2501107690874874,2022-11-19
-12.53,0.48,0.0,0.4077237976300714,2022-11-20
-12.18,1.0,0.89,0.4192770857420169,2022-11-21
-7.05,1.37,0.0,0.3358461224367152,2022-11-22
-6.35,1.78,0.0,0.3318401158579145,2022-11-23
-7.8,2.53,0.0,0.3956009252622363,2022-11-24
-1.67,5.8,0.0,0.3663473360114234,2022-11-25
-5.69,2.49,0.0,0.3402125825114547,2022-11-26
-5.61,1.57,2.1,0.285869582801259,2022-11-27
-9.87,-4.86,4.35,0.1613597766819191,2022-11-28
-16.64,-9.5,0.73,0.1693645166206853,2022-11-29
-21.56,-14.71,1.28,0.119115632976931,2022-11-30
-24.84,-15.79,0.63,0.1294021986809875,2022-12-01
-30.46,-22.48,0.0,0.1,2022-12-02
-25.56,-11.19,0.0,0.206122520668168,2022-12-03
-16.2,-3.8,0.0,0.3080934037050011,2022-12-04
-26.11,-14.84,0.74,0.1496746653235643,2022-12-05
-34.28,-22.05,0.0,0.1,2022-12-06
-34.24,-10.55,0.0,0.2094375555017841,2022-12-07
-16.84,-6.84,0.0,0.2332543226418311,2022-12-08
-13.13,-3.54,0.0,0.2729081847782821,2022-12-09
-18.56,-7.61,0.0,0.2322541165088595,2022-12-10
-10.98,-4.71,1.55,0.1948249637279754,2022-12-11
-12.21,-6.75,2.0,0.1519426835568502,2022-12-12
-15.69,-11.4,0.0,0.1004206881609474,2022-12-13
-17.13,-8.58,0.0,0.1926222331167785,2022-12-14
-17.25,-10.12,0.0,0.1570746710246398,2022-12-15
-21.46,-14.38,0.0,0.1202351085472909,2022-12-16
-21.53,-15.07,0.0,0.1080756288937015,2022-12-17
-26.28,-20.69,0.0,0.1,2022-12-18
-29.3,-24.03,1.88,0.1,2022-12-19
-35.0,-26.76,0.0,0.1,2022-12-20
-33.53,-26.22,1.05,0.1,2022-12-21
-31.47,-24.25,0.0,0.1,2022-12-22
-35.29,-21.94,0.0,0.1,2022-12-23
-25.25,-14.05,8.95,0.1507649448980082,2022-12-24
-16.89,-11.76,2.11,0.109452480281347,2022-12-25
-15.27,-4.72,0.0,0.2692663140999044,2022-12-26
-13.18,-6.75,8.53,0.1722843969226111,2022-12-27
-17.15,-11.52,1.38,0.1241073978558161,2022-12-28
-16.35,-10.92,0.0,0.1251968623237563,2022-12-29
-17.98,-10.12,0.0,0.1689589576817093,2022-12-30
-20.68,-12.83,0.0,0.1432485360411104,2022-12-31
-21.25,-8.02,0.0,0.2415856816063404,2023-01-01
-16.72,-6.92,0.0,0.2281097762016896,2023-01-02
-15.96,-6.12,0.0,0.2396829547557093,2023-01-03
-19.59,-9.56,0.0,0.1979958229836467,2023-01-04
-20.42,-11.05,0.0,0.1751372691417279,2023-01-05
-17.68,-8.76,0.0,0.1967126493697751,2023-01-06
-15.63,-5.6,0.0,0.2509931012366289,2023-01-07
-15.89,-5.8,0.0,0.2493096258141807,2023-01-08
-15.78,-6.46,0.0,0.2312370247270895,2023-01-09
-17.38,-10.03,0.0,0.1641493696511687,2023-01-10
-14.33,-9.18,0.0,0.1349109273130503,2023-01-11
-15.48,-9.07,0.0,0.1594260512217796,2023-01-12
-15.3,-7.13,0.0,0.2087833765927059,2023-01-13
-13.12,-7.21,0.0,0.1681962869138988,2023-01-14
-9.36,-7.31,0.0,0.1,2023-01-15
-9.86,-7.09,0.0,0.1,2023-01-16
-11.6,-8.61,0.0,0.1,2023-01-17
-9.13,-4.74,0.51,0.1574947991677424,2023-01-18
-9.47,-4.07,0.0,0.1929673440629971,2023-01-19
-14.73,-5.14,0.0,0.2663436458555326,2023-01-20
-13.74,-2.64,0.0,0.3280729732285242,2023-01-21
-8.4,1.39,0.75,0.4126920992805125,2023-01-22
-12.71,-1.67,0.4,0.3629252348887061,2023-01-23
-12.95,-4.43,0.0,0.2639834516938764,2023-01-24
-8.53,-1.57,2.83,0.25476807986897,2023-01-25
-7.74,3.73,1.25,0.5651550260288825,2023-01-26
-20.95,-5.75,0.0,0.3161203664447483,2023-01-27
-25.26,-18.33,0.0,0.1018171434638784,2023-01-28
-27.35,-19.72,0.0,0.1,2023-01-29
-27.55,-18.86,0.0,0.1118970062187035,2023-01-30
-25.72,-15.53,0.48,0.1523156323831775,2023-01-31
-25.72,-13.95,0.41,0.1786826704046737,2023-02-01
-32.01,-18.9,0.0,0.1292621614604428,2023-02-02
-20.45,-5.24,0.0,0.359234753999288,2023-02-03
-9.27,-2.08,0.72,0.3203557180798732,2023-02-04
-10.24,0.57,0.0,0.5282496190811614,2023-02-05
-5.62,1.36,0.0,0.4265703911914487,2023-02-06
-6.6,2.51,0.0,0.580445425335385,2023-02-07
-10.48,-0.68,0.0,0.4899157053396177,2023-02-08
-15.08,-3.86,0.0,0.4128066623534098,2023-02-09
-10.69,4.05,0.0,0.75559219804189,2023-02-10
-6.74,0.97,0.0,0.4929120240780447,2023-02-11
-7.96,0.71,0.0,0.5349255924206338,2023-02-12
-5.25,2.87,0.0,0.6064287914004297,2023-02-13
-18.11,-4.76,0.0,0.4249113127431089,2023-02-14
-19.42,-11.95,0.0,0.1776970988233203,2023-02-15
-22.65,-3.63,0.0,0.4609578557331998,2023-02-16
-10.09,-1.26,0.0,0.4855611109708319,2023-02-17
-13.74,-5.25,0.55,0.348577266016557,2023-02-18
-14.94,-9.75,2.24,0.1474366454115656,2023-02-19
-23.25,-12.9,0.0,0.209888672383189,2023-02-20
-29.12,-20.25,0.0,0.1144203379163852,2023-02-21
-33.23,-26.23,0.0,0.1,2023-02-22
-31.95,-21.52,0.0,0.1125862200081179,2023-02-23
-31.8,-20.02,0.0,0.1311573259630092,2023-02-24
-29.79,-13.46,0.0,0.2354158775968568,2023-02-25
-19.73,-7.19,0.0,0.4044932608074545,2023-02-26
-16.54,-7.83,0.0,0.3365027794760343,2023-02-27
-22.8,-11.77,0.0,0.2699509712386177,2023-02-28
-22.85,-7.85,0.0,0.3990910184463674,2023-03-01
-13.57,-0.84,0.0,0.6863632955651264,2023-03-02
-11.29,-1.35,0.0,0.6345578175148657,2023-03-03
-16.07,-6.68,0.0,0.4162542078085516,2023-03-04
-22.7,-12.2,0.0,0.2753636959030427,2023-03-05
-26.59,-14.65,0.0,0.2309312223050365,2023-03-06
-20.13,-13.01,0.0,0.2027064179616771,2023-03-07
-20.65,-14.24,0.0,0.1626466465718906,2023-03-08
-21.22,-11.56,0.0,0.2989334833036143,2023-03-09
-16.06,-7.19,0.68,0.4288712960641651,2023-03-10
-14.06,-6.59,0.0,0.4166275149535427,2023-03-11
-20.8,-8.36,0.0,0.4415196097262572,2023-03-12
-18.52,-4.7,0.0,0.5936967121727603,2023-03-13
-12.25,-0.97,1.64,0.7810282299278863,2023-03-14
-17.11,-4.83,0.0,0.5986993886854985,2023-03-15
-17.95,-7.87,0.0,0.4607469434850489,2023-03-16
-22.51,-8.91,0.0,0.442030715955333,2023-03-17
-19.91,-1.97,0.0,0.7157238180299214,2023-03-18
-15.53,-3.89,0.0,0.665147067173152,2023-03-19
-12.21,-5.82,0.0,0.4447175390476125,2023-03-20
-15.4,-6.94,0.0,0.4885390297374474,2023-03-21
-17.02,-6.91,0.0,0.5296798291577839,2023-03-22
-15.51,1.12,0.0,0.9169195993360808,2023-03-23
-15.05,-4.01,0.0,0.6807873721052831,2023-03-24
-20.22,-4.15,0.0,0.6659713469944909,2023-03-25
-16.0,-7.11,0.0,0.5112223989776391,2023-03-26
-21.37,-10.14,0.0,0.4323532125668185,2023-03-27
-22.68,-7.6,0.0,0.5339899226338021,2023-03-28
-18.54,-1.94,0.0,0.7890895165169616,2023-03-29
-11.28,-1.43,0.0,0.8408742195858716,2023-03-30
-14.39,-0.58,0.0,0.8963845716835845,2023-03-31
-11.09,1.18,0.0,1.0015778096204055,2023-04-01
-9.2,-3.71,1.54,0.5418815440215912,2023-04-02
-14.38,-8.29,0.0,0.4070598042667188,2023-04-03
-19.6,-6.7,0.0,0.6184112118516158,2023-04-04
-22.02,-4.97,0.0,0.6692839044553728,2023-04-05
-20.2,-3.86,0.0,0.7297727236769839,2023-04-06
-14.28,1.1,0.0,0.986348564574127,2023-04-07
-6.19,5.21,0.0,1.2423627728576383,2023-04-08
-1.61,6.8,0.0,1.3068985073374997,2023-04-09
2.1,8.28,0.0,1.3333486944521145,2023-04-10
0.58,8.35,0.0,1.388179195604216,2023-04-11
-0.69,8.68,0.0,1.4463749890137132,2023-04-12
-3.06,8.76,0.0,1.4788846600487855,2023-04-13
-0.73,10.11,0.0,1.513580118692527,2023-04-14
-2.75,12.87,0.0,1.6826322345308384,2023-04-15
-1.19,14.96,0.0,1.818924342418224,2023-04-16
2.6,15.97,0.0,1.8999315331893925,2023-04-17
-0.56,6.29,6.52,1.03402468110505,2023-04-18
-3.96,0.11,6.06,0.4207926844523026,2023-04-19
-4.19,-1.05,1.08,0.3047877268775825,2023-04-20
-4.74,2.86,0.0,0.9818461429116276,2023-04-21
-3.86,7.57,0.0,1.4120570928577485,2023-04-22
-5.15,9.87,0.0,1.5440930976496428,2023-04-23
-1.81,10.75,0.0,1.6185593772621352,2023-04-24
2.18,15.69,0.96,1.9390030238556597,2023-04-25
1.16,14.49,0.0,1.8644733716677755,2023-04-26
0.92,11.16,0.0,1.6373896493487037,2023-04-27
-0.9,18.51,0.0,2.0990320483541556,2023-04-28
-1.29,15.63,0.0,1.936059357725518,2023-04-29
-2.27,15.61,0.0,1.9258400678729584,2023-04-30
-0.24,19.81,0.0,2.1919067305138022,2023-05-01
3.69,26.31,0.0,2.612367812645368,2023-05-02
5.99,26.22,0.0,2.6367777038494356,2023-05-03
5.68,26.62,0.0,2.660175046429515,2023-05-04
4.29,19.1,0.0,2.1773365729835783,2023-05-05
4.34,17.63,0.0,2.0755427651076856,2023-05-06
6.78,18.91,0.0,2.1446354676861703,2023-05-07
7.1,19.57,0.0,2.1958653567942688,2023-05-08
3.81,20.52,0.0,2.294869229398443,2023-05-09
6.07,22.02,0.0,2.391065249366299,2023-05-10
5.15,22.32,0.0,2.4129689018436653,2023-05-11
8.63,19.64,0.0,2.14921587544837,2023-05-12
4.72,24.6,0.0,2.565957924613395,2023-05-13
6.59,26.83,0.0,2.7165064151970992,2023-05-14
10.21,28.12,0.0,2.799061693828343,2023-05-15
9.93,30.54,0.0,2.966549104563001,2023-05-16
5.78,15.6,0.0,1.8692283533499705,2023-05-17
3.36,16.63,0.0,2.0097320434935817,2023-05-18
1.13,26.0,0.0,2.616699819620476,2023-05-19
10.04,25.08,0.0,2.5554647975095603,2023-05-20
6.67,23.53,0.0,2.480378860435879,2023-05-21
11.29,30.25,2.49,2.6849178636950106,2023-05-22
10.99,22.52,0.14,2.298161925845476,2023-05-23
8.92,20.79,13.61,2.0506789488764214,2023-05-24
12.14,16.58,0.38,1.0065570358271556,2023-05-25
10.37,19.5,0.0,2.050141633207863,2023-05-26
8.2,18.54,2.52,1.7535914811332085,2023-05-27
12.68,21.95,0.0,2.201606338014805,2023-05-28
10.1,26.85,0.0,2.73745918787321,2023-05-29
10.74,28.5,0.0,2.858788887891087,2023-05-30
11.74,31.1,0.0,3.0426788459839056,2023-05-31
14.48,27.93,1.67,2.7351123216641327,2023-06-01
13.18,23.23,0.0,2.3424892948843192,2023-06-02
16.36,26.45,17.52,2.2132116893171507,2023-06-03
15.55,30.72,0.0,2.9793358113315356,2023-06-04
17.43,33.0,0.0,3.114257041962651,2023-06-05
15.9,27.67,0.0,2.606073163634668,2023-06-06
12.32,28.82,0.0,2.9022314152418756,2023-06-07
13.52,29.72,0.0,2.952224108449681,2023-06-08
10.97,24.9,0.0,2.6072017079046654,2023-06-09
9.64,24.47,0.0,2.608499078751676,2023-06-10
10.86,28.3,0.0,2.8908129601330748,2023-06-11
12.65,30.51,0.0,3.037189470104579,2023-06-12
12.94,30.2,0.0,3.0125046644135174,2023-06-13
13.22,29.59,0.0,2.9616222202798066,2023-06-14
10.38,19.5,0.0,1.8646748119229704,2023-06-15
7.3,24.89,0.0,2.682551143678749,2023-06-16
12.45,22.18,0.0,2.104412686892644,2023-06-17
8.2,24.78,21.72,2.3535924110208235,2023-06-18
10.43,22.72,0.0,2.1577759195341226,2023-06-19
8.99,22.39,0.0,2.2361111438409815,2023-06-20
8.48,19.91,0.0,1.9293286728440635,2023-06-21
6.5,23.75,0.0,2.5136786805398734,2023-06-22
8.31,26.55,0.0,2.736228233555259,2023-06-23
9.52,27.3,0.0,2.7581008178380855,2023-06-24
11.75,29.69,6.62,2.417153826374687,2023-06-25
12.32,26.08,0.0,2.3535137824545385,2023-06-26
11.8,27.38,0.0,2.555326299030288,2023-06-27
11.92,24.26,0.0,2.1075595601635393,2023-06-28
11.35,27.51,0.0,2.6060782652970444,2023-06-29
13.23,29.37,0.0,2.724406610861442,2023-06-30
14.52,31.61,0.0,2.9046341107617724,2023-07-01
12.15,22.46,0.0,1.7765945044888192,2023-07-02
10.22,20.05,3.59,1.234153858630131,2023-07-03
7.56,18.72,0.0,1.6563579466990983,2023-07-04
4.9,23.48,0.0,2.386790686905206,2023-07-05
8.47,25.3,0.0,2.448369129266487,2023-07-06
8.15,23.91,0.0,2.3010802818366067,2023-07-07
8.41,27.52,0.0,2.667519333827894,2023-07-08
11.52,29.31,0.0,2.7292943759351873,2023-07-09
8.37,22.59,0.0,2.100672176895796,2023-07-10
8.54,21.56,0.0,1.950381189881922,2023-07-11
8.57,24.59,0.0,2.33880099370733,2023-07-12
11.26,25.51,0.0,2.282098613567931,2023-07-13
10.95,20.57,0.0,1.531800472127987,2023-07-14
8.71,23.23,0.0,2.1557814401278343,2023-07-15
7.51,22.42,0.0,2.128634246809923,2023-07-16
7.68,26.2,3.39,2.0867433674583515,2023-07-17
13.16,19.72,8.53,0.717776177101547,2023-07-18
13.02,23.97,0.0,1.8471520501110152,2023-07-19
10.85,26.36,0.92,2.4012880034559467,2023-07-20
11.25,28.24,0.0,2.572205970015317,2023-07-21
11.57,28.44,4.07,2.1129550254526026,2023-07-22
13.26,29.43,0.0,2.542908753226685,2023-07-23
15.19,33.03,0.0,2.8289668822326433,2023-07-24
17.84,33.07,1.59,2.6477755275619206,2023-07-25
12.18,25.82,0.0,2.1292212644755857,2023-07-26
9.44,20.1,0.0,1.5404733664040209,2023-07-27
8.46,21.26,0.0,1.804985057800985,2023-07-28
5.85,23.55,0.0,2.207893526585561,2023-07-29
7.36,29.16,0.0,2.6564112419963637,2023-07-30
15.05,32.54,0.0,2.703366828985167,2023-07-31
11.67,31.26,6.77,2.250704015095078,2023-08-01
12.12,30.01,0.0,2.4821228733825325,2023-08-02
12.88,35.94,0.0,2.9727012059385443,2023-08-03
13.44,27.27,0.0,2.0133233813738785,2023-08-04
9.15,26.68,0.0,2.236380415691474,2023-08-05
9.24,27.39,0.0,2.29170834849154,2023-08-06
9.77,27.41,0.0,2.259221009935812,2023-08-07
8.46,23.63,0.0,1.9053380663295467,2023-08-08
10.53,20.2,8.11,0.931135499232715,2023-08-09
12.0,23.25,7.83,1.1426540141341266,2023-08-10
12.01,20.7,0.0,0.9997843267669522,2023-08-11
9.47,24.26,2.97,1.445548544144087,2023-08-12
9.71,25.68,0.0,1.896778004222028,2023-08-13
12.08,33.28,0.0,2.5060000796539783,2023-08-14
14.16,29.41,6.21,1.5891182080912083,2023-08-15
11.4,22.66,0.0,1.2906111488388017,2023-08-16
8.11,30.5,0.0,2.326070151245488,2023-08-17
14.3,24.38,0.0,1.142927429238084,2023-08-18
8.34,20.22,0.0,1.2274668941982572,2023-08-19
3.54,22.41,3.56,1.4641540001777045,2023-08-20
12.53,19.19,13.69,0.6477153438667471,2023-08-21
13.17,16.44,6.36,0.3324098034785219,2023-08-22
13.32,22.11,0.0,0.9740219500744056,2023-08-23
10.38,22.43,0.0,1.2892048069108537,2023-08-24
10.22,21.51,0.0,1.1750060440220942,2023-08-25
9.05,28.76,0.0,2.0353389240438164,2023-08-26
10.84,27.38,0.0,1.7929593018204109,2023-08-27
10.1,30.44,0.0,2.101321354230862,2023-08-28
11.89,31.61,0.0,2.1093220398801313,2023-08-29
14.71,28.71,0.0,1.595068516191053,2023-08-30
13.07,21.3,7.78,0.789423256294593,2023-08-31
12.68,27.11,0.0,1.5515220621771242,2023-09-01
12.7,27.91,0.0,1.7253979608622294,2023-09-02
7.99,28.86,0.0,2.0309253433116963,2023-09-03
8.69,20.2,0.0,1.1207887732510826,2023-09-04
1.81,17.25,0.0,1.2613012470929834,2023-09-05
8.1,23.28,0.66,1.4964584349009626,2023-09-06
7.09,20.15,2.32,1.0560483355260026,2023-09-07
3.11,22.36,0.0,1.588150471843178,2023-09-08
6.7,24.23,0.0,1.5904477104981407,2023-09-09
7.11,24.08,0.0,1.535290149151033,2023-09-10
6.79,21.21,0.0,1.2650433045849283,2023-09-11
7.96,27.14,0.47,1.7308394826292142,2023-09-12
10.89,23.14,0.0,1.1511622429306645,2023-09-13
7.25,18.86,0.0,1.007763241055513,2023-09-14
5.3,21.76,0.0,1.3519950813842043,2023-09-15
6.17,28.59,0.0,1.8433895538306395,2023-09-16
7.38,30.91,0.0,2.051811155245445,2023-09-17
9.51,27.01,0.0,1.6477771467004214,2023-09-18
5.76,18.41,0.0,1.0235181726125666,2023-09-19
4.21,20.21,0.0,1.2685475221815885,2023-09-20
2.71,21.95,0.0,1.4453861625023434,2023-09-21
4.0,23.04,0.0,1.4664918050904476,2023-09-22
8.75,21.78,0.0,1.079187604647416,2023-09-23
10.54,23.38,0.0,1.1128814920282857,2023-09-24
6.87,26.26,0.0,1.6013023735171663,2023-09-25
12.9,28.88,0.39,1.4891558026969918,2023-09-26
10.25,23.96,0.0,1.1648302551449332,2023-09-27
6.14,19.83,0.0,1.0400924498468485,2023-09-28
2.25,18.58,0.0,1.1159453750528805,2023-09-29
1.53,11.59,14.25,0.6140595370113744,2023-09-30
7.02,9.59,6.15,0.1892560447614067,2023-10-01
6.23,12.98,1.84,0.5111599687289817,2023-10-02
4.52,16.14,0.5,0.8359739731738589,2023-10-03
2.37,13.46,2.47,0.6906032785997913,2023-10-04
-0.17,8.39,0.0,0.5267650220173723,2023-10-05
-4.29,11.19,0.0,0.8209497684370701,2023-10-06
3.42,21.49,0.0,1.2055533897233284,2023-10-07
3.11,22.08,0.0,1.2430990609432415,2023-10-08
3.64,21.16,0.0,1.1657614959597,2023-10-09
3.37,19.93,0.0,1.0928090621867907,2023-10-10
3.81,16.45,0.0,0.8522456885946627,2023-10-11
3.22,9.72,0.0,0.4308203158663633,2023-10-12
-0.31,12.17,0.0,0.7359974191367126,2023-10-13
0.52,12.06,0.0,0.6962032562533111,2023-10-14
-0.75,14.79,0.0,0.889797846959229,2023-10-15
0.92,17.75,0.0,1.008282872383342,2023-10-16
7.19,18.5,0.0,0.8193084142853553,2023-10-17
2.09,15.52,0.0,0.8368388460251937,2023-10-18
2.9,21.4,0.0,1.148282967432725,2023-10-19
4.12,15.75,0.0,0.7636831571656277,2023-10-20
-2.84,10.69,0.0,0.7048144906495077,2023-10-21
0.38,10.97,0.0,0.6165439355995894,2023-10-22
-3.97,1.86,1.75,0.2832632593207757,2023-10-23
-11.11,-3.61,1.77,0.2713348858204519,2023-10-24
-15.33,-4.53,0.0,0.3200849865709858,2023-10-25
-11.82,-2.92,0.0,0.3124278491931959,2023-10-26
-7.49,-2.28,0.62,0.2197290745221019,2023-10-27
-12.12,-3.06,0.46,0.311632345295173,2023-10-28
-9.66,-0.49,0.0,0.3560008927151455,2023-10-29
-13.39,-3.62,0.0,0.3134824545441388,2023-10-30
-13.19,1.37,0.0,0.4787296902517885,2023-10-31
-8.44,-0.21,0.0,0.3292003808212587,2023-11-01
-6.81,3.74,0.0,0.4564159542223489,2023-11-02
-3.95,1.53,0.0,0.2614012725810812,2023-11-03
-4.73,2.9,3.2,0.3342809120173616,2023-11-04
0.02,1.9,0.77,0.1035321939713827,2023-11-05
0.23,2.64,0.0,0.1324318038754491,2023-11-06
-0.03,2.52,1.91,0.1393604405300988,2023-11-07
-0.89,3.7,0.77,0.2427485209340208,2023-11-08
-4.79,-0.03,0.0,0.2146513478940159,2023-11-09
-7.27,2.03,0.0,0.379945107036057,2023-11-10
-3.41,7.03,0.0,0.4977213060460989,2023-11-11
-2.75,8.59,0.0,0.551403645837656,2023-11-12
-4.47,7.98,0.0,0.5629835438447126,2023-11-13
-2.79,7.4,0.0,0.4917760649850617,2023-11-14
-5.97,6.22,0.0,0.515825504799812,2023-11-15
-9.81,3.73,0.0,0.4831756929724272,2023-11-16
-4.08,10.97,0.0,0.6783133668707171,2023-11-17
-3.08,12.82,0.0,0.7401472356085639,2023-11-18
-1.83,10.75,0.0,0.6143793352577754,2023-11-19
-4.07,5.64,0.0,0.4361219838914446,2023-11-20
-9.68,4.11,0.0,0.4863729739355134,2023-11-21
-11.5,-2.28,0.0,0.2928642359726542,2023-11-22
-18.32,-7.24,0.0,0.2440367415793792,2023-11-23
-12.66,1.82,0.0,0.439731854880621,2023-11-24
-9.2,0.93,0.0,0.3567407406757653,2023-11-25
-15.3,-5.32,0.0,0.2559808640232942,2023-11-26
-9.04,1.02,0.0,0.354308477773944,2023-11-27
-5.39,6.05,0.0,0.4728246305113707,2023-11-28
-6.12,3.05,0.0,0.3651143804253954,2023-11-29
-9.05,-0.77,0.0,0.2875555133285871,2023-11-30
-14.63,-1.19,0.0,0.3612040751957326,2023-12-01
-13.17,-2.16,0.0,0.3139301165038713,2023-12-02
-14.98,-0.8,0.0,0.3740125527871256,2023-12-03
-11.08,0.59,0.0,0.3686478534986849,2023-12-04
-9.69,5.02,0.0,0.5007434290227768,2023-12-05
-4.53,5.84,0.37,0.4326213074179665,2023-12-06
-0.64,3.6,2.09,0.1957896230214294,2023-12-07
-6.52,0.08,0.0,0.2487172279340425,2023-12-08
-10.03,-1.37,0.0,0.2793620301439787,2023-12-09
-8.84,0.37,0.0,0.3151071737672118,2023-12-10
-12.33,-2.12,0.0,0.2959154036392001,2023-12-11
-14.35,-0.38,0.0,0.3742199325768441,2023-12-12
-7.35,6.83,0.0,0.5270527672347048,2023-12-13
-4.66,6.24,0.0,0.4483729080035095,2023-12-14
-5.25,4.12,0.0,0.374193611484183,2023-12-15
-4.75,4.16,0.0,0.3630010734291476,2023-12-16
-11.18,0.81,0.0,0.371065106605789,2023-12-17
-11.73,0.37,0.0,0.3648631320995829,2023-12-18
-5.88,-1.98,0.0,0.1475117243908305,2023-12-19
-6.72,2.39,0.0,0.3420401542041382,2023-12-20
-8.33,2.18,0.0,0.3698479447485627,2023-12-21
-7.3,6.99,0.0,0.5324137446682969,2023-12-22
-5.35,2.95,0.0,0.3298932358698463,2023-12-23
-12.47,-0.69,0.0,0.3426002593242377,2023-12-24
-11.64,1.96,0.0,0.4159303425785549,2023-12-25
-9.98,5.83,0.0,0.5272828092495034,2023-12-26
-8.93,5.0,0.0,0.4833785033724446,2023-12-27
-8.32,6.92,0.0,0.5456250246872085,2023-12-28
-9.3,1.12,0.0,0.3502509635853841,2023-12-29
-13.88,-0.39,0.0,0.3692936854757792,2023-12-30
-9.87,1.99,0.0,0.3917860477018924,2023-12-31
