MinTemp,MaxTemp,Precipitation,ReferenceET,Date
-31.16,-14.84,0.0,0.1603042905760416,2018-01-01
-20.11,-5.98,0.0,0.2803892482122807,2018-01-02
-15.65,-4.78,0.0,0.2709531555428039,2018-01-03
-14.64,-7.4,0.0,0.1848067390405647,2018-01-04
-13.86,-8.48,0.0,0.1409200125752491,2018-01-05
-13.71,-0.9,0.0,0.3607615308023504,2018-01-06
-9.62,0.72,0.0,0.3523334576911962,2018-01-07
-10.04,-2.86,0.0,0.2358003138181245,2018-01-08
-14.12,-3.06,0.0,0.3032194933121224,2018-01-09
-25.22,-15.33,0.0,0.1369541329119825,2018-01-10
-30.42,-22.19,0.0,0.1,2018-01-11
-31.59,-20.6,0.0,0.1,2018-01-12
-28.0,-10.43,0.0,0.2237178381517249,2018-01-13
-24.28,-10.67,0.0,0.211868230117382,2018-01-14
-30.14,-16.73,0.0,0.1396330541905605,2018-01-15
-20.22,-3.73,0.0,0.3415226063536882,2018-01-16
-9.87,5.03,0.0,0.5669290300514865,2018-01-17
-8.26,7.33,0.0,0.6663542014540141,2018-01-18
-5.24,3.7,0.0,0.3812204819892429,2018-01-19
-8.37,-0.12,0.0,0.3062056655378462,2018-01-20
-11.72,-3.34,0.0,0.2652029804887802,2018-01-21
-10.78,0.15,0.0,0.3747668590675148,2018-01-22
-9.2,-2.78,0.0,0.2290322045116989,2018-01-23
-9.7,-4.97,0.0,0.1627979859213582,2018-01-24
-10.89,-3.93,5.78,0.2203033563135625,2018-01-25
-13.53,-8.63,2.16,0.1326226158072938,2018-01-26
-22.34,-13.19,0.0,0.1616351971685647,2018-01-27
-25.08,-16.43,0.14,0.1270123437484155,2018-01-28
-25.58,-6.75,1.14,0.3006827142638941,2018-01-29
-12.53,2.07,0.51,0.5356526355755489,2018-01-30
-24.57,-13.18,0.0,0.1819434086683032,2018-01-31
-28.21,-17.25,0.04,0.1362583554370902,2018-02-01
-22.39,-18.52,1.18,0.1,2018-02-02
-28.04,-21.56,0.0,0.1,2018-02-03
-27.73,-17.15,0.0,0.1378652001979718,2018-02-04
-25.58,-15.8,0.0,0.1476056090706126,2018-02-05
-27.22,-17.27,0.0,0.1349486342597907,2018-02-06
-29.12,-16.31,0.0,0.1577218318672112,2018-02-07
-27.72,-17.76,0.0,0.131767332158098,2018-02-08
-28.39,-15.59,0.0,0.1677771501897907,2018-02-09
-19.93,-9.12,0.0,0.2501077932906088,2018-02-10
-28.98,-15.64,0.0,0.1702884243796906,2018-02-11
-31.74,-13.54,0.0,0.2026745402066841,2018-02-12
-17.49,1.81,0.0,0.6515980902604513,2018-02-13
-16.6,1.17,0.37,0.6393744034423379,2018-02-14
-29.11,-13.9,0.0,0.2005832772909531,2018-02-15
-21.26,-5.95,0.0,0.3925448623142126,2018-02-16
-19.25,-10.87,0.0,0.2012171236693106,2018-02-17
-23.87,-13.39,0.0,0.1923126669832116,2018-02-18
-28.32,-14.67,0.0,0.1917375064053609,2018-02-19
-24.81,-12.77,0.0,0.2205863235596479,2018-02-20
-31.03,-11.14,0.0,0.262840909559151,2018-02-21
-24.41,-7.2,0.0,0.3767905730490329,2018-02-22
-21.04,-5.85,0.0,0.424376232684574,2018-02-23
-16.24,-1.93,0.0,0.5727268586751213,2018-02-24
-16.4,-2.62,0.0,0.5455465250312782,2018-02-25
-16.15,-4.99,0.0,0.4322667579820147,2018-02-26
-15.25,-2.8,0.0,0.5380428322348395,2018-02-27
-14.4,0.09,0.0,0.6903689684860906,2018-02-28
-17.8,-4.29,0.0,0.5049182475729225,2018-03-01
-16.43,-5.36,0.0,0.4449745648029647,2018-03-02
-9.37,-4.49,2.71,0.1911043138946318,2018-03-03
-11.12,-5.07,4.22,0.2198113576792327,2018-03-04
-13.22,-8.82,0.0,0.1549732741928414,2018-03-05
-17.61,-6.73,0.0,0.4210555977258333,2018-03-06
-23.91,-7.56,0.0,0.4206452781992421,2018-03-07
-23.94,-7.88,0.0,0.4136520150118145,2018-03-08
-14.75,-3.99,0.0,0.5364352155226488,2018-03-09
-12.31,-1.23,0.0,0.6728053686258585,2018-03-10
-14.61,1.8,0.0,0.8626024287169743,2018-03-11
-16.11,-0.79,0.0,0.7353602580335713,2018-03-12
-15.67,0.93,0.0,0.8258942804736135,2018-03-13
-15.47,-0.58,0.0,0.7623658783987688,2018-03-14
-11.5,-3.38,0.0,0.5290376419776919,2018-03-15
-7.71,1.12,0.0,0.7903003721830971,2018-03-16
-4.38,-0.49,1.24,0.3359323655787363,2018-03-17
-7.21,-0.58,0.0,0.5988362227850433,2018-03-18
-8.76,-1.24,0.0,0.6352919479887181,2018-03-19
-7.07,1.13,0.0,0.8029982604552536,2018-03-20
-10.85,2.14,0.0,0.986221825053321,2018-03-21
-10.05,0.97,0.0,0.9093277508614518,2018-03-22
-4.34,0.14,3.78,0.3479865754557038,2018-03-23
-6.92,3.06,0.0,0.99382882836235,2018-03-24
-6.83,1.41,0.58,0.847094109912587,2018-03-25
-8.59,3.09,0.0,1.0523943909748346,2018-03-26
-11.36,-0.62,0.41,0.8279315915450387,2018-03-27
-16.91,-3.89,0.0,0.6731884554304708,2018-03-28
-21.55,-8.98,0.0,0.4568363747411119,2018-03-29
-24.33,-12.19,0.0,0.3566018769938051,2018-03-30
-21.94,-9.07,0.0,0.4730513638283505,2018-03-31
-19.19,-5.59,0.0,0.6256771249338984,2018-04-01
-21.45,-5.67,0.0,0.6105461618404145,2018-04-02
-18.37,-5.3,0.0,0.6426594355491138,2018-04-03
-19.06,-3.62,0.0,0.7172808029720286,2018-04-04
-19.47,-9.58,0.0,0.4363896139904619,2018-04-05
-23.3,-9.17,0.0,0.4824848511690299,2018-04-06
-22.75,-5.5,0.0,0.6224800925817812,2018-04-07
-13.9,-3.02,0.0,0.7701904015826134,2018-04-08
-9.22,-0.34,0.0,0.8835521814667974,2018-04-09
-11.93,5.16,0.0,1.2108872236470416,2018-04-10
-4.07,0.09,1.8,0.5432163584547166,2018-04-11
-7.28,-1.44,0.0,0.6599191901879352,2018-04-12
-8.71,1.13,0.0,1.0430677337340204,2018-04-13
-3.46,5.61,0.0,1.3039296607096909,2018-04-14
-4.76,6.4,0.0,1.3692041680590357,2018-04-15
-1.22,4.77,0.29,1.050472868659623,2018-04-16
-1.58,1.77,4.58,0.3335134675605978,2018-04-17
-5.02,9.42,0.0,1.5591191781541625,2018-04-18
-2.15,11.87,0.0,1.7249952000536597,2018-04-19
-0.52,16.62,0.0,2.027404721402711,2018-04-20
0.98,18.14,0.36,2.1354239313117653,2018-04-21
3.76,13.32,0.0,1.7719117097465302,2018-04-22
-0.29,13.12,0.0,1.812438813632909,2018-04-23
-1.12,20.69,0.0,2.255022028340928,2018-04-24
2.44,17.34,0.0,2.0255981352168786,2018-04-25
-0.98,21.43,0.0,2.2268662139333233,2018-04-26
-1.1,16.28,0.0,1.9441038670512951,2018-04-27
1.56,26.43,0.0,2.546560163425935,2018-04-28
5.46,20.35,0.41,2.220164047105352,2018-04-29
0.08,11.92,0.0,1.6638629625731505,2018-04-30
-2.53,16.84,0.0,1.971128092140644,2018-05-01
1.21,18.43,0.26,2.1071679827557244,2018-05-02
4.94,21.03,0.0,2.2861342886832716,2018-05-03
2.46,23.42,0.0,2.428503714068734,2018-05-04
3.51,24.3,0.0,2.4928134113888354,2018-05-05
4.47,27.42,0.0,2.6884696867160436,2018-05-06
9.47,26.69,0.0,2.6610594649498607,2018-05-07
6.96,17.26,4.2,1.8205951163332583,2018-05-08
1.87,13.74,0.0,1.780767128889544,2018-05-09
0.43,10.4,2.03,1.4003212227944344,2018-05-10
3.53,10.95,0.86,1.4556174751442663,2018-05-11
1.35,20.66,0.0,2.2749532160623755,2018-05-12
6.58,26.39,0.0,2.668503465772772,2018-05-13
2.72,24.85,0.0,2.545451472678289,2018-05-14
10.4,31.58,0.0,3.0028583575860233,2018-05-15
9.22,26.93,1.43,2.6829730099504245,2018-05-16
6.67,13.79,1.98,1.4733372128157798,2018-05-17
2.76,18.94,0.0,2.1502843189148684,2018-05-18
2.81,22.4,0.0,2.3931312646170064,2018-05-19
3.64,25.49,0.0,2.6014056208666907,2018-05-20
10.88,30.42,0.0,2.9296446498102733,2018-05-21
10.3,27.39,0.0,2.708900789159425,2018-05-22
10.41,30.19,2.6,2.6731573395970845,2018-05-23
12.98,26.26,8.41,2.3629262617236635,2018-05-24
10.92,25.79,0.0,2.5764610609693905,2018-05-25
9.58,29.29,3.53,2.634411995929541,2018-05-26
9.12,25.42,0.0,2.594545510527994,2018-05-27
8.55,31.13,0.0,3.016848734498263,2018-05-28
13.42,25.56,0.0,2.4901968256386295,2018-05-29
9.3,22.59,6.36,1.9955223454685944,2018-05-30
9.34,13.67,0.0,0.5877764455560035,2018-05-31
8.07,12.77,6.15,0.4515961491372238,2018-06-01
6.78,17.18,0.0,1.7109586656280231,2018-06-02
6.85,23.7,0.0,2.543884405670674,2018-06-03
9.35,26.86,2.5,2.471954999188034,2018-06-04
8.85,20.59,0.0,2.14225067378981,2018-06-05
5.71,27.54,0.0,2.8284219685652223,2018-06-06
8.49,27.37,0.0,2.814348168972331,2018-06-07
13.7,24.31,0.0,2.2399797199183547,2018-06-08
13.55,30.28,1.56,2.964552800596523,2018-06-09
12.54,25.29,0.0,2.4882807151088904,2018-06-10
7.37,17.51,0.54,1.7391442144808127,2018-06-11
7.55,20.83,0.0,2.246890211324882,2018-06-12
6.93,25.92,0.0,2.732903924787723,2018-06-13
8.39,24.29,0.87,2.600934848093555,2018-06-14
9.42,23.61,0.0,2.5243019901772388,2018-06-15
6.74,22.02,0.0,2.4391376240871625,2018-06-16
7.85,25.62,0.0,2.708385258442125,2018-06-17
8.59,27.84,0.0,2.8672655107661056,2018-06-18
9.76,28.21,0.0,2.889013692177257,2018-06-19
11.08,30.17,0.0,3.021527359871844,2018-06-20
12.11,30.26,0.0,3.015229466648735,2018-06-21
13.84,29.66,5.66,2.6255068436889624,2018-06-22
13.07,26.97,0.0,2.718268853573492,2018-06-23
16.25,26.89,14.35,1.914303812964691,2018-06-24
14.66,30.21,0.0,2.8761965249180625,2018-06-25
12.38,24.76,0.0,2.290970800192391,2018-06-26
6.75,25.3,0.0,2.6675533988564597,2018-06-27
7.27,23.87,0.0,2.500315566275801,2018-06-28
9.17,24.29,0.0,2.4609582720147145,2018-06-29
11.21,25.04,10.88,1.9511266801807885,2018-06-30
10.96,19.82,9.46,1.0742641639622987,2018-07-01
8.22,22.31,2.51,1.6379358492119798,2018-07-02
7.54,20.89,3.34,1.5043647428636897,2018-07-03
10.83,19.12,3.16,0.8834103180876484,2018-07-04
8.02,25.43,0.0,2.3540446309694985,2018-07-05
13.67,32.75,0.0,2.868705122177397,2018-07-06
14.19,30.72,0.0,2.613785896787912,2018-07-07
10.49,23.69,0.0,1.963087477540752,2018-07-08
8.54,27.06,0.0,2.489350068621465,2018-07-09
13.41,29.53,10.84,2.025142704412314,2018-07-10
14.75,24.92,0.32,1.552665133567491,2018-07-11
15.18,28.17,0.0,2.04672923708577,2018-07-12
14.7,30.63,0.0,2.443779802298951,2018-07-13
12.0,21.52,0.0,1.3458051619696048,2018-07-14
8.81,23.68,0.0,2.0095619234466264,2018-07-15
6.97,25.81,0.0,2.329352832755604,2018-07-16
10.0,34.1,0.0,2.9874887149627356,2018-07-17
15.49,29.78,0.0,2.267643942684214,2018-07-18
13.65,27.84,0.0,2.174612899696282,2018-07-19
13.01,28.94,0.0,2.370827559232952,2018-07-20
16.63,25.77,0.0,1.4414888021473806,2018-07-21
12.12,22.77,0.66,1.5789452184115924,2018-07-22
10.75,22.48,0.0,1.6888955732306432,2018-07-23
8.76,22.54,0.0,1.8709343783337904,2018-07-24
8.73,22.42,0.0,1.853798179486826,2018-07-25
7.1,23.62,0.0,2.084039140970057,2018-07-26
9.79,24.98,0.0,2.0815907521878128,2018-07-27
9.19,27.15,0.0,2.3424438015637854,2018-07-28
8.68,29.2,0.0,2.5374180874630587,2018-07-29
12.14,32.45,0.0,2.700850871737814,2018-07-30
11.49,24.43,0.0,1.8041703897753696,2018-07-31
8.25,27.33,0.31,2.337004768641215,2018-08-01
14.42,30.04,10.77,1.832655759974574,2018-08-02
13.26,27.65,0.0,1.9551777614434167,2018-08-03
12.9,23.5,2.67,1.0856609309133958,2018-08-04
12.99,23.31,0.0,1.332119382891465,2018-08-05
11.14,29.02,0.0,2.2453227650212013,2018-08-06
12.73,29.52,0.0,2.21284837712987,2018-08-07
11.64,29.28,0.0,2.243831489815591,2018-08-08
12.54,33.3,0.0,2.5833505352542847,2018-08-09
14.06,37.75,0.0,2.8784012269079726,2018-08-10
14.26,31.24,0.0,2.238088145053299,2018-08-11
12.14,22.2,0.0,1.2033724879256489,2018-08-12
7.69,16.83,0.0,0.9167016210303618,2018-08-13
3.66,27.44,0.0,2.257417134989146,2018-08-14
10.32,28.19,0.0,2.1160684604713342,2018-08-15
9.5,26.45,0.0,1.989695138729834,2018-08-16
9.8,30.39,0.0,2.3363653112986515,2018-08-17
10.47,23.89,0.0,1.585359832118264,2018-08-18
3.72,23.67,0.0,1.9189573418216832,2018-08-19
4.44,23.48,0.0,1.8606628437799553,2018-08-20
5.02,27.56,0.0,2.1641643099895704,2018-08-21
10.57,30.82,0.0,2.258399922565331,2018-08-22
8.22,24.54,0.0,1.7887906400468028,2018-08-23
7.45,19.6,0.0,1.2491890885458088,2018-08-24
7.12,18.0,0.0,1.0844539849586992,2018-08-25
6.9,17.3,6.3,0.8516945102317812,2018-08-26
7.98,13.93,4.75,0.502712387605185,2018-08-27
6.82,17.8,0.0,1.0362962586878175,2018-08-28
6.31,26.92,0.0,2.04510132501943,2018-08-29
9.23,22.85,1.22,1.4686610025412474,2018-08-30
7.22,20.06,0.0,1.3183932260824245,2018-08-31
6.12,19.91,0.0,1.374466694438192,2018-09-01
3.02,20.33,0.0,1.563857171984189,2018-09-02
4.96,19.98,0.0,1.4355789430876111,2018-09-03
2.11,13.74,0.0,0.9380750325102242,2018-09-04
-0.99,21.63,0.0,1.7212419530185192,2018-09-05
2.85,24.29,0.0,1.8426515374928525,2018-09-06
6.88,24.12,0.0,1.6815103000092635,2018-09-07
11.22,24.16,1.63,1.3910081040604176,2018-09-08
8.8,21.03,0.0,1.2098202501128312,2018-09-09
3.45,18.82,1.21,1.3284490408477052,2018-09-10
5.91,16.48,0.0,0.886125837458384,2018-09-11
3.6,14.73,7.56,0.7877103407814471,2018-09-12
4.12,11.64,0.0,0.5982056798843086,2018-09-13
2.2,8.32,0.0,0.4576551728996693,2018-09-14
5.44,11.03,1.63,0.4642240654063062,2018-09-15
5.48,9.15,10.31,0.2790977623697397,2018-09-16
3.79,10.85,0.0,0.5612389341939256,2018-09-17
3.74,10.4,0.0,0.5313354834260376,2018-09-18
1.84,15.36,0.0,0.9985404387838004,2018-09-19
3.65,13.08,3.99,0.6788020053630889,2018-09-20
0.15,5.81,2.1,0.363719553796333,2018-09-21
-0.44,1.63,3.92,0.133228406754227,2018-09-22
-0.39,2.2,1.08,0.1832964057696921,2018-09-23
-0.2,11.58,0.48,0.8206366134063107,2018-09-24
1.73,13.48,0.0,0.8650703381333429,2018-09-25
2.45,16.2,0.0,1.008720997766337,2018-09-26
-2.39,7.51,0.0,0.6271870854317597,2018-09-27
-4.35,7.46,0.0,0.6889583853841929,2018-09-28
-3.75,6.78,0.0,0.6285592356073797,2018-09-29
-7.8,4.33,0.21,0.6302501754789337,2018-09-30
-1.7,3.62,1.56,0.3413594037575091,2018-10-01
-1.73,5.28,0.0,0.4524187940581323,2018-10-02
-2.93,6.7,0.0,0.5892684526456327,2018-10-03
-5.43,6.57,0.0,0.6536664726428001,2018-10-04
-4.3,8.39,0.0,0.7187725599674955,2018-10-05
-6.25,12.45,0.0,0.9821219440233974,2018-10-06
-3.17,12.72,0.0,0.944846513344597,2018-10-07
-3.18,0.95,0.0,0.2448468868161439,2018-10-08
-5.99,3.24,0.0,0.4866033766597178,2018-10-09
-10.07,4.98,0.0,0.6438995150131542,2018-10-10
-9.92,6.3,0.0,0.6969751173860973,2018-10-11
-4.15,6.0,8.23,0.5164039522379369,2018-10-12
-4.66,0.03,0.0,0.2524640881543372,2018-10-13
-8.58,3.66,0.0,0.549600370595303,2018-10-14
-0.23,13.6,0.0,0.8433248062201679,2018-10-15
-2.57,9.71,0.0,0.6905578311252007,2018-10-16
-1.64,20.86,0.0,1.2703335874563435,2018-10-17
0.77,18.98,0.0,1.1073304756306523,2018-10-18
-4.09,13.27,0.0,0.882512992310954,2018-10-19
-8.94,15.32,0.0,1.0111608213456422,2018-10-20
-2.25,13.85,0.0,0.8622508193744249,2018-10-21
-6.7,10.35,0.0,0.7677514874744155,2018-10-22
-5.09,15.65,0.0,0.9817171812381597,2018-10-23
-2.13,18.25,0.0,1.0604734664614448,2018-10-24
-1.84,14.31,0.0,0.8509237169875563,2018-10-25
-3.62,10.86,0.0,0.713824063754977,2018-10-26
-2.23,12.76,0.0,0.7715006031741732,2018-10-27
-5.22,9.15,0.0,0.6583396832814201,2018-10-28
0.93,7.76,0.0,0.3854670205811843,2018-10-29
-1.22,6.7,0.0,0.4136590675071814,2018-10-30
-3.31,9.41,0.0,0.6170334209824228,2018-10-31
-2.36,4.5,0.87,0.3377829739384514,2018-11-01
-2.33,0.21,0.0,0.1246285402585408,2018-11-02
-4.52,1.55,0.0,0.2711811003108991,2018-11-03
-1.95,4.04,2.08,0.2823490972138599,2018-11-04
-8.58,0.5,2.85,0.3326716116567185,2018-11-05
-12.94,-8.28,0.0,0.1388005554252802,2018-11-06
-13.9,-9.53,0.0,0.1223276507405487,2018-11-07
-18.33,-9.97,0.0,0.1886786332116998,2018-11-08
-21.42,-5.69,1.76,0.3162005037892693,2018-11-09
-10.14,-4.48,0.43,0.1946713864365626,2018-11-10
-12.06,-6.52,0.0,0.1718362555109089,2018-11-11
-14.05,-6.39,0.0,0.2166292173059658,2018-11-12
-8.76,2.97,0.0,0.4424169811422729,2018-11-13
-4.76,4.36,0.0,0.4040849564298151,2018-11-14
-4.08,1.95,0.0,0.2707076185663716,2018-11-15
-19.59,-6.33,0.0,0.2845251390495811,2018-11-16
-20.69,-6.28,0.0,0.2915538694045197,2018-11-17
-13.83,-8.31,0.44,0.1529273757147661,2018-11-18
-17.13,-0.05,0.0,0.4299172023388991,2018-11-19
-6.55,0.09,0.0,0.2674305783570113,2018-11-20
-5.77,-0.85,0.0,0.2039757327042269,2018-11-21
-4.18,4.61,0.0,0.3956933392402612,2018-11-22
-5.53,1.85,0.0,0.3131742900969928,2018-11-23
-8.93,-5.06,0.0,0.137586663958907,2018-11-24
-8.88,-5.4,0.0,0.1241017321839458,2018-11-25
-7.63,-4.05,0.86,0.1358983596438895,2018-11-26
-6.1,-3.48,0.0,0.1069686335363531,2018-11-27
-7.61,-4.62,0.78,0.1139518172719299,2018-11-28
-5.5,-2.05,0.0,0.1454438203353081,2018-11-29
-7.18,-3.85,0.0,0.1297755915178187,2018-11-30
-7.81,-5.06,0.0,0.1030695768143088,2018-12-01
-9.8,-4.7,0.0,0.1753695678224925,2018-12-02
-13.11,-5.86,0.33,0.2114183308116732,2018-12-03
-13.09,-7.1,0.35,0.1736397056474724,2018-12-04
-13.87,-6.35,0.0,0.2098648780584649,2018-12-05
-16.66,-8.17,0.0,0.2025152313597347,2018-12-06
-19.8,-8.56,0.0,0.225636062749295,2018-12-07
-19.14,-7.36,0.0,0.246380190248617,2018-12-08
-15.76,-4.71,0.0,0.279125723726889,2018-12-09
-16.29,-1.12,0.0,0.379092556107862,2018-12-10
-9.02,0.3,0.0,0.3287066829171476,2018-12-11
-6.82,0.87,0.0,0.2986215344490134,2018-12-12
-10.14,1.94,0.0,0.405145457536886,2018-12-13
-9.33,4.55,0.0,0.4836691527888488,2018-12-14
-3.51,5.89,0.0,0.4174505713879315,2018-12-15
-13.05,-4.02,0.0,0.258675028240003,2018-12-16
-8.4,3.58,0.0,0.433195745700641,2018-12-17
-7.12,4.05,0.0,0.4270280115453255,2018-12-18
-5.27,0.84,0.0,0.2524930767158144,2018-12-19
-9.68,1.89,0.0,0.394263385245389,2018-12-20
-4.45,4.0,0.12,0.3609538275214894,2018-12-21
-9.27,-3.1,0.0,0.2111819798897993,2018-12-22
-17.38,-6.66,0.0,0.243828920357372,2018-12-23
-16.76,-9.32,0.0,0.171342185349643,2018-12-24
-18.14,-10.59,0.0,0.1599124963737681,2018-12-25
-14.69,-7.97,0.0,0.1730107042423262,2018-12-26
-22.3,-8.96,0.0,0.230003443546225,2018-12-27
-22.04,-4.83,0.0,0.3126452326553485,2018-12-28
-13.81,-4.81,1.15,0.245812884335063,2018-12-29
-20.99,-12.04,0.36,0.1603791112121946,2018-12-30
-29.54,-16.87,0.0,0.1332060021465426,2018-12-31
-25.44,-2.03,0.64,0.3708812157752164,2019-01-01
-11.65,3.59,0.0,0.4783531496936347,2019-01-02
-5.42,3.23,0.0,0.3497417060302979,2019-01-03
-8.54,-0.25,0.0,0.2916389492252825,2019-01-04
-7.76,-3.02,0.0,0.1692138937107019,2019-01-05
-6.38,0.51,0.47,0.2662156823655179,2019-01-06
-14.57,-2.13,1.31,0.3344068871035887,2019-01-07
-22.75,-14.28,0.0,0.1348714030251821,2019-01-08
-24.71,-10.66,0.69,0.2112635803205932,2019-01-09
-16.11,-9.64,0.0,0.1520609081963775,2019-01-10
-15.9,-10.43,0.0,0.1292847228737279,2019-01-11
-15.03,-3.06,0.0,0.3163483979813519,2019-01-12
-12.99,-1.73,0.0,0.3306927328969914,2019-01-13
-10.84,-3.02,0.0,0.2505492802283395,2019-01-14
-21.51,-5.8,0.0,0.2980981922009224,2019-01-15
-21.95,-16.0,0.0,0.1,2019-01-16
-27.62,-16.68,0.0,0.1324174951553946,2019-01-17
-31.0,-19.61,0.0,0.1090530422412502,2019-01-18
-25.14,-16.37,2.06,0.1182554306780677,2019-01-19
-19.32,-11.94,0.0,0.149287744234122,2019-01-20
-18.69,-7.67,0.0,0.2418410472327608,2019-01-21
-17.01,-3.8,0.0,0.3266205269431431,2019-01-22
-23.63,-6.44,0.0,0.298306959475995,2019-01-23
-29.2,-11.82,0.0,0.2101495758794759,2019-01-24
-22.53,-7.74,0.0,0.2705222838507342,2019-01-25
-13.69,-2.16,2.31,0.3267412809177102,2019-01-26
-9.09,4.4,0.68,0.5477611697503783,2019-01-27
-23.68,-10.73,0.0,0.2190458976454908,2019-01-28
-31.07,-22.65,0.0,0.1,2019-01-29
-25.03,-14.81,0.79,0.1547032250298981,2019-01-30
-16.81,-3.16,0.41,0.3562692421615047,2019-01-31
-19.41,-9.85,0.84,0.2096699837658743,2019-02-01
-23.84,-17.61,1.18,0.1,2019-02-02
-25.81,-22.58,0.01,0.1,2019-02-03
-25.41,-22.26,1.81,0.1,2019-02-04
-33.59,-22.98,0.0,0.1,2019-02-05
-37.43,-25.48,0.0,0.1,2019-02-06
-38.25,-24.9,0.0,0.1,2019-02-07
-37.73,-25.8,0.0,0.1,2019-02-08
-34.24,-23.25,0.0,0.1,2019-02-09
-33.7,-22.25,0.0,0.1,2019-02-10
-28.44,-17.15,1.63,0.1462815630968304,2019-02-11
-32.31,-21.44,0.0,0.1057841742584736,2019-02-12
-30.06,-21.11,0.0,0.1009665287744896,2019-02-13
-32.99,-19.69,0.0,0.1287116448402643,2019-02-14
-32.89,-19.07,1.14,0.1361655044170801,2019-02-15
-20.82,-13.65,1.9,0.1528300788115037,2019-02-16
-19.51,-13.94,0.86,0.1278434491017318,2019-02-17
-27.86,-17.61,0.0,0.1431312460350033,2019-02-18
-28.8,-12.63,0.0,0.2257634556237689,2019-02-19
-23.56,-10.62,0.8,0.2508749208764845,2019-02-20
-24.1,-12.57,0.0,0.2146869066906088,2019-02-21
-27.05,-12.29,0.0,0.2339474250718096,2019-02-22
-23.58,-14.13,0.0,0.1819894281103004,2019-02-23
-31.22,-21.38,0.0,0.1114751521897084,2019-02-24
-33.09,-18.81,0.0,0.1489761212772082,2019-02-25
-30.95,-16.95,0.0,0.1719266555429268,2019-02-26
-19.0,-7.29,0.0,0.3718223725127121,2019-02-27
-18.19,-9.97,0.35,0.2430577342978522,2019-02-28
-27.0,-16.19,0.0,0.1745214577100906,2019-03-01
-33.63,-21.25,0.0,0.125517319723342,2019-03-02
-25.1,-15.81,0.0,0.171076645905542,2019-03-03
-19.67,-10.38,0.0,0.2730047643680365,2019-03-04
-18.15,-8.53,0.0,0.3304509216288784,2019-03-05
-25.4,-13.31,0.0,0.2414098689512915,2019-03-06
-24.45,-9.16,0.0,0.3607802119441043,2019-03-07
-16.85,-6.64,0.0,0.4114927471570252,2019-03-08
-15.89,-6.24,0.0,0.4216626971877496,2019-03-09
-22.09,-6.89,0.0,0.4492837170793821,2019-03-10
-16.37,0.04,0.0,0.7482739795167508,2019-03-11
-4.4,3.24,0.0,0.7626851619805253,2019-03-12
-4.73,2.82,0.0,0.7584428003801472,2019-03-13
-10.1,1.37,0.0,0.8423928957857915,2019-03-14
-12.52,1.66,0.0,0.8820715107579247,2019-03-15
-10.08,2.48,0.0,0.9340994305907542,2019-03-16
-11.96,3.53,0.0,1.0050717045325814,2019-03-17
-4.15,4.76,0.0,0.9918906465398292,2019-03-18
-4.07,8.18,0.0,1.317483535814399,2019-03-19
-2.93,11.32,0.0,1.4937012338270397,2019-03-20
-2.12,11.22,0.0,1.499496514495417,2019-03-21
-2.42,13.96,0.0,1.6480422909604246,2019-03-22
-1.75,11.48,0.0,1.5231283187022426,2019-03-23
-5.95,2.37,0.0,0.8762832051820378,2019-03-24
-7.59,5.65,0.0,1.2000491510626945,2019-03-25
-1.09,15.28,2.07,1.6353344210651897,2019-03-26
-1.8,4.69,0.0,0.9284614659292608,2019-03-27
-6.13,7.15,0.0,1.2994019614696934,2019-03-28
-4.45,4.49,0.0,1.1175475600208822,2019-03-29
-5.86,12.86,0.0,1.5968952668776093,2019-03-30
-4.05,5.15,0.0,1.1809051093567513,2019-03-31
-3.65,9.28,1.23,1.4427824589795182,2019-04-01
-6.85,2.86,0.0,1.0562253064666118,2019-04-02
-8.0,10.41,0.0,1.4663792849292876,2019-04-03
-1.79,10.88,0.0,1.5477291323128026,2019-04-04
-4.86,8.79,0.0,1.4249762178846432,2019-04-05
0.96,6.54,0.0,0.9977745175066112,2019-04-06
0.54,16.68,0.0,1.9252440234620805,2019-04-07
-2.74,16.7,0.0,1.892624079112211,2019-04-08
-4.52,8.6,0.0,1.4311437447842872,2019-04-09
-6.25,9.35,0.0,1.4694356117626777,2019-04-10
-6.65,9.06,0.0,1.4518800620306906,2019-04-11
-8.33,10.32,0.0,1.4956564187328407,2019-04-12
-4.57,15.35,0.0,1.816868751605328,2019-04-13
2.82,16.54,0.0,1.881842487708037,2019-04-14
-0.43,13.1,0.97,1.6738184320381024,2019-04-15
-3.41,13.62,0.0,1.69800916482751,2019-04-16
0.51,15.66,0.0,1.8417544337064071,2019-04-17
-0.9,17.68,0.0,1.9573917815611264,2019-04-18
6.1,19.89,0.0,2.1066535533340356,2019-04-19
2.35,17.11,0.0,1.9455668889691928,2019-04-20
-1.83,14.35,0.0,1.7716997300496322,2019-04-21
-0.97,22.01,0.0,2.216662208585795,2019-04-22
7.32,20.03,0.0,2.1083206771816334,2019-04-23
0.26,17.26,0.0,1.9657388438487668,2019-04-24
-2.31,12.36,0.0,1.657230016173257,2019-04-25
-5.54,12.45,0.0,1.6418945718487614,2019-04-26
-3.02,10.85,0.0,1.5629376711481846,2019-04-27
-4.77,5.59,0.0,1.2375333785769576,2019-04-28
-8.89,8.84,0.0,1.4209171530001614,2019-04-29
-5.58,11.02,1.78,1.5734515046708866,2019-04-30
-7.28,9.99,1.06,1.5564025676244255,2019-05-01
-3.23,9.77,0.0,1.5028469965881124,2019-05-02
-4.91,11.64,0.0,1.6235211729055037,2019-05-03
-5.44,8.92,0.0,1.4597288815055198,2019-05-04
-6.7,6.27,0.0,1.3026016597132428,2019-05-05
-6.47,12.13,0.0,1.6426013344037094,2019-05-06
0.52,14.11,0.0,1.7898248680259266,2019-05-07
-4.93,12.38,0.0,1.681668430114786,2019-05-08
-0.02,15.5,0.0,1.8983009932625237,2019-05-09
3.66,18.08,2.02,1.9046005993475583,2019-05-10
3.47,16.39,0.0,1.9424185783082475,2019-05-11
2.82,24.2,0.0,2.493991130049117,2019-05-12
4.43,21.88,0.0,2.3519008494234885,2019-05-13
1.79,21.16,0.33,2.3008499668566302,2019-05-14
4.34,16.63,0.0,1.9562529699930824,2019-05-15
-1.22,15.37,0.0,1.9154313030006536,2019-05-16
-0.64,17.78,0.0,2.0782908908528537,2019-05-17
1.3,16.05,0.0,1.9625866033128192,2019-05-18
-1.62,16.97,0.0,2.026544207072047,2019-05-19
0.62,20.07,0.0,2.2428712119434047,2019-05-20
2.51,22.25,0.0,2.398493247095991,2019-05-21
5.08,24.15,0.0,2.5387402758080793,2019-05-22
5.19,24.48,0.0,2.560605210385487,2019-05-23
5.92,24.05,2.32,2.316269723816435,2019-05-24
4.53,13.74,4.51,1.606771491997145,2019-05-25
-0.15,18.36,0.0,2.1433835848424927,2019-05-26
2.43,23.23,0.0,2.479801524001813,2019-05-27
6.83,28.24,0.0,2.8264816296571253,2019-05-28
10.33,30.98,0.0,3.00599856628795,2019-05-29
10.97,32.33,0.0,3.095756468453534,2019-05-30
5.7,20.78,0.0,2.287298926313547,2019-05-31
4.99,24.65,0.0,2.5834759852749607,2019-06-01
10.37,32.54,0.0,3.115810004472178,2019-06-02
8.28,34.17,0.0,3.212261961648755,2019-06-03
11.03,24.71,0.35,2.486628031447363,2019-06-04
10.22,24.67,0.0,2.512647922686458,2019-06-05
14.02,26.2,2.53,2.3411673501834325,2019-06-06
9.04,21.68,0.0,2.28881525696327,2019-06-07
4.3,16.48,1.44,1.9610055824395125,2019-06-08
3.72,18.87,0.0,2.1693943559822166,2019-06-09
3.53,23.71,0.31,2.5274511510134317,2019-06-10
6.56,20.99,0.3,2.29825443960857,2019-06-11
6.23,23.57,1.1,2.513154336260282,2019-06-12
8.62,28.87,0.0,2.8904975564397812,2019-06-13
11.48,22.95,1.36,2.32994766482932,2019-06-14
10.17,17.55,4.11,1.651747875766437,2019-06-15
9.62,17.82,0.0,1.9207152507926215,2019-06-16
5.2,22.86,0.0,2.4842486189065434,2019-06-17
8.62,26.92,0.0,2.7634234094910672,2019-06-18
10.8,24.84,14.16,2.347863410790637,2019-06-19
9.01,14.79,16.78,0.8235181289955359,2019-06-20
6.33,19.53,23.38,1.7053269152653694,2019-06-21
11.52,16.57,12.45,0.5390651818280552,2019-06-22
10.16,22.07,0.35,1.8096016322037385,2019-06-23
9.36,20.43,2.7,1.2733647793775664,2019-06-24
10.02,20.19,3.02,1.173088593782464,2019-06-25
8.15,23.39,0.0,2.1554882369350783,2019-06-26
10.15,25.97,9.35,1.915592531156916,2019-06-27
14.57,23.77,2.2,1.109880102213752,2019-06-28
13.06,25.78,0.0,2.036044098197526,2019-06-29
10.11,22.6,0.0,1.8610114748765636,2019-06-30
8.54,28.45,2.96,2.1827012192102906,2019-07-01
6.02,21.0,0.0,1.9591408688404215,2019-07-02
9.53,20.21,0.0,1.582379956771093,2019-07-03
7.03,21.4,0.0,1.967415272055469,2019-07-04
11.4,20.16,0.59,1.3273333530568276,2019-07-05
12.38,25.31,0.0,2.0662570802307463,2019-07-06
14.79,27.55,0.0,2.1490341976274783,2019-07-07
13.91,24.15,0.0,1.689748669603471,2019-07-08
10.85,23.71,0.0,1.9775741172900416,2019-07-09
9.26,26.33,0.0,2.3979774725695058,2019-07-10
13.68,23.72,0.0,1.6590115245968626,2019-07-11
9.47,24.94,0.0,2.238305719030879,2019-07-12
11.96,28.11,8.94,1.99155110093212,2019-07-13
14.71,26.96,10.11,1.5764538456448445,2019-07-14
13.1,24.61,0.98,1.7544863045956218,2019-07-15
10.48,20.03,7.55,1.031068250676285,2019-07-16
13.67,22.52,0.35,1.274298937251349,2019-07-17
10.92,25.4,2.14,1.6234234392159472,2019-07-18
10.12,17.81,8.03,0.8438180744024426,2019-07-19
10.37,22.99,0.0,1.7066604445739335,2019-07-20
11.98,24.77,0.0,1.7917603836027012,2019-07-21
11.14,27.05,0.0,2.109858542724704,2019-07-22
14.06,29.43,0.0,2.160801617260952,2019-07-23
15.22,29.61,2.88,1.6493258393634578,2019-07-24
12.37,17.51,4.55,0.5774064714634816,2019-07-25
13.6,24.98,0.0,1.5610007047983776,2019-07-26
12.34,31.26,0.0,2.3900557972247274,2019-07-27
9.53,20.23,0.58,1.2967253955515567,2019-07-28
5.37,23.41,0.0,1.935697750352624,2019-07-29
11.82,28.93,2.75,1.75721051947984,2019-07-30
12.38,25.46,0.0,1.7031600478114286,2019-07-31
13.31,31.33,0.0,2.287326152889284,2019-08-01
15.49,32.79,0.0,2.2772948812546465,2019-08-02
15.62,27.79,0.0,1.637977265167292,2019-08-03
10.37,25.46,0.0,1.8139630586733224,2019-08-04
10.77,27.97,0.0,2.039724664432355,2019-08-05
10.37,21.03,1.64,1.218893126627452,2019-08-06
4.45,21.81,0.0,1.7256357927556658,2019-08-07
5.64,23.39,0.0,1.806662431443366,2019-08-08
10.03,24.9,2.56,1.4096739795376234,2019-08-09
7.67,20.6,0.0,1.365660720863266,2019-08-10
6.19,21.62,0.0,1.5763711682488972,2019-08-11
10.17,18.09,0.0,0.8916468962500051,2019-08-12
7.12,22.39,0.0,1.588966501321952,2019-08-13
9.7,24.71,0.0,1.6515677780714175,2019-08-14
9.5,25.87,0.0,1.769516756795387,2019-08-15
10.48,21.86,0.0,1.2298168055579244,2019-08-16
4.75,17.83,0.0,1.2187231034917918,2019-08-17
2.66,20.81,0.0,1.583586824025351,2019-08-18
3.84,20.57,0.0,1.499567191284028,2019-08-19
3.38,23.97,0.0,1.7897281600870003,2019-08-20
5.76,26.4,0.0,1.89729803548934,2019-08-21
12.19,27.21,7.58,1.3980474984420126,2019-08-22
9.41,21.78,0.0,1.2424765247112617,2019-08-23
12.4,28.05,1.84,1.6419527684545443,2019-08-24
11.32,21.49,9.09,0.9467961658779356,2019-08-25
8.75,19.46,0.0,1.0543778059192928,2019-08-26
8.68,19.39,0.0,1.0475462555074255,2019-08-27
7.06,23.94,0.58,1.5235558526975386,2019-08-28
6.28,20.22,0.0,1.2587145553434833,2019-08-29
4.45,19.26,0.96,1.262928252211576,2019-08-30
7.31,21.66,1.31,1.31318863784025,2019-08-31
6.62,22.26,8.08,1.2495444659020798,2019-09-01
10.55,20.87,1.57,1.0312339006467752,2019-09-02
7.36,25.27,0.0,1.5714690908334663,2019-09-03
9.43,21.49,1.31,1.1551667814004047,2019-09-04
8.07,22.83,0.0,1.3373880259448394,2019-09-05
5.44,22.14,0.0,1.3970686614920076,2019-09-06
6.98,22.44,0.0,1.3485440538239493,2019-09-07
7.2,21.34,0.0,1.245032536669373,2019-09-08
8.94,14.95,2.93,0.5109654652073062,2019-09-09
8.33,11.44,8.0,0.2655034402760831,2019-09-10
8.81,12.95,3.23,0.3531608254666208,2019-09-11
7.3,16.07,0.0,0.7926004302721622,2019-09-12
3.85,22.83,0.0,1.4601034968533233,2019-09-13
8.71,23.78,0.0,1.3352942586967462,2019-09-14
8.74,26.97,0.0,1.5573217851512535,2019-09-15
9.34,31.44,0.0,1.8247405053617785,2019-09-16
13.03,26.27,0.55,1.2672983669499016,2019-09-17
10.97,21.95,2.53,0.9339220195826414,2019-09-18
9.32,21.38,1.86,1.080995094491144,2019-09-19
9.03,21.09,0.0,1.072529040854691,2019-09-20
4.98,18.39,0.0,1.0668168060493326,2019-09-21
5.05,25.61,0.0,1.5648475261769967,2019-09-22
8.07,20.65,1.92,1.0708158198144433,2019-09-23
5.24,17.12,0.0,0.939873346158182,2019-09-24
2.58,15.64,1.19,0.9467602211161796,2019-09-25
1.78,10.1,7.97,0.5394398927726771,2019-09-26
1.03,7.81,0.0,0.4689834945096446,2019-09-27
0.81,5.98,0.0,0.3531003989008375,2019-09-28
0.17,4.79,7.29,0.2810307088396097,2019-09-29
0.31,1.81,4.67,0.1,2019-09-30
0.17,4.65,0.0,0.3015330966629081,2019-10-01
-3.28,10.34,0.0,0.7962898844582941,2019-10-02
-1.37,11.87,0.0,0.8262084229541228,2019-10-03
1.83,11.1,0.0,0.6518907862723096,2019-10-04
-1.24,13.7,0.0,0.9178090950217748,2019-10-05
3.17,15.74,0.0,0.8953348988555596,2019-10-06
2.46,20.12,0.0,1.1781471528681855,2019-10-07
-2.22,8.11,0.19,0.6152113520681324,2019-10-08
-6.79,3.04,0.0,0.4820320082399017,2019-10-09
-9.07,4.14,0.0,0.5802078578966496,2019-10-10
-8.8,6.82,0.0,0.6877470472953777,2019-10-11
-8.33,7.54,0.0,0.7071118282938886,2019-10-12
-9.2,9.66,0.0,0.8051580961532941,2019-10-13
-1.49,4.06,0.89,0.3200741247781186,2019-10-14
-2.73,6.07,0.0,0.4880032968194335,2019-10-15
-0.88,12.15,0.0,0.7651501543611436,2019-10-16
0.71,18.4,0.0,1.059999333825676,2019-10-17
-0.62,15.58,0.0,0.9334249186005892,2019-10-18
-1.38,14.14,0.0,0.8694002762408287,2019-10-19
-4.44,7.19,0.0,0.5839316428223558,2019-10-20
-6.88,9.08,0.0,0.7204244237066926,2019-10-21
-5.79,6.55,0.0,0.5815180656768903,2019-10-22
-5.63,4.16,0.0,0.4610531294201681,2019-10-23
-5.72,8.08,0.0,0.6445521429853567,2019-10-24
-0.71,16.83,1.08,0.9652432589279524,2019-10-25
-5.99,2.87,0.27,0.4015752950885669,2019-10-26
-9.14,-3.55,3.04,0.2049755833812326,2019-10-27
-8.87,-4.17,1.42,0.184301357052626,2019-10-28
-12.14,-4.99,0.0,0.2410706612211141,2019-10-29
-17.45,0.17,0.0,0.4732415821561883,2019-10-30
-2.6,3.71,0.54,0.3215980999354881,2019-10-31
-3.26,4.39,0.0,0.3810430183099648,2019-11-01
-5.18,4.78,0.86,0.4600319269591331,2019-11-02
-5.47,1.59,0.0,0.317268545930791,2019-11-03
-12.84,-4.6,0.0,0.261221762924295,2019-11-04
-15.56,-5.09,0.93,0.2900891183791712,2019-11-05
-20.15,-8.32,0.0,0.2534189905498104,2019-11-06
-20.58,-4.66,0.0,0.3414734187748739,2019-11-07
-7.42,3.11,0.69,0.4305406873628343,2019-11-08
-13.6,-1.3,0.94,0.3752426042245088,2019-11-09
-20.75,-11.49,0.0,0.1826210602916593,2019-11-10
-22.69,-9.17,0.0,0.2454525587033391,2019-11-11
-14.85,-1.99,0.0,0.3653685774361386,2019-11-12
-15.19,-0.24,0.0,0.4195495380400802,2019-11-13
-7.61,-0.09,0.0,0.2934009881549727,2019-11-14
-5.97,2.61,2.53,0.3449436374476355,2019-11-15
-1.23,2.13,1.56,0.1689812608262444,2019-11-16
-2.19,5.23,0.0,0.3636683789879443,2019-11-17
-0.64,7.41,0.0,0.4107859919426643,2019-11-18
-4.29,1.08,0.0,0.2347715348839811,2019-11-19
-6.08,-1.1,0.0,0.2011970411178456,2019-11-20
-6.03,3.93,0.0,0.4095055886314321,2019-11-21
-5.47,5.72,0.0,0.4696089348837222,2019-11-22
-1.19,10.75,0.0,0.5876557034725475,2019-11-23
-1.96,3.89,1.25,0.2800751488868447,2019-11-24
-5.66,-0.48,0.35,0.2113354072718446,2019-11-25
-10.06,-2.24,0.47,0.2658523632497216,2019-11-26
-7.82,-5.42,0.0,0.1,2019-11-27
-8.32,-5.19,2.58,0.1073585735565831,2019-11-28
-9.79,-5.38,0.0,0.1489795041038974,2019-11-29
-10.55,-7.36,0.0,0.1023412174421272,2019-11-30
-13.41,-6.32,0.0,0.200663263831815,2019-12-01
-14.98,-2.13,0.0,0.343900624478106,2019-12-02
-8.13,3.62,0.0,0.43635397436219,2019-12-03
-8.3,-0.16,0.0,0.2974474693208654,2019-12-04
-14.96,-4.71,0.0,0.2691690989782256,2019-12-05
-12.24,-5.55,0.0,0.1986873853693626,2019-12-06
-13.16,-5.61,0.0,0.2147547735374284,2019-12-07
-22.51,-12.3,0.0,0.1705302762347281,2019-12-08
-24.96,-10.22,0.0,0.2190202902765363,2019-12-09
-27.3,-15.71,0.0,0.1417879457426796,2019-12-10
-27.27,-17.23,0.0,0.1208674928661387,2019-12-11
-19.83,-12.25,0.3,0.1455485785382063,2019-12-12
-25.76,-14.21,0.0,0.156692053675862,2019-12-13
-28.19,-11.9,0.0,0.1972210225927622,2019-12-14
-20.43,-8.75,0.0,0.2228546269806436,2019-12-15
-15.76,-4.51,0.0,0.2803169471032316,2019-12-16
-15.5,-4.49,0.0,0.2774394431168851,2019-12-17
-11.23,0.52,0.0,0.370522050345941,2019-12-18
-11.43,-3.77,0.0,0.2344664571526937,2019-12-19
-11.76,3.06,0.0,0.4599388164762396,2019-12-20
-12.3,-1.85,0.0,0.3097963605655527,2019-12-21
-10.61,-0.95,0.0,0.3105301338268841,2019-12-22
-8.24,-4.3,0.0,0.1374938762297077,2019-12-23
-7.75,-5.3,3.6,0.1,2019-12-24
-9.38,-2.45,0.0,0.234022910508807,2019-12-25
-15.79,-7.04,0.0,0.2135058220551313,2019-12-26
-16.2,-7.15,0.0,0.2161012981031859,2019-12-27
-16.47,-6.94,0.0,0.2250040898304959,2019-12-28
-19.45,-6.2,0.0,0.2711619401772913,2019-12-29
-17.04,-6.51,0.0,0.242300712003796,2019-12-30
-13.57,-0.31,0.0,0.3752055943254483,2019-12-31
-9.43,-1.67,0.0,0.2646195727709532,2020-01-01
-8.42,-2.6,0.0,0.2063607058934444,2020-01-02
-11.75,-4.26,0.0,0.2278607319674378,2020-01-03
-8.3,4.17,0.0,0.4572166273358934,2020-01-04
-12.14,-2.74,0.0,0.2843380768199944,2020-01-05
-17.44,-2.27,0.0,0.358484124390991,2020-01-06
-26.38,-16.93,0.82,0.1211630761261477,2020-01-07
-19.87,-9.53,0.63,0.2053673871236466,2020-01-08
-25.53,-16.13,0.0,0.1283066392205453,2020-01-09
-31.21,-17.34,0.44,0.1340585980206099,2020-01-10
-20.65,-10.96,1.95,0.183792944929929,2020-01-11
-26.05,-13.84,0.0,0.1675973448875927,2020-01-12
-30.48,-24.62,0.6,0.1,2020-01-13
-34.64,-26.51,0.0,0.1,2020-01-14
-36.89,-28.83,0.0,0.1,2020-01-15
-37.28,-19.58,0.0,0.1157124276648321,2020-01-16
-22.46,-18.67,4.56,0.1,2020-01-17
-27.68,-22.34,0.0,0.1,2020-01-18
-29.35,-17.38,0.0,0.1330309378074695,2020-01-19
-20.64,-0.68,0.0,0.4228892148798905,2020-01-20
-11.79,1.62,0.0,0.4397762129966641,2020-01-21
-13.35,-3.74,0.0,0.2890471417833071,2020-01-22
-11.09,-3.88,0.0,0.242033112660871,2020-01-23
-8.76,-0.16,0.0,0.3268361089482554,2020-01-24
-5.43,1.11,0.0,0.2887353852400172,2020-01-25
-7.88,-2.99,0.0,0.1925643359735868,2020-01-26
-7.52,-2.03,0.0,0.2217825988066784,2020-01-27
-4.39,-1.47,0.0,0.1350424272931333,2020-01-28
-9.51,-3.22,2.37,0.2205523534545129,2020-01-29
-11.06,-0.85,0.0,0.3596092003623734,2020-01-30
-10.75,2.39,0.0,0.4730312059103996,2020-01-31
-7.86,5.86,0.0,0.5646585707215986,2020-02-01
-11.65,-0.14,0.0,0.398655159502824,2020-02-02
-20.14,-10.63,0.0,0.2044533702355674,2020-02-03
-20.4,-5.29,0.0,0.3336977639791722,2020-02-04
-13.65,-6.27,0.22,0.2309322850495019,2020-02-05
-16.09,-10.18,0.17,0.1603774518435734,2020-02-06
-13.53,-3.2,0.0,0.334925283287152,2020-02-07
-13.65,-3.38,0.0,0.3562195803151233,2020-02-08
-15.2,-3.08,0.0,0.4035680490237415,2020-02-09
-10.31,-3.64,0.0,0.2571006943158175,2020-02-10
-15.23,-2.72,0.0,0.4435744031946753,2020-02-11
-31.47,-17.14,0.0,0.157297728588632,2020-02-12
-30.27,-7.07,0.0,0.3148219695563264,2020-02-13
-13.22,-3.13,0.0,0.4066788216779276,2020-02-14
-21.93,-12.69,0.0,0.1901785719745031,2020-02-15
-16.72,-6.4,0.4,0.3297973784526976,2020-02-16
-22.76,-10.95,0.0,0.2401619070155253,2020-02-17
-30.75,-18.71,0.0,0.1402673025851292,2020-02-18
-30.58,-10.64,0.0,0.2723096864863717,2020-02-19
-16.37,1.82,0.0,0.7220216317310242,2020-02-20
-11.92,1.25,0.0,0.716532049037039,2020-02-21
-9.12,2.34,0.0,0.7574252036395631,2020-02-22
-12.39,-0.2,0.0,0.6547263927626672,2020-02-23
-14.48,-2.86,0.0,0.5381933655212152,2020-02-24
-18.81,-4.36,0.0,0.500184652089852,2020-02-25
-14.36,-0.59,0.0,0.6624103703049345,2020-02-26
-10.44,3.4,0.0,0.8676582584605489,2020-02-27
-8.66,5.32,0.0,0.9826918682796032,2020-02-28
-7.18,6.49,1.04,1.0607510410873948,2020-02-29
-11.04,-1.72,0.0,0.5595378722779013,2020-03-01
-6.14,2.88,0.0,0.7748158151899953,2020-03-02
-8.47,2.56,0.0,0.8382586098144843,2020-03-03
-3.69,2.99,1.85,0.6573236922022834,2020-03-04
-7.53,2.81,0.0,0.8478175777291339,2020-03-05
-2.91,9.44,0.0,1.305789960833342,2020-03-06
-12.61,-2.1,0.37,0.6173668183385499,2020-03-07
-17.64,-10.4,0.0,0.2424806628273516,2020-03-08
-19.37,-0.54,0.0,0.7105328458495032,2020-03-09
-12.95,4.78,0.0,1.0247449670461537,2020-03-10
-5.1,3.81,0.0,0.8804555880068513,2020-03-11
-11.27,-3.13,0.0,0.5239282018015373,2020-03-12
-17.99,-10.81,0.0,0.2498649591305047,2020-03-13
-17.35,-9.7,1.01,0.3083715935970838,2020-03-14
-15.95,-7.95,0.0,0.3735867566063104,2020-03-15
-19.8,-2.09,0.0,0.6898612534000857,2020-03-16
-15.03,-4.32,0.0,0.5887964384078493,2020-03-17
-19.13,-7.31,0.0,0.491673972015009,2020-03-18
-19.59,-6.06,0.0,0.5553204195559865,2020-03-19
-18.67,-0.6,0.0,0.7958351493481527,2020-03-20
-11.61,1.98,0.0,0.993047019786429,2020-03-21
-12.0,5.23,0.0,1.126172779369025,2020-03-22
-8.84,4.73,0.61,1.145263388055013,2020-03-23
-9.09,-1.37,1.32,0.7253258405746155,2020-03-24
-15.33,-1.36,0.0,0.8377211979837771,2020-03-25
-14.74,4.72,0.0,1.078360074389192,2020-03-26
-5.03,5.75,0.0,1.2270872616928914,2020-03-27
-4.26,6.4,0.0,1.2691536961963563,2020-03-28
-5.7,11.63,0.0,1.5490729470046012,2020-03-29
-4.79,4.15,1.35,1.14524988333183,2020-03-30
-11.82,-3.12,2.23,0.5890439968140238,2020-03-31
-16.22,-12.03,0.79,0.1600464002070521,2020-04-01
-18.36,-10.2,0.0,0.3842386574174397,2020-04-02
-19.78,-4.4,0.0,0.6925342259306259,2020-04-03
-14.69,-6.51,2.15,0.4209237192850221,2020-04-04
-10.86,-2.18,0.28,0.7443658433309855,2020-04-05
-8.95,1.13,6.22,0.8137594771006721,2020-04-06
-11.66,3.71,0.0,1.1375186518141474,2020-04-07
-7.79,0.35,0.0,0.8190645517238422,2020-04-08
-14.33,4.88,0.0,1.163548785926054,2020-04-09
-3.3,6.59,0.0,1.323458176952197,2020-04-10
-8.74,-1.45,0.0,0.7230633063930169,2020-04-11
-10.44,-4.63,0.0,0.4811169269580531,2020-04-12
-12.78,-5.22,0.0,0.5754842906515371,2020-04-13
-15.24,2.93,0.0,1.087547120377799,2020-04-14
-9.71,1.46,0.0,1.0779760102068594,2020-04-15
-5.75,5.25,0.0,1.298003862863304,2020-04-16
-2.34,11.88,0.0,1.719898438934175,2020-04-17
-3.9,4.54,0.0,1.2380990181059264,2020-04-18
-3.94,13.77,0.0,1.8316983856591016,2020-04-19
-1.64,9.61,0.0,1.5852629569330825,2020-04-20
-2.08,21.3,0.0,2.2815032487635927,2020-04-21
0.61,15.97,0.0,2.0208855730925928,2020-04-22
0.14,18.11,0.0,2.1510772963838662,2020-04-23
-1.15,14.04,2.22,1.7253710694137288,2020-04-24
-2.21,18.85,0.0,2.167527667720491,2020-04-25
2.16,13.88,3.19,1.714686426048641,2020-04-26
-1.28,18.31,0.0,2.1592228746844144,2020-04-27
2.04,18.24,0.0,2.190772045515221,2020-04-28
1.13,22.44,0.0,2.4416702763221227,2020-04-29
6.59,27.93,0.0,2.832684369197642,2020-04-30
4.07,18.23,0.0,2.1631191421315656,2020-05-01
-1.18,18.05,0.0,2.141850401107915,2020-05-02
-0.84,18.15,2.72,1.960667949664895,2020-05-03
3.95,14.94,0.0,1.8880621184095752,2020-05-04
-1.01,18.24,0.0,2.1576870095086536,2020-05-05
0.85,20.95,0.0,2.3457181663312676,2020-05-06
0.52,17.89,0.0,2.0697961477063735,2020-05-07
0.47,18.73,3.88,1.9461987644520085,2020-05-08
-1.11,6.76,1.54,1.1001124974513574,2020-05-09
-3.67,9.63,0.0,1.5306579645578355,2020-05-10
-6.13,10.46,0.0,1.576456978187848,2020-05-11
-3.19,14.34,0.0,1.8301862287791508,2020-05-12
0.68,12.53,0.0,1.6894042052781495,2020-05-13
-1.71,19.7,0.0,2.1779041855885493,2020-05-14
-3.33,14.28,0.0,1.8282074217972124,2020-05-15
0.81,25.23,0.0,2.5424554415520646,2020-05-16
9.99,26.85,0.0,2.6638625650505343,2020-05-17
8.73,24.81,0.0,2.52244371727798,2020-05-18
11.26,25.99,0.0,2.5713742416378422,2020-05-19
9.58,17.36,19.12,1.346565948595135,2020-05-20
9.18,21.81,0.0,2.1763388996909145,2020-05-21
5.71,20.9,0.0,2.2692202166595123,2020-05-22
4.28,15.13,0.0,1.6041794199061743,2020-05-23
4.96,20.11,0.0,2.2288331163647985,2020-05-24
6.46,26.05,0.0,2.681499274064502,2020-05-25
10.81,21.22,2.61,1.56835330506922,2020-05-26
6.96,17.79,0.24,1.7795285810483883,2020-05-27
4.21,18.29,0.0,2.0510677535794968,2020-05-28
4.93,18.31,0.0,2.034516068169216,2020-05-29
6.8,25.48,0.0,2.6723624056748823,2020-05-30
11.5,30.89,0.0,3.0283629194957817,2020-05-31
12.09,25.29,0.0,2.559459565038356,2020-06-01
8.0,24.69,0.0,2.614686828411825,2020-06-02
9.47,19.93,0.0,1.9834019864554484,2020-06-03
6.17,17.73,0.0,1.9579750069636244,2020-06-04
4.63,19.71,0.0,2.2811140894632778,2020-06-05
9.79,16.14,20.69,0.8992895584956956,2020-06-06
9.12,16.35,18.44,0.855693539862677,2020-06-07
6.73,14.98,0.0,1.1084007298714595,2020-06-08
4.76,20.9,0.0,2.114526304462722,2020-06-09
7.56,22.58,0.0,2.178915653273236,2020-06-10
5.88,21.34,0.0,2.1257684264224976,2020-06-11
7.9,28.04,0.0,2.728838189907362,2020-06-12
14.74,30.39,0.0,2.706204900943608,2020-06-13
12.72,24.21,7.43,1.5728428541173056,2020-06-14
8.26,21.86,3.0,1.6296888755098538,2020-06-15
9.18,23.84,28.28,1.781922552651653,2020-06-16
8.76,16.63,7.04,0.8268661984568981,2020-06-17
7.03,16.14,0.0,1.1212977483409372,2020-06-18
6.48,17.63,0.0,1.4080266903772776,2020-06-19
6.37,16.9,0.0,1.3163706305241762,2020-06-20
4.1,18.47,0.0,1.704567185550796,2020-06-21
6.45,23.91,0.0,2.1643276744914957,2020-06-22
10.26,28.13,0.0,2.428099623818181,2020-06-23
14.52,26.18,0.3,1.8376113309249456,2020-06-24
14.44,26.28,0.0,1.8579860915927464,2020-06-25
11.49,30.14,4.17,2.103252587212366,2020-06-26
13.91,21.22,0.0,0.9863574304044042,2020-06-27
12.8,20.71,0.0,1.0767406374287594,2020-06-28
14.66,19.74,0.0,0.7140398509021757,2020-06-29
13.78,20.65,12.71,0.8286059455876028,2020-06-30
14.42,24.11,0.31,1.4974080532139695,2020-07-01
11.3,24.0,2.16,1.4705625901745047,2020-07-02
10.31,26.21,0.0,2.188579981002974,2020-07-03
12.33,29.36,0.0,2.4063587386813325,2020-07-04
12.24,23.55,0.0,1.6761411861530682,2020-07-05
11.04,24.83,0.0,1.988850602198824,2020-07-06
12.58,28.66,7.85,1.8711471495371683,2020-07-07
14.13,20.32,2.71,0.7376729923875148,2020-07-08
12.39,22.38,0.0,1.413450967421628,2020-07-09
9.78,23.67,3.61,1.495721830363018,2020-07-10
10.35,25.31,0.0,2.0147013932019817,2020-07-11
12.74,25.59,0.82,1.8599378661202892,2020-07-12
10.36,20.07,2.04,1.0665379919139293,2020-07-13
10.78,21.68,4.31,1.1936034488331986,2020-07-14
11.66,23.05,0.0,1.5813046933967083,2020-07-15
10.03,25.54,1.09,2.030181442992474,2020-07-16
13.82,25.04,0.0,1.6070757826850697,2020-07-17
11.46,22.08,0.68,1.425854821010858,2020-07-18
10.44,23.19,0.0,1.6825298065578504,2020-07-19
11.86,23.72,3.78,1.2926664052475243,2020-07-20
9.65,25.51,0.0,1.9837557126307424,2020-07-21
14.6,30.63,0.0,2.203664507041188,2020-07-22
17.4,29.18,0.0,1.739142506039416,2020-07-23
14.91,26.96,0.0,1.7140526980643649,2020-07-24
11.82,21.18,0.0,1.196361335150539,2020-07-25
10.84,24.86,0.0,1.837118962846663,2020-07-26
9.31,27.64,0.0,2.1841233942917193,2020-07-27
11.02,30.99,0.0,2.387646258473414,2020-07-28
15.06,33.45,0.0,2.38918823836198,2020-07-29
15.78,32.05,0.0,2.1698156223200704,2020-07-30
13.21,26.56,0.0,1.7103789524901,2020-07-31
9.18,28.22,0.0,2.150831104108821,2020-08-01
10.69,28.32,0.0,2.08435197624908,2020-08-02
14.05,29.72,0.9,1.9976231586229556,2020-08-03
11.96,27.15,0.0,1.8464682322877553,2020-08-04
8.91,29.25,0.0,2.208474475047154,2020-08-05
11.48,33.66,0.0,2.4634332926293787,2020-08-06
13.02,24.77,0.0,1.3874241535476657,2020-08-07
11.71,25.13,3.27,1.3159146478468493,2020-08-08
8.95,22.01,0.0,1.4032819543588235,2020-08-09
8.06,23.88,0.0,1.6775510408275336,2020-08-10
8.49,24.36,0.0,1.687065522496859,2020-08-11
11.91,28.12,0.0,1.8386559769602409,2020-08-12
8.25,24.85,0.0,1.7185989507146382,2020-08-13
7.55,24.41,1.52,1.6984754592097808,2020-08-14
7.95,24.9,0.0,1.7085850359116497,2020-08-15
8.77,29.0,0.0,2.03250901452733,2020-08-16
11.35,34.59,0.0,2.371628308004252,2020-08-17
11.96,35.63,0.0,2.4091729368289303,2020-08-18
13.54,33.48,0.0,2.202782649773276,2020-08-19
13.54,32.81,0.0,2.1205531749024105,2020-08-20
14.22,27.07,0.0,1.3858774023493392,2020-08-21
10.15,31.61,0.0,2.156932502072795,2020-08-22
6.95,28.07,0.0,1.963442508248554,2020-08-23
9.57,28.71,6.42,1.588297093967426,2020-08-24
12.03,25.36,0.0,1.3259579048054524,2020-08-25
8.81,25.13,0.0,1.5338093887568816,2020-08-26
6.89,21.71,10.32,1.180029033808965,2020-08-27
6.74,22.79,0.0,1.3991575691222464,2020-08-28
8.3,30.72,0.0,2.0057095361877213,2020-08-29
6.32,16.44,0.0,0.8796394810392889,2020-08-30
3.13,18.9,0.0,1.2407312161354034,2020-08-31
8.57,21.94,0.0,1.2106462705269727,2020-09-01
7.33,16.44,7.11,0.7291762039674744,2020-09-02
4.9,21.37,0.0,1.3391832933457226,2020-09-03
4.29,23.45,0.0,1.5068050432143572,2020-09-04
7.65,29.28,0.0,1.8735954775928063,2020-09-05
7.09,17.1,0.0,0.8650365681798721,2020-09-06
-0.19,10.25,0.0,0.7242679425725377,2020-09-07
-4.88,15.38,0.0,1.196598419681182,2020-09-08
3.68,20.46,0.0,1.3013169617738916,2020-09-09
3.91,25.99,0.0,1.7277516708903564,2020-09-10
7.98,30.44,0.0,1.920682030729285,2020-09-11
5.53,15.99,1.67,0.8371525115718788,2020-09-12
-1.08,14.9,0.0,1.0413928555983651,2020-09-13
5.4,15.93,0.0,0.8339930432088369,2020-09-14
3.4,13.68,0.0,0.7690842480965908,2020-09-15
-1.08,13.96,0.0,1.051943605369796,2020-09-16
2.03,17.61,0.0,1.232677559201952,2020-09-17
-0.56,24.04,0.0,1.7528628832806132,2020-09-18
6.33,26.6,0.0,1.79820489437603,2020-09-19
12.17,19.75,9.49,0.6379541469909213,2020-09-20
7.94,23.06,0.0,1.326261471663999,2020-09-21
7.13,20.68,0.0,1.132250667372356,2020-09-22
8.75,21.62,0.0,1.104836922924678,2020-09-23
8.31,24.0,0.0,1.3631121580718943,2020-09-24
5.01,21.88,0.0,1.3512084030295428,2020-09-25
7.76,15.4,0.89,0.6207107434617638,2020-09-26
4.65,15.14,0.18,0.779740378633965,2020-09-27
0.78,22.47,0.0,1.4816879946612695,2020-09-28
6.8,18.35,0.0,0.9218821819960158,2020-09-29
0.61,12.49,0.0,0.7684439037742482,2020-09-30
-4.46,11.28,0.0,0.8729765345380014,2020-10-01
0.53,16.92,0.0,1.1111506507445623,2020-10-02
-0.97,15.64,0.0,1.0525398956364636,2020-10-03
4.63,23.05,0.33,1.4151481775610713,2020-10-04
7.87,18.93,0.0,0.8557415538607385,2020-10-05
6.14,18.03,0.0,0.914813949895814,2020-10-06
-0.45,15.51,0.0,1.0369383820444469,2020-10-07
7.21,21.72,1.69,1.2045795286453975,2020-10-08
1.4,10.38,0.0,0.5668066074899463,2020-10-09
2.53,25.43,0.0,1.6278973097705611,2020-10-10
4.14,15.3,0.0,0.7702306153728948,2020-10-11
-3.61,12.19,0.0,0.8766293337957346,2020-10-12
-0.06,10.67,0.0,0.6349363354634716,2020-10-13
-5.65,6.57,0.0,0.5840795734904984,2020-10-14
-6.08,5.65,0.0,0.5468166195786234,2020-10-15
-10.09,3.2,0.0,0.5198360669351916,2020-10-16
-12.64,-0.75,0.0,0.4061745809948835,2020-10-17
-5.78,-2.57,0.0,0.1450419212560537,2020-10-18
-6.81,-0.65,0.84,0.2763108195082764,2020-10-19
-7.08,-1.83,0.42,0.2298000716540914,2020-10-20
-8.85,0.52,0.0,0.3876881563325956,2020-10-21
-13.4,-2.25,0.0,0.3705459774097687,2020-10-22
-13.91,-3.61,0.0,0.3298883882218187,2020-10-23
-7.86,-4.65,0.0,0.1325236634235067,2020-10-24
-11.26,-2.21,0.0,0.3287312169751247,2020-10-25
-13.92,2.95,0.17,0.550318827147166,2020-10-26
-3.63,11.73,0.43,0.8160365107479081,2020-10-27
-4.86,4.02,0.28,0.4137836657597097,2020-10-28
-5.5,6.7,0.4,0.5546443547537057,2020-10-29
-0.73,11.33,0.0,0.6522512160640442,2020-10-30
-6.94,1.17,0.0,0.3401299298050478,2020-10-31
-7.45,13.77,0.0,0.8893263751597338,2020-11-01
0.23,17.29,0.0,0.9496091548800656,2020-11-02
0.61,15.89,0.0,0.841857356274397,2020-11-03
-1.37,13.65,0.0,0.7730827279005221,2020-11-04
0.8,17.27,0.0,0.9008213112676484,2020-11-05
-3.04,6.43,0.36,0.4553546776074268,2020-11-06
-3.09,0.89,4.04,0.1777179076665089,2020-11-07
-10.08,-3.4,17.59,0.2239160244364188,2020-11-08
-19.33,-9.67,0.0,0.2103717060607547,2020-11-09
-16.73,-6.34,0.0,0.2638959970817082,2020-11-10
-18.47,-6.18,1.18,0.28556837994514,2020-11-11
-23.97,-10.1,0.0,0.2321005412321654,2020-11-12
-13.16,-0.65,0.0,0.385114888085418,2020-11-13
-10.37,-1.25,0.71,0.3162980435380652,2020-11-14
-11.51,-6.28,0.0,0.1660087833360503,2020-11-15
-9.02,-5.8,0.0,0.1143056138316926,2020-11-16
-7.59,-1.08,0.0,0.2521935678590499,2020-11-17
-5.0,3.68,0.0,0.3786197151095882,2020-11-18
-12.93,-4.64,4.24,0.2357909492636574,2020-11-19
-19.2,-10.8,0.0,0.1744292295507175,2020-11-20
-19.18,-5.01,0.0,0.3090809575187689,2020-11-21
-17.57,-8.41,0.0,0.2094192494225393,2020-11-22
-11.88,-5.32,0.0,0.1998581056371664,2020-11-23
-9.81,-3.13,0.0,0.2258881586590354,2020-11-24
-9.37,1.75,0.81,0.3932501023687635,2020-11-25
-13.06,-1.45,0.0,0.3427666462677571,2020-11-26
-10.41,0.17,0.0,0.353453240411733,2020-11-27
-10.76,-1.31,0.2,0.3081696663074751,2020-11-28
-15.98,-3.62,0.0,0.3117603623259076,2020-11-29
-9.67,1.66,0.0,0.390169811173902,2020-11-30
-8.7,2.56,0.0,0.4054195212448981,2020-12-01
-11.33,-1.94,0.0,0.2957232333726388,2020-12-02
-8.0,2.24,0.0,0.3790134112601402,2020-12-03
-6.9,2.26,0.0,0.3547083035562394,2020-12-04
-7.86,1.5,0.0,0.3476324501523851,2020-12-05
-10.21,-0.03,0.0,0.339063042543004,2020-12-06
-8.92,3.07,0.0,0.425480352809359,2020-12-07
-4.99,3.66,0.0,0.3607937604975084,2020-12-08
-6.49,1.52,0.0,0.3123230151485812,2020-12-09
-13.34,-4.31,0.0,0.2532749160476362,2020-12-10
-13.17,-4.44,0.0,0.2463007372040066,2020-12-11
-11.83,-3.64,0.0,0.2472383378189315,2020-12-12
-28.73,-13.44,0.0,0.1760733126533488,2020-12-13
-30.02,-15.65,0.33,0.1489605429712641,2020-12-14
-20.35,-11.28,0.0,0.1686460999739697,2020-12-15
-17.78,-6.28,0.0,0.2548834445053922,2020-12-16
-16.25,1.42,1.06,0.4452633507947695,2020-12-17
-23.11,-5.48,0.0,0.3004614011153576,2020-12-18
-13.72,4.1,0.0,0.5100590265103716,2020-12-19
-7.72,2.44,0.0,0.3710918240100931,2020-12-20
-9.1,-0.79,1.05,0.2825648694042355,2020-12-21
-14.45,-4.97,2.52,0.2395484431729396,2020-12-22
-18.21,-9.47,0.0,0.1828153333284091,2020-12-23
-15.01,-0.49,0.0,0.3815421509620728,2020-12-24
-14.1,-3.11,0.0,0.2955933617087479,2020-12-25
-13.35,-6.02,0.32,0.1993761368999089,2020-12-26
-16.13,-7.1,0.2,0.2142303921760564,2020-12-27
-19.1,-8.89,0.0,0.206400467536901,2020-12-28
-17.06,-6.87,0.0,0.2326283660288433,2020-12-29
-20.03,-9.59,0.0,0.2007617247969148,2020-12-30
-16.67,-5.05,0.0,0.2764770423304448,2021-01-01
-10.86,3.7,0.0,0.4751536869853106,2021-01-02
-4.11,3.53,0.0,0.3294557476353269,2021-01-03
-11.2,-1.92,0.0,0.291760557886042,2021-01-04
-11.17,-0.75,0.0,0.3305317407104133,2021-01-05
-12.31,1.89,0.0,0.4342511465611139,2021-01-06
-10.18,0.58,0.0,0.3605958416681009,2021-01-07
-13.76,-3.62,0.0,0.2831217137730273,2021-01-08
-14.75,-5.7,0.0,0.2380818751476685,2021-01-09
-15.37,-6.62,0.0,0.2226960555235586,2021-01-10
-13.79,-2.29,0.0,0.3255884098717305,2021-01-11
-9.85,-0.39,0.0,0.3239458957418274,2021-01-12
-7.88,6.0,5.08,0.5088139249452445,2021-01-13
-6.67,-0.47,0.0,0.2435263222794779,2021-01-14
-14.49,-5.66,0.0,0.2395389122656202,2021-01-15
-11.02,-0.24,0.0,0.3553602745038678,2021-01-16
-11.64,-2.24,2.49,0.2866054584097824,2021-01-17
-11.77,0.0,0.0,0.3781481712736193,2021-01-18
-14.46,2.53,0.0,0.4890618024747777,2021-01-19
-6.39,2.85,0.0,0.3811515112136353,2021-01-20
-13.13,-6.41,0.2,0.1978181114318085,2021-01-21
-10.28,-4.84,1.45,0.1851277817918288,2021-01-22
-28.88,-10.04,0.0,0.2373554529397319,2021-01-23
-33.77,-24.61,0.0,0.1,2021-01-24
-31.53,-24.06,0.0,0.1,2021-01-25
-29.82,-20.35,0.0,0.1005468644632817,2021-01-26
-23.8,-14.87,0.0,0.1445380341638975,2021-01-27
-18.53,-11.22,0.0,0.1639019152665445,2021-01-28
-15.54,-9.86,0.0,0.1500040095187608,2021-01-29
-14.28,-10.3,0.0,0.1117883094390016,2021-01-30
-16.96,-10.24,0.0,0.167640896159237,2021-01-31
-13.4,-2.83,0.0,0.3319189488259829,2021-02-01
-10.56,-1.39,0.0,0.3332004431646814,2021-02-02
-19.74,-10.38,0.0,0.205812500338098,2021-02-03
-21.63,-15.72,0.0,0.1119370692970514,2021-02-04
-28.88,-18.03,0.0,0.1330608130930211,2021-02-05
-35.98,-26.31,0.0,0.1,2021-02-06
-38.12,-29.19,0.0,0.1,2021-02-07
-37.67,-26.62,0.0,0.1,2021-02-08
-28.77,-25.39,0.0,0.1,2021-02-09
-34.63,-26.99,0.0,0.1,2021-02-10
-37.94,-28.12,0.1,0.1,2021-02-11
-32.78,-23.34,0.0,0.1,2021-02-12
-37.69,-24.91,0.0,0.1,2021-02-13
-35.16,-22.44,0.0,0.1046828103734794,2021-02-14
-31.34,-18.74,0.0,0.1397415054150249,2021-02-15
-26.47,-16.75,0.0,0.150178405435386,2021-02-16
-23.76,-16.03,0.0,0.142374754099601,2021-02-17
-26.44,-13.86,0.0,0.2023617624927601,2021-02-18
-23.31,-4.12,0.0,0.4492777630702111,2021-02-19
-11.72,-3.28,0.0,0.4177016324439066,2021-02-20
-13.52,3.07,0.0,0.7784334737200307,2021-02-21
-4.07,4.32,0.0,0.7415086760269357,2021-02-22
-8.68,-0.46,0.0,0.539408465364719,2021-02-23
-10.85,-1.94,0.0,0.5152929881107017,2021-02-24
-11.68,0.44,0.0,0.689438510777321,2021-02-25
-17.68,-2.93,0.0,0.5536323584353947,2021-02-26
-24.6,-13.51,0.0,0.2222587138123906,2021-02-27
-22.22,-12.56,0.0,0.2289058612920764,2021-02-28
-17.49,2.4,0.0,0.775758360897372,2021-03-01
-7.89,1.97,0.0,0.7479095026690792,2021-03-02
-12.67,0.89,0.0,0.7878486138752058,2021-03-03
-11.15,0.82,0.0,0.7835717816336619,2021-03-04
-7.82,3.62,0.0,0.9418908972795296,2021-03-05
-1.0,6.32,0.0,0.9293802758726494,2021-03-06
-4.24,4.59,0.0,0.944116611739315,2021-03-07
-6.01,3.44,0.0,0.9169721603343964,2021-03-08
-6.15,-1.09,0.0,0.4296848809701744,2021-03-09
-9.93,0.59,0.0,0.8122078966858247,2021-03-10
-18.19,-3.58,0.0,0.6223033760282131,2021-03-11
-9.97,4.58,0.0,1.0737290777549988,2021-03-12
-7.63,5.93,0.0,1.1585972898128336,2021-03-13
-1.85,8.24,0.0,1.2944045130344202,2021-03-14
-2.19,6.9,0.0,1.183339972616808,2021-03-15
-9.64,0.22,0.0,0.8187110625892666,2021-03-16
-7.73,8.56,0.0,1.2964053813314849,2021-03-17
-3.16,13.26,0.0,1.5782394919008669,2021-03-18
-0.49,17.49,0.0,1.8243600801250115,2021-03-19
-1.59,12.84,0.0,1.5766543933989468,2021-03-20
-5.03,3.23,0.0,0.9678877072822044,2021-03-21
-6.33,8.08,0.78,1.311432847369839,2021-03-22
-8.4,0.02,0.0,0.8117558659075244,2021-03-23
-5.64,8.5,0.0,1.3496132355670962,2021-03-24
-4.94,3.29,0.0,1.0075227794917458,2021-03-25
-9.81,2.25,0.0,1.026387603612625,2021-03-26
-8.86,6.62,0.0,1.2408259395105998,2021-03-27
-0.47,18.15,0.0,1.9253673792957555,2021-03-28
-9.33,6.34,3.66,1.1428151069010348,2021-03-29
-14.16,-5.37,0.0,0.5827764725737492,2021-03-30
-15.29,8.32,0.0,1.2122485878120843,2021-03-31
-1.89,16.16,0.0,1.827732555920769,2021-04-01
-0.31,12.47,0.0,1.627934283457182,2021-04-02
-1.36,13.89,0.0,1.7170453908241987,2021-04-03
-0.61,17.72,0.0,1.9433180804930663,2021-04-04
-3.09,12.03,0.0,1.6033969168509654,2021-04-05
-3.06,16.69,0.0,1.8064112339941911,2021-04-06
-1.15,21.45,0.0,2.081937516530609,2021-04-07
1.73,15.47,0.89,1.7667617225395744,2021-04-08
-6.27,11.58,0.0,1.5094488360462823,2021-04-09
-1.13,13.85,0.0,1.676329914671857,2021-04-10
-1.82,4.26,1.7,0.8651771726204865,2021-04-11
-3.06,4.26,0.0,0.9985674930867596,2021-04-12
-2.85,4.32,0.0,1.0017964760716265,2021-04-13
-2.47,8.49,0.0,1.374407648451381,2021-04-14
-3.51,14.28,0.0,1.718108071789092,2021-04-15
-5.16,15.38,0.0,1.758772667425874,2021-04-16
-0.44,20.18,0.0,2.089506621863026,2021-04-17
-3.05,7.39,0.0,1.3176097882806783,2021-04-18
-6.73,4.84,0.0,1.1882932166875515,2021-04-19
-9.39,9.88,0.0,1.4338870879395602,2021-04-20
-3.96,18.3,0.0,1.9558798769014432,2021-04-21
-5.09,7.82,0.0,1.3585493815610157,2021-04-22
-12.62,5.37,0.0,1.180655269293705,2021-04-23
-10.14,7.26,0.0,1.3017889101451217,2021-04-24
-5.76,12.01,0.0,1.6013074056017629,2021-04-25
-2.44,15.12,0.0,1.8124926794202971,2021-04-26
-4.14,11.49,0.0,1.5909292453200508,2021-04-27
-2.52,14.78,0.0,1.801932399385542,2021-04-28
-3.47,11.08,0.0,1.57079550143015,2021-04-29
2.47,26.15,0.0,2.534593239068223,2021-04-30
4.97,20.19,0.0,2.166645466992177,2021-05-01
1.08,13.15,0.0,1.6960460722243087,2021-05-02
-5.78,10.1,0.0,1.5216596680727057,2021-05-03
-5.77,14.47,0.0,1.7752287746322493,2021-05-04
-3.68,17.27,0.0,1.965067801327388,2021-05-05
-1.11,17.11,0.0,1.9870225372540031,2021-05-06
0.3,17.53,0.0,2.0273646372680254,2021-05-07
2.68,15.59,0.0,1.8795957455152643,2021-05-08
-3.66,16.16,0.0,1.9210785974133056,2021-05-09
-2.2,18.64,0.0,2.0878561974635916,2021-05-10
0.46,20.3,0.0,2.2135220468105685,2021-05-11
2.92,21.03,0.0,2.268087001389143,2021-05-12
1.52,22.33,0.0,2.346862581899059,2021-05-13
3.67,22.82,0.0,2.3861631233054372,2021-05-14
3.3,24.14,0.0,2.476935838142083,2021-05-15
8.22,26.14,0.0,2.6076942520829665,2021-05-16
8.08,32.76,0.0,3.055246895639779,2021-05-17
11.25,28.77,0.0,2.765647672135737,2021-05-18
1.51,12.97,0.0,1.6849612438489552,2021-05-19
-0.98,4.7,1.59,0.9582857186164476,2021-05-20
-1.29,6.57,0.0,1.268012168573204,2021-05-21
-1.67,11.89,0.0,1.6683390443089618,2021-05-22
7.01,17.64,15.94,1.8370054725916023,2021-05-23
9.07,11.94,17.8,0.4476246179539309,2021-05-24
2.13,9.9,0.0,1.1241782470198771,2021-05-25
-0.29,13.94,0.0,1.839075338133136,2021-05-26
1.42,19.64,0.0,2.243073729538831,2021-05-27
7.8,22.13,0.0,2.382003864907154,2021-05-28
6.58,20.95,0.0,2.309916325813417,2021-05-29
1.9,23.16,0.0,2.4913285427693,2021-05-30
8.55,27.4,0.0,2.79172893667446,2021-05-31
8.83,26.98,0.0,2.75636209862796,2021-06-01
11.8,32.26,0.0,3.111589742808882,2021-06-02
13.13,35.72,0.0,3.336245753054163,2021-06-03
15.37,28.96,0.0,2.772431144666941,2021-06-04
10.98,27.93,0.0,2.811871465474278,2021-06-05
8.55,20.14,3.12,1.8506449617722256,2021-06-06
9.04,22.76,0.0,2.427627702060822,2021-06-07
5.28,23.43,0.54,2.5393018798772813,2021-06-08
12.0,20.06,5.07,1.3824949235180888,2021-06-09
14.07,22.45,13.07,1.4716120981354384,2021-06-10
10.94,20.36,0.0,1.757214467432442,2021-06-11
6.71,24.03,0.0,2.604789621365827,2021-06-12
6.61,27.46,0.0,2.852211063787634,2021-06-13
13.21,32.02,0.0,3.1443473260021215,2021-06-14
17.41,33.81,1.87,3.1970106085010106,2021-06-15
12.27,24.79,0.0,2.413737481516412,2021-06-16
7.17,22.97,0.0,2.4914655170503117,2021-06-17
8.33,18.35,0.0,1.7563110722392632,2021-06-18
6.82,20.99,0.0,2.2608514636216697,2021-06-19
6.01,18.14,0.0,1.9181068352160544,2021-06-20
1.69,24.59,0.0,2.6259368727147443,2021-06-21
10.42,30.75,1.39,3.0696344003654485,2021-06-22
12.8,24.22,0.0,2.162111586534951,2021-06-23
8.57,25.38,0.0,2.6229492671946595,2021-06-24
9.98,27.57,0.0,2.805039122565715,2021-06-25
13.0,29.37,0.0,2.8782312151260383,2021-06-26
11.97,28.68,0.0,2.844067415322111,2021-06-27
10.52,29.89,0.0,2.983635319823876,2021-06-28
13.27,33.5,0.0,3.2150197285489255,2021-06-29
15.13,34.98,0.0,3.293263712778925,2021-06-30
16.34,35.58,0.0,3.3135895359320227,2021-07-01
18.82,39.39,0.0,3.536220380549845,2021-07-02
17.3,30.97,2.07,2.2818477426340924,2021-07-03
13.18,26.85,1.55,2.5293786511046044,2021-07-04
13.42,23.93,0.0,1.9964246575391171,2021-07-05
10.79,20.74,0.0,1.7509034352825426,2021-07-06
12.6,28.15,0.0,2.732588750098083,2021-07-07
12.85,28.77,0.0,2.8072689189762503,2021-07-08
12.32,31.39,0.0,3.0561398630310403,2021-07-09
13.63,33.67,0.0,3.1930750836394695,2021-07-10
15.5,31.95,0.0,2.9928273975595943,2021-07-11
11.76,27.97,0.0,2.720122030689802,2021-07-12
9.9,28.91,0.0,2.8756979124514994,2021-07-13
11.89,31.28,0.0,3.0244583216447816,2021-07-14
14.33,35.0,0.0,3.2532778135382663,2021-07-15
16.48,29.86,0.0,2.575559285396805,2021-07-16
16.56,34.88,0.0,3.1908152020551546,2021-07-17
14.02,25.62,0.0,2.1215845320756404,2021-07-18
13.99,20.53,0.5,1.0745397711664224,2021-07-19
15.54,27.36,0.0,2.23593029916061,2021-07-20
14.8,30.91,0.0,2.8461586028763297,2021-07-21
13.31,33.56,0.0,3.1422176407513684,2021-07-22
6.6,28.49,0.0,2.814658899529199,2021-07-23
10.12,28.77,0.0,2.781209149440236,2021-07-24
10.58,27.53,2.36,2.1797858381344173,2021-07-25
12.19,27.61,0.0,2.505427268601612,2021-07-26
12.27,33.36,0.0,3.0983058179140968,2021-07-27
12.38,29.6,0.0,2.713103795283732,2021-07-28
12.32,33.94,0.62,3.124877474361376,2021-07-29
11.95,31.05,0.0,2.8568341223740616,2021-07-30
11.48,31.42,0.0,2.895994488541748,2021-07-31
12.27,33.33,0.0,3.039174160072286,2021-08-01
15.84,35.12,0.0,3.0686243535080924,2021-08-02
18.6,28.6,0.0,1.815979936066808,2021-08-03
13.93,27.0,0.0,2.1572008086088537,2021-08-04
11.03,30.76,0.0,2.7750652666785447,2021-08-05
15.66,33.46,0.0,2.8320408817013134,2021-08-06
15.57,27.87,0.0,2.059070904638968,2021-08-07
12.83,21.71,0.0,1.336434121517798,2021-08-08
11.09,19.99,3.96,0.981416076549232,2021-08-09
10.38,23.03,3.95,1.4660932734494658,2021-08-10
10.41,25.97,0.0,2.1668582095079434,2021-08-11
8.82,23.42,0.0,1.9549117235655395,2021-08-12
8.39,30.1,0.0,2.632769666169156,2021-08-13
15.36,37.18,0.0,3.035649672860092,2021-08-14
15.88,31.83,0.0,2.4393902245406216,2021-08-15
14.6,25.53,0.0,1.6433580466800215,2021-08-16
10.33,19.04,1.28,1.0967776205973438,2021-08-17
10.01,19.05,0.0,1.117148367153858,2021-08-18
7.87,20.61,0.0,1.5893819280421655,2021-08-19
9.53,19.56,0.0,1.2651299448519235,2021-08-20
5.92,22.05,1.84,1.8763753587106893,2021-08-21
9.76,15.53,4.84,0.5290208232168054,2021-08-22
7.27,16.56,20.06,1.0784584642688777,2021-08-23
7.56,15.18,0.0,0.8795270070060734,2021-08-24
3.51,20.35,0.0,1.851934344246316,2021-08-25
6.82,22.16,10.21,1.560934984435371,2021-08-26
12.1,19.24,0.0,0.8366243935462498,2021-08-27
10.33,24.39,0.0,1.843967952448179,2021-08-28
7.75,26.18,0.0,2.1371935759688445,2021-08-29
9.41,29.57,0.0,2.359565286945578,2021-08-30
11.71,26.76,7.25,1.6200983005588676,2021-08-31
8.76,21.43,0.58,1.503668447992752,2021-09-01
9.3,18.03,0.0,0.9563229241347472,2021-09-02
9.0,21.34,0.0,1.4442846785886565,2021-09-03
5.49,22.71,0.0,1.7732845380582123,2021-09-04
7.21,29.32,0.0,2.253113786268998,2021-09-05
9.19,22.78,3.4,1.2736193206499886,2021-09-06
7.51,23.48,0.0,1.704283496079158,2021-09-07
5.1,25.63,0.0,1.974137797521326,2021-09-08
10.26,27.97,0.0,2.1132234380382156,2021-09-09
8.31,21.56,0.0,1.5376873138438678,2021-09-10
4.6,15.17,0.0,1.0397972406646498,2021-09-11
2.13,19.75,0.0,1.6185770507554529,2021-09-12
6.86,21.26,0.0,1.569390786367717,2021-09-13
3.68,23.42,0.0,1.8593984344598928,2021-09-14
7.17,18.53,0.0,1.217727945757283,2021-09-15
3.3,14.53,0.83,1.0252352406597536,2021-09-16
-1.45,18.6,0.0,1.5217967344704697,2021-09-17
11.09,32.87,0.0,2.315126513721669,2021-09-18
6.68,19.29,0.0,1.2435854785933549,2021-09-19
1.5,17.94,0.0,1.362188033085255,2021-09-20
1.7,22.3,0.0,1.677146719365261,2021-09-21
6.35,26.35,0.0,1.8583324025866643,2021-09-22
3.28,16.06,0.0,1.043216668572969,2021-09-23
-0.78,19.09,0.0,1.435574559914655,2021-09-24
6.66,25.38,0.0,1.7093074419528589,2021-09-25
3.22,24.72,0.0,1.723797201489828,2021-09-26
8.12,29.5,0.0,1.937183363886784,2021-09-27
6.39,29.31,0.0,1.945091559081344,2021-09-28
6.84,21.09,0.0,1.2210335056157802,2021-09-29
2.21,24.59,0.0,1.6629291645437176,2021-09-30
5.5,23.35,0.0,1.457878652058792,2021-10-01
0.06,21.04,0.0,1.4334971365695834,2021-10-02
4.1,23.31,0.0,1.489294166998948,2021-10-03
1.32,18.16,0.0,1.1632233768725475,2021-10-04
4.65,21.24,0.0,1.26956041374464,2021-10-05
4.39,26.95,0.0,1.699187433365761,2021-10-06
2.74,14.33,0.0,0.7521409321056781,2021-10-07
0.43,17.09,0.0,1.0636287441041077,2021-10-08
-2.31,19.64,0.0,1.2948657002550354,2021-10-09
-1.35,17.33,0.0,1.1084037568866252,2021-10-10
-1.47,8.09,0.0,0.5245177478750419,2021-10-11
-6.67,9.06,0.0,0.7190601650978803,2021-10-12
-4.03,6.17,4.46,0.4739864590168859,2021-10-13
-1.27,5.46,1.66,0.3645108731530694,2021-10-14
-3.79,13.78,0.0,0.8877498824395251,2021-10-15
-1.67,17.38,0.0,1.0279426268996017,2021-10-16
2.04,23.34,0.0,1.3066044081455377,2021-10-17
0.58,13.34,0.0,0.7345313603851844,2021-10-18
-6.06,7.34,0.0,0.6030465672973425,2021-10-19
-7.45,8.09,0.0,0.6624886255467486,2021-10-20
-4.26,8.64,0.0,0.6169901730239878,2021-10-21
-5.76,9.57,0.0,0.694628559461001,2021-10-22
-1.61,7.46,0.4,0.4695744849366606,2021-10-23
2.57,6.0,0.0,0.2050238883317873,2021-10-24
4.32,9.01,2.04,0.2801222814110004,2021-10-25
1.6,10.08,0.0,0.4907001894508682,2021-10-26
-1.09,12.27,0.0,0.7087045020436986,2021-10-27
-2.73,11.19,0.0,0.6955649368853187,2021-10-28
-0.39,8.87,0.0,0.4978625338105266,2021-10-29
-5.31,5.12,0.0,0.4654839436525272,2021-10-30
-8.36,4.13,0.0,0.4916650824420273,2021-10-31
-8.78,2.46,0.0,0.4314476935533172,2021-11-01
-10.37,7.02,0.0,0.6340508503786164,2021-11-02
-9.71,8.91,0.0,0.6979600031146918,2021-11-03
-3.73,13.64,0.0,0.8175744952954865,2021-11-04
0.82,13.39,0.0,0.6908083656467425,2021-11-05
-4.13,8.82,0.0,0.595416800925744,2021-11-06
-6.8,9.78,0.0,0.6871044818284174,2021-11-07
-7.31,8.66,0.0,0.6453554298183364,2021-11-08
-10.28,8.07,0.0,0.6553780597949582,2021-11-09
-2.56,3.53,3.92,0.2747319127513288,2021-11-10
-7.0,-1.81,0.0,0.2009686763781304,2021-11-11
-8.68,-4.73,0.0,0.1392103212202027,2021-11-12
-11.34,3.07,0.0,0.476818173414764,2021-11-13
-7.44,0.51,0.0,0.3042751251977,2021-11-14
-1.7,3.5,1.08,0.250997670127514,2021-11-15
-4.04,5.67,10.16,0.4158759743462454,2021-11-16
-11.65,-4.16,0.0,0.232526882445591,2021-11-17
-14.13,-1.78,0.0,0.3483947278890953,2021-11-18
-11.83,-1.97,0.0,0.3075621344939857,2021-11-19
-11.57,-0.03,0.0,0.3667402011190515,2021-11-20
-18.42,-4.49,0.0,0.3115729609686815,2021-11-21
-7.31,3.36,0.0,0.4094109194719263,2021-11-22
-10.86,2.7,0.0,0.4451924103638652,2021-11-23
-16.0,-9.42,0.0,0.1557195830476355,2021-11-24
-11.73,-0.28,0.0,0.3543792445683317,2021-11-25
-5.53,5.72,0.0,0.4595294527981423,2021-11-26
-8.85,2.55,0.0,0.4025077663058882,2021-11-27
-6.66,2.23,0.0,0.3414291633914348,2021-11-28
-5.78,5.04,0.0,0.4341011839498973,2021-11-29
-7.44,4.04,0.0,0.4289841585002806,2021-11-30
-2.03,6.69,0.0,0.4024270477396871,2021-12-01
-6.19,1.68,2.59,0.2992083465687396,2021-12-02
-10.89,-2.79,0.0,0.2563062576544792,2021-12-03
-14.06,-5.28,0.0,0.2369763287880873,2021-12-04
-23.42,-10.46,0.0,0.2084020256902204,2021-12-05
-25.34,-13.99,0.0,0.1575451022867734,2021-12-06
-21.96,-11.05,0.0,0.1878293326091126,2021-12-07
-15.7,1.61,1.24,0.4506443971055068,2021-12-08
-13.31,-1.56,0.0,0.3348832794665543,2021-12-09
-15.64,-4.07,0.0,0.2903769936240827,2021-12-10
-11.03,3.98,0.0,0.483638950586315,2021-12-11
-9.62,0.8,0.0,0.3506421885469448,2021-12-12
-13.66,-4.22,0.0,0.2578056024333949,2021-12-13
-10.26,-2.04,0.0,0.2645366640331008,2021-12-14
-22.44,-11.15,0.0,0.1869976411698392,2021-12-15
-26.01,-18.4,0.55,0.1,2021-12-16
-26.63,-18.21,0.0,0.1011131295792907,2021-12-17
-28.79,-12.99,0.0,0.1810093352936696,2021-12-18
-19.77,-11.72,0.0,0.1515140986613273,2021-12-19
-21.8,-11.7,0.0,0.1715822738553911,2021-12-20
-18.88,-8.65,0.0,0.2085914755622309,2021-12-21
-14.34,-7.44,1.59,0.1771776796544197,2021-12-22
-16.44,-4.46,1.5,0.2860898707749942,2021-12-23
-26.41,-14.44,0.0,0.1537290598486687,2021-12-24
-30.43,-23.14,0.61,0.1,2021-12-25
-27.92,-24.34,4.58,0.1,2021-12-26
-34.57,-25.67,0.0,0.1,2021-12-27
-36.2,-27.19,0.0,0.1,2021-12-28
-35.64,-26.68,0.0,0.1,2021-12-29
-38.43,-28.33,0.0,0.1,2021-12-30
-36.05,-28.28,0.0,0.1,2021-12-31
-35.21,-24.06,0.0,0.1,2022-01-01
-26.41,-1.78,0.0,0.3736655956541603,2022-01-02
-17.82,-6.33,5.06,0.2449064773101966,2022-01-03
-23.36,-13.1,1.66,0.1579693165026406,2022-01-04
-32.48,-19.61,0.0,0.1086238599743226,2022-01-05
-35.79,-26.55,0.0,0.1,2022-01-06
-24.38,-7.16,1.61,0.2728979021168996,2022-01-07
-24.79,-15.81,0.0,0.1242949255231978,2022-01-08
-29.76,-18.58,0.0,0.1130294699450799,2022-01-09
-21.71,-0.17,0.0,0.4225635518799295,2022-01-10
-14.35,2.62,0.0,0.4771881800348766,2022-01-11
-2.29,5.2,0.0,0.3447001849502094,2022-01-12
-6.15,4.39,3.05,0.4064258860194217,2022-01-13
-6.74,1.0,0.0,0.297391822904164,2022-01-14
-4.29,4.97,0.0,0.3992236590852657,2022-01-15
-5.09,4.64,0.0,0.4084250062383412,2022-01-16
-6.23,3.71,1.01,0.3988457974999157,2022-01-17
-19.3,2.02,0.0,0.4866616157146837,2022-01-18
-27.19,-15.56,0.0,0.1462220368223172,2022-01-19
-23.16,-2.06,1.75,0.388051683537281,2022-01-20
-9.67,2.79,2.0,0.4406445882696575,2022-01-21
-7.35,4.89,1.16,0.482039878607031,2022-01-22
-8.94,5.06,0.0,0.5188613068750902,2022-01-23
-11.18,1.35,0.0,0.4171720770849691,2022-01-24
-21.4,-4.12,0.0,0.3454876267538395,2022-01-25
-9.99,2.46,0.0,0.4419599398091297,2022-01-26
-7.75,2.0,0.0,0.3799829720001231,2022-01-27
-12.65,0.13,0.0,0.403240741980584,2022-01-28
-10.17,1.32,0.0,0.4076801454453612,2022-01-29
-4.98,4.85,0.0,0.4381776447000392,2022-01-30
-12.69,2.5,3.74,0.4679509563855724,2022-01-31
-26.69,-19.24,0.0,0.1,2022-02-01
-34.08,-24.89,0.0,0.1,2022-02-02
-32.18,-21.73,0.0,0.1,2022-02-03
-33.44,-12.57,3.61,0.1956217341611415,2022-02-04
-18.5,-11.23,0.78,0.1644285617508555,2022-02-05
-19.61,0.54,0.0,0.4820102084813235,2022-02-06
-6.09,4.46,0.0,0.4694854364144551,2022-02-07
-4.47,3.41,0.0,0.3747938435154848,2022-02-08
-8.38,2.81,1.38,0.4590680417939873,2022-02-09
-10.13,5.39,0.48,0.5985593202904176,2022-02-10
-18.84,-13.86,0.0,0.1113611008161719,2022-02-11
-17.15,-8.32,0.0,0.2309871620099476,2022-02-12
-16.17,1.6,0.0,0.5227570106123893,2022-02-13
-19.64,-10.52,1.17,0.2078105450133918,2022-02-14
-16.0,-7.08,1.0,0.2534477310294917,2022-02-15
-26.17,-15.91,0.0,0.1567329859234294,2022-02-16
-28.3,-8.28,0.96,0.2978339942295044,2022-02-17
-21.73,-9.22,0.81,0.2660542759857958,2022-02-18
-18.24,3.1,0.89,0.592998660166598,2022-02-19
-22.9,-16.45,0.0,0.1198041154463048,2022-02-20
-28.81,-20.16,0.0,0.1109360398383675,2022-02-21
-31.85,-20.74,0.0,0.1188450471309753,2022-02-22
-30.4,-18.32,0.0,0.147142558902081,2022-02-23
-27.54,-16.74,0.0,0.160486867084656,2022-02-24
-26.81,-8.34,0.0,0.3135592212106784,2022-02-25
-13.0,-2.92,0.0,0.3682252236730943,2022-02-26
-12.24,-8.04,0.0,0.1540521061919162,2022-02-27
-12.52,-7.86,0.0,0.1710159124209584,2022-02-28
-10.67,-6.89,0.0,0.1539690827319978,2022-03-01
-19.19,-9.17,0.0,0.2700997050728524,2022-03-02
-20.36,-10.17,3.88,0.2347274124722024,2022-03-03
-11.93,-8.29,4.14,0.1296053557088414,2022-03-04
-16.78,-9.43,0.0,0.2301658649266926,2022-03-05
-17.79,-4.28,0.0,0.4169443631892046,2022-03-06
-15.19,1.91,1.3,0.6245567643878994,2022-03-07
-18.03,-8.05,0.0,0.3044481761032725,2022-03-08
-24.2,-15.12,0.0,0.1876353517637642,2022-03-09
-23.94,-13.12,0.0,0.2322410605335447,2022-03-10
-30.86,-11.0,0.0,0.28464146184771,2022-03-11
-15.88,3.19,0.0,0.7159697766901741,2022-03-12
-13.48,-3.81,0.0,0.3892614504948495,2022-03-13
-11.33,-2.22,0.0,0.4121035289459125,2022-03-14
-8.36,2.91,0.0,0.6425615300592517,2022-03-15
-5.81,3.67,0.0,0.6034864271967099,2022-03-16
-7.51,4.79,0.0,0.7679242771127555,2022-03-17
-3.32,5.27,0.0,0.6242342724575499,2022-03-18
-5.64,5.21,0.0,0.76566586341263,2022-03-19
-2.52,3.47,3.28,0.3774148465078949,2022-03-20
-0.67,4.85,1.47,0.4314913722326818,2022-03-21
-3.22,6.66,0.0,0.8197360717810758,2022-03-22
-2.16,10.76,0.0,1.156013494217244,2022-03-23
-1.28,6.22,2.82,0.5143307627094138,2022-03-24
-8.33,-0.45,0.0,0.4845418300996121,2022-03-25
-10.18,-3.92,0.0,0.3361826456792384,2022-03-26
-8.31,5.97,0.0,1.0115143751043818,2022-03-27
-2.29,5.38,1.56,0.8047020111895774,2022-03-28
-5.71,1.65,0.0,0.6190103387658833,2022-03-29
-7.63,8.16,0.0,1.2222141526797297,2022-03-30
-1.58,5.69,3.22,0.585979699211158,2022-03-31
-4.36,4.14,0.0,0.7918514261847956,2022-04-01
-7.34,5.23,0.0,1.0206747827513516,2022-04-02
-3.05,11.11,0.0,1.416987378679962,2022-04-03
-0.43,15.1,0.0,1.7655549181774466,2022-04-04
-0.13,8.11,2.22,0.8151349675560943,2022-04-05
-2.03,6.73,0.65,1.0182198832738094,2022-04-06
-3.13,11.01,0.0,1.4903667723717229,2022-04-07
-1.59,18.08,0.0,2.0193502591170285,2022-04-08
0.11,12.43,0.0,1.5782089248811824,2022-04-09
-4.07,4.73,0.69,0.9467643953859054,2022-04-10
-8.66,-3.5,0.0,0.3378736510470679,2022-04-11
-9.69,-4.92,0.0,0.2881128416855994,2022-04-12
-9.43,-3.76,0.0,0.3922812595376176,2022-04-13
-7.85,-2.28,0.0,0.4636331148647389,2022-04-14
-8.77,-0.84,0.0,0.7072690401691899,2022-04-15
-8.4,2.73,0.0,1.038718885403383,2022-04-16
-8.32,4.37,0.0,1.172160783291346,2022-04-17
-8.24,9.43,0.0,1.5205583790243011,2022-04-18
-1.89,4.49,2.02,0.6570525226542293,2022-04-19
-4.82,2.38,0.18,0.8270019520986541,2022-04-20
-8.86,6.44,0.0,1.3428323954505563,2022-04-21
-1.65,4.12,1.29,0.8199289969941383,2022-04-22
0.5,10.93,0.0,1.6627690383449678,2022-04-23
-2.71,11.26,0.0,1.7379015917233254,2022-04-24
-2.99,10.26,0.0,1.6734011047765407,2022-04-25
-2.28,14.0,0.0,1.9118782412149624,2022-04-26
1.01,15.37,0.0,2.0228745011249787,2022-04-27
0.41,18.18,0.0,2.194392982010545,2022-04-28
0.05,16.98,0.0,2.1219108372728512,2022-04-29
0.78,17.88,0.0,2.183960925265413,2022-04-30
0.37,14.47,0.0,1.957131257315724,2022-05-01
-0.35,19.07,0.0,2.2447486432524535,2022-05-02
3.56,20.05,0.0,2.345832650279902,2022-05-03
0.05,23.99,0.0,2.5331714805543757,2022-05-04
8.65,27.64,2.18,2.600792786196957,2022-05-05
9.41,23.06,2.01,2.231443335827732,2022-05-06
4.54,15.35,5.19,1.5548366260926727,2022-05-07
1.97,14.72,0.0,1.8845760863334553,2022-05-08
-0.15,16.79,0.0,2.045351013981795,2022-05-09
3.51,13.87,1.72,1.6994004522454784,2022-05-10
-0.68,19.27,0.0,2.1898877516905997,2022-05-11
3.2,21.83,0.0,2.383498095369869,2022-05-12
4.53,12.45,13.56,1.0257638864785148,2022-05-13
3.48,17.1,0.0,1.9036201818916672,2022-05-14
2.34,20.54,0.0,2.2720962565418414,2022-05-15
3.89,18.84,1.13,2.0901285252424344,2022-05-16
7.44,18.0,3.51,1.3994879817020869,2022-05-17
7.75,15.66,1.29,1.2806418215503896,2022-05-18
1.64,11.1,4.54,0.9530040996068424,2022-05-19
1.5,8.02,0.0,0.7162428864524465,2022-05-20
-1.19,15.12,0.0,1.821038874822553,2022-05-21
1.09,17.37,0.0,1.984094733931468,2022-05-22
2.15,23.06,0.0,2.467134648952753,2022-05-23
4.7,24.89,0.0,2.613599993947838,2022-05-24
5.77,24.74,0.0,2.5902635839532917,2022-05-25
5.49,24.09,0.0,2.5381671329154347,2022-05-26
6.83,22.83,0.0,2.3761585409733703,2022-05-27
8.73,23.93,0.0,2.4287687727573153,2022-05-28
8.73,20.16,0.0,1.9132980415794336,2022-05-29
7.43,17.04,0.0,1.549801977403648,2022-05-30
3.51,19.09,0.0,2.122402333004915,2022-05-31
2.09,19.42,0.0,2.1979433755879216,2022-06-01
5.01,21.49,0.0,2.385910081942938,2022-06-02
2.09,23.33,0.0,2.530596718376518,2022-06-03
3.53,25.06,0.0,2.655705343983599,2022-06-04
6.81,20.47,0.0,2.257735952162132,2022-06-05
6.48,21.66,0.0,2.408507771574584,2022-06-06
8.03,22.4,0.0,2.442580998375456,2022-06-07
6.99,25.28,0.0,2.683882787895775,2022-06-08
11.12,23.75,1.94,2.4348042295658012,2022-06-09
9.88,25.12,2.92,2.2308893966079855,2022-06-10
8.24,24.09,0.0,2.5881002040227084,2022-06-11
8.04,23.74,5.52,2.1244872135901396,2022-06-12
10.8,22.0,7.84,1.625876464043678,2022-06-13
8.14,18.83,0.0,1.721156042121914,2022-06-14
6.23,16.23,3.12,1.1813086513100624,2022-06-15
10.35,21.01,0.0,1.8207884252155353,2022-06-16
10.55,28.65,0.0,2.832710838851142,2022-06-17
18.17,31.53,0.0,2.661631051304176,2022-06-18
15.83,21.31,1.47,0.897761802688323,2022-06-19
14.81,20.44,13.15,0.6489844097971752,2022-06-20
11.65,22.15,0.0,1.7708761793804142,2022-06-21
10.99,28.35,4.67,2.234460499378925,2022-06-22
11.06,25.36,8.48,1.8898128310161624,2022-06-23
9.05,17.98,3.72,1.0033542452357291,2022-06-24
9.19,21.72,4.19,1.5177134755138837,2022-06-25
8.81,24.7,0.0,2.2962569816230296,2022-06-26
9.85,22.22,0.0,1.9100356831205736,2022-06-27
8.15,22.55,0.0,2.0825357218724414,2022-06-28
12.08,24.37,0.0,1.994989699741823,2022-06-29
9.42,22.75,0.0,2.0354602585947883,2022-06-30
6.74,23.27,0.31,2.259105244027517,2022-07-01
9.55,21.35,0.0,1.8237891227080552,2022-07-02
10.27,23.34,0.0,2.0670946181630696,2022-07-03
12.32,21.49,0.0,1.542826190429037,2022-07-04
11.49,17.66,3.48,0.7016178990557272,2022-07-05
12.53,23.62,0.0,1.9237830930642783,2022-07-06
11.12,23.58,6.23,1.6387761241487857,2022-07-07
16.37,31.5,1.29,2.6487689960518894,2022-07-08
16.67,29.05,1.26,2.2589340127328805,2022-07-09
13.4,24.82,0.0,1.9622219317827445,2022-07-10
11.2,26.68,0.0,2.3972600000858053,2022-07-11
10.72,29.93,0.0,2.7267467925732674,2022-07-12
16.17,32.66,5.65,2.220758769037212,2022-07-13
13.97,27.6,0.0,2.2278999802340027,2022-07-14
16.42,32.97,0.0,2.682204831482131,2022-07-15
15.38,35.22,0.0,2.9407771629759463,2022-07-16
15.95,29.64,16.57,1.807977798511771,2022-07-17
14.07,29.26,14.47,1.8199548512347703,2022-07-18
16.01,28.43,5.75,1.4590859691917009,2022-07-19
12.27,24.66,0.0,1.6802753184720325,2022-07-20
10.73,27.72,0.0,2.1706087793472606,2022-07-21
11.38,24.12,0.0,1.6886092826008303,2022-07-22
8.77,21.21,0.0,1.5363796743765727,2022-07-23
7.51,28.06,0.29,2.3185757224923216,2022-07-24
14.13,20.85,0.07,0.8647290217816421,2022-07-25
10.15,23.75,0.0,1.7203079544889974,2022-07-26
7.74,25.15,0.0,2.021929743924049,2022-07-27
8.0,27.97,0.0,2.259549602555873,2022-07-28
12.76,34.02,0.0,2.5885243620317886,2022-07-29
14.92,23.37,3.46,0.9370816228896668,2022-07-30
13.71,25.77,2.39,1.279724390011734,2022-07-31
14.49,25.77,18.85,1.218905915212226,2022-08-01
12.65,23.06,1.58,1.2469613158852684,2022-08-02
7.84,24.67,0.0,1.812006302232044,2022-08-03
12.3,32.58,0.0,2.315491830748796,2022-08-04
8.72,17.72,0.0,0.974637339768299,2022-08-05
5.04,23.27,0.0,1.794455670916586,2022-08-06
12.57,29.5,0.0,1.983381875960025,2022-08-07
10.93,32.24,0.0,2.3180517791560464,2022-08-08
9.09,24.96,0.0,1.7008327345516443,2022-08-09
9.14,25.16,0.0,1.7083796406128342,2022-08-10
15.29,25.82,0.0,1.2448740006897785,2022-08-11
11.39,31.01,0.0,2.200235440171092,2022-08-12
15.18,32.5,5.16,1.7149902326868578,2022-08-13
15.08,29.39,0.0,1.703505406047927,2022-08-14
12.02,29.27,0.0,1.9421083338775873,2022-08-15
13.68,33.77,0.0,2.2764624735483636,2022-08-16
15.59,28.53,0.0,1.5230509097216496,2022-08-17
12.24,29.4,0.0,1.9310247611749212,2022-08-18
10.41,29.63,0.0,2.041539619821348,2022-08-19
15.01,32.45,0.0,2.0188091563971917,2022-08-20
12.45,34.31,0.0,2.3236973277673707,2022-08-21
15.72,24.83,0.0,1.0295676575253387,2022-08-22
12.69,26.98,0.0,1.550349464521826,2022-08-23
10.08,27.24,0.0,1.7546707561850297,2022-08-24
10.51,29.42,0.0,1.924574689935559,2022-08-25
12.01,28.45,4.36,1.4677012196005097,2022-08-26
13.75,30.81,3.52,1.5543026959499835,2022-08-27
12.25,21.45,0.0,0.9590798090910798,2022-08-28
8.62,27.32,0.0,1.7565769292445432,2022-08-29
9.89,32.28,0.0,2.1003436740352353,2022-08-30
12.67,35.28,0.0,2.199894273568779,2022-08-31
13.15,31.44,0.0,1.806877810322553,2022-09-01
5.48,26.67,0.0,1.761640212151578,2022-09-02
11.18,35.61,0.0,2.2325098455975723,2022-09-03
15.0,34.65,0.0,1.929766615215148,2022-09-04
11.81,30.8,0.0,1.7587481830389364,2022-09-05
8.21,24.59,0.0,1.4163420053464506,2022-09-06
9.06,34.53,0.0,2.159216518544776,2022-09-07
6.42,18.81,0.0,1.0337009182235737,2022-09-08
3.04,16.56,0.0,1.0241742728115153,2022-09-09
1.36,23.35,0.0,1.538789921601195,2022-09-10
7.69,32.36,0.0,2.012418466896595,2022-09-11
8.32,22.61,0.0,1.20993829782122,2022-09-12
7.17,15.63,0.59,0.7018084832488248,2022-09-13
6.86,15.41,0.0,0.7033840468301461,2022-09-14
4.38,17.91,0.0,1.0361217197244017,2022-09-15
9.91,20.31,0.0,0.9138709514763552,2022-09-16
7.43,21.98,0.0,1.1880199883495357,2022-09-17
5.63,22.36,0.0,1.291555979619009,2022-09-18
7.5,16.41,3.58,0.6731584073657695,2022-09-19
4.73,13.54,0.0,0.6745222390839184,2022-09-20
-0.19,17.09,0.0,1.1214144493728002,2022-09-21
1.75,20.55,0.0,1.299993922947599,2022-09-22
5.51,20.04,0.0,1.1035650673530837,2022-09-23
5.4,21.22,0.0,1.2012370014848113,2022-09-24
1.75,21.53,0.0,1.364151438723229,2022-09-25
6.56,22.78,0.0,1.248952809590895,2022-09-26
5.11,25.09,0.0,1.486982259144385,2022-09-27
7.87,29.34,0.0,1.6919793524336595,2022-09-28
7.19,29.23,0.0,1.6924306442647827,2022-09-29
11.42,22.63,0.0,0.9478081181301196,2022-09-30
8.29,21.04,0.0,1.0000067560042374,2022-10-01
4.76,21.1,0.0,1.1561131306008634,2022-10-02
6.19,22.24,0.0,1.174318322269402,2022-10-03
6.29,25.8,0.0,1.4248520511979008,2022-10-04
2.11,11.43,0.0,0.6114408185028013,2022-10-05
-5.66,9.93,0.0,0.7786402938621502,2022-10-06
-2.31,19.78,0.0,1.2434623144044117,2022-10-07
2.84,23.12,0.0,1.331557775653275,2022-10-08
2.85,21.94,0.0,1.2314206186031005,2022-10-09
2.77,24.92,0.0,1.4246975172598697,2022-10-10
4.75,15.72,0.0,0.7549588215982087,2022-10-11
2.55,11.1,0.0,0.5492608489602091,2022-10-12
0.0,13.76,0.0,0.8097190686838072,2022-10-13
-3.29,14.87,0.36,0.947376743172317,2022-10-14
-2.79,9.26,0.0,0.6338435088169827,2022-10-15
-4.23,7.57,0.0,0.5839617842803039,2022-10-16
-2.94,16.36,0.0,1.088568656344426,2022-10-17
0.21,21.18,0.0,1.372765244274294,2022-10-18
1.7,21.0,0.0,1.3103274124262614,2022-10-19
3.1,15.27,0.0,0.7696860158743393,2022-10-20
-0.47,11.95,0.0,0.6848800863941572,2022-10-21
-4.76,11.28,1.33,0.783765598237282,2022-10-22
-0.25,4.55,6.44,0.2453440806525759,2022-10-23
-2.02,1.39,0.86,0.1723230501309233,2022-10-24
-2.37,3.97,0.0,0.3169662087388725,2022-10-25
-4.71,6.95,0.0,0.5421852098157067,2022-10-26
-0.29,11.36,0.0,0.6364867825936078,2022-10-27
-1.28,10.19,0.0,0.6042340951311412,2022-10-28
-2.82,13.16,0.0,0.7960880394500089,2022-10-29
-1.59,15.13,0.0,0.8696786362274069,2022-10-30
-1.11,9.04,0.0,0.5569219223605568,2022-10-31
-0.35,7.52,0.54,0.4194074188305515,2022-11-01
-2.66,1.67,0.76,0.2083484792517919,2022-11-02
-7.96,-1.74,0.0,0.2393791287248637,2022-11-03
-10.17,1.79,0.73,0.4418364103484217,2022-11-04
-5.82,2.15,5.04,0.3282040520897286,2022-11-05
-13.14,-5.19,0.0,0.2426739420235129,2022-11-06
-17.11,-7.51,3.05,0.2260825141686906,2022-11-07
-18.68,-5.93,0.0,0.2964762782376937,2022-11-08
-24.69,-14.91,0.0,0.1506096017142838,2022-11-09
-25.61,-14.65,0.0,0.1602782506829571,2022-11-10
-21.96,-11.41,0.0,0.1943074917317155,2022-11-11
-22.07,-10.98,0.64,0.2032985528669119,2022-11-12
-13.58,-6.58,0.0,0.2033832611276348,2022-11-13
-11.32,-5.85,0.73,0.1767274601585042,2022-11-14
-11.94,-3.9,0.0,0.2560607473280065,2022-11-15
-10.53,-2.56,0.0,0.272689922188741,2022-11-16
-16.08,-9.74,0.0,0.1588840884782112,2022-11-17
-15.29,-6.2,0.0,0.2439784837854163,2022-11-18
-13.27,-4.84,0.0,0.2506277888438287,2022-11-19
-12.45,0.81,0.0,0.417359075637884,2022-11-20
-11.88,1.43,0.88,0.4299991992080211,2022-11-21
-6.59,1.59,0.0,0.3326238296737986,2022-11-22
-6.06,1.86,0.0,0.327073919307756,2022-11-23
-7.66,2.85,0.0,0.4048066837609768,2022-11-24
-1.19,6.23,0.0,0.3704203594262347,2022-11-25
-5.47,2.78,0.0,0.3461023420608167,2022-11-26
-5.17,2.11,2.11,0.2956901261562727,2022-11-27
-9.87,-4.66,4.24,0.1681698721771395,2022-11-28
-16.76,-9.45,0.62,0.1725596233518173,2022-11-29
-21.67,-14.94,1.05,0.116211209149579,2022-11-30
-24.92,-15.6,0.57,0.1330100997903315,2022-12-01
-30.41,-22.52,0.0,0.1,2022-12-02
-25.26,-11.14,0.0,0.2060522836222859,2022-12-03
-15.53,-3.11,0.0,0.320191791956178,2022-12-04
-25.92,-14.31,0.86,0.1570222030542769,2022-12-05
-34.22,-21.99,0.0,0.1,2022-12-06
-34.53,-10.41,0.0,0.2103758333395902,2022-12-07
-16.64,-6.7,0.0,0.2342736547498595,2022-12-08
-12.95,-3.0,0.0,0.2866292935813668,2022-12-09
-18.54,-7.55,0.0,0.2336345829618119,2022-12-10
-10.5,-4.8,1.72,0.1808610360856566,2022-12-11
-12.45,-6.8,2.09,0.1557305591062177,2022-12-12
-16.09,-11.62,0.0,0.1027052194392071,2022-12-13
-17.51,-8.24,0.0,0.2056496446943925,2022-12-14
-17.17,-9.97,0.0,0.1597360271673227,2022-12-15
-21.14,-14.21,0.0,0.1196449192385998,2022-12-16
-20.91,-14.52,0.0,0.1112158334195786,2022-12-17
-26.18,-20.38,0.0,0.1,2022-12-18
-29.56,-24.03,1.49,0.1,2022-12-19
-35.14,-27.21,0.0,0.1,2022-12-20
-33.55,-26.56,0.68,0.1,2022-12-21
-31.82,-24.54,0.0,0.1,2022-12-22
-35.51,-21.73,0.0,0.1,2022-12-23
-24.14,-13.75,7.54,0.1491878919103839,2022-12-24
-16.46,-11.05,1.62,0.1234462598420533,2022-12-25
-14.96,-3.65,0.0,0.2948208708499391,2022-12-26
-13.11,-5.95,8.07,0.1934454592980829,2022-12-27
-16.7,-11.4,1.08,0.1192468764870075,2022-12-28
-15.72,-10.78,0.0,0.1175542797669934,2022-12-29
-17.87,-9.97,0.0,0.170897138454252,2022-12-30
-20.49,-12.52,0.0,0.1475206625704018,2022-12-31
-20.88,-7.71,0.0,0.2459558089625167,2023-01-01
-16.48,-6.58,0.0,0.2341361171400633,2023-01-02
-15.75,-6.1,0.0,0.2374140554487028,2023-01-03
-19.55,-9.62,0.0,0.1965308746601006,2023-01-04
-20.04,-10.82,0.0,0.1764088389005485,2023-01-05
-17.62,-8.32,0.0,0.2064932454405983,2023-01-06
-15.31,-5.37,0.0,0.2530271724678175,2023-01-07
-15.71,-5.54,0.0,0.2541314075148365,2023-01-08
-15.64,-6.22,0.0,0.2356369984572837,2023-01-09
-17.36,-10.08,0.0,0.162638601476903,2023-01-10
-14.52,-9.27,0.0,0.1363241317944689,2023-01-11
-15.23,-8.73,0.0,0.164245108321297,2023-01-12
-15.03,-6.69,0.0,0.216730955364312,2023-01-13
-13.04,-7.03,0.0,0.1718981437040652,2023-01-14
-9.16,-7.18,0.0,0.1,2023-01-15
-9.79,-6.8,0.0,0.1000046692672239,2023-01-16
-11.2,-8.34,0.0,0.1,2023-01-17
-8.5,-4.18,0.41,0.1598522871947812,2023-01-18
-9.53,-3.78,0.0,0.2048228863155973,2023-01-19
-14.67,-5.13,0.0,0.2656893594228698,2023-01-20
-13.52,-2.16,0.0,0.3438708904246074,2023-01-21
-7.97,1.47,0.65,0.4049773769331896,2023-01-22
-12.94,-1.11,0.41,0.3919411700544115,2023-01-23
-11.88,-3.95,0.0,0.259535399526696,2023-01-24
-8.37,-1.22,2.65,0.2640365979806198,2023-01-25
-7.84,3.84,1.12,0.5728966237937784,2023-01-26
-20.65,-5.17,0.0,0.3316772447846022,2023-01-27
-25.04,-18.21,0.0,0.1016445476165974,2023-01-28
-26.96,-19.16,0.0,0.1029608834765988,2023-01-29
-27.26,-18.54,0.0,0.1146801497770405,2023-01-30
-25.06,-15.08,0.08,0.1556947264569641,2023-01-31
-25.37,-13.69,0.06,0.1816802673022762,2023-02-01
-31.22,-18.75,0.0,0.1295454709721925,2023-02-02
-19.89,-4.79,0.0,0.371555803144718,2023-02-03
-8.93,-1.69,0.34,0.3318219380654356,2023-02-04
-10.53,0.72,0.0,0.5406258160665557,2023-02-05
-5.41,1.67,0.0,0.4415878778671179,2023-02-06
-6.3,2.49,0.0,0.5666900803276855,2023-02-07
-10.29,-0.56,0.0,0.492794049719616,2023-02-08
-14.83,-3.57,0.0,0.4220027491064304,2023-02-09
-10.58,4.34,0.0,0.7690197174328265,2023-02-10
-6.82,0.96,0.0,0.4957336574260285,2023-02-11
-7.99,0.87,0.0,0.5469945736918734,2023-02-12
-5.07,2.93,0.0,0.6024719106731855,2023-02-13
-17.91,-4.39,0.0,0.4375706946865441,2023-02-14
-18.49,-11.7,0.0,0.170187843623747,2023-02-15
-21.76,-3.34,0.0,0.474729375789397,2023-02-16
-9.78,-0.99,0.0,0.4941606700701,2023-02-17
-13.48,-5.16,0.0,0.3456662656460033,2023-02-18
-14.11,-9.22,2.03,0.1452339997945345,2023-02-19
-23.11,-12.57,0.0,0.218684952174248,2023-02-20
-28.82,-19.57,0.0,0.1225074252117147,2023-02-21
-32.88,-26.06,0.0,0.1,2023-02-22
-31.45,-21.6,0.0,0.1097350535448056,2023-02-23
-31.68,-19.94,0.0,0.1318996372103742,2023-02-24
-29.57,-13.24,0.0,0.2399806070426408,2023-02-25
-19.48,-6.77,0.0,0.4200614019626937,2023-02-26
-16.57,-7.78,0.0,0.3407341272406592,2023-02-27
-22.66,-11.79,0.0,0.2686083077452366,2023-02-28
-22.48,-7.44,0.0,0.4129725676839115,2023-03-01
-13.67,-0.61,0.0,0.6988917264629443,2023-03-02
-11.25,-1.27,0.0,0.6396994172656827,2023-03-03
-16.0,-6.64,0.0,0.4176397210326843,2023-03-04
-22.5,-11.82,0.0,0.2866992016010676,2023-03-05
-26.33,-14.6,0.0,0.2307330448104491,2023-03-06
-19.32,-12.82,0.0,0.188242398820675,2023-03-07
-20.03,-14.05,0.0,0.15397304227546,2023-03-08
-20.96,-11.29,0.0,0.3067139140409037,2023-03-09
-15.43,-6.95,0.93,0.4286811972809125,2023-03-10
-13.91,-6.59,0.21,0.4128456792902135,2023-03-11
-20.65,-8.56,0.0,0.4338712187257409,2023-03-12
-17.98,-4.57,0.0,0.6015018312702323,2023-03-13
-12.2,-0.94,1.36,0.7843066082264833,2023-03-14
-17.02,-4.67,0.0,0.6075423835400365,2023-03-15
-17.51,-7.35,0.0,0.483655745142718,2023-03-16
-22.22,-8.64,0.0,0.4525766357455728,2023-03-17
-19.77,-1.76,0.0,0.7251893254245728,2023-03-18
-15.31,-3.75,0.0,0.6726182317826052,2023-03-19
-12.26,-5.58,0.0,0.4706265243507687,2023-03-20
-15.3,-6.96,0.0,0.4847074697498532,2023-03-21
-17.17,-6.93,0.0,0.531459653930285,2023-03-22
-15.45,1.23,0.0,0.9217118171272956,2023-03-23
-14.93,-4.14,0.0,0.6720108784365986,2023-03-24
-20.07,-4.18,0.0,0.6663420864074208,2023-03-25
-15.69,-6.9,0.0,0.5179648145502878,2023-03-26
-20.88,-9.94,0.0,0.438346893653796,2023-03-27
-22.55,-7.31,0.0,0.5451885726102607,2023-03-28
-18.46,-1.85,0.0,0.7932384702981814,2023-03-29
-11.39,-1.45,0.0,0.8421820563535527,2023-03-30
-14.46,-0.21,0.0,0.910262908521674,2023-03-31
-10.78,1.25,0.0,1.0069158783367806,2023-04-01
-9.13,-3.72,1.51,0.535845733162594,2023-04-02
-14.33,-8.2,0.0,0.4131403130142751,2023-04-03
-19.64,-6.73,0.0,0.6173452270728504,2023-04-04
-22.29,-5.1,0.0,0.660910296049085,2023-04-05
-20.21,-3.89,0.0,0.7285969298833663,2023-04-06
-14.05,1.38,0.0,1.0004781053024352,2023-04-07
-5.75,5.43,0.0,1.2544277418103853,2023-04-08
-1.33,7.01,0.0,1.3170314650995736,2023-04-09
2.21,8.46,0.0,1.344911718915134,2023-04-10
0.6,8.69,0.0,1.4138148184753347,2023-04-11
-0.55,9.08,0.0,1.4721474488361015,2023-04-12
-3.03,8.96,0.0,1.4449151388380457,2023-04-13
-0.66,10.44,0.0,1.5345206445419075,2023-04-14
-2.7,13.2,0.0,1.7011403192445729,2023-04-15
-1.18,15.44,0.0,1.8452375081131231,2023-04-16
2.94,16.75,0.0,1.9490194816224735,2023-04-17
-0.48,6.7,5.5,1.083280295896815,2023-04-18
-3.8,0.51,5.63,0.4683676864779297,2023-04-19
-4.0,-0.98,0.43,0.3416578366710858,2023-04-20
-4.87,3.04,0.0,1.0868030179288752,2023-04-21
-3.79,7.73,0.0,1.4201840876922538,2023-04-22
-5.2,10.16,0.0,1.557840784442991,2023-04-23
-1.41,11.19,0.0,1.6439356681293278,2023-04-24
2.4,16.48,1.12,1.988343285670505,2023-04-25
1.22,14.99,0.0,1.894342356020153,2023-04-26
1.09,11.22,0.0,1.6353479700074016,2023-04-27
-0.75,18.83,0.0,2.1170356846932807,2023-04-28
-1.35,15.99,0.0,1.95319799519573,2023-04-29
-2.18,16.15,0.0,1.9547018355231651,2023-04-30
-0.14,20.33,0.0,2.219936236870221,2023-05-01
3.76,26.75,0.0,2.634932577158424,2023-05-02
6.21,26.71,0.0,2.6637295955727867,2023-05-03
5.8,27.2,0.0,2.6916679749947843,2023-05-04
4.45,19.64,0.0,2.2085248578308865,2023-05-05
4.56,17.93,0.0,2.089136206823389,2023-05-06
7.47,19.13,0.0,2.1407252740818747,2023-05-07
7.54,19.97,0.0,2.2128365769131464,2023-05-08
3.63,20.97,0.0,2.3192454027555316,2023-05-09
6.54,22.04,0.0,2.3830428112834627,2023-05-10
5.2,22.51,0.0,2.420602931741807,2023-05-11
8.47,19.6,0.0,2.1433117184123582,2023-05-12
4.66,24.93,0.0,2.582287428181935,2023-05-13
6.43,27.02,0.0,2.723687179224351,2023-05-14
10.29,28.33,0.0,2.807369695621986,2023-05-15
9.95,30.89,0.0,2.9839254149414485,2023-05-16
6.01,16.11,0.0,1.9021121182178915,2023-05-17
3.55,16.83,0.0,2.017539974786448,2023-05-18
1.11,26.52,0.0,2.642976365131421,2023-05-19
10.22,25.66,0.0,2.592059968038791,2023-05-20
6.83,24.3,0.0,2.5308870680575843,2023-05-21
11.87,30.8,2.11,2.711184531643709,2023-05-22
11.61,23.39,0.58,2.3504922454126524,2023-05-23
9.42,20.77,13.9,2.03214407077076,2023-05-24
12.08,16.28,1.07,0.9580582156006634,2023-05-25
10.73,20.0,0.0,2.0801863310105606,2023-05-26
8.21,18.86,3.27,1.807969724940552,2023-05-27
12.82,21.98,0.0,2.1877613133208733,2023-05-28
10.01,26.88,0.0,2.735898581292143,2023-05-29
10.65,28.92,0.0,2.886508790413656,2023-05-30
11.62,31.38,0.0,3.058988949459346,2023-05-31
14.51,28.12,0.76,2.7451479402704724,2023-06-01
13.14,23.38,0.0,2.3541814901016926,2023-06-02
16.4,26.68,16.55,2.2602094026679245,2023-06-03
15.39,30.93,0.0,2.995774018310379,2023-06-04
17.26,33.38,0.0,3.1451019169752463,2023-06-05
15.68,27.43,0.0,2.6072854857656607,2023-06-06
12.14,29.02,0.0,2.9150811205705973,2023-06-07
13.3,29.92,0.0,2.9668513193017727,2023-06-08
10.93,25.34,0.0,2.6406203272545645,2023-06-09
9.84,24.9,0.0,2.6322394977580426,2023-06-10
10.96,28.79,0.0,2.9195733892304623,2023-06-11
12.66,30.89,0.0,3.0580182834142393,2023-06-12
12.93,30.76,0.0,3.048095311289474,2023-06-13
13.37,30.1,0.0,2.990916257285471,2023-06-14
10.28,19.63,0.0,1.917057365326703,2023-06-15
7.04,25.29,0.0,2.706134970852155,2023-06-16
12.39,22.55,0.0,2.1972552035027766,2023-06-17
8.0,25.13,19.62,2.4070834812603428,2023-06-18
10.34,22.99,0.0,2.2332932574055877,2023-06-19
8.71,22.49,0.0,2.295057072609654,2023-06-20
8.52,20.03,0.0,1.9670212928930904,2023-06-21
6.47,23.94,0.0,2.55851301835289,2023-06-22
8.22,26.79,0.0,2.7876902685567293,2023-06-23
9.36,27.54,0.0,2.8140479870443325,2023-06-24
11.59,30.09,6.97,2.4922409210906062,2023-06-25
12.13,26.42,0.0,2.4373797989529655,2023-06-26
11.67,27.81,0.0,2.6354265741701677,2023-06-27
11.8,24.63,0.0,2.1903129848192715,2023-06-28
11.3,27.83,0.0,2.6646655184337695,2023-06-29
13.28,29.81,0.0,2.7935462924901633,2023-06-30
14.31,32.1,0.0,2.991642249481998,2023-07-01
12.1,22.56,0.0,1.8138409156960176,2023-07-02
10.38,20.22,3.6,1.2514984746457374,2023-07-03
7.92,19.0,0.0,1.6716917471349229,2023-07-04
5.0,23.85,0.0,2.433671535432224,2023-07-05
8.43,25.78,0.0,2.515926729653828,2023-07-06
8.22,24.49,0.0,2.3794139760081543,2023-07-07
8.48,27.71,0.0,2.7017055471123648,2023-07-08
11.51,30.03,0.0,2.824697109651217,2023-07-09
8.79,22.96,0.0,2.1312180243832404,2023-07-10
9.03,22.01,0.0,1.9841940727495828,2023-07-11
9.11,24.73,0.0,2.341575738464495,2023-07-12
11.3,25.63,0.0,2.311491736003451,2023-07-13
11.05,20.94,0.0,1.598036738098795,2023-07-14
8.6,23.71,0.0,2.2380421381523257,2023-07-15
7.59,22.86,0.0,2.1921441543234224,2023-07-16
7.93,26.71,2.72,2.1423254841004615,2023-07-17
13.18,19.66,7.35,0.7051444445377837,2023-07-18
12.96,24.14,0.0,1.90729799680158,2023-07-19
10.81,26.58,0.26,2.4496761747577875,2023-07-20
11.26,28.44,0.0,2.622025821243179,2023-07-21
11.53,28.57,3.99,2.154359640383021,2023-07-22
13.42,30.03,0.0,2.6319282120079173,2023-07-23
15.65,33.72,0.0,2.9085025580386312,2023-07-24
17.97,33.29,0.0,2.7007875335009133,2023-07-25
12.08,25.96,0.0,2.19961236323117,2023-07-26
9.59,20.21,0.0,1.5752915342855238,2023-07-27
8.46,21.59,0.0,1.887109368033553,2023-07-28
5.91,23.67,0.0,2.254789514028151,2023-07-29
7.54,29.61,0.0,2.7297440206866903,2023-07-30
15.2,32.83,0.0,2.7798100768457084,2023-07-31
11.77,31.43,8.0,2.3061484386904088,2023-08-01
12.11,30.51,0.0,2.565423312105659,2023-08-02
13.12,36.49,0.0,3.0441266806254146,2023-08-03
13.43,27.4,0.0,2.0615010341652256,2023-08-04
9.13,26.8,0.0,2.277578130043637,2023-08-05
9.12,27.62,0.0,2.3485826910646743,2023-08-06
9.57,27.63,0.0,2.3200148597669736,2023-08-07
8.63,24.0,0.0,1.9634019119033512,2023-08-08
11.06,19.99,7.33,0.8688178153854383,2023-08-09
12.26,23.89,6.75,1.224182824031354,2023-08-10
12.23,21.06,0.0,1.0542667581605631,2023-08-11
9.37,24.32,3.32,1.4842331261536168,2023-08-12
9.68,26.12,0.0,1.9742839903890737,2023-08-13
12.08,33.51,0.0,2.559825863619155,2023-08-14
14.27,29.88,6.37,1.659586355821662,2023-08-15
11.4,22.9,0.0,1.3463889807359033,2023-08-16
8.2,30.86,0.0,2.3779648645068256,2023-08-17
14.2,24.53,0.0,1.200574316524094,2023-08-18
8.18,20.33,0.0,1.2754410569049257,2023-08-19
3.47,22.52,2.01,1.490636203810861,2023-08-20
12.8,19.23,12.19,0.626556380910046,2023-08-21
13.3,16.58,5.44,0.3334647042716823,2023-08-22
13.37,22.27,0.0,0.9823885683198618,2023-08-23
10.31,22.49,0.0,1.345623559084982,2023-08-24
10.21,21.45,0.0,1.2075421502699475,2023-08-25
9.1,29.17,0.0,2.121839658388233,2023-08-26
10.89,27.6,0.0,1.8664124210569688,2023-08-27
10.18,30.84,0.0,2.187663871450688,2023-08-28
12.03,32.06,0.0,2.200955878125093,2023-08-29
14.78,28.66,0.0,1.639307341862707,2023-08-30
12.99,21.07,6.81,0.7713551667670695,2023-08-31
12.83,27.0,0.0,1.577480341853987,2023-09-01
12.68,28.1,0.0,1.809309410213702,2023-09-02
7.99,29.35,0.0,2.122761396316879,2023-09-03
8.7,20.37,0.0,1.1851006072506272,2023-09-04
1.65,17.45,0.0,1.3228454481397034,2023-09-05
8.58,23.4,0.0,1.5283138702751398,2023-09-06
7.18,20.48,2.06,1.0740963023458958,2023-09-07
3.11,22.49,0.0,1.6417389558771942,2023-09-08
7.01,24.49,0.0,1.6497601085528886,2023-09-09
7.11,24.53,0.0,1.6256478423933944,2023-09-10
6.82,21.82,0.0,1.3693499339476825,2023-09-11
8.25,27.92,0.2,1.83581385005492,2023-09-12
10.76,23.21,0.0,1.2024732097522544,2023-09-13
7.17,19.0,0.0,1.0213063240940274,2023-09-14
5.08,22.25,0.0,1.448384955650313,2023-09-15
6.27,29.41,0.0,1.9466216514221797,2023-09-16
7.2,31.14,0.0,2.12810688220932,2023-09-17
9.32,27.06,0.0,1.719838532594346,2023-09-18
5.69,18.77,0.0,1.109261500742376,2023-09-19
4.49,20.27,0.0,1.304527609846264,2023-09-20
2.56,21.96,0.0,1.4925022294350356,2023-09-21
3.89,23.31,0.0,1.5359602682279572,2023-09-22
8.92,21.99,0.0,1.121587441665396,2023-09-23
10.54,23.87,0.0,1.2284953614827656,2023-09-24
6.74,26.36,0.0,1.672909202123854,2023-09-25
13.06,29.43,0.0,1.6011543241588304,2023-09-26
10.32,23.96,0.0,1.217607893700441,2023-09-27
5.98,19.96,0.0,1.1026632625968962,2023-09-28
2.22,18.5,0.0,1.154562748707354,2023-09-29
1.61,11.43,14.42,0.5990854712715499,2023-09-30
7.13,9.67,5.72,0.1876821245796493,2023-10-01
6.41,13.16,1.56,0.5122356961064048,2023-10-02
4.54,16.64,0.0,0.8678803548596116,2023-10-03
2.37,13.82,1.85,0.767876990901433,2023-10-04
-0.35,8.75,0.0,0.5547688588089835,2023-10-05
-4.58,11.57,0.0,0.8454759911083669,2023-10-06
3.61,21.71,0.0,1.211236711946463,2023-10-07
3.18,22.66,0.0,1.274113184795377,2023-10-08
3.74,21.86,0.0,1.2033051341565872,2023-10-09
3.53,20.49,0.0,1.1204742853265912,2023-10-10
4.39,16.76,0.0,0.8451666556406285,2023-10-11
3.02,10.12,0.0,0.4656305845098103,2023-10-12
-0.73,12.69,0.0,0.7772276971582868,2023-10-13
0.28,12.47,0.0,0.72651373956044,2023-10-14
-0.67,15.29,0.0,0.9136644805772988,2023-10-15
1.0,17.81,0.0,1.0079216376428335,2023-10-16
7.58,19.1,0.12,0.8399770613608207,2023-10-17
2.1,15.71,0.0,0.8460188265410842,2023-10-18
3.06,21.57,0.0,1.1527413713251868,2023-10-19
4.08,15.78,0.0,0.7653200065619407,2023-10-20
-2.99,10.86,0.0,0.7162336190031927,2023-10-21
0.42,11.09,0.0,0.6203456965485827,2023-10-22
-3.99,2.2,1.38,0.3004411656359106,2023-10-23
-11.27,-3.76,1.48,0.268068067883716,2023-10-24
-15.47,-4.7,0.0,0.3160043835299695,2023-10-25
-12.26,-3.18,0.0,0.3113773475102408,2023-10-26
-7.5,-2.29,0.51,0.2187407453748555,2023-10-27
-12.11,-2.88,0.4,0.31734340829967,2023-10-28
-9.51,-0.34,0.0,0.357639627691389,2023-10-29
-13.44,-3.65,0.0,0.3127025117005335,2023-10-30
-12.79,1.76,0.0,0.4874843738348279,2023-10-31
-8.33,-0.11,0.0,0.3294215352486359,2023-11-01
-6.56,3.93,0.0,0.4572366020419828,2023-11-02
-4.14,1.75,0.0,0.2785390333203893,2023-11-03
-4.81,3.13,2.76,0.3464876530488381,2023-11-04
0.13,1.95,0.49,0.1010538988427408,2023-11-05
0.53,2.99,0.0,0.1367047681879994,2023-11-06
0.25,2.91,1.79,0.1458079111014113,2023-11-07
-0.6,4.08,0.46,0.2493281455909277,2023-11-08
-5.15,0.05,0.0,0.23069862219341,2023-11-09
-7.32,2.66,0.0,0.4063723100918358,2023-11-10
-2.91,7.74,0.0,0.5165239264635937,2023-11-11
-2.87,8.93,0.0,0.5701268993253783,2023-11-12
-4.33,8.41,0.0,0.5787116334207293,2023-11-13
-2.57,7.8,0.0,0.5040758164539471,2023-11-14
-5.93,6.4,0.0,0.5228110325601006,2023-11-15
-9.68,4.0,0.0,0.4911870281710747,2023-11-16
-4.0,11.53,0.0,0.701057988894734,2023-11-17
-3.06,13.06,0.0,0.7503120922106841,2023-11-18
-1.78,11.31,0.0,0.6396830424252857,2023-11-19
-4.09,6.01,0.0,0.4528439811314758,2023-11-20
-9.73,4.83,0.0,0.5133167397752725,2023-11-21
-11.17,-1.77,0.0,0.3036018703872167,2023-11-22
-18.19,-7.05,0.0,0.2474351252606085,2023-11-23
-12.34,1.9,0.0,0.4387032245047286,2023-11-24
-9.1,1.21,0.0,0.3643301949519817,2023-11-25
-15.24,-5.1,0.0,0.2612525459736758,2023-11-26
-8.35,1.14,0.0,0.3441107615719353,2023-11-27
-5.24,6.28,0.0,0.4784570428776954,2023-11-28
-6.13,3.23,0.0,0.3724951481835514,2023-11-29
-9.39,-0.65,0.0,0.2988910740968807,2023-11-30
-14.75,-0.84,0.0,0.372292243743013,2023-12-01
-13.21,-2.04,0.0,0.3179071643714868,2023-12-02
-14.86,-0.58,0.0,0.3790727171332326,2023-12-03
-10.65,0.64,0.0,0.3632679583823989,2023-12-04
-9.63,5.59,0.0,0.5202315178682058,2023-12-05
-4.51,5.93,0.07,0.4360368222776611,2023-12-06
-0.51,3.53,1.56,0.192860290026447,2023-12-07
-6.5,0.06,0.0,0.2465373835580514,2023-12-08
-9.88,-1.32,0.0,0.2777807874854786,2023-12-09
-8.53,0.58,0.0,0.3161860108178135,2023-12-10
-12.4,-1.75,0.0,0.3086834601942781,2023-12-11
-14.27,-0.13,0.0,0.3809599602981624,2023-12-12
-7.24,7.14,0.0,0.5373722097733491,2023-12-13
-4.54,6.43,0.0,0.4532954254602476,2023-12-14
-5.24,4.31,0.0,0.3815035734618849,2023-12-15
-4.55,4.26,0.0,0.3617568147796141,2023-12-16
-10.96,1.34,0.0,0.3850510720941418,2023-12-17
-11.5,0.69,0.0,0.3717224541489403,2023-12-18
-5.24,-1.51,0.0,0.145623088240218,2023-12-19
-6.55,3.04,0.0,0.3634979017272293,2023-12-20
-8.04,2.38,0.0,0.3714928509401307,2023-12-21
-7.09,7.71,0.0,0.5569883066842891,2023-12-22
-5.44,3.21,0.0,0.3427189414941164,2023-12-23
-12.47,-0.42,0.0,0.3505587263497451,2023-12-24
-11.57,2.34,0.0,0.4275638581117224,2023-12-25
-9.79,6.04,0.0,0.532687226745991,2023-12-26
-8.8,5.26,0.0,0.4907624720182575,2023-12-27
-8.21,7.6,0.0,0.569848744309909,2023-12-28
-9.15,1.54,0.0,0.3626834440277945,2023-12-29
-13.68,-0.13,0.0,0.374736455609488,2023-12-30
-9.64,2.55,0.0,0.4078837117908614,2023-12-31
