MinTemp,MaxTemp,Precipitation,ReferenceET,Date
-31.63,-13.34,0.0,0.1807389675283218,2018-01-01
-22.13,-4.49,0.0,0.324340926225289,2018-01-02
-13.72,-1.57,0.0,0.3414781355413712,2018-01-03
-13.29,-4.52,0.0,0.2461827797534032,2018-01-04
-13.66,-5.34,0.0,0.2285511140926985,2018-01-05
-11.43,2.12,0.0,0.4331014193027792,2018-01-06
-8.39,1.45,0.0,0.3565524636800888,2018-01-07
-9.73,-1.21,0.0,0.2882784500731366,2018-01-08
-10.4,1.14,0.0,0.3853269891612266,2018-01-09
-23.82,-17.05,0.62,0.1,2018-01-10
-28.97,-21.84,0.0,0.1,2018-01-11
-31.49,-20.44,0.0,0.1005407025063931,2018-01-12
-26.87,-7.27,0.0,0.2791491289257378,2018-01-13
-22.26,-8.88,0.0,0.2388561852567544,2018-01-14
-29.35,-14.77,0.0,0.16515563243952,2018-01-15
-20.59,0.01,0.0,0.4378361606062447,2018-01-16
-8.58,3.5,0.0,0.4499460506626,2018-01-17
-6.76,7.69,0.0,0.5876424785489869,2018-01-18
-4.94,4.15,0.0,0.3948169675057622,2018-01-19
-8.29,1.46,0.0,0.3681264003601568,2018-01-20
-11.8,0.05,0.0,0.3838672655779755,2018-01-21
-10.54,4.35,0.0,0.5215765647213704,2018-01-22
-11.12,1.22,0.0,0.4175332882172101,2018-01-23
-10.31,-0.84,0.0,0.3296304402222417,2018-01-24
-8.73,0.18,0.0,0.3346020672077864,2018-01-25
-12.58,-6.58,0.7,0.1821056397663742,2018-01-26
-18.55,-13.1,0.0,0.1166416462283367,2018-01-27
-20.78,-13.29,0.61,0.1442467365522159,2018-01-28
-21.94,-1.59,0.0,0.4164326938275093,2018-01-29
-11.64,3.51,0.0,0.5206430060689498,2018-01-30
-23.01,-13.97,0.0,0.156587232567105,2018-01-31
-25.95,-14.48,0.0,0.1693965060640088,2018-02-01
-21.62,-17.13,4.05,0.1,2018-02-02
-27.46,-20.04,1.26,0.1,2018-02-03
-29.13,-16.29,0.0,0.1570764650647376,2018-02-04
-27.11,-15.75,0.0,0.1583700538366898,2018-02-05
-28.46,-17.61,0.0,0.1371676420146502,2018-02-06
-27.23,-12.99,0.0,0.2051623656141757,2018-02-07
-26.29,-17.01,0.0,0.1351926535316025,2018-02-08
-28.91,-16.87,0.0,0.1517545698215833,2018-02-09
-21.51,-9.97,0.0,0.2388441104666353,2018-02-10
-27.65,-15.74,0.0,0.1654188254338767,2018-02-11
-32.86,-12.33,0.0,0.2195734498733932,2018-02-12
-19.19,2.02,0.0,0.6155381202126918,2018-02-13
-12.93,1.09,2.27,0.5046934803155545,2018-02-14
-27.18,-12.82,0.0,0.2167360679177798,2018-02-15
-20.82,-3.79,0.0,0.4340696582326405,2018-02-16
-19.33,-10.65,0.0,0.2085058436765783,2018-02-17
-22.99,-12.91,0.0,0.1960223049792394,2018-02-18
-27.84,-13.51,0.0,0.2112569357255717,2018-02-19
-24.05,-12.13,0.0,0.2226928047889383,2018-02-20
-29.06,-10.27,0.0,0.2788924296223402,2018-02-21
-24.7,-9.17,0.0,0.3096879238657684,2018-02-22
-19.61,-7.06,0.0,0.3538672601078675,2018-02-23
-15.95,-1.73,0.0,0.5537669628421599,2018-02-24
-17.09,-0.82,0.0,0.6009297572669888,2018-02-25
-14.83,-4.46,0.0,0.4041295996827946,2018-02-26
-14.34,-1.7,0.0,0.5507817283125213,2018-02-27
-13.56,0.59,0.0,0.6767230948484988,2018-02-28
-18.37,-1.63,0.0,0.5918794505973508,2018-03-01
-12.3,-4.16,0.0,0.4239188645926749,2018-03-02
-7.59,-4.34,4.5,0.1395492788723,2018-03-03
-10.86,-5.47,9.02,0.200024462906199,2018-03-04
-14.81,-8.6,0.0,0.2072557617958785,2018-03-05
-17.83,-7.79,0.0,0.3186970533791058,2018-03-06
-23.73,-5.84,0.0,0.4389852664888239,2018-03-07
-24.34,-7.69,0.0,0.385065970493492,2018-03-08
-11.84,0.01,0.0,0.6465427116147332,2018-03-09
-11.98,-1.04,0.0,0.5870364892948088,2018-03-10
-14.04,2.62,0.0,0.8288613267686125,2018-03-11
-16.04,-0.52,0.0,0.6788451361344592,2018-03-12
-16.03,2.42,0.0,0.8218045918082424,2018-03-13
-15.76,-0.6,0.0,0.6876536810864027,2018-03-14
-9.83,-2.72,0.0,0.4064894746326324,2018-03-15
-6.38,1.9,0.0,0.6663815984444272,2018-03-16
-3.8,0.5,3.97,0.2404549382675435,2018-03-17
-5.62,1.53,1.07,0.5701067554454183,2018-03-18
-8.55,-0.43,0.0,0.5545088453772854,2018-03-19
-9.52,1.92,0.0,0.7998340778863086,2018-03-20
-10.96,2.64,0.0,0.8840528918466488,2018-03-21
-8.56,0.93,0.0,0.7066564312798577,2018-03-22
-5.12,0.82,4.52,0.3540088359835802,2018-03-23
-9.71,3.15,0.0,0.9313567193735725,2018-03-24
-5.82,1.94,0.0,0.708577624715238,2018-03-25
-6.62,4.45,0.0,1.0128299533647065,2018-03-26
-8.97,4.72,0.0,1.083268244849056,2018-03-27
-12.33,-0.95,0.76,0.7473117985043445,2018-03-28
-17.49,-5.65,0.86,0.5385771504983771,2018-03-29
-21.57,-12.41,1.11,0.2820701915337961,2018-03-30
-21.98,-10.18,0.0,0.3875283985970192,2018-03-31
-18.95,-5.47,0.0,0.5762885681244027,2018-04-01
-19.94,-5.08,0.0,0.5942469817418804,2018-04-02
-16.96,-3.65,0.0,0.6597454818155128,2018-04-03
-17.96,-2.44,0.0,0.7209377319741046,2018-04-04
-17.95,-8.58,0.0,0.4043114857100481,2018-04-05
-23.29,-9.31,0.0,0.43829804667638,2018-04-06
-20.42,-4.72,0.0,0.6278171572231729,2018-04-07
-11.69,-2.71,0.0,0.6513016629453832,2018-04-08
-6.85,1.54,0.0,0.8507900554639954,2018-04-09
-9.0,7.18,0.0,1.3623284482098954,2018-04-10
-2.45,2.92,0.74,0.6898876937849573,2018-04-11
-4.41,-0.54,0.0,0.3772922301290622,2018-04-12
-4.1,1.1,0.0,0.6359027882681039,2018-04-13
-3.2,7.67,0.0,1.449893303559386,2018-04-14
-2.75,9.73,0.0,1.5936563939542978,2018-04-15
-0.92,5.11,4.16,0.7158731264674166,2018-04-16
-2.07,1.87,5.23,0.2958639120518204,2018-04-17
-4.89,9.77,0.0,1.5735345215651626,2018-04-18
-1.46,12.37,0.0,1.779485111395385,2018-04-19
0.15,18.57,0.0,2.169431881300664,2018-04-20
1.4,19.44,0.0,2.238310129621546,2018-04-21
2.1,13.84,0.0,1.8465862680627192,2018-04-22
-0.83,13.18,0.0,1.837351470449603,2018-04-23
-1.3,19.97,0.0,2.233292323806167,2018-04-24
3.31,17.23,0.0,2.105765861554338,2018-04-25
-0.65,22.0,0.0,2.3628199485135903,2018-04-26
-0.39,16.5,0.0,2.0505567759090715,2018-04-27
2.22,26.41,0.0,2.572897873711051,2018-04-28
6.46,20.7,0.0,2.2525180138979892,2018-04-29
1.03,11.15,0.0,1.4348760854555092,2018-04-30
-2.73,16.93,0.0,1.9856090800038064,2018-05-01
0.73,18.35,0.0,2.11252598714027,2018-05-02
5.58,21.62,0.0,2.3394247508416033,2018-05-03
5.01,24.09,0.0,2.5064976350075066,2018-05-04
6.09,24.33,0.0,2.5254733903957596,2018-05-05
4.19,27.12,0.0,2.6833673300748937,2018-05-06
11.1,26.16,0.0,2.618992312648867,2018-05-07
8.94,16.69,6.95,1.2872313160526414,2018-05-08
3.67,12.97,0.0,1.4700065474180073,2018-05-09
3.38,10.61,3.0,0.8528235377628626,2018-05-10
4.44,9.52,1.41,0.7013415731479175,2018-05-11
3.26,17.68,0.0,2.080548503134077,2018-05-12
5.88,25.96,0.0,2.659742860028256,2018-05-13
3.99,24.45,0.0,2.5519767507089983,2018-05-14
11.84,31.36,0.0,3.0074020529888412,2018-05-15
9.36,27.91,0.0,2.780715484723441,2018-05-16
7.32,15.17,0.0,1.3425127405381585,2018-05-17
4.13,17.65,0.0,2.037552437715046,2018-05-18
1.58,21.26,0.0,2.335110902253822,2018-05-19
2.51,24.61,0.0,2.558935275100541,2018-05-20
10.57,29.75,0.0,2.914827536682137,2018-05-21
9.38,26.61,0.0,2.694127420309262,2018-05-22
8.62,28.71,2.66,2.608454389312899,2018-05-23
11.07,26.97,1.8,2.7002451878487808,2018-05-24
10.41,27.94,0.0,2.79013561470168,2018-05-25
10.3,29.99,0.0,2.9488567855815977,2018-05-26
9.74,25.5,0.0,2.6173233868594936,2018-05-27
9.93,30.09,0.0,2.970075887841428,2018-05-28
13.09,27.63,0.0,2.724686866359349,2018-05-29
10.33,23.4,5.71,1.9782216731963451,2018-05-30
7.92,14.24,0.0,0.9704497501006132,2018-05-31
8.28,14.53,9.65,0.7208084644091375,2018-06-01
6.87,18.81,0.0,1.9206304925711564,2018-06-02
7.43,24.37,0.0,2.6089859765715335,2018-06-03
10.68,28.32,1.67,2.8773064039155893,2018-06-04
9.85,21.28,0.0,2.182226798752941,2018-06-05
7.09,26.64,0.0,2.788835801685019,2018-06-06
8.48,27.25,0.0,2.821406378874659,2018-06-07
12.34,25.5,0.0,2.589787771061909,2018-06-08
12.67,30.86,0.0,3.0355457328268143,2018-06-09
13.24,24.11,0.0,2.229751745315046,2018-06-10
5.8,18.01,0.0,1.966363311953977,2018-06-11
7.35,22.05,0.0,2.4214898879146776,2018-06-12
7.96,25.62,0.0,2.704688984475471,2018-06-13
9.23,22.57,1.63,2.409934299617536,2018-06-14
8.94,23.19,0.0,2.4988186722488672,2018-06-15
7.58,20.67,0.0,2.28694439516671,2018-06-16
7.75,25.04,0.0,2.666336421694015,2018-06-17
8.0,26.94,0.0,2.8084502749669618,2018-06-18
11.27,25.83,0.0,2.6752494706522727,2018-06-19
9.68,28.85,0.0,2.943473542029539,2018-06-20
11.96,29.23,0.0,2.94428796176836,2018-06-21
14.15,27.74,4.94,2.4681064936769346,2018-06-22
12.1,26.45,9.82,2.3566723367080606,2018-06-23
14.65,25.78,0.0,2.3484611290126898,2018-06-24
13.89,29.67,2.28,2.496694829402739,2018-06-25
12.2,24.72,0.0,2.420590224550874,2018-06-26
7.12,25.26,0.0,2.713714142696211,2018-06-27
7.51,24.5,0.0,2.650723210304297,2018-06-28
11.15,22.41,0.0,2.183239966483306,2018-06-29
12.1,24.46,4.96,1.9510547127443396,2018-06-30
10.81,21.28,3.33,1.520038544815503,2018-07-01
8.56,22.39,3.32,1.8430990236025515,2018-07-02
5.99,20.6,9.83,1.7598786153805912,2018-07-03
10.13,19.04,6.33,1.0897850901820183,2018-07-04
7.55,24.91,0.0,2.434058464166438,2018-07-05
14.56,33.58,0.0,3.0492190276033084,2018-07-06
14.17,30.23,0.0,2.6966215713745063,2018-07-07
10.37,25.29,0.0,2.32317533123347,2018-07-08
9.61,29.14,0.0,2.77483389845338,2018-07-09
12.68,29.21,6.01,2.1564083594927963,2018-07-10
14.21,25.35,0.0,1.8711068272012423,2018-07-11
13.42,28.94,0.0,2.495092727567048,2018-07-12
13.1,32.65,0.0,2.919734901654056,2018-07-13
11.84,21.31,0.0,1.4555486251485188,2018-07-14
8.22,25.86,0.0,2.4138666208213424,2018-07-15
6.6,26.39,0.0,2.532126492253024,2018-07-16
10.7,34.21,0.0,3.152223531590231,2018-07-17
15.9,31.35,0.0,2.651476974355142,2018-07-18
13.8,28.19,0.0,2.3898369644676567,2018-07-19
12.73,29.94,0.0,2.683442618848391,2018-07-20
14.7,27.72,0.0,2.2312614146627836,2018-07-21
10.77,23.36,0.0,1.9593503296289076,2018-07-22
8.79,23.85,0.0,2.176852175776752,2018-07-23
8.32,23.13,2.52,1.7096676258110095,2018-07-24
9.29,21.46,0.0,1.7738701242354675,2018-07-25
6.11,23.49,0.0,2.2176736989054264,2018-07-26
9.4,23.34,0.0,2.0148149866876075,2018-07-27
8.28,26.85,0.0,2.467227667562095,2018-07-28
8.39,29.46,0.0,2.6826720788294933,2018-07-29
10.63,32.18,0.0,2.8479035919462437,2018-07-30
12.06,24.5,0.0,1.8582349624225565,2018-07-31
7.72,28.76,0.0,2.5883088869111863,2018-08-01
14.49,31.05,3.04,2.050160319797887,2018-08-02
13.14,29.25,2.86,1.9039251942666673,2018-08-03
13.15,22.8,2.31,1.0171119256236394,2018-08-04
12.93,23.08,2.58,1.083470356325679,2018-08-05
10.47,29.52,0.0,2.4426040654134793,2018-08-06
12.39,31.48,0.0,2.590938103596745,2018-08-07
11.55,30.24,0.0,2.4948259159418753,2018-08-08
12.71,33.93,0.0,2.8055957613184392,2018-08-09
13.63,39.19,0.0,3.186435820557694,2018-08-10
14.86,36.25,0.0,2.8977982209789075,2018-08-11
13.17,23.76,0.9,1.4542558547549929,2018-08-12
8.44,17.57,0.0,1.0310035201889358,2018-08-13
3.66,28.34,0.0,2.4493707434485974,2018-08-14
11.49,29.18,0.0,2.3029343117547745,2018-08-15
9.84,29.19,0.0,2.3749250738753167,2018-08-16
10.81,33.04,0.0,2.66742664167135,2018-08-17
10.26,24.98,0.0,1.8524170428605216,2018-08-18
3.51,23.95,0.0,2.049266319663999,2018-08-19
5.21,23.08,0.0,1.9010729144145313,2018-08-20
5.31,26.7,0.0,2.2061944148402346,2018-08-21
9.34,30.44,0.0,2.4181313883833444,2018-08-22
8.71,29.81,0.0,2.377303916128925,2018-08-23
8.61,21.1,0.0,1.4109882727735137,2018-08-24
7.49,19.63,0.0,1.3130524204086582,2018-08-25
8.23,17.6,3.49,0.7890131906214475,2018-08-26
7.61,13.65,5.43,0.5014953106335384,2018-08-27
6.37,19.15,0.0,1.2913230038772263,2018-08-28
6.66,26.84,0.0,2.1012127421504916,2018-08-29
10.26,22.45,1.17,1.386514892155733,2018-08-30
7.57,19.95,0.0,1.366878622036589,2018-08-31
6.54,20.24,0.0,1.4749276095500683,2018-09-01
3.57,20.41,0.0,1.6417296140451192,2018-09-02
4.36,23.07,0.0,1.8478731417890637,2018-09-03
2.81,14.89,0.0,1.081150898405877,2018-09-04
-0.37,21.7,0.0,1.800951263034258,2018-09-05
3.17,24.54,0.0,1.951380959388302,2018-09-06
7.71,24.96,0.0,1.8287143022427907,2018-09-07
11.34,28.19,0.0,1.9500085929466844,2018-09-08
7.72,22.33,0.0,1.540459267540353,2018-09-09
3.9,23.39,0.0,1.800421548202905,2018-09-10
6.49,17.25,0.0,1.0039565248664095,2018-09-11
5.01,14.58,3.83,0.7047414017754652,2018-09-12
3.8,11.19,2.53,0.5258364976432719,2018-09-13
2.02,8.91,0.0,0.5100909344820249,2018-09-14
5.34,12.39,4.75,0.5266660625797587,2018-09-15
7.16,10.21,7.32,0.2452562085960858,2018-09-16
4.09,13.25,0.93,0.7331448577626853,2018-09-17
4.34,11.24,0.0,0.5583878168662726,2018-09-18
2.82,14.32,0.0,0.8839892155415174,2018-09-19
2.49,10.12,0.0,0.5856704141838652,2018-09-20
0.96,8.85,3.72,0.5216721348332085,2018-09-21
-0.39,1.11,7.72,0.1011199157167878,2018-09-22
-0.15,4.9,0.64,0.356964496975199,2018-09-23
-0.13,12.72,1.31,0.9220522635254164,2018-09-24
1.27,13.48,0.85,0.8992566089827376,2018-09-25
3.47,16.26,0.0,1.0092073719184145,2018-09-26
-1.25,9.04,0.0,0.681104008800868,2018-09-27
-3.61,8.45,0.0,0.7269420495930248,2018-09-28
-1.78,6.76,0.0,0.5531288397386949,2018-09-29
-7.36,3.84,1.01,0.5969355249452472,2018-09-30
-2.32,5.21,1.72,0.4741284892117408,2018-10-01
-1.73,2.33,2.27,0.2357753493130679,2018-10-02
-3.1,4.45,0.56,0.4637810451344646,2018-10-03
-6.3,4.65,0.0,0.5832720135362885,2018-10-04
-3.07,8.33,0.0,0.7025398775987045,2018-10-05
-4.4,11.71,0.0,0.9588355091649324,2018-10-06
-2.86,13.44,0.0,1.027468061052295,2018-10-07
-2.47,2.22,0.0,0.2918333698807818,2018-10-08
-3.46,0.83,0.0,0.2564737334485313,2018-10-09
-6.26,4.16,0.0,0.5496206290832304,2018-10-10
-8.97,6.03,0.0,0.6938942268320013,2018-10-11
-4.82,8.62,5.95,0.6682628984299279,2018-10-12
-5.6,-1.4,0.0,0.2224548110227984,2018-10-13
-9.75,3.81,0.0,0.5855468314979217,2018-10-14
-0.59,13.02,0.0,0.8539173744601692,2018-10-15
-0.07,11.53,0.0,0.7290611396772524,2018-10-16
-1.76,21.53,0.0,1.3461849470580294,2018-10-17
2.53,19.06,0.0,1.1122482909542968,2018-10-18
-3.11,13.05,0.0,0.8680858694928267,2018-10-19
-6.57,17.76,0.0,1.139971604432949,2018-10-20
-1.85,14.86,0.0,0.9202560359875448,2018-10-21
-6.06,11.52,0.0,0.8237106454995902,2018-10-22
-3.71,16.33,0.0,1.011646820861685,2018-10-23
-1.95,19.84,0.0,1.1679065532625266,2018-10-24
0.0,15.64,0.0,0.8905614919007603,2018-10-25
-1.59,12.91,0.0,0.7811546719051198,2018-10-26
-0.41,12.78,0.0,0.7373680654667469,2018-10-27
-5.63,9.62,0.0,0.7002474129601788,2018-10-28
-0.54,10.23,0.0,0.5933870474015889,2018-10-29
-1.91,7.43,0.0,0.4865779367732949,2018-10-30
-3.55,10.43,0.0,0.6836046082678873,2018-10-31
-3.2,3.68,2.04,0.31543948615683,2018-11-01
-2.29,-0.19,4.38,0.1000623776369414,2018-11-02
-4.77,0.89,0.0,0.2538669404568104,2018-11-03
-2.62,3.73,3.13,0.2958950466704486,2018-11-04
-8.37,-1.45,1.15,0.2703734580737113,2018-11-05
-13.01,-8.77,0.0,0.1273760002075483,2018-11-06
-12.66,-10.3,0.0,0.1,2018-11-07
-18.03,-9.74,0.0,0.1935133027060741,2018-11-08
-21.98,-3.6,2.4,0.354127094286198,2018-11-09
-9.77,-2.5,0.0,0.2613878940177453,2018-11-10
-11.6,-6.4,0.0,0.1667089434605974,2018-11-11
-16.8,-3.75,0.0,0.3359638321170258,2018-11-12
-8.74,5.13,0.0,0.5334714163225469,2018-11-13
-1.0,6.34,0.0,0.3792805307686556,2018-11-14
-1.57,4.15,2.15,0.2695205286875388,2018-11-15
-16.48,-4.79,0.0,0.2942326431398138,2018-11-16
-19.14,-6.4,0.0,0.2772028986763339,2018-11-17
-11.14,-5.85,1.62,0.1713582392439768,2018-11-18
-12.21,1.49,0.0,0.4423118813696661,2018-11-19
-5.68,3.69,0.0,0.401910931428686,2018-11-20
-5.87,3.14,0.0,0.3826815094471988,2018-11-21
-1.57,6.09,0.0,0.3792596089287868,2018-11-22
-5.64,3.48,0.0,0.3846697010510839,2018-11-23
-7.86,-4.72,0.0,0.1165209397899119,2018-11-24
-8.1,-4.59,0.0,0.1291561954133404,2018-11-25
-7.37,-3.14,0.0,0.1626429089302263,2018-11-26
-4.76,0.72,0.0,0.2387937560730537,2018-11-27
-5.94,-1.57,0.0,0.180358071802074,2018-11-28
-6.23,0.22,0.0,0.2638423967043136,2018-11-29
-8.54,-2.11,0.0,0.2362742677082784,2018-11-30
-7.44,-4.53,6.67,0.1067449498782772,2018-12-01
-8.41,-3.84,0.0,0.169972120758278,2018-12-02
-13.25,-4.54,0.0,0.256524177460008,2018-12-03
-14.01,-6.18,0.97,0.2204005758915182,2018-12-04
-13.62,-6.33,0.55,0.208478978198355,2018-12-05
-14.91,-8.9,0.0,0.157949423572826,2018-12-06
-19.34,-7.14,0.0,0.2567400729744117,2018-12-07
-17.91,-7.27,0.0,0.2406159079471896,2018-12-08
-15.36,-2.33,0.0,0.3438790310522099,2018-12-09
-13.06,1.69,0.0,0.4403301110015578,2018-12-10
-8.14,0.53,0.0,0.3222518248881986,2018-12-11
-5.04,0.93,0.0,0.2537575383466131,2018-12-12
-8.87,3.14,0.0,0.4336809011420414,2018-12-13
-7.85,5.26,0.0,0.4943649034866307,2018-12-14
-2.92,4.49,0.0,0.3429725214921992,2018-12-15
-11.47,-2.57,0.0,0.2808272223098422,2018-12-16
-7.56,5.17,0.0,0.4852281886366045,2018-12-17
-3.73,4.71,0.0,0.377588460546716,2018-12-18
-3.36,3.07,0.0,0.2918193888548026,2018-12-19
-7.25,2.69,0.0,0.3832890013585179,2018-12-20
-4.71,3.47,0.0,0.35186682538182,2018-12-21
-8.88,-4.55,0.0,0.1522622442838551,2018-12-22
-15.11,-4.61,2.89,0.2650563829953931,2018-12-23
-14.92,-7.7,1.31,0.1876581021647847,2018-12-24
-16.14,-9.16,0.0,0.1686993549497338,2018-12-25
-13.27,-6.27,0.0,0.1988356685861723,2018-12-26
-17.68,-8.64,0.84,0.2029472719472294,2018-12-27
-17.99,-5.41,0.0,0.2841397710234006,2018-12-28
-12.17,-2.86,1.21,0.2834362482421792,2018-12-29
-18.54,-8.36,0.87,0.2192001234027763,2018-12-30
-25.71,-15.05,0.0,0.1455779642344012,2018-12-31
-24.05,-1.9,0.0,0.3810561682958073,2019-01-01
-9.72,4.15,0.0,0.4809455503152341,2019-01-02
-4.54,4.18,0.0,0.3729061995680339,2019-01-03
-7.21,3.8,0.0,0.4239361765349674,2019-01-04
-6.04,-2.52,0.0,0.1379976493392708,2019-01-05
-5.73,2.39,0.0,0.3319443979116053,2019-01-06
-12.72,-2.4,1.07,0.3069680853032162,2019-01-07
-20.1,-13.95,0.0,0.1149628959551801,2019-01-08
-21.04,-7.08,0.0,0.2685513706451787,2019-01-09
-13.92,-6.14,0.0,0.2143739362885195,2019-01-10
-17.12,-8.21,0.0,0.2076708408535116,2019-01-11
-12.83,1.73,0.0,0.4458165627162655,2019-01-12
-11.64,-0.35,0.0,0.3620296450852048,2019-01-13
-11.63,-0.44,0.0,0.3593785475833538,2019-01-14
-14.97,-4.3,0.0,0.2882971501486512,2019-01-15
-16.11,-12.2,0.72,0.1,2019-01-16
-22.63,-15.39,0.0,0.1197421190631751,2019-01-17
-25.2,-16.7,0.0,0.120561216728953,2019-01-18
-19.37,-14.22,5.6,0.1,2019-01-19
-18.13,-9.65,0.0,0.1913663384902201,2019-01-20
-17.38,-5.45,0.0,0.2907290369694862,2019-01-21
-13.95,-2.44,0.0,0.3391345608826486,2019-01-22
-20.55,-4.47,0.0,0.3388226180896614,2019-01-23
-27.72,-7.74,0.0,0.2802602565345047,2019-01-24
-19.18,-2.81,0.0,0.3770857934006743,2019-01-25
-9.81,0.76,1.78,0.387546122730879,2019-01-26
-6.97,3.93,1.52,0.4569247676740112,2019-01-27
-20.93,-9.82,0.0,0.224363215565456,2019-01-28
-28.26,-19.24,0.0,0.108923260050155,2019-01-29
-22.06,-9.29,0.5,0.2463755171150703,2019-01-30
-13.23,0.27,0.0,0.4343359449873099,2019-01-31
-18.57,-7.45,0.0,0.26543083162364,2019-02-01
-22.13,-15.12,0.0,0.1295288571196554,2019-02-02
-25.34,-21.13,2.03,0.1,2019-02-03
-26.2,-22.44,3.94,0.1,2019-02-04
-32.75,-22.66,0.0,0.1,2019-02-05
-35.76,-25.97,0.0,0.1,2019-02-06
-37.86,-24.48,0.0,0.1,2019-02-07
-36.77,-24.3,0.0,0.1,2019-02-08
-33.23,-23.61,0.0,0.1,2019-02-09
-30.8,-21.06,2.28,0.1,2019-02-10
-28.79,-17.56,1.95,0.14569116293492,2019-02-11
-31.85,-19.73,0.95,0.1275145822742923,2019-02-12
-27.78,-20.19,0.0,0.1025537614677103,2019-02-13
-32.33,-20.1,0.0,0.125867772370372,2019-02-14
-32.58,-17.17,2.6,0.151266618352465,2019-02-15
-21.38,-14.51,4.69,0.1335156158580355,2019-02-16
-21.31,-15.44,1.45,0.1236343337453285,2019-02-17
-26.37,-18.26,0.0,0.1253339035609476,2019-02-18
-27.78,-10.58,0.0,0.2655589034714418,2019-02-19
-23.13,-8.26,1.53,0.3070314565614646,2019-02-20
-23.74,-12.67,0.0,0.2146956917011634,2019-02-21
-27.15,-10.77,0.0,0.2666158575913525,2019-02-22
-23.53,-13.61,0.54,0.1969419341639659,2019-02-23
-31.19,-19.81,0.0,0.1348130291454395,2019-02-24
-33.82,-19.02,0.0,0.1499865157614831,2019-02-25
-28.72,-16.96,0.0,0.1694798823263727,2019-02-26
-22.56,-9.04,0.0,0.3010775570183367,2019-02-27
-18.22,-8.13,0.0,0.2893221167835648,2019-02-28
-26.57,-16.19,0.0,0.1754220456814634,2019-03-01
-32.93,-21.22,0.0,0.1267381742319575,2019-03-02
-27.03,-16.68,0.0,0.1719013622916776,2019-03-03
-23.68,-11.47,0.0,0.2596196468376883,2019-03-04
-19.04,-9.11,0.0,0.2790645532212369,2019-03-05
-25.97,-13.68,0.0,0.2260207169772701,2019-03-06
-23.07,-8.06,0.0,0.3587613748541987,2019-03-07
-16.52,-4.2,0.0,0.4634609236702515,2019-03-08
-15.8,-4.96,0.0,0.4197848687393122,2019-03-09
-21.4,-6.26,0.0,0.4265087212762904,2019-03-10
-16.94,1.55,0.0,0.7402097956342282,2019-03-11
-3.16,3.32,0.0,0.5031684320140485,2019-03-12
-5.67,2.31,0.0,0.6030802716547314,2019-03-13
-9.68,1.41,0.0,0.7139618619227219,2019-03-14
-11.59,2.9,0.0,0.8514032029545244,2019-03-15
-8.55,3.77,0.0,0.879381807012314,2019-03-16
-10.18,4.19,0.0,0.9407160275418812,2019-03-17
-3.24,5.46,0.0,0.8391649525452454,2019-03-18
-3.46,10.3,0.0,1.3227874261576615,2019-03-19
-2.1,13.96,0.0,1.6010663991349363,2019-03-20
-1.86,12.36,0.0,1.4888276234285822,2019-03-21
-1.74,14.31,0.0,1.653685510241948,2019-03-22
-2.29,13.78,0.0,1.624324399594833,2019-03-23
-3.98,5.16,0.0,0.8974754630871602,2019-03-24
-6.32,4.29,0.0,0.967433171490884,2019-03-25
-0.87,17.32,0.0,1.8845623093088568,2019-03-26
-1.19,6.32,0.0,0.9092963785841855,2019-03-27
-5.82,7.19,0.0,1.2395873798606434,2019-03-28
-4.87,4.82,0.0,1.0021180540955503,2019-03-29
-6.25,14.63,0.0,1.6917095617341282,2019-03-30
-5.07,5.93,0.0,1.1305361203937347,2019-03-31
-3.49,8.47,0.93,1.33882569534907,2019-04-01
-5.87,5.82,0.0,1.1500744326706074,2019-04-02
-8.02,12.3,0.0,1.570030179892724,2019-04-03
-0.79,14.72,0.0,1.7927931902080196,2019-04-04
-3.31,8.71,0.0,1.3672322675305764,2019-04-05
1.25,11.49,0.86,1.5010763086728167,2019-04-06
0.58,16.82,0.0,1.945188960520853,2019-04-07
-2.93,16.64,0.0,1.9021049706147997,2019-04-08
-4.68,10.98,0.0,1.5738783064717037,2019-04-09
-4.97,8.94,0.0,1.461487784357664,2019-04-10
-7.85,7.64,0.0,1.3725166349628657,2019-04-11
-8.95,9.89,0.0,1.4754473403168686,2019-04-12
-5.29,15.11,0.0,1.806721262226321,2019-04-13
3.63,16.72,0.0,1.9485774140483856,2019-04-14
-1.33,14.11,0.0,1.7957580153859125,2019-04-15
-4.85,13.72,0.0,1.750153871400305,2019-04-16
0.07,15.5,0.0,1.8911800669306873,2019-04-17
-0.67,17.46,0.0,2.017256050690671,2019-04-18
5.8,21.25,0.0,2.274096228781295,2019-04-19
4.07,17.17,0.0,1.9922385745718003,2019-04-20
-1.82,14.7,0.0,1.851060786779946,2019-04-21
-1.45,21.06,0.0,2.237985946148388,2019-04-22
5.78,20.75,0.0,2.179418625109448,2019-04-23
0.92,17.71,0.0,1.9929601016421328,2019-04-24
-2.04,12.7,0.0,1.6745032992298006,2019-04-25
-3.57,10.9,0.0,1.56127125217996,2019-04-26
-1.44,10.17,7.93,1.3410023774569582,2019-04-27
-5.37,2.87,4.67,0.6534504546400491,2019-04-28
-9.88,5.38,0.0,1.1826973198257005,2019-04-29
-4.67,8.84,1.73,1.40584109709306,2019-04-30
-6.52,9.8,0.0,1.498198766091064,2019-05-01
-3.09,11.72,0.0,1.6346128931162986,2019-05-02
-4.7,12.15,0.0,1.6622013805419826,2019-05-03
-3.32,8.12,0.0,1.2983805163164628,2019-05-04
-7.26,7.31,0.0,1.34903987405487,2019-05-05
-7.13,12.0,0.0,1.637322545593896,2019-05-06
-0.26,15.47,0.0,1.899501775426408,2019-05-07
-4.25,12.63,0.0,1.7111577683447947,2019-05-08
1.38,14.38,0.0,1.8217703326838128,2019-05-09
3.59,18.84,2.92,1.9652992516580257,2019-05-10
1.26,16.2,0.0,1.9636284787165368,2019-05-11
2.5,25.21,0.0,2.564527506107249,2019-05-12
4.2,20.21,0.0,2.246130103658267,2019-05-13
2.2,22.39,0.0,2.39479864990976,2019-05-14
6.32,20.93,0.0,2.279924307050557,2019-05-15
-0.58,15.34,0.0,1.9247537093695408,2019-05-16
0.58,15.67,0.0,1.948286539824143,2019-05-17
0.77,13.78,0.0,1.813128150157272,2019-05-18
-2.97,15.49,0.0,1.9366386595767375,2019-05-19
-1.29,18.6,0.0,2.147396718225775,2019-05-20
1.05,19.38,0.0,2.2160228279871284,2019-05-21
3.11,23.14,0.0,2.481780972374971,2019-05-22
3.8,23.66,0.0,2.5200249545414315,2019-05-23
3.78,22.04,0.0,2.4110975293745938,2019-05-24
5.09,16.44,4.41,1.8101108099335452,2019-05-25
1.33,18.89,0.0,2.196065106338445,2019-05-26
1.6,20.89,0.0,2.3321995108203897,2019-05-27
5.44,26.79,0.0,2.738754085950754,2019-05-28
9.29,29.74,0.0,2.937275310944833,2019-05-29
10.49,32.27,0.0,3.103792129917891,2019-05-30
5.55,21.42,0.0,2.346684188471418,2019-05-31
6.08,25.14,0.0,2.624093915801026,2019-06-01
11.04,32.99,0.0,3.1536440303947275,2019-06-02
9.21,34.18,0.0,3.2266679043171576,2019-06-03
11.74,25.15,0.0,2.511488316617453,2019-06-04
10.0,24.93,0.0,2.5483849408534223,2019-06-05
12.64,26.67,0.0,2.6284419995036856,2019-06-06
8.33,21.7,0.0,2.316475361908904,2019-06-07
3.46,16.78,0.0,2.0061720970928025,2019-06-08
4.15,20.24,0.0,2.2756049211751557,2019-06-09
3.1,23.71,0.0,2.532546248649026,2019-06-10
6.83,21.78,3.25,2.1707829921246606,2019-06-11
6.59,25.24,2.32,2.4119328832638725,2019-06-12
8.63,29.92,3.5,2.708220891347341,2019-06-13
12.35,23.74,5.27,2.2024474493743136,2019-06-14
10.06,20.34,6.03,1.7888663778633342,2019-06-15
8.92,17.62,4.66,1.3389162687963851,2019-06-16
6.28,21.74,0.0,2.3826808662507633,2019-06-17
8.33,26.63,0.0,2.744627056916202,2019-06-18
10.53,22.21,28.27,1.853220013116372,2019-06-19
7.74,14.67,0.0,0.8999167880757154,2019-06-20
6.6,15.01,26.29,0.8744794266148469,2019-06-21
10.98,14.89,12.38,0.417097647934012,2019-06-22
9.36,21.82,3.18,1.3648292929680987,2019-06-23
9.15,20.74,0.0,1.564110191259377,2019-06-24
8.74,21.96,0.0,1.7932092102378834,2019-06-25
7.95,24.02,0.0,2.121631819934625,2019-06-26
12.2,24.93,14.69,1.5083426533405744,2019-06-27
13.83,22.85,3.1,1.0212899443361632,2019-06-28
13.53,24.53,0.0,1.6247516503217845,2019-06-29
9.37,22.17,0.0,1.738931786328917,2019-06-30
8.9,26.93,3.21,1.9209391100747435,2019-07-01
5.65,19.87,0.0,1.7380327959917643,2019-07-02
7.95,20.32,0.0,1.638345992298226,2019-07-03
8.42,20.54,0.0,1.625569225161464,2019-07-04
11.32,20.39,0.0,1.259481275329995,2019-07-05
10.98,25.47,0.0,2.0758488196357474,2019-07-06
13.94,27.37,0.0,2.063259139067663,2019-07-07
13.95,23.53,0.0,1.4408437654369075,2019-07-08
11.55,22.69,0.0,1.6344379505171849,2019-07-09
9.28,25.95,0.0,2.241882946624237,2019-07-10
13.89,24.76,0.0,1.6910359634060212,2019-07-11
10.42,24.25,0.03,1.981878531450236,2019-07-12
11.89,29.75,5.72,2.042418023713753,2019-07-13
14.11,27.99,11.24,1.6816590845261798,2019-07-14
12.84,25.14,0.0,1.7829563445392154,2019-07-15
11.47,19.75,11.15,0.9340474307915048,2019-07-16
11.58,23.29,4.88,1.2866122149996702,2019-07-17
11.2,25.41,1.86,1.904853462985311,2019-07-18
9.24,18.35,0.0,1.1290511985206295,2019-07-19
9.48,22.21,0.0,1.6230979932537732,2019-07-20
10.17,24.62,0.0,1.8477138260584591,2019-07-21
9.97,27.46,0.0,2.138025621059895,2019-07-22
14.47,29.98,0.0,2.099881086911328,2019-07-23
15.86,31.0,4.03,1.672454289478507,2019-07-24
10.39,22.39,1.44,1.4687818627403384,2019-07-25
12.27,25.98,0.0,1.7578949841960272,2019-07-26
12.62,32.41,0.0,2.4323287917155767,2019-07-27
9.37,22.83,0.0,1.6231022767604144,2019-07-28
5.41,25.37,0.0,2.0783620225386605,2019-07-29
12.53,30.55,0.0,2.2372447411933396,2019-07-30
12.2,27.28,0.0,1.8967661880198512,2019-07-31
14.33,33.56,0.0,2.404768268350725,2019-08-01
16.41,35.1,0.0,2.405273560149082,2019-08-02
16.15,29.33,0.0,1.7278808258548446,2019-08-03
10.23,26.36,0.0,1.8734041174339715,2019-08-04
10.21,29.5,0.0,2.1777311392596745,2019-08-05
10.64,23.34,0.0,1.447882865384298,2019-08-06
6.19,22.33,0.0,1.657081919135038,2019-08-07
7.13,25.77,0.0,1.9301101087933217,2019-08-08
10.74,28.15,0.0,1.968763950082815,2019-08-09
9.77,20.31,0.0,1.1376009113650645,2019-08-10
8.74,23.22,8.7,1.3170923278135678,2019-08-11
10.28,15.07,18.61,0.470247139926422,2019-08-12
7.23,20.58,0.0,1.33759548948862,2019-08-13
10.12,24.11,0.0,1.4762331184079402,2019-08-14
10.19,25.28,0.0,1.568153988765714,2019-08-15
10.66,20.49,0.0,1.0665350646517455,2019-08-16
5.58,18.06,0.0,1.1845778723519895,2019-08-17
4.47,22.69,0.0,1.6126045733759853,2019-08-18
5.58,23.16,0.0,1.5888106764087715,2019-08-19
4.2,22.98,0.0,1.6226512220676188,2019-08-20
6.14,26.69,0.0,1.8477819572483432,2019-08-21
12.9,25.81,1.39,1.384811962272397,2019-08-22
10.22,21.21,0.0,1.1326496537589548,2019-08-23
12.04,28.8,6.91,1.523105713842552,2019-08-24
11.38,21.76,8.54,0.970940907271259,2019-08-25
8.9,20.11,0.0,1.1115558823993046,2019-08-26
8.19,19.41,0.0,1.0919221177304614,2019-08-27
6.66,22.77,0.84,1.4624509056751225,2019-08-28
5.4,19.8,0.0,1.2806773813992307,2019-08-29
6.65,20.99,0.0,1.3100668020921011,2019-08-30
7.55,22.16,3.42,1.2165448057052288,2019-08-31
10.23,21.69,3.0,1.0316355294797157,2019-09-01
10.37,22.7,4.73,1.1040086969105585,2019-09-02
7.17,25.24,0.0,1.5960345300199286,2019-09-03
10.68,25.43,4.78,1.294719663531844,2019-09-04
7.97,23.08,0.0,1.382539926831674,2019-09-05
5.1,21.53,0.0,1.3844826302944355,2019-09-06
7.45,21.75,0.0,1.2911009589558815,2019-09-07
6.38,20.67,0.0,1.2551227618798126,2019-09-08
8.46,12.77,22.91,0.3699908958027115,2019-09-09
8.04,11.06,17.22,0.2607175665077693,2019-09-10
8.75,14.41,4.22,0.4882650538254412,2019-09-11
7.61,15.01,0.0,0.6883131940987874,2019-09-12
4.69,24.66,0.0,1.572733216275242,2019-09-13
9.04,23.38,0.0,1.3050559124375776,2019-09-14
10.0,27.7,0.0,1.5745625034296415,2019-09-15
8.8,31.42,0.0,1.857841143898101,2019-09-16
13.02,24.4,0.77,1.1217889481355168,2019-09-17
9.53,21.87,0.0,1.1249619568175695,2019-09-18
7.46,21.41,0.0,1.196139724398528,2019-09-19
7.98,20.18,0.0,1.071290662374976,2019-09-20
5.11,18.32,0.0,1.0668801357838449,2019-09-21
5.13,23.87,0.0,1.4384212279930602,2019-09-22
9.04,20.48,0.0,1.0157639405202392,2019-09-23
4.52,16.57,1.12,0.9458086313494996,2019-09-24
3.21,15.85,0.0,0.9472574090711736,2019-09-25
3.95,11.48,5.68,0.5294686292977755,2019-09-26
1.92,7.48,3.76,0.3659893893822263,2019-09-27
-0.77,4.06,0.0,0.316800382927245,2019-09-28
-0.4,2.13,15.09,0.1549968521426879,2019-09-29
-0.65,1.51,3.79,0.1323507536489544,2019-09-30
-1.4,3.17,0.0,0.2938572840366595,2019-10-01
-4.82,7.73,0.0,0.7050522938735477,2019-10-02
-1.11,10.53,0.0,0.750894664085943,2019-10-03
1.43,12.37,0.0,0.767923795035487,2019-10-04
-0.19,14.12,0.0,0.928228701967968,2019-10-05
3.75,15.24,0.0,0.8544784645347208,2019-10-06
2.12,19.87,0.0,1.1884096432019056,2019-10-07
-2.08,7.57,1.93,0.589671166600527,2019-10-08
-6.34,0.19,0.0,0.3307820134658578,2019-10-09
-6.85,2.23,0.0,0.4489705922343101,2019-10-10
-8.87,6.13,0.0,0.67044339436096,2019-10-11
-8.78,7.16,0.0,0.7088708186970534,2019-10-12
-8.99,10.57,0.0,0.8547606050700517,2019-10-13
-0.52,4.92,0.0,0.3342421302030389,2019-10-14
-1.8,5.57,0.0,0.4332707202060235,2019-10-15
-0.19,14.76,0.0,0.9057285831187728,2019-10-16
2.55,19.02,0.0,1.0657368027695435,2019-10-17
-0.1,15.71,0.0,0.9434348008416888,2019-10-18
-0.92,13.7,0.0,0.8501949810883896,2019-10-19
-4.67,8.7,0.0,0.6779668419749186,2019-10-20
-6.85,10.03,0.0,0.774933879002064,2019-10-21
-6.56,6.31,0.0,0.5987044463452357,2019-10-22
-4.42,3.19,2.12,0.3574303747812103,2019-10-23
-2.89,8.68,0.0,0.6176038451163367,2019-10-24
0.06,17.92,0.0,1.0203931854647907,2019-10-25
-5.96,1.66,0.36,0.3529940334971866,2019-10-26
-9.36,-2.39,1.74,0.2809169163035587,2019-10-27
-10.45,-4.33,2.12,0.2146334909624032,2019-10-28
-12.47,-5.85,0.0,0.2233790662390919,2019-10-29
-17.55,0.35,0.0,0.4867157893148531,2019-10-30
-3.38,4.22,0.84,0.3859217539379468,2019-10-31
-2.49,5.29,0.0,0.4084922340629138,2019-11-01
-3.89,4.0,0.91,0.3904672775443838,2019-11-02
-4.09,2.16,1.55,0.295903364856846,2019-11-03
-11.72,-3.67,0.0,0.269441446639833,2019-11-04
-12.9,-2.49,1.54,0.3395546297127556,2019-11-05
-19.3,-7.8,0.0,0.2634660084201724,2019-11-06
-18.96,-2.79,0.0,0.3882367085675335,2019-11-07
-8.34,6.16,0.0,0.58413527175051,2019-11-08
-11.76,0.35,3.72,0.3901056782111565,2019-11-09
-20.24,-12.12,0.0,0.1658526827560988,2019-11-10
-23.31,-7.35,0.0,0.2896827196510442,2019-11-11
-15.82,-1.6,0.0,0.3922856955518971,2019-11-12
-10.04,1.58,0.0,0.421248412348509,2019-11-13
-5.79,1.34,0.0,0.3059666686572756,2019-11-14
-4.32,5.46,0.0,0.4500538445226283,2019-11-15
-1.06,3.0,3.87,0.1987596607430126,2019-11-16
-2.97,7.54,0.0,0.5083911071117293,2019-11-17
-0.79,7.16,0.0,0.4087114866743325,2019-11-18
-3.9,1.1,0.0,0.2249553236388254,2019-11-19
-5.94,-0.49,0.0,0.225557489543276,2019-11-20
-7.35,2.45,0.0,0.3860333939991185,2019-11-21
-6.18,6.54,0.0,0.5261947977269885,2019-11-22
-0.76,9.54,0.0,0.5233966638856222,2019-11-23
-1.93,5.3,2.06,0.3371224398667835,2019-11-24
-5.3,-0.54,0.77,0.1990359359716082,2019-11-25
-10.51,-2.52,0.0,0.2657595262032544,2019-11-26
-10.24,-4.68,0.0,0.1839031406465995,2019-11-27
-8.72,-6.36,17.21,0.1,2019-11-28
-14.22,-6.89,0.0,0.2030992914238512,2019-11-29
-10.04,-7.41,0.0,0.1,2019-11-30
-13.08,-4.78,0.0,0.2446814152865516,2019-12-01
-11.81,-1.19,0.0,0.3366295355181755,2019-12-02
-7.82,3.64,0.0,0.4380273391264538,2019-12-03
-9.96,0.46,0.0,0.3594617097918514,2019-12-04
-11.54,-2.82,0.0,0.2758737442265193,2019-12-05
-12.36,-3.21,0.0,0.2774815641367242,2019-12-06
-11.4,-3.1,0.0,0.2639765659758434,2019-12-07
-20.62,-10.5,0.0,0.1931453120879939,2019-12-08
-24.73,-9.96,0.0,0.2260553995933042,2019-12-09
-27.17,-11.96,0.0,0.1984029156393384,2019-12-10
-23.97,-15.78,0.0,0.1229174888513549,2019-12-11
-19.05,-9.96,0.56,0.1887195440629477,2019-12-12
-21.17,-13.41,0.0,0.1394064103646319,2019-12-13
-23.08,-10.75,0.47,0.2040662561568499,2019-12-14
-16.9,-7.34,0.0,0.2252381081549685,2019-12-15
-15.87,-5.49,0.0,0.2602920584739954,2019-12-16
-13.89,-1.71,0.0,0.3425415482710769,2019-12-17
-8.12,1.18,0.0,0.3430376222827377,2019-12-18
-9.56,-1.97,0.0,0.2596342174990985,2019-12-19
-9.63,4.89,0.0,0.5047808476726231,2019-12-20
-9.2,3.54,0.0,0.4494293521813562,2019-12-21
-6.15,0.88,0.0,0.28088956737463,2019-12-22
-6.22,-2.76,0.0,0.1358600724305098,2019-12-23
-6.95,-4.76,3.04,0.1,2019-12-24
-9.16,-2.61,0.0,0.2281761018068122,2019-12-25
-14.8,-5.26,0.0,0.2522843101392563,2019-12-26
-13.03,-4.02,0.0,0.2609516750359614,2019-12-27
-15.22,-5.52,0.0,0.2505522988469343,2019-12-28
-18.68,-3.76,0.0,0.3288279760497365,2019-12-29
-15.4,-4.22,0.0,0.2883290472440811,2019-12-30
-10.96,1.35,0.0,0.4011666478033874,2019-12-31
-5.92,0.52,0.0,0.2610327387512421,2020-01-01
-7.56,-2.3,0.0,0.1968767435920364,2020-01-02
-12.61,-2.81,0.0,0.2938161609898451,2020-01-03
-7.97,5.43,0.0,0.5071350862202343,2020-01-04
-8.82,-0.09,0.0,0.3153546103458842,2020-01-05
-12.64,-1.89,0.0,0.3250667400047643,2020-01-06
-20.37,-12.22,0.0,0.1559158354827519,2020-01-07
-16.94,-3.71,0.0,0.3237404840572565,2020-01-08
-23.12,-16.22,0.0,0.1092233449372026,2020-01-09
-28.5,-12.97,0.0,0.1887795273809737,2020-01-10
-16.31,-7.9,3.13,0.1987650557259526,2020-01-11
-25.5,-13.17,1.0,0.1788822709652775,2020-01-12
-29.9,-24.09,0.97,0.1,2020-01-13
-34.2,-27.14,0.0,0.1,2020-01-14
-35.38,-27.64,0.0,0.1,2020-01-15
-35.22,-19.19,0.0,0.1219257619364109,2020-01-16
-24.18,-19.2,1.45,0.1,2020-01-17
-28.52,-23.81,0.0,0.1,2020-01-18
-29.22,-15.11,0.0,0.1650453841146313,2020-01-19
-20.13,1.5,0.0,0.4846628052144463,2020-01-20
-8.88,2.64,0.0,0.4392305099001184,2020-01-21
-11.84,-1.4,0.0,0.3466604395303299,2020-01-22
-12.25,-1.72,0.0,0.3438366740301155,2020-01-23
-7.47,2.4,0.0,0.405999308686349,2020-01-24
-5.57,2.08,0.0,0.3426604590215329,2020-01-25
-6.16,-2.36,0.0,0.1638703958712719,2020-01-26
-6.23,0.01,0.0,0.2726079064603487,2020-01-27
-6.56,-1.58,0.0,0.2145886340325958,2020-01-28
-11.55,-1.67,2.1,0.3233264322614291,2020-01-29
-9.92,0.3,0.0,0.3869951853935833,2020-01-30
-9.07,3.88,0.0,0.5126585378130538,2020-01-31
-4.11,7.83,0.0,0.5840705708981321,2020-02-01
-8.99,0.63,0.0,0.3845568278236755,2020-02-02
-15.75,-6.42,0.0,0.2649433567509636,2020-02-03
-17.67,-3.4,0.0,0.3736252840139408,2020-02-04
-12.11,-2.74,0.0,0.3271259455546897,2020-02-05
-11.5,-7.02,1.04,0.1574992198832727,2020-02-06
-11.63,-1.76,0.0,0.3590324576570364,2020-02-07
-13.15,-2.12,0.0,0.3733321555580541,2020-02-08
-12.71,-2.0,0.0,0.3738916592341564,2020-02-09
-10.11,-3.32,0.36,0.2693572688489215,2020-02-10
-12.98,-0.88,0.0,0.4241147240811209,2020-02-11
-28.76,-14.33,0.0,0.1961023605008782,2020-02-12
-27.84,-4.3,0.0,0.3728321873082599,2020-02-13
-12.23,-1.15,0.0,0.4070264516772887,2020-02-14
-16.77,-9.4,0.0,0.2082220348243304,2020-02-15
-14.92,-2.65,0.0,0.4019880605859471,2020-02-16
-20.67,-8.23,0.0,0.2902406002099842,2020-02-17
-29.1,-17.46,0.0,0.1547585815515907,2020-02-18
-29.0,-9.19,0.0,0.2890259906474622,2020-02-19
-16.77,1.56,0.0,0.6342636964165734,2020-02-20
-10.81,3.67,0.0,0.7243587190235095,2020-02-21
-8.08,4.33,0.0,0.7323144076851691,2020-02-22
-9.83,2.89,0.0,0.6839465155040978,2020-02-23
-10.2,-1.76,0.0,0.3922250948892594,2020-02-24
-16.9,-1.64,0.0,0.5357771296457263,2020-02-25
-11.8,2.09,0.0,0.6822605854302995,2020-02-26
-6.42,5.21,0.0,0.7840246830578402,2020-02-27
-5.89,7.43,0.0,0.9462192583417552,2020-02-28
-5.03,6.71,0.0,0.8790924809151841,2020-02-29
-11.22,0.14,0.0,0.5840922470230308,2020-03-01
-6.8,3.63,0.0,0.7127035304071503,2020-03-02
-4.95,3.99,0.0,0.6691150815733325,2020-03-03
-2.45,3.88,0.0,0.4827154563124833,2020-03-04
-6.16,4.94,0.0,0.8383788951026733,2020-03-05
-0.73,12.29,0.0,1.317537464985451,2020-03-06
-8.36,0.08,0.93,0.5242013763783242,2020-03-07
-15.26,-5.83,0.0,0.3667743196981831,2020-03-08
-15.59,0.79,0.0,0.7205781799941717,2020-03-09
-10.32,5.06,0.0,0.9708921552900086,2020-03-10
-3.66,5.6,0.0,0.8540704969039976,2020-03-11
-8.72,-0.18,0.0,0.5676321868891503,2020-03-12
-16.11,-9.92,0.0,0.2069217565927386,2020-03-13
-16.57,-7.7,1.98,0.3497984453632344,2020-03-14
-14.1,-5.44,0.87,0.4086273185627043,2020-03-15
-17.2,-2.71,0.0,0.6111064689512886,2020-03-16
-12.95,-0.45,0.0,0.7067874125750595,2020-03-17
-16.7,-5.46,0.0,0.4813688753748359,2020-03-18
-16.24,-4.39,0.0,0.5382957744576681,2020-03-19
-16.16,-1.22,0.0,0.7104195802404208,2020-03-20
-10.91,3.1,0.0,0.9515888459303016,2020-03-21
-10.07,6.35,0.0,1.2178193592739714,2020-03-22
-6.93,9.52,0.0,1.4106432951301526,2020-03-23
-7.53,-0.54,4.46,0.6102806777450992,2020-03-24
-13.68,-0.18,0.0,0.9133203481539724,2020-03-25
-11.93,6.36,0.0,1.2092370736581108,2020-03-26
-3.78,8.04,0.0,1.3778063482992726,2020-03-27
-2.38,10.63,0.0,1.535985867467636,2020-03-28
-4.15,14.91,0.0,1.7554674393687235,2020-03-29
-2.97,4.68,0.0,1.1672003945959537,2020-03-30
-9.06,0.63,0.0,0.9864654917217452,2020-03-31
-15.1,-10.83,0.75,0.2240518510551001,2020-04-01
-18.32,-7.52,0.0,0.5842450140414504,2020-04-02
-17.61,-1.52,0.0,0.8477868384332921,2020-04-03
-10.15,-4.08,2.93,0.4637936494765016,2020-04-04
-10.7,-1.69,1.14,0.8496058059741988,2020-04-05
-7.19,2.74,2.39,0.9566009086205176,2020-04-06
-8.81,4.48,0.0,1.220649624814582,2020-04-07
-5.53,2.23,0.0,1.0038986543970598,2020-04-08
-11.89,6.78,0.0,1.3017801893346514,2020-04-09
-1.77,8.34,0.0,1.457277405930707,2020-04-10
-8.43,-1.61,0.0,0.7864898951136827,2020-04-11
-10.82,-3.61,0.0,0.7214842490066307,2020-04-12
-13.38,-2.43,0.0,0.8806566709174191,2020-04-13
-14.49,5.33,0.0,1.2086869578685409,2020-04-14
-9.35,2.67,0.0,1.1513743748237366,2020-04-15
-7.69,5.94,0.0,1.3436077548709096,2020-04-16
-2.53,14.15,0.0,1.8655663954880564,2020-04-17
-3.61,4.66,0.0,1.2405574831733956,2020-04-18
-6.3,14.32,0.0,1.8257967125072012,2020-04-19
-1.75,12.97,0.0,1.8124048609214265,2020-04-20
-0.45,21.77,0.0,2.3536331754733824,2020-04-21
2.24,16.35,0.0,2.0475433972979085,2020-04-22
-0.04,18.07,0.0,2.1523974305225537,2020-04-23
-1.12,13.95,3.29,1.720647576262998,2020-04-24
-2.49,18.94,0.0,2.1755847109378887,2020-04-25
3.59,16.5,0.0,2.0498281732259587,2020-04-26
-0.65,20.81,0.0,2.3205998396408427,2020-04-27
3.08,18.4,0.0,2.202206216801163,2020-04-28
1.01,22.67,0.0,2.461227680428344,2020-04-29
8.99,27.74,0.0,2.8349586117137076,2020-04-30
5.46,18.3,0.0,2.1463594203840213,2020-05-01
-1.09,19.1,0.0,2.2133817592226657,2020-05-02
0.25,18.12,5.11,1.97255988545971,2020-05-03
1.75,14.49,0.0,1.8911537324156455,2020-05-04
-0.92,17.27,0.0,2.099733090423155,2020-05-05
0.52,20.74,0.0,2.334794938253013,2020-05-06
1.56,17.46,0.0,2.112359415934,2020-05-07
0.63,19.91,2.28,2.01521751994796,2020-05-08
-2.73,8.26,2.56,1.2435463786285237,2020-05-09
-2.49,9.43,0.0,1.5038360623260452,2020-05-10
-6.07,10.32,0.0,1.566006952231246,2020-05-11
-4.25,12.34,0.0,1.6976600367939818,2020-05-12
1.38,9.88,1.02,1.3991035362752695,2020-05-13
-1.89,18.65,0.0,2.1178445044233087,2020-05-14
-2.2,15.0,0.0,1.884457784767247,2020-05-15
1.18,24.91,0.0,2.5381119659762135,2020-05-16
8.78,25.85,0.0,2.6149912198015266,2020-05-17
8.24,25.61,0.0,2.599881277313409,2020-05-18
9.27,25.63,0.0,2.5941294184919075,2020-05-19
9.61,18.64,10.58,1.695107940352952,2020-05-20
9.17,18.79,0.0,1.9178261537698629,2020-05-21
4.3,19.9,0.0,2.235889398904766,2020-05-22
2.52,16.18,0.0,1.973234708237344,2020-05-23
3.26,19.18,0.0,2.199485044773283,2020-05-24
5.07,24.95,0.0,2.614532558211089,2020-05-25
10.37,22.46,0.0,2.335293100310845,2020-05-26
6.05,19.19,0.0,2.1755350650419363,2020-05-27
3.79,19.1,0.0,2.2070930981723467,2020-05-28
6.11,19.79,0.0,2.236392434403496,2020-05-29
7.59,25.58,0.0,2.6807065107905705,2020-05-30
11.5,31.38,0.0,3.0676445557192045,2020-05-31
11.12,24.84,0.0,2.55897596446115,2020-06-01
7.7,24.07,0.0,2.5714522867950027,2020-06-02
9.93,21.1,0.0,2.257363908111797,2020-06-03
6.09,20.11,0.0,2.282845264422001,2020-06-04
2.98,21.98,0.0,2.4512828899030104,2020-06-05
10.28,20.06,21.53,1.7902838357381083,2020-06-06
8.92,17.23,21.29,1.1328142881983196,2020-06-07
6.79,15.81,0.0,1.2925618934955831,2020-06-08
5.37,20.09,1.81,2.049954836811657,2020-06-09
6.0,22.67,0.0,2.303975631876967,2020-06-10
7.37,23.71,0.0,2.3660044569929237,2020-06-11
8.91,28.7,0.0,2.813422696837725,2020-06-12
15.04,30.34,0.0,2.735330790632371,2020-06-13
12.02,22.95,0.0,1.913464992386132,2020-06-14
6.71,22.36,0.0,2.286464166678988,2020-06-15
9.36,20.73,24.5,1.4859488467654538,2020-06-16
10.25,15.76,8.22,0.5933530494995738,2020-06-17
6.28,14.97,1.79,1.0930888350224774,2020-06-18
4.97,18.87,0.0,1.7690158797271138,2020-06-19
6.38,18.98,0.0,1.6728432548139938,2020-06-20
4.78,18.61,0.0,1.7467347127539206,2020-06-21
5.56,23.71,0.0,2.260293605189364,2020-06-22
10.68,28.26,0.0,2.5481524276442244,2020-06-23
13.76,27.48,4.76,1.78902573272768,2020-06-24
14.13,25.14,0.0,1.793409227490141,2020-06-25
11.56,30.22,0.0,2.6778312570806637,2020-06-26
14.03,21.5,0.0,1.0938521026113288,2020-06-27
12.95,19.96,0.0,0.9805557804535802,2020-06-28
13.75,18.2,4.68,0.5303992666697925,2020-06-29
13.47,19.68,7.31,0.7398438503849704,2020-06-30
11.83,23.2,1.37,1.7727954731327082,2020-07-01
10.7,23.69,1.28,1.9589211020320536,2020-07-02
9.55,26.98,0.0,2.3963503218961315,2020-07-03
12.38,27.96,0.0,2.362071001866382,2020-07-04
11.97,23.82,0.0,1.8581356309239192,2020-07-05
9.28,25.84,0.0,2.3166001525680575,2020-07-06
11.86,27.94,21.08,1.9331667826721863,2020-07-07
12.39,18.23,7.11,0.6730117139380061,2020-07-08
11.64,21.76,0.0,1.4075978342370423,2020-07-09
10.26,21.82,4.79,1.241108391053411,2020-07-10
9.56,24.07,0.0,1.932062330465228,2020-07-11
12.79,25.65,0.0,1.871445118820216,2020-07-12
9.34,19.19,2.08,1.0607303196751423,2020-07-13
9.26,21.75,2.44,1.3093879386554186,2020-07-14
8.97,23.13,0.0,1.8475959099372292,2020-07-15
9.53,25.7,0.0,2.083776155624126,2020-07-16
13.7,24.75,0.0,1.5765278775418894,2020-07-17
12.0,21.73,4.07,1.0884784512126429,2020-07-18
9.78,22.89,5.58,1.356031814673997,2020-07-19
10.63,22.87,5.01,1.2976751132383997,2020-07-20
9.55,25.33,0.0,1.9493308067000883,2020-07-21
14.07,30.77,0.0,2.231782521823803,2020-07-22
17.69,28.76,0.0,1.6043383613273838,2020-07-23
14.26,27.43,0.0,1.829395947793948,2020-07-24
11.23,21.6,0.0,1.3185823101504492,2020-07-25
9.52,25.54,0.0,1.966537359381597,2020-07-26
8.9,26.98,0.0,2.1158758336211427,2020-07-27
10.19,30.92,0.0,2.386961206194848,2020-07-28
14.16,34.55,0.0,2.5042796073466493,2020-07-29
15.56,32.18,0.0,2.157131145002498,2020-07-30
13.44,26.7,0.0,1.6641476938183049,2020-07-31
8.35,27.47,0.0,2.0903194227199977,2020-08-01
10.77,27.71,0.0,1.995330500371864,2020-08-02
14.17,30.44,3.22,1.6564459329361343,2020-08-03
11.41,27.16,0.0,1.854955610267215,2020-08-04
9.34,29.54,0.0,2.1945461262043455,2020-08-05
12.32,33.84,3.07,2.0262906530467912,2020-08-06
12.38,23.08,5.77,1.0889875955886437,2020-08-07
9.16,25.85,1.86,1.7896798908098752,2020-08-08
8.03,23.11,0.0,1.5519347895274749,2020-08-09
7.42,25.14,0.0,1.7889743753567906,2020-08-10
8.8,24.95,0.0,1.6717923617532504,2020-08-11
11.53,28.61,0.0,1.8589699402011024,2020-08-12
10.58,25.05,0.0,1.520351170401818,2020-08-13
7.38,25.49,0.0,1.7716776185740586,2020-08-14
9.06,26.12,0.0,1.725091932018065,2020-08-15
8.9,30.91,0.0,2.1529195533973167,2020-08-16
11.5,34.35,0.0,2.3078969374303338,2020-08-17
12.55,36.1,0.0,2.3852790470539453,2020-08-18
15.1,34.27,0.0,2.090666938713465,2020-08-19
12.55,34.1,0.0,2.2141544118463443,2020-08-20
13.89,28.45,0.0,1.524003669889875,2020-08-21
9.82,32.24,0.0,2.150972199447063,2020-08-22
6.02,29.08,0.0,2.0165846547048036,2020-08-23
8.87,30.39,0.0,1.9957889367588624,2020-08-24
13.96,27.84,0.0,1.4200334754126676,2020-08-25
12.02,25.06,0.0,1.2940755854678192,2020-08-26
8.05,25.22,4.54,1.3897970169904044,2020-08-27
5.88,23.92,0.0,1.5280137314524576,2020-08-28
8.85,31.63,0.0,2.0298267801496497,2020-08-29
6.32,19.62,0.0,1.1478818214833402,2020-08-30
2.16,19.59,0.0,1.3275343224740002,2020-08-31
8.65,23.41,0.0,1.327693229319,2020-09-01
7.92,18.89,4.54,0.8863124968166859,2020-09-02
4.59,22.01,0.0,1.398771065858483,2020-09-03
6.38,25.01,0.0,1.5445806691861554,2020-09-04
8.38,31.69,0.0,2.0102453488992045,2020-09-05
8.81,17.33,0.0,0.7651601368013469,2020-09-06
0.02,10.53,0.0,0.73159028786534,2020-09-07
-5.5,15.99,0.0,1.2411910602174796,2020-09-08
3.78,21.63,0.0,1.3839571141773508,2020-09-09
6.28,26.39,0.0,1.667205197760921,2020-09-10
7.72,29.76,0.0,1.8683253415503764,2020-09-11
7.91,17.22,0.14,0.7931062601392003,2020-09-12
0.34,17.63,0.0,1.1786017227815362,2020-09-13
5.48,16.4,0.0,0.8671035327796379,2020-09-14
3.25,15.6,0.0,0.920017055095302,2020-09-15
-0.96,13.93,0.0,0.9774813645600764,2020-09-16
1.69,20.17,0.0,1.3878697323613367,2020-09-17
0.33,25.37,0.0,1.771844641641802,2020-09-18
7.07,25.59,0.0,1.5988440623839109,2020-09-19
11.65,18.02,10.58,0.5311596354117086,2020-09-20
7.13,23.03,0.0,1.2972348450907247,2020-09-21
6.71,20.81,2.23,1.028748152937987,2020-09-22
9.26,21.99,0.0,1.0771813631068374,2020-09-23
9.77,23.65,0.0,1.1744143240743743,2020-09-24
6.86,21.43,0.0,1.1443825730811248,2020-09-25
6.72,15.34,0.0,0.6837955748174873,2020-09-26
3.72,15.36,0.0,0.846690645806209,2020-09-27
0.74,22.69,0.0,1.4655760338143555,2020-09-28
6.46,16.97,0.0,0.8172463540021091,2020-09-29
0.78,12.81,0.0,0.7891933904788276,2020-09-30
-4.97,12.66,0.0,0.9371299534836164,2020-10-01
1.07,18.19,0.0,1.124600207620534,2020-10-02
-0.92,16.54,0.0,1.0586373415740455,2020-10-03
5.55,24.29,1.14,1.3970399898135295,2020-10-04
7.3,19.76,0.0,0.95458795736821,2020-10-05
6.24,17.13,0.0,0.8110576852524319,2020-10-06
2.02,14.92,0.0,0.888049359948534,2020-10-07
6.61,24.49,2.08,1.2641095908428537,2020-10-08
2.63,11.49,0.0,0.5888099860966064,2020-10-09
3.64,26.01,0.0,1.6707201092112196,2020-10-10
4.03,15.05,0.0,0.7599758421612981,2020-10-11
-3.1,11.09,0.0,0.793719855623222,2020-10-12
-0.96,10.32,0.0,0.6537936856455737,2020-10-13
-4.23,6.56,0.0,0.550083208833782,2020-10-14
-3.76,5.45,0.0,0.4739765120221378,2020-10-15
-6.97,3.39,0.0,0.4670543467372298,2020-10-16
-13.19,-0.95,0.0,0.4137388396988921,2020-10-17
-7.29,-4.01,0.0,0.1400733824407599,2020-10-18
-9.64,-2.19,0.0,0.29188154971338,2020-10-19
-8.24,-2.12,0.38,0.2598579733536283,2020-10-20
-12.11,-1.28,0.0,0.391868450421044,2020-10-21
-14.49,-2.91,0.0,0.3699464783316414,2020-10-22
-13.74,-4.17,0.0,0.3122858575026465,2020-10-23
-10.06,-6.43,0.0,0.1363833422838728,2020-10-24
-12.23,-3.5,0.0,0.3057639760856752,2020-10-25
-15.6,2.88,0.0,0.58607108633776,2020-10-26
-3.61,12.26,0.0,0.8731869882203791,2020-10-27
-4.43,5.67,0.0,0.4874398758403416,2020-10-28
-5.98,9.39,0.0,0.7337565939418466,2020-10-29
-1.65,14.24,0.0,0.9197884725663156,2020-10-30
-5.34,3.07,0.0,0.3826676793043502,2020-10-31
-6.71,13.62,0.0,0.941802266114946,2020-11-01
-0.49,20.04,0.0,1.2461099586291893,2020-11-02
2.82,18.7,0.0,1.0777339011198288,2020-11-03
1.96,15.91,0.0,0.8913536617612856,2020-11-04
2.48,18.5,0.0,1.0814905778472674,2020-11-05
-0.78,7.09,0.0,0.4154783461702289,2020-11-06
-1.97,0.83,1.79,0.1394772703709597,2020-11-07
-9.68,-2.79,19.07,0.2384001526984289,2020-11-08
-17.68,-9.12,0.0,0.2066782781887843,2020-11-09
-17.71,-5.15,0.0,0.3108482311810756,2020-11-10
-15.66,-6.71,1.95,0.2415654026305117,2020-11-11
-21.77,-6.98,0.0,0.2909746516548231,2020-11-12
-11.98,0.08,0.0,0.3984930526162575,2020-11-13
-9.67,-1.08,1.05,0.3114235486000569,2020-11-14
-14.55,-4.22,0.0,0.2937033852443583,2020-11-15
-12.01,-5.58,0.0,0.2027993065159074,2020-11-16
-9.81,2.13,0.0,0.4310166851335936,2020-11-17
-4.84,4.81,0.0,0.4285040506018124,2020-11-18
-12.19,-5.75,4.65,0.1883792575483003,2020-11-19
-20.34,-9.52,0.0,0.2167488971329601,2020-11-20
-17.13,-4.42,0.0,0.3117028778331462,2020-11-21
-16.31,-5.82,0.0,0.2635372686845525,2020-11-22
-11.8,-3.89,0.0,0.2470731169470284,2020-11-23
-11.14,-0.65,0.0,0.3435393226357809,2020-11-24
-7.01,2.07,0.0,0.3581122315465774,2020-11-25
-10.71,-0.98,0.0,0.3233467130118993,2020-11-26
-10.23,1.5,0.0,0.4017169033821043,2020-11-27
-10.05,1.37,0.0,0.3935814330054871,2020-11-28
-15.21,-1.02,0.0,0.382122440852738,2020-11-29
-7.92,2.29,0.0,0.3837520805866625,2020-11-30
-7.32,0.61,0.0,0.3036184483024811,2020-12-01
-11.03,-1.22,0.0,0.3182991138366936,2020-12-02
-7.52,2.99,0.0,0.4030132906325788,2020-12-03
-6.37,1.78,0.0,0.3264615472284041,2020-12-04
-6.71,2.86,0.0,0.3789233197649189,2020-12-05
-9.24,2.82,0.0,0.4279797772666658,2020-12-06
-7.64,3.08,0.0,0.4063390440357338,2020-12-07
-4.05,3.98,0.0,0.3514039255451386,2020-12-08
-4.86,2.1,2.36,0.2819978763895161,2020-12-09
-11.87,-3.41,0.0,0.258548188569129,2020-12-10
-13.2,-4.76,0.0,0.2404056469762955,2020-12-11
-11.68,-3.77,0.0,0.2429757037611845,2020-12-12
-24.04,-13.84,0.0,0.1541406081395416,2020-12-13
-26.03,-11.84,0.0,0.1962992760933232,2020-12-14
-17.75,-7.82,0.0,0.2212445148422009,2020-12-15
-13.94,-2.73,0.0,0.3109469121232033,2020-12-16
-13.14,2.46,0.0,0.4609172917881349,2020-12-17
-21.58,-2.53,0.0,0.3659100306349677,2020-12-18
-10.61,3.66,0.0,0.472183594424868,2020-12-19
-5.83,3.12,0.0,0.3600918780111775,2020-12-20
-8.46,-1.8,8.66,0.2273964944252682,2020-12-21
-12.67,-3.12,9.48,0.2697998259296808,2020-12-22
-15.74,-7.83,0.0,0.1936874939178079,2020-12-23
-13.46,1.31,0.0,0.428133864687144,2020-12-24
-11.87,-2.44,0.0,0.2878110239710836,2020-12-25
-11.91,-4.46,1.98,0.2241594272250891,2020-12-26
-13.5,-6.96,0.0,0.1797122126932635,2020-12-27
-16.29,-7.07,0.0,0.2226404507894453,2020-12-28
-16.89,-8.38,0.0,0.1978756724975671,2020-12-29
-20.59,-7.45,0.0,0.2556546475685366,2020-12-30
-16.71,-0.68,0.0,0.3986269816578582,2021-01-01
-6.99,4.18,0.0,0.4381034171147455,2021-01-02
-2.39,4.22,0.0,0.3114001819290869,2021-01-03
-10.26,0.91,0.0,0.3784367797085072,2021-01-04
-8.62,0.38,0.0,0.3279877952960928,2021-01-05
-10.41,2.57,0.0,0.4407656214206018,2021-01-06
-8.56,0.81,0.0,0.3441817411139034,2021-01-07
-13.65,-1.72,0.0,0.3450161224318978,2021-01-08
-14.75,-4.22,0.0,0.2859309689206332,2021-01-09
-12.74,-3.57,0.0,0.2755247740701709,2021-01-10
-11.15,0.88,0.0,0.3977946463964381,2021-01-11
-7.18,2.12,0.0,0.3688275329523136,2021-01-12
-3.42,6.39,6.5,0.4362389099807878,2021-01-13
-7.1,-2.07,0.0,0.1980301554421617,2021-01-14
-13.94,-4.37,0.0,0.2754940938246064,2021-01-15
-9.18,-1.06,0.0,0.2962776464929868,2021-01-16
-9.73,-0.66,2.58,0.3093666150105146,2021-01-17
-8.6,-0.44,0.0,0.3090449266589181,2021-01-18
-12.77,1.91,0.0,0.4634347897696337,2021-01-19
-5.33,1.27,0.0,0.2902924532274826,2021-01-20
-11.71,-5.87,0.5,0.1889507170387357,2021-01-21
-9.69,-4.79,1.17,0.1758016580506232,2021-01-22
-25.42,-8.98,0.0,0.2580816011540036,2021-01-23
-29.34,-20.6,0.0,0.1,2021-01-24
-27.05,-20.59,0.0,0.1,2021-01-25
-26.27,-17.97,0.0,0.1148535371537576,2021-01-26
-22.17,-13.31,0.0,0.1635863914880743,2021-01-27
-18.02,-9.94,0.0,0.1930854530239125,2021-01-28
-16.08,-9.75,0.0,0.1680018665592319,2021-01-29
-17.67,-12.16,0.0,0.1325517918555125,2021-01-30
-19.98,-7.06,0.0,0.2880134685069647,2021-01-31
-13.67,1.05,0.0,0.4694966460382482,2021-02-01
-8.14,3.93,0.0,0.5020148873904328,2021-02-02
-19.37,-11.75,0.0,0.1727565892576697,2021-02-03
-23.42,-15.71,0.0,0.1355203067894202,2021-02-04
-26.89,-18.52,0.0,0.1175408201819276,2021-02-05
-34.42,-25.2,0.0,0.1,2021-02-06
-35.5,-27.25,0.0,0.1,2021-02-07
-35.75,-26.64,0.0,0.1,2021-02-08
-30.37,-26.07,0.0,0.1,2021-02-09
-33.01,-26.93,0.0,0.1,2021-02-10
-36.99,-28.16,0.0,0.1,2021-02-11
-33.02,-22.58,0.0,0.1001183492021072,2021-02-12
-36.43,-24.43,0.0,0.1,2021-02-13
-34.77,-22.2,0.0,0.1084870151644126,2021-02-14
-29.21,-18.09,0.0,0.1450104694692492,2021-02-15
-24.24,-14.19,0.0,0.1851701866238649,2021-02-16
-22.33,-15.18,0.0,0.1471872754363439,2021-02-17
-23.76,-11.28,0.0,0.2441269413540024,2021-02-18
-20.98,-1.48,0.0,0.5036676846529745,2021-02-19
-11.11,-2.04,0.0,0.4006998581467217,2021-02-20
-11.38,2.83,0.0,0.6853120564042436,2021-02-21
-3.6,3.94,0.0,0.5377385778593516,2021-02-22
-6.3,0.54,0.0,0.3950994289569496,2021-02-23
-9.85,-1.76,0.0,0.4020274851415789,2021-02-24
-11.45,0.73,0.0,0.6127717910300408,2021-02-25
-15.73,-1.99,2.91,0.4393141519792341,2021-02-26
-23.94,-12.52,0.0,0.2309198593982676,2021-02-27
-20.88,-9.48,0.0,0.2816507059366482,2021-02-28
-16.51,4.31,0.0,0.7843375256609725,2021-03-01
-5.47,3.75,0.0,0.6543693949018974,2021-03-02
-9.05,4.43,0.0,0.8315982451374724,2021-03-03
-8.29,4.04,0.0,0.8064597320153065,2021-03-04
-5.17,6.23,0.0,0.9140588788186624,2021-03-05
-0.43,7.23,0.0,0.7959546507316001,2021-03-06
-3.95,6.48,0.0,0.934245059915069,2021-03-07
-3.25,4.71,0.0,0.72871271936676,2021-03-08
-4.48,-0.32,0.0,0.2490268277703607,2021-03-09
-7.99,2.94,0.0,0.8129935554218402,2021-03-10
-16.77,-1.7,0.0,0.6328876299462709,2021-03-11
-8.64,7.64,0.0,1.1381923362615571,2021-03-12
-6.57,7.65,0.0,1.1453081879038272,2021-03-13
-1.6,10.06,0.0,1.261394882378898,2021-03-14
-1.66,8.52,0.0,1.1501914346144206,2021-03-15
-8.76,1.53,0.0,0.7763855191673021,2021-03-16
-7.97,9.05,0.0,1.3090513446546048,2021-03-17
-2.58,15.1,0.0,1.6876114937669098,2021-03-18
0.7,19.09,0.0,1.933398845646784,2021-03-19
-0.55,11.65,0.0,1.4896280918167373,2021-03-20
-4.78,4.41,0.0,0.9377144535260084,2021-03-21
-5.34,9.77,0.0,1.4119224085384627,2021-03-22
-7.04,0.29,0.0,0.6776520587515743,2021-03-23
-6.0,8.92,0.0,1.3747977249948429,2021-03-24
-3.59,3.06,0.0,0.8130009707349078,2021-03-25
-10.63,2.2,0.0,1.0233884398810509,2021-03-26
-8.57,6.78,0.0,1.2577543162206757,2021-03-27
-0.81,17.22,0.0,1.882683554202046,2021-03-28
-9.0,4.71,6.08,1.0751766613692155,2021-03-29
-13.81,-6.0,0.0,0.5329048085356465,2021-03-30
-15.3,7.25,0.0,1.180824430008978,2021-03-31
-2.36,14.16,0.0,1.7268611325919216,2021-04-01
-0.46,13.19,0.0,1.6841284571654944,2021-04-02
-1.38,14.11,0.0,1.7411025944306373,2021-04-03
-1.29,18.04,0.0,1.965315763768663,2021-04-04
-2.72,12.9,0.0,1.6656596398525023,2021-04-05
-3.44,16.44,0.0,1.8558415832225228,2021-04-06
0.0,20.76,0.0,2.0763063174808,2021-04-07
1.5,14.28,1.76,1.699610651456316,2021-04-08
-6.46,12.45,0.0,1.5596692039220268,2021-04-09
-0.83,12.21,0.0,1.584152960624984,2021-04-10
-3.01,4.95,2.69,0.8447309313588549,2021-04-11
-4.18,1.67,1.17,0.6494960815304981,2021-04-12
-3.76,2.59,0.0,0.7355922975751988,2021-04-13
-4.01,6.14,0.0,1.247568647619744,2021-04-14
-2.34,12.2,0.0,1.6197642617748595,2021-04-15
-4.37,14.34,0.0,1.7303731720522768,2021-04-16
-1.76,20.57,0.0,2.1069056971565625,2021-04-17
-3.38,6.59,0.0,1.2825184603513575,2021-04-18
-6.72,4.79,2.87,1.1421395441460145,2021-04-19
-8.91,8.72,0.0,1.445422845430822,2021-04-20
-4.03,16.91,0.0,1.9643212446356448,2021-04-21
-5.04,6.8,0.0,1.3520089775321584,2021-04-22
-12.11,4.4,0.0,1.1953797256499492,2021-04-23
-10.32,7.85,0.0,1.3893535130057857,2021-04-24
-5.09,9.58,0.0,1.5324446401120004,2021-04-25
-5.41,14.76,0.0,1.8404137854589215,2021-04-26
-3.69,17.55,0.0,2.029775987217631,2021-04-27
-1.99,16.09,0.0,1.8979479927312,2021-04-28
-0.39,13.1,0.0,1.7056517736744563,2021-04-29
3.02,26.25,0.0,2.5622193777555653,2021-04-30
4.79,20.32,0.0,2.191637231202937,2021-05-01
0.77,15.08,0.0,1.848618096688201,2021-05-02
-5.18,10.74,0.0,1.5720130976215765,2021-05-03
-3.86,13.89,0.0,1.7748612019359238,2021-05-04
-3.24,16.26,0.0,1.9250268524076497,2021-05-05
-0.71,17.77,0.0,2.0450093605023087,2021-05-06
0.61,17.7,0.0,2.0526037700154043,2021-05-07
2.26,12.7,0.0,1.6732708506266951,2021-05-08
-4.41,15.13,0.0,1.8648330094894243,2021-05-09
-3.42,17.61,0.0,2.022982032847439,2021-05-10
-0.27,19.35,0.0,2.1626058540545574,2021-05-11
1.3,20.5,0.0,2.243257826606811,2021-05-12
0.93,21.32,0.0,2.291393276519043,2021-05-13
2.12,22.97,0.0,2.4039361737897846,2021-05-14
3.1,24.4,0.0,2.5036469546863747,2021-05-15
8.03,28.71,0.0,2.800780273944972,2021-05-16
7.06,32.03,0.0,3.01623265735738,2021-05-17
11.79,27.88,0.0,2.692556484671671,2021-05-18
2.9,14.14,0.0,1.7553718802440217,2021-05-19
-1.61,4.48,3.26,0.7915937600226337,2021-05-20
-2.85,4.19,2.59,0.859676072804296,2021-05-21
0.42,8.41,0.0,1.373971626256471,2021-05-22
5.45,12.96,13.79,1.3716004540162643,2021-05-23
7.53,11.09,19.53,0.3490633125460979,2021-05-24
2.86,8.42,0.96,0.6186685476158705,2021-05-25
-0.53,13.81,0.0,1.7082092640478868,2021-05-26
1.05,18.42,0.0,2.146523179812317,2021-05-27
6.73,21.19,0.0,2.3209548805478533,2021-05-28
5.85,20.29,0.0,2.255847584378616,2021-05-29
2.68,22.77,0.0,2.4873136143398136,2021-05-30
7.87,26.54,0.0,2.752217504365233,2021-05-31
8.54,26.21,0.0,2.7226766906930706,2021-06-01
12.36,31.8,0.0,3.0959460910415375,2021-06-02
13.38,35.58,0.0,3.3451967747476723,2021-06-03
16.29,29.43,0.0,2.797366521885773,2021-06-04
11.87,28.18,0.0,2.8362134627561097,2021-06-05
7.79,21.69,0.0,2.3654467382371966,2021-06-06
8.8,22.42,0.0,2.399632356374985,2021-06-07
6.48,22.85,3.27,2.149829474369381,2021-06-08
11.66,19.08,12.16,1.0901337911579636,2021-06-09
13.06,19.99,8.86,0.9233207951192832,2021-06-10
10.1,20.72,0.0,1.808009022476758,2021-06-11
6.84,23.14,0.0,2.400592878859938,2021-06-12
6.31,27.5,0.0,2.818839782505311,2021-06-13
12.64,32.14,0.0,3.137546859204992,2021-06-14
16.5,34.3,1.21,3.218970020530422,2021-06-15
13.4,25.2,0.0,2.2479253449329377,2021-06-16
7.56,24.75,0.0,2.5694442644519033,2021-06-17
8.26,19.35,0.0,1.8311899348527385,2021-06-18
6.69,20.46,1.27,2.103335182009988,2021-06-19
6.23,19.1,0.0,1.9303037225744504,2021-06-20
1.45,24.49,0.0,2.5538067525561803,2021-06-21
10.49,31.26,0.0,3.0506385796003737,2021-06-22
13.48,24.29,0.0,1.9303789334305088,2021-06-23
9.11,21.83,0.0,1.9982325142221251,2021-06-24
9.75,27.48,0.0,2.6767991830026197,2021-06-25
13.36,28.36,0.0,2.5750252293735203,2021-06-26
12.41,27.97,0.0,2.590202720692113,2021-06-27
10.67,29.42,0.0,2.898633686354111,2021-06-28
12.51,32.98,0.0,3.188192371195341,2021-06-29
13.83,33.8,0.0,3.224165022049981,2021-06-30
15.97,35.05,0.0,3.263221572721209,2021-07-01
19.21,39.0,0.0,3.5038405431723825,2021-07-02
16.78,29.09,0.0,2.402863730059853,2021-07-03
12.42,29.36,4.33,2.3159641273959286,2021-07-04
13.43,24.33,0.0,1.9288776668007308,2021-07-05
10.32,21.34,0.0,1.7968769297781733,2021-07-06
11.49,28.68,4.74,2.2480468176845947,2021-07-07
14.55,26.87,8.45,1.7448229776911788,2021-07-08
12.22,29.29,0.0,2.626515459802416,2021-07-09
13.4,31.81,0.0,2.821510657537282,2021-07-10
15.64,31.45,0.0,2.641122855376111,2021-07-11
11.73,27.55,0.0,2.4381642797945315,2021-07-12
10.23,28.84,0.0,2.668638570592706,2021-07-13
10.82,30.64,0.0,2.821760574497432,2021-07-14
14.37,35.28,0.0,3.1311195119084037,2021-07-15
15.71,30.6,0.0,2.493616161999533,2021-07-16
16.63,35.33,0.0,3.0077101415955867,2021-07-17
13.74,26.71,0.0,2.0900754450287486,2021-07-18
13.99,20.56,0.0,0.9050297650820964,2021-07-19
16.05,28.2,0.0,2.0919330196458037,2021-07-20
15.5,30.99,0.0,2.5866367776582533,2021-07-21
14.18,33.25,0.0,2.9310972133176105,2021-07-22
6.37,28.74,0.0,2.7056116118666567,2021-07-23
9.62,29.22,0.0,2.6650558424030075,2021-07-24
10.67,29.52,0.0,2.6472298699429775,2021-07-25
12.54,28.36,0.0,2.3985437295350134,2021-07-26
12.75,36.07,0.0,3.153643358990395,2021-07-27
13.16,29.31,0.0,2.447545843309143,2021-07-28
12.95,33.37,0.0,2.895109189366949,2021-07-29
12.57,31.05,0.0,2.6681735290206565,2021-07-30
12.63,31.76,0.0,2.729205123072777,2021-07-31
12.34,33.04,0.0,2.8546039479260714,2021-08-01
15.92,35.29,0.0,2.8966159091705257,2021-08-02
18.44,28.39,0.0,1.609240810470243,2021-08-03
14.1,29.26,0.0,2.288747745171019,2021-08-04
10.94,30.75,0.0,2.628592113901359,2021-08-05
15.56,32.79,0.0,2.5839655989827457,2021-08-06
14.63,29.89,0.0,2.2732799270976227,2021-08-07
13.66,23.36,0.0,1.3566485476941532,2021-08-08
11.48,20.24,0.0,1.123745349424454,2021-08-09
10.43,19.54,3.46,0.8767110501219724,2021-08-10
11.57,25.38,0.0,1.8993743224733224,2021-08-11
8.55,24.19,0.0,1.9721768687781265,2021-08-12
8.22,29.75,0.0,2.5254020332601077,2021-08-13
16.25,37.52,0.0,2.922337202827241,2021-08-14
15.53,33.21,0.0,2.512326959645646,2021-08-15
14.9,27.5,0.0,1.813899229088268,2021-08-16
10.12,19.12,4.9,0.8337462160784644,2021-08-17
9.01,16.86,0.0,0.7935281148966367,2021-08-18
7.44,18.47,5.37,0.977115923331384,2021-08-19
9.67,18.9,6.2,0.8415619288001752,2021-08-20
6.06,21.53,5.54,1.3674656559332925,2021-08-21
9.69,15.99,12.34,0.5794229391577983,2021-08-22
7.45,18.54,5.44,1.032614307384067,2021-08-23
6.96,14.37,0.0,0.7192713395509822,2021-08-24
3.15,19.87,0.0,1.70256769544991,2021-08-25
7.62,20.08,0.0,1.4757373039780253,2021-08-26
12.51,22.2,0.0,1.261295778682292,2021-08-27
10.85,23.93,0.0,1.6980629179112647,2021-08-28
7.49,25.87,0.0,2.075945018462518,2021-08-29
8.47,28.85,0.0,2.2804651060735748,2021-08-30
12.12,24.82,5.54,1.3306615902848704,2021-08-31
8.19,21.41,0.0,1.5233358076084391,2021-09-01
8.05,19.27,0.0,1.2523993030040586,2021-09-02
7.36,21.92,0.0,1.6069814045446242,2021-09-03
4.82,23.78,0.0,1.8657980619421253,2021-09-04
8.17,29.13,0.0,2.1835742601108876,2021-09-05
10.28,22.89,1.09,1.465016609883521,2021-09-06
7.26,23.91,0.0,1.756050784995839,2021-09-07
5.36,25.51,0.0,2.0083968095420532,2021-09-08
10.37,28.65,0.0,2.1832249542967164,2021-09-09
8.73,22.09,0.0,1.5772350569113625,2021-09-10
7.42,14.12,0.0,0.6119678379912398,2021-09-11
3.12,17.59,0.0,1.411582868465767,2021-09-12
6.92,21.28,0.0,1.5877492572713194,2021-09-13
4.06,22.92,0.0,1.8296336235809616,2021-09-14
8.85,19.09,0.0,1.1553396742946165,2021-09-15
3.56,15.44,0.0,1.1267336379446635,2021-09-16
-1.44,20.06,0.0,1.6382893539229666,2021-09-17
11.48,32.45,0.0,2.311295034021621,2021-09-18
6.87,20.72,0.0,1.419216970333711,2021-09-19
1.57,19.4,0.0,1.5044395279984002,2021-09-20
2.72,22.1,0.0,1.662123700043332,2021-09-21
5.96,28.12,0.0,2.0183445270889924,2021-09-22
4.91,17.66,0.0,1.1203785639316008,2021-09-23
-1.55,19.84,0.0,1.513808382626737,2021-09-24
7.54,26.48,0.0,1.7861987298263653,2021-09-25
4.06,26.29,0.0,1.8376934349011769,2021-09-26
9.36,30.09,0.0,1.9637169222741224,2021-09-27
6.48,26.66,0.0,1.7670826234610448,2021-09-28
6.03,20.77,0.0,1.2574155254549004,2021-09-29
1.38,23.79,0.0,1.6403936704203723,2021-09-30
6.14,23.11,0.0,1.4280932393259578,2021-10-01
-0.11,21.74,0.0,1.4906268375784335,2021-10-02
6.33,24.4,0.0,1.52358504897992,2021-10-03
2.01,21.95,0.0,1.4584283339593929,2021-10-04
5.52,25.41,0.0,1.603461779115429,2021-10-05
7.45,25.83,0.0,1.5852512801936838,2021-10-06
2.76,14.33,0.0,0.8244476063709277,2021-10-07
0.85,16.85,0.0,1.147189665717497,2021-10-08
-1.44,19.92,0.0,1.4119712920547225,2021-10-09
-0.53,19.17,0.0,1.3289134039521575,2021-10-10
-2.42,9.84,0.0,0.6655454057959475,2021-10-11
-7.15,8.76,0.0,0.7515710092409638,2021-10-12
-4.79,4.99,3.95,0.4430706207968968,2021-10-13
-2.99,7.06,2.09,0.488719330808234,2021-10-14
-4.14,13.71,0.0,0.9391627702306587,2021-10-15
-0.37,18.44,0.0,1.147038964766789,2021-10-16
3.52,24.66,0.0,1.4649960936205706,2021-10-17
1.07,13.54,0.0,0.7349474947680318,2021-10-18
-4.97,6.72,0.0,0.5510721757748199,2021-10-19
-7.19,8.17,0.0,0.6683751512664903,2021-10-20
-3.74,12.48,0.0,0.8052120499351006,2021-10-21
-5.68,9.87,0.0,0.7143016605482231,2021-10-22
-1.38,7.23,0.0,0.4534134035180102,2021-10-23
1.78,7.75,0.0,0.3485909274745304,2021-10-24
2.62,9.93,3.05,0.4168034577529546,2021-10-25
2.46,11.55,0.0,0.5467322085407434,2021-10-26
0.36,13.76,0.0,0.7535517200589535,2021-10-27
-2.13,11.35,1.9,0.6941222867080024,2021-10-28
1.05,8.92,1.85,0.447561115729384,2021-10-29
-5.06,4.48,0.0,0.4326070982934079,2021-10-30
-8.99,3.95,0.0,0.5013497226205648,2021-10-31
-11.14,2.46,0.0,0.4772677384870092,2021-11-01
-10.43,7.06,0.0,0.6423628532639222,2021-11-02
-7.7,11.04,0.0,0.7719347646662497,2021-11-03
-1.43,16.74,0.0,0.9339748703728544,2021-11-04
2.3,14.72,0.0,0.722743658107626,2021-11-05
-2.89,10.5,0.0,0.6507433964205199,2021-11-06
-5.96,9.99,0.0,0.6900052872151268,2021-11-07
-5.18,8.86,0.0,0.6228664794882911,2021-11-08
-9.79,8.18,0.0,0.6625347820999781,2021-11-09
-2.07,4.0,0.94,0.2950001673263474,2021-11-10
-6.65,-2.69,0.0,0.155858789207755,2021-11-11
-9.25,-1.13,0.0,0.2910105894177296,2021-11-12
-7.76,6.32,0.0,0.5530594636080819,2021-11-13
-4.97,2.8,0.96,0.3349648925078893,2021-11-14
-1.52,6.43,1.38,0.3940713121534455,2021-11-15
-5.11,7.8,5.2,0.5383506512201024,2021-11-16
-13.16,-5.41,0.0,0.224976737228666,2021-11-17
-15.12,-0.9,0.0,0.3893328647560193,2021-11-18
-10.77,-1.52,0.0,0.3059250229950234,2021-11-19
-11.2,1.41,0.0,0.4148038995572064,2021-11-20
-16.56,-1.4,0.0,0.3838239493799495,2021-11-21
-7.54,5.46,0.0,0.502475282814955,2021-11-22
-9.99,3.29,0.0,0.458495942922032,2021-11-23
-17.1,-7.58,0.0,0.2201231190752256,2021-11-24
-10.86,3.84,0.0,0.4872647992871771,2021-11-25
-1.35,6.97,0.0,0.4015069439747619,2021-11-26
-6.16,1.92,0.0,0.3202496305901674,2021-11-27
-4.25,5.91,0.0,0.438745088465489,2021-11-28
-3.36,5.55,0.0,0.3966817250627318,2021-11-29
-4.92,5.93,0.0,0.4550727957650214,2021-11-30
-0.22,7.56,0.0,0.387496669979086,2021-12-01
-2.82,2.75,1.43,0.2493047700415217,2021-12-02
-7.75,-0.47,0.0,0.2662705172021497,2021-12-03
-9.97,-2.28,1.01,0.2577264080624924,2021-12-04
-22.39,-6.88,1.35,0.2769644447669435,2021-12-05
-24.99,-12.77,0.0,0.1777365316040312,2021-12-06
-20.69,-7.6,0.0,0.2524492517390916,2021-12-07
-14.36,3.6,0.74,0.50801915987304,2021-12-08
-12.35,-2.08,0.0,0.3082356231116425,2021-12-09
-14.57,-4.52,0.0,0.2674809275209985,2021-12-10
-10.18,3.9,0.0,0.4758709452633942,2021-12-11
-9.28,1.51,0.0,0.3745563094828179,2021-12-12
-14.74,-2.32,0.0,0.3312314696505172,2021-12-13
-9.58,-2.17,1.49,0.248622853126524,2021-12-14
-21.63,-12.78,0.0,0.1519747158533399,2021-12-15
-25.05,-16.31,1.46,0.1196488575752891,2021-12-16
-25.64,-18.18,0.0,0.1,2021-12-17
-27.75,-6.6,0.0,0.2827786478225514,2021-12-18
-19.57,-8.19,0.0,0.2279114862336819,2021-12-19
-21.57,-12.59,0.0,0.1547012911202487,2021-12-20
-20.42,-6.86,0.0,0.2638652880956691,2021-12-21
-13.55,-5.11,2.74,0.2243784129115034,2021-12-22
-13.95,0.72,1.51,0.4126966779076055,2021-12-23
-23.88,-15.61,0.78,0.1217269414745042,2021-12-24
-28.5,-22.41,2.0,0.1,2021-12-25
-28.42,-24.29,7.77,0.1,2021-12-26
-35.06,-26.91,0.0,0.1,2021-12-27
-38.06,-27.5,0.0,0.1,2021-12-28
-33.98,-25.78,0.0,0.1,2021-12-29
-35.93,-26.89,0.0,0.1,2021-12-30
-36.02,-26.9,0.0,0.1,2021-12-31
-35.13,-22.01,0.0,0.1,2022-01-01
-26.17,-1.24,0.0,0.3898346391470824,2022-01-02
-16.94,-4.69,2.99,0.2800389360962225,2022-01-03
-24.14,-12.92,1.3,0.1690725453240429,2022-01-04
-33.1,-19.78,0.0,0.1097111527059536,2022-01-05
-34.88,-26.46,0.0,0.1,2022-01-06
-24.17,-8.26,1.56,0.2551916342199385,2022-01-07
-24.3,-13.21,0.0,0.1663019856726122,2022-01-08
-28.28,-15.27,0.0,0.1528780705130514,2022-01-09
-21.56,-0.12,0.0,0.4291587029755088,2022-01-10
-10.09,4.3,0.0,0.4970731913306772,2022-01-11
-1.85,5.12,0.0,0.3321263401064996,2022-01-12
-4.64,3.93,0.0,0.3680333825063673,2022-01-13
-5.3,1.97,0.0,0.3027264467272339,2022-01-14
-4.8,4.23,0.0,0.3888255434115073,2022-01-15
-4.3,4.05,0.0,0.3668315462741695,2022-01-16
-5.39,4.91,0.97,0.4373746124736662,2022-01-17
-19.31,2.6,0.0,0.5090278014307839,2022-01-18
-25.89,-15.66,0.0,0.1404075373948488,2022-01-19
-23.16,-2.95,0.0,0.3733519333413823,2022-01-20
-9.18,2.55,1.17,0.429617250323582,2022-01-21
-7.49,4.3,1.92,0.4680067076255631,2022-01-22
-7.07,5.16,0.0,0.4969046869921469,2022-01-23
-9.84,2.52,0.0,0.4455807472731938,2022-01-24
-22.66,-5.12,0.0,0.3307856127014093,2022-01-25
-9.17,2.13,0.0,0.4217907303064493,2022-01-26
-7.39,0.93,0.0,0.332959239069621,2022-01-27
-9.92,2.01,0.0,0.435208835858583,2022-01-28
-8.12,2.77,0.0,0.4314486175798724,2022-01-29
-4.2,5.53,0.0,0.4558385601895701,2022-01-30
-12.25,4.26,3.69,0.5299029305839321,2022-01-31
-25.81,-15.14,0.0,0.1570305166558473,2022-02-01
-31.23,-22.45,0.0,0.1,2022-02-02
-29.15,-18.53,0.0,0.1248362672459672,2022-02-03
-31.01,-4.09,5.87,0.3302778972104263,2022-02-04
-12.77,-3.49,0.92,0.3015439452643032,2022-02-05
-14.25,2.24,0.0,0.5195977439216909,2022-02-06
-4.74,6.1,0.0,0.5198548740057986,2022-02-07
-4.15,2.42,0.0,0.3207293899610521,2022-02-08
-7.58,2.96,0.55,0.4560945405848929,2022-02-09
-7.79,5.33,0.96,0.568725005751413,2022-02-10
-16.84,-10.21,0.0,0.1745266724335943,2022-02-11
-16.15,-5.87,0.0,0.2935824839342542,2022-02-12
-14.27,2.33,0.0,0.5435231040529248,2022-02-13
-16.05,-8.12,1.33,0.2246847290186249,2022-02-14
-14.11,-6.68,1.21,0.235430815199976,2022-02-15
-22.85,-14.88,0.63,0.1505359975203337,2022-02-16
-25.11,-1.13,0.0,0.4607321419349215,2022-02-17
-19.16,-5.95,0.0,0.3354519877840125,2022-02-18
-16.11,3.75,4.31,0.5805653584939411,2022-02-19
-22.2,-13.66,0.0,0.1738813870208618,2022-02-20
-27.96,-20.21,0.0,0.105740351080987,2022-02-21
-31.2,-20.26,0.0,0.1244402388499679,2022-02-22
-30.69,-18.56,0.0,0.1466713457901153,2022-02-23
-26.15,-16.35,0.0,0.1609059709532576,2022-02-24
-25.71,-7.4,0.0,0.3380006041878202,2022-02-25
-13.98,-1.93,0.0,0.4277549362094121,2022-02-26
-10.96,-4.52,0.0,0.2605642528873421,2022-02-27
-13.98,-6.31,0.0,0.2696609859576535,2022-02-28
-13.49,-6.23,0.0,0.2635819902601031,2022-03-01
-14.25,-8.71,0.0,0.1923619298908877,2022-03-02
-15.46,-9.42,8.0,0.1812812210523517,2022-03-03
-11.75,-7.79,3.87,0.1442026762863534,2022-03-04
-16.97,-10.5,0.0,0.201288196867073,2022-03-05
-18.65,-5.03,0.0,0.4070276714093948,2022-03-06
-15.55,1.53,1.52,0.6222288015051676,2022-03-07
-17.56,-8.47,0.0,0.2891989773561016,2022-03-08
-23.74,-13.17,0.0,0.2321426101963852,2022-03-09
-23.74,-11.91,0.0,0.2630666177350591,2022-03-10
-30.04,-9.94,0.0,0.3098224881268333,2022-03-11
-14.6,2.83,0.0,0.7084303846604605,2022-03-12
-10.22,-1.23,0.0,0.4334807979352034,2022-03-13
-11.2,2.11,0.0,0.6587288287938036,2022-03-14
-4.11,5.46,0.0,0.6780059506225621,2022-03-15
-2.46,4.8,0.0,0.5035309638601284,2022-03-16
-5.44,6.05,0.0,0.8141897214388168,2022-03-17
-1.08,6.29,0.0,0.5855902647838148,2022-03-18
-2.63,7.6,0.0,0.8795455358660402,2022-03-19
-0.81,5.6,2.0,0.4383413859914803,2022-03-20
-1.36,6.62,0.0,0.7514988704761586,2022-03-21
-2.24,9.01,0.0,1.0778316136466284,2022-03-22
-1.48,14.39,0.0,1.5113722817455484,2022-03-23
-0.64,8.74,1.08,0.9782242089108556,2022-03-24
-5.86,2.08,0.0,0.6063384418699375,2022-03-25
-8.47,-1.81,0.0,0.3983282954161025,2022-03-26
-6.24,9.91,0.0,1.2864652374113164,2022-03-27
-2.25,10.5,0.0,1.3769639676446483,2022-03-28
-5.25,2.47,0.0,0.7219792227696862,2022-03-29
-7.7,10.86,0.0,1.4370342824941569,2022-03-30
-0.66,4.67,1.85,0.5757993452351685,2022-03-31
-4.11,5.9,0.0,1.0274626450714233,2022-04-01
-6.89,8.63,0.0,1.314317041397843,2022-04-02
-4.17,11.96,0.0,1.5508835347456902,2022-04-03
-2.2,15.99,0.0,1.8756656143389223,2022-04-04
-1.21,9.18,3.23,1.0362504751814905,2022-04-05
-0.87,7.42,1.57,1.0262528826721262,2022-04-06
-3.74,11.01,0.0,1.5106208978052285,2022-04-07
-1.04,18.91,0.0,2.081266934234169,2022-04-08
-0.23,12.18,0.0,1.5731729355981654,2022-04-09
-4.33,7.69,0.0,1.272365003883067,2022-04-10
-8.28,-0.64,0.0,0.6216501953320366,2022-04-11
-10.31,-5.92,0.0,0.2472698744539533,2022-04-12
-10.01,-6.05,2.6,0.1995015894284007,2022-04-13
-9.5,-4.18,2.02,0.2813328461504752,2022-04-14
-10.49,-2.91,0.0,0.5423265062371376,2022-04-15
-10.54,0.85,0.0,0.8817285498285939,2022-04-16
-7.29,3.83,0.0,1.0544389532966822,2022-04-17
-7.39,8.47,0.0,1.4347054508119828,2022-04-18
-3.4,5.73,2.55,0.8589586847155368,2022-04-19
-4.4,1.53,0.0,0.5906674828742289,2022-04-20
-8.53,5.16,0.0,1.1987685747040462,2022-04-21
-3.0,3.43,0.0,0.7593296338173815,2022-04-22
-0.08,8.83,2.0,1.3304292229742556,2022-04-23
-2.6,11.87,0.0,1.7360436667606192,2022-04-24
-1.84,12.21,0.0,1.7582160099118986,2022-04-25
-2.35,16.89,0.0,2.0803451482508293,2022-04-26
1.28,15.9,0.0,2.0602258113937486,2022-04-27
0.54,17.19,0.0,2.1403504764603927,2022-04-28
0.31,16.07,0.0,2.072830305345742,2022-04-29
1.15,17.13,0.0,2.144094528386973,2022-04-30
0.66,15.72,0.0,2.047088486930576,2022-05-01
-0.24,18.23,0.0,2.2060252917454894,2022-05-02
3.84,20.18,0.0,2.3652571741162496,2022-05-03
1.15,24.2,0.0,2.582111547587364,2022-05-04
8.33,27.31,0.0,2.851580054844885,2022-05-05
9.95,22.17,2.34,2.195280649963495,2022-05-06
6.05,14.16,7.61,1.1970308807153924,2022-05-07
3.24,15.46,0.0,1.8677169967720224,2022-05-08
-0.55,13.85,5.5,1.506095769714877,2022-05-09
2.73,14.12,3.43,1.3484661397103348,2022-05-10
-0.54,18.28,0.0,2.1160519626024845,2022-05-11
3.16,19.13,0.0,2.1730730019371953,2022-05-12
5.06,10.51,9.99,0.5110655311949436,2022-05-13
2.89,16.48,0.0,1.8041313257632456,2022-05-14
3.42,20.35,0.0,2.1857553433778687,2022-05-15
5.3,21.86,0.0,2.303066088468856,2022-05-16
6.07,20.69,1.6,2.1639449239046544,2022-05-17
6.47,17.14,0.72,1.6586114151747444,2022-05-18
1.17,11.12,3.09,0.9687020562699046,2022-05-19
0.36,8.34,0.0,0.8824805161318435,2022-05-20
-0.67,13.62,0.0,1.664408211968336,2022-05-21
0.15,16.35,0.0,1.9079944087577916,2022-05-22
1.2,22.13,0.0,2.391215556800419,2022-05-23
4.05,24.0,0.0,2.5426751415578974,2022-05-24
6.45,23.77,0.0,2.487576275057451,2022-05-25
6.04,23.94,0.0,2.5222504456339547,2022-05-26
6.97,20.32,2.21,1.6876352844867246,2022-05-27
7.89,22.2,0.0,2.250316438839003,2022-05-28
9.54,20.54,0.0,1.8848309376730203,2022-05-29
6.4,18.28,0.0,1.842787622431955,2022-05-30
3.0,18.62,0.0,2.0783533536454297,2022-05-31
2.77,19.98,0.0,2.2280625644252368,2022-06-01
3.47,21.43,0.0,2.422092834424106,2022-06-02
2.35,22.91,0.0,2.5194976948027037,2022-06-03
4.47,24.81,0.0,2.6614456032318308,2022-06-04
7.12,20.34,0.0,2.244027556458174,2022-06-05
6.04,19.99,0.0,2.2677475867035723,2022-06-06
7.91,20.03,0.0,2.160738570264669,2022-06-07
6.25,24.02,2.55,2.2823248047188205,2022-06-08
11.67,24.87,5.59,2.080837211773916,2022-06-09
11.1,26.85,0.89,2.770445303174661,2022-06-10
8.01,24.1,0.0,2.5751710102171907,2022-06-11
9.01,24.99,5.11,2.1716634301247297,2022-06-12
11.08,21.04,6.87,1.4047744419356425,2022-06-13
6.21,19.01,0.0,1.9060853178274024,2022-06-14
4.57,16.93,5.97,1.4023639811668331,2022-06-15
11.55,20.96,0.0,1.6061191362716227,2022-06-16
11.22,29.85,0.0,2.893905074250915,2022-06-17
17.44,30.91,0.0,2.592271471674819,2022-06-18
15.66,21.43,6.97,0.674467320090305,2022-06-19
13.82,20.9,3.05,0.8282960580253906,2022-06-20
11.75,22.92,0.0,1.8734488262802276,2022-06-21
11.03,27.73,0.0,2.6250061702071257,2022-06-22
10.28,26.9,6.46,2.1161874033241532,2022-06-23
7.45,18.32,2.3,1.2445071661803453,2022-06-24
7.94,21.0,3.0,1.5476483314472085,2022-06-25
8.13,24.92,0.0,2.378889204253474,2022-06-26
9.59,24.14,0.0,2.2028278048409247,2022-06-27
9.82,22.92,2.32,1.6050249765191662,2022-06-28
12.52,25.33,0.0,2.089262284662045,2022-06-29
9.2,23.26,0.0,2.1043107802087824,2022-06-30
8.51,24.47,0.0,2.2969474863573853,2022-07-01
10.23,23.27,3.28,1.6171954295787478,2022-07-02
11.15,23.4,2.45,1.5420993054184478,2022-07-03
12.68,17.16,9.44,0.521276440131464,2022-07-04
12.53,19.57,4.2,0.8153396018706024,2022-07-05
12.43,24.48,0.0,1.9500621568239025,2022-07-06
13.25,24.88,2.53,1.5007024633709949,2022-07-07
16.98,31.3,0.0,2.4660659543424113,2022-07-08
15.8,28.86,1.62,2.233387626744826,2022-07-09
13.7,25.19,2.2,1.4780194366895658,2022-07-10
10.64,27.23,0.0,2.394815371173286,2022-07-11
10.16,30.35,0.0,2.6936795415271635,2022-07-12
16.13,33.24,3.16,2.2035404323898056,2022-07-13
15.31,28.23,0.0,2.1298727448288317,2022-07-14
16.08,33.98,0.0,2.7658190837179233,2022-07-15
14.64,35.1,0.0,2.9188648483396213,2022-07-16
15.11,32.66,0.0,2.655224006055346,2022-07-17
13.91,29.01,17.66,1.853103577310689,2022-07-18
14.38,28.49,8.82,1.655165716219537,2022-07-19
12.85,24.92,0.0,1.6628146977173748,2022-07-20
10.85,28.85,0.0,2.299214168884328,2022-07-21
10.73,25.18,0.0,1.8864489778376057,2022-07-22
9.14,22.52,0.0,1.6864934077755078,2022-07-23
7.84,28.57,0.0,2.3775066420676576,2022-07-24
12.7,20.74,4.18,0.871978780723582,2022-07-25
10.64,24.58,0.0,1.7821732197546714,2022-07-26
7.84,26.2,0.0,2.1272832326602797,2022-07-27
8.25,27.9,0.0,2.2551994316403863,2022-07-28
13.08,33.75,0.0,2.564934085434821,2022-07-29
15.41,26.75,4.83,1.2393883419007623,2022-07-30
13.37,28.7,8.75,1.5950888336788962,2022-07-31
14.98,27.38,0.0,1.5921010667111826,2022-08-01
13.55,25.8,0.0,1.5197335655641155,2022-08-02
8.19,26.97,0.0,2.0487781469466095,2022-08-03
11.15,34.99,0.0,2.6034479223467573,2022-08-04
8.83,19.89,0.0,1.1732549948315392,2022-08-05
4.34,22.83,0.0,1.8088409204935436,2022-08-06
11.47,30.55,0.0,2.1950063352901266,2022-08-07
10.24,33.32,0.0,2.501016961927451,2022-08-08
10.23,26.49,0.0,1.8408187827667253,2022-08-09
10.87,27.03,0.0,1.8457017014088652,2022-08-10
15.67,26.52,0.0,1.2762123059746115,2022-08-11
11.89,32.15,0.0,2.3482861135074073,2022-08-12
16.12,32.97,0.0,2.1352822514823857,2022-08-13
15.39,31.49,0.0,2.0128698369558946,2022-08-14
11.83,29.97,0.0,2.101281691397149,2022-08-15
13.8,35.1,0.0,2.4784553195479053,2022-08-16
16.13,30.21,0.0,1.751854625845107,2022-08-17
12.3,29.38,0.0,1.991489997955536,2022-08-18
10.29,29.56,0.0,2.1108515938717143,2022-08-19
14.21,31.75,0.0,2.078582023795763,2022-08-20
12.58,33.58,0.0,2.3383997029392334,2022-08-21
16.59,27.38,0.0,1.2142250997156518,2022-08-22
15.09,26.48,0.0,1.2811041136848256,2022-08-23
10.67,26.84,0.0,1.7400450209499554,2022-08-24
10.0,28.11,0.0,1.900319422631351,2022-08-25
13.33,28.89,11.02,1.4286041742667948,2022-08-26
13.24,30.56,0.0,1.8804253047832755,2022-08-27
12.31,21.98,0.0,1.0008193441783697,2022-08-28
8.61,27.45,0.0,1.8328441031295633,2022-08-29
10.14,31.58,0.0,2.1097081516959193,2022-08-30
14.18,35.22,0.0,2.2047683484833143,2022-08-31
14.11,32.56,0.0,1.9358652081430323,2022-09-01
6.35,27.26,0.0,1.845377658700716,2022-09-02
12.69,36.8,0.0,2.3531424495583164,2022-09-03
15.89,34.69,0.0,1.9657352573020297,2022-09-04
12.57,31.45,0.0,1.859636847970648,2022-09-05
8.49,24.79,0.0,1.452921216330219,2022-09-06
10.81,35.5,0.0,2.268243735937003,2022-09-07
7.26,19.78,0.0,1.0766820710565648,2022-09-08
3.54,17.47,0.0,1.080937446406277,2022-09-09
1.8,22.8,0.0,1.562010273918623,2022-09-10
8.54,32.02,0.0,2.0634840152006344,2022-09-11
8.44,23.54,0.0,1.322824382040536,2022-09-12
10.24,15.58,1.54,0.4863207617355292,2022-09-13
7.61,15.98,0.0,0.7115962416158528,2022-09-14
6.13,15.64,0.0,0.7790049144558681,2022-09-15
10.54,20.46,0.0,0.8999778728074759,2022-09-16
8.06,23.67,0.0,1.3515445228209857,2022-09-17
4.46,22.43,0.0,1.4447477044008057,2022-09-18
9.04,19.34,2.61,0.8169914129965549,2022-09-19
4.05,13.52,0.0,0.7229126320915886,2022-09-20
-0.86,16.9,0.0,1.170053195265317,2022-09-21
2.01,17.56,1.86,1.1192807810412415,2022-09-22
4.35,20.23,0.0,1.2297643228932813,2022-09-23
6.79,21.44,0.0,1.2067114052311152,2022-09-24
1.74,22.25,0.0,1.4751675830045972,2022-09-25
5.49,23.0,0.0,1.3888136785766336,2022-09-26
6.74,25.96,0.0,1.571208793233626,2022-09-27
8.96,31.38,0.0,1.8910616737757528,2022-09-28
8.17,30.58,0.0,1.84142509212613,2022-09-29
9.79,23.61,0.0,1.13225384951795,2022-09-30
7.29,19.23,0.0,0.9288547881495712,2022-10-01
5.61,19.31,0.0,1.0138070498538354,2022-10-02
6.75,22.24,0.0,1.265093372393065,2022-10-03
7.71,25.79,0.0,1.5448241659454962,2022-10-04
3.81,12.7,0.0,0.6241684273747069,2022-10-05
-2.46,10.28,0.0,0.7259848850400118,2022-10-06
-2.21,19.73,0.0,1.3475824299638377,2022-10-07
2.9,22.55,0.0,1.4306230487341691,2022-10-08
3.39,22.7,0.0,1.425429713743877,2022-10-09
2.99,25.29,0.0,1.5969469142283097,2022-10-10
3.02,14.28,0.0,0.7489989764369008,2022-10-11
1.98,11.39,0.0,0.6042539867782606,2022-10-12
-0.51,14.32,0.0,0.8975587638126811,2022-10-13
-1.46,16.17,0.0,1.0457760174989503,2022-10-14
-1.52,9.44,0.0,0.6104143977996661,2022-10-15
-3.79,10.35,0.0,0.7241230672642074,2022-10-16
-2.43,18.5,0.0,1.295301443952955,2022-10-17
1.42,22.92,0.0,1.6168337279118672,2022-10-18
1.62,21.87,0.0,1.524462323722399,2022-10-19
2.57,15.37,0.0,0.9512722568108896,2022-10-20
0.81,10.72,0.0,0.6046188314469,2022-10-21
-3.37,9.78,5.86,0.623135736910873,2022-10-22
-1.08,3.0,12.04,0.2043866124482179,2022-10-23
-3.1,0.79,0.0,0.1901551237957968,2022-10-24
-3.58,2.76,0.0,0.3063308778477348,2022-10-25
-4.71,5.38,0.0,0.4732047301276827,2022-10-26
-0.69,8.93,0.0,0.5247741753930069,2022-10-27
-0.33,9.63,0.0,0.5501461293204916,2022-10-28
-1.14,12.92,0.0,0.7784800871728046,2022-10-29
-0.59,14.41,0.0,0.9358167096042046,2022-10-30
-1.42,8.86,0.0,0.5411181208562407,2022-10-31
-0.25,10.26,0.0,0.5743914018302818,2022-11-01
-2.88,1.05,0.0,0.1901052357094746,2022-11-02
-8.06,-2.6,0.0,0.2115478936773197,2022-11-03
-8.78,4.7,2.3,0.5077659570671871,2022-11-04
-5.36,4.0,13.03,0.4013909113926511,2022-11-05
-12.11,-6.7,0.0,0.1731177244518265,2022-11-06
-13.74,-6.84,6.49,0.1944287498460793,2022-11-07
-18.25,-8.19,0.0,0.2391883345532017,2022-11-08
-23.98,-15.67,0.0,0.1347140230499278,2022-11-09
-22.83,-14.45,0.0,0.1463027649236519,2022-11-10
-21.67,-10.88,0.0,0.2075959886857267,2022-11-11
-21.24,-9.66,1.6,0.2296491158586517,2022-11-12
-13.61,-5.16,0.0,0.2542488078808631,2022-11-13
-11.96,-4.7,1.03,0.2352471553299727,2022-11-14
-9.02,-3.42,0.0,0.2085455906956844,2022-11-15
-10.7,-2.88,0.0,0.2722349943191002,2022-11-16
-17.18,-10.25,0.0,0.1681285061211289,2022-11-17
-17.64,-7.63,0.0,0.2419468381794634,2022-11-18
-12.13,-3.64,0.0,0.2755328926879999,2022-11-19
-11.15,0.69,0.0,0.4043900069598259,2022-11-20
-11.19,1.62,1.17,0.4361387389007454,2022-11-21
-6.22,3.2,0.0,0.3994862233721246,2022-11-22
-4.61,2.39,0.0,0.3149808058671143,2022-11-23
-6.58,4.78,0.0,0.4696170714289085,2022-11-24
-0.12,7.0,0.0,0.3792466896141536,2022-11-25
-3.02,2.7,0.0,0.2715761986602671,2022-11-26
-4.33,2.81,2.56,0.3060677322906927,2022-11-27
-12.3,-5.13,4.42,0.210825308731213,2022-11-28
-16.66,-11.51,0.0,0.1225776646219473,2022-11-29
-20.16,-13.2,1.89,0.1358100932491483,2022-11-30
-22.51,-14.42,0.86,0.1367491716295784,2022-12-01
-28.85,-21.31,0.0,0.1,2022-12-02
-24.11,-11.03,0.0,0.207041740134268,2022-12-03
-15.03,-2.95,0.0,0.3253940491687316,2022-12-04
-23.32,-13.22,0.98,0.1631156593874504,2022-12-05
-32.97,-21.0,0.0,0.1,2022-12-06
-34.51,-8.04,0.0,0.242943993084623,2022-12-07
-14.55,-4.17,0.0,0.2804695760744536,2022-12-08
-10.22,-1.66,0.0,0.285898720689668,2022-12-09
-16.1,-5.69,0.0,0.2576977908338144,2022-12-10
-10.36,-4.09,1.33,0.2047717355685553,2022-12-11
-12.86,-7.94,2.78,0.133727266512153,2022-12-12
-16.62,-11.7,0.0,0.1127179438651564,2022-12-13
-19.04,-8.19,0.73,0.2271047144231095,2022-12-14
-16.71,-10.65,0.0,0.1391290389726299,2022-12-15
-19.84,-12.55,0.92,0.1403676731682329,2022-12-16
-20.15,-14.12,1.67,0.1120622444842903,2022-12-17
-26.13,-20.01,1.03,0.1,2022-12-18
-31.78,-23.1,2.28,0.1,2022-12-19
-35.63,-29.82,2.15,0.1,2022-12-20
-33.75,-28.83,0.94,0.1,2022-12-21
-32.94,-27.39,0.0,0.1,2022-12-22
-35.76,-19.59,0.0,0.1136658388643183,2022-12-23
-22.06,-10.05,1.77,0.2111878514083691,2022-12-24
-16.71,-6.11,0.0,0.2540261815421216,2022-12-25
-14.92,2.95,0.0,0.4905931242559467,2022-12-26
-8.72,-0.55,8.34,0.2808901838243759,2022-12-27
-15.99,-6.71,2.18,0.2205246422515658,2022-12-28
-14.18,-9.43,0.0,0.1249411148872076,2022-12-29
-15.56,-6.93,0.0,0.2178236468196371,2022-12-30
-16.49,-8.7,0.0,0.185347935174716,2022-12-31
-16.63,-5.54,0.0,0.2656575536214556,2023-01-01
-13.65,-4.0,0.0,0.2705605277359583,2023-01-02
-14.48,-5.3,0.0,0.2456881511111266,2023-01-03
-16.46,-8.85,0.0,0.1807167578291023,2023-01-04
-16.53,-10.01,0.0,0.1531366670378874,2023-01-05
-16.38,-3.67,0.0,0.3140825584244355,2023-01-06
-10.68,-2.4,0.0,0.2717929979461341,2023-01-07
-12.91,-4.03,0.0,0.2607869592619014,2023-01-08
-12.35,-2.85,0.0,0.2885924010269999,2023-01-09
-14.72,-8.72,0.0,0.1575436404062792,2023-01-10
-15.48,-9.61,0.0,0.1480146151666988,2023-01-11
-13.27,-5.58,0.0,0.2231201070592447,2023-01-12
-10.11,-0.22,0.0,0.3402952937118033,2023-01-13
-10.65,-2.18,0.0,0.2837003095314447,2023-01-14
-9.81,-6.62,0.0,0.1085471466057923,2023-01-15
-8.94,-7.13,0.0,0.1,2023-01-16
-9.58,-6.1,0.0,0.121015019444152,2023-01-17
-8.48,-2.55,0.0,0.2222013566676807,2023-01-18
-10.51,-4.88,0.0,0.1914483980401886,2023-01-19
-13.75,-4.39,0.0,0.2738706032370518,2023-01-20
-11.62,-0.12,0.0,0.4026136369461758,2023-01-21
-6.54,1.07,0.0,0.3221365930493751,2023-01-22
-12.62,-1.4,0.0,0.3739013456134114,2023-01-23
-8.83,-1.53,0.0,0.2773339386966909,2023-01-24
-8.0,-0.82,1.38,0.3103638763218754,2023-01-25
-9.19,3.34,1.16,0.6053791836420778,2023-01-26
-18.58,-3.8,0.0,0.3839540486241908,2023-01-27
-23.9,-18.26,0.0,0.1,2023-01-28
-25.24,-19.4,0.0,0.1,2023-01-29
-25.16,-17.24,0.0,0.1224730583520686,2023-01-30
-22.27,-11.74,0.0,0.202161427761974,2023-01-31
-22.16,-10.46,2.09,0.2151607678390091,2023-02-01
-25.94,-16.65,0.0,0.1399941939064364,2023-02-02
-18.76,-0.39,0.0,0.5301727347576634,2023-02-03
-6.53,1.12,0.0,0.4667315029251548,2023-02-04
-10.82,1.68,0.0,0.6263500915566418,2023-02-05
-4.42,0.64,0.0,0.2933889843675385,2023-02-06
-3.89,3.19,0.0,0.5453004074813445,2023-02-07
-8.95,-0.27,3.03,0.3947049887427514,2023-02-08
-13.12,-2.14,0.0,0.4933667649547851,2023-02-09
-8.47,4.79,0.0,0.8241022379130393,2023-02-10
-6.55,1.29,0.0,0.5501707151881259,2023-02-11
-7.65,1.71,0.0,0.6387323345176754,2023-02-12
-3.42,3.66,0.0,0.6263597056694887,2023-02-13
-16.49,-4.4,0.0,0.4533877984649367,2023-02-14
-16.34,-8.64,0.0,0.2540808683905892,2023-02-15
-17.93,-1.19,0.0,0.5860765088720991,2023-02-16
-8.61,0.01,0.0,0.5670823539757587,2023-02-17
-12.4,-3.46,0.0,0.4514792907297788,2023-02-18
-11.67,-4.6,1.01,0.3540415801673239,2023-02-19
-19.49,-9.75,0.0,0.2896965433341871,2023-02-20
-26.02,-16.64,0.0,0.1552771937797675,2023-02-21
-29.75,-25.19,0.0,0.1,2023-02-22
-28.84,-22.09,0.0,0.1,2023-02-23
-30.99,-19.87,0.0,0.1337103221379653,2023-02-24
-27.1,-11.67,0.0,0.2874420402162919,2023-02-25
-17.46,-0.92,0.0,0.6691879199773245,2023-02-26
-15.67,-4.84,0.0,0.5028846034302216,2023-02-27
-19.72,-10.55,0.0,0.293138980196685,2023-02-28
-18.48,-6.69,0.0,0.4511533907304072,2023-03-01
-11.9,1.55,0.0,0.8412469230692972,2023-03-02
-10.29,-0.43,0.0,0.7113403344059986,2023-03-03
-15.03,-4.61,0.0,0.5374164370619117,2023-03-04
-20.1,-10.97,0.0,0.3060385461330955,2023-03-05
-24.83,-12.95,0.0,0.2822184226681893,2023-03-06
-17.03,-12.91,0.0,0.1280308398039781,2023-03-07
-19.2,-13.86,1.16,0.149374086962143,2023-03-08
-18.34,-10.7,0.0,0.3022570925421102,2023-03-09
-13.91,-7.15,5.49,0.2965748508597358,2023-03-10
-12.28,-7.16,4.73,0.2217389646911021,2023-03-11
-19.1,-9.45,0.0,0.4041162422341489,2023-03-12
-16.85,-2.65,0.0,0.7125842624070047,2023-03-13
-10.95,1.44,1.35,0.958070953269234,2023-03-14
-13.9,-3.59,2.85,0.5354461920113571,2023-03-15
-13.21,-4.66,0.0,0.5444390022813179,2023-03-16
-20.15,-7.91,0.0,0.4687252490587121,2023-03-17
-19.18,-0.6,0.0,0.7620550058514678,2023-03-18
-14.75,-2.93,0.0,0.696615981748793,2023-03-19
-14.54,-7.21,0.0,0.4204238603103163,2023-03-20
-15.41,-6.64,0.0,0.4941326639758709,2023-03-21
-15.49,-6.64,0.0,0.5030243368608535,2023-03-22
-15.12,2.69,0.0,0.99217664437098,2023-03-23
-14.34,-3.79,0.0,0.6671487407699124,2023-03-24
-18.58,-4.03,0.0,0.6691758798253634,2023-03-25
-13.7,-6.0,0.0,0.5003402408219213,2023-03-26
-19.14,-8.18,0.0,0.4932413935936132,2023-03-27
-21.23,-6.25,0.0,0.5823086695938283,2023-03-28
-18.5,-1.1,0.0,0.8175031977269966,2023-03-29
-13.75,-1.95,0.0,0.8138047276521114,2023-03-30
-14.92,0.31,0.0,0.937857244739848,2023-03-31
-7.32,3.85,0.0,1.1653060773112651,2023-04-01
-8.39,-2.31,2.83,0.4706694792397694,2023-04-02
-13.74,-8.2,1.65,0.3323577575233165,2023-04-03
-19.49,-7.59,0.0,0.5321206189221834,2023-04-04
-23.35,-6.91,0.0,0.5527823337452313,2023-04-05
-21.31,-4.2,0.0,0.6715097409528173,2023-04-06
-12.12,1.7,0.0,1.0365556382332777,2023-04-07
-2.58,6.53,0.0,1.279091081185484,2023-04-08
1.16,8.85,0.0,1.3447209663796746,2023-04-09
2.83,9.83,0.0,1.342470008801376,2023-04-10
0.74,12.37,0.0,1.7021544688400343,2023-04-11
0.1,8.22,0.0,1.367749684542891,2023-04-12
-1.47,5.79,1.76,1.151592984330753,2023-04-13
-1.18,7.99,0.0,1.419247941827778,2023-04-14
-2.04,11.74,0.0,1.694221846965554,2023-04-15
-0.59,15.16,0.0,1.9151918252595517,2023-04-16
2.69,16.41,0.0,2.011498955890527,2023-04-17
0.45,6.93,4.11,0.8161983079585737,2023-04-18
-4.17,-0.01,6.94,0.2657094169065479,2023-04-19
-5.57,-1.62,0.89,0.2739925644099232,2023-04-20
-5.47,1.13,0.0,0.6481270373045271,2023-04-21
-5.52,6.01,0.0,1.2119994528903928,2023-04-22
-4.97,8.87,0.0,1.4523959054099806,2023-04-23
-1.52,11.26,0.0,1.6306687805078266,2023-04-24
2.03,17.42,1.82,2.065847744417574,2023-04-25
1.26,15.08,0.0,1.9174330350847415,2023-04-26
2.5,10.21,0.0,1.3052871883984287,2023-04-27
-0.86,18.88,0.0,2.132794021268587,2023-04-28
-1.1,16.18,0.0,1.9842946934424657,2023-04-29
-2.15,16.43,0.0,1.9865604825612704,2023-04-30
-0.11,20.39,0.0,2.2392285216186223,2023-05-01
2.94,25.67,0.0,2.579758668294476,2023-05-02
4.96,27.03,0.0,2.6867955103740404,2023-05-03
6.27,26.78,0.0,2.689390778758788,2023-05-04
4.89,19.76,0.0,2.23475621675237,2023-05-05
4.39,16.56,0.0,2.006526037670691,2023-05-06
7.28,17.72,0.0,2.0460103135245897,2023-05-07
7.1,18.8,0.0,2.146760061117083,2023-05-08
3.6,20.41,0.0,2.3006230247810726,2023-05-09
7.65,20.4,0.0,2.2626029026680095,2023-05-10
5.76,19.8,0.0,2.2483522588506704,2023-05-11
8.17,17.07,0.0,1.9424989333486136,2023-05-12
4.68,22.98,0.0,2.480311810935496,2023-05-13
4.94,24.93,0.0,2.605807568154614,2023-05-14
8.96,26.77,0.0,2.7326187660786245,2023-05-15
9.61,30.47,0.0,2.9800349242945865,2023-05-16
5.67,18.67,0.0,2.153718923720381,2023-05-17
3.86,15.3,0.0,1.9065141483027053,2023-05-18
1.16,25.56,0.0,2.6049097033110895,2023-05-19
11.73,25.08,0.0,2.531204123376132,2023-05-20
6.99,25.59,0.0,2.645776528252669,2023-05-21
12.42,31.06,3.46,2.740930442525992,2023-05-22
11.2,25.71,0.0,2.5926912264855395,2023-05-23
11.26,22.84,9.3,2.038362051658111,2023-05-24
12.15,15.41,3.79,0.3532439982812969,2023-05-25
10.46,19.45,0.0,1.7318619886008215,2023-05-26
7.93,15.94,8.23,1.0773103338314596,2023-05-27
12.64,19.75,1.6,1.3335494706869797,2023-05-28
10.29,26.39,0.0,2.7154188033000524,2023-05-29
10.95,28.32,2.58,2.4331783677835483,2023-05-30
11.54,29.76,6.95,2.525466616027705,2023-05-31
13.85,25.04,7.02,1.704575263344894,2023-06-01
12.49,22.3,0.0,1.7742942315432089,2023-06-02
16.03,25.35,5.1,1.434815626413174,2023-06-03
14.67,29.41,0.0,2.6738387784984594,2023-06-04
16.78,31.91,0.0,2.839039188643159,2023-06-05
15.69,26.7,0.0,2.1318257559068257,2023-06-06
13.05,28.3,22.8,2.1610304952196846,2023-06-07
13.15,28.94,0.0,2.516066122772016,2023-06-08
11.99,25.3,0.0,2.168571043847811,2023-06-09
10.28,23.7,0.0,2.133237114506113,2023-06-10
9.88,27.74,0.0,2.6325697133789476,2023-06-11
11.55,29.7,0.0,2.7714126063497533,2023-06-12
12.26,30.71,0.0,2.8624640037880456,2023-06-13
12.61,28.2,5.89,2.1096803750953828,2023-06-14
8.25,16.82,0.0,1.2469002726820504,2023-06-15
5.84,24.66,0.0,2.4610322314409117,2023-06-16
11.69,20.27,0.0,1.384308159275454,2023-06-17
7.97,23.44,17.04,1.8538796872987795,2023-06-18
8.28,21.73,0.0,1.9309854030977365,2023-06-19
7.14,22.17,0.0,2.070100169898379,2023-06-20
7.09,20.44,0.0,1.869047433948087,2023-06-21
8.27,23.62,0.0,2.183820546460419,2023-06-22
8.06,25.51,0.0,2.3887225453158405,2023-06-23
8.69,25.72,0.0,2.3627824801189203,2023-06-24
10.22,28.78,0.0,2.598829309501505,2023-06-25
10.85,25.95,0.0,2.2298657647421902,2023-06-26
10.52,28.69,0.0,2.547971666287652,2023-06-27
10.95,25.94,0.0,2.199262609227435,2023-06-28
9.09,27.92,0.0,2.526075486641703,2023-06-29
14.34,30.62,0.0,2.532606236257019,2023-06-30
13.53,32.95,0.0,2.825626497045296,2023-07-01
12.09,22.91,0.0,1.6153766959318197,2023-07-02
9.5,22.47,0.0,1.839882141736287,2023-07-03
7.97,19.01,0.0,1.4779901700427571,2023-07-04
6.98,24.21,0.0,2.2277381838702075,2023-07-05
8.79,26.94,0.0,2.423941624834352,2023-07-06
7.74,25.56,0.0,2.317233769615462,2023-07-07
9.18,28.53,0.0,2.5545311261765247,2023-07-08
11.35,30.76,0.0,2.6755586032018597,2023-07-09
11.43,24.3,0.0,1.862388715491073,2023-07-10
9.52,21.28,5.81,1.268156931192962,2023-07-11
9.71,24.52,0.0,2.0215538636828265,2023-07-12
11.73,25.83,0.0,2.042632129354537,2023-07-13
10.37,23.08,0.0,1.7797026910073543,2023-07-14
8.1,24.64,0.0,2.13869226855836,2023-07-15
8.48,23.84,0.0,2.020380951417835,2023-07-16
9.79,27.13,6.73,1.8872643120616277,2023-07-17
10.92,20.33,2.12,0.965150759930294,2023-07-18
13.08,23.93,0.0,1.5731389015038983,2023-07-19
10.1,27.52,0.0,2.3403734043743025,2023-07-20
11.13,29.81,0.0,2.5184728644828542,2023-07-21
11.49,30.57,0.0,2.5647493633963396,2023-07-22
14.57,31.31,0.0,2.452641837719751,2023-07-23
15.93,36.03,0.0,2.8689963246514343,2023-07-24
18.4,33.7,0.0,2.418037752594188,2023-07-25
11.49,27.44,0.0,2.1977241396992984,2023-07-26
8.78,22.85,0.0,1.8222192427656,2023-07-27
7.35,21.19,0.0,1.7146165902031554,2023-07-28
5.71,24.22,0.0,2.136714099276734,2023-07-29
10.31,30.18,0.0,2.5255268655129983,2023-07-30
15.55,33.06,0.0,2.532637247754151,2023-07-31
12.93,32.88,0.0,2.643477008339986,2023-08-01
13.03,31.08,0.0,2.4349982438043343,2023-08-02
14.62,37.01,0.0,2.907221342851301,2023-08-03
14.19,28.06,0.0,1.9284210797094032,2023-08-04
10.4,27.7,0.0,2.1829930824264188,2023-08-05
8.89,26.39,0.0,2.1154037593905612,2023-08-06
9.04,28.93,0.0,2.3530443439220856,2023-08-07
10.55,24.78,0.0,1.7975910811317848,2023-08-08
11.64,20.64,10.81,0.8829494760924015,2023-08-09
12.2,24.8,5.9,1.23816831670535,2023-08-10
11.5,23.21,0.0,1.3758298920653371,2023-08-11
9.8,21.84,3.31,1.117982503872435,2023-08-12
9.64,26.01,0.0,1.861536525770562,2023-08-13
12.75,33.5,0.0,2.4250723395034317,2023-08-14
14.25,30.87,0.0,2.0457898602571363,2023-08-15
11.93,24.0,0.0,1.3764982999236013,2023-08-16
8.75,32.21,0.0,2.419013299770429,2023-08-17
13.77,26.28,0.0,1.4478217290223878,2023-08-18
7.96,20.41,0.0,1.2503797800199448,2023-08-19
5.11,21.07,2.29,1.266477767767025,2023-08-20
11.8,18.46,26.66,0.6359057180537141,2023-08-21
13.27,19.52,13.88,0.6178918317398516,2023-08-22
13.91,25.22,0.0,1.2442907271076729,2023-08-23
10.67,23.44,0.0,1.3099488981101317,2023-08-24
10.04,20.94,0.0,1.1140982791915426,2023-08-25
10.02,29.85,0.0,2.018219619087079,2023-08-26
11.67,28.24,0.0,1.756678385248619,2023-08-27
11.04,30.15,0.0,1.969699228157226,2023-08-28
12.39,31.88,0.0,2.0508955502491264,2023-08-29
14.88,27.4,0.0,1.3750039771795572,2023-08-30
11.46,22.35,3.5,1.0024453601793542,2023-08-31
13.15,27.57,0.0,1.5764288306614962,2023-09-01
13.52,28.95,0.0,1.723979466608763,2023-09-02
8.58,31.63,0.0,2.185848417789852,2023-09-03
10.18,20.33,0.0,1.0060005867580002,2023-09-04
2.58,17.15,0.0,1.1845186643204002,2023-09-05
9.25,24.13,0.0,1.579012615829299,2023-09-06
8.41,21.84,0.0,1.3731355890753498,2023-09-07
4.13,22.44,0.0,1.633678611238653,2023-09-08
7.06,23.0,0.0,1.5388883606041734,2023-09-09
5.88,24.36,0.0,1.6958862310633755,2023-09-10
5.98,22.87,0.0,1.5415056713071202,2023-09-11
8.97,28.61,0.0,1.8979512582849096,2023-09-12
11.32,22.78,0.8,1.1531825085039462,2023-09-13
7.11,20.66,0.0,1.2509764883755758,2023-09-14
4.05,22.15,0.0,1.530852227011261,2023-09-15
7.11,30.12,0.0,2.0372912880386034,2023-09-16
7.13,31.32,0.0,2.199529889687667,2023-09-17
9.19,27.12,0.0,1.7898454710883098,2023-09-18
6.49,18.6,1.73,1.073252992482349,2023-09-19
5.36,20.07,0.0,1.2740025498601206,2023-09-20
2.97,20.86,0.0,1.431773551123536,2023-09-21
4.3,21.73,0.0,1.43420900632167,2023-09-22
10.68,18.93,0.0,0.7310479966666247,2023-09-23
10.55,24.14,0.0,1.2671074785254612,2023-09-24
6.69,26.46,0.0,1.6913476210606646,2023-09-25
12.06,30.09,0.0,1.735719928074859,2023-09-26
9.68,23.5,2.22,1.0626240279365375,2023-09-27
5.47,19.19,0.0,1.055719254185007,2023-09-28
2.56,18.16,0.0,1.1084683324212914,2023-09-29
3.04,9.45,16.35,0.411846034416334,2023-09-30
7.18,9.27,6.09,0.1604817599576194,2023-10-01
6.68,14.6,3.18,0.5684714681639579,2023-10-02
5.45,15.7,0.0,0.7702854099572162,2023-10-03
3.24,14.52,2.25,0.7293346004486372,2023-10-04
-1.46,8.45,0.0,0.5917889926444372,2023-10-05
-5.45,11.47,0.0,0.8687828522499669,2023-10-06
4.85,21.31,0.0,1.162455264512813,2023-10-07
3.06,23.03,0.0,1.315265212984885,2023-10-08
4.72,22.85,0.0,1.250728218808028,2023-10-09
3.94,21.72,0.0,1.1989187815005578,2023-10-10
4.13,16.39,0.0,0.8460832825051999,2023-10-11
0.66,9.93,0.0,0.5746788368241389,2023-10-12
-3.69,11.87,0.0,0.8232652114998621,2023-10-13
-0.73,12.22,0.0,0.7568113474082581,2023-10-14
0.22,15.88,0.0,0.9359277648620196,2023-10-15
1.65,19.31,0.0,1.089533773408057,2023-10-16
7.87,19.33,0.0,0.8544542411634732,2023-10-17
3.94,15.38,0.0,0.7667856465509719,2023-10-18
4.89,22.05,0.0,1.1434246810756763,2023-10-19
3.8,14.42,0.0,0.7018942538301979,2023-10-20
-2.85,11.45,0.0,0.7543207918262596,2023-10-21
2.07,9.54,0.0,0.4664549581719739,2023-10-22
-3.44,1.9,5.56,0.2513127539778326,2023-10-23
-11.45,-4.2,0.0,0.2535152156774531,2023-10-24
-15.43,-5.96,0.0,0.272889584148976,2023-10-25
-13.65,-5.74,0.0,0.2475286897446522,2023-10-26
-9.24,-4.06,0.65,0.2044862305423348,2023-10-27
-9.71,-3.32,0.48,0.248517053907823,2023-10-28
-8.52,-1.14,0.0,0.3057063114063333,2023-10-29
-13.88,-4.51,0.0,0.2975797474141542,2023-10-30
-13.22,2.29,0.0,0.5191682700043511,2023-10-31
-8.66,0.46,0.0,0.3690992480775836,2023-11-01
-6.09,3.93,0.0,0.4532260377687631,2023-11-02
-6.52,1.27,0.0,0.3419514217869482,2023-11-03
-5.49,4.52,0.69,0.460623618502863,2023-11-04
-0.44,4.08,0.0,0.2441046703180864,2023-11-05
0.2,3.59,0.0,0.1876740058630362,2023-11-06
-0.08,3.34,8.63,0.1776250799822898,2023-11-07
-1.6,3.96,0.0,0.2912014611900956,2023-11-08
-6.11,0.92,0.0,0.3061181569454121,2023-11-09
-7.34,2.85,0.0,0.4213316737845555,2023-11-10
-3.12,8.26,0.0,0.5554786729138395,2023-11-11
-2.33,8.44,0.0,0.5406626022042488,2023-11-12
-2.77,9.9,0.0,0.6201261583625451,2023-11-13
-2.31,7.8,0.0,0.5048713161632209,2023-11-14
-4.49,6.5,0.0,0.5028291043335892,2023-11-15
-9.71,2.46,0.0,0.44250769207555,2023-11-16
-2.84,11.2,0.0,0.6736199806151337,2023-11-17
-2.84,14.12,0.0,0.804717458509583,2023-11-18
-0.54,12.56,0.0,0.6779075802634893,2023-11-19
-4.38,5.18,0.0,0.4308583319268467,2023-11-20
-9.18,9.99,0.0,0.7065343344884989,2023-11-21
-7.78,1.39,0.0,0.3527770273606161,2023-11-22
-15.38,-6.07,0.0,0.2428953714689562,2023-11-23
-12.25,-0.35,0.0,0.370454349911532,2023-11-24
-8.07,0.45,0.0,0.3191735290410175,2023-11-25
-14.34,-3.9,0.0,0.2874282369360783,2023-11-26
-8.87,0.99,0.0,0.3544989442247465,2023-11-27
-4.5,4.99,0.0,0.4112170261443378,2023-11-28
-6.12,2.45,0.0,0.345528614191871,2023-11-29
-10.81,-1.74,0.0,0.2937695493159268,2023-11-30
-14.63,-0.43,0.0,0.3876025561637164,2023-12-01
-10.81,1.58,0.0,0.4047023826321193,2023-12-02
-12.6,1.4,2.17,0.4120719007849612,2023-12-03
-6.76,1.03,0.0,0.3050598870785996,2023-12-04
-7.86,9.31,0.0,0.6528587439534645,2023-12-05
-2.8,8.8,0.0,0.5328749732464817,2023-12-06
-0.71,3.33,0.44,0.1947076503200822,2023-12-07
-6.86,-0.09,0.0,0.2545727044508284,2023-12-08
-9.11,-0.54,0.0,0.2931699985131265,2023-12-09
-7.18,1.46,0.0,0.3225376770347741,2023-12-10
-11.29,-1.57,0.0,0.3006747576286661,2023-12-11
-13.06,1.56,0.0,0.425554926581819,2023-12-12
-5.95,9.0,0.0,0.5979405535872662,2023-12-13
-3.87,6.27,0.0,0.4357652678220658,2023-12-14
-5.18,4.33,0.0,0.3869225481220711,2023-12-15
-3.07,4.26,0.0,0.3230939580168462,2023-12-16
-9.44,0.83,0.0,0.3469899681116432,2023-12-17
-10.17,4.02,0.0,0.4719023907398212,2023-12-18
-3.1,-0.01,0.0,0.1339894405785729,2023-12-19
-4.17,8.36,0.0,0.5350370201631856,2023-12-20
-5.48,4.63,0.0,0.4083163485671334,2023-12-21
-4.6,10.84,0.0,0.6503297264565963,2023-12-22
-6.14,2.46,0.0,0.3359681666726861,2023-12-23
-12.46,0.82,0.0,0.3947482021314038,2023-12-24
-9.98,5.98,0.0,0.5391066136341369,2023-12-25
-9.52,7.77,0.0,0.5989731400764463,2023-12-26
-8.0,6.68,0.0,0.5384527923841342,2023-12-27
-8.1,10.64,0.0,0.6925683716060937,2023-12-28
-8.28,5.03,0.0,0.4803188058741185,2023-12-29
-12.9,1.3,0.0,0.414551183172219,2023-12-30
-8.66,4.43,0.0,0.4646489242068443,2023-12-31
