MinTemp,MaxTemp,Precipitation,ReferenceET,Date
-31.17,-13.3,0.0,0.1806898434519472,2018-01-01
-21.48,-5.0,0.0,0.3103396788703,2018-01-02
-14.06,-2.33,0.0,0.3225291253167243,2018-01-03
-13.62,-5.6,0.0,0.2194288648214287,2018-01-04
-13.99,-6.55,0.0,0.1985920081538909,2018-01-05
-12.5,0.96,0.0,0.4065406407217375,2018-01-06
-8.61,0.87,0.0,0.3386323867243571,2018-01-07
-9.78,-2.14,0.0,0.2555288366340799,2018-01-08
-11.59,-0.44,0.0,0.3500894023787669,2018-01-09
-24.17,-17.53,0.44,0.1,2018-01-10
-29.37,-21.92,0.0,0.1,2018-01-11
-31.37,-20.71,0.0,0.1,2018-01-12
-27.38,-8.38,0.0,0.2585058629440168,2018-01-13
-22.66,-10.49,0.0,0.2085361292675837,2018-01-14
-29.29,-15.31,0.0,0.157080648987726,2018-01-15
-20.92,-0.78,0.0,0.4166677003771519,2018-01-16
-9.42,3.67,0.51,0.4699160146943328,2018-01-17
-7.41,7.47,0.0,0.5874855532282459,2018-01-18
-5.0,3.9,0.0,0.3848589343258117,2018-01-19
-8.11,0.85,0.0,0.3393268793669485,2018-01-20
-11.93,-1.39,0.0,0.3363508737442662,2018-01-21
-10.88,3.03,0.0,0.4759454869831347,2018-01-22
-10.91,0.0,0.0,0.369484013615426,2018-01-23
-10.7,-2.93,0.0,0.2620909830644578,2018-01-24
-9.65,-1.82,0.0,0.2792811937571115,2018-01-25
-12.79,-7.72,0.81,0.1507008746817132,2018-01-26
-19.93,-13.46,0.0,0.1290582855081518,2018-01-27
-22.14,-14.33,0.63,0.1382680500923225,2018-01-28
-22.98,-2.79,0.0,0.3864137921085998,2018-01-29
-12.37,2.03,0.0,0.4750098792162869,2018-01-30
-23.58,-14.63,0.0,0.1490560962513575,2018-01-31
-26.92,-15.5,0.0,0.1572804679185401,2018-02-01
-22.23,-17.87,3.87,0.1,2018-02-02
-27.4,-20.56,1.46,0.1,2018-02-03
-28.69,-16.68,0.0,0.1496119854978815,2018-02-04
-26.55,-15.63,0.0,0.1571776042215669,2018-02-05
-27.8,-17.56,0.0,0.1346176035706417,2018-02-06
-27.68,-14.14,0.0,0.1872037186236271,2018-02-07
-26.64,-17.13,0.0,0.1357293855487085,2018-02-08
-28.57,-16.53,0.0,0.1550944632111266,2018-02-09
-21.1,-9.84,0.0,0.2381799425710903,2018-02-10
-27.77,-16.4,0.0,0.1552396022909636,2018-02-11
-32.2,-12.46,0.0,0.2184107233002954,2018-02-12
-18.87,1.96,0.0,0.630341328631311,2018-02-13
-14.44,1.02,2.42,0.5223176497370204,2018-02-14
-28.33,-13.12,0.0,0.2133472549794026,2018-02-15
-21.12,-4.52,0.0,0.4120986516695177,2018-02-16
-19.19,-10.88,0.0,0.2004572468506819,2018-02-17
-22.8,-12.84,0.0,0.1958399921071523,2018-02-18
-27.64,-13.89,0.0,0.2037967280385557,2018-02-19
-23.98,-12.16,0.0,0.2214215202570079,2018-02-20
-29.79,-10.61,0.0,0.2687081675186538,2018-02-21
-24.59,-8.57,0.0,0.3241959038433787,2018-02-22
-19.74,-6.93,0.0,0.3578037826091673,2018-02-23
-16.2,-1.52,0.0,0.5606624970993134,2018-02-24
-16.79,-1.5,0.0,0.5674430057417599,2018-02-25
-14.97,-4.57,0.0,0.3990749498266437,2018-02-26
-14.75,-2.09,0.0,0.5329069353051746,2018-02-27
-13.58,0.6,0.0,0.6734553738263586,2018-02-28
-17.74,-2.51,0.0,0.5520288642558172,2018-03-01
-13.78,-4.75,0.0,0.4293002071609429,2018-03-02
-8.31,-4.62,4.86,0.152887832844207,2018-03-03
-10.96,-5.57,8.73,0.1987136027863337,2018-03-04
-14.59,-8.68,2.62,0.1807671286762335,2018-03-05
-17.61,-7.36,0.0,0.3141898855396137,2018-03-06
-23.63,-6.67,0.0,0.3978433798096249,2018-03-07
-23.99,-7.77,0.0,0.3678271317720741,2018-03-08
-13.0,-1.66,0.0,0.5324203682363734,2018-03-09
-12.34,-0.98,0.0,0.5651315533828494,2018-03-10
-13.86,2.68,0.0,0.7971091025684347,2018-03-11
-15.49,-0.75,0.0,0.6353478824728356,2018-03-12
-15.56,2.27,0.0,0.7868741578122044,2018-03-13
-15.37,-1.15,0.0,0.6278702268417722,2018-03-14
-10.97,-3.3,0.0,0.3844436896267434,2018-03-15
-7.39,1.79,0.0,0.6632515829522997,2018-03-16
-3.89,0.01,2.7,0.2169117014200027,2018-03-17
-6.22,1.11,0.99,0.5398146355741134,2018-03-18
-8.9,-0.71,0.0,0.5243032747715038,2018-03-19
-8.42,1.68,0.0,0.7210740961134979,2018-03-20
-10.89,2.45,0.0,0.8473217810448151,2018-03-21
-8.97,0.44,0.0,0.6573341983664006,2018-03-22
-4.95,0.27,3.83,0.2954255369941331,2018-03-23
-9.33,3.08,0.0,0.8998383179093873,2018-03-24
-6.23,1.68,0.0,0.6891570840359565,2018-03-25
-7.56,4.1,0.0,0.9864072214129648,2018-03-26
-9.76,2.76,0.0,0.9357437301216168,2018-03-27
-14.27,-2.44,0.39,0.6697858791230648,2018-03-28
-19.16,-7.87,0.51,0.4420842018070267,2018-03-29
-22.7,-12.16,0.0,0.3087252050610511,2018-03-30
-22.06,-9.79,0.0,0.403973580949966,2018-03-31
-18.89,-5.37,0.0,0.5821056557670188,2018-04-01
-20.29,-4.95,0.0,0.5994879467524945,2018-04-02
-17.19,-4.07,0.0,0.6404775780265031,2018-04-03
-18.19,-2.65,0.0,0.7116120083828583,2018-04-04
-18.54,-9.25,0.0,0.3827886171187768,2018-04-05
-23.44,-9.07,0.0,0.4480130512402126,2018-04-06
-21.22,-5.3,0.0,0.6007707161782154,2018-04-07
-12.89,-2.83,0.0,0.6818211335380236,2018-04-08
-7.86,0.87,0.0,0.834421945048858,2018-04-09
-10.21,6.65,0.0,1.3161237145110425,2018-04-10
-3.32,1.39,0.72,0.5392727043219697,2018-04-11
-5.67,-1.03,0.0,0.4573416330799503,2018-04-12
-5.9,0.65,0.0,0.7481668196340038,2018-04-13
-3.55,6.75,0.0,1.360538004327423,2018-04-14
-3.41,8.2,0.0,1.4929569492090633,2018-04-15
-1.38,4.3,2.77,0.6381456771140847,2018-04-16
-2.22,1.22,4.74,0.2542156777342423,2018-04-17
-5.12,9.31,0.0,1.560554272136416,2018-04-18
-1.43,11.76,0.0,1.738096700789678,2018-04-19
0.0,17.55,0.0,2.1069939312186037,2018-04-20
1.38,18.64,0.0,2.188614972826066,2018-04-21
2.42,13.18,0.0,1.7867569919300754,2018-04-22
-0.49,13.3,0.0,1.8440571960404055,2018-04-23
-0.98,19.97,0.0,2.2379966117576107,2018-04-24
3.11,17.27,0.0,2.1090490210219635,2018-04-25
-0.51,21.65,0.0,2.345174371048153,2018-04-26
-0.43,15.97,0.0,2.0161766340943257,2018-04-27
1.87,26.22,0.0,2.646743982232425,2018-04-28
6.4,20.17,0.0,2.2113550009605754,2018-04-29
0.7,11.21,0.0,1.502622211041808,2018-04-30
-2.72,16.69,0.0,1.9698750470669044,2018-05-01
0.9,18.24,0.0,2.1045042183767677,2018-05-02
5.36,21.34,0.0,2.319929465318919,2018-05-03
4.38,23.82,0.0,2.483343807386656,2018-05-04
5.19,24.35,0.0,2.5212337278111088,2018-05-05
4.63,27.09,0.0,2.6837187659166215,2018-05-06
11.15,26.19,0.0,2.618975600533659,2018-05-07
8.39,16.41,6.67,1.3753746745528872,2018-05-08
2.79,12.81,0.0,1.5715585303913429,2018-05-09
2.37,10.15,3.45,0.9394178473233584,2018-05-10
4.05,10.0,1.62,0.90200163072823,2018-05-11
2.55,18.68,0.0,2.167495502902414,2018-05-12
6.3,25.89,0.0,2.6543316105660573,2018-05-13
3.65,24.4,0.0,2.5438837700854906,2018-05-14
11.22,31.25,0.0,2.9997279073914527,2018-05-15
9.77,26.8,0.0,2.6924424334981216,2018-05-16
7.05,14.08,4.36,0.9118246388083332,2018-05-17
3.46,17.82,0.0,2.0588369869080645,2018-05-18
2.46,21.39,0.0,2.345103552211186,2018-05-19
2.86,24.6,0.0,2.5584771569688693,2018-05-20
10.63,29.78,0.0,2.9117244701406273,2018-05-21
10.08,26.51,0.0,2.671992679486201,2018-05-22
9.51,28.77,3.95,2.5992807213351057,2018-05-23
11.73,26.37,2.39,2.2080612996085542,2018-05-24
10.51,26.88,0.0,2.7029422263608613,2018-05-25
10.1,29.32,2.55,2.569657491836406,2018-05-26
9.53,25.15,0.0,2.5783962068687627,2018-05-27
9.62,30.06,0.0,2.966830146334692,2018-05-28
12.89,26.81,0.0,2.6045888908855437,2018-05-29
10.04,22.24,6.71,1.7480892509949002,2018-05-30
8.28,13.73,0.0,0.7208205728669957,2018-05-31
7.95,13.61,9.11,0.5497347671402968,2018-06-01
6.79,18.12,0.0,1.7561458791509,2018-06-02
7.53,23.69,0.0,2.5558911772825437,2018-06-03
10.0,27.36,4.12,2.448855111751888,2018-06-04
9.57,20.75,0.0,2.04174882342701,2018-06-05
6.66,26.36,0.0,2.771340466860703,2018-06-06
8.54,26.89,0.0,2.798123762177743,2018-06-07
12.56,24.55,0.0,2.3351447255270057,2018-06-08
12.81,30.12,0.0,2.982063001257349,2018-06-09
13.22,23.86,0.0,2.103079383587164,2018-06-10
6.02,17.72,0.0,1.8490665918773264,2018-06-11
7.25,21.46,0.0,2.2994487944611257,2018-06-12
7.53,25.3,0.0,2.6934714912646216,2018-06-13
9.06,22.96,1.42,2.4107531622134992,2018-06-14
8.89,23.3,0.0,2.454780077486322,2018-06-15
7.39,20.92,0.0,2.2519668053595883,2018-06-16
7.82,25.19,0.0,2.6850275537442747,2018-06-17
8.75,26.99,0.0,2.813768064026339,2018-06-18
11.05,26.47,0.0,2.743792608170916,2018-06-19
10.43,28.99,0.0,2.9535799568115735,2018-06-20
12.25,29.18,0.0,2.9423949339292257,2018-06-21
14.17,27.84,0.0,2.780889521692077,2018-06-22
12.66,26.28,9.35,2.2538818719650733,2018-06-23
14.88,25.73,0.0,2.2818843954245436,2018-06-24
14.19,29.4,0.0,2.927662119104206,2018-06-25
12.29,24.71,0.0,2.418444632643999,2018-06-26
7.11,25.3,0.0,2.7207367448978053,2018-06-27
7.58,24.07,0.0,2.619712512906515,2018-06-28
10.43,22.74,0.0,2.2863846093973503,2018-06-29
11.87,24.67,5.54,1.9742813116360391,2018-06-30
10.78,20.56,5.51,1.376733316648904,2018-07-01
8.62,22.51,3.78,1.805742735252464,2018-07-02
6.44,20.51,8.05,1.677518806777932,2018-07-03
10.22,18.83,4.68,1.0182485831395327,2018-07-04
8.08,24.62,0.0,2.3671405567230432,2018-07-05
14.27,32.7,0.0,2.953719363821526,2018-07-06
14.11,29.81,0.0,2.6319060961285614,2018-07-07
10.62,24.31,0.0,2.1595086167940067,2018-07-08
9.35,27.86,0.0,2.643716130010217,2018-07-09
12.96,28.66,5.74,2.061848455909709,2018-07-10
14.19,25.22,0.0,1.8406818188259668,2018-07-11
14.35,28.84,0.0,2.3940272681135792,2018-07-12
13.81,31.73,0.0,2.781062172695405,2018-07-13
12.13,21.14,0.0,1.3784654991566,2018-07-14
8.64,25.09,0.0,2.3068945653769477,2018-07-15
6.84,25.88,0.0,2.463966543359098,2018-07-16
10.42,33.64,0.0,3.08394191229122,2018-07-17
15.77,30.79,0.0,2.5632176517393574,2018-07-18
13.89,27.82,0.0,2.312722930501598,2018-07-19
13.03,29.29,0.0,2.570986217859851,2018-07-20
15.0,26.98,0.0,2.063489230631594,2018-07-21
10.89,23.04,0.0,1.8912657750786237,2018-07-22
9.48,23.31,0.0,2.04868681193096,2018-07-23
8.39,23.1,1.82,2.0843457795880465,2018-07-24
9.12,21.52,0.0,1.7969498343587291,2018-07-25
6.79,23.22,0.0,2.153889430367458,2018-07-26
9.66,23.67,0.0,2.0354474254835964,2018-07-27
8.96,26.71,0.0,2.418108893957029,2018-07-28
8.86,29.38,0.0,2.6522331073022496,2018-07-29
11.63,32.22,0.0,2.812031874767143,2018-07-30
11.83,24.21,0.0,1.8415827914896143,2018-07-31
7.96,27.99,0.0,2.5043323606169934,2018-08-01
14.67,30.62,4.09,1.9817890505326776,2018-08-02
13.21,28.75,3.22,1.8298862101395716,2018-08-03
13.19,22.95,2.24,1.0315096284391922,2018-08-04
13.14,23.43,2.66,1.102939122439239,2018-08-05
10.88,29.45,0.0,2.398668810181769,2018-08-06
12.67,30.94,0.0,2.4956912069289983,2018-08-07
11.6,29.81,0.0,2.422193656187105,2018-08-08
13.14,33.61,0.0,2.7331881512782106,2018-08-09
14.23,38.7,0.0,3.1051026065426983,2018-08-10
15.1,34.21,0.0,2.663477064865465,2018-08-11
12.79,22.75,0.0,1.3247851670642343,2018-08-12
8.39,17.03,0.0,0.9506299836235108,2018-08-13
3.9,28.04,0.0,2.409728639191244,2018-08-14
11.21,28.52,0.0,2.233403067526984,2018-08-15
9.69,27.62,0.0,2.248328356185492,2018-08-16
10.2,32.04,0.0,2.6163713590569873,2018-08-17
10.61,24.46,0.0,1.786004254127216,2018-08-18
3.86,23.75,0.0,2.039166776324032,2018-08-19
5.21,23.02,0.0,1.9128574344409932,2018-08-20
5.46,26.93,0.0,2.234668733631446,2018-08-21
9.6,30.43,0.0,2.4339432525696365,2018-08-22
8.83,27.66,0.0,2.2076734370120463,2018-08-23
8.24,20.01,0.0,1.3368313596997314,2018-08-24
7.44,18.94,0.0,1.2815867796500755,2018-08-25
7.87,17.32,3.15,0.7929562923448208,2018-08-26
7.88,13.19,4.68,0.4482644866047965,2018-08-27
6.29,18.51,0.0,1.2761008880010107,2018-08-28
6.44,26.78,0.0,2.16502183778956,2018-08-29
9.86,22.37,1.01,1.489866632618376,2018-08-30
7.51,19.93,0.0,1.4452365060918992,2018-08-31
6.73,19.61,0.0,1.458476863821785,2018-09-01
3.56,20.11,0.0,1.6748234845810424,2018-09-02
4.84,21.43,0.0,1.7666659932960072,2018-09-03
2.74,14.48,0.0,1.118599860532145,2018-09-04
-0.34,21.53,0.0,1.8525400706369557,2018-09-05
3.39,23.95,0.0,1.9774347292364116,2018-09-06
7.1,24.26,0.0,1.884825539141646,2018-09-07
11.12,26.99,0.0,1.9461055354459909,2018-09-08
8.09,21.65,0.0,1.5358114660767064,2018-09-09
3.6,21.11,0.0,1.6946117162235803,2018-09-10
6.27,16.76,0.0,1.0437572122158567,2018-09-11
4.57,14.06,5.15,0.6935980195431493,2018-09-12
3.95,11.26,0.0,0.5793397511648802,2018-09-13
1.62,8.58,0.0,0.5118424666933379,2018-09-14
5.0,11.5,3.84,0.4837099532490828,2018-09-15
6.2,9.12,7.56,0.230219815057301,2018-09-16
3.29,11.95,0.39,0.6807098301130525,2018-09-17
3.86,11.15,0.0,0.5848190158102682,2018-09-18
2.31,14.56,0.0,0.9990998579072206,2018-09-19
3.3,11.2,0.0,0.6249636965576868,2018-09-20
0.77,6.8,3.67,0.3977759668980917,2018-09-21
-0.83,0.86,8.34,0.1102207844139429,2018-09-22
-0.52,3.35,0.45,0.2717449762432971,2018-09-23
-0.48,12.44,0.92,0.93192077128947,2018-09-24
1.15,13.34,0.82,0.9134690017743344,2018-09-25
3.4,15.98,0.0,1.0080767405178612,2018-09-26
-1.49,8.45,0.0,0.6543722772670315,2018-09-27
-3.97,8.18,0.0,0.7223437420071965,2018-09-28
-2.05,6.52,0.0,0.5508203608583437,2018-09-29
-7.67,3.76,0.85,0.6014234659722384,2018-09-30
-2.46,4.57,2.0,0.4002959924198427,2018-10-01
-1.8,2.96,2.26,0.2771327735113749,2018-10-02
-2.86,5.27,0.0,0.5043270464933995,2018-10-03
-5.89,5.02,0.0,0.5901770745135783,2018-10-04
-3.38,8.53,0.0,0.7470124793557821,2018-10-05
-4.86,11.6,0.0,0.9721128393244052,2018-10-06
-2.58,12.91,0.0,1.004994303726245,2018-10-07
-2.83,0.66,0.0,0.2131725611501457,2018-10-08
-4.42,1.06,0.0,0.3145132731727979,2018-10-09
-7.62,4.18,0.0,0.5854308412630964,2018-10-10
-9.04,6.28,0.0,0.7157595123634437,2018-10-11
-4.44,7.11,9.04,0.5851793688901866,2018-10-12
-5.8,-1.58,0.0,0.2204786952479911,2018-10-13
-9.96,3.79,0.0,0.5847117481578739,2018-10-14
-0.88,12.91,0.0,0.8508385030250308,2018-10-15
-0.77,10.6,0.0,0.694811945502635,2018-10-16
-1.3,21.02,0.0,1.3078222200989218,2018-10-17
2.14,18.97,0.0,1.1114861214099394,2018-10-18
-3.21,12.88,0.0,0.8571010373655756,2018-10-19
-7.12,16.77,0.0,1.0883482404212983,2018-10-20
-1.62,14.16,0.0,0.8749965060270153,2018-10-21
-6.1,11.09,0.0,0.8005377636832707,2018-10-22
-4.14,15.69,0.0,0.9808507423717796,2018-10-23
-1.84,18.86,0.0,1.1014716390377666,2018-10-24
-0.53,14.94,0.0,0.8625031181989071,2018-10-25
-2.33,12.05,0.0,0.7523775409949577,2018-10-26
-0.85,12.61,0.0,0.7374367942471766,2018-10-27
-5.33,9.09,0.0,0.6667214555738318,2018-10-28
0.12,9.13,0.0,0.505008820294421,2018-10-29
-1.77,7.04,0.0,0.4586295859087121,2018-10-30
-3.33,10.01,0.0,0.6552811574616967,2018-10-31
-2.75,3.66,2.11,0.2981514308780233,2018-11-01
-2.63,-0.62,3.65,0.1,2018-11-02
-4.87,0.9,0.0,0.2568230444077855,2018-11-03
-2.9,3.17,3.43,0.2782925756797376,2018-11-04
-8.46,-1.67,1.67,0.2633823546033496,2018-11-05
-13.1,-8.65,0.0,0.1331545874087916,2018-11-06
-13.23,-10.17,0.0,0.1,2018-11-07
-17.93,-9.91,0.0,0.1870362913510063,2018-11-08
-21.76,-4.17,2.41,0.3394952122747598,2018-11-09
-9.92,-4.09,1.01,0.2051160253105431,2018-11-10
-11.56,-7.04,0.0,0.1442787587541198,2018-11-11
-15.86,-4.53,0.0,0.3021576966158444,2018-11-12
-8.87,4.53,0.0,0.5098263898771932,2018-11-13
-2.2,5.6,0.0,0.3848637879696099,2018-11-14
-2.43,3.62,0.0,0.2936466602382692,2018-11-15
-17.43,-5.95,0.0,0.2777140020430825,2018-11-16
-19.92,-6.25,0.0,0.2904024026130855,2018-11-17
-11.78,-6.86,0.9,0.1530415350963143,2018-11-18
-13.92,0.95,0.0,0.4412887300388499,2018-11-19
-5.81,2.38,0.0,0.3470685420694468,2018-11-20
-5.74,1.54,0.0,0.3090576195377503,2018-11-21
-2.49,5.56,0.0,0.3914624698192971,2018-11-22
-5.46,3.2,0.0,0.3733060779316712,2018-11-23
-8.3,-5.65,0.0,0.1,2018-11-24
-8.7,-5.34,0.0,0.1224172899613548,2018-11-25
-7.57,-3.84,0.0,0.1442149411942318,2018-11-26
-5.35,-1.22,0.0,0.177704589901109,2018-11-27
-6.89,-3.19,0.0,0.1475420696557457,2018-11-28
-6.3,-0.86,0.0,0.2245769163365726,2018-11-29
-8.65,-3.19,0.0,0.2021980402711412,2018-11-30
-7.77,-4.97,4.75,0.1008978126455234,2018-12-01
-8.98,-4.45,0.0,0.1635763541231455,2018-12-02
-13.3,-5.02,0.0,0.2422858839443294,2018-12-03
-13.81,-6.43,1.27,0.2084328918379565,2018-12-04
-14.23,-6.99,0.8,0.1992302356359403,2018-12-05
-15.0,-8.8,0.0,0.162100706074412,2018-12-06
-19.06,-7.72,0.0,0.240168751054766,2018-12-07
-18.16,-7.09,0.0,0.2463918451112724,2018-12-08
-15.07,-3.13,0.0,0.317225874206047,2018-12-09
-13.94,0.77,0.0,0.4176551601766862,2018-12-10
-8.6,0.59,0.0,0.3332523088863308,2018-12-11
-5.62,0.55,0.0,0.2545200852244165,2018-12-12
-9.86,2.58,0.0,0.4266440063411408,2018-12-13
-8.35,5.09,0.0,0.4936224563476134,2018-12-14
-2.85,4.52,0.0,0.3404838472709003,2018-12-15
-12.4,-4.06,0.0,0.2490361284601638,2018-12-16
-8.44,4.69,0.0,0.4795918897897329,2018-12-17
-4.76,4.32,0.0,0.3878373100725656,2018-12-18
-4.04,2.46,0.0,0.285966011995208,2018-12-19
-7.96,2.23,0.0,0.3791878107017423,2018-12-20
-4.42,3.21,0.0,0.3308883526402176,2018-12-21
-8.84,-4.72,0.0,0.1440829686234179,2018-12-22
-15.85,-5.72,2.38,0.2439106335339425,2018-12-23
-15.94,-9.18,1.74,0.1646663606977682,2018-12-24
-17.38,-9.83,0.0,0.1699917406941483,2018-12-25
-14.31,-6.82,0.0,0.2006201055674412,2018-12-26
-19.64,-9.43,1.32,0.2043749732339254,2018-12-27
-19.08,-5.44,0.0,0.2895296404519313,2018-12-28
-12.75,-3.62,1.38,0.2672566286780183,2018-12-29
-19.28,-11.03,0.83,0.1657889074183159,2018-12-30
-27.15,-15.58,0.0,0.1437052304694316,2018-12-31
-24.61,-1.9,0.0,0.3779177152568312,2019-01-01
-9.61,3.95,0.0,0.4688879669140703,2019-01-02
-5.28,3.76,0.0,0.3726085698322057,2019-01-03
-7.94,2.13,0.0,0.3717806893628336,2019-01-04
-6.79,-3.08,0.0,0.1391728573837853,2019-01-05
-6.32,1.37,0.0,0.3027237597265875,2019-01-06
-13.49,-3.11,1.05,0.2941217851800185,2019-01-07
-21.34,-14.85,0.0,0.111590156995116,2019-01-08
-22.69,-8.6,0.5,0.2435878528447518,2019-01-09
-14.62,-7.82,0.0,0.1768040800476237,2019-01-10
-17.04,-9.15,0.0,0.1809986422479697,2019-01-11
-13.95,0.05,0.0,0.4002117619512846,2019-01-12
-11.92,-0.67,0.0,0.3524162037252856,2019-01-13
-11.53,-1.56,0.0,0.3173588886345948,2019-01-14
-17.48,-5.68,0.0,0.2773222142449102,2019-01-15
-18.62,-13.99,0.67,0.1,2019-01-16
-24.94,-16.18,0.0,0.1254457758293508,2019-01-17
-27.62,-18.06,0.0,0.115257252097483,2019-01-18
-21.43,-15.52,3.01,0.1,2019-01-19
-19.08,-10.51,0.0,0.1811701940619913,2019-01-20
-17.96,-6.07,0.0,0.2777103376746069,2019-01-21
-15.05,-3.18,0.0,0.3272989793793139,2019-01-22
-21.78,-5.47,0.0,0.3176945965479392,2019-01-23
-28.28,-9.28,0.0,0.2520008306014141,2019-01-24
-21.16,-4.41,0.0,0.3420800146399909,2019-01-25
-11.49,0.08,1.97,0.3888963270939524,2019-01-26
-7.59,3.63,1.91,0.4542516327101704,2019-01-27
-22.12,-11.09,0.0,0.2045830186884696,2019-01-28
-29.6,-20.41,0.0,0.1,2019-01-29
-23.56,-11.2,0.51,0.2138545515412498,2019-01-30
-15.4,-0.8,0.0,0.4176460455519166,2019-01-31
-19.25,-8.96,0.0,0.2322119857409413,2019-02-01
-22.54,-16.76,1.96,0.1010986609974072,2019-02-02
-25.59,-22.15,0.55,0.1,2019-02-03
-26.16,-22.71,2.8,0.1,2019-02-04
-32.96,-22.86,0.0,0.1,2019-02-05
-36.45,-25.88,0.0,0.1,2019-02-06
-37.49,-24.56,0.0,0.1,2019-02-07
-36.63,-24.86,0.0,0.1,2019-02-08
-33.28,-23.47,0.0,0.1,2019-02-09
-31.76,-21.58,0.0,0.1025316002494899,2019-02-10
-28.4,-17.66,1.61,0.1408081868152854,2019-02-11
-31.66,-20.26,0.11,0.1192221542177307,2019-02-12
-28.51,-20.42,0.0,0.1029195489825823,2019-02-13
-32.43,-19.87,0.0,0.1274526389134342,2019-02-14
-32.44,-17.96,1.63,0.1507096801482498,2019-02-15
-21.57,-14.57,3.91,0.1333658908845488,2019-02-16
-20.48,-15.15,1.1,0.1161753802150392,2019-02-17
-26.64,-17.75,0.0,0.1347815275702671,2019-02-18
-28.63,-11.31,0.0,0.2501572026937018,2019-02-19
-22.91,-8.69,1.12,0.2937073964894974,2019-02-20
-23.78,-12.41,0.0,0.2184788719028585,2019-02-21
-27.06,-11.39,0.0,0.2527735204415393,2019-02-22
-23.57,-14.06,0.42,0.1857074034516734,2019-02-23
-31.02,-20.54,0.0,0.1232605761456075,2019-02-24
-33.01,-18.69,0.0,0.1522223541602247,2019-02-25
-29.53,-16.83,0.0,0.1727426946861972,2019-02-26
-21.85,-8.36,0.0,0.3361347649836834,2019-02-27
-17.52,-8.48,0.0,0.2772479254646031,2019-02-28
-26.64,-16.88,0.0,0.1618015035564808,2019-03-01
-33.07,-20.81,0.0,0.1311331486406313,2019-03-02
-26.24,-16.1,0.0,0.1763294593106474,2019-03-03
-21.88,-10.92,0.0,0.2707043492498375,2019-03-04
-18.14,-8.78,0.0,0.2990225624739308,2019-03-05
-25.43,-13.54,0.0,0.2256668571836118,2019-03-06
-23.67,-8.88,0.0,0.3562555209781863,2019-03-07
-16.8,-5.19,0.0,0.4594894296920533,2019-03-08
-15.69,-5.32,0.0,0.4410088872323643,2019-03-09
-21.52,-6.5,0.0,0.4456145470073725,2019-03-10
-16.54,1.46,0.0,0.7803972340788016,2019-03-11
-3.71,3.4,0.0,0.6576912681182205,2019-03-12
-5.46,2.54,0.0,0.7055235002862723,2019-03-13
-9.66,1.35,0.0,0.781848023125738,2019-03-14
-11.57,2.81,0.0,0.9100146470033372,2019-03-15
-8.9,3.5,0.0,0.945245201397423,2019-03-16
-10.77,4.15,0.0,1.0081875569793903,2019-03-17
-3.43,5.02,0.0,0.9103889571186248,2019-03-18
-3.51,9.48,0.0,1.3586959827127827,2019-03-19
-2.19,13.18,0.0,1.6030416169734856,2019-03-20
-1.77,11.52,0.0,1.5215963996855804,2019-03-21
-1.85,14.1,0.0,1.6682051776895934,2019-03-22
-1.81,12.65,0.0,1.5939968040826742,2019-03-23
-4.52,3.62,0.0,0.864506177171575,2019-03-24
-7.18,4.29,0.0,1.100070924767003,2019-03-25
-1.16,16.35,0.0,1.82022245107504,2019-03-26
-1.38,5.62,0.0,0.972625800774254,2019-03-27
-6.09,7.22,0.0,1.3075703895133757,2019-03-28
-4.51,4.56,0.0,1.0831613943445708,2019-03-29
-5.88,14.1,0.0,1.6643361803885728,2019-03-30
-4.85,5.14,0.0,1.164822591819483,2019-03-31
-3.43,8.71,1.49,1.41354885751502,2019-04-01
-5.97,4.65,0.0,1.1467351792093294,2019-04-02
-7.9,11.39,0.0,1.5214886184685696,2019-04-03
-1.22,13.22,0.0,1.695784129607234,2019-04-04
-4.07,8.32,0.0,1.402061011237552,2019-04-05
0.81,8.96,1.04,1.335702895198041,2019-04-06
0.33,16.86,0.0,1.9403394821271287,2019-04-07
-2.91,16.5,0.0,1.886725973014243,2019-04-08
-4.63,9.59,0.0,1.4909940707267633,2019-04-09
-5.48,8.95,0.0,1.457299385704566,2019-04-10
-7.48,7.76,0.0,1.3793447096515892,2019-04-11
-8.35,9.87,0.0,1.4789156091470186,2019-04-12
-4.86,15.13,0.0,1.807925764006223,2019-04-13
3.49,16.58,0.0,1.939131104525589,2019-04-14
-0.83,13.83,0.0,1.7758698359448146,2019-04-15
-4.03,13.46,0.0,1.7406426340295458,2019-04-16
0.18,15.33,0.0,1.820862642958286,2019-04-17
-0.55,17.39,0.0,1.9463713612921432,2019-04-18
5.86,20.69,0.0,2.1664815591056312,2019-04-19
3.36,17.3,0.0,1.9536992153090476,2019-04-20
-1.79,14.61,0.0,1.788639174753829,2019-04-21
-1.28,21.17,0.0,2.1711797761423495,2019-04-22
6.63,20.34,0.0,2.144135129832349,2019-04-23
0.65,17.56,0.0,1.9865326134031749,2019-04-24
-2.1,12.65,0.0,1.6758192150871782,2019-04-25
-4.07,11.08,0.0,1.5746668035127365,2019-04-26
-1.64,10.19,7.98,1.4085139214566902,2019-04-27
-4.94,2.95,4.49,0.7221573013893577,2019-04-28
-9.17,5.93,0.0,1.2706474484428425,2019-04-29
-5.01,9.14,2.59,1.2849276860513243,2019-04-30
-7.05,9.34,0.58,1.5282035891267922,2019-05-01
-3.25,10.76,0.0,1.5757380947511066,2019-05-02
-4.62,11.53,0.0,1.6273147925730993,2019-05-03
-4.24,8.39,0.0,1.4343815046143538,2019-05-04
-7.31,6.47,0.0,1.322704500314401,2019-05-05
-6.72,11.86,0.0,1.6342947026785015,2019-05-06
0.16,15.0,0.0,1.867153166442043,2019-05-07
-4.75,12.44,0.0,1.696757851969236,2019-05-08
1.05,14.42,0.0,1.8290210038033416,2019-05-09
3.84,18.57,2.03,1.9469396985336476,2019-05-10
1.95,16.27,0.0,1.965165326597196,2019-05-11
2.76,24.41,0.0,2.5180787854665083,2019-05-12
4.69,20.58,0.0,2.2709975926190427,2019-05-13
2.25,21.6,0.0,2.344774830186322,2019-05-14
5.71,19.02,0.0,2.1393852498663226,2019-05-15
-0.6,15.06,0.0,1.9072841889131575,2019-05-16
0.2,16.21,0.0,1.9884533499705304,2019-05-17
0.89,14.28,0.0,1.850252752610406,2019-05-18
-2.26,15.56,0.0,1.9466376212568888,2019-05-19
-0.6,18.63,0.0,2.1561550375689102,2019-05-20
1.51,20.09,0.0,2.2663804242205576,2019-05-21
4.0,23.25,0.0,2.4934540569717227,2019-05-22
4.89,23.66,0.0,2.522886816264158,2019-05-23
4.64,22.5,0.0,2.4437056750258095,2019-05-24
4.92,14.74,3.25,1.6877939325736435,2019-05-25
0.6,18.72,0.0,2.186470016569832,2019-05-26
2.09,21.72,0.0,2.3925630343616784,2019-05-27
6.23,27.24,0.0,2.772889980343715,2019-05-28
10.02,30.03,0.0,2.955762307524457,2019-05-29
10.81,32.01,0.0,3.086592750074928,2019-05-30
5.63,21.17,0.0,2.330884313334243,2019-05-31
6.07,24.46,0.0,2.57794913384318,2019-06-01
10.77,32.85,0.0,3.1476588811756385,2019-06-02
9.15,33.98,0.0,3.2160080410318437,2019-06-03
11.33,24.89,0.0,2.5066171215091604,2019-06-04
9.72,24.65,0.0,2.535806009559804,2019-06-05
12.85,26.17,0.0,2.5800435315135815,2019-06-06
8.66,21.67,0.0,2.309977776119966,2019-06-07
3.41,16.97,0.0,2.0282630879226557,2019-06-08
4.19,19.67,0.0,2.2349683849160566,2019-06-09
3.26,23.81,0.0,2.5429773696075815,2019-06-10
6.71,21.24,2.5,2.136384137965139,2019-06-11
6.51,24.6,1.08,2.5975422912635686,2019-06-12
8.81,29.13,0.0,2.9168019151767015,2019-06-13
11.7,23.35,2.84,2.1942749945725057,2019-06-14
10.02,19.83,7.22,1.9156293849563943,2019-06-15
8.89,17.03,2.74,1.3743478386817822,2019-06-16
5.99,21.88,0.0,2.403283196520645,2019-06-17
8.36,26.44,0.0,2.7337283646687647,2019-06-18
10.61,22.42,28.57,2.0545180404977637,2019-06-19
7.98,14.24,9.12,0.6059833053408034,2019-06-20
6.35,16.13,22.48,1.0734322753388117,2019-06-21
11.12,14.91,12.22,0.4073958881634076,2019-06-22
9.64,21.77,2.31,1.352122757106821,2019-06-23
9.04,20.65,0.0,1.5881610396750234,2019-06-24
9.28,21.23,0.0,1.6636604127772452,2019-06-25
8.05,23.73,0.0,2.1101640562488413,2019-06-26
11.46,24.87,14.42,1.5981507813864415,2019-06-27
13.93,22.95,4.74,1.0257090534569375,2019-06-28
13.46,24.71,0.0,1.684063363475515,2019-06-29
9.51,22.17,0.0,1.7420785542133916,2019-06-30
8.92,27.07,5.2,1.944947197857385,2019-07-01
5.57,20.47,0.0,1.8191914723192075,2019-07-02
8.14,20.23,0.0,1.615367088035122,2019-07-03
7.97,20.45,0.0,1.6612957426197748,2019-07-04
11.25,20.1,0.0,1.2253513659483142,2019-07-05
11.35,25.15,0.0,2.0114319701421377,2019-07-06
13.95,27.43,0.0,2.079549200761596,2019-07-07
13.81,23.58,0.0,1.4819625109960748,2019-07-08
11.5,22.8,0.0,1.6638979035934711,2019-07-09
9.5,26.01,0.0,2.2422874882541475,2019-07-10
13.88,24.36,0.0,1.6314793023282914,2019-07-11
10.27,24.29,0.0,2.002295747776645,2019-07-12
12.27,29.12,8.61,1.966262985584854,2019-07-13
14.28,27.36,12.76,1.5808872256636946,2019-07-14
12.82,24.79,0.0,1.7192900085352278,2019-07-15
11.2,19.2,14.9,0.8977122683931134,2019-07-16
12.11,22.81,4.27,1.200090627968616,2019-07-17
11.17,25.17,2.29,1.484993465590898,2019-07-18
9.45,17.54,4.77,0.8801858793543346,2019-07-19
10.15,22.23,0.0,1.53067552059878,2019-07-20
10.87,24.48,0.0,1.7437294958320988,2019-07-21
10.77,27.01,0.0,2.014338725546293,2019-07-22
14.32,29.55,0.0,2.0248371341203435,2019-07-23
15.68,29.92,6.68,1.5795318010152777,2019-07-24
10.94,20.0,5.63,0.9777629169278786,2019-07-25
12.12,25.27,0.0,1.637934023410183,2019-07-26
12.44,31.4,0.0,2.2907958833129363,2019-07-27
9.55,21.42,0.0,1.385981148160381,2019-07-28
5.66,24.49,0.0,1.9514249675234785,2019-07-29
12.05,29.59,0.0,2.118728600917434,2019-07-30
12.3,26.34,0.0,1.7365882656846314,2019-07-31
14.13,32.43,0.0,2.256641166262316,2019-08-01
16.13,34.17,0.0,2.278827569058123,2019-08-02
16.0,28.28,0.0,1.564052163316126,2019-08-03
10.26,25.88,0.0,1.785973673572934,2019-08-04
10.56,28.77,0.0,2.0505663814968536,2019-08-05
10.72,22.37,1.25,1.3230002803811254,2019-08-06
5.39,22.0,0.0,1.6391871931346311,2019-08-07
6.94,24.47,0.0,1.7832440820196849,2019-08-08
10.79,26.5,3.38,1.4942303798649483,2019-08-09
8.9,20.17,0.0,1.2061806657054308,2019-08-10
7.94,22.34,6.44,1.2988021870593247,2019-08-11
10.33,15.87,13.22,0.5504303456904778,2019-08-12
7.17,20.99,0.0,1.3899173063597476,2019-08-13
9.82,24.14,0.0,1.5102491581701627,2019-08-14
10.11,25.36,0.0,1.5898753395477732,2019-08-15
10.86,20.4,0.0,1.052778531342197,2019-08-16
5.19,17.87,0.0,1.201093444098415,2019-08-17
4.12,21.27,0.0,1.5162859477936823,2019-08-18
4.95,21.54,0.0,1.495143412548252,2019-08-19
3.85,22.78,0.0,1.6186584049650048,2019-08-20
6.34,26.37,0.0,1.7881138153930445,2019-08-21
12.29,25.51,2.85,1.2568580684349688,2019-08-22
9.71,21.17,0.0,1.1726007525053106,2019-08-23
11.94,28.52,7.68,1.5088833500974803,2019-08-24
11.46,21.35,12.53,0.9333476188097533,2019-08-25
8.87,19.58,0.0,1.068649719427506,2019-08-26
8.3,19.52,0.0,1.0977460320916397,2019-08-27
6.9,22.78,0.93,1.4537858069996457,2019-08-28
5.75,19.82,0.0,1.26639493985006,2019-08-29
6.02,19.67,0.0,1.235725546004151,2019-08-30
7.59,21.33,1.53,1.2871253179037292,2019-08-31
9.16,21.61,2.27,1.089380819407862,2019-09-01
10.43,21.87,1.49,1.151137026364837,2019-09-02
7.21,25.03,0.0,1.5775574238625378,2019-09-03
10.27,23.67,2.83,1.1801099190198532,2019-09-04
8.05,22.74,0.0,1.3510629422821312,2019-09-05
5.5,21.42,0.0,1.3591487104423616,2019-09-06
7.38,22.02,0.0,1.316061375573636,2019-09-07
6.7,20.8,0.0,1.2470255721434724,2019-09-08
8.53,13.05,13.85,0.3892588611265117,2019-09-09
7.88,10.63,14.18,0.2378066455621619,2019-09-10
8.44,13.6,3.34,0.4412073456776804,2019-09-11
7.58,14.96,0.0,0.6865990270059019,2019-09-12
4.44,23.71,0.0,1.5149384375913617,2019-09-13
9.03,23.25,0.0,1.29440996250976,2019-09-14
9.33,26.72,0.0,1.529968631069041,2019-09-15
9.32,30.68,0.0,1.7894293335661886,2019-09-16
12.89,24.93,0.77,1.177206202067448,2019-09-17
10.13,21.69,0.0,1.0735451160065057,2019-09-18
8.03,20.71,0.0,1.1132601057292988,2019-09-19
8.37,20.23,0.0,1.0549267016915005,2019-09-20
5.05,18.25,0.0,1.065066027284849,2019-09-21
5.43,24.3,0.0,1.4540418954901744,2019-09-22
8.71,20.25,0.0,1.017090039801477,2019-09-23
4.51,16.52,0.0,0.9436758423992684,2019-09-24
2.94,15.56,0.0,0.9385491738214912,2019-09-25
3.14,10.5,5.58,0.505539855925725,2019-09-26
1.75,7.27,3.71,0.361650973136005,2019-09-27
-0.33,4.51,0.0,0.3228254401834306,2019-09-28
-0.33,2.41,14.61,0.1674689526954806,2019-09-29
-0.6,1.46,4.71,0.1273359150941315,2019-09-30
-0.92,3.32,0.0,0.2778245022221954,2019-10-01
-4.28,8.25,0.0,0.7176233772038809,2019-10-02
-0.94,10.45,0.0,0.738987745827138,2019-10-03
1.65,12.06,0.0,0.7369416438577379,2019-10-04
-0.51,13.99,0.0,0.9264464483200776,2019-10-05
3.51,15.14,0.0,0.8554462178180723,2019-10-06
1.8,19.56,0.0,1.1736198500273802,2019-10-07
-2.1,6.9,1.66,0.5496826821593191,2019-10-08
-6.75,0.86,0.0,0.3791447615460048,2019-10-09
-7.46,2.93,0.0,0.4982467724041821,2019-10-10
-8.58,6.29,0.0,0.6702607050696024,2019-10-11
-8.87,7.25,0.0,0.7105010318845789,2019-10-12
-8.73,9.81,0.0,0.8155846508161172,2019-10-13
-0.84,4.53,0.45,0.3244015503717589,2019-10-14
-2.64,5.47,0.0,0.4604429823937086,2019-10-15
-0.87,13.66,0.0,0.8585263776820038,2019-10-16
1.97,18.93,0.0,1.0703975721348122,2019-10-17
-0.39,15.58,0.0,0.9385321113186677,2019-10-18
-0.85,13.9,0.0,0.8541086194422166,2019-10-19
-4.48,7.86,0.0,0.6277932123056994,2019-10-20
-6.69,9.48,0.0,0.7439225550868547,2019-10-21
-5.89,5.93,0.0,0.5625319744548175,2019-10-22
-4.7,3.23,1.44,0.3940030762237855,2019-10-23
-3.77,8.24,0.0,0.6159364712493153,2019-10-24
-0.12,17.15,0.0,0.979291829273165,2019-10-25
-5.94,1.13,1.04,0.3254089760746185,2019-10-26
-9.61,-2.75,2.89,0.2523360595199153,2019-10-27
-10.23,-4.86,3.37,0.1885270712187423,2019-10-28
-12.32,-5.52,0.0,0.230481833790148,2019-10-29
-17.08,0.41,0.0,0.4839292768439973,2019-10-30
-3.67,3.95,1.69,0.3807213233342746,2019-10-31
-2.64,4.91,0.0,0.3912970994504086,2019-11-01
-4.0,4.02,1.69,0.3928305615571822,2019-11-02
-4.22,1.6,0.0,0.278822827175728,2019-11-03
-12.71,-4.16,0.0,0.2776920173057798,2019-11-04
-13.83,-3.58,2.22,0.29803414082396,2019-11-05
-19.76,-7.97,0.0,0.2622381175073321,2019-11-06
-19.79,-3.13,0.0,0.3805343092299124,2019-11-07
-9.24,4.93,0.0,0.5459654849974613,2019-11-08
-12.37,-1.1,3.9,0.3495190066812064,2019-11-09
-20.62,-12.49,0.0,0.1613356630310024,2019-11-10
-23.36,-8.48,0.0,0.2652348340173018,2019-11-11
-15.84,-1.99,0.0,0.3790410705503283,2019-11-12
-12.36,0.85,0.0,0.4285097037455049,2019-11-13
-6.27,0.18,0.0,0.2691307527306519,2019-11-14
-4.86,4.07,0.0,0.3997136198081416,2019-11-15
-1.36,2.05,2.35,0.1644869455130765,2019-11-16
-3.22,6.45,2.31,0.4397009670821173,2019-11-17
-0.42,6.73,0.0,0.3779884168082301,2019-11-18
-3.96,0.79,0.0,0.2164904150078592,2019-11-19
-6.12,-0.69,0.0,0.2264539650116823,2019-11-20
-6.86,2.83,0.0,0.3951435812755611,2019-11-21
-6.23,6.57,0.0,0.5345999762228805,2019-11-22
-0.86,9.82,0.0,0.5375908878287717,2019-11-23
-1.68,4.34,2.2,0.2819863380996045,2019-11-24
-5.61,-0.76,0.91,0.1996384852810359,2019-11-25
-10.19,-2.98,0.0,0.2414885829409216,2019-11-26
-9.67,-5.36,0.0,0.1443438334351214,2019-11-27
-8.99,-6.43,7.42,0.1,2019-11-28
-12.75,-6.56,0.0,0.182991384892671,2019-11-29
-10.21,-7.72,0.0,0.1,2019-11-30
-13.29,-5.24,0.0,0.233291407292102,2019-12-01
-12.98,-1.73,0.0,0.335146020424698,2019-12-02
-7.8,3.6,0.0,0.433631979548557,2019-12-03
-9.12,-0.09,0.0,0.3205839687806579,2019-12-04
-12.49,-3.26,0.0,0.2773779256759049,2019-12-05
-11.88,-4.01,0.0,0.2420151420868095,2019-12-06
-11.62,-4.32,0.0,0.2271289517617714,2019-12-07
-21.35,-11.22,0.0,0.1839648091141223,2019-12-08
-24.36,-10.5,0.0,0.2140121142354069,2019-12-09
-27.22,-13.21,0.0,0.1785853359710678,2019-12-10
-25.62,-16.49,0.0,0.1230929509444084,2019-12-11
-19.64,-11.8,0.45,0.1544739560904017,2019-12-12
-22.9,-14.67,0.0,0.1320686596906088,2019-12-13
-24.75,-11.03,0.39,0.2052191263011326,2019-12-14
-18.02,-7.79,0.0,0.2258004763405288,2019-12-15
-15.97,-5.48,0.0,0.2602416151035314,2019-12-16
-14.42,-2.72,0.0,0.3175856193641202,2019-12-17
-9.1,1.0,0.0,0.3547250332223643,2019-12-18
-10.99,-2.94,0.0,0.2555174901805096,2019-12-19
-10.51,4.09,0.0,0.485005862192444,2019-12-20
-10.41,1.7,0.0,0.4011423690536194,2019-12-21
-7.49,-0.88,0.0,0.2463963248358222,2019-12-22
-7.15,-3.54,0.0,0.1349577395215799,2019-12-23
-7.64,-5.17,3.15,0.1,2019-12-24
-9.03,-2.74,0.0,0.2189893673909859,2019-12-25
-15.0,-6.19,0.0,0.22798787553844,2019-12-26
-14.18,-5.22,0.0,0.2425336406829976,2019-12-27
-15.51,-5.89,0.0,0.2430092415299082,2019-12-28
-18.8,-4.52,0.0,0.3089730122442167,2019-12-29
-15.7,-4.73,0.0,0.275928485581297,2019-12-30
-11.71,0.7,0.0,0.3876591253993583,2019-12-31
-7.12,-0.28,0.0,0.2620345513503982,2020-01-01
-7.69,-2.83,0.0,0.1797503386908367,2020-01-02
-12.1,-3.54,0.0,0.260258309508474,2020-01-03
-8.93,4.91,0.0,0.5002220398759397,2020-01-04
-10.11,-1.06,0.0,0.3060157149291233,2020-01-05
-14.22,-2.74,0.0,0.3190663220354762,2020-01-06
-23.07,-14.03,1.62,0.1457727019518666,2020-01-07
-18.54,-6.36,0.0,0.2687629008488729,2020-01-08
-24.1,-17.23,0.0,0.1013158611873139,2020-01-09
-29.61,-14.55,0.0,0.1676358067242403,2020-01-10
-18.39,-9.84,2.93,0.1783172101938689,2020-01-11
-25.89,-14.95,0.92,0.1513066203076055,2020-01-12
-30.28,-24.33,0.7,0.1,2020-01-13
-34.58,-27.29,0.0,0.1,2020-01-14
-36.07,-28.21,0.0,0.1,2020-01-15
-35.96,-19.85,0.0,0.1152030244124494,2020-01-16
-23.97,-19.34,1.68,0.1,2020-01-17
-28.44,-23.23,0.0,0.1,2020-01-18
-29.22,-15.93,0.0,0.1531753892040237,2020-01-19
-20.69,0.87,0.0,0.4659587075459915,2020-01-20
-9.93,2.35,0.0,0.4444003171040953,2020-01-21
-12.17,-2.27,0.0,0.3206925206468385,2020-01-22
-11.74,-2.72,0.0,0.2991329736166123,2020-01-23
-8.09,1.52,0.0,0.3823594363791352,2020-01-24
-5.91,1.07,0.0,0.3060463659051733,2020-01-25
-6.71,-2.89,0.0,0.1594765055743414,2020-01-26
-7.34,-1.06,2.19,0.2449209587387161,2020-01-27
-5.76,-1.9,0.0,0.1701902040995238,2020-01-28
-11.13,-2.25,2.71,0.2944700237013979,2020-01-29
-10.66,-0.13,0.0,0.3831470805578754,2020-01-30
-9.79,3.41,0.0,0.5029871714668055,2020-01-31
-5.53,6.98,0.0,0.5754187669438507,2020-02-01
-9.75,-0.58,0.0,0.3518611622221722,2020-02-02
-17.18,-7.89,0.0,0.242137998188779,2020-02-03
-18.91,-4.15,0.0,0.3593875136846148,2020-02-04
-12.64,-4.22,0.0,0.2838943006190321,2020-02-05
-13.3,-8.17,0.66,0.1643398862214314,2020-02-06
-12.58,-2.16,0.0,0.3597894700853323,2020-02-07
-13.02,-2.58,0.0,0.3542537686058413,2020-02-08
-13.39,-2.31,2.05,0.3469994397238796,2020-02-09
-9.71,-3.47,0.62,0.2508824018422155,2020-02-10
-13.56,-1.61,0.6,0.4037443271356237,2020-02-11
-29.84,-15.86,0.0,0.1746417917798524,2020-02-12
-28.55,-5.1,0.0,0.3529324269255123,2020-02-13
-12.7,-1.94,0.0,0.3824758300629968,2020-02-14
-18.63,-10.59,0.0,0.2041832392683034,2020-02-15
-15.59,-3.77,0.0,0.3666897359468082,2020-02-16
-21.24,-10.06,0.0,0.2488931325538254,2020-02-17
-29.88,-17.93,0.0,0.1502841688137727,2020-02-18
-29.43,-9.62,0.0,0.2795899538996445,2020-02-19
-16.64,1.21,0.0,0.6042738868267978,2020-02-20
-10.8,2.75,0.0,0.650734575627152,2020-02-21
-8.05,3.68,0.0,0.661688843918096,2020-02-22
-10.94,1.95,0.0,0.6236110541973957,2020-02-23
-10.95,-2.12,0.0,0.3785084702400288,2020-02-24
-17.55,-2.22,0.0,0.499403390287407,2020-02-25
-12.56,1.56,0.0,0.6403604988751604,2020-02-26
-7.32,4.78,0.0,0.7465608459950686,2020-02-27
-6.58,6.87,0.0,0.8853130957552212,2020-02-28
-5.61,6.3,1.01,0.8291342542609487,2020-02-29
-11.61,-0.3,0.0,0.5357779284929461,2020-03-01
-7.07,3.37,0.0,0.6625879618856448,2020-03-02
-5.9,3.51,0.0,0.6333433644451556,2020-03-03
-3.12,3.52,0.0,0.4576275859706529,2020-03-04
-6.9,4.24,0.0,0.7631345963192925,2020-03-05
-1.67,11.39,0.0,1.205270633470525,2020-03-06
-9.94,-1.41,0.67,0.4448006165246493,2020-03-07
-16.23,-8.13,0.0,0.2659107669056413,2020-03-08
-16.79,0.13,0.0,0.6679033030745771,2020-03-09
-11.1,4.84,0.0,0.9057307752531748,2020-03-10
-4.57,5.03,0.0,0.7699812631901576,2020-03-11
-9.6,-1.24,0.0,0.4681859870813235,2020-03-12
-16.88,-10.85,0.0,0.1922065779942106,2020-03-13
-17.22,-8.84,2.03,0.2461995103084042,2020-03-14
-14.76,-6.3,1.08,0.3455425371239096,2020-03-15
-18.09,-2.61,0.0,0.5892061247389576,2020-03-16
-13.34,-2.06,0.0,0.5751445333373435,2020-03-17
-17.76,-6.2,0.0,0.4326121275945027,2020-03-18
-17.37,-4.76,0.0,0.5032872545226144,2020-03-19
-16.74,-1.14,0.0,0.6813351930780611,2020-03-20
-11.16,2.52,0.0,0.8689080420960834,2020-03-21
-10.76,6.06,0.0,1.1522222113670613,2020-03-22
-7.03,7.44,0.0,1.3067089514413617,2020-03-23
-8.16,-1.37,3.89,0.5020027072531982,2020-03-24
-14.37,-0.52,0.0,0.8362901713117326,2020-03-25
-12.93,5.87,0.0,1.1696993385967709,2020-03-26
-4.1,7.12,0.0,1.322242269373586,2020-03-27
-2.97,9.0,0.0,1.4378509354553353,2020-03-28
-5.04,13.7,0.0,1.6799816284537603,2020-03-29
-3.38,3.37,0.0,0.8972037479919994,2020-03-30
-9.88,-0.91,0.0,0.8033790029584749,2020-03-31
-15.47,-11.3,0.67,0.1643625137314392,2020-04-01
-18.66,-8.4,0.0,0.4867456916616668,2020-04-02
-18.45,-2.77,0.0,0.7677759872854572,2020-04-03
-11.69,-5.15,2.39,0.3785340961716699,2020-04-04
-11.43,-1.89,1.38,0.7755699011489857,2020-04-05
-7.55,1.85,3.35,0.7910800486234616,2020-04-06
-10.11,4.13,0.0,1.1894813283680057,2020-04-07
-6.43,1.53,0.0,0.8848927904526706,2020-04-08
-12.8,5.95,0.0,1.2497190565497964,2020-04-09
-1.73,7.98,0.0,1.4206873433428395,2020-04-10
-8.36,-1.99,0.0,0.6452282379155541,2020-04-11
-10.87,-3.83,0.0,0.6198620260006102,2020-04-12
-13.6,-3.49,0.0,0.7670498653245599,2020-04-13
-14.67,4.47,0.0,1.1712121381073908,2020-04-14
-9.29,2.32,0.0,1.1363331833999255,2020-04-15
-7.25,5.71,0.0,1.3367663489158863,2020-04-16
-2.78,13.41,0.0,1.823728954529757,2020-04-17
-3.1,4.41,0.0,1.199262123982399,2020-04-18
-5.83,13.71,0.0,1.808425628218406,2020-04-19
-2.0,11.93,0.0,1.752152548650764,2020-04-20
-1.23,21.17,0.0,2.3109342346290425,2020-04-21
2.08,15.96,0.0,2.029540170086038,2020-04-22
0.45,18.12,0.0,2.1674205117455987,2020-04-23
-0.9,14.04,3.1,1.7332136190186924,2020-04-24
-2.04,18.69,0.0,2.1764884386423495,2020-04-25
3.42,15.51,0.0,1.9851246391157933,2020-04-26
-0.64,19.93,0.0,2.277532120179314,2020-04-27
2.73,18.32,0.0,2.208524912690361,2020-04-28
1.03,22.52,0.0,2.460358475277323,2020-04-29
8.55,27.61,0.0,2.836957438525354,2020-04-30
5.16,18.14,0.0,2.1492043871196116,2020-05-01
-0.9,18.7,0.0,2.1993715014766293,2020-05-02
-0.49,17.39,4.44,1.9304626692842108,2020-05-03
2.21,14.27,0.0,1.8768108509566723,2020-05-04
-0.79,17.64,0.0,2.134534141264853,2020-05-05
1.19,20.49,0.0,2.3339177514876908,2020-05-06
1.14,17.28,0.0,2.112320838414645,2020-05-07
0.97,19.34,2.17,2.0515724868684684,2020-05-08
-2.53,7.59,1.94,1.421974899257778,2020-05-09
-2.78,9.13,0.0,1.5429348979306292,2020-05-10
-6.18,10.51,0.0,1.6417452998498112,2020-05-11
-3.71,12.55,0.0,1.7820057126887556,2020-05-12
1.2,10.4,0.0,1.5604672560328896,2020-05-13
-1.63,18.8,0.0,2.213543510049501,2020-05-14
-2.64,14.4,0.0,1.914363153727084,2020-05-15
1.44,25.04,0.0,2.5489481723936103,2020-05-16
9.09,26.03,0.0,2.6266732535720347,2020-05-17
8.33,24.96,0.0,2.551791104841074,2020-05-18
9.89,25.27,0.0,2.556030680811602,2020-05-19
9.34,17.99,13.01,1.6616765847452328,2020-05-20
8.85,19.26,0.0,2.025629326210558,2020-05-21
4.42,19.82,0.0,2.231187929284052,2020-05-22
2.65,15.76,0.0,1.94069288286856,2020-05-23
3.31,19.38,0.0,2.216274244593798,2020-05-24
5.8,25.14,0.0,2.6288489305469365,2020-05-25
10.6,21.98,0.0,2.2848980073920915,2020-05-26
6.0,18.79,0.0,2.1446913527281044,2020-05-27
3.84,18.69,0.0,2.1772617779460672,2020-05-28
5.51,19.04,0.0,2.188366443684548,2020-05-29
7.45,25.34,0.0,2.665836413126376,2020-05-30
11.1,30.76,0.0,3.0289055180637834,2020-05-31
11.42,24.75,0.0,2.5463082875266925,2020-06-01
7.84,24.16,0.0,2.580327819274154,2020-06-02
9.67,20.47,0.0,2.210809561253876,2020-06-03
6.15,19.1,0.0,2.2001737212416868,2020-06-04
3.33,21.0,0.0,2.386212856348194,2020-06-05
9.55,18.38,24.52,1.5891991069194804,2020-06-06
8.77,16.34,23.49,0.9749914386378408,2020-06-07
6.61,15.72,0.0,1.273288659761229,2020-06-08
5.13,20.15,1.76,2.036943427687744,2020-06-09
6.11,22.53,0.0,2.252498837747752,2020-06-10
6.89,22.38,0.0,2.202805860346278,2020-06-11
8.23,27.85,0.0,2.71274788108577,2020-06-12
14.43,29.83,0.0,2.6702746672395605,2020-06-13
12.68,22.54,0.0,1.7154343513906658,2020-06-14
6.87,21.95,0.0,2.20281929831961,2020-06-15
9.21,21.89,25.65,1.632538769018463,2020-06-16
9.95,15.74,6.57,0.6225451276599872,2020-06-17
6.22,15.44,2.94,0.904734861817597,2020-06-18
5.24,18.37,0.0,1.6681798300468869,2020-06-19
6.1,18.16,0.0,1.567622754748277,2020-06-20
4.62,18.04,0.0,1.6699757196916027,2020-06-21
6.25,23.54,0.0,2.197152825424341,2020-06-22
10.59,27.8,0.0,2.4710815968512128,2020-06-23
13.97,26.54,1.94,2.055295312619264,2020-06-24
14.21,25.34,0.0,1.8118142146402405,2020-06-25
11.75,29.66,0.0,2.5983097002541875,2020-06-26
13.81,21.23,0.0,1.0773064377469477,2020-06-27
12.69,19.82,0.0,1.0018791724265397,2020-06-28
13.69,18.24,3.19,0.544597039221655,2020-06-29
13.27,19.18,7.35,0.7086651297259005,2020-06-30
12.49,23.13,0.87,1.689190912727931,2020-07-01
10.7,23.55,1.26,1.9466530021093569,2020-07-02
9.8,26.54,0.0,2.3420105865468694,2020-07-03
12.47,28.02,0.0,2.3609670232613977,2020-07-04
11.82,23.54,0.0,1.834840270524637,2020-07-05
10.08,25.27,0.0,2.2134342493559154,2020-07-06
12.15,27.62,19.47,1.8829858047356829,2020-07-07
12.71,18.77,6.26,0.7061044584235284,2020-07-08
11.73,21.78,0.0,1.4202054373972712,2020-07-09
10.28,21.95,4.04,1.2703722899235073,2020-07-10
9.61,24.42,0.0,1.9861903338890192,2020-07-11
12.96,25.43,0.0,1.8424571613323055,2020-07-12
9.61,19.29,2.39,1.0542794779910671,2020-07-13
9.49,21.45,3.83,1.2670357345454144,2020-07-14
9.6,22.94,1.33,1.7873744403037584,2020-07-15
9.89,25.38,0.0,2.0350138223630907,2020-07-16
13.96,24.73,0.0,1.5539117824819777,2020-07-17
11.82,21.86,3.05,1.124098915067122,2020-07-18
9.96,23.0,4.45,1.3595195495857688,2020-07-19
11.15,22.97,5.64,1.2778262981262611,2020-07-20
9.79,25.03,0.0,1.9130775509118385,2020-07-21
14.35,30.37,0.0,2.1784686961494586,2020-07-22
17.71,28.69,0.0,1.6068274722128115,2020-07-23
14.34,27.12,0.0,1.7906263526230473,2020-07-24
11.62,21.21,0.0,1.225714456076291,2020-07-25
10.01,25.31,0.0,1.9210132678145175,2020-07-26
9.21,27.17,0.0,2.124417204077685,2020-07-27
10.76,30.69,0.0,2.3494919750647556,2020-07-28
14.39,34.01,0.0,2.450683680668299,2020-07-29
15.8,31.78,0.0,2.105063858364377,2020-07-30
13.4,26.33,0.0,1.632369046705715,2020-07-31
8.95,27.22,0.0,2.0475373987934096,2020-08-01
10.97,27.25,0.0,1.9415266831424376,2020-08-02
13.82,30.0,0.0,2.0283383366772028,2020-08-03
11.62,27.01,0.0,1.8425725703200968,2020-08-04
9.53,29.07,0.0,2.1590596452949415,2020-08-05
12.06,33.69,0.0,2.43277580103044,2020-08-06
12.77,22.65,4.28,1.0227467725684152,2020-08-07
9.76,25.42,1.99,1.7342070841117645,2020-08-08
8.01,22.7,0.0,1.5360442026361565,2020-08-09
7.62,24.56,0.0,1.747736612321498,2020-08-10
8.81,24.01,0.0,1.5999076969341155,2020-08-11
11.34,28.06,0.0,1.8424135667814856,2020-08-12
9.75,24.74,0.0,1.5789668846325953,2020-08-13
7.81,25.15,3.94,1.4887953827813163,2020-08-14
9.02,25.58,0.0,1.6847064367388247,2020-08-15
9.21,29.98,0.0,2.0697069186883237,2020-08-16
11.61,33.99,0.0,2.281965691311759,2020-08-17
12.77,35.84,0.0,2.3616064565049566,2020-08-18
14.68,33.76,0.0,2.091819867946737,2020-08-19
13.08,33.17,0.0,2.119883377077849,2020-08-20
14.05,27.63,0.0,1.4414111240151963,2020-08-21
9.94,31.63,0.0,2.11097553021421,2020-08-22
6.77,28.35,0.0,1.9454655635018667,2020-08-23
9.56,29.15,0.0,1.8682695140305825,2020-08-24
13.16,26.91,0.0,1.3962785172325345,2020-08-25
11.09,24.52,0.0,1.3137516509211442,2020-08-26
7.94,23.33,5.32,1.2575928732932955,2020-08-27
5.9,23.4,0.0,1.4921067067505729,2020-08-28
8.76,30.91,0.0,1.9867939858368655,2020-08-29
6.39,18.11,0.0,1.0232085125340644,2020-08-30
1.94,19.21,0.0,1.3122639304016164,2020-08-31
8.18,22.93,0.0,1.319352572772314,2020-09-01
7.94,17.47,5.17,0.7754390997280687,2020-09-02
4.7,21.77,0.0,1.381293950075713,2020-09-03
5.66,24.46,0.0,1.5350197342171206,2020-09-04
8.43,30.55,0.0,1.9379137117752323,2020-09-05
8.3,17.1,0.0,0.7844246918612113,2020-09-06
0.05,10.34,0.0,0.7205867287905013,2020-09-07
-5.22,15.51,0.0,1.2224520508499994,2020-09-08
3.77,21.52,0.0,1.4045990861991189,2020-09-09
5.39,25.88,0.0,1.6892161200728266,2020-09-10
7.8,29.8,0.0,1.8978749732930364,2020-09-11
7.11,16.0,1.84,0.7446957032613499,2020-09-12
0.14,15.99,0.0,1.078968167873544,2020-09-13
5.46,15.76,0.0,0.8209215718513773,2020-09-14
3.33,14.65,0.0,0.848814094663703,2020-09-15
-1.24,13.07,0.0,0.9424606927354424,2020-09-16
1.89,19.08,0.0,1.3267393836245729,2020-09-17
-0.04,24.59,0.0,1.7516906499904643,2020-09-18
6.87,25.57,0.0,1.6484961578884114,2020-09-19
11.61,17.64,8.33,0.5054954633410738,2020-09-20
7.17,22.75,0.0,1.3149793353469557,2020-09-21
7.04,20.32,1.37,1.074043885656876,2020-09-22
9.02,21.41,0.0,1.0468604673109658,2020-09-23
9.22,23.69,0.0,1.2488239437642674,2020-09-24
5.92,21.49,0.0,1.2269671774262854,2020-09-25
7.14,15.3,0.0,0.6564202693447538,2020-09-26
3.98,14.79,0.0,0.7942349880662756,2020-09-27
0.81,22.35,0.0,1.4573205486562164,2020-09-28
6.94,16.94,0.0,0.7886608499572013,2020-09-29
0.74,12.52,0.0,0.771718834550462,2020-09-30
-4.66,11.88,0.0,0.8895191650578362,2020-10-01
0.88,17.89,0.0,1.127022765466421,2020-10-02
-0.61,16.04,0.0,1.0285385125534332,2020-10-03
5.23,23.93,1.46,1.4027734759238837,2020-10-04
7.3,19.35,0.0,0.9239902691501874,2020-10-05
6.46,17.1,0.0,0.797279337925193,2020-10-06
0.77,15.33,0.0,0.9991214269460342,2020-10-07
6.55,23.41,1.91,1.418205657663249,2020-10-08
2.01,10.84,0.0,0.5745614035600858,2020-10-09
2.84,25.77,0.0,1.6727294199450191,2020-10-10
4.51,14.51,0.0,0.6977564486310286,2020-10-11
-3.3,11.13,0.0,0.8116165050176979,2020-10-12
-0.93,10.17,0.0,0.6475069607794548,2020-10-13
-5.03,6.67,0.0,0.5779217870919534,2020-10-14
-4.62,5.16,0.0,0.4856716480138354,2020-10-15
-8.09,3.63,0.0,0.5037713682281323,2020-10-16
-12.96,-0.89,0.0,0.4106617556697084,2020-10-17
-7.13,-3.71,0.0,0.1467929637024211,2020-10-18
-8.51,-1.89,0.0,0.2710502495276611,2020-10-19
-8.07,-2.2,0.24,0.2495092953675718,2020-10-20
-11.1,-0.93,0.0,0.3838356902144014,2020-10-21
-14.24,-2.5,0.0,0.3784040295400719,2020-10-22
-14.47,-4.14,0.0,0.3241319668973918,2020-10-23
-9.8,-6.05,0.0,0.1423359815248661,2020-10-24
-11.54,-2.83,0.0,0.3146041779049175,2020-10-25
-15.57,3.27,0.0,0.6102360481750241,2020-10-26
-4.34,11.65,0.0,0.8709301652371926,2020-10-27
-4.46,4.93,0.0,0.4491252565783798,2020-10-28
-6.01,8.6,0.0,0.7036503149556178,2020-10-29
-1.48,13.27,0.0,0.8726428204164218,2020-10-30
-5.82,2.13,0.0,0.3519049337881157,2020-10-31
-6.87,13.54,0.0,0.95398303266031,2020-11-01
0.08,19.0,0.0,1.164988830142418,2020-11-02
2.05,17.4,0.0,1.0008456856336976,2020-11-03
0.92,14.99,0.0,0.852966195782607,2020-11-04
1.37,17.4,0.0,0.9922686377188772,2020-11-05
-1.58,7.11,0.0,0.4438195505139083,2020-11-06
-2.38,0.24,3.1,0.1218465594370691,2020-11-07
-9.71,-4.1,20.98,0.1914136907666919,2020-11-08
-18.13,-9.26,0.0,0.2078229152178009,2020-11-09
-17.17,-5.58,0.0,0.2923866880044424,2020-11-10
-16.28,-7.34,2.78,0.2196528145638793,2020-11-11
-22.2,-8.3,0.0,0.2625687914938728,2020-11-12
-13.09,-0.52,0.0,0.3921583626923037,2020-11-13
-9.64,-1.84,0.81,0.2811897560565427,2020-11-14
-13.74,-5.57,0.0,0.2380599184531169,2020-11-15
-11.22,-5.5,0.0,0.186344981841398,2020-11-16
-8.97,1.13,0.0,0.3752873317979798,2020-11-17
-5.26,3.84,0.0,0.3953102061232834,2020-11-18
-12.48,-6.14,5.42,0.1826987456316874,2020-11-19
-20.16,-9.98,0.0,0.2042654911805721,2020-11-20
-18.02,-4.24,0.0,0.3226769837512455,2020-11-21
-16.36,-6.82,0.0,0.2366848201277429,2020-11-22
-11.91,-4.57,0.0,0.2267067685479578,2020-11-23
-11.01,-1.39,0.0,0.3147024177435731,2020-11-24
-7.95,1.38,0.0,0.3527334962254303,2020-11-25
-11.68,-1.15,0.0,0.3340914399193869,2020-11-26
-10.88,0.87,0.0,0.3883419449330349,2020-11-27
-9.96,0.02,0.0,0.3414304280093322,2020-11-28
-15.52,-1.97,0.0,0.3559372809921408,2020-11-29
-8.22,1.83,0.0,0.3717061610381096,2020-11-30
-7.45,0.67,0.0,0.3089521164729574,2020-12-01
-11.0,-1.41,0.0,0.3104662982058224,2020-12-02
-7.18,3.0,0.0,0.3944685105164248,2020-12-03
-6.19,2.03,0.0,0.3311804139838399,2020-12-04
-6.86,2.42,0.0,0.3641391532562344,2020-12-05
-9.22,1.86,0.0,0.3916804062575992,2020-12-06
-7.93,3.16,0.0,0.4140359274069882,2020-12-07
-4.4,3.56,0.0,0.3424290005081865,2020-12-08
-5.27,2.03,0.0,0.3018998094435033,2020-12-09
-12.41,-3.57,0.0,0.2624275855959575,2020-12-10
-13.74,-4.87,0.0,0.2451545341351712,2020-12-11
-11.15,-4.0,0.0,0.2239763993062014,2020-12-12
-26.15,-14.67,0.0,0.1522462033360824,2020-12-13
-27.62,-13.3,0.63,0.1773643758699239,2020-12-14
-19.3,-9.69,0.0,0.1938018294842144,2020-12-15
-15.5,-3.83,0.0,0.297482967679463,2020-12-16
-14.06,1.63,0.0,0.4413376888402145,2020-12-17
-22.55,-3.13,0.0,0.3518515588686937,2020-12-18
-12.57,3.64,0.0,0.4908132979444402,2020-12-19
-6.65,2.69,0.0,0.3612276941127735,2020-12-20
-8.68,-1.91,7.49,0.2276032464027819,2020-12-21
-13.24,-4.07,8.7,0.249770409625685,2020-12-22
-16.56,-7.97,0.0,0.2007225283827749,2020-12-23
-14.55,0.7,0.0,0.4174645072325648,2020-12-24
-12.32,-2.55,0.0,0.2901865501981422,2020-12-25
-12.08,-5.66,1.57,0.188196483031054,2020-12-26
-14.51,-7.08,0.0,0.1935176724958333,2020-12-27
-16.88,-7.83,0.0,0.2091494802933176,2020-12-28
-16.94,-8.34,0.0,0.1978155047379652,2020-12-29
-20.62,-8.68,0.0,0.2278580031170255,2020-12-30
-16.52,-2.0,0.0,0.3589980275075343,2021-01-01
-8.82,3.88,0.0,0.4574054670254368,2021-01-02
-2.81,4.01,0.0,0.3138703066099795,2021-01-03
-10.57,-0.3,0.0,0.3393578236133409,2021-01-04
-9.47,-0.33,0.0,0.317838555963201,2021-01-05
-11.19,2.22,0.0,0.436132468943311,2021-01-06
-8.92,1.01,0.0,0.3562701399252309,2021-01-07
-13.09,-2.43,0.0,0.3135625269736479,2021-01-08
-14.4,-4.73,0.0,0.2645667596412925,2021-01-09
-14.04,-4.79,0.0,0.2576645822332212,2021-01-10
-12.02,-0.28,0.0,0.3684870682045176,2021-01-11
-7.82,1.07,0.0,0.3390134120681694,2021-01-12
-4.81,6.07,5.77,0.4555711857677066,2021-01-13
-6.78,-2.14,0.0,0.1835966538406628,2021-01-14
-14.51,-4.87,0.0,0.2666465146599701,2021-01-15
-9.79,-0.87,0.0,0.3142106117596471,2021-01-16
-10.31,-1.13,2.51,0.3028048974390355,2021-01-17
-9.7,-0.59,1.31,0.3252587317600601,2021-01-18
-13.84,1.81,0.0,0.4665684458176712,2021-01-19
-5.8,1.1,0.0,0.2956588952247899,2021-01-20
-12.21,-6.44,0.69,0.1801945953537914,2021-01-21
-10.22,-5.1,1.29,0.1775159449653638,2021-01-22
-27.34,-10.33,0.0,0.2350989229107021,2021-01-23
-31.39,-22.82,0.0,0.1,2021-01-24
-28.56,-22.06,0.0,0.1,2021-01-25
-27.49,-19.48,0.0,0.1004626023000348,2021-01-26
-23.47,-14.28,0.0,0.1549994413377762,2021-01-27
-18.99,-10.74,0.0,0.1845187641202431,2021-01-28
-16.19,-9.89,0.0,0.1645916447009008,2021-01-29
-16.75,-11.43,0.0,0.1338849328497033,2021-01-30
-19.32,-8.72,0.0,0.2405994828910428,2021-01-31
-14.4,-0.29,0.0,0.4301625089293071,2021-02-01
-8.71,1.84,0.0,0.4249037066445112,2021-02-02
-19.7,-12.32,0.0,0.1624876525902413,2021-02-03
-23.45,-15.73,0.0,0.1345142583821896,2021-02-04
-27.63,-19.3,0.0,0.1103034092875011,2021-02-05
-35.06,-25.59,0.0,0.1,2021-02-06
-36.4,-28.12,0.0,0.1,2021-02-07
-36.4,-26.92,0.0,0.1,2021-02-08
-30.11,-25.82,0.0,0.1,2021-02-09
-33.56,-27.0,0.0,0.1,2021-02-10
-37.78,-27.88,0.0,0.1,2021-02-11
-33.43,-22.49,0.0,0.1014069510496441,2021-02-12
-36.62,-24.3,0.0,0.1,2021-02-13
-34.7,-22.57,0.0,0.1040114825692026,2021-02-14
-30.02,-18.99,0.0,0.1343707700718359,2021-02-15
-25.39,-15.13,0.0,0.1738104335685875,2021-02-16
-22.8,-15.48,0.0,0.1450176445577062,2021-02-17
-24.67,-12.23,0.0,0.2275594447047602,2021-02-18
-21.73,-2.36,0.0,0.4745569561257525,2021-02-19
-11.23,-2.71,0.0,0.3669827707400617,2021-02-20
-12.13,2.71,0.0,0.6882636193797997,2021-02-21
-3.11,3.79,0.0,0.4972830504594262,2021-02-22
-6.83,0.14,0.0,0.3994977323523073,2021-02-23
-10.07,-1.81,0.0,0.4139679890977732,2021-02-24
-12.09,0.44,0.0,0.6111441816858074,2021-02-25
-16.24,-2.72,0.75,0.5033055362830036,2021-02-26
-24.46,-12.77,0.0,0.2271187305612297,2021-02-27
-21.29,-10.71,0.0,0.2521819843490041,2021-02-28
-17.16,3.63,0.0,0.7717507448985416,2021-03-01
-6.07,2.93,0.0,0.6536233720609202,2021-03-02
-10.37,2.82,0.0,0.7846759632348645,2021-03-03
-9.05,2.5,0.0,0.7543426446355193,2021-03-04
-6.11,5.08,0.0,0.896557812932481,2021-03-05
-0.49,6.7,0.0,0.7854926768449151,2021-03-06
-4.28,5.52,0.0,0.9061494679391484,2021-03-07
-4.23,4.02,0.0,0.7638639410208456,2021-03-08
-5.27,-0.5,0.0,0.3290703211356197,2021-03-09
-8.76,1.81,0.0,0.7856627566317407,2021-03-10
-17.95,-2.66,0.0,0.6105997510148581,2021-03-11
-9.53,6.32,0.0,1.094095274394067,2021-03-12
-6.56,6.6,0.0,1.1173473628395862,2021-03-13
-1.94,8.89,0.0,1.2240610802505227,2021-03-14
-1.41,7.78,0.0,1.1017781151928197,2021-03-15
-9.67,1.02,0.0,0.7905204011112189,2021-03-16
-7.99,8.42,0.0,1.2872008479199228,2021-03-17
-2.78,13.84,0.0,1.619124951915346,2021-03-18
0.55,17.9,0.0,1.8658229692804815,2021-03-19
-0.96,11.82,0.0,1.5300198907212126,2021-03-20
-4.92,3.41,0.0,0.8659703217296333,2021-03-21
-5.65,8.65,2.45,1.1549192131135615,2021-03-22
-7.72,-0.26,0.0,0.6573155777865991,2021-03-23
-6.2,8.29,0.0,1.3403446130765,2021-03-24
-3.76,2.67,0.0,0.7767403735752993,2021-03-25
-10.62,1.92,0.0,1.0107505158995878,2021-03-26
-8.84,6.6,0.0,1.2451948752199795,2021-03-27
-1.13,16.99,0.0,1.8640568704688456,2021-03-28
-8.89,4.36,4.59,1.0509881996624728,2021-03-29
-13.79,-6.06,0.0,0.5299017880112511,2021-03-30
-15.32,7.0,0.0,1.1676691674214832,2021-03-31
-2.13,14.34,0.0,1.737244969663073,2021-04-01
-0.19,12.3,0.0,1.6275970946485705,2021-04-02
-1.15,13.62,0.0,1.7128987976844916,2021-04-03
-1.03,17.24,0.0,1.8660128846266169,2021-04-04
-2.85,12.36,0.0,1.587073345693515,2021-04-05
-2.94,16.32,0.0,1.799585594048512,2021-04-06
-0.49,20.55,0.0,2.0569613422838757,2021-04-07
1.72,14.27,2.02,1.591998391257274,2021-04-08
-6.55,11.85,0.0,1.5289393240915472,2021-04-09
-0.91,12.44,0.0,1.602252660208666,2021-04-10
-2.72,4.36,2.71,0.7565610928925974,2021-04-11
-4.24,2.22,0.97,0.7446612184079308,2021-04-12
-3.71,3.3,0.0,0.843315435951445,2021-04-13
-3.81,7.0,0.0,1.3019239467914554,2021-04-14
-2.46,12.85,0.0,1.6586458383798712,2021-04-15
-4.38,14.58,0.0,1.7417962628939554,2021-04-16
-0.89,20.46,0.0,2.1129880363242934,2021-04-17
-3.35,6.62,0.0,1.2849715574764544,2021-04-18
-6.94,5.0,1.1,1.2477804442198988,2021-04-19
-9.38,9.13,0.0,1.4575136349682674,2021-04-20
-3.81,17.22,0.0,1.9807517244430588,2021-04-21
-5.05,6.64,0.0,1.3004593803327216,2021-04-22
-12.35,4.59,0.0,1.15905591595945,2021-04-23
-10.16,7.77,0.0,1.337682844854506,2021-04-24
-5.32,10.4,0.0,1.527790706010924,2021-04-25
-4.61,14.81,0.0,1.7875489805230154,2021-04-26
-4.0,15.24,0.0,1.8240420827205368,2021-04-27
-2.43,15.63,0.0,1.8649942363156804,2021-04-28
-1.78,12.0,0.0,1.6372992393004298,2021-04-29
2.78,26.17,0.0,2.551232925210038,2021-04-30
4.92,20.11,0.0,2.1734114149476076,2021-05-01
0.83,13.64,0.0,1.7440624157964562,2021-05-02
-5.28,10.32,0.0,1.5450863233588774,2021-05-03
-4.48,13.83,0.0,1.7634493252958925,2021-05-04
-3.01,16.52,0.0,1.9397317935685543,2021-05-05
-0.65,17.32,0.0,2.01362619985847,2021-05-06
0.38,16.97,0.0,2.000939860891535,2021-05-07
2.6,13.39,0.0,1.719712648578281,2021-05-08
-4.15,15.19,0.0,1.8687612325196443,2021-05-09
-2.68,17.95,0.0,2.050716791513623,2021-05-10
0.42,19.55,0.0,2.176953193618294,2021-05-11
2.28,20.26,0.0,2.227385643882012,2021-05-12
1.56,21.25,0.0,2.288804875656793,2021-05-13
2.71,22.9,1.4,2.401670969954118,2021-05-14
3.43,24.31,0.0,2.498815497266109,2021-05-15
8.14,27.79,0.0,2.737757650349421,2021-05-16
7.38,31.9,0.0,3.008731127925326,2021-05-17
11.63,27.46,0.0,2.6634423920354493,2021-05-18
2.03,13.55,0.0,1.7276805554940442,2021-05-19
-1.92,3.87,2.25,0.7324546760331887,2021-05-20
-2.56,4.86,2.21,0.9592993592153964,2021-05-21
-0.31,9.24,0.0,1.457697267311468,2021-05-22
5.68,14.34,17.03,1.6206224046103055,2021-05-23
7.7,10.92,22.98,0.3093215387709107,2021-05-24
2.52,8.43,2.16,0.4794823014627833,2021-05-25
-0.86,13.04,0.0,1.5960491912210442,2021-05-26
1.12,18.47,0.0,2.104916291667712,2021-05-27
6.8,21.38,0.0,2.25351413397874,2021-05-28
6.17,20.37,0.0,2.165030615069543,2021-05-29
2.35,22.64,0.0,2.4756730689002,2021-05-30
8.55,26.32,0.0,2.7312650707748074,2021-05-31
8.78,26.28,0.0,2.7241640132206397,2021-06-01
12.4,31.67,0.0,3.085216858364724,2021-06-02
13.49,35.15,0.0,3.31614864442637,2021-06-03
15.9,28.87,0.0,2.65027084141577,2021-06-04
11.64,27.52,0.0,2.78543269868875,2021-06-05
7.88,20.56,0.0,2.113145256835204,2021-06-06
8.49,22.09,0.0,2.284893817736312,2021-06-07
6.18,22.58,2.0,2.0513625139284164,2021-06-08
11.56,19.04,8.66,1.0345870459877924,2021-06-09
13.1,20.29,8.64,0.9579830699709044,2021-06-10
10.43,20.45,0.0,1.7005816081860867,2021-06-11
6.81,23.21,0.0,2.3901065889605677,2021-06-12
6.54,27.18,0.0,2.771663734132647,2021-06-13
12.87,31.7,0.0,3.0645128456906336,2021-06-14
16.21,33.66,1.51,3.135611240420622,2021-06-15
12.96,24.48,0.0,2.1465868926211913,2021-06-16
7.34,23.86,0.0,2.4612125666625904,2021-06-17
8.19,18.53,0.0,1.6828371310870909,2021-06-18
6.83,20.41,1.26,2.0683723503630387,2021-06-19
6.02,18.52,0.0,1.8478151618037664,2021-06-20
1.78,24.37,0.0,2.5473297141819153,2021-06-21
10.65,30.97,0.0,3.025452287309046,2021-06-22
13.47,23.85,0.0,1.863852424870157,2021-06-23
8.9,23.08,0.0,2.2026550751829976,2021-06-24
9.86,27.73,0.0,2.702690687737559,2021-06-25
13.19,28.63,0.0,2.6298773300574476,2021-06-26
12.23,27.81,0.0,2.58748848106836,2021-06-27
11.04,29.37,0.0,2.86865421919296,2021-06-28
12.85,32.81,0.0,3.1499863102444405,2021-06-29
14.48,33.68,0.0,3.1760772117908553,2021-06-30
16.0,34.73,0.0,3.2151523009065013,2021-07-01
18.71,38.88,0.0,3.504677895608788,2021-07-02
17.18,29.35,0.0,2.385998901845334,2021-07-03
12.68,27.93,6.1,2.125686041831273,2021-07-04
13.17,23.8,0.0,1.8438322103965843,2021-07-05
10.52,20.76,0.0,1.6468839951543963,2021-07-06
11.72,28.25,2.94,2.1614837772918163,2021-07-07
14.16,27.35,4.6,1.851234382465936,2021-07-08
12.65,30.02,0.0,2.715035625208785,2021-07-09
13.66,32.04,0.0,2.8632372872150165,2021-07-10
15.77,31.02,0.0,2.6058570435903325,2021-07-11
11.58,27.74,0.0,2.501251745812904,2021-07-12
10.22,28.6,0.0,2.666791958325906,2021-07-13
11.41,30.67,0.0,2.8269685464801686,2021-07-14
14.29,35.05,0.0,3.136872901322678,2021-07-15
15.97,29.77,0.0,2.3778524431361583,2021-07-16
16.4,34.96,0.0,3.0108362574479637,2021-07-17
13.49,25.64,0.0,1.9757472226448276,2021-07-18
13.54,20.02,0.0,0.88510851005446,2021-07-19
15.55,27.61,0.0,2.0666733510488537,2021-07-20
15.33,30.83,0.0,2.5898514941841473,2021-07-21
13.82,32.96,0.0,2.9241739401969844,2021-07-22
6.24,28.55,0.0,2.6941345057305184,2021-07-23
9.96,29.03,0.0,2.641359224001209,2021-07-24
10.84,28.18,2.6,2.063889163830088,2021-07-25
12.53,27.63,0.0,2.293440831321913,2021-07-26
12.75,35.07,0.0,3.055044030885412,2021-07-27
12.7,29.15,0.0,2.4484279309787387,2021-07-28
12.95,33.2,0.0,2.8629479689487463,2021-07-29
12.51,30.85,0.0,2.636440680179218,2021-07-30
12.62,31.36,0.0,2.6742865962297966,2021-07-31
12.72,32.82,0.0,2.8051523902583995,2021-08-01
16.34,34.95,0.0,2.82136068031087,2021-08-02
18.87,28.13,0.0,1.4717315540782996,2021-08-03
13.83,28.47,0.0,2.193587478461869,2021-08-04
11.27,30.49,0.0,2.575013451380094,2021-08-05
15.78,32.63,0.0,2.5320320690202656,2021-08-06
14.91,28.94,0.0,2.103624541342664,2021-08-07
13.25,22.49,0.0,1.2560980699380424,2021-08-08
11.28,20.19,0.0,1.142648183698431,2021-08-09
10.35,20.45,3.76,1.0147668982468554,2021-08-10
11.35,24.94,0.0,1.8494475917427025,2021-08-11
8.48,23.9,0.0,1.9329253858288775,2021-08-12
8.7,29.79,0.0,2.5111784091201717,2021-08-13
15.7,37.5,0.0,2.934421469847873,2021-08-14
15.85,32.74,0.0,2.430759959262662,2021-08-15
14.77,26.21,0.0,1.6270683275179696,2021-08-16
10.17,18.12,4.23,0.7409150815004021,2021-08-17
8.81,17.23,0.0,0.8879363132737046,2021-08-18
7.43,18.91,3.92,1.0302708555740223,2021-08-19
9.86,19.16,5.09,0.8534510468435625,2021-08-20
6.01,21.23,5.71,1.3485420777418682,2021-08-21
9.5,15.25,10.09,0.5296306653151606,2021-08-22
7.6,17.29,8.79,0.9276146192425028,2021-08-23
7.05,14.31,0.0,0.7465487669737813,2021-08-24
3.24,19.47,0.0,1.7146844143834723,2021-08-25
7.27,20.19,0.0,1.5787361470211765,2021-08-26
12.11,21.12,0.0,1.206893790528062,2021-08-27
10.59,23.9,0.0,1.7888604392408831,2021-08-28
7.76,25.75,0.0,2.1162825154763403,2021-08-29
8.93,28.57,0.0,2.306367259067319,2021-08-30
11.25,24.56,9.88,1.4332614977857625,2021-08-31
8.52,21.15,0.0,1.4926024079870746,2021-09-01
8.45,18.65,0.0,1.153470923059333,2021-09-02
8.09,21.56,0.0,1.5458926989245336,2021-09-03
5.25,23.17,0.0,1.821979606973356,2021-09-04
7.97,28.75,0.0,2.1758236806584574,2021-09-05
10.2,22.29,1.78,1.4221733055114285,2021-09-06
7.32,23.52,0.0,1.7245646863799062,2021-09-07
5.53,25.04,0.0,1.9490632944066897,2021-09-08
10.28,28.24,0.0,2.1235781777468943,2021-09-09
8.53,21.64,0.0,1.519319071521373,2021-09-10
6.54,14.33,0.0,0.7235501470457405,2021-09-11
2.72,17.67,0.0,1.4177631485078253,2021-09-12
7.12,21.11,0.0,1.5383693033395802,2021-09-13
4.18,22.88,0.0,1.801522508433097,2021-09-14
8.26,18.63,0.0,1.1331577748713388,2021-09-15
3.51,14.79,0.0,1.041172804840882,2021-09-16
-1.39,19.16,0.0,1.5593030320794792,2021-09-17
10.84,32.08,0.0,2.269409680783236,2021-09-18
6.65,20.01,0.0,1.3390777338666031,2021-09-19
1.67,18.76,0.0,1.4324155089529658,2021-09-20
2.6,22.03,0.0,1.6379053392033984,2021-09-21
6.07,27.37,0.0,1.9366349931053577,2021-09-22
4.35,16.91,0.0,1.0626582885391789,2021-09-23
-1.3,19.5,0.0,1.4697847193158275,2021-09-24
7.32,25.67,0.0,1.7023228709910252,2021-09-25
4.07,25.26,0.0,1.740887129374339,2021-09-26
9.02,29.55,0.0,1.9065174996817496,2021-09-27
6.51,26.91,0.0,1.7623052727362172,2021-09-28
6.29,20.8,0.0,1.22549166285791,2021-09-29
2.0,23.82,0.0,1.6113638121845584,2021-09-30
5.95,22.93,0.0,1.399180287831736,2021-10-01
0.21,21.25,0.0,1.4323120403784655,2021-10-02
5.64,23.83,0.0,1.493186456442427,2021-10-03
2.07,20.33,0.0,1.3240532496446291,2021-10-04
5.31,23.5,0.0,1.4482645519596251,2021-10-05
6.99,25.72,0.0,1.567573086704488,2021-10-06
2.56,13.99,0.0,0.755160669795411,2021-10-07
0.42,16.69,0.0,1.0964064294413014,2021-10-08
-1.52,19.77,0.0,1.3505806218001304,2021-10-09
-0.82,18.71,0.0,1.250058320027971,2021-10-10
-2.16,8.85,0.0,0.5974539189543181,2021-10-11
-7.06,8.74,0.0,0.7166544379247137,2021-10-12
-4.36,4.78,3.49,0.4199704063509292,2021-10-13
-2.03,6.59,2.19,0.4320256175422419,2021-10-14
-3.82,13.56,0.0,0.8898572814617163,2021-10-15
-0.77,18.08,0.0,1.094416912710367,2021-10-16
3.16,24.11,0.0,1.3865223131010005,2021-10-17
1.34,13.14,0.0,0.6999051888785521,2021-10-18
-5.34,6.53,0.0,0.5504770214988233,2021-10-19
-7.27,7.7,0.0,0.6472813171376472,2021-10-20
-4.31,10.39,0.0,0.7118131988260713,2021-10-21
-5.51,9.21,0.0,0.6779397697861159,2021-10-22
-2.07,6.77,1.6,0.4537303773117866,2021-10-23
1.92,6.46,0.0,0.2662942944304577,2021-10-24
3.12,9.33,2.87,0.3595127221425239,2021-10-25
2.24,10.79,0.0,0.5094868677360934,2021-10-26
-0.25,13.46,0.0,0.7542358317191137,2021-10-27
-2.17,11.06,0.0,0.6793738964447715,2021-10-28
0.53,8.67,1.38,0.4544650156204784,2021-10-29
-5.31,4.6,0.0,0.4449739605966951,2021-10-30
-8.9,3.88,0.0,0.4960356832079969,2021-10-31
-10.53,2.31,0.0,0.4614530280010842,2021-11-01
-10.41,6.68,0.0,0.6258453397725161,2021-11-02
-8.3,10.26,0.0,0.7429143959685744,2021-11-03
-2.3,15.55,0.0,0.8890827505470974,2021-11-04
2.08,14.16,0.0,0.6964543902592967,2021-11-05
-3.13,9.86,0.0,0.6246074055353664,2021-11-06
-6.07,9.52,0.0,0.6691869365660361,2021-11-07
-5.93,8.59,0.0,0.6237246221297735,2021-11-08
-9.72,7.51,0.0,0.6334755156735615,2021-11-09
-2.23,3.03,1.24,0.2528241053552456,2021-11-10
-6.62,-2.61,0.0,0.1585827708916177,2021-11-11
-9.19,-2.83,0.0,0.2254220162872443,2021-11-12
-9.13,5.82,0.0,0.5522694719047947,2021-11-13
-5.64,1.98,0.48,0.3183740920107528,2021-11-14
-1.79,5.14,0.75,0.3381416588625694,2021-11-15
-4.64,6.01,4.77,0.4494786487401319,2021-11-16
-12.88,-5.73,0.0,0.2093865461573453,2021-11-17
-15.32,-1.78,0.0,0.3638468516007772,2021-11-18
-10.95,-2.31,0.0,0.2814741896168765,2021-11-19
-11.26,0.61,0.0,0.3869477281388149,2021-11-20
-17.35,-2.38,0.0,0.3610137869719632,2021-11-21
-7.56,4.88,0.0,0.4777307236743446,2021-11-22
-9.79,2.58,0.0,0.4283732954904987,2021-11-23
-17.46,-8.38,0.0,0.204493900665446,2021-11-24
-11.7,2.47,0.0,0.4486163484216818,2021-11-25
-2.37,6.32,0.0,0.4027254259615928,2021-11-26
-7.13,1.89,0.0,0.3431930346076773,2021-11-27
-5.08,4.6,0.0,0.4015864560886591,2021-11-28
-3.73,5.48,1.12,0.402433609113582,2021-11-29
-5.75,5.22,0.0,0.4428670619375965,2021-11-30
-0.47,6.59,0.0,0.3470775489766994,2021-12-01
-3.66,2.08,1.25,0.248112094232876,2021-12-02
-8.54,-1.42,0.0,0.2496784121155988,2021-12-03
-11.25,-3.29,0.88,0.2501165214144977,2021-12-04
-22.46,-9.08,0.75,0.2316462248194025,2021-12-05
-25.33,-13.56,0.0,0.1659106616618721,2021-12-06
-21.06,-8.87,0.0,0.227180357855475,2021-12-07
-15.24,2.65,0.72,0.4821484117994435,2021-12-08
-12.39,-2.44,0.0,0.296925535979535,2021-12-09
-14.4,-4.46,0.0,0.2657763952309396,2021-12-10
-10.74,3.87,0.0,0.4797718112721519,2021-12-11
-9.14,0.81,0.0,0.3451063334340765,2021-12-12
-14.29,-3.39,0.0,0.2937293962781352,2021-12-13
-9.52,-2.75,0.22,0.226106985177408,2021-12-14
-22.04,-13.07,0.0,0.1499213281587823,2021-12-15
-25.43,-17.17,0.48,0.1089204850896773,2021-12-16
-25.86,-17.94,0.0,0.1008986883546501,2021-12-17
-28.1,-9.07,0.0,0.2407753785277067,2021-12-18
-20.13,-10.66,0.0,0.1792475621185409,2021-12-19
-20.82,-12.62,0.0,0.1465108930872842,2021-12-20
-19.8,-7.37,0.0,0.2476572206547032,2021-12-21
-13.92,-6.75,3.06,0.1842649317505939,2021-12-22
-14.82,-1.72,1.88,0.3477906923368546,2021-12-23
-24.79,-16.08,0.73,0.1210224287124309,2021-12-24
-29.34,-22.71,1.81,0.1,2021-12-25
-28.67,-24.72,6.86,0.1,2021-12-26
-34.69,-26.57,0.0,0.1,2021-12-27
-37.07,-27.52,0.0,0.1,2021-12-28
-34.53,-26.09,0.0,0.1,2021-12-29
-36.63,-27.49,0.0,0.1,2021-12-30
-35.71,-27.63,0.0,0.1,2021-12-31
-35.39,-23.02,0.0,0.1,2022-01-01
-26.36,-1.67,0.0,0.3787511288776508,2022-01-02
-17.51,-5.53,3.96,0.2630420504525619,2022-01-03
-24.32,-13.34,1.98,0.1619429043844021,2022-01-04
-33.13,-19.98,0.0,0.1071298404868806,2022-01-05
-35.39,-26.69,0.0,0.1,2022-01-06
-24.3,-8.15,1.54,0.2559543630799423,2022-01-07
-24.77,-14.48,0.0,0.1468692466557732,2022-01-08
-28.99,-16.62,0.0,0.1362046653350797,2022-01-09
-21.59,-0.12,0.0,0.427300341282694,2022-01-10
-11.8,3.45,0.0,0.4846921577421014,2022-01-11
-2.28,4.87,0.0,0.332144837350851,2022-01-12
-5.43,3.85,2.31,0.3696583861872005,2022-01-13
-6.07,1.41,0.0,0.2996920755583359,2022-01-14
-4.77,4.36,0.0,0.390885161318484,2022-01-15
-4.83,4.1,0.0,0.3818019628517461,2022-01-16
-5.89,4.23,0.98,0.4176035069712822,2022-01-17
-19.65,2.15,0.0,0.4943088478436366,2022-01-18
-26.82,-15.92,0.0,0.1404698577315047,2022-01-19
-23.22,-2.83,2.13,0.3608511947019981,2022-01-20
-9.49,2.5,1.3,0.4313256412727591,2022-01-21
-7.55,4.35,1.71,0.4685014208154527,2022-01-22
-7.8,5.01,0.0,0.5023610977543795,2022-01-23
-10.32,2.03,0.0,0.4328152628816855,2022-01-24
-22.14,-4.8,0.0,0.3348179406242891,2022-01-25
-9.52,2.14,0.0,0.4261242291618298,2022-01-26
-7.75,1.17,0.0,0.3500716034548244,2022-01-27
-11.14,1.08,0.0,0.4180579035798785,2022-01-28
-9.04,2.06,0.0,0.4192961678735732,2022-01-29
-4.78,4.96,0.0,0.4424835870395249,2022-01-30
-12.61,3.41,4.05,0.5017561065061721,2022-01-31
-26.12,-17.52,0.0,0.1194985703204345,2022-02-01
-32.34,-23.36,0.0,0.1,2022-02-02
-30.09,-19.84,0.0,0.1111026224494813,2022-02-03
-31.87,-7.22,7.21,0.2752265092723603,2022-02-04
-15.05,-6.43,1.2,0.2450325474195145,2022-02-05
-16.42,1.66,0.0,0.5115497030383365,2022-02-06
-5.45,5.57,0.0,0.5101365909834984,2022-02-07
-4.33,2.73,0.0,0.3404523492350921,2022-02-08
-7.89,3.01,0.89,0.4626527604082806,2022-02-09
-8.58,5.27,1.22,0.5773751158194851,2022-02-10
-17.87,-11.72,0.0,0.1501999047752509,2022-02-11
-17.11,-6.51,0.0,0.2859090015786539,2022-02-12
-15.44,1.93,0.0,0.5349197452698371,2022-02-13
-17.4,-9.34,1.15,0.2101024803109444,2022-02-14
-14.95,-6.98,1.55,0.2408144161816053,2022-02-15
-24.11,-15.8,0.5,0.1439964781803173,2022-02-16
-26.27,-3.55,0.0,0.399826016122649,2022-02-17
-20.05,-6.7,0.0,0.3201398393272283,2022-02-18
-17.52,3.6,4.52,0.5757762750841113,2022-02-19
-22.51,-15.69,0.0,0.1321874829016573,2022-02-20
-28.28,-19.9,0.0,0.1124145992401167,2022-02-21
-31.62,-20.28,0.0,0.1251208540674019,2022-02-22
-30.79,-18.84,0.0,0.1425669934094491,2022-02-23
-26.5,-16.49,0.0,0.1600954128526159,2022-02-24
-26.05,-7.76,0.0,0.3289927115990244,2022-02-25
-13.89,-2.24,0.0,0.4134619989266821,2022-02-26
-11.69,-6.36,0.0,0.2049716189882969,2022-02-27
-13.76,-7.22,0.0,0.2301682560560568,2022-02-28
-12.8,-6.9,0.0,0.2195473560146178,2022-03-01
-15.93,-9.37,0.0,0.2092863206222373,2022-03-02
-17.43,-10.11,7.12,0.1977392188704546,2022-03-03
-12.17,-8.49,4.27,0.1307369488369319,2022-03-04
-17.07,-10.02,0.0,0.2187215552958124,2022-03-05
-18.19,-4.64,0.0,0.413834638657467,2022-03-06
-15.4,1.61,1.03,0.609042853231838,2022-03-07
-17.81,-9.01,0.0,0.2739231961561572,2022-03-08
-23.97,-14.11,0.0,0.2113880559158369,2022-03-09
-23.59,-12.69,0.0,0.2427921884531024,2022-03-10
-30.45,-9.95,0.0,0.3073321336041889,2022-03-11
-15.52,3.09,0.0,0.7050960803873079,2022-03-12
-11.62,-2.35,0.0,0.4156723842592896,2022-03-13
-11.5,0.28,0.0,0.5368377270370694,2022-03-14
-5.99,4.7,0.0,0.6741212067788939,2022-03-15
-3.71,4.27,0.0,0.5253411083082546,2022-03-16
-6.09,5.52,0.0,0.7625846037060567,2022-03-17
-1.86,5.81,0.0,0.5574884304431386,2022-03-18
-3.61,6.43,0.0,0.772920273259287,2022-03-19
-1.4,4.61,3.89,0.4004993764467418,2022-03-20
-1.25,6.05,0.0,0.6081184720583331,2022-03-21
-2.55,8.25,0.0,0.9475341528638056,2022-03-22
-1.48,12.85,0.0,1.3162261415685517,2022-03-23
-0.78,6.94,1.57,0.7017569285468084,2022-03-24
-6.52,0.45,0.0,0.4454041788261045,2022-03-25
-9.48,-3.04,0.0,0.3614100031405561,2022-03-26
-7.43,7.89,0.0,1.10764683243745,2022-03-27
-2.64,8.0,0.0,1.073819193175522,2022-03-28
-5.57,2.04,0.0,0.6297346796214597,2022-03-29
-7.61,9.69,0.0,1.2992294747737674,2022-03-30
-1.41,4.57,2.01,0.4275397365630557,2022-03-31
-4.1,4.89,0.0,0.8438286156023452,2022-04-01
-7.08,7.14,0.0,1.1434971225879311,2022-04-02
-4.32,11.47,0.0,1.4367677740692024,2022-04-03
-1.66,15.59,0.0,1.7687505689083438,2022-04-04
-0.87,8.4,2.96,0.858155058920841,2022-04-05
-1.16,7.14,0.87,0.949932408531544,2022-04-06
-3.79,10.89,0.0,1.446006226886018,2022-04-07
-1.23,18.48,0.0,2.014589731930983,2022-04-08
-0.06,11.78,0.0,1.4563546969119392,2022-04-09
-4.18,6.33,0.0,1.0795067437566828,2022-04-10
-8.56,-1.73,0.0,0.4946356689225233,2022-04-11
-10.48,-5.76,0.0,0.2699171555532452,2022-04-12
-10.18,-5.62,2.52,0.2331185047167019,2022-04-13
-9.38,-3.75,2.54,0.3056445051730023,2022-04-14
-10.19,-2.25,0.0,0.5772482348801581,2022-04-15
-9.85,1.03,0.0,0.8618496212795348,2022-04-16
-7.76,3.97,0.0,1.0577933156934614,2022-04-17
-7.65,8.47,0.0,1.403911356693963,2022-04-18
-2.88,4.63,3.47,0.669880297856453,2022-04-19
-4.55,1.61,2.53,0.4323063416327914,2022-04-20
-8.48,5.27,0.0,1.175609920695101,2022-04-21
-2.48,3.29,0.76,0.6477319273368302,2022-04-22
-0.09,9.43,1.54,1.3547276731815805,2022-04-23
-2.72,11.48,0.0,1.651807404987251,2022-04-24
-2.05,11.11,0.0,1.6084885834714502,2022-04-25
-2.76,15.46,0.0,1.9679479434111864,2022-04-26
0.95,15.54,0.0,1.983870290149339,2022-04-27
0.57,17.17,0.0,2.125330637482804,2022-04-28
0.13,16.27,0.0,2.0599965889508782,2022-04-29
1.12,17.14,0.0,2.1275117033851445,2022-04-30
0.76,14.87,0.0,1.9198718313627616,2022-05-01
-0.28,18.2,0.0,2.21062233017369,2022-05-02
3.84,19.53,0.0,2.3294656235342086,2022-05-03
0.8,23.78,0.0,2.5578076698338887,2022-05-04
7.97,27.11,0.0,2.845707341461746,2022-05-05
9.73,22.01,3.88,2.0953671892916694,2022-05-06
5.4,14.53,8.62,1.3481176104520962,2022-05-07
2.79,15.01,0.0,1.8801650046591776,2022-05-08
-0.43,14.51,0.0,1.9260736370829656,2022-05-09
2.97,13.79,2.68,1.2627174028830774,2022-05-10
-0.64,18.37,0.0,2.1036031526335814,2022-05-11
3.27,19.81,0.0,2.2155989669448104,2022-05-12
4.97,10.73,10.43,0.5489659703510862,2022-05-13
2.62,16.58,0.0,1.807476161640545,2022-05-14
3.22,20.3,0.0,2.163668919435518,2022-05-15
4.96,20.24,0.0,2.1215063720685476,2022-05-16
6.01,19.3,2.26,1.6054056242173902,2022-05-17
6.56,16.39,0.89,1.5071461242665638,2022-05-18
1.07,10.58,3.16,0.8937885297714847,2022-05-19
0.48,8.25,0.0,0.8420123335527744,2022-05-20
-0.88,14.1,0.0,1.6997498515997629,2022-05-21
0.52,16.68,0.0,1.9112889473158985,2022-05-22
1.64,22.36,0.0,2.3896640943430545,2022-05-23
4.49,23.93,0.0,2.5104339848858905,2022-05-24
6.32,23.77,0.0,2.4638611206707424,2022-05-25
5.72,23.7,0.0,2.477720245936492,2022-05-26
6.87,20.71,2.14,1.7112531268084263,2022-05-27
8.18,22.46,0.0,2.2355839461602547,2022-05-28
9.15,20.45,0.0,1.8792053938242743,2022-05-29
6.48,17.72,0.0,1.7247828283897002,2022-05-30
2.95,18.65,0.0,2.058142254367529,2022-05-31
2.33,19.6,0.0,2.1754999483029867,2022-06-01
4.09,21.24,0.0,2.367365455555989,2022-06-02
2.49,22.88,0.0,2.517208830795602,2022-06-03
4.3,24.54,0.0,2.640399650309677,2022-06-04
6.82,20.08,0.0,2.1882172813104592,2022-06-05
5.85,20.21,0.0,2.262530477869393,2022-06-06
7.51,20.57,0.0,2.2188691956103423,2022-06-07
6.63,24.13,4.3,2.241408704804216,2022-06-08
11.56,23.9,7.58,1.8799915907328744,2022-06-09
10.74,25.84,2.84,2.112693068933732,2022-06-10
8.18,23.55,0.0,2.407696041330593,2022-06-11
8.77,24.28,7.43,2.0101863307309187,2022-06-12
11.34,20.79,8.58,1.226048715612053,2022-06-13
6.84,18.6,0.0,1.6913565929804737,2022-06-14
5.25,16.65,6.09,1.2303960185067286,2022-06-15
11.27,20.61,0.0,1.4720633907630978,2022-06-16
11.06,28.97,0.0,2.6900410490517417,2022-06-17
17.24,30.72,0.0,2.4346571945570648,2022-06-18
15.47,21.15,4.07,0.6638417914795501,2022-06-19
13.99,20.47,3.04,0.7411527238924949,2022-06-20
11.76,22.52,0.81,1.741283816095017,2022-06-21
11.07,27.62,0.0,2.5373898642414057,2022-06-22
10.51,25.92,6.0,1.9355430592362268,2022-06-23
7.73,17.97,2.57,1.131256401753646,2022-06-24
8.1,20.88,3.63,1.4799073350420775,2022-06-25
8.46,24.84,0.0,2.3023210537331535,2022-06-26
9.93,23.38,0.0,2.025618604116734,2022-06-27
9.24,22.27,2.83,1.529975147487319,2022-06-28
12.34,24.28,0.0,1.8921298441419228,2022-06-29
9.31,22.96,0.0,2.007862604800843,2022-06-30
8.07,23.71,0.0,2.185185976565906,2022-07-01
10.02,22.3,2.28,1.4685406445805298,2022-07-02
10.81,23.06,0.71,1.8955272363975335,2022-07-03
12.38,18.17,6.41,0.672104407230504,2022-07-04
12.09,18.43,2.79,0.7362882185820562,2022-07-05
12.59,23.91,0.0,1.843901539950393,2022-07-06
12.42,24.12,1.75,1.8970791332003472,2022-07-07
16.65,31.14,3.7,1.972845284488205,2022-07-08
15.69,28.57,2.01,1.7156430363077924,2022-07-09
13.67,25.0,4.4,1.4356799891323613,2022-07-10
10.85,26.87,0.0,2.3038325565793176,2022-07-11
10.45,30.14,0.0,2.6222505603102353,2022-07-12
16.19,32.78,2.98,2.104427693871639,2022-07-13
14.56,27.92,0.0,2.1229958149875032,2022-07-14
16.32,33.45,0.0,2.644245852682064,2022-07-15
14.99,34.83,0.0,2.830058231129623,2022-07-16
15.71,31.24,0.0,2.407592238063127,2022-07-17
14.17,28.77,18.07,1.7728966248551246,2022-07-18
15.07,28.41,7.77,1.5594762021019324,2022-07-19
12.52,24.75,0.0,1.6761894134971056,2022-07-20
10.8,28.38,0.0,2.2444489115186133,2022-07-21
11.15,24.72,0.0,1.7920928719106275,2022-07-22
8.78,22.02,0.0,1.650215129260202,2022-07-23
7.86,28.32,0.0,2.344021428907646,2022-07-24
13.32,20.6,2.89,0.8068509209447917,2022-07-25
10.48,24.16,0.0,1.7455306188839486,2022-07-26
7.81,25.79,0.0,2.085384193676793,2022-07-27
8.36,27.86,0.0,2.2408986012123995,2022-07-28
13.24,33.59,0.0,2.53450109237542,2022-07-29
15.52,25.39,2.99,1.097446290487634,2022-07-30
13.5,27.61,6.13,1.4702632574103198,2022-07-31
14.48,26.42,0.0,1.532622969642969,2022-08-01
13.32,24.63,0.0,1.3999074110435965,2022-08-02
7.94,25.78,0.0,1.962960659729746,2022-08-03
10.84,33.61,0.0,2.513397080692954,2022-08-04
8.68,18.54,0.0,1.0553587956677837,2022-08-05
4.67,22.64,0.0,1.8029292114242708,2022-08-06
11.58,30.08,0.0,2.17296451895272,2022-08-07
10.97,32.65,0.0,2.421002870723149,2022-08-08
9.62,25.74,0.0,1.8088619699722068,2022-08-09
10.41,25.89,0.0,1.7590885504698286,2022-08-10
15.5,26.13,0.0,1.251720212902948,2022-08-11
11.8,31.61,0.0,2.3061319116247625,2022-08-12
15.82,32.59,2.19,1.7338317510540848,2022-08-13
15.31,30.53,0.0,1.9029739436545776,2022-08-14
11.92,29.33,0.0,2.026706307267367,2022-08-15
13.8,34.44,0.0,2.4107806526141613,2022-08-16
16.07,29.59,0.0,1.6794037517266864,2022-08-17
12.45,29.17,0.0,1.9569257271293572,2022-08-18
10.56,29.34,0.0,2.072472482768454,2022-08-19
14.21,31.8,0.0,2.082622434655066,2022-08-20
12.6,33.64,0.0,2.3347658854077515,2022-08-21
16.3,26.19,0.0,1.119450475146366,2022-08-22
14.03,26.4,0.0,1.40002948105513,2022-08-23
10.56,26.75,0.0,1.7361344841085764,2022-08-24
10.38,28.25,0.0,1.887022759309132,2022-08-25
12.9,28.16,8.31,1.3981403343815977,2022-08-26
13.42,30.54,0.0,1.8720620559747887,2022-08-27
12.36,21.46,0.0,0.949518302060321,2022-08-28
8.64,27.23,0.0,1.8150423109656877,2022-08-29
10.24,31.55,0.0,2.1024377759297614,2022-08-30
13.56,34.93,0.0,2.211789952485829,2022-08-31
13.99,31.88,0.0,1.8764861886578703,2022-09-01
5.83,26.83,0.0,1.827396524872679,2022-09-02
12.18,36.16,0.0,2.319800450006801,2022-09-03
15.58,34.61,0.0,1.977480273046418,2022-09-04
12.48,30.67,0.0,1.7861409573988647,2022-09-05
8.64,24.56,0.0,1.417801918550538,2022-09-06
10.24,34.79,0.0,2.234338006481262,2022-09-07
6.94,19.29,0.0,1.0538696641914669,2022-09-08
3.39,17.2,0.0,1.0655720218731015,2022-09-09
1.76,22.74,0.0,1.5706650618050275,2022-09-10
8.22,31.9,0.0,2.090417115935357,2022-09-11
9.01,22.83,0.0,1.2418106397819022,2022-09-12
9.21,15.16,1.4,0.5261946899911268,2022-09-13
7.46,15.7,1.08,0.6973898081160433,2022-09-14
5.39,16.02,0.0,0.8514188656806361,2022-09-15
10.46,20.16,0.0,0.8771400184040677,2022-09-16
7.96,23.13,0.0,1.335218772985462,2022-09-17
4.93,22.05,0.0,1.4089415357811987,2022-09-18
8.61,17.87,4.15,0.7273036526312837,2022-09-19
4.29,13.49,0.0,0.7063938733296502,2022-09-20
-0.61,16.79,0.0,1.1649028106797177,2022-09-21
1.91,18.38,1.25,1.2069417509076894,2022-09-22
4.81,20.08,0.0,1.2119815488359786,2022-09-23
6.31,21.37,0.0,1.2565487504594093,2022-09-24
1.77,21.87,0.0,1.4665922725042726,2022-09-25
6.3,22.77,0.0,1.3542714415967587,2022-09-26
6.36,25.44,0.0,1.5738871848818878,2022-09-27
8.69,30.64,0.0,1.8761113702745869,2022-09-28
8.03,29.57,0.0,1.799605643698586,2022-09-29
10.39,22.83,0.0,1.0357256724237995,2022-09-30
7.37,19.38,0.0,0.9335333297358516,2022-10-01
5.31,19.58,0.0,1.0699204815974992,2022-10-02
6.92,21.95,0.0,1.2292132757881904,2022-10-03
7.58,25.55,0.0,1.5173470719449542,2022-10-04
3.32,11.89,0.0,0.5915874505126704,2022-10-05
-3.72,10.0,0.0,0.7455948499131809,2022-10-06
-2.27,19.61,0.0,1.345229156326309,2022-10-07
3.21,22.55,0.0,1.432710180401788,2022-10-08
3.37,22.32,0.0,1.4253174085005866,2022-10-09
3.09,25.18,0.0,1.6137545071682875,2022-10-10
3.27,14.32,0.0,0.7388663096787996,2022-10-11
2.37,11.11,0.0,0.566329778765439,2022-10-12
-0.36,13.97,0.0,0.8860535469032328,2022-10-13
-1.98,15.64,1.32,1.0438029014381545,2022-10-14
-1.87,8.64,0.0,0.5764581401232464,2022-10-15
-3.88,9.09,0.0,0.6590238728031829,2022-10-16
-2.7,17.46,0.0,1.2623481761542328,2022-10-17
1.07,22.53,0.0,1.6294754466595855,2022-10-18
2.0,21.6,0.0,1.5347889878224816,2022-10-19
3.22,15.0,0.0,0.9161782825016884,2022-10-20
0.25,11.17,0.0,0.7150904541175807,2022-10-21
-4.13,10.01,4.28,0.675507496623762,2022-10-22
-1.02,2.88,10.95,0.1950097548953119,2022-10-23
-3.0,1.0,0.0,0.1955931833195465,2022-10-24
-3.73,3.2,0.0,0.333210846804772,2022-10-25
-4.58,6.04,0.0,0.500582518852192,2022-10-26
-0.97,9.77,0.0,0.5792301129666672,2022-10-27
-0.55,9.91,0.0,0.5715416600510091,2022-10-28
-1.77,12.82,0.0,0.8030865813505415,2022-10-29
-0.97,14.48,0.0,0.9364325376497824,2022-10-30
-1.04,8.73,0.0,0.5175395214812468,2022-10-31
-0.58,8.91,0.0,0.5092631962292222,2022-11-01
-2.91,0.74,0.0,0.1755610524179789,2022-11-02
-8.27,-3.2,0.0,0.1928135306936165,2022-11-03
-9.63,3.42,1.82,0.4964378101411504,2022-11-04
-5.62,2.97,11.99,0.361518686894569,2022-11-05
-12.55,-7.03,0.0,0.1719998214228696,2022-11-06
-15.12,-7.3,6.52,0.2048727021839073,2022-11-07
-18.64,-7.88,0.0,0.2498293470881623,2022-11-08
-24.6,-15.49,0.0,0.1423545241094752,2022-11-09
-24.19,-14.67,0.0,0.1527240238804044,2022-11-10
-21.81,-10.92,0.0,0.2061390145158114,2022-11-11
-21.68,-10.29,1.41,0.2178998657311474,2022-11-12
-13.99,-5.56,0.0,0.2462367617805291,2022-11-13
-11.56,-4.96,0.79,0.2159834849949442,2022-11-14
-9.63,-3.51,0.0,0.2195920666738049,2022-11-15
-10.36,-2.89,0.0,0.2611682599227312,2022-11-16
-16.56,-10.19,0.0,0.158360964550894,2022-11-17
-16.95,-7.29,0.0,0.2405224964898004,2022-11-18
-12.57,-4.06,0.0,0.2671421906393886,2022-11-19
-11.64,0.74,0.0,0.4103963828344122,2022-11-20
-11.15,1.38,1.09,0.4240718013753117,2022-11-21
-6.28,2.63,0.0,0.3728020450744038,2022-11-22
-4.88,2.24,0.0,0.314014428709445,2022-11-23
-6.69,4.21,0.0,0.4448325788726321,2022-11-24
-0.26,6.62,0.0,0.3614754267431465,2022-11-25
-3.87,2.45,0.0,0.2875862070411532,2022-11-26
-4.59,2.3,3.49,0.2901790362709035,2022-11-27
-11.73,-5.81,5.81,0.1763714038698508,2022-11-28
-16.87,-11.19,2.2,0.1268838197406137,2022-11-29
-21.08,-14.29,2.33,0.118185677679033,2022-11-30
-23.69,-15.92,0.65,0.1204237499373059,2022-12-01
-29.57,-21.91,0.0,0.1,2022-12-02
-25.12,-11.08,0.0,0.2088553262673662,2022-12-03
-15.75,-3.32,0.0,0.3202149587765665,2022-12-04
-24.38,-14.44,0.66,0.1484305139078139,2022-12-05
-33.41,-22.14,0.0,0.1,2022-12-06
-34.68,-8.72,0.0,0.232571144474076,2022-12-07
-15.16,-5.17,0.0,0.2591985050821251,2022-12-08
-11.12,-2.25,0.0,0.2823350930929594,2022-12-09
-17.14,-6.42,0.0,0.2492317183282965,2022-12-10
-10.79,-4.47,1.34,0.2008674497142525,2022-12-11
-12.69,-7.93,2.77,0.1297645224288828,2022-12-12
-16.69,-11.83,0.0,0.1100287194595505,2022-12-13
-18.59,-8.36,0.27,0.2175373648174685,2022-12-14
-16.86,-10.92,0.0,0.1342624495435875,2022-12-15
-20.31,-13.32,0.59,0.1295567792295753,2022-12-16
-20.96,-14.93,1.01,0.1056053287980339,2022-12-17
-25.88,-20.45,0.95,0.1,2022-12-18
-31.17,-23.38,1.85,0.1,2022-12-19
-35.57,-29.06,1.57,0.1,2022-12-20
-33.86,-27.97,0.72,0.1,2022-12-21
-32.56,-26.17,0.0,0.1,2022-12-22
-35.68,-20.37,0.0,0.1063175645836571,2022-12-23
-23.34,-11.37,3.18,0.186058597801261,2022-12-24
-17.17,-8.98,0.0,0.186558407244153,2022-12-25
-15.6,-0.07,0.0,0.4045172475457387,2022-12-26
-10.67,-3.52,7.48,0.2214311182940905,2022-12-27
-16.52,-9.11,1.78,0.1742473412413112,2022-12-28
-15.03,-10.01,0.0,0.125536202613662,2022-12-29
-16.54,-8.23,0.0,0.197078867421886,2022-12-30
-18.35,-10.43,0.0,0.1683306690372615,2022-12-31
-18.15,-6.44,0.0,0.2565685913295004,2023-01-01
-14.62,-4.88,0.0,0.2577709401039307,2023-01-02
-14.81,-5.71,0.0,0.2376615415664115,2023-01-03
-17.75,-9.22,0.0,0.187840010083141,2023-01-04
-17.77,-10.38,0.0,0.1615718573096244,2023-01-05
-17.0,-5.36,0.0,0.2742676398629126,2023-01-06
-12.63,-3.62,0.0,0.2661702538830769,2023-01-07
-14.11,-4.74,0.0,0.2569160801822522,2023-01-08
-13.84,-4.31,0.0,0.2660418990644124,2023-01-09
-15.94,-9.69,0.0,0.1523319470777256,2023-01-10
-15.49,-9.58,0.0,0.147478083153935,2023-01-11
-13.96,-6.79,0.0,0.1978095775357986,2023-01-12
-12.2,-2.76,0.0,0.2901188867158289,2023-01-13
-11.7,-4.49,0.0,0.2265003248563138,2023-01-14
-9.98,-6.89,0.0,0.1029174693469893,2023-01-15
-9.24,-7.39,0.0,0.1,2023-01-16
-10.42,-7.06,0.0,0.1110113566255382,2023-01-17
-8.8,-3.28,0.0,0.2014704662791546,2023-01-18
-9.9,-4.63,0.0,0.1829239354089765,2023-01-19
-14.06,-4.73,0.0,0.2666163791794786,2023-01-20
-12.21,-0.67,0.0,0.3782455472286047,2023-01-21
-6.79,1.1,0.0,0.3244303891673519,2023-01-22
-13.0,-1.77,0.72,0.3820968440844296,2023-01-23
-10.02,-2.21,0.0,0.2864226763802054,2023-01-24
-8.02,-0.71,1.59,0.3061110559708968,2023-01-25
-9.2,3.5,0.97,0.6009292559063041,2023-01-26
-19.16,-4.91,0.0,0.3445805010936574,2023-01-27
-24.29,-18.24,0.0,0.1,2023-01-28
-25.86,-19.84,0.0,0.1,2023-01-29
-25.8,-17.52,0.0,0.1216995199750588,2023-01-30
-23.22,-12.95,0.0,0.1838493605944654,2023-01-31
-23.28,-11.81,2.2,0.1948814873449878,2023-02-01
-27.97,-17.54,0.0,0.1363377957013638,2023-02-02
-19.83,-2.09,0.0,0.4653645875126624,2023-02-03
-7.36,0.07,0.0,0.4100303022897932,2023-02-04
-11.03,1.36,0.0,0.6006050538552272,2023-02-05
-4.66,0.54,0.0,0.2931808849207869,2023-02-06
-4.75,2.93,0.0,0.556584652411143,2023-02-07
-9.33,-0.45,1.32,0.4936472380428021,2023-02-08
-13.67,-2.6,0.0,0.4679201817454698,2023-02-09
-9.45,4.41,0.0,0.7934303302749851,2023-02-10
-6.75,1.1,0.0,0.5291586403468669,2023-02-11
-7.86,1.46,0.0,0.6134622460140362,2023-02-12
-4.0,3.34,0.0,0.6121222544110436,2023-02-13
-17.0,-5.14,0.0,0.4183462623307379,2023-02-14
-17.16,-9.91,0.0,0.2062966141237493,2023-02-15
-19.1,-1.97,0.0,0.5447768665130598,2023-02-16
-8.99,-0.57,0.0,0.5222814194297071,2023-02-17
-12.7,-4.14,0.0,0.4061625055416464,2023-02-18
-13.03,-6.61,1.39,0.2605243486917099,2023-02-19
-21.04,-11.27,0.0,0.2477012383592703,2023-02-20
-27.05,-18.2,0.0,0.1346296427450503,2023-02-21
-30.86,-25.65,0.0,0.1,2023-02-22
-29.81,-21.91,0.0,0.1,2023-02-23
-31.06,-20.03,0.0,0.1307448632349593,2023-02-24
-28.0,-12.23,0.0,0.2698934209272898,2023-02-25
-18.27,-3.17,0.0,0.5713496144024223,2023-02-26
-16.17,-6.33,0.0,0.4256191582735346,2023-02-27
-21.0,-11.18,0.0,0.2818323585374586,2023-02-28
-20.05,-7.37,0.0,0.4252651532472434,2023-03-01
-12.94,0.79,0.0,0.790299431309259,2023-03-02
-10.73,-0.78,0.0,0.6856487245493044,2023-03-03
-15.38,-5.52,0.0,0.4846485885518705,2023-03-04
-20.99,-11.99,0.0,0.271786363619569,2023-03-05
-25.54,-13.72,0.0,0.2594520009531639,2023-03-06
-18.29,-13.13,0.0,0.14898485805069,2023-03-07
-20.0,-14.26,1.02,0.1528501408401563,2023-03-08
-19.35,-11.26,0.0,0.292510533936073,2023-03-09
-14.59,-7.46,3.69,0.2959895392674457,2023-03-10
-12.67,-7.17,3.4,0.235826915417181,2023-03-11
-19.44,-9.28,0.0,0.4121004523746346,2023-03-12
-17.39,-3.4,0.0,0.6724157942592788,2023-03-13
-11.44,0.29,1.24,0.8834740069831918,2023-03-14
-15.11,-3.97,2.31,0.5432170558179842,2023-03-15
-14.75,-5.41,0.0,0.574176084510417,2023-03-16
-20.89,-8.22,0.0,0.4835255360571891,2023-03-17
-19.31,-1.0,0.0,0.7725857956838771,2023-03-18
-14.89,-3.16,0.0,0.7242835709047907,2023-03-19
-13.65,-7.05,0.0,0.4351702826973941,2023-03-20
-15.37,-6.8,0.0,0.5210115737611892,2023-03-21
-16.31,-6.74,0.0,0.5507649665574743,2023-03-22
-15.25,2.23,0.0,0.9687835166579838,2023-03-23
-14.59,-4.08,0.0,0.6931595093568085,2023-03-24
-19.22,-4.19,0.0,0.6872878994358976,2023-03-25
-14.43,-6.52,0.0,0.5289218384092056,2023-03-26
-19.49,-8.7,0.0,0.5001485592029471,2023-03-27
-21.75,-6.6,0.0,0.5896409006915757,2023-03-28
-18.4,-1.33,0.0,0.8187192861960942,2023-03-29
-12.63,-1.94,0.0,0.8496793457591724,2023-03-30
-14.89,-0.14,0.0,0.916647370768488,2023-03-31
-8.78,2.87,0.0,1.1055900842755737,2023-04-01
-8.57,-3.1,3.11,0.4524886064770796,2023-04-02
-13.86,-8.23,1.63,0.3683844522168932,2023-04-03
-19.48,-7.25,0.0,0.570137025544898,2023-04-04
-23.06,-6.37,0.0,0.5900876789808228,2023-04-05
-20.91,-4.52,0.0,0.6826374233891956,2023-04-06
-13.03,1.35,0.0,1.0217045737778585,2023-04-07
-3.88,6.17,0.0,1.3042670210207423,2023-04-08
0.32,8.05,0.0,1.3712561767567115,2023-04-09
2.57,9.21,0.0,1.3493062067285972,2023-04-10
0.73,10.61,0.0,1.569630287612905,2023-04-11
-0.13,8.25,0.0,1.4139306776022813,2023-04-12
-2.06,6.74,0.0,1.343100847406374,2023-04-13
-1.19,8.53,0.0,1.4652836026066218,2023-04-14
-2.09,11.93,0.0,1.7004329418295123,2023-04-15
-0.86,15.03,0.0,1.899887396907713,2023-04-16
2.48,16.31,0.0,1.935272834066458,2023-04-17
-0.1,6.66,4.89,0.9469699918054904,2023-04-18
-4.17,-0.42,8.33,0.243670117977165,2023-04-19
-5.46,-1.26,1.53,0.3334594572597219,2023-04-20
-5.31,1.81,0.0,0.7453878293698396,2023-04-21
-5.01,6.61,0.0,1.2797245587763797,2023-04-22
-5.04,8.94,0.0,1.480983329865719,2023-04-23
-1.77,10.89,0.0,1.6379646474896872,2023-04-24
1.88,16.82,1.78,2.022787833811363,2023-04-25
1.03,14.8,0.0,1.8946697863028656,2023-04-26
2.04,10.64,0.0,1.4691487272830877,2023-04-27
-0.62,18.6,0.0,2.1176174545351643,2023-04-28
-1.21,15.97,0.0,1.9657861317160987,2023-04-29
-2.1,15.92,0.0,1.9549023339191616,2023-04-30
-0.08,20.13,0.0,2.2211907301593805,2023-05-01
3.28,25.61,0.0,2.5770750790866868,2023-05-02
5.74,26.54,0.0,2.66337307642392,2023-05-03
6.28,26.61,0.0,2.674902137600327,2023-05-04
4.85,19.22,0.0,2.192693888071758,2023-05-05
4.46,16.67,0.0,2.01115383667977,2023-05-06
7.04,17.78,0.0,2.0554566984979155,2023-05-07
7.08,18.81,0.0,2.1460467503065996,2023-05-08
3.5,20.24,0.0,2.286501457088326,2023-05-09
7.27,20.67,0.0,2.2889625294570877,2023-05-10
5.71,20.45,0.0,2.293432314320208,2023-05-11
8.36,18.08,0.0,2.0328466878331493,2023-05-12
4.69,23.38,0.0,2.5014343906975403,2023-05-13
5.62,25.44,0.0,2.6376461563359648,2023-05-14
9.35,27.02,0.0,2.7429365448249103,2023-05-15
9.83,30.26,0.0,2.9623144457095747,2023-05-16
5.46,17.59,0.0,2.0645419208180895,2023-05-17
3.77,15.57,0.0,1.9294933100358056,2023-05-18
1.37,25.54,0.0,2.6040061602133173,2023-05-19
11.23,25.0,0.0,2.536110696044178,2023-05-20
6.98,24.74,0.0,2.5825432870722596,2023-05-21
11.84,30.68,4.37,2.719030028287311,2023-05-22
11.0,24.63,0.0,2.5034973599671355,2023-05-23
10.25,21.6,11.04,1.9788568580251575,2023-05-24
12.08,15.59,3.21,0.3776566247374495,2023-05-25
9.97,19.41,0.0,1.7983106697009137,2023-05-26
8.13,16.67,7.79,1.1832660081148334,2023-05-27
12.61,20.31,1.36,1.4807110534177728,2023-05-28
10.23,26.7,0.0,2.7400626256285525,2023-05-29
10.93,28.02,2.25,2.412390434822598,2023-05-30
11.64,29.86,0.0,2.972906281428391,2023-05-31
13.9,25.7,0.0,2.376305804499774,2023-06-01
12.62,22.5,0.0,1.9834770661210492,2023-06-02
15.96,25.27,5.21,1.6156568390731088,2023-06-03
14.95,29.42,0.0,2.839505430377988,2023-06-04
17.04,32.0,0.0,3.029702797096017,2023-06-05
15.78,26.34,0.0,2.2477489482760493,2023-06-06
12.64,28.12,0.0,2.8316671363287385,2023-06-07
13.22,29.06,0.0,2.9190145080685164,2023-06-08
11.62,24.97,0.0,2.5398105174047454,2023-06-09
10.06,23.65,0.0,2.516522588231913,2023-06-10
10.24,27.75,0.0,2.875099673700353,2023-06-11
11.96,29.71,0.0,3.003706489680124,2023-06-12
12.75,30.4,0.0,3.0483026393926895,2023-06-13
12.76,28.54,5.92,2.537983786950422,2023-06-14
8.67,17.3,0.0,1.5949263115883918,2023-06-15
6.2,24.52,0.0,2.6760331543015448,2023-06-16
12.03,20.61,0.0,1.764296243098468,2023-06-17
8.0,23.54,18.64,2.1653478075458574,2023-06-18
8.68,21.59,0.0,2.1311995734954796,2023-06-19
7.46,21.94,0.0,2.262966065880967,2023-06-20
7.49,20.13,0.0,2.0362577032740323,2023-06-21
7.6,23.46,0.0,2.440129825080154,2023-06-22
8.15,25.6,0.0,2.6347774394904606,2023-06-23
9.04,26.08,0.0,2.6349039057967745,2023-06-24
10.75,28.8,0.0,2.8437879523494325,2023-06-25
11.2,25.59,0.0,2.4344216287070557,2023-06-26
10.98,28.06,0.0,2.728168788490715,2023-06-27
11.31,25.33,0.0,2.372351109044576,2023-06-28
10.01,27.55,0.0,2.713536538964319,2023-06-29
14.04,29.76,0.0,2.764512668916008,2023-06-30
13.78,32.27,0.0,3.048076776211928,2023-07-01
12.23,22.48,0.0,1.823495812393482,2023-07-02
9.53,21.45,0.0,1.973326800238039,2023-07-03
7.5,18.94,0.0,1.7804799478997118,2023-07-04
6.42,23.86,0.0,2.4652915159754767,2023-07-05
8.52,26.31,0.0,2.638564668083065,2023-07-06
8.15,24.81,0.0,2.4856709774154284,2023-07-07
8.97,28.15,0.0,2.795328312673873,2023-07-08
11.51,30.19,0.0,2.9096928763650265,2023-07-09
10.64,23.6,0.0,2.140796809285971,2023-07-10
9.4,21.38,0.0,1.9245714069300384,2023-07-11
9.26,24.47,0.0,2.3696678175251633,2023-07-12
11.62,25.64,0.0,2.363657814159537,2023-07-13
10.59,22.56,0.0,1.9987565504837488,2023-07-14
8.14,24.14,0.0,2.3736841551493515,2023-07-15
8.22,23.51,0.0,2.2954112966058573,2023-07-16
9.19,26.64,7.55,2.139806700645678,2023-07-17
11.27,19.54,4.54,0.9761353231671124,2023-07-18
13.03,23.93,0.0,1.9234065263170947,2023-07-19
10.58,27.05,0.0,2.591028207025494,2023-07-20
11.32,29.23,0.0,2.781067159883281,2023-07-21
11.66,29.63,0.0,2.7978896961963486,2023-07-22
14.42,30.45,0.0,2.7417906468634494,2023-07-23
15.84,34.79,0.0,3.1369937546541635,2023-07-24
18.41,33.3,0.0,2.8118685106299495,2023-07-25
11.77,26.93,0.0,2.4716048775054675,2023-07-26
9.17,21.84,0.0,1.9735885337073449,2023-07-27
7.84,20.89,0.0,1.9417387975130436,2023-07-28
5.99,23.74,0.0,2.356750478956932,2023-07-29
9.25,29.59,0.0,2.81261023547555,2023-07-30
15.58,32.72,0.0,2.888037486594516,2023-07-31
12.63,32.12,0.0,2.92912777560237,2023-08-01
12.79,30.48,0.0,2.737605571401031,2023-08-02
14.18,36.56,0.0,3.231609864976983,2023-08-03
13.92,27.7,0.0,2.2757486704050764,2023-08-04
9.95,27.39,0.0,2.4903255492824132,2023-08-05
9.07,26.59,0.0,2.430831411477594,2023-08-06
9.25,28.38,0.0,2.5918104006887064,2023-08-07
10.04,24.04,0.0,2.05882105675664,2023-08-08
11.22,20.04,12.03,0.9775572162162942,2023-08-09
11.84,24.34,6.0,1.4322040024372158,2023-08-10
11.61,22.34,0.0,1.4611717022352626,2023-08-11
9.71,22.71,3.92,1.3680221011595135,2023-08-12
9.72,25.95,0.0,2.065442338246506,2023-08-13
12.6,33.35,0.0,2.6517858634347387,2023-08-14
14.45,30.22,0.0,2.2031070251811053,2023-08-15
11.79,23.45,0.0,1.527192789117043,2023-08-16
8.73,31.62,0.0,2.5675476001928215,2023-08-17
13.99,25.32,0.0,1.5037617174519526,2023-08-18
8.01,20.35,0.0,1.4198024448468982,2023-08-19
4.46,21.36,3.03,1.4524974715963983,2023-08-20
11.82,18.55,20.78,0.6449764421870805,2023-08-21
13.07,18.02,11.61,0.4918724209311673,2023-08-22
13.76,23.98,0.0,1.198671618834482,2023-08-23
10.65,22.81,0.0,1.4000823711873591,2023-08-24
10.14,21.04,0.0,1.2029520754057954,2023-08-25
9.68,29.4,0.0,2.2028127887967615,2023-08-26
11.53,27.79,0.0,1.9418008382754457,2023-08-27
10.84,30.2,0.0,2.2000471762703335,2023-08-28
12.43,31.7,0.0,2.266333984888134,2023-08-29
15.02,27.39,0.0,1.5645514844499386,2023-08-30
11.87,21.54,4.63,0.9042483013569788,2023-08-31
13.13,27.4,0.0,1.7128123050004187,2023-09-01
13.28,28.24,0.0,1.8329892224460524,2023-09-02
8.41,30.49,0.0,2.243193980788261,2023-09-03
9.72,20.83,0.0,1.1872331261731035,2023-09-04
2.01,16.85,0.0,1.2874122584788428,2023-09-05
8.67,23.47,0.0,1.5756524297035153,2023-09-06
8.0,21.39,0.0,1.38058642240778,2023-09-07
3.64,22.25,0.0,1.6543269054546592,2023-09-08
7.12,23.15,0.0,1.5752526533738682,2023-09-09
6.75,24.25,0.0,1.6737166637332686,2023-09-10
6.53,22.09,0.0,1.4650437109766965,2023-09-11
8.52,28.19,0.0,1.904833113878547,2023-09-12
11.09,22.68,0.77,1.196056609671836,2023-09-13
7.06,20.08,0.0,1.2173420691795411,2023-09-14
4.45,21.92,0.0,1.5191768098843297,2023-09-15
6.81,29.61,0.0,2.027713362109589,2023-09-16
7.14,31.07,0.0,2.2220498420343473,2023-09-17
9.15,27.09,0.0,1.8369722215719249,2023-09-18
6.19,18.52,0.62,1.1296132754224948,2023-09-19
5.45,19.92,0.0,1.3012182264370893,2023-09-20
2.88,20.98,0.0,1.4840844813518292,2023-09-21
4.15,22.01,0.0,1.5052721358196093,2023-09-22
10.05,19.59,0.0,0.8301806758889902,2023-09-23
10.63,23.97,0.0,1.2899216596856935,2023-09-24
6.71,26.13,0.0,1.7068877686162145,2023-09-25
12.09,29.78,0.0,1.757234040534443,2023-09-26
10.07,23.65,0.0,1.25670466537441,2023-09-27
5.61,19.17,0.0,1.0939456713583686,2023-09-28
2.5,18.14,1.73,1.1520729820555389,2023-09-29
2.59,9.86,16.06,0.4602147191173302,2023-09-30
7.02,9.16,5.33,0.1623765454978104,2023-10-01
6.33,13.67,2.53,0.5195715046756267,2023-10-02
5.23,15.72,0.0,0.780283652581427,2023-10-03
3.04,14.08,1.23,0.7655837534530295,2023-10-04
-1.08,8.07,0.0,0.5509989776761737,2023-10-05
-5.43,11.3,0.0,0.8562646637949393,2023-10-06
4.53,21.34,0.0,1.1710466342829482,2023-10-07
3.28,22.61,0.0,1.2798264323379287,2023-10-08
4.29,22.14,0.0,1.2152384207707347,2023-10-09
3.67,20.86,0.0,1.149949524539687,2023-10-10
3.76,16.08,0.0,0.8373411904794293,2023-10-11
1.59,9.66,0.0,0.5132237555274675,2023-10-12
-2.63,11.74,0.0,0.78727487778425,2023-10-13
-0.46,11.94,0.0,0.729247024027972,2023-10-14
-0.04,15.37,0.0,0.9104755096339734,2023-10-15
1.63,18.57,0.0,1.0437334582971602,2023-10-16
7.98,18.94,0.0,0.818171441951664,2023-10-17
3.2,15.34,0.0,0.7920784529037215,2023-10-18
4.4,21.79,0.0,1.1384153694806536,2023-10-19
3.91,14.59,0.0,0.706292104127205,2023-10-20
-2.88,10.96,0.0,0.7266044673515598,2023-10-21
1.41,9.5,0.0,0.4924098981863672,2023-10-22
-3.72,1.44,5.72,0.2390352102528051,2023-10-23
-11.47,-4.18,0.0,0.2539122509920686,2023-10-24
-15.65,-5.31,0.0,0.2951703903947846,2023-10-25
-13.32,-4.66,0.0,0.2766383426142494,2023-10-26
-8.68,-3.39,0.67,0.2134429058084127,2023-10-27
-10.48,-3.21,0.5,0.2726601396086628,2023-10-28
-8.67,-0.86,0.0,0.3201257800955602,2023-10-29
-13.44,-4.16,0.0,0.2997133479085742,2023-10-30
-13.13,2.1,0.0,0.5086335860827851,2023-10-31
-8.69,0.17,0.0,0.3555030228916903,2023-11-01
-6.11,3.84,0.0,0.4476103321944064,2023-11-02
-5.79,1.09,0.0,0.3088786854064204,2023-11-03
-5.38,4.02,1.37,0.4312908709595036,2023-11-04
-0.48,2.96,1.09,0.1844073576945152,2023-11-05
0.12,2.86,0.02,0.1516269374815927,2023-11-06
-0.14,2.73,5.78,0.1482397467676695,2023-11-07
-1.7,3.85,0.0,0.2881316809830718,2023-11-08
-5.92,0.71,0.0,0.2901036209137658,2023-11-09
-7.18,2.52,0.0,0.4016086068381626,2023-11-10
-3.48,7.88,0.0,0.5442118772084735,2023-11-11
-2.62,8.36,0.0,0.5419100965324269,2023-11-12
-3.28,9.28,0.0,0.5997129351888777,2023-11-13
-2.56,7.43,0.0,0.4919794719571044,2023-11-14
-5.08,6.33,0.0,0.506634589471249,2023-11-15
-9.85,2.9,0.0,0.4580469038312246,2023-11-16
-3.24,11.11,0.0,0.6740190260327819,2023-11-17
-2.73,13.91,0.0,0.7884291187255011,2023-11-18
-0.93,11.96,0.0,0.6550667037245375,2023-11-19
-4.26,4.98,0.0,0.4165474918703573,2023-11-20
-9.43,8.24,0.0,0.6396684309054875,2023-11-21
-8.92,-0.62,0.0,0.3002176176211323,2023-11-22
-16.52,-6.5,0.0,0.2450784634860123,2023-11-23
-12.31,0.45,0.0,0.3953798419992222,2023-11-24
-8.3,0.44,0.0,0.3223436803508755,2023-11-25
-14.65,-4.38,0.3,0.2806969247204517,2023-11-26
-8.91,0.85,0.0,0.3539526131687815,2023-11-27
-4.73,5.23,0.0,0.4248942789066192,2023-11-28
-5.94,2.57,0.0,0.3433868083108452,2023-11-29
-10.26,-1.41,0.0,0.2925991742042139,2023-11-30
-14.67,-0.86,0.0,0.3741146450080016,2023-12-01
-11.88,0.22,0.0,0.3732423233074255,2023-12-02
-13.55,0.78,0.0,0.4102747762042292,2023-12-03
-8.1,0.83,0.0,0.3236784910404254,2023-12-04
-8.62,7.55,0.0,0.5835973701216352,2023-12-05
-3.59,7.5,0.0,0.4853039694189675,2023-12-06
-0.73,3.2,0.78,0.188150041078018,2023-12-07
-6.7,-0.02,0.0,0.2517363754401258,2023-12-08
-9.43,-0.75,0.0,0.2909208024094735,2023-12-09
-7.78,0.92,0.0,0.3147220365831963,2023-12-10
-11.81,-2.32,0.0,0.2835572226812847,2023-12-11
-13.52,0.85,0.0,0.405943605149896,2023-12-12
-6.46,8.24,0.0,0.5722138848613816,2023-12-13
-3.92,6.28,0.0,0.4354410118907466,2023-12-14
-5.18,4.28,0.0,0.3825772074006536,2023-12-15
-3.57,4.18,0.0,0.3334975285785947,2023-12-16
-9.82,0.57,0.0,0.3437019918908242,2023-12-17
-10.59,2.75,0.0,0.4316192617416436,2023-12-18
-3.93,-1.01,0.0,0.1218482753267651,2023-12-19
-5.09,6.44,0.0,0.4723177721207585,2023-12-20
-6.37,3.82,0.0,0.3948012627245377,2023-12-21
-5.59,9.49,0.0,0.6086833506171854,2023-12-22
-5.89,2.02,0.0,0.3102510835604645,2023-12-23
-12.39,0.38,0.0,0.3781882868143201,2023-12-24
-10.59,4.76,0.0,0.5012849157184718,2023-12-25
-9.47,7.24,0.0,0.5768943389393353,2023-12-26
-8.14,6.24,0.0,0.5216676392758128,2023-12-27
-8.12,9.44,0.0,0.6431979095486041,2023-12-28
-8.54,3.84,0.0,0.4378553063773965,2023-12-29
-13.04,0.76,0.0,0.3976525468799336,2023-12-30
-8.93,3.64,0.0,0.4380878990015379,2023-12-31
