MinTemp,MaxTemp,Precipitation,ReferenceET,Date
-31.12,-13.19,0.0,0.1818029510363684,2018-01-01
-20.63,-5.0,0.0,0.3066559233413484,2018-01-02
-14.42,-2.56,0.0,0.3196050579946856,2018-01-03
-13.85,-5.87,0.0,0.2148934692512734,2018-01-04
-14.02,-6.74,0.0,0.1931178375425882,2018-01-05
-12.36,0.86,0.0,0.4009029577188287,2018-01-06
-8.45,1.23,0.0,0.3479166656549044,2018-01-07
-9.68,-2.27,0.0,0.248369128744584,2018-01-08
-11.52,-0.59,0.0,0.3433282818225813,2018-01-09
-24.08,-16.18,0.29,0.1151544055214214,2018-01-10
-29.26,-21.83,0.0,0.1,2018-01-11
-31.21,-19.94,0.0,0.1044030259393771,2018-01-12
-27.52,-8.54,0.0,0.2554055489099926,2018-01-13
-22.71,-9.87,0.0,0.2204101830840438,2018-01-14
-29.3,-15.6,0.0,0.1528297661350171,2018-01-15
-20.84,-0.65,0.0,0.419159170343252,2018-01-16
-9.04,4.12,0.35,0.4799487910898841,2018-01-17
-7.55,8.11,0.0,0.6568913250319496,2018-01-18
-4.92,4.29,0.0,0.3990840400477349,2018-01-19
-8.05,0.84,0.0,0.3366780972202361,2018-01-20
-12.01,-1.49,0.0,0.333308102471194,2018-01-21
-11.04,3.62,0.0,0.5169738354709105,2018-01-22
-10.74,-0.3,0.0,0.3546483485282099,2018-01-23
-10.75,-3.23,0.0,0.2516076344393583,2018-01-24
-9.73,-1.71,0.0,0.2844939892211387,2018-01-25
-12.69,-6.97,0.63,0.1716301541138002,2018-01-26
-20.4,-13.3,0.0,0.1382053362496103,2018-01-27
-22.56,-14.47,0.0,0.1391687291551062,2018-01-28
-23.24,-3.0,0.0,0.3809912012912139,2018-01-29
-12.33,3.07,0.0,0.555614835771782,2018-01-30
-23.39,-13.7,0.0,0.1643025586570591,2018-01-31
-26.45,-15.26,0.0,0.1582583347638071,2018-02-01
-21.86,-17.46,2.97,0.1,2018-02-02
-27.32,-20.64,1.06,0.1,2018-02-03
-28.63,-16.57,0.0,0.1503911256045463,2018-02-04
-26.39,-15.32,0.0,0.1608120565601997,2018-02-05
-27.74,-17.49,0.0,0.1347166647471915,2018-02-06
-27.83,-14.36,0.0,0.1834710945504631,2018-02-07
-26.81,-17.14,0.0,0.1359321347828953,2018-02-08
-28.46,-15.91,0.0,0.1633488145954825,2018-02-09
-20.84,-9.34,0.0,0.2546901089023086,2018-02-10
-27.73,-15.58,0.0,0.1673333880598888,2018-02-11
-32.08,-12.62,0.0,0.2160045948792539,2018-02-12
-18.47,2.01,0.0,0.6576159404594546,2018-02-13
-14.59,1.28,1.79,0.6549750426512865,2018-02-14
-27.71,-13.28,0.0,0.2101680109747999,2018-02-15
-21.26,-4.45,0.0,0.4445350927453492,2018-02-16
-19.1,-10.2,0.0,0.221895196839791,2018-02-17
-22.69,-12.58,0.0,0.200044136054452,2018-02-18
-27.67,-13.48,0.0,0.2161929204328911,2018-02-19
-23.38,-11.92,0.0,0.2345989359716728,2018-02-20
-29.91,-9.77,0.0,0.296719148836214,2018-02-21
-24.7,-8.56,0.0,0.3435046383164331,2018-02-22
-19.92,-5.99,0.0,0.4224550053836597,2018-02-23
-16.59,-1.54,0.0,0.5997718559970768,2018-02-24
-16.6,-1.3,0.0,0.6141673511171979,2018-02-25
-15.07,-4.49,0.0,0.4447935544493643,2018-02-26
-14.95,-1.57,0.0,0.605350898145475,2018-02-27
-13.52,0.67,0.0,0.7253935263072816,2018-02-28
-17.54,-2.51,0.0,0.5885947557619319,2018-03-01
-14.1,-3.94,0.0,0.4836346328053828,2018-03-02
-7.96,-3.99,3.39,0.1662287539227947,2018-03-03
-10.91,-5.05,6.81,0.2160276734985406,2018-03-04
-14.28,-8.7,0.7,0.1882052684154714,2018-03-05
-17.36,-7.23,0.0,0.3656455834897971,2018-03-06
-23.53,-6.62,0.0,0.4357919970002183,2018-03-07
-23.99,-8.06,0.0,0.393035015369914,2018-03-08
-13.08,-1.54,0.0,0.6219524866367075,2018-03-09
-12.26,-1.17,0.0,0.6364406461475995,2018-03-10
-13.9,2.69,0.0,0.8788890228345824,2018-03-11
-15.5,-0.78,0.0,0.7065666539240483,2018-03-12
-15.48,2.22,0.0,0.858112035031154,2018-03-13
-15.43,-1.18,0.0,0.7001854400739548,2018-03-14
-10.65,-2.85,0.0,0.4935701298223518,2018-03-15
-7.17,2.07,0.0,0.8017423248945681,2018-03-16
-4.15,0.2,1.99,0.3560756932697707,2018-03-17
-6.26,1.18,0.78,0.6678943909101501,2018-03-18
-8.94,-0.15,0.0,0.6786467015621331,2018-03-19
-7.98,1.98,0.0,0.8439107373313497,2018-03-20
-10.61,2.54,0.0,0.9493674120667656,2018-03-21
-9.09,0.99,0.0,0.8156936898462565,2018-03-22
-4.72,0.8,3.86,0.3976903374048757,2018-03-23
-9.08,3.06,0.0,0.9907181421740784,2018-03-24
-6.35,1.69,0.0,0.8014296930444575,2018-03-25
-7.47,4.55,0.0,1.1196352291265852,2018-03-26
-9.8,3.8,0.0,1.091039583772337,2018-03-27
-14.19,-1.97,0.38,0.7618180520697617,2018-03-28
-19.56,-7.37,0.51,0.5113678189813988,2018-03-29
-22.51,-12.24,0.0,0.3344137813952675,2018-03-30
-21.73,-9.53,0.0,0.4500115019699368,2018-03-31
-18.59,-5.34,0.0,0.6329950310191714,2018-04-01
-20.2,-5.16,0.0,0.6360192682123951,2018-04-02
-16.78,-3.91,0.0,0.7051115089819923,2018-04-03
-18.04,-2.54,0.0,0.7695176436205089,2018-04-04
-18.51,-8.35,0.0,0.4809350893452215,2018-04-05
-22.97,-8.97,0.0,0.4867254127381102,2018-04-06
-21.21,-4.43,0.0,0.6760392555232785,2018-04-07
-12.61,-2.4,0.0,0.7837076954524411,2018-04-08
-7.23,0.73,0.0,0.8915762435578621,2018-04-09
-10.41,6.87,0.0,1.3165380314178323,2018-04-10
-3.09,1.5,0.95,0.6514220635203073,2018-04-11
-4.95,-0.3,0.0,0.5886818205569321,2018-04-12
-5.11,1.38,0.0,0.8936293077095453,2018-04-13
-2.94,7.42,0.0,1.4268360766003905,2018-04-14
-3.6,8.94,0.0,1.53049405966318,2018-04-15
-1.0,5.09,2.34,0.8531142752871993,2018-04-16
-1.94,1.91,4.83,0.3904374640769516,2018-04-17
-5.23,10.0,0.0,1.594823838962235,2018-04-18
-1.77,12.42,0.0,1.767386119084342,2018-04-19
-0.28,18.26,0.0,2.1308937972540365,2018-04-20
1.27,19.67,0.0,2.2346303966433956,2018-04-21
2.85,14.05,0.0,1.8538712674068136,2018-04-22
-0.46,13.28,0.0,1.8280368950056811,2018-04-23
-1.14,20.5,0.0,2.2506158057631103,2018-04-24
3.06,17.29,0.0,2.0258167998985104,2018-04-25
-0.58,21.85,0.0,2.2630528130229237,2018-04-26
-0.53,16.49,0.0,1.9677225817473676,2018-04-27
1.39,26.68,0.0,2.562800315458207,2018-04-28
6.15,20.15,0.0,2.2044094730176664,2018-04-29
0.5,11.94,0.0,1.663914782542566,2018-04-30
-2.94,16.9,0.0,1.9726268705577463,2018-05-01
1.17,18.54,0.0,2.1176633857970364,2018-05-02
5.63,21.63,0.0,2.328925862145759,2018-05-03
4.2,24.04,0.0,2.4878416501924527,2018-05-04
4.99,24.62,0.0,2.529486348050757,2018-05-05
4.57,27.3,0.0,2.688436810924014,2018-05-06
11.2,26.75,0.0,2.649798378484181,2018-05-07
8.2,16.51,6.22,1.5696137256706155,2018-05-08
3.08,13.63,0.0,1.754758212633174,2018-05-09
2.7,10.92,2.71,1.1167322357659473,2018-05-10
4.36,10.28,1.6,1.009443742654096,2018-05-11
2.54,19.13,0.0,2.1879392319900077,2018-05-12
6.73,26.24,0.0,2.6675171930497834,2018-05-13
3.55,24.81,0.0,2.559876468506286,2018-05-14
11.15,31.64,0.0,3.015943262126767,2018-05-15
9.58,27.6,0.0,2.741359664054431,2018-05-16
7.29,14.5,2.59,1.0557331585799223,2018-05-17
3.96,18.4,0.0,2.111104965990565,2018-05-18
2.55,22.05,0.0,2.381005867997865,2018-05-19
2.76,25.3,0.0,2.5936749106331645,2018-05-20
10.38,30.21,0.0,2.9342469548684917,2018-05-21
10.44,27.14,0.0,2.704360350870461,2018-05-22
9.46,29.71,3.56,2.6586551509900525,2018-05-23
11.72,26.78,1.81,2.6538053043338072,2018-05-24
10.55,27.13,0.0,2.7106907712071724,2018-05-25
10.06,30.24,1.37,2.955850007710575,2018-05-26
9.78,25.72,0.0,2.620465914274558,2018-05-27
9.43,30.76,0.0,3.004855719333561,2018-05-28
13.25,27.1,0.0,2.6565854280469914,2018-05-29
10.28,23.59,5.56,2.0720599783103264,2018-05-30
8.88,14.21,0.0,0.8283305843354476,2018-05-31
8.54,14.07,8.56,0.6256353039851599,2018-06-01
7.33,18.35,0.0,1.8516273587921852,2018-06-02
7.41,24.07,0.0,2.5769960768812727,2018-06-03
9.68,28.11,2.15,2.6096731018965675,2018-06-04
9.41,21.14,0.0,2.2313803528807057,2018-06-05
6.55,27.33,0.0,2.8258361931267326,2018-06-06
8.5,27.74,0.0,2.846871685043884,2018-06-07
13.07,24.75,0.0,2.440839154688063,2018-06-08
12.79,30.65,0.0,3.010603409253245,2018-06-09
13.46,24.71,0.0,2.3597484021290596,2018-06-10
6.77,18.04,0.0,1.9326117874193915,2018-06-11
7.18,22.15,0.0,2.4312738325800765,2018-06-12
7.21,26.15,0.0,2.7447059346876364,2018-06-13
8.92,23.57,1.29,2.5254927547577624,2018-06-14
9.1,23.6,0.0,2.5289513442745135,2018-06-15
7.28,21.52,0.0,2.3831919088964324,2018-06-16
7.92,25.56,0.0,2.698276560407624,2018-06-17
8.75,27.82,0.0,2.861274580383565,2018-06-18
10.85,27.1,0.0,2.784346652121214,2018-06-19
10.48,29.71,0.0,2.992192122382638,2018-06-20
12.19,29.77,0.0,2.974252744978697,2018-06-21
14.07,28.65,0.0,2.8405493038205933,2018-06-22
12.75,27.32,9.69,2.5061576904563196,2018-06-23
15.34,26.56,0.0,2.4781577214369968,2018-06-24
14.11,29.68,0.0,2.9395315261364483,2018-06-25
12.18,24.79,0.0,2.5305393491867383,2018-06-26
7.13,25.38,0.0,2.7132954292423914,2018-06-27
7.61,24.12,0.0,2.612054094483649,2018-06-28
10.43,23.42,0.0,2.476096426437003,2018-06-29
12.39,24.69,6.02,2.026094317759541,2018-06-30
11.28,20.22,5.42,1.3158216805204157,2018-07-01
9.0,22.58,3.76,1.847669531535626,2018-07-02
6.52,20.84,8.65,1.7626894622186606,2018-07-03
10.78,19.23,5.29,1.0429832589942194,2018-07-04
8.14,24.89,0.0,2.431247911850135,2018-07-05
14.05,33.21,0.0,3.0651581327940245,2018-07-06
14.11,30.7,0.0,2.790855678980778,2018-07-07
10.7,24.62,0.0,2.233749253006942,2018-07-08
9.16,27.64,0.0,2.6684786830772538,2018-07-09
13.09,29.22,5.46,2.160860254998537,2018-07-10
14.79,25.45,0.0,1.8408558114324705,2018-07-11
14.29,28.88,0.0,2.454733007005194,2018-07-12
13.6,32.16,0.0,2.889993929171213,2018-07-13
12.22,21.37,0.0,1.4477009229527082,2018-07-14
8.66,24.99,0.0,2.3372537802626945,2018-07-15
6.6,26.27,0.0,2.545064402969651,2018-07-16
10.11,34.39,0.0,3.192118885450516,2018-07-17
15.8,31.08,0.0,2.660388075920191,2018-07-18
13.98,28.23,0.0,2.4199611670616044,2018-07-19
12.72,29.36,0.0,2.653052258861315,2018-07-20
15.66,27.02,0.0,2.0437398196975853,2018-07-21
11.61,23.27,0.0,1.902430877777768,2018-07-22
9.58,23.33,0.0,2.0974769212567654,2018-07-23
8.32,23.31,0.0,2.165698564636458,2018-07-24
9.05,22.06,0.0,1.9466372130760967,2018-07-25
6.79,23.84,0.0,2.281418581830054,2018-07-26
9.22,24.26,0.0,2.2071667046771415,2018-07-27
9.0,27.17,0.0,2.52733544984729,2018-07-28
8.89,29.57,0.0,2.733803564047607,2018-07-29
11.73,32.25,0.0,2.883958758989748,2018-07-30
11.78,24.71,0.0,1.987897759416372,2018-07-31
7.8,28.2,0.57,2.5865947278046177,2018-08-01
14.68,30.87,3.74,2.0722118494703583,2018-08-02
13.31,28.75,2.65,1.8785187646743235,2018-08-03
13.3,22.93,2.15,1.058687394270505,2018-08-04
13.05,23.4,3.89,1.157361187922075,2018-08-05
10.91,29.28,0.0,2.4302765530493136,2018-08-06
12.72,30.93,0.0,2.547998786939158,2018-08-07
11.52,29.95,0.0,2.4939127786503827,2018-08-08
13.04,33.71,0.0,2.799848040084148,2018-08-09
14.11,38.58,0.0,3.154789723679695,2018-08-10
15.03,34.52,0.0,2.756696606339278,2018-08-11
12.76,23.58,0.0,1.512657115100701,2018-08-12
8.27,17.34,0.0,1.0483323912296505,2018-08-13
3.87,27.72,0.0,2.4227643572141524,2018-08-14
11.1,28.95,0.0,2.332995801079596,2018-08-15
9.64,28.16,0.0,2.338405394195577,2018-08-16
10.24,32.02,0.0,2.649172931908391,2018-08-17
10.72,24.9,0.0,1.8674855394442735,2018-08-18
4.01,23.94,0.0,2.0791810412888383,2018-08-19
5.26,23.55,0.0,1.989173230702306,2018-08-20
5.38,27.28,0.0,2.291538529944752,2018-08-21
10.27,30.86,0.0,2.4828303638611997,2018-08-22
8.73,28.28,0.0,2.2961208201391594,2018-08-23
8.12,20.95,0.0,1.4959868273143873,2018-08-24
7.35,19.38,0.0,1.3613985660837582,2018-08-25
7.67,17.83,3.35,0.8587203845819348,2018-08-26
7.97,13.72,5.28,0.4841108003915206,2018-08-27
6.78,18.54,0.0,1.2395525642820198,2018-08-28
6.27,27.15,0.0,2.1990722826855715,2018-08-29
9.89,22.83,0.95,1.5436204035791747,2018-08-30
7.36,20.05,0.0,1.464332628905885,2018-08-31
6.69,20.27,0.0,1.5331419915614448,2018-09-01
3.6,20.22,0.0,1.676987054806837,2018-09-02
4.93,21.95,0.0,1.789116551482141,2018-09-03
2.71,14.63,0.0,1.1153841930925987,2018-09-04
-0.47,21.84,0.0,1.857450523932071,2018-09-05
3.16,24.88,0.0,2.030528642114126,2018-09-06
6.76,24.74,0.0,1.9151762044766636,2018-09-07
11.13,27.21,0.0,1.9353550269947088,2018-09-08
8.11,22.23,0.0,1.5700968894653335,2018-09-09
3.43,21.94,0.0,1.7458532432539198,2018-09-10
6.04,17.28,0.0,1.1022146608148586,2018-09-11
4.45,14.79,2.89,0.7475220256819959,2018-09-12
3.85,11.92,1.26,0.6333547813928918,2018-09-13
2.61,8.98,0.0,0.4791398179953915,2018-09-14
5.55,11.81,4.28,0.4699770693621792,2018-09-15
6.52,10.14,8.19,0.2823503981862145,2018-09-16
4.2,12.16,0.45,0.6375378366731463,2018-09-17
4.54,11.47,0.0,0.5621306756944259,2018-09-18
2.16,15.11,0.0,1.0383886806098526,2018-09-19
3.17,11.82,0.0,0.6749625444640102,2018-09-20
0.71,7.59,3.63,0.4484250908396017,2018-09-21
-0.31,1.24,8.69,0.1042721298673181,2018-09-22
-0.35,3.38,0.37,0.2606077766442027,2018-09-23
-0.24,12.42,0.78,0.9015959993177268,2018-09-24
1.69,13.53,0.84,0.8831678022131355,2018-09-25
3.26,16.2,0.0,1.0176839793629135,2018-09-26
-1.76,8.65,0.0,0.6728674715697787,2018-09-27
-3.83,8.16,0.0,0.7135636210379899,2018-09-28
-1.91,7.33,0.0,0.5924586919390822,2018-09-29
-7.73,4.44,0.62,0.6340111022075072,2018-09-30
-1.74,4.84,1.73,0.4207581745432286,2018-10-01
-1.41,3.76,2.04,0.3035656429885565,2018-10-02
-2.11,6.11,0.0,0.5206967336336118,2018-10-03
-5.87,6.1,0.0,0.6573851191476284,2018-10-04
-3.14,8.6,0.0,0.7377539444043724,2018-10-05
-4.9,12.41,0.0,1.018889491423829,2018-10-06
-2.75,13.73,0.0,1.0571574339576726,2018-10-07
-2.37,1.48,0.0,0.2370665730228073,2018-10-08
-4.07,2.1,0.0,0.357310591065036,2018-10-09
-7.88,4.97,0.0,0.634002739859854,2018-10-10
-9.14,6.32,0.0,0.7171559575427373,2018-10-11
-4.74,7.09,7.75,0.5898078616853779,2018-10-12
-4.79,-0.6,0.0,0.2275821379450767,2018-10-13
-8.93,3.82,0.0,0.5683623969350944,2018-10-14
-0.26,13.41,0.0,0.8681572920242883,2018-10-15
-0.85,10.27,0.0,0.6771379748302412,2018-10-16
-1.34,21.21,0.0,1.3249799792202273,2018-10-17
2.18,19.21,0.0,1.1312317097478035,2018-10-18
-3.4,13.32,0.0,0.8825294774316217,2018-10-19
-7.54,17.0,0.0,1.104408449599768,2018-10-20
-1.46,14.21,0.0,0.871853540944161,2018-10-21
-6.07,11.16,0.0,0.8018144508949601,2018-10-22
-4.5,16.19,0.0,1.0073062307255272,2018-10-23
-1.78,19.19,0.0,1.116094138010065,2018-10-24
-0.7,15.46,0.0,0.8925477845954256,2018-10-25
-2.46,12.52,0.0,0.7771613698975041,2018-10-26
-1.04,12.98,0.0,0.7600697697175675,2018-10-27
-5.23,9.66,0.0,0.6894336175148361,2018-10-28
0.4,9.16,0.0,0.493135284603964,2018-10-29
-1.8,7.0,0.0,0.4556018941398287,2018-10-30
-3.19,10.21,0.0,0.6589384414495988,2018-10-31
-2.86,4.55,1.5,0.3613973622636764,2018-11-01
-2.07,0.36,2.95,0.1148935243636757,2018-11-02
-4.88,1.44,0.0,0.2809616544095074,2018-11-03
-2.41,3.88,3.2,0.293459145883281,2018-11-04
-8.34,-0.45,1.67,0.3089962712725327,2018-11-05
-12.56,-8.51,0.19,0.1234571556234068,2018-11-06
-12.41,-9.69,0.0,0.1,2018-11-07
-18.1,-9.65,0.0,0.1955714650317347,2018-11-08
-21.84,-4.28,2.17,0.3368321539880091,2018-11-09
-9.88,-3.6,0.69,0.2211454663455044,2018-11-10
-11.42,-6.37,0.0,0.1625756506635443,2018-11-11
-15.45,-4.86,0.0,0.2863340329039973,2018-11-12
-8.43,4.34,0.0,0.4934487982516413,2018-11-13
-2.39,5.27,0.0,0.3740189793090649,2018-11-14
-2.43,3.43,0.0,0.2831586557909583,2018-11-15
-17.76,-5.1,0.0,0.3025913034732879,2018-11-16
-19.09,-5.79,0.0,0.2951351985985069,2018-11-17
-11.63,-6.76,0.74,0.1519379691581904,2018-11-18
-14.41,1.07,0.0,0.4485122255241633,2018-11-19
-5.74,2.21,0.0,0.3365142791278653,2018-11-20
-5.57,1.16,0.0,0.2860392617290656,2018-11-21
-2.7,6.1,0.0,0.4227473100259577,2018-11-22
-5.33,3.2,0.0,0.3688381562415893,2018-11-23
-7.79,-4.75,0.0,0.1146131339530126,2018-11-24
-7.88,-4.6,0.0,0.1236721641497983,2018-11-25
-6.87,-3.16,0.0,0.1479173342345458,2018-11-26
-4.96,-1.05,0.0,0.1702968836451513,2018-11-27
-6.56,-3.04,0.0,0.1418550044178085,2018-11-28
-5.51,-0.27,0.0,0.2193932248364846,2018-11-29
-7.62,-3.44,0.0,0.1581001692015833,2018-11-30
-7.33,-4.93,3.76,0.1,2018-12-01
-9.08,-4.03,0.0,0.1819196530118793,2018-12-02
-13.21,-5.02,0.0,0.2401377503626109,2018-12-03
-13.7,-6.55,0.65,0.202748568149236,2018-12-04
-13.66,-6.15,0.24,0.2134800446041907,2018-12-05
-14.45,-7.96,0.0,0.1751520684822796,2018-12-06
-18.75,-7.37,0.0,0.245251525070079,2018-12-07
-18.12,-7.15,0.0,0.2445391407824915,2018-12-08
-14.88,-3.08,0.0,0.3161698167011432,2018-12-09
-14.06,0.89,0.0,0.4218288423692502,2018-12-10
-8.11,0.99,0.0,0.3370077345213025,2018-12-11
-5.7,1.04,0.0,0.2770158783644706,2018-12-12
-9.51,3.02,0.0,0.4366161155895416,2018-12-13
-8.41,5.24,0.0,0.4998005380503971,2018-12-14
-2.8,5.33,0.0,0.3756255613656238,2018-12-15
-12.02,-3.36,0.0,0.2640477060768675,2018-12-16
-7.64,5.1,0.0,0.481234665867519,2018-12-17
-4.94,5.25,0.0,0.4311096846754774,2018-12-18
-4.05,2.44,0.0,0.285407729388949,2018-12-19
-7.99,2.66,0.0,0.3953439740128275,2018-12-20
-4.28,3.98,0.0,0.3590019342027805,2018-12-21
-8.56,-3.78,0.0,0.1699558468752728,2018-12-22
-15.81,-5.29,1.81,0.2638161585069366,2018-12-23
-16.21,-8.62,0.61,0.1827603189753028,2018-12-24
-17.42,-9.71,0.0,0.1726668729502889,2018-12-25
-14.69,-7.02,0.0,0.2007555934571207,2018-12-26
-20.47,-8.68,1.01,0.2268697672192161,2018-12-27
-19.86,-4.86,0.0,0.3067976701308001,2018-12-28
-12.91,-3.54,1.42,0.2715247816407766,2018-12-29
-18.92,-10.65,0.77,0.1693880846044977,2018-12-30
-27.69,-16.13,0.0,0.1378265045669256,2018-12-31
-25.03,-2.11,0.0,0.3723945510931167,2019-01-01
-9.79,3.94,0.0,0.4700912472314486,2019-01-02
-5.47,3.63,0.0,0.3709641412564653,2019-01-03
-8.12,1.85,0.0,0.3636487294766839,2019-01-04
-6.26,-2.2,0.0,0.1561899053305392,2019-01-05
-5.48,2.05,0.0,0.3065872080192796,2019-01-06
-13.67,-2.05,0.95,0.3280089309993912,2019-01-07
-21.32,-14.16,0.0,0.1239533595937088,2019-01-08
-22.88,-8.9,0.5,0.2382010566635037,2019-01-09
-14.7,-7.94,0.0,0.1745423970785849,2019-01-10
-16.94,-9.38,0.0,0.1734488673891714,2019-01-11
-14.2,-0.03,0.0,0.3997718709177801,2019-01-12
-11.94,-0.81,0.0,0.3472355317017807,2019-01-13
-11.41,-1.71,0.0,0.3092377407494379,2019-01-14
-17.8,-4.76,0.0,0.30335502970218,2019-01-15
-18.42,-14.16,0.51,0.1,2019-01-16
-25.27,-16.35,0.0,0.1249136138109079,2019-01-17
-28.03,-17.89,0.0,0.1193893128236153,2019-01-18
-21.68,-15.14,2.69,0.108255061844001,2019-01-19
-18.83,-10.82,0.0,0.1701424823704623,2019-01-20
-17.95,-5.79,0.0,0.2842363114236151,2019-01-21
-15.59,-2.53,0.0,0.3513614595447883,2019-01-22
-21.99,-4.73,0.0,0.3340309401339945,2019-01-23
-28.53,-9.42,0.0,0.2492295659182289,2019-01-24
-21.51,-4.51,0.0,0.3401191262291843,2019-01-25
-12.27,-0.61,1.39,0.3763563483040883,2019-01-26
-7.86,4.08,1.61,0.5050236594519356,2019-01-27
-22.21,-10.44,0.0,0.2178272355127267,2019-01-28
-29.48,-20.74,0.0,0.1,2019-01-29
-23.29,-12.0,0.39,0.1959611455785724,2019-01-30
-15.08,-0.87,0.0,0.4170137229886719,2019-01-31
-18.63,-8.34,0.0,0.240196153637253,2019-02-01
-22.59,-16.11,1.66,0.1134820965244834,2019-02-02
-25.03,-21.53,0.21,0.1,2019-02-03
-25.6,-21.78,2.57,0.1,2019-02-04
-32.72,-22.75,0.0,0.1,2019-02-05
-36.26,-25.95,0.0,0.1,2019-02-06
-37.33,-24.61,0.0,0.1,2019-02-07
-36.75,-25.07,0.0,0.1,2019-02-08
-33.47,-23.54,0.0,0.1,2019-02-09
-32.04,-21.14,0.0,0.1081024117232058,2019-02-10
-28.37,-16.59,1.67,0.1559674332376794,2019-02-11
-31.58,-20.3,0.0,0.1180993356148826,2019-02-12
-28.41,-20.5,0.0,0.1006100104209549,2019-02-13
-32.51,-19.92,0.0,0.1265894724709077,2019-02-14
-32.67,-18.09,1.53,0.1488946950248855,2019-02-15
-20.62,-13.84,3.64,0.136372765485821,2019-02-16
-19.87,-13.94,1.02,0.1347411387123164,2019-02-17
-26.56,-17.68,0.58,0.134983660920946,2019-02-18
-28.86,-11.04,0.0,0.2539859668866285,2019-02-19
-23.23,-8.96,1.06,0.2879800642268614,2019-02-20
-24.06,-12.42,0.0,0.2194087016359047,2019-02-21
-27.01,-11.55,0.0,0.2491229143191871,2019-02-22
-23.53,-13.77,0.0,0.1908700414143032,2019-02-23
-31.05,-20.9,0.0,0.118135871851317,2019-02-24
-33.05,-18.73,0.0,0.1513320781841282,2019-02-25
-29.58,-16.84,0.0,0.1723400354850107,2019-02-26
-20.85,-8.42,0.0,0.3403233086241304,2019-02-27
-17.54,-8.39,0.0,0.2979361965096445,2019-02-28
-26.58,-15.99,0.0,0.1772147247524185,2019-03-01
-32.85,-20.89,0.0,0.1293069791136148,2019-03-02
-25.93,-15.92,0.0,0.1770104568144571,2019-03-03
-21.64,-10.74,0.0,0.285886058891933,2019-03-04
-18.08,-8.77,0.0,0.3131901072030996,2019-03-05
-25.41,-13.41,0.0,0.2375052573391453,2019-03-06
-24.09,-7.98,0.0,0.3942504415235578,2019-03-07
-16.7,-5.27,0.0,0.4732201195922956,2019-03-08
-15.58,-5.35,0.0,0.4573452122645923,2019-03-09
-21.55,-6.68,0.0,0.453066023869013,2019-03-10
-16.66,1.61,0.0,0.8068214269356513,2019-03-11
-3.34,3.35,0.0,0.6668302551738168,2019-03-12
-5.22,2.53,0.0,0.7318382264943637,2019-03-13
-9.58,1.24,0.0,0.8066882009987622,2019-03-14
-11.61,2.73,0.0,0.935100526387224,2019-03-15
-8.83,3.46,0.0,0.9776904674418428,2019-03-16
-10.69,4.5,0.0,1.059616706791022,2019-03-17
-3.46,4.86,0.0,0.9423060281526404,2019-03-18
-3.59,9.25,0.0,1.3796254503807377,2019-03-19
-2.27,12.99,0.0,1.5900954224787789,2019-03-20
-1.77,12.1,0.0,1.5524524844336105,2019-03-21
-2.04,14.74,0.0,1.6972564078351664,2019-03-22
-1.94,13.29,0.0,1.6256882522536331,2019-03-23
-4.85,4.07,0.0,0.981812467842742,2019-03-24
-7.16,4.81,0.0,1.1612690168751292,2019-03-25
-1.11,16.94,0.0,1.8480382238740487,2019-03-26
-1.42,5.86,0.0,1.0675943567285595,2019-03-27
-5.87,7.35,0.0,1.3118951227893985,2019-03-28
-4.69,4.74,0.0,1.1540516177629223,2019-03-29
-6.2,14.23,0.0,1.660547876000021,2019-03-30
-4.15,5.67,0.0,1.222691195641666,2019-03-31
-3.57,9.22,1.24,1.438927845602943,2019-04-01
-6.11,4.36,0.0,1.1626413441745027,2019-04-02
-8.14,11.92,0.0,1.5378026313330797,2019-04-03
-1.23,13.32,0.0,1.695826146007812,2019-04-04
-4.16,9.14,0.0,1.44484024787555,2019-04-05
1.25,9.37,0.74,1.4153633231696852,2019-04-06
0.39,17.15,0.0,1.9514820678662952,2019-04-07
-2.87,16.84,0.0,1.900097282776604,2019-04-08
-4.72,9.93,0.0,1.5038659112550856,2019-04-09
-5.68,9.28,0.0,1.468741694166575,2019-04-10
-7.58,8.7,0.0,1.421626961289616,2019-04-11
-8.38,10.49,0.0,1.5033236003937067,2019-04-12
-4.97,15.54,0.0,1.8210187877670885,2019-04-13
3.43,17.18,0.0,1.914426535849366,2019-04-14
-0.73,13.98,0.0,1.7229577741171598,2019-04-15
-4.2,13.99,0.0,1.7059279038388435,2019-04-16
0.34,15.47,0.0,1.821569846757846,2019-04-17
-0.52,17.81,0.0,1.964389914248242,2019-04-18
5.72,20.86,0.0,2.169766234086889,2019-04-19
3.56,17.45,0.0,1.953014934709279,2019-04-20
-1.65,14.63,0.0,1.783438591177542,2019-04-21
-1.54,21.74,0.0,2.1923459143004806,2019-04-22
7.05,20.47,0.0,2.138514827991058,2019-04-23
0.67,17.59,0.0,1.981991282372272,2019-04-24
-2.04,12.62,0.0,1.6680384185761044,2019-04-25
-4.32,11.73,0.0,1.6070759718910423,2019-04-26
-1.58,10.92,5.71,1.4469894363790707,2019-04-27
-4.8,3.61,2.78,0.8538162356555373,2019-04-28
-9.03,6.88,0.0,1.3168982495794066,2019-04-29
-4.8,10.15,2.3,1.408845854885562,2019-04-30
-6.92,10.26,0.45,1.5763828054189086,2019-05-01
-3.08,11.12,0.0,1.5909624325265637,2019-05-02
-4.86,11.96,0.0,1.644330894298176,2019-05-03
-4.32,8.66,0.0,1.444392534880352,2019-05-04
-7.29,6.93,0.0,1.343192191887469,2019-05-05
-6.83,12.29,0.0,1.6506871959686549,2019-05-06
0.04,14.98,0.0,1.8571156195869831,2019-05-07
-4.85,12.55,0.0,1.6955743729590755,2019-05-08
1.63,15.13,0.0,1.8661264009071037,2019-05-09
3.52,18.76,1.93,2.121764020113014,2019-05-10
2.21,16.26,0.0,1.9529631104144611,2019-05-11
2.44,24.93,0.0,2.539335824672978,2019-05-12
4.72,21.28,0.0,2.312710322602893,2019-05-13
2.1,22.56,0.0,2.3978208548425752,2019-05-14
5.62,19.67,0.0,2.182703422752674,2019-05-15
-0.67,15.89,0.0,1.955121807424498,2019-05-16
0.07,17.26,0.0,2.051147456817586,2019-05-17
0.78,15.25,0.0,1.912127870222883,2019-05-18
-2.35,16.49,0.0,1.9956111027965389,2019-05-19
-0.6,19.6,0.0,2.2078858908297168,2019-05-20
1.51,21.25,0.0,2.331667753581708,2019-05-21
4.04,23.94,0.0,2.527877769300653,2019-05-22
4.51,24.15,0.0,2.5428000894535456,2019-05-23
4.65,23.36,0.0,2.4900669891901077,2019-05-24
4.77,15.33,2.8,1.7238216436258351,2019-05-25
0.34,19.21,0.0,2.204437843334628,2019-05-26
1.86,22.12,0.0,2.4048334509349227,2019-05-27
6.67,27.64,0.0,2.7868114908736525,2019-05-28
10.26,30.52,0.0,2.973690347087248,2019-05-29
10.88,32.7,0.0,3.1198129922438724,2019-05-30
5.45,21.23,0.0,2.3230860600914527,2019-05-31
5.85,25.2,0.0,2.619152189005648,2019-06-01
10.48,32.94,0.0,3.141421735965275,2019-06-02
9.19,34.77,0.0,3.2542753974438563,2019-06-03
12.19,24.97,0.0,2.4688218034572187,2019-06-04
10.31,25.1,0.0,2.545375877341927,2019-06-05
13.66,26.98,0.0,2.6096498026286175,2019-06-06
8.9,21.95,0.0,2.31428893087011,2019-06-07
4.23,17.03,0.0,2.0054316979919347,2019-06-08
4.15,20.02,0.0,2.2507934376505796,2019-06-09
3.24,23.85,0.0,2.5350951030116997,2019-06-10
6.75,21.41,1.32,2.3263598718508405,2019-06-11
6.2,24.52,0.54,2.5823513766806396,2019-06-12
8.54,29.86,1.46,2.9587216736163797,2019-06-13
11.49,23.29,2.07,2.185676911339269,2019-06-14
9.93,19.34,5.88,1.909605911404457,2019-06-15
9.3,17.93,1.62,1.939860796890484,2019-06-16
5.78,22.6,0.0,2.453269805148097,2019-06-17
8.13,27.02,0.0,2.7703649646897093,2019-06-18
10.41,23.21,27.01,2.2236501952782644,2019-06-19
8.36,14.67,7.75,0.6989303920026478,2019-06-20
6.27,17.13,21.74,1.3077448175531812,2019-06-21
11.46,15.53,11.28,0.43548371941581,2019-06-22
10.2,22.17,1.21,1.7855770775722892,2019-06-23
9.25,20.88,0.0,1.6732086248250089,2019-06-24
9.3,21.61,0.0,1.7947176767276396,2019-06-25
8.1,24.05,0.0,2.223762385449453,2019-06-26
11.32,25.81,13.23,1.8029114040650152,2019-06-27
14.01,23.49,3.91,1.1084275946461093,2019-06-28
13.5,25.4,0.0,1.8694952573235504,2019-06-29
9.73,22.31,0.0,1.8098689065790683,2019-06-30
8.99,28.0,3.57,2.092486996400188,2019-07-01
6.21,20.33,0.0,1.8292208927495863,2019-07-02
8.66,20.47,0.0,1.6709980919116565,2019-07-03
8.09,20.84,0.0,1.774069698156059,2019-07-04
11.5,20.23,0.0,1.277741016484227,2019-07-05
11.47,25.83,0.0,2.1742552920329783,2019-07-06
13.89,27.78,0.0,2.2241064856186656,2019-07-07
14.12,24.01,0.0,1.5895235753563934,2019-07-08
11.6,23.33,0.0,1.809038628828128,2019-07-09
9.47,26.38,0.0,2.361737802128696,2019-07-10
14.02,24.68,0.0,1.745197812619039,2019-07-11
10.35,24.59,0.0,2.1117026917105592,2019-07-12
12.2,29.57,11.04,2.090006216578532,2019-07-13
14.39,27.83,14.68,1.6820035790535526,2019-07-14
13.01,25.03,0.0,1.7681655332289818,2019-07-15
11.19,19.98,13.66,0.9724660226455052,2019-07-16
12.49,22.98,2.69,1.1781920908717864,2019-07-17
11.2,25.71,1.53,1.9595752741244905,2019-07-18
10.1,17.53,3.93,0.8170162059138721,2019-07-19
10.35,22.96,0.0,1.6484430114234816,2019-07-20
11.06,24.85,0.0,1.8179543593171084,2019-07-21
10.74,27.46,0.0,2.1113772902068075,2019-07-22
14.12,29.59,0.0,2.0995855090632043,2019-07-23
15.75,30.57,5.4,1.6484888334559706,2019-07-24
11.56,19.7,4.33,0.8883229375910521,2019-07-25
13.04,25.72,0.0,1.6547231694653926,2019-07-26
12.23,32.25,0.0,2.4298599116616737,2019-07-27
9.47,21.75,0.0,1.4709759536998026,2019-07-28
5.57,24.61,0.0,2.002060378388762,2019-07-29
11.69,29.95,0.0,2.220917054185298,2019-07-30
12.52,26.56,0.0,1.7869768749430723,2019-07-31
14.04,33.19,0.0,2.3843532496188664,2019-08-01
16.02,34.32,0.0,2.353444387089441,2019-08-02
16.02,28.79,0.0,1.6758930140312005,2019-08-03
10.43,26.2,0.0,1.8458041829250225,2019-08-04
10.67,29.01,0.0,2.1074547257877363,2019-08-05
10.83,22.49,0.0,1.3246895401806391,2019-08-06
5.44,22.04,0.0,1.674115472281813,2019-08-07
6.63,25.23,0.0,1.9053668568397453,2019-08-08
10.53,27.02,2.12,1.5429412262650282,2019-08-09
9.2,20.91,0.0,1.250025159557129,2019-08-10
8.04,22.63,5.32,1.3116068221385715,2019-08-11
10.38,15.99,13.0,0.5538552178874083,2019-08-12
7.33,21.38,0.0,1.408775765066585,2019-08-13
10.18,24.62,0.0,1.5253917997185875,2019-08-14
10.21,25.52,0.0,1.6045614260732624,2019-08-15
10.84,21.39,0.0,1.1494379094161846,2019-08-16
5.19,18.1,0.0,1.2144017049932203,2019-08-17
3.87,22.11,0.0,1.5946013307443363,2019-08-18
4.71,22.24,0.0,1.5551337513227772,2019-08-19
3.87,23.63,0.0,1.6955136547634688,2019-08-20
6.15,26.73,0.0,1.8547592842987315,2019-08-21
12.57,26.72,2.49,1.3342015748720335,2019-08-22
10.2,21.58,0.0,1.1683354283624297,2019-08-23
12.09,28.89,6.44,1.5225225550768526,2019-08-24
11.54,21.06,9.97,0.8942980992982723,2019-08-25
9.0,20.16,0.0,1.105166568363647,2019-08-26
8.19,19.44,0.0,1.088500731703801,2019-08-27
6.78,23.29,0.88,1.490756776995395,2019-08-28
5.83,19.98,0.0,1.267818420616042,2019-08-29
5.78,20.53,1.3,1.3084264221763866,2019-08-30
7.55,22.32,1.45,1.3620164956077552,2019-08-31
9.21,22.44,2.44,1.1451803009826729,2019-09-01
10.45,22.42,1.33,1.1906521836151711,2019-09-02
7.41,25.47,0.0,1.5933791893401614,2019-09-03
10.27,23.87,2.55,1.1875845243743826,2019-09-04
7.96,23.02,0.0,1.3683107814178648,2019-09-05
5.52,22.33,0.0,1.4167807569578692,2019-09-06
7.26,22.6,0.0,1.357510288792727,2019-09-07
6.52,21.45,0.0,1.2966380350524231,2019-09-08
8.66,13.97,13.18,0.452638815407411,2019-09-09
8.31,11.25,14.46,0.2543466488112417,2019-09-10
8.9,13.86,3.78,0.4258185152464251,2019-09-11
7.41,15.56,0.0,0.7436814485925284,2019-09-12
4.15,24.11,0.0,1.5417278008662572,2019-09-13
9.33,23.84,0.0,1.3155227072779274,2019-09-14
9.66,27.16,0.0,1.5403286536371403,2019-09-15
9.5,31.47,0.0,1.82961294311346,2019-09-16
12.87,25.47,0.76,1.2163462561606129,2019-09-17
10.5,22.32,0.0,1.093954536909504,2019-09-18
8.2,21.64,0.0,1.1681381923260912,2019-09-19
8.62,20.78,0.0,1.0756826833997095,2019-09-20
5.23,18.52,0.0,1.0693436630611397,2019-09-21
5.3,24.62,0.0,1.4730101461451033,2019-09-22
8.59,20.6,0.0,1.0432038724719066,2019-09-23
4.82,17.04,0.0,0.9591843875769608,2019-09-24
3.35,15.67,0.0,0.9216357364301264,2019-09-25
2.98,10.86,6.59,0.534146058158576,2019-09-26
1.86,8.08,3.4,0.4052809302693934,2019-09-27
0.57,5.38,0.0,0.3279811076318722,2019-09-28
-0.07,3.33,13.28,0.2065533177607087,2019-09-29
-0.04,1.94,4.73,0.1239143547990696,2019-09-30
-0.17,4.11,0.0,0.2858259843050522,2019-10-01
-4.12,9.23,0.0,0.7624085931164736,2019-10-02
-0.93,11.43,0.0,0.7928256989682785,2019-10-03
1.58,11.78,0.0,0.7149317821964003,2019-10-04
-0.58,14.13,0.0,0.9314043477373516,2019-10-05
3.99,15.67,0.0,0.864868599356464,2019-10-06
2.69,20.12,0.0,1.1808202520287778,2019-10-07
-1.83,7.91,1.19,0.5953323779307855,2019-10-08
-6.18,1.7,0.0,0.4002291985827161,2019-10-09
-7.52,3.55,0.0,0.5263921754287277,2019-10-10
-8.52,6.43,0.0,0.6734161805361518,2019-10-11
-8.65,7.28,0.0,0.7071548299171956,2019-10-12
-8.68,10.03,0.0,0.8228090575634468,2019-10-13
-0.84,4.34,0.46,0.3101520755844055,2019-10-14
-2.78,6.05,0.0,0.4955146110076487,2019-10-15
-0.85,13.45,0.0,0.8443670333566556,2019-10-16
1.76,18.92,0.0,1.0730068924660598,2019-10-17
-0.31,15.88,0.0,0.9504545013045436,2019-10-18
-0.85,14.07,0.0,0.8606210340113055,2019-10-19
-4.42,7.95,0.0,0.6287357606606622,2019-10-20
-6.61,10.09,0.0,0.7687554963100259,2019-10-21
-5.92,6.58,0.0,0.592208268909597,2019-10-22
-5.07,4.14,1.32,0.4491031128797722,2019-10-23
-4.2,8.9,0.0,0.6568746227391535,2019-10-24
-0.19,17.62,0.0,1.0028420262593811,2019-10-25
-5.44,2.25,0.0,0.3603306755296276,2019-10-26
-8.86,-2.4,1.33,0.2623193092092021,2019-10-27
-9.5,-4.08,1.67,0.2101539350595601,2019-10-28
-12.2,-4.88,0.0,0.2492631287486935,2019-10-29
-17.11,0.71,0.0,0.4918403240378363,2019-10-30
-2.68,4.28,0.39,0.3586833365903492,2019-10-31
-2.8,5.19,0.0,0.4097833953341522,2019-11-01
-4.11,4.43,0.58,0.405096893869574,2019-11-02
-4.3,2.07,0.0,0.2960849744808195,2019-11-03
-12.38,-4.24,0.0,0.2609551975033645,2019-11-04
-13.98,-3.65,1.22,0.3151100688856029,2019-11-05
-19.66,-7.72,0.0,0.2663507115236915,2019-11-06
-19.73,-3.32,0.0,0.3745809991297006,2019-11-07
-8.56,5.0,0.0,0.5360604786336957,2019-11-08
-12.25,-0.34,2.58,0.3720105190305254,2019-11-09
-20.42,-11.51,0.0,0.1797544989033912,2019-11-10
-23.15,-8.2,0.0,0.2694134012396081,2019-11-11
-15.43,-1.59,0.0,0.3859041071240822,2019-11-12
-12.99,1.3,0.0,0.4497709428506393,2019-11-13
-6.72,0.67,0.0,0.3021804781641297,2019-11-14
-4.49,4.19,0.0,0.3920428171663312,2019-11-15
-0.89,2.61,1.99,0.1793579959018005,2019-11-16
-2.5,6.78,1.63,0.4454252482020081,2019-11-17
-0.32,7.6,0.0,0.4109782390800141,2019-11-18
-3.88,0.88,0.0,0.2125632444597833,2019-11-19
-5.39,-0.52,0.0,0.2038281204671018,2019-11-20
-6.41,3.53,0.0,0.4046722870263335,2019-11-21
-5.36,6.47,0.0,0.5022389656715259,2019-11-22
-0.68,10.48,0.0,0.5641105492629984,2019-11-23
-1.78,4.73,1.11,0.3166908759709105,2019-11-24
-5.35,-0.21,0.13,0.213547747983602,2019-11-25
-10.01,-2.09,0.0,0.26755348339286,2019-11-26
-8.45,-4.77,0.0,0.1304559034980983,2019-11-27
-8.2,-5.46,6.18,0.1,2019-11-28
-11.65,-5.32,0.0,0.1977150201708215,2019-11-29
-10.17,-7.22,0.0,0.1,2019-11-30
-13.29,-5.46,0.0,0.2260944069612318,2019-12-01
-13.21,-1.57,0.0,0.342416202158434,2019-12-02
-7.81,3.9,0.0,0.444655144397052,2019-12-03
-8.94,-0.13,0.0,0.3147603896505028,2019-12-04
-12.78,-3.27,0.0,0.2811033586944492,2019-12-05
-11.9,-4.16,0.0,0.2371110422102748,2019-12-06
-11.64,-4.44,0.0,0.2232307618211429,2019-12-07
-20.83,-11.26,0.0,0.1783902404686592,2019-12-08
-24.46,-9.64,0.0,0.2293529069706287,2019-12-09
-27.47,-13.52,0.0,0.1744718606694596,2019-12-10
-25.39,-16.12,0.0,0.1268787389014031,2019-12-11
-19.15,-11.62,0.3,0.1521095460690812,2019-12-12
-23.35,-13.84,0.0,0.1497588506760277,2019-12-13
-25.24,-11.17,0.33,0.2042615495075691,2019-12-14
-18.52,-7.89,0.0,0.2279324908411496,2019-12-15
-15.29,-5.1,0.0,0.2615604118525128,2019-12-16
-13.97,-3.15,0.0,0.2989075060866588,2019-12-17
-9.44,0.98,0.0,0.3601239835463295,2019-12-18
-10.62,-2.96,0.0,0.24693349961101,2019-12-19
-10.68,4.5,0.0,0.5009825360727915,2019-12-20
-10.57,1.67,0.0,0.4019137764551013,2019-12-21
-7.74,0.19,0.0,0.2932638762155996,2019-12-22
-6.53,-3.08,0.0,0.1319317783453731,2019-12-23
-6.64,-4.73,2.9,0.1,2019-12-24
-8.56,-2.12,0.0,0.2289025029625309,2019-12-25
-14.97,-6.16,0.0,0.2278336552632903,2019-12-26
-14.32,-5.28,0.0,0.2423886339802182,2019-12-27
-15.51,-6.02,0.0,0.2387581136959672,2019-12-28
-18.66,-5.05,0.0,0.2950836572417342,2019-12-29
-15.66,-4.91,0.0,0.2705979356522794,2019-12-30
-12.19,0.68,0.0,0.3930204763845329,2019-12-31
-7.23,-0.57,0.0,0.2531270463592451,2020-01-01
-7.75,-2.8,0.0,0.182249295236074,2020-01-02
-11.84,-3.56,0.0,0.25452933964026,2020-01-03
-8.41,5.37,0.0,0.5085066835557771,2020-01-04
-10.31,-1.39,0.0,0.29832158052457,2020-01-05
-14.32,-1.85,0.0,0.3460836069845471,2020-01-06
-23.4,-14.34,0.0,0.1428839375192524,2020-01-07
-17.88,-6.11,0.0,0.2686969467139133,2020-01-08
-24.22,-16.06,0.0,0.1211949506190507,2020-01-09
-29.62,-14.91,0.0,0.1625976579602861,2020-01-10
-17.84,-9.34,2.55,0.1827446791860941,2020-01-11
-25.63,-13.92,0.93,0.1658374550839765,2020-01-12
-30.02,-24.03,0.71,0.1,2020-01-13
-34.5,-27.02,0.0,0.1,2020-01-14
-36.0,-28.24,0.0,0.1,2020-01-15
-36.08,-19.32,0.0,0.1196543874297755,2020-01-16
-23.08,-18.76,1.89,0.1,2020-01-17
-28.06,-23.19,0.0,0.1,2020-01-18
-29.14,-16.15,0.0,0.1496602336360457,2020-01-19
-20.45,0.88,0.0,0.4654837611639135,2020-01-20
-9.56,2.26,0.0,0.4340380280268341,2020-01-21
-12.3,-2.47,0.0,0.3156163016512913,2020-01-22
-11.69,-3.07,0.0,0.285416498129365,2020-01-23
-8.17,1.24,0.0,0.3719536046482297,2020-01-24
-5.64,1.94,0.0,0.3359759262054004,2020-01-25
-7.08,-2.61,0.0,0.1843246155356984,2020-01-26
-6.83,-0.43,1.01,0.2704758614393595,2020-01-27
-5.1,-1.07,0.0,0.1830048598698357,2020-01-28
-10.26,-2.25,2.05,0.2759004734849796,2020-01-29
-10.31,-0.39,0.0,0.3654500639869251,2020-01-30
-10.19,3.3,0.0,0.503673851605877,2020-01-31
-5.89,6.89,0.0,0.5778328397609641,2020-02-01
-9.72,0.19,0.0,0.3798240753810512,2020-02-02
-17.41,-8.22,0.0,0.2351093852259723,2020-02-03
-18.44,-3.46,0.0,0.3738290177870862,2020-02-04
-12.77,-4.28,0.0,0.2832979123525864,2020-02-05
-13.12,-8.46,0.55,0.1492351718087798,2020-02-06
-11.75,-2.27,0.0,0.3396213504557436,2020-02-07
-12.65,-2.37,0.0,0.3543383214254745,2020-02-08
-13.41,-1.97,0.95,0.3945075816738903,2020-02-09
-9.74,-3.61,0.09,0.2449997053897669,2020-02-10
-13.89,-1.66,0.15,0.4354373494009874,2020-02-11
-29.46,-14.94,0.0,0.1867835955116159,2020-02-12
-28.78,-5.56,0.0,0.3423820184835834,2020-02-13
-12.31,-1.57,0.0,0.4225888055478412,2020-02-14
-18.41,-10.63,0.0,0.19900704259057,2020-02-15
-15.51,-3.86,0.0,0.3862937897093626,2020-02-16
-21.09,-9.25,0.0,0.2664759164070394,2020-02-17
-29.78,-17.92,0.0,0.1494331759769812,2020-02-18
-29.4,-9.37,0.0,0.2905259369410949,2020-02-19
-16.51,2.14,0.0,0.6937388058637568,2020-02-20
-10.69,2.93,0.0,0.7390310336162929,2020-02-21
-8.13,3.69,0.0,0.7583102925492747,2020-02-22
-10.94,1.83,0.0,0.6950366974187214,2020-02-23
-10.96,-2.15,0.0,0.4452978008552661,2020-02-24
-17.16,-2.38,0.0,0.5414761946647147,2020-02-25
-12.85,1.54,0.0,0.7138986816579106,2020-02-26
-7.66,4.67,0.0,0.8487101987779897,2020-02-27
-6.86,6.8,0.0,0.9930646989819764,2020-02-28
-5.5,7.15,0.65,1.006515662133099,2020-02-29
-10.82,-0.23,0.58,0.596075015272365,2020-03-01
-6.26,3.59,0.0,0.74569186569153,2020-03-02
-5.97,3.67,0.0,0.7529067350987176,2020-03-03
-2.62,3.59,0.0,0.527026341675687,2020-03-04
-6.06,4.92,0.0,0.896664192117113,2020-03-05
-1.3,12.11,0.0,1.3966270715041822,2020-03-06
-9.82,-0.24,0.6,0.6094252222116888,2020-03-07
-15.51,-8.04,0.73,0.2714604156954736,2020-03-08
-16.59,0.96,0.0,0.7516062348507364,2020-03-09
-11.19,5.75,0.0,1.02531945012976,2020-03-10
-3.75,5.23,0.0,0.8463610469875098,2020-03-11
-9.52,-0.64,0.0,0.583126844491956,2020-03-12
-16.28,-9.97,0.0,0.2075501522811132,2020-03-13
-16.39,-7.84,1.66,0.3453454279548496,2020-03-14
-14.63,-6.14,0.66,0.3947293444658238,2020-03-15
-17.62,-2.09,0.0,0.6532464509024831,2020-03-16
-13.22,-1.37,0.0,0.6723445462594114,2020-03-17
-16.78,-5.34,0.0,0.502118422278033,2020-03-18
-16.89,-4.67,0.0,0.5450203797765399,2020-03-19
-16.88,-0.18,0.0,0.7710689789251678,2020-03-20
-10.77,3.29,0.0,0.9847839651689956,2020-03-21
-10.21,6.84,0.0,1.2296016074854368,2020-03-22
-7.11,8.53,0.0,1.3525936416734303,2020-03-23
-8.38,-1.21,2.09,0.5718948798359346,2020-03-24
-14.51,-0.08,0.0,0.9025112579831732,2020-03-25
-12.99,6.32,0.0,1.1800080186712307,2020-03-26
-3.97,7.62,0.0,1.342314606954719,2020-03-27
-3.01,9.15,0.0,1.4370174680646697,2020-03-28
-5.11,14.74,0.0,1.7200067553938083,2020-03-29
-3.17,4.61,0.0,1.153738053424333,2020-03-30
-9.94,-0.89,0.0,0.873258533889492,2020-03-31
-14.66,-10.83,0.65,0.1827060869334728,2020-04-01
-17.68,-8.09,0.0,0.5323094382297642,2020-04-02
-18.12,-2.01,0.0,0.8186784182976897,2020-04-03
-11.59,-4.63,2.16,0.4808069809278275,2020-04-04
-10.9,-1.44,0.0,0.8786831128766414,2020-04-05
-7.08,2.04,2.7,0.9140151830037816,2020-04-06
-9.88,4.51,0.0,1.205242555215992,2020-04-07
-6.52,1.59,0.0,0.9983141762211074,2020-04-08
-12.8,6.48,0.0,1.263722524444672,2020-04-09
-1.85,8.34,0.0,1.4483089062239594,2020-04-10
-7.93,-1.19,0.0,0.8143054247894448,2020-04-11
-10.26,-3.71,0.0,0.6866859710902181,2020-04-12
-12.68,-3.59,0.0,0.8085793909986771,2020-04-13
-14.75,4.38,0.0,1.1580829941039272,2020-04-14
-9.61,2.62,0.0,1.142339418390055,2020-04-15
-6.45,5.93,0.0,1.3401476156940615,2020-04-16
-2.6,13.79,0.0,1.8348178937004855,2020-04-17
-3.37,4.79,0.0,1.2413519957114367,2020-04-18
-5.61,14.5,0.0,1.8415830782205076,2020-04-19
-2.15,11.76,0.0,1.7267944766513856,2020-04-20
-1.53,21.87,0.0,2.3266055910241787,2020-04-21
1.74,16.29,0.0,2.038078810962933,2020-04-22
0.48,18.19,0.0,2.1568837482749332,2020-04-23
-1.09,13.91,2.73,1.713947606995761,2020-04-24
-2.18,19.19,0.0,2.187483409454371,2020-04-25
3.44,15.52,0.0,1.969822322633013,2020-04-26
-0.87,20.19,0.0,2.2735012886706785,2020-04-27
2.53,18.39,0.0,2.197635715120738,2020-04-28
0.95,22.8,0.0,2.4597515923104223,2020-04-29
8.18,27.99,0.0,2.8431098566308743,2020-04-30
5.05,18.38,0.0,2.1549122375788157,2020-05-01
-0.9,18.78,0.0,2.188328771721555,2020-05-02
-0.59,18.12,3.8,1.9601152760893847,2020-05-03
2.72,14.76,0.0,1.892730375395343,2020-05-04
-0.75,17.87,0.0,2.1337572809952285,2020-05-05
1.21,21.36,0.0,2.289406611677352,2020-05-06
0.95,17.91,0.0,2.0685202443022,2020-05-07
0.89,20.07,1.06,2.208312878532689,2020-05-08
-1.45,7.56,0.51,1.351539015191855,2020-05-09
-3.2,9.85,0.0,1.5375140129337237,2020-05-10
-6.39,10.77,0.0,1.588774603691398,2020-05-11
-3.81,13.48,0.0,1.7685422298997453,2020-05-12
1.24,11.14,0.0,1.5662816266695732,2020-05-13
-1.57,19.19,0.0,2.1488328453330707,2020-05-14
-2.26,14.81,0.0,1.8669735275515285,2020-05-15
1.12,25.42,0.0,2.560381696145208,2020-05-16
9.07,26.83,0.0,2.6765652456250737,2020-05-17
8.44,25.7,0.0,2.5962019323720185,2020-05-18
10.19,26.34,0.0,2.624755721467207,2020-05-19
10.08,18.63,10.93,1.8280802899146076,2020-05-20
9.68,20.64,0.0,2.163978758498326,2020-05-21
5.14,20.73,0.0,2.2831545722747744,2020-05-22
3.53,15.95,0.0,1.9309974329615105,2020-05-23
4.29,19.71,0.0,2.223257587989344,2020-05-24
5.55,25.75,0.0,2.6626275369999965,2020-05-25
10.6,21.97,0.0,2.272579197431256,2020-05-26
6.78,18.95,0.0,2.1292763479094163,2020-05-27
4.07,18.63,0.0,2.160581484399249,2020-05-28
5.25,19.42,0.0,2.215030575475518,2020-05-29
7.73,25.95,0.0,2.7001440232835545,2020-05-30
11.52,31.46,0.0,3.0660377138657036,2020-05-31
11.96,25.4,0.0,2.577831569691536,2020-06-01
7.86,24.61,0.0,2.606059137157005,2020-06-02
9.88,20.97,0.0,2.2407728583541986,2020-06-03
6.3,19.56,0.0,2.226763450279566,2020-06-04
3.4,21.45,0.0,2.410624849857358,2020-06-05
10.11,18.95,23.74,1.8496462490208856,2020-06-06
9.38,17.19,22.73,1.1592350110991698,2020-06-07
7.19,15.71,0.0,1.269614893062004,2020-06-08
5.41,20.58,3.89,1.766309736821179,2020-06-09
6.83,22.62,0.0,2.2992214575403276,2020-06-10
6.7,23.07,0.0,2.3590202791382695,2020-06-11
8.51,28.47,0.0,2.8375737982180067,2020-06-12
14.87,30.47,0.0,2.816950667542193,2020-06-13
12.62,23.4,0.0,1.9638637120331432,2020-06-14
6.92,22.48,0.0,2.327310786498132,2020-06-15
9.23,22.64,24.69,1.7941751499546248,2020-06-16
9.81,16.54,4.84,0.7164456980943917,2020-06-17
6.61,15.63,1.6,1.1966587391821066,2020-06-18
5.52,18.77,0.0,1.7548888356778598,2020-06-19
6.42,18.18,0.0,1.5993952465060297,2020-06-20
4.37,18.76,0.0,1.8263231684446184,2020-06-21
6.1,23.9,0.0,2.2988130866171534,2020-06-22
10.57,28.28,0.0,2.585563144488317,2020-06-23
13.89,27.03,1.18,2.2040406251025453,2020-06-24
14.55,25.76,0.0,1.905488728460348,2020-06-25
11.84,30.64,0.0,2.7607081420707105,2020-06-26
13.81,21.41,0.0,1.1628397555638377,2020-06-27
13.06,20.51,0.0,1.125517439691257,2020-06-28
14.31,19.14,2.6,0.5798278369608924,2020-06-29
13.7,20.38,7.65,0.796212502598595,2020-06-30
13.23,23.99,0.9,1.7881048379974762,2020-07-01
10.8,24.23,1.44,2.079776856599377,2020-07-02
10.12,26.88,0.0,2.414647008532453,2020-07-03
12.39,28.69,0.0,2.49801643850481,2020-07-04
12.48,23.76,0.0,1.8330405060092048,2020-07-05
10.24,25.44,0.0,2.2647089178982753,2020-07-06
12.11,28.59,16.84,2.0258207749633974,2020-07-07
13.36,19.6,3.64,0.7281384028350923,2020-07-08
11.89,22.06,1.09,1.485870737026369,2020-07-09
10.08,22.7,3.46,1.411014079070218,2020-07-10
10.07,24.43,0.0,1.99726334661955,2020-07-11
12.97,25.79,0.0,1.935950679419,2020-07-12
9.81,19.84,2.47,1.083756203918204,2020-07-13
10.32,22.12,4.17,1.301467171727395,2020-07-14
9.84,23.17,1.2,1.8337531801943605,2020-07-15
10.14,25.72,0.0,2.0995188405980927,2020-07-16
14.01,24.84,0.0,1.6059147852739042,2020-07-17
11.9,22.1,2.15,1.1337356971010537,2020-07-18
10.25,23.18,2.45,1.3813500066691278,2020-07-19
11.11,23.62,4.56,1.3456395209722904,2020-07-20
9.62,25.68,0.0,2.0426194556396413,2020-07-21
14.23,30.65,0.0,2.2792189788965485,2020-07-22
17.85,28.76,0.0,1.654786192016528,2020-07-23
14.45,27.74,0.0,1.920299531707827,2020-07-24
11.71,21.73,0.0,1.3351355519437134,2020-07-25
10.14,25.29,0.0,1.9625058511942983,2020-07-26
9.3,27.49,0.0,2.203139461166812,2020-07-27
10.78,31.03,0.0,2.4357853075290037,2020-07-28
14.48,34.55,0.0,2.5603596666691373,2020-07-29
15.7,32.26,0.0,2.2325006754214707,2020-07-30
13.22,26.85,0.0,1.772556724817582,2020-07-31
8.98,28.02,0.0,2.17052671112466,2020-08-01
10.85,28.12,0.0,2.0906532842423946,2020-08-02
13.67,30.19,0.0,2.116444117972061,2020-08-03
11.79,27.19,0.0,1.8986679293628572,2020-08-04
9.56,29.45,0.0,2.240632897567585,2020-08-05
11.88,33.66,0.0,2.4946744650206836,2020-08-06
13.61,23.7,3.51,1.0520877010812817,2020-08-07
10.55,25.74,1.23,1.7496449637988718,2020-08-08
8.68,22.82,0.0,1.53593696006638,2020-08-09
7.77,24.69,0.0,1.7916254907964952,2020-08-10
8.76,24.6,0.0,1.70685775606929,2020-08-11
11.52,28.8,0.0,1.9523461231483612,2020-08-12
9.84,25.14,0.0,1.6555847099630256,2020-08-13
7.89,25.11,2.94,1.4772198017200775,2020-08-14
8.94,25.54,0.0,1.7248808387107986,2020-08-15
9.25,29.97,0.0,2.1105953654795475,2020-08-16
11.54,34.4,0.0,2.3664720810827258,2020-08-17
12.74,36.1,0.0,2.434239314559585,2020-08-18
14.57,34.42,0.0,2.213650834482811,2020-08-19
12.85,34.1,0.0,2.264821374146869,2020-08-20
14.13,28.15,0.0,1.5171010268172958,2020-08-21
9.93,32.16,0.0,2.197724975714892,2020-08-22
6.79,28.85,0.0,2.0227887401593168,2020-08-23
9.53,30.05,0.0,1.9910092114376543,2020-08-24
13.12,27.26,0.0,1.4239371390134834,2020-08-25
10.95,25.09,0.0,1.3673345796125325,2020-08-26
7.81,23.91,4.43,1.3017596256937494,2020-08-27
6.49,23.75,0.0,1.5089413364030078,2020-08-28
8.53,31.71,0.0,2.0971688180780315,2020-08-29
6.61,18.45,0.0,1.0332742498520786,2020-08-30
2.27,19.4,0.0,1.3099673252045274,2020-08-31
8.25,23.03,0.0,1.3182315922657677,2020-09-01
7.83,17.24,4.85,0.7616804710402175,2020-09-02
5.19,21.85,0.0,1.3628597294131313,2020-09-03
5.56,24.59,0.0,1.5464688291817166,2020-09-04
8.28,31.12,0.0,2.0339214303647486,2020-09-05
8.19,17.44,0.0,0.8179608458525631,2020-09-06
0.06,10.67,0.0,0.740160962163426,2020-09-07
-5.24,15.81,0.0,1.2768654452012993,2020-09-08
3.93,21.48,0.0,1.4463944695972617,2020-09-09
5.24,26.56,0.0,1.8074798173411424,2020-09-10
7.63,30.14,0.0,1.9958941566358963,2020-09-11
7.13,16.75,1.76,0.8014842330603393,2020-09-12
0.01,16.63,0.0,1.1393273190474351,2020-09-13
5.49,15.88,0.0,0.8242169252377384,2020-09-14
3.23,15.05,0.0,0.899335698320234,2020-09-15
-0.7,13.8,0.0,1.028660754988644,2020-09-16
1.82,19.16,0.0,1.3941524749306555,2020-09-17
-0.44,24.95,0.0,1.8337822653095333,2020-09-18
6.69,26.54,0.0,1.8103641859960404,2020-09-19
12.1,18.78,7.36,0.5614769157422684,2020-09-20
7.63,23.31,0.0,1.4051159383658147,2020-09-21
6.98,21.01,1.08,1.208211121692444,2020-09-22
9.44,22.02,0.0,1.1276255025417388,2020-09-23
8.99,23.99,0.0,1.357727854475894,2020-09-24
6.06,21.99,0.0,1.3223120477582733,2020-09-25
7.39,15.22,0.0,0.6295188964094911,2020-09-26
4.23,15.07,0.0,0.7974745593071791,2020-09-27
0.9,22.71,0.0,1.5295863615908645,2020-09-28
7.15,17.46,0.0,0.8131725144987662,2020-09-29
0.85,12.68,0.0,0.7744285627336057,2020-09-30
-4.55,12.32,0.0,0.9540906084316522,2020-10-01
0.92,17.88,0.0,1.1817783515381683,2020-10-02
-1.09,16.39,0.0,1.1192608423881796,2020-10-03
4.92,23.88,0.76,1.4802467454434547,2020-10-04
7.69,19.62,0.0,0.9301435413470944,2020-10-05
6.62,17.41,0.0,0.8882289759128641,2020-10-06
0.64,15.42,0.0,1.0706270270335183,2020-10-07
7.42,23.4,1.94,1.4741034127152743,2020-10-08
1.85,10.72,0.0,0.5712372097294502,2020-10-09
2.62,26.43,0.0,1.7956174123662756,2020-10-10
4.69,15.45,0.0,0.8332002205191427,2020-10-11
-3.24,11.94,0.0,0.9236838902445768,2020-10-12
0.05,10.76,0.0,0.7135389702498324,2020-10-13
-4.96,6.92,0.0,0.6369041859358965,2020-10-14
-4.71,5.98,0.0,0.5438872189794698,2020-10-15
-8.38,3.86,0.0,0.5315647974443215,2020-10-16
-12.92,-0.14,0.0,0.4360172937739301,2020-10-17
-6.09,-3.22,0.0,0.1292113689590776,2020-10-18
-7.37,-0.98,0.0,0.274729670512526,2020-10-19
-6.94,-1.59,0.23,0.2380081800661883,2020-10-20
-10.64,0.11,0.0,0.4512872436359682,2020-10-21
-14.14,-2.22,0.0,0.4043519619886949,2020-10-22
-13.77,-3.63,0.0,0.3289022156302695,2020-10-23
-8.82,-5.39,0.0,0.1362736794100123,2020-10-24
-11.59,-2.39,0.0,0.3310593444488916,2020-10-25
-15.09,3.41,0.0,0.6432627415709259,2020-10-26
-3.68,12.46,0.0,0.965141263853744,2020-10-27
-4.43,5.37,0.0,0.4873160442983131,2020-10-28
-6.18,8.29,0.0,0.7353318052718623,2020-10-29
-0.69,13.72,0.0,0.943176610071668,2020-10-30
-6.23,2.52,0.0,0.3808740046536729,2020-10-31
-7.2,13.64,0.0,1.0065191869686034,2020-11-01
0.12,19.16,0.0,1.242414621259649,2020-11-02
1.94,17.36,0.0,1.0732623321529362,2020-11-03
0.66,15.21,0.0,0.9426852407074076,2020-11-04
1.89,18.65,0.0,1.130272148840888,2020-11-05
-1.8,7.11,0.0,0.4499574325236847,2020-11-06
-2.17,1.19,1.33,0.1648683457240994,2020-11-07
-9.5,-3.28,18.98,0.21476381044772,2020-11-08
-18.49,-9.06,0.0,0.216635960811082,2020-11-09
-17.4,-5.86,0.0,0.2861928743053402,2020-11-10
-16.35,-6.41,1.67,0.257906991446324,2020-11-11
-22.1,-8.67,0.0,0.2534881180924103,2020-11-12
-12.31,0.17,0.0,0.4036966671151827,2020-11-13
-9.43,-0.92,0.59,0.3097770845581495,2020-11-14
-13.47,-5.66,0.0,0.2294051398334826,2020-11-15
-10.38,-5.46,0.0,0.1659516620753618,2020-11-16
-7.83,0.77,0.0,0.3340815433571973,2020-11-17
-4.58,4.84,0.0,0.4207122303630988,2020-11-18
-12.51,-5.15,4.3,0.2132057867524298,2020-11-19
-20.22,-9.9,0.0,0.2060731918790628,2020-11-20
-18.14,-4.16,0.0,0.3250569543182573,2020-11-21
-16.17,-6.62,0.0,0.2386627537115596,2020-11-22
-11.18,-4.62,0.0,0.2083674372615332,2020-11-23
-10.16,-1.77,0.0,0.28324679028571,2020-11-24
-7.69,2.31,0.0,0.3824106114819535,2020-11-25
-11.97,-1.02,0.0,0.3426707515800507,2020-11-26
-11.01,0.84,0.0,0.3890670872503799,2020-11-27
-9.87,-0.07,0.0,0.3358810442636948,2020-11-28
-15.36,-2.27,0.0,0.3454928812541349,2020-11-29
-8.47,2.18,0.0,0.3893026742870905,2020-11-30
-7.55,1.7,0.0,0.3510207613449268,2020-12-01
-11.09,-1.48,0.0,0.3090212672064154,2020-12-02
-7.16,2.98,0.0,0.3924267142533776,2020-12-03
-6.3,2.11,0.0,0.3361860858041238,2020-12-04
-6.89,2.39,0.0,0.3626696381731246,2020-12-05
-9.45,1.76,0.0,0.3912769977660905,2020-12-06
-8.0,3.1,0.0,0.4125693827100698,2020-12-07
-4.4,3.46,0.0,0.3375263418187189,2020-12-08
-5.38,1.99,0.0,0.3031465393105734,2020-12-09
-12.41,-3.44,0.0,0.2660070735053781,2020-12-10
-13.88,-4.74,0.0,0.2507681125948188,2020-12-11
-10.99,-3.4,0.0,0.2399755224460928,2020-12-12
-26.58,-13.63,0.0,0.1693823936516973,2020-12-13
-27.95,-13.24,0.32,0.1787989244176438,2020-12-14
-18.8,-9.64,0.0,0.1894259961253116,2020-12-15
-15.75,-4.1,0.0,0.2922868718107001,2020-12-16
-14.19,2.46,0.0,0.466741048871735,2020-12-17
-22.28,-3.37,0.0,0.3460550532096756,2020-12-18
-11.88,3.91,0.0,0.4922482511588266,2020-12-19
-5.99,2.74,0.0,0.3460416691440287,2020-12-20
-8.77,-1.7,5.77,0.236848882402196,2020-12-21
-13.53,-3.7,7.36,0.2641650909628769,2020-12-22
-16.98,-8.27,0.0,0.1982577239276597,2020-12-23
-15.27,0.41,0.0,0.4136378769330567,2020-12-24
-12.56,-2.48,0.0,0.2953791217633704,2020-12-25
-12.53,-4.9,1.23,0.2202308638149138,2020-12-26
-14.98,-6.68,0.0,0.2111136882838385,2020-12-27
-17.25,-7.89,0.0,0.2117921218953372,2020-12-28
-16.7,-8.01,0.0,0.2022200273879231,2020-12-29
-20.61,-8.8,0.0,0.2244321683516633,2020-12-30
-16.72,-2.54,0.0,0.345596943475589,2021-01-01
-9.05,4.01,0.0,0.46529218823562,2021-01-02
-2.63,3.92,0.0,0.3028543054267517,2021-01-03
-10.7,-0.51,0.0,0.3335618650503623,2021-01-04
-9.87,0.11,0.0,0.3404055388429402,2021-01-05
-11.44,2.75,0.0,0.4562715765925419,2021-01-06
-9.15,0.89,0.0,0.3556005250168743,2021-01-07
-13.21,-2.76,0.0,0.304179663084826,2021-01-08
-14.58,-5.12,0.0,0.255013029170236,2021-01-09
-14.14,-4.84,0.0,0.2573182029978168,2021-01-10
-12.26,-0.55,0.0,0.3622992951521391,2021-01-11
-7.86,0.82,0.0,0.3289614446657587,2021-01-12
-5.04,6.14,5.38,0.4629387313827234,2021-01-13
-6.77,-1.15,0.0,0.2229321827905568,2021-01-14
-14.49,-5.04,0.0,0.2607194219910734,2021-01-15
-10.07,-0.92,0.0,0.3177169801597609,2021-01-16
-10.47,-1.23,1.62,0.315706888148332,2021-01-17
-10.36,-0.12,0.4,0.3542086257891298,2021-01-18
-14.24,2.06,0.0,0.4766675803754513,2021-01-19
-5.86,2.09,0.0,0.3391663884825377,2021-01-20
-11.87,-5.69,0.21,0.1960565819535617,2021-01-21
-9.51,-4.6,0.73,0.1752081764232645,2021-01-22
-27.51,-9.15,0.0,0.2542940565150666,2021-01-23
-31.85,-22.55,0.0,0.1,2021-01-24
-28.88,-21.91,0.0,0.1,2021-01-25
-27.91,-19.3,0.0,0.1050710339427081,2021-01-26
-23.11,-14.17,0.0,0.1535465033529063,2021-01-27
-19.04,-10.74,0.0,0.1843892686775603,2021-01-28
-15.23,-9.57,0.0,0.1543149911739034,2021-01-29
-15.9,-11.14,0.0,0.1243610883785902,2021-01-30
-18.87,-8.86,0.0,0.2319236249256227,2021-01-31
-14.3,-0.58,0.0,0.4193818091772016,2021-02-01
-8.59,2.06,0.0,0.4298254024580212,2021-02-02
-19.71,-11.21,0.0,0.1877648272936822,2021-02-03
-22.91,-15.81,0.0,0.1268179267747977,2021-02-04
-27.72,-18.27,0.0,0.1252180945453166,2021-02-05
-35.1,-25.65,0.0,0.1,2021-02-06
-36.5,-28.33,0.0,0.1,2021-02-07
-36.61,-26.92,0.0,0.1,2021-02-08
-29.39,-25.59,0.0,0.1,2021-02-09
-33.68,-26.82,0.0,0.1,2021-02-10
-37.54,-28.08,0.0,0.1,2021-02-11
-33.27,-22.75,0.0,0.1,2021-02-12
-36.94,-24.5,0.0,0.1,2021-02-13
-34.76,-22.72,0.0,0.1023468411249988,2021-02-14
-30.29,-18.61,0.0,0.1398972037589553,2021-02-15
-25.56,-15.18,0.0,0.1731703137187179,2021-02-16
-22.72,-15.73,0.0,0.1380908005397172,2021-02-17
-24.87,-12.61,0.0,0.2205340640766471,2021-02-18
-22.19,-2.37,0.0,0.4835596118862157,2021-02-19
-10.87,-2.88,0.0,0.3635110048699005,2021-02-20
-12.34,2.73,0.0,0.7150407946530158,2021-02-21
-3.13,3.9,0.0,0.5501115672391286,2021-02-22
-6.69,-0.14,0.0,0.3951899369730087,2021-02-23
-10.15,-1.64,0.0,0.4569032837409369,2021-02-24
-11.47,0.86,0.0,0.654230088430871,2021-02-25
-16.36,-1.76,0.6,0.5635009494883654,2021-02-26
-24.66,-12.57,0.0,0.2321215517485161,2021-02-27
-21.42,-11.02,0.0,0.2526217067017717,2021-02-28
-17.22,4.12,0.0,0.8091812054239207,2021-03-01
-6.23,3.39,0.0,0.7387781996448417,2021-03-02
-10.68,2.6,0.0,0.8057179021386446,2021-03-03
-9.16,2.43,0.0,0.7860606367153943,2021-03-04
-6.11,4.78,0.0,0.9149832700432172,2021-03-05
-0.67,6.5,0.0,0.8308065425331136,2021-03-06
-4.1,5.5,0.0,0.9469950429361066,2021-03-07
-4.14,4.06,0.0,0.8131943634751622,2021-03-08
-4.86,-0.47,0.0,0.3286511484483305,2021-03-09
-8.68,2.13,0.0,0.8516459684292774,2021-03-10
-17.51,-2.49,0.0,0.6424888267345615,2021-03-11
-9.77,6.29,0.0,1.1294736177741935,2021-03-12
-6.54,6.59,0.0,1.163671901150822,2021-03-13
-2.12,9.23,0.0,1.3222196170162854,2021-03-14
-1.37,7.89,0.0,1.1766963293598338,2021-03-15
-8.63,0.98,0.0,0.8000725261628393,2021-03-16
-7.79,9.12,0.0,1.3246851841548148,2021-03-17
-3.06,14.71,0.0,1.6558529284890915,2021-03-18
0.28,18.99,0.0,1.915224493069347,2021-03-19
-0.98,12.43,0.0,1.5610200593026462,2021-03-20
-5.04,3.75,0.0,0.9765877982192884,2021-03-21
-5.85,9.52,0.0,1.3894078774464662,2021-03-22
-7.48,0.8,1.02,0.8470186282141471,2021-03-23
-6.13,9.32,0.0,1.3878289581504475,2021-03-24
-3.63,3.79,0.0,0.9870573802189272,2021-03-25
-10.06,2.62,0.0,1.0421322588508743,2021-03-26
-8.75,6.71,0.0,1.247040770227446,2021-03-27
-0.96,17.89,0.0,1.908309663260112,2021-03-28
-8.97,5.56,4.99,1.1146654769155704,2021-03-29
-13.92,-5.6,0.0,0.5603359800417956,2021-03-30
-15.65,7.72,0.0,1.1850172514949773,2021-03-31
-2.36,15.04,0.0,1.7667612610657244,2021-04-01
-0.05,13.03,0.0,1.6652577272518356,2021-04-02
-1.23,14.39,0.0,1.7496715180589926,2021-04-03
-1.04,18.37,0.0,1.9189906834352048,2021-04-04
-2.7,12.84,0.0,1.6069432211782095,2021-04-05
-3.03,16.77,0.0,1.8154693308331769,2021-04-06
-0.55,21.29,0.0,2.088617035377246,2021-04-07
1.84,15.02,1.58,1.7385716003903389,2021-04-08
-6.3,12.32,0.0,1.549015524923117,2021-04-09
-0.77,13.31,0.0,1.6456811270110812,2021-04-10
-2.15,4.73,2.77,0.7722101200709528,2021-04-11
-3.44,2.79,1.17,0.8221850571894663,2021-04-12
-3.14,3.33,0.0,0.8693567866602488,2021-04-13
-3.01,7.55,0.0,1.32074212879944,2021-04-14
-2.43,13.34,0.0,1.6777845681096246,2021-04-15
-4.59,14.79,0.0,1.7425866832840764,2021-04-16
-0.94,20.76,0.0,2.121217401400753,2021-04-17
-3.27,7.09,0.0,1.3055793906802395,2021-04-18
-6.78,5.05,0.75,1.241254413818294,2021-04-19
-9.28,9.4,0.0,1.4659630616024408,2021-04-20
-3.9,17.59,0.0,1.9262333606693196,2021-04-21
-4.87,7.57,0.0,1.3490521585036794,2021-04-22
-12.42,4.95,0.0,1.1696748290448555,2021-04-23
-10.12,7.76,0.0,1.332469434716183,2021-04-24
-5.51,11.35,0.0,1.5736292485351189,2021-04-25
-4.11,15.02,0.0,1.7989581106014163,2021-04-26
-3.99,15.61,0.0,1.8384773353582111,2021-04-27
-1.89,15.93,0.0,1.8805820718585775,2021-04-28
-2.22,11.8,0.0,1.618594846983384,2021-04-29
2.44,26.58,0.0,2.564197925900775,2021-04-30
5.07,20.15,0.0,2.1670559631081185,2021-05-01
0.85,14.48,0.0,1.7974387579126152,2021-05-02
-5.18,10.34,0.0,1.54112142964453,2021-05-03
-4.92,14.73,0.0,1.8055445026124088,2021-05-04
-3.13,16.96,0.0,1.959346048164449,2021-05-05
-0.54,17.9,0.0,2.0450562026836425,2021-05-06
-0.06,17.81,0.0,2.0485583782281065,2021-05-07
2.61,14.48,0.0,1.7983447883913946,2021-05-08
-4.25,16.06,0.0,1.9121493886190812,2021-05-09
-2.79,18.36,0.0,2.067226870255071,2021-05-10
0.44,20.08,0.0,2.2040215714763134,2021-05-11
2.22,21.03,0.0,2.271111408864464,2021-05-12
1.66,22.19,0.0,2.3419411003228,2021-05-13
2.77,22.96,1.27,2.397073164150777,2021-05-14
3.38,24.67,0.0,2.5135956363151086,2021-05-15
8.23,28.36,0.0,2.766914149039368,2021-05-16
7.22,32.74,0.0,3.050359446268458,2021-05-17
11.91,28.67,0.0,2.7431076615672207,2021-05-18
2.0,13.73,0.0,1.73294113176076,2021-05-19
-0.93,4.33,2.45,0.6768297383763126,2021-05-20
-2.01,5.35,3.28,0.9647915998520656,2021-05-21
-0.18,9.99,0.0,1.505177404845129,2021-05-22
6.43,15.28,15.92,1.6674791134622988,2021-05-23
8.21,11.49,20.93,0.3167618564147142,2021-05-24
2.2,9.4,1.84,0.8613886921495699,2021-05-25
-0.66,13.71,0.0,1.6727731628365217,2021-05-26
0.94,19.18,0.0,2.1875189333106513,2021-05-27
7.18,21.81,0.0,2.3029497992826227,2021-05-28
6.69,20.87,0.0,2.214683246204561,2021-05-29
2.37,23.18,0.0,2.5010981847841274,2021-05-30
8.31,27.1,0.0,2.776921213862423,2021-05-31
8.9,26.84,0.0,2.7517918953702445,2021-06-01
12.3,32.36,0.0,3.120996758509613,2021-06-02
13.58,35.94,0.0,3.3545436283662946,2021-06-03
15.87,29.65,0.0,2.797717605420265,2021-06-04
11.59,28.56,0.0,2.8564074584657235,2021-06-05
8.59,21.22,0.0,2.1696976811488686,2021-06-06
9.25,22.99,0.0,2.3756416234696744,2021-06-07
6.13,23.61,2.31,2.175476378852245,2021-06-08
11.96,19.66,9.43,1.1016912202065698,2021-06-09
13.66,21.52,9.78,1.1047683170472626,2021-06-10
10.84,20.86,0.0,1.7013375825642736,2021-06-11
6.93,23.79,0.0,2.4369638978898505,2021-06-12
6.7,27.61,0.0,2.8009738671607356,2021-06-13
12.79,32.05,0.0,3.0926246940226134,2021-06-14
16.53,33.85,1.36,3.1299605599937927,2021-06-15
13.02,25.21,0.0,2.2443815998527104,2021-06-16
7.28,24.51,0.0,2.5219325794201697,2021-06-17
8.33,18.91,0.0,1.712954771378245,2021-06-18
6.87,20.64,1.08,2.0800888905814503,2021-06-19
5.98,18.82,0.0,1.876880214056094,2021-06-20
1.81,24.63,0.0,2.549982853839244,2021-06-21
10.54,31.24,0.0,3.0352604963351526,2021-06-22
13.4,24.35,0.0,1.9336710522135976,2021-06-23
8.72,23.64,0.0,2.2638229770252045,2021-06-24
9.89,27.79,0.0,2.688887631914157,2021-06-25
13.45,29.08,0.0,2.647317758224548,2021-06-26
12.2,28.45,0.0,2.6467648397928043,2021-06-27
10.9,29.8,0.0,2.902880019791287,2021-06-28
12.75,33.3,0.0,3.1856408048835005,2021-06-29
14.46,34.52,0.0,3.24580105519411,2021-06-30
15.85,35.46,0.0,3.2805069076634106,2021-07-01
18.57,39.5,0.0,3.5426426635411783,2021-07-02
17.12,30.08,0.0,2.491030215260974,2021-07-03
12.8,28.31,5.03,2.147487634721028,2021-07-04
13.51,24.3,0.0,1.876076526943873,2021-07-05
10.53,21.25,0.0,1.7203073161062734,2021-07-06
11.64,28.72,3.65,2.2131606498036325,2021-07-07
14.08,27.55,4.07,1.869473064502181,2021-07-08
12.73,30.46,0.0,2.7487622962899905,2021-07-09
13.81,32.9,0.0,2.9371202453876357,2021-07-10
15.8,31.94,0.0,2.713292957617292,2021-07-11
11.81,27.91,0.0,2.4964171553203656,2021-07-12
10.31,29.38,0.0,2.735531296803308,2021-07-13
11.39,31.44,0.0,2.8966252209484447,2021-07-14
14.08,35.27,0.0,3.1582617170046654,2021-07-15
15.95,30.69,0.0,2.5015240165963353,2021-07-16
16.96,35.78,0.0,3.058465482155223,2021-07-17
13.69,26.32,0.0,2.0468678303623515,2021-07-18
14.03,20.98,0.0,0.9833835544646125,2021-07-19
15.87,28.59,0.0,2.1690137069858153,2021-07-20
15.2,31.58,0.0,2.6767281669954923,2021-07-21
14.17,33.61,0.0,2.96073592910181,2021-07-22
6.66,28.89,0.0,2.7092820017916974,2021-07-23
10.06,29.22,0.0,2.6450686313629492,2021-07-24
10.79,29.05,1.28,2.58900822139639,2021-07-25
12.27,28.22,0.0,2.3828189607937196,2021-07-26
12.6,35.29,0.0,3.0811395270637765,2021-07-27
12.78,29.54,0.0,2.4856553826161747,2021-07-28
13.01,34.11,0.0,2.9479780700361222,2021-07-29
12.65,31.23,0.0,2.6692996725922753,2021-07-30
12.53,31.7,0.0,2.714388692420167,2021-07-31
12.49,33.25,0.0,2.8575545738462784,2021-08-01
16.14,35.36,0.0,2.88049781559736,2021-08-02
18.97,28.71,0.0,1.5639672883565543,2021-08-03
14.18,28.32,0.0,2.135872266264409,2021-08-04
11.13,31.02,0.0,2.63532895032949,2021-08-05
15.62,33.42,0.0,2.638068520342574,2021-08-06
15.35,29.34,0.0,2.1147064076151216,2021-08-07
13.73,22.56,0.0,1.1899808375711516,2021-08-08
11.25,20.31,0.0,1.1628400111510449,2021-08-09
10.6,21.19,3.73,1.0905479669890716,2021-08-10
11.2,25.88,0.0,1.9842433574253384,2021-08-11
8.96,23.81,0.0,1.8872579036534425,2021-08-12
8.68,29.93,0.0,2.528257509640376,2021-08-13
16.37,37.41,0.0,2.90740018617746,2021-08-14
15.73,32.86,0.0,2.459322466792877,2021-08-15
14.8,26.57,0.0,1.682567224285232,2021-08-16
10.29,19.38,0.0,1.0788916646571531,2021-08-17
9.84,18.08,2.76,0.754440624051947,2021-08-18
7.56,19.81,2.9,1.136515323486814,2021-08-19
10.02,19.38,3.94,0.857325478165301,2021-08-20
6.06,22.11,4.32,1.4578526636011877,2021-08-21
9.51,15.75,9.11,0.569490178383388,2021-08-22
7.33,17.74,8.42,1.0489102683780571,2021-08-23
7.19,14.96,0.0,0.8621814110778705,2021-08-24
3.32,20.36,0.0,1.8282367317592008,2021-08-25
7.21,21.09,0.0,1.7282271239116482,2021-08-26
12.35,21.46,0.0,1.2672288449279645,2021-08-27
10.91,24.19,2.0,1.8444688962321676,2021-08-28
7.71,26.24,0.0,2.186307822646927,2021-08-29
8.99,29.49,0.0,2.4068020717452656,2021-08-30
11.9,25.55,14.38,1.516902677816344,2021-08-31
8.75,21.56,0.0,1.5052308853437293,2021-09-01
9.08,18.85,0.0,1.094386231105564,2021-09-02
8.2,21.95,0.0,1.5648443170569368,2021-09-03
5.48,23.34,0.0,1.8179521567741728,2021-09-04
7.76,29.58,0.0,2.232067866240588,2021-09-05
10.23,22.72,1.59,1.455539858127775,2021-09-06
7.6,23.63,0.0,1.7108661980834703,2021-09-07
5.61,25.76,0.0,2.0010598014993235,2021-09-08
10.35,28.55,0.0,2.1600375279345267,2021-09-09
8.45,21.94,0.0,1.5670036816762,2021-09-10
6.26,14.79,0.0,0.822462445671979,2021-09-11
2.71,18.61,0.0,1.506199688490048,2021-09-12
7.26,21.57,0.0,1.5802782143789913,2021-09-13
4.35,23.47,0.0,1.849741380628612,2021-09-14
8.07,19.0,0.0,1.196363612412649,2021-09-15
3.65,15.53,0.0,1.1123367981745116,2021-09-16
-1.16,19.88,0.0,1.6099396073503678,2021-09-17
11.3,32.82,0.0,2.321865285013952,2021-09-18
6.66,19.96,0.0,1.33224702224351,2021-09-19
1.76,18.76,0.0,1.432701012722878,2021-09-20
2.76,22.29,0.0,1.6597372740378495,2021-09-21
5.97,27.63,0.0,1.9658296032043912,2021-09-22
4.26,16.99,0.0,1.078240167468428,2021-09-23
-0.82,19.65,0.0,1.4783269221133315,2021-09-24
7.37,25.8,0.0,1.7200092799716302,2021-09-25
4.05,25.73,0.0,1.7833636450164545,2021-09-26
9.02,30.14,0.0,1.9624436671535668,2021-09-27
6.42,27.83,0.0,1.8425720486775552,2021-09-28
6.27,21.09,0.0,1.2601393656908964,2021-09-29
1.79,24.39,0.0,1.6600067331150474,2021-09-30
5.94,23.47,0.0,1.4523721405262142,2021-10-01
0.42,21.68,0.0,1.4631534745802317,2021-10-02
5.6,23.83,0.0,1.4942450338100792,2021-10-03
1.96,20.45,0.0,1.335106511622971,2021-10-04
5.15,23.48,0.0,1.4520588764397415,2021-10-05
6.85,26.92,0.0,1.676384723224377,2021-10-06
3.05,14.48,0.0,0.7684649331312586,2021-10-07
0.9,17.05,0.0,1.1085690227400766,2021-10-08
-1.11,19.98,0.0,1.3598872217353275,2021-10-09
-0.9,18.84,0.0,1.2630078725487728,2021-10-10
-2.0,9.29,0.0,0.6152326098572096,2021-10-11
-6.9,9.03,0.0,0.7308781218281329,2021-10-12
-4.0,5.63,3.64,0.4488605432778572,2021-10-13
-1.65,6.24,2.29,0.3992628976256148,2021-10-14
-3.54,13.74,0.0,0.8939438661948633,2021-10-15
-0.73,18.04,0.0,1.0910539493810711,2021-10-16
2.94,24.32,0.0,1.4089388367619045,2021-10-17
1.47,13.77,0.0,0.7318272635382351,2021-10-18
-5.41,7.4,0.0,0.5938364056484015,2021-10-19
-7.47,8.26,0.0,0.6745701763802107,2021-10-20
-4.21,10.48,0.0,0.7118273675565492,2021-10-21
-5.49,9.91,0.0,0.7091237412219462,2021-10-22
-1.5,7.2,0.67,0.4545657605961781,2021-10-23
2.35,6.74,0.0,0.2599636361722066,2021-10-24
3.69,9.77,2.04,0.3569937805595043,2021-10-25
2.23,10.83,1.93,0.511182525260444,2021-10-26
0.13,13.3,0.0,0.7318962086094128,2021-10-27
-2.17,11.3,0.0,0.6908667706374468,2021-10-28
0.34,8.75,1.68,0.466160420719636,2021-10-29
-4.97,5.05,0.0,0.4560163450600265,2021-10-30
-8.53,4.31,0.0,0.5056180408444246,2021-10-31
-10.05,2.46,0.0,0.4578571367369807,2021-11-01
-10.18,7.22,0.0,0.643107439421703,2021-11-02
-8.22,10.05,0.0,0.7325967830115547,2021-11-03
-2.31,15.31,0.0,0.8768820028736237,2021-11-04
2.08,14.44,0.0,0.7112368203941287,2021-11-05
-3.07,9.99,0.0,0.6285875010218289,2021-11-06
-6.06,10.25,0.0,0.7000153148840015,2021-11-07
-5.95,9.15,0.0,0.6480022017621737,2021-11-08
-9.56,8.43,0.0,0.6670525569362354,2021-11-09
-2.09,3.91,0.94,0.2903001093036619,2021-11-10
-6.58,-2.1,0.0,0.1773695731131971,2021-11-11
-8.58,-3.24,0.0,0.1927104260726914,2021-11-12
-9.22,5.52,0.0,0.5416442524173694,2021-11-13
-5.88,2.0,0.5,0.3258946651416853,2021-11-14
-1.13,5.25,0.82,0.3181602847305956,2021-11-15
-4.5,6.61,5.01,0.4715306505930131,2021-11-16
-12.39,-4.73,0.0,0.2306717136244674,2021-11-17
-15.06,-0.98,0.0,0.3845615478540413,2021-11-18
-10.81,-1.47,0.0,0.3072113110033229,2021-11-19
-11.1,0.73,0.0,0.3881763566966647,2021-11-20
-16.74,-2.71,0.0,0.3472955264841788,2021-11-21
-6.67,5.0,0.0,0.4641948286281549,2021-11-22
-9.7,3.54,0.0,0.4611306672060101,2021-11-23
-16.41,-8.53,0.0,0.1860142873965479,2021-11-24
-10.93,2.17,0.0,0.4275518355497441,2021-11-25
-2.61,6.09,0.0,0.3991055440522901,2021-11-26
-7.05,2.37,0.0,0.3602821967686009,2021-11-27
-4.99,4.24,0.0,0.3839005635977476,2021-11-28
-3.78,5.51,1.02,0.405085454620139,2021-11-29
-5.94,5.0,0.0,0.4382977014843303,2021-11-30
0.04,6.88,0.0,0.3420992686589556,2021-12-01
-3.76,2.43,1.2,0.2668970112165541,2021-12-02
-8.39,-1.01,0.0,0.2612581044577666,2021-12-03
-11.3,-2.63,0.79,0.2725197208555254,2021-12-04
-22.34,-8.26,0.73,0.2473159098843576,2021-12-05
-24.49,-12.78,0.0,0.1742917816816089,2021-12-06
-20.81,-9.16,0.0,0.2191777732764694,2021-12-07
-14.72,3.22,0.9,0.4962194230864282,2021-12-08
-12.32,-1.71,0.0,0.3186734149798855,2021-12-09
-14.26,-3.72,0.0,0.2849031547847595,2021-12-10
-9.91,4.47,0.0,0.4901001129103648,2021-12-11
-9.11,1.45,0.0,0.367126439123659,2021-12-12
-14.25,-3.27,0.0,0.2960864962977855,2021-12-13
-9.23,-1.81,0.23,0.2520264541329987,2021-12-14
-21.59,-11.73,0.0,0.1713109295390746,2021-12-15
-24.85,-17.36,0.36,0.1014902361273917,2021-12-16
-25.95,-17.87,0.85,0.1024240859707755,2021-12-17
-28.17,-9.18,0.0,0.2389204337142441,2021-12-18
-19.35,-9.73,0.0,0.1911132190906669,2021-12-19
-20.66,-12.03,0.0,0.1564708470476285,2021-12-20
-19.49,-7.51,0.0,0.2419991161517452,2021-12-21
-14.04,-6.74,2.36,0.1863815821388241,2021-12-22
-14.79,-1.75,1.55,0.3462471955798646,2021-12-23
-24.9,-14.93,0.65,0.1397260481396177,2021-12-24
-29.17,-22.68,1.88,0.1,2021-12-25
-27.87,-24.13,6.77,0.1,2021-12-26
-34.7,-26.17,0.27,0.1,2021-12-27
-37.03,-27.51,0.0,0.1,2021-12-28
-34.87,-25.9,0.0,0.1,2021-12-29
-36.84,-27.7,0.0,0.1,2021-12-30
-35.84,-27.08,0.0,0.1,2021-12-31
-35.0,-22.84,0.0,0.1,2022-01-01
-26.05,-0.99,0.0,0.3932281466598913,2022-01-02
-16.94,-5.12,3.64,0.2675032340587228,2022-01-03
-23.31,-12.45,1.64,0.1706167591964357,2022-01-04
-32.48,-19.76,0.0,0.1079612089666493,2022-01-05
-34.96,-25.98,0.0,0.1,2022-01-06
-24.17,-7.59,1.56,0.2659196196787745,2022-01-07
-24.29,-14.0,0.0,0.1514831100672145,2022-01-08
-28.82,-16.7,0.0,0.1343425888490977,2022-01-09
-21.63,-0.21,0.0,0.4244609597317417,2022-01-10
-11.79,3.77,0.0,0.4950826923056928,2022-01-11
-1.6,5.54,0.0,0.340022342262078,2022-01-12
-4.99,4.28,2.25,0.3760832678589398,2022-01-13
-5.69,1.75,0.0,0.3025726492491877,2022-01-14
-4.46,4.72,0.0,0.3973301728362893,2022-01-15
-4.37,4.47,0.0,0.3844477318433061,2022-01-16
-5.66,4.5,0.94,0.4226812720836133,2022-01-17
-19.02,2.92,0.0,0.5143656981550514,2022-01-18
-26.08,-15.42,0.0,0.1439269644443581,2022-01-19
-23.1,-2.5,2.06,0.3675127156015373,2022-01-20
-9.2,2.78,1.29,0.4355884048855375,2022-01-21
-7.19,4.8,1.81,0.4784563800986821,2022-01-22
-7.56,5.28,0.0,0.5080277793062267,2022-01-23
-10.14,2.25,0.0,0.4369534896811647,2022-01-24
-22.0,-4.7,0.0,0.3363086984313041,2022-01-25
-9.5,2.35,0.0,0.433197923853983,2022-01-26
-7.38,1.49,0.0,0.3531260485020464,2022-01-27
-11.03,1.29,0.0,0.4228743971199613,2022-01-28
-8.68,2.51,0.0,0.4286456827613199,2022-01-29
-4.28,5.58,0.0,0.4556521198880738,2022-01-30
-12.33,3.72,3.54,0.5091049703819903,2022-01-31
-26.13,-17.28,0.0,0.1229043001065503,2022-02-01
-32.57,-23.63,0.0,0.1,2022-02-02
-30.57,-19.92,0.0,0.1117392699670308,2022-02-03
-32.14,-7.65,6.66,0.2673321807146524,2022-02-04
-15.52,-6.96,0.94,0.2359311698897611,2022-02-05
-17.12,1.46,0.0,0.5068723617019,2022-02-06
-5.03,5.3,0.0,0.484904173577539,2022-02-07
-4.27,2.8,0.0,0.3410447263367976,2022-02-08
-8.06,2.82,0.31,0.4562264150902228,2022-02-09
-8.91,5.33,0.51,0.5834406530539687,2022-02-10
-17.89,-12.17,0.0,0.1383347454044302,2022-02-11
-16.69,-6.84,0.0,0.269804692678689,2022-02-12
-15.63,1.97,0.0,0.5357745730415583,2022-02-13
-17.91,-9.29,1.13,0.218681686021384,2022-02-14
-14.76,-6.74,1.68,0.244211687500938,2022-02-15
-24.07,-15.05,0.41,0.1576346657082619,2022-02-16
-26.33,-3.65,0.0,0.3963699288350636,2022-02-17
-19.97,-6.87,0.0,0.3141224158924849,2022-02-18
-17.07,3.43,3.01,0.5688351514715154,2022-02-19
-22.05,-15.13,0.0,0.1381032662519743,2022-02-20
-28.1,-19.99,0.0,0.1092621586122606,2022-02-21
-31.02,-20.36,0.0,0.121419376199289,2022-02-22
-29.91,-18.12,0.0,0.1491088450905532,2022-02-23
-26.8,-16.69,0.0,0.1580396231881202,2022-02-24
-26.46,-8.06,0.0,0.3212778787644862,2022-02-25
-13.9,-2.46,0.0,0.4038384511756394,2022-02-26
-11.96,-6.73,0.0,0.1974131640487346,2022-02-27
-13.18,-7.33,0.0,0.2099840067784378,2022-02-28
-11.82,-6.74,0.0,0.19731741054796,2022-03-01
-16.53,-8.57,0.0,0.2477343314903951,2022-03-02
-17.38,-9.91,5.66,0.2021273950495165,2022-03-03
-11.17,-7.98,3.3,0.1188383002790633,2022-03-04
-16.71,-10.01,0.0,0.2109836330814294,2022-03-05
-18.29,-4.47,0.0,0.4179860446184842,2022-03-06
-15.51,1.9,0.87,0.6296696801142732,2022-03-07
-17.77,-8.1,0.0,0.3021621583635605,2022-03-08
-24.0,-14.34,0.0,0.2053709298152718,2022-03-09
-23.58,-12.23,0.0,0.2522691627984292,2022-03-10
-30.42,-10.13,0.0,0.3028163500706357,2022-03-11
-15.21,2.98,0.0,0.7113893687963545,2022-03-12
-11.92,-2.52,0.0,0.4128621420246667,2022-03-13
-11.33,0.11,0.0,0.5375475397692894,2022-03-14
-6.28,4.44,0.0,0.6898616548322333,2022-03-15
-3.87,4.0,0.0,0.522674763625817,2022-03-16
-6.23,5.37,0.0,0.7813372187623924,2022-03-17
-1.98,5.64,0.0,0.5796125537835377,2022-03-18
-3.78,6.23,0.0,0.7958429161380803,2022-03-19
-1.17,4.42,0.77,0.4232802625030225,2022-03-20
-0.57,5.81,0.0,0.5667237770560309,2022-03-21
-2.57,7.84,0.0,0.9704448838666716,2022-03-22
-1.76,13.27,0.0,1.4180693660505193,2022-03-23
-0.75,7.45,1.52,0.8244918570576182,2022-03-24
-6.73,0.89,0.0,0.5443960636685506,2022-03-25
-8.82,-2.34,0.0,0.3741544527459029,2022-03-26
-6.71,8.28,0.0,1.1789212439883223,2022-03-27
-1.83,7.82,0.0,1.100603882891772,2022-03-28
-5.5,2.09,0.0,0.6978752508121449,2022-03-29
-7.69,9.68,0.0,1.3597656737882438,2022-03-30
-0.66,5.31,2.02,0.4953685983968395,2022-03-31
-4.03,5.5,0.0,0.9800753774371324,2022-04-01
-7.08,7.49,0.0,1.2309899093954493,2022-04-02
-3.45,12.01,0.0,1.5474168823616965,2022-04-03
-1.48,16.33,0.0,1.9040157671030968,2022-04-04
-0.72,9.22,2.64,1.0294921582277266,2022-04-05
-1.26,7.31,0.75,1.0690870470536564,2022-04-06
-3.38,11.27,0.0,1.54959926139103,2022-04-07
-1.52,19.01,0.0,2.0718120832068725,2022-04-08
0.01,12.78,0.0,1.6563044628049004,2022-04-09
-3.97,6.83,0.0,1.200869243481923,2022-04-10
-7.88,-1.64,0.0,0.503292794756591,2022-04-11
-9.72,-5.16,0.0,0.2681317633945663,2022-04-12
-9.37,-4.65,1.04,0.2992514347795805,2022-04-13
-8.5,-2.95,1.14,0.4450465380325761,2022-04-14
-9.55,-1.75,0.0,0.6550476164902347,2022-04-15
-9.14,1.82,0.0,0.9818126549460542,2022-04-16
-7.77,4.17,0.0,1.154998360607658,2022-04-17
-7.59,9.12,0.0,1.5244839770336145,2022-04-18
-2.65,4.37,1.74,0.9284262514038216,2022-04-19
-4.64,1.72,1.43,0.7157076695954351,2022-04-20
-8.53,6.03,0.0,1.3203255910167422,2022-04-21
-2.28,3.87,0.75,0.8400253634354611,2022-04-22
0.37,10.07,1.72,1.5683689062592152,2022-04-23
-2.61,11.79,0.0,1.7662811263211955,2022-04-24
-2.37,11.01,0.0,1.7173440559258428,2022-04-25
-2.44,15.26,0.0,1.9791498295560173,2022-04-26
1.17,15.92,0.0,2.0545591877998985,2022-04-27
0.69,18.09,0.0,2.189171444257871,2022-04-28
0.41,16.68,0.0,2.103745686358914,2022-04-29
1.41,17.71,0.0,2.1743668703553136,2022-04-30
0.64,15.61,0.0,2.0312254047163365,2022-05-01
-0.47,18.98,0.0,2.236545283774539,2022-05-02
3.88,20.51,0.0,2.3754579010079606,2022-05-03
0.84,24.53,0.0,2.580572240368378,2022-05-04
8.47,27.7,0.0,2.760380729440058,2022-05-05
9.65,22.82,1.95,2.4044985439333284,2022-05-06
5.64,14.74,6.3,1.4915819272630773,2022-05-07
2.92,14.99,0.0,1.9163593050638696,2022-05-08
-0.28,15.73,0.0,1.983933893260804,2022-05-09
3.37,14.25,2.59,1.513198926528968,2022-05-10
-0.48,19.14,0.0,2.1923843534574483,2022-05-11
3.2,20.74,0.0,2.3214948211176663,2022-05-12
4.72,11.56,11.98,0.9007674037480592,2022-05-13
3.05,17.31,0.0,2.0084932222477994,2022-05-14
3.22,20.71,0.0,2.3186113480216552,2022-05-15
4.73,20.9,0.0,2.3291462069784203,2022-05-16
6.55,20.11,2.56,1.8312243462363085,2022-05-17
7.28,16.82,0.94,1.6592511288896108,2022-05-18
1.64,11.3,3.04,1.0410095561278494,2022-05-19
1.19,8.39,0.0,0.8780187009325647,2022-05-20
-0.85,14.58,0.0,1.848322483663742,2022-05-21
0.75,16.96,0.0,2.042051943061376,2022-05-22
1.79,22.92,0.0,2.4697207709226663,2022-05-23
4.71,24.87,0.0,2.617196984050813,2022-05-24
6.3,24.7,0.0,2.6064767590689364,2022-05-25
5.83,24.25,0.0,2.579310948803985,2022-05-26
6.87,21.86,1.84,2.3839270042010496,2022-05-27
8.2,23.28,0.0,2.479935484110125,2022-05-28
9.39,20.76,0.0,2.0576290063460054,2022-05-29
7.22,17.8,0.0,1.8036766999959335,2022-05-30
3.77,18.93,0.0,2.1821117490789557,2022-05-31
2.37,19.77,0.0,2.292120809150694,2022-06-01
4.28,21.67,0.0,2.4277498165769127,2022-06-02
2.59,23.34,0.0,2.5404457567476615,2022-06-03
4.19,25.38,0.0,2.6857059664376295,2022-06-04
6.52,20.86,0.0,2.348492678853552,2022-06-05
6.14,21.23,0.0,2.381094506620941,2022-06-06
8.15,21.56,0.0,2.369486641733402,2022-06-07
6.85,24.92,2.47,2.4229710977472982,2022-06-08
11.37,24.6,5.65,2.1786257756187895,2022-06-09
10.54,26.46,1.33,2.738562012450709,2022-06-10
8.2,24.51,0.0,2.6225465075759935,2022-06-11
8.62,24.8,6.28,2.252282858644245,2022-06-12
11.33,21.97,5.48,1.5897647575910558,2022-06-13
7.2,19.46,0.0,1.9567541665499144,2022-06-14
5.13,17.04,4.74,1.4275240392152089,2022-06-15
11.52,20.99,0.0,1.6937447776271568,2022-06-16
10.91,29.77,0.0,2.971057780000941,2022-06-17
17.76,32.13,0.0,2.844661841673104,2022-06-18
16.04,21.05,4.51,0.5875287004282533,2022-06-19
14.69,20.77,3.57,0.7043366960542908,2022-06-20
11.74,22.76,1.02,1.921571681841094,2022-06-21
10.85,28.22,0.0,2.75282456182336,2022-06-22
10.5,26.5,5.74,2.128362413824631,2022-06-23
8.5,18.36,2.17,1.1918516767342435,2022-06-24
8.88,21.38,3.53,1.5796003192915973,2022-06-25
8.86,24.92,0.0,2.409945915195185,2022-06-26
10.02,23.28,0.0,2.12652794579151,2022-06-27
9.41,22.96,1.1,2.12630196955926,2022-06-28
12.62,25.1,0.0,2.1306010717596937,2022-06-29
9.83,23.11,0.0,2.116172838976652,2022-06-30
8.25,24.42,0.0,2.382942157457195,2022-07-01
9.97,22.81,2.96,1.652251468005108,2022-07-02
10.71,23.87,0.82,2.1474954093485144,2022-07-03
12.79,19.05,6.92,0.7227762286851984,2022-07-04
12.37,18.13,3.03,0.6650221382310447,2022-07-05
12.73,24.43,0.0,2.024744210386793,2022-07-06
12.4,24.36,1.73,2.048431628691482,2022-07-07
16.68,31.88,3.14,2.175806567944758,2022-07-08
16.57,29.41,2.22,1.8474693990007491,2022-07-09
13.8,25.14,4.07,1.5329384495479004,2022-07-10
10.99,27.16,0.0,2.435319122361112,2022-07-11
10.62,30.38,0.0,2.746655501158402,2022-07-12
16.06,33.5,3.0,2.2909635292984114,2022-07-13
15.17,28.13,0.0,2.1920805483535872,2022-07-14
16.24,33.98,0.0,2.816489330039068,2022-07-15
14.96,35.4,0.0,2.9884144110432582,2022-07-16
15.82,31.17,0.0,2.499137430170942,2022-07-17
14.34,29.38,18.9,1.9147779934017932,2022-07-18
15.41,28.65,6.65,1.610495279878681,2022-07-19
12.83,24.72,0.0,1.687630624583471,2022-07-20
10.9,28.35,0.0,2.2921749945158973,2022-07-21
11.27,24.91,0.0,1.8615673897725753,2022-07-22
8.77,21.77,0.0,1.6711080375863212,2022-07-23
7.84,28.51,0.0,2.414777962224086,2022-07-24
13.38,20.67,2.38,0.805799306832141,2022-07-25
10.47,24.32,0.0,1.8217583362254863,2022-07-26
7.84,25.83,0.0,2.139775683240031,2022-07-27
8.17,27.91,0.0,2.3059046552625344,2022-07-28
13.01,33.83,0.0,2.631676443974297,2022-07-29
15.32,25.34,2.57,1.1050891871871973,2022-07-30
13.55,27.48,5.51,1.499697046633309,2022-07-31
14.99,26.52,0.0,1.5421416844872522,2022-08-01
13.43,24.65,0.0,1.4433271574096471,2022-08-02
8.28,25.67,0.0,1.9879413518872464,2022-08-03
11.09,34.42,0.0,2.629675214839366,2022-08-04
8.75,18.85,0.0,1.0788570146173615,2022-08-05
4.85,23.1,0.0,1.8734877394622145,2022-08-06
11.82,30.09,0.0,2.208779210194006,2022-08-07
11.06,32.86,0.0,2.48232575390053,2022-08-08
9.78,25.94,0.0,1.8637070965452096,2022-08-09
10.17,26.45,0.0,1.884418921686965,2022-08-10
15.71,26.05,0.0,1.2536255112158332,2022-08-11
11.66,31.76,0.0,2.391091178340913,2022-08-12
16.05,32.97,1.95,2.225267375649952,2022-08-13
15.38,30.85,0.0,2.0052262498015807,2022-08-14
12.19,29.86,0.0,2.128419229610961,2022-08-15
13.75,34.54,0.0,2.494363685570803,2022-08-16
15.99,29.59,0.0,1.7600687107123385,2022-08-17
12.47,29.55,0.0,2.0659882135389065,2022-08-18
10.68,29.75,0.0,2.170260530684714,2022-08-19
14.23,32.15,0.0,2.1895503199300586,2022-08-20
12.6,34.38,0.0,2.466527639338707,2022-08-21
16.28,26.29,0.0,1.147692861915932,2022-08-22
13.98,26.98,0.0,1.5461297780142156,2022-08-23
10.58,27.42,0.0,1.8641890388080309,2022-08-24
10.38,28.81,0.0,2.0008504536630376,2022-08-25
12.8,28.82,8.41,1.506143204106711,2022-08-26
13.55,30.84,0.0,1.9502715002436768,2022-08-27
12.47,21.87,0.0,0.977506852649818,2022-08-28
8.8,27.48,0.0,1.8770538344675227,2022-08-29
10.34,32.02,0.0,2.187626676588768,2022-08-30
13.53,35.46,0.0,2.313457445570403,2022-08-31
14.22,32.13,0.0,1.938611481091936,2022-09-01
5.97,26.99,0.0,1.8747041157063873,2022-09-02
11.92,36.88,0.0,2.43378124936452,2022-09-03
15.4,34.85,0.0,2.066998857593394,2022-09-04
12.45,31.5,0.0,1.9151058017662617,2022-09-05
8.65,24.79,0.0,1.477006885347528,2022-09-06
10.06,35.32,0.0,2.318584550424412,2022-09-07
7.0,19.41,0.0,1.0553359343466768,2022-09-08
3.49,17.14,0.0,1.0520820121080563,2022-09-09
1.96,23.18,0.0,1.6164681518200772,2022-09-10
8.32,32.5,0.0,2.1560484037748116,2022-09-11
8.87,23.32,0.0,1.3122455887135274,2022-09-12
8.77,15.09,1.36,0.549918952421859,2022-09-13
7.42,15.72,1.45,0.6970288466817474,2022-09-14
5.59,16.46,0.0,0.8706030160271305,2022-09-15
10.42,20.65,0.0,0.917065684981752,2022-09-16
7.72,23.21,0.0,1.3542996525493352,2022-09-17
5.22,22.35,0.0,1.4222415693524466,2022-09-18
8.52,17.81,3.31,0.7242119815332402,2022-09-19
4.49,13.88,0.0,0.7199649284443308,2022-09-20
-0.4,17.12,0.0,1.1888834505612296,2022-09-21
1.74,19.37,0.39,1.300683424491634,2022-09-22
4.88,20.04,0.0,1.2135067185843444,2022-09-23
6.24,21.49,0.0,1.2830533931261443,2022-09-24
1.99,21.89,0.0,1.4742969423473846,2022-09-25
6.35,23.05,0.0,1.3893930687503362,2022-09-26
6.01,25.63,0.0,1.606975431727417,2022-09-27
8.63,30.6,0.0,1.8827386740894037,2022-09-28
7.78,30.48,0.0,1.8813208964706176,2022-09-29
10.68,23.68,0.0,1.1034043755604577,2022-09-30
7.6,20.3,0.0,0.9927809583294256,2022-10-01
5.14,20.27,0.0,1.1490166148879184,2022-10-02
6.82,22.73,0.0,1.3187121970250453,2022-10-03
7.51,26.05,0.0,1.580316446503066,2022-10-04
3.08,12.06,0.0,0.6118754060948827,2022-10-05
-4.22,10.13,0.0,0.7641074000155144,2022-10-06
-2.59,19.86,0.0,1.3747837109131114,2022-10-07
3.33,22.88,0.0,1.4702175186752175,2022-10-08
3.26,22.5,0.0,1.4579500251454984,2022-10-09
3.07,25.45,0.0,1.6495759271341908,2022-10-10
4.16,15.31,0.0,0.7685715912733827,2022-10-11
2.55,11.49,0.0,0.5794508349324272,2022-10-12
-0.03,14.29,0.0,0.9094992074399844,2022-10-13
-2.22,15.73,0.75,1.0682402283985089,2022-10-14
-2.1,9.45,0.0,0.6264146986415124,2022-10-15
-4.28,9.02,0.0,0.663827600462197,2022-10-16
-2.7,17.41,0.0,1.3020581112991212,2022-10-17
0.81,22.33,0.0,1.669133003198818,2022-10-18
2.16,21.51,0.0,1.580000349248326,2022-10-19
3.25,15.59,0.0,1.023228099415013,2022-10-20
0.41,11.63,0.0,0.789195521548979,2022-10-21
-4.04,11.2,4.03,0.7814832914612688,2022-10-22
-0.53,3.74,11.44,0.2175079151038592,2022-10-23
-2.35,0.77,0.0,0.1571598232103165,2022-10-24
-2.75,3.59,0.0,0.314755320440795,2022-10-25
-4.19,6.51,0.0,0.5098116069233593,2022-10-26
-0.1,10.38,0.0,0.5798209135372491,2022-10-27
-0.26,10.47,0.0,0.5900002381474125,2022-10-28
-1.8,13.2,0.0,0.8427303123261969,2022-10-29
-1.01,14.85,0.0,0.9759037440862532,2022-10-30
-0.94,9.03,0.0,0.528791485309704,2022-10-31
-0.13,9.05,0.0,0.4986272265953195,2022-11-01
-2.56,1.49,0.0,0.1972192765360731,2022-11-02
-7.88,-2.17,0.0,0.2213107210548434,2022-11-03
-9.39,3.65,1.08,0.500253809660464,2022-11-04
-5.38,3.7,10.85,0.3859542034364364,2022-11-05
-12.39,-5.89,0.0,0.2056576899657496,2022-11-06
-14.99,-6.69,4.59,0.2195555159953483,2022-11-07
-18.28,-6.52,0.0,0.2804197645443493,2022-11-08
-24.1,-15.34,0.0,0.1403756741114445,2022-11-09
-24.07,-14.66,0.0,0.1513896633596755,2022-11-10
-21.65,-10.84,0.0,0.2058954663347464,2022-11-11
-21.48,-10.44,1.25,0.2123659329175665,2022-11-12
-14.24,-5.72,0.0,0.2448229034758986,2022-11-13
-11.61,-5.27,0.87,0.2055460443630443,2022-11-14
-10.34,-3.67,0.0,0.2314443381563381,2022-11-15
-10.47,-2.43,0.0,0.2796790449092092,2022-11-16
-16.4,-10.11,0.0,0.1569766719122938,2022-11-17
-16.36,-6.81,0.0,0.2450032652545322,2022-11-18
-12.26,-4.14,0.0,0.2578976908013484,2022-11-19
-11.77,0.82,0.0,0.4140700041202928,2022-11-20
-11.51,1.86,0.83,0.4442807948210964,2022-11-21
-5.86,2.54,0.0,0.3568863623284864,2022-11-22
-4.92,2.23,0.0,0.3141166767543119,2022-11-23
-6.62,3.92,0.0,0.4307595486150151,2022-11-24
-0.07,7.12,0.0,0.3789011894945873,2022-11-25
-3.38,3.01,0.0,0.2954982789995366,2022-11-26
-4.12,3.1,1.87,0.3237372669729464,2022-11-27
-10.91,-4.83,4.08,0.1888901569491778,2022-11-28
-16.85,-10.25,0.71,0.1554290850162684,2022-11-29
-21.42,-14.49,1.3,0.1231478666810916,2022-11-30
-23.48,-14.84,0.75,0.1363719203732616,2022-12-01
-29.35,-21.87,0.0,0.1,2022-12-02
-24.16,-11.21,0.0,0.2025517226261061,2022-12-03
-14.92,-3.03,0.0,0.3187594479176537,2022-12-04
-24.44,-13.58,0.62,0.1625982749893871,2022-12-05
-33.31,-21.46,0.0,0.1,2022-12-06
-34.73,-8.79,0.0,0.2311836533595399,2022-12-07
-15.43,-5.44,0.0,0.2548260108295551,2022-12-08
-11.25,-1.61,0.0,0.3051829145590731,2022-12-09
-17.12,-6.54,0.0,0.2455522056441382,2022-12-10
-10.31,-4.52,1.57,0.1875462545283065,2022-12-11
-12.49,-7.07,2.93,0.1499179321533491,2022-12-12
-16.07,-11.77,0.0,0.1,2022-12-13
-18.0,-8.07,0.18,0.2175078012278852,2022-12-14
-16.81,-10.34,0.0,0.1473061470754576,2022-12-15
-20.49,-13.6,0.46,0.1257640419074268,2022-12-16
-20.34,-14.35,1.03,0.1091470852151488,2022-12-17
-25.85,-19.99,0.94,0.1,2022-12-18
-31.0,-23.28,1.87,0.1,2022-12-19
-35.43,-28.85,1.45,0.1,2022-12-20
-33.08,-27.84,0.69,0.1,2022-12-21
-32.13,-25.47,0.0,0.1,2022-12-22
-35.32,-20.81,0.0,0.1021922454845188,2022-12-23
-23.03,-11.79,3.27,0.1767298171609852,2022-12-24
-16.35,-8.51,0.0,0.1863947738437448,2022-12-25
-15.23,0.71,0.0,0.423865417391838,2022-12-26
-10.93,-2.65,7.64,0.2544117774252249,2022-12-27
-16.09,-9.43,1.85,0.1589507025232863,2022-12-28
-14.56,-10.11,0.0,0.1133164072795299,2022-12-29
-16.66,-8.46,0.0,0.1927150167785611,2022-12-30
-18.57,-10.65,0.0,0.1658884147346659,2022-12-31
-18.68,-6.79,0.0,0.2527711463760721,2023-01-01
-14.88,-5.07,0.0,0.2559200864152804,2023-01-02
-15.0,-5.91,0.0,0.2346433938922923,2023-01-03
-17.99,-9.33,0.0,0.1882530122088252,2023-01-04
-18.13,-10.48,0.0,0.1636656432997165,2023-01-05
-17.12,-5.79,0.0,0.264375318778446,2023-01-06
-12.91,-3.75,0.0,0.2663793112225281,2023-01-07
-14.31,-4.92,0.0,0.254631515501966,2023-01-08
-13.97,-4.41,0.0,0.2648241267959813,2023-01-09
-16.06,-9.74,0.0,0.1528900463140982,2023-01-10
-15.38,-9.62,0.0,0.1445074796356038,2023-01-11
-14.1,-7.03,0.0,0.1930266288952524,2023-01-12
-12.41,-3.0,0.0,0.2856777419750228,2023-01-13
-11.85,-4.67,0.0,0.2234312384432616,2023-01-14
-9.49,-6.88,0.0,0.1,2023-01-15
-9.46,-6.93,0.0,0.1,2023-01-16
-10.39,-7.32,0.0,0.100842934364964,2023-01-17
-7.94,-2.95,0.0,0.1888862035256082,2023-01-18
-9.71,-4.04,0.0,0.198470044981206,2023-01-19
-14.16,-4.75,0.0,0.2673375502326996,2023-01-20
-12.49,-1.12,0.0,0.3605050629483345,2023-01-21
-7.22,1.28,0.0,0.3480911157411309,2023-01-22
-12.83,-1.22,0.75,0.4009644493865971,2023-01-23
-10.47,-2.43,0.0,0.2863255732327485,2023-01-24
-7.98,-0.98,1.62,0.2816194420664663,2023-01-25
-8.69,3.69,1.0,0.6000339313437303,2023-01-26
-19.45,-4.23,0.0,0.3645186359171914,2023-01-27
-24.32,-18.14,0.0,0.1,2023-01-28
-25.59,-19.08,0.0,0.1,2023-01-29
-26.23,-17.9,0.0,0.1185585335060607,2023-01-30
-23.39,-13.37,0.0,0.1767444706843554,2023-01-31
-23.6,-12.05,0.51,0.2041542684291169,2023-02-01
-27.71,-17.76,0.0,0.1317516564838993,2023-02-02
-19.5,-2.47,0.0,0.4526746948180515,2023-02-03
-7.55,-0.27,0.0,0.3890727891895468,2023-02-04
-10.98,1.52,0.0,0.604734565613532,2023-02-05
-4.87,1.32,0.0,0.3891839322290496,2023-02-06
-4.98,2.83,0.0,0.5551548055049119,2023-02-07
-9.45,-0.58,1.36,0.4844835046034796,2023-02-08
-13.86,-2.57,0.0,0.4681411754739888,2023-02-09
-9.68,4.61,0.0,0.7996823927017789,2023-02-10
-6.8,1.06,0.0,0.5217981300249982,2023-02-11
-7.79,1.33,0.0,0.5960859417488944,2023-02-12
-4.22,3.23,0.0,0.6075887746211865,2023-02-13
-17.27,-4.19,0.0,0.4545524653611492,2023-02-14
-17.32,-10.26,0.0,0.1929196612745054,2023-02-15
-19.81,-2.3,0.0,0.5271843192829787,2023-02-16
-9.22,-0.55,0.0,0.525294581586859,2023-02-17
-12.83,-4.33,0.0,0.3922630137054369,2023-02-18
-12.78,-6.64,1.27,0.2409107432072679,2023-02-19
-21.43,-10.98,0.0,0.2598958367529218,2023-02-20
-27.39,-17.9,0.0,0.1412002131450879,2023-02-21
-31.24,-25.5,0.0,0.1,2023-02-22
-29.22,-21.95,0.0,0.1,2023-02-23
-31.15,-19.72,0.0,0.1347490972744757,2023-02-24
-28.22,-12.43,0.0,0.2634326899114191,2023-02-25
-18.59,-3.23,0.0,0.5640873732955682,2023-02-26
-16.09,-6.43,0.0,0.4139207203199883,2023-02-27
-21.05,-11.24,0.0,0.276971901965922,2023-02-28
-20.37,-6.66,0.0,0.4488064101771249,2023-03-01
-12.97,0.66,0.0,0.7779503365188087,2023-03-02
-10.71,-0.88,0.0,0.6704892755927602,2023-03-03
-15.33,-5.65,0.0,0.4708978098005414,2023-03-04
-21.19,-10.99,0.0,0.3112899080225695,2023-03-05
-25.79,-13.88,0.0,0.2529327250169703,2023-03-06
-17.71,-12.86,0.0,0.1433068407054402,2023-03-07
-19.2,-13.87,0.68,0.1459726507825143,2023-03-08
-19.43,-10.66,0.0,0.3192645358460018,2023-03-09
-14.43,-6.83,3.47,0.3248479411342294,2023-03-10
-12.86,-6.85,3.49,0.2655957644432333,2023-03-11
-19.58,-9.31,0.0,0.4073249058366243,2023-03-12
-17.77,-3.66,0.0,0.6543176335834365,2023-03-13
-11.65,0.68,0.98,0.8992335492730927,2023-03-14
-15.21,-4.16,1.82,0.6404132755408123,2023-03-15
-15.15,-5.87,0.0,0.5471979947741031,2023-03-16
-21.17,-8.52,0.0,0.4683187470783975,2023-03-17
-19.55,-0.8,0.0,0.773431073912239,2023-03-18
-15.05,-3.38,0.0,0.7075324841557452,2023-03-19
-13.58,-6.25,0.0,0.491876792179145,2023-03-20
-15.56,-6.86,0.0,0.515066905700979,2023-03-21
-16.48,-6.92,0.0,0.5369737988247286,2023-03-22
-15.43,2.13,0.0,0.9602701017449246,2023-03-23
-14.65,-4.06,0.0,0.6903529977803734,2023-03-24
-19.28,-4.28,0.0,0.6796762115627724,2023-03-25
-14.88,-6.48,0.0,0.5402569177846234,2023-03-26
-19.77,-8.93,0.0,0.486615921727155,2023-03-27
-21.96,-6.45,0.0,0.5901966179103645,2023-03-28
-18.47,-1.24,0.0,0.8187774114419458,2023-03-29
-12.67,-1.93,0.0,0.8435124661422866,2023-03-30
-14.95,0.49,0.0,0.9373624107434486,2023-03-31
-9.08,2.9,0.0,1.1019319147581512,2023-04-01
-8.56,-3.18,2.86,0.4341058613173618,2023-04-02
-13.9,-8.1,1.71,0.41186874667543,2023-04-03
-19.41,-7.11,0.0,0.5953989295983289,2023-04-04
-22.85,-6.38,0.0,0.6064557730316517,2023-04-05
-20.89,-4.33,0.0,0.7063698758605398,2023-04-06
-13.34,1.63,0.0,1.0267628286159765,2023-04-07
-4.29,5.88,0.0,1.2842069251108224,2023-04-08
0.28,7.85,0.0,1.354974235920417,2023-04-09
2.41,9.13,0.0,1.4017405814751809,2023-04-10
0.63,10.41,0.0,1.5510872129044644,2023-04-11
0.0,8.79,0.0,1.44746726732592,2023-04-12
-2.07,7.35,0.0,1.3824224608000586,2023-04-13
-0.85,9.2,0.0,1.503762545262134,2023-04-14
-2.14,12.67,0.0,1.7397781654970614,2023-04-15
-1.0,15.47,0.0,1.9189953032469813,2023-04-16
2.91,16.97,0.0,1.9720802563350084,2023-04-17
0.06,6.73,3.5,1.0036678619599029,2023-04-18
-3.82,0.4,6.72,0.3716006736230772,2023-04-19
-4.67,-1.25,0.49,0.2817048068028444,2023-04-20
-5.21,2.18,0.0,0.861288272748046,2023-04-21
-4.58,6.91,0.0,1.3751918597326016,2023-04-22
-5.09,9.46,0.0,1.5279834800598076,2023-04-23
-1.44,11.15,0.0,1.649858024432032,2023-04-24
2.12,17.28,1.81,2.0481652662500784,2023-04-25
1.53,15.42,0.0,1.93044763929406,2023-04-26
1.86,10.7,0.0,1.5872467636481142,2023-04-27
-0.76,18.94,0.0,2.1303773433505366,2023-04-28
-1.14,16.37,0.0,1.9859193550751308,2023-04-29
-2.17,16.46,0.0,1.9800384321549136,2023-04-30
-0.3,20.41,0.0,2.2294138634663323,2023-05-01
2.97,26.31,0.0,2.6062400350067785,2023-05-02
5.56,27.23,0.0,2.6962834034399523,2023-05-03
6.09,27.34,0.0,2.710756026154465,2023-05-04
4.65,20.07,0.0,2.2459703484124875,2023-05-05
4.28,17.63,0.0,2.0773257038597706,2023-05-06
7.61,18.57,0.0,2.096976437974598,2023-05-07
7.12,19.64,0.0,2.2026112559758775,2023-05-08
3.5,21.06,0.0,2.331466294546671,2023-05-09
7.4,21.27,0.0,2.321511880191794,2023-05-10
5.77,21.43,0.0,2.352467293267224,2023-05-11
8.45,18.27,0.0,2.033070778581258,2023-05-12
4.83,24.24,0.0,2.5482481343454415,2023-05-13
5.66,26.14,0.0,2.672709030972264,2023-05-14
9.61,27.66,0.0,2.774549008962706,2023-05-15
9.68,30.84,0.0,2.989298215395215,2023-05-16
6.22,17.86,0.0,2.056196230220802,2023-05-17
3.71,16.23,0.0,1.9724989455880353,2023-05-18
1.19,26.23,0.0,2.633704575854035,2023-05-19
10.95,25.88,0.0,2.6022265083658955,2023-05-20
6.79,25.31,0.0,2.6113869027774035,2023-05-21
12.24,31.23,3.52,2.740677204239156,2023-05-22
11.89,25.32,0.0,2.522064279463774,2023-05-23
10.76,22.65,10.65,2.15005746250068,2023-05-24
12.32,16.2,2.92,0.4439547507564039,2023-05-25
10.68,19.83,0.0,1.870662065768651,2023-05-26
8.0,17.52,6.48,1.4165868858950974,2023-05-27
12.9,21.06,0.0,1.6916037582987622,2023-05-28
10.14,26.62,0.0,2.720181264198926,2023-05-29
10.95,28.96,2.02,2.6139375271267276,2023-05-30
11.62,30.8,0.0,3.0257859075958033,2023-05-31
13.88,26.93,0.0,2.6648625491909224,2023-06-01
12.69,23.06,0.0,2.1913783404809695,2023-06-02
16.31,26.44,5.62,1.907449129717448,2023-06-03
14.98,30.54,0.0,2.985843093052411,2023-06-04
17.07,32.93,0.0,3.1249742544953953,2023-06-05
15.92,27.73,0.0,2.5873137524241856,2023-06-06
12.82,29.2,0.0,2.9266651326013697,2023-06-07
13.36,29.81,0.0,2.967841424163794,2023-06-08
11.6,25.79,0.0,2.6723891225195535,2023-06-09
9.89,24.47,0.0,2.603667555383898,2023-06-10
10.23,28.49,0.0,2.9119405666695526,2023-06-11
12.32,30.62,0.0,3.0487085028125183,2023-06-12
12.62,31.23,0.0,3.0928765587768785,2023-06-13
12.88,29.56,2.76,2.702758643565745,2023-06-14
9.48,18.45,0.0,1.825322820248397,2023-06-15
6.83,25.16,0.0,2.7035261810475304,2023-06-16
11.9,21.49,0.0,2.095289374890217,2023-06-17
7.98,24.51,19.58,2.3782428528162813,2023-06-18
9.5,22.66,0.0,2.282279980406239,2023-06-19
8.43,22.64,0.0,2.360759864726975,2023-06-20
8.13,20.46,0.0,2.095919214604264,2023-06-21
7.74,24.01,0.0,2.560001287977367,2023-06-22
8.28,26.32,0.0,2.7716650965489262,2023-06-23
9.15,26.83,0.0,2.779931885971902,2023-06-24
10.85,29.65,0.0,2.9952036733754586,2023-06-25
11.6,26.58,0.0,2.611064696906587,2023-06-26
11.09,28.77,0.0,2.8768666188307024,2023-06-27
11.41,25.56,0.0,2.46992036241023,2023-06-28
10.13,27.94,0.0,2.8228214923193327,2023-06-29
13.81,30.61,0.0,2.965101052613869,2023-06-30
13.91,32.88,0.0,3.1738323565236763,2023-07-01
12.12,23.04,0.0,2.014584006742855,2023-07-02
9.91,21.8,0.0,2.0657126257199865,2023-07-03
8.35,19.25,0.0,1.8149308395415815,2023-07-04
6.28,24.2,0.0,2.574894286218686,2023-07-05
8.53,26.93,0.0,2.7808714647820483,2023-07-06
8.09,25.32,0.0,2.62264401575094,2023-07-07
8.92,28.25,0.0,2.86875925347644,2023-07-08
11.52,30.72,0.0,3.019232234668801,2023-07-09
10.22,23.8,0.0,2.295008437022739,2023-07-10
9.28,22.22,0.0,2.146456458560678,2023-07-11
9.89,24.78,0.0,2.4577472613339215,2023-07-12
11.59,26.12,0.0,2.527740302421146,2023-07-13
10.72,22.38,0.0,2.0494728163113094,2023-07-14
8.42,24.57,0.0,2.496753536171002,2023-07-15
8.07,23.68,0.0,2.4085254971629233,2023-07-16
8.77,27.14,6.92,2.291319919635703,2023-07-17
11.88,20.18,3.66,1.0617281928889508,2023-07-18
13.02,24.24,0.0,2.0642842798143186,2023-07-19
10.59,27.57,0.0,2.714586318596878,2023-07-20
11.26,29.46,0.0,2.8742517728033734,2023-07-21
11.63,29.69,0.0,2.874112763901264,2023-07-22
14.28,31.12,0.0,2.906674298889482,2023-07-23
15.96,35.35,0.0,3.2340893619325537,2023-07-24
18.33,34.03,0.0,3.0104685852618993,2023-07-25
11.87,27.06,0.0,2.554085917644419,2023-07-26
9.04,21.94,0.0,2.064249343150055,2023-07-27
7.82,21.58,0.0,2.0968055120541065,2023-07-28
5.84,24.27,0.0,2.468024596914576,2023-07-29
9.02,30.21,0.0,2.9155347987101745,2023-07-30
15.5,33.17,0.0,3.0262723269360596,2023-07-31
12.59,32.72,0.0,3.0471369266841393,2023-08-01
12.83,31.29,0.0,2.896110985385336,2023-08-02
13.89,37.05,0.0,3.294404089041975,2023-08-03
14.16,27.91,0.0,2.3597938065363904,2023-08-04
9.84,27.45,0.0,2.567568609463327,2023-08-05
9.19,27.35,0.0,2.5686484464311423,2023-08-06
9.28,28.66,0.0,2.682077991235285,2023-08-07
9.91,24.7,0.0,2.2181771124354306,2023-08-08
11.43,19.83,10.36,0.9646528729720144,2023-08-09
12.1,24.65,5.47,1.5105665487480096,2023-08-10
12.03,22.4,0.0,1.4783400525579364,2023-08-11
9.62,23.51,4.26,1.5254804836260936,2023-08-12
9.72,26.26,0.0,2.1568758179988956,2023-08-13
12.51,33.71,0.0,2.753774156865207,2023-08-14
14.5,30.45,0.0,2.2950985457552533,2023-08-15
11.74,23.53,0.0,1.599635454543264,2023-08-16
8.61,31.72,0.0,2.6361532571176567,2023-08-17
14.12,25.58,0.0,1.5882555961968452,2023-08-18
8.24,20.68,0.0,1.4904761365340569,2023-08-19
4.52,21.92,2.1,1.5395258543162291,2023-08-20
12.24,18.77,20.9,0.6279089127432391,2023-08-21
13.29,18.18,13.32,0.4841372286626386,2023-08-22
13.76,24.1,0.0,1.2386323259800776,2023-08-23
10.61,23.31,0.0,1.493619802993782,2023-08-24
10.02,21.0,0.0,1.2293466609707693,2023-08-25
9.55,29.88,0.0,2.273291978585109,2023-08-26
11.5,28.16,0.0,1.9976522140867643,2023-08-27
10.74,30.65,0.0,2.2616933077642187,2023-08-28
12.33,32.06,0.0,2.3212215985914653,2023-08-29
14.91,28.2,0.0,1.7010163987058662,2023-08-30
12.35,21.59,3.87,0.8694591027370555,2023-08-31
13.36,27.53,0.0,1.7275503330436697,2023-09-01
13.18,28.9,0.0,1.9411097432658873,2023-09-02
8.35,31.34,0.0,2.3319090185129374,2023-09-03
9.67,20.85,0.0,1.2112861474467176,2023-09-04
2.17,17.43,0.0,1.347769720822284,2023-09-05
8.77,24.13,0.0,1.6586999849923327,2023-09-06
7.83,21.54,0.0,1.4273289197563603,2023-09-07
3.49,22.7,0.0,1.7119001551518982,2023-09-08
7.41,23.97,0.0,1.6559287016874846,2023-09-09
6.58,24.89,0.0,1.7542430895650147,2023-09-10
6.47,22.75,0.0,1.5461354039087494,2023-09-11
8.35,28.8,0.0,1.9801505084258044,2023-09-12
11.21,23.02,0.41,1.2235425708385848,2023-09-13
7.45,20.34,0.0,1.2156974045419169,2023-09-14
4.65,22.34,0.0,1.5486708907303828,2023-09-15
6.59,30.22,0.0,2.080534897099404,2023-09-16
7.32,31.37,0.0,2.2593563590080317,2023-09-17
9.32,26.98,0.0,1.8356332219720644,2023-09-18
6.05,18.68,0.26,1.1684042502973817,2023-09-19
5.19,20.55,0.0,1.3900395545097897,2023-09-20
2.99,21.66,0.0,1.5489939316941446,2023-09-21
4.35,22.89,0.0,1.5852834055693386,2023-09-22
10.23,20.46,0.0,0.9170403122782528,2023-09-23
10.62,24.19,0.0,1.3290281784962112,2023-09-24
6.83,26.46,0.0,1.7447164786796152,2023-09-25
12.29,29.81,0.0,1.7681309275075798,2023-09-26
10.07,23.59,0.0,1.2639682224461355,2023-09-27
5.72,19.78,0.0,1.1595285348228042,2023-09-28
2.45,18.6,1.52,1.2043887407428575,2023-09-29
2.42,10.59,15.69,0.5122929768949248,2023-09-30
7.31,9.71,4.75,0.1803184689683078,2023-10-01
6.77,14.3,1.94,0.580003758895975,2023-10-02
5.18,16.24,0.0,0.8153386660895261,2023-10-03
3.01,14.46,1.1,0.7883562486928549,2023-10-04
-0.88,8.67,0.0,0.576020036596014,2023-10-05
-4.75,11.52,0.0,0.8511693053164104,2023-10-06
4.45,21.59,0.0,1.1858679593417258,2023-10-07
3.2,23.11,0.0,1.308103057109756,2023-10-08
4.06,22.54,0.0,1.2427121192940604,2023-10-09
3.45,21.26,0.0,1.1772892233436445,2023-10-10
4.32,16.7,0.0,0.8509446902985711,2023-10-11
1.79,10.67,0.0,0.5655085271449848,2023-10-12
-2.35,12.55,0.0,0.8206510765292251,2023-10-13
-0.32,12.64,0.0,0.7616603765830823,2023-10-14
-0.3,15.99,0.0,0.9487828496513152,2023-10-15
1.68,18.7,0.0,1.0462573923102572,2023-10-16
7.74,20.05,0.0,0.9032693221302814,2023-10-17
3.24,15.69,0.0,0.808192049310805,2023-10-18
4.23,21.91,0.0,1.1472588203792096,2023-10-19
4.06,15.16,0.0,0.7324084267919907,2023-10-20
-2.76,11.28,0.0,0.7369308081877446,2023-10-21
1.83,10.63,0.0,0.5400254662760664,2023-10-22
-3.73,2.48,3.98,0.2876706549402412,2023-10-23
-11.37,-4.1,0.0,0.2524894105990959,2023-10-24
-15.52,-5.26,0.0,0.293077979889065,2023-10-25
-13.2,-4.6,0.0,0.2744085674881247,2023-10-26
-8.35,-3.27,0.56,0.2067221604247709,2023-10-27
-10.19,-2.99,0.52,0.2717671527377254,2023-10-28
-8.6,-0.56,0.0,0.329046384776728,2023-10-29
-13.56,-4.12,0.0,0.3018350419374263,2023-10-30
-13.49,2.16,0.0,0.5126239017897645,2023-10-31
-8.82,-0.04,0.0,0.3477212185460557,2023-11-01
-6.42,3.78,0.0,0.4510239781934453,2023-11-02
-5.71,1.35,0.0,0.3167894698944114,2023-11-03
-5.47,3.7,1.18,0.416890034916783,2023-11-04
-0.28,2.82,0.9,0.1665519136631021,2023-11-05
0.67,3.14,0.0,0.138805450322149,2023-11-06
0.09,3.0,5.41,0.150789690244261,2023-11-07
-0.96,4.23,0.0,0.2754772117073641,2023-11-08
-5.7,0.53,0.0,0.2732014525949542,2023-11-09
-7.4,3.14,0.0,0.4308601846723319,2023-11-10
-2.89,8.46,0.0,0.554569279530149,2023-11-11
-2.6,8.91,0.0,0.5668697021114272,2023-11-12
-3.45,9.35,0.0,0.6059887104188615,2023-11-13
-2.11,8.12,0.0,0.5109034660856856,2023-11-14
-5.16,6.64,0.0,0.5207172995647232,2023-11-15
-9.28,3.55,0.0,0.4721765091157744,2023-11-16
-3.17,11.79,0.0,0.7027437245914134,2023-11-17
-2.73,13.97,0.0,0.790436430884985,2023-11-18
-1.15,12.18,0.0,0.6704875549862768,2023-11-19
-4.1,5.87,0.0,0.4507231050190061,2023-11-20
-9.41,8.26,0.0,0.6397159207738927,2023-11-21
-9.28,-0.36,0.0,0.3173861861395951,2023-11-22
-16.86,-6.47,0.0,0.2494983105643627,2023-11-23
-12.57,0.9,0.0,0.412562660916509,2023-11-24
-8.47,1.16,0.0,0.3523676616692616,2023-11-25
-14.68,-4.41,0.29,0.2796577888417669,2023-11-26
-8.46,1.2,0.0,0.3568152344354212,2023-11-27
-4.57,5.71,0.0,0.4405868686248327,2023-11-28
-5.91,3.11,0.0,0.3639151116139449,2023-11-29
-9.91,-1.16,0.0,0.293906707054965,2023-11-30
-14.58,-0.12,0.0,0.3942582850763308,2023-12-01
-11.87,0.47,0.0,0.380985567287179,2023-12-02
-13.71,0.58,0.0,0.4048384383560901,2023-12-03
-8.37,0.62,0.0,0.320927809083626,2023-12-04
-8.88,8.12,0.0,0.6076211123164508,2023-12-05
-3.62,7.29,0.0,0.4754463891726017,2023-12-06
-0.44,3.15,0.81,0.1729986844623941,2023-12-07
-6.68,0.31,0.0,0.2635806838502007,2023-12-08
-9.55,-0.78,0.0,0.2917340287438808,2023-12-09
-7.93,1.35,0.0,0.333111808548135,2023-12-10
-11.82,-1.42,0.0,0.3120076145120908,2023-12-11
-13.76,1.1,0.0,0.4154443910999008,2023-12-12
-6.62,8.61,0.0,0.5890224623917311,2023-12-13
-4.16,6.72,0.0,0.459922072327656,2023-12-14
-5.18,4.38,0.0,0.3856421928582245,2023-12-15
-3.79,4.29,0.0,0.3436059263326319,2023-12-16
-10.14,1.46,0.0,0.3789716179770976,2023-12-17
-10.93,2.47,0.0,0.4257535576007039,2023-12-18
-3.42,-0.58,0.0,0.1202727030327514,2023-12-19
-5.13,6.0,0.0,0.4537416357791184,2023-12-20
-6.59,3.58,0.0,0.3890555136485797,2023-12-21
-5.83,10.01,0.0,0.6334029300857681,2023-12-22
-5.76,2.91,0.0,0.3417115656507243,2023-12-23
-12.32,0.4,0.0,0.3774428579150671,2023-12-24
-10.76,4.46,0.0,0.4925901914489539,2023-12-25
-9.72,7.03,0.0,0.5710446403117359,2023-12-26
-8.21,5.92,0.0,0.5098829761168767,2023-12-27
-8.34,9.58,0.0,0.6504816825779324,2023-12-28
-8.53,3.64,0.0,0.4297914934050477,2023-12-29
-13.23,0.62,0.0,0.3948311796559336,2023-12-30
-9.38,4.05,0.0,0.4594981539353088,2023-12-31
