MinTemp,MaxTemp,Precipitation,ReferenceET,Date
-31.3,-13.22,0.0,0.1821705661473382,2018-01-01
-22.15,-4.86,0.0,0.316074569986221,2018-01-02
-13.8,-1.92,0.0,0.3324156832853605,2018-01-03
-13.38,-5.06,0.0,0.2315975195666192,2018-01-04
-13.85,-6.01,0.0,0.2123492986741241,2018-01-05
-12.12,1.45,0.0,0.4191293814237725,2018-01-06
-8.55,0.88,0.0,0.3387680961654916,2018-01-07
-9.76,-1.77,0.0,0.2693680325541652,2018-01-08
-11.05,0.22,0.0,0.3643076692761421,2018-01-09
-24.11,-17.95,0.51,0.1,2018-01-10
-29.23,-21.95,0.0,0.1,2018-01-11
-31.38,-20.89,0.0,0.1,2018-01-12
-27.12,-7.84,0.0,0.2688090276287608,2018-01-13
-22.47,-10.23,0.0,0.2131526090717263,2018-01-14
-29.25,-15.09,0.0,0.1604652838100847,2018-01-15
-20.77,-0.61,0.0,0.4220434799146618,2018-01-16
-9.05,3.44,0.0,0.4566012150492821,2018-01-17
-7.11,7.33,0.0,0.5790291444093573,2018-01-18
-4.97,3.81,0.0,0.3811946232338476,2018-01-19
-8.13,1.12,0.0,0.3516066656578543,2018-01-20
-11.87,-0.76,0.0,0.357577767427931,2018-01-21
-10.73,3.35,0.0,0.4870223341177734,2018-01-22
-11.03,0.6,0.0,0.3944424528338674,2018-01-23
-10.52,-2.04,0.0,0.2905189178840677,2018-01-24
-9.25,-1.09,0.0,0.2982642193811873,2018-01-25
-12.79,-7.59,0.79,0.1551744384324849,2018-01-26
-19.25,-13.39,0.0,0.1212051232112424,2018-01-27
-21.44,-13.85,0.69,0.1406072606198103,2018-01-28
-22.43,-2.1,0.0,0.4038610291295828,2018-01-29
-12.1,2.14,0.0,0.477182592461834,2018-01-30
-23.51,-14.86,0.0,0.1446959648569404,2018-01-31
-26.75,-15.22,0.0,0.1614411521977015,2018-02-01
-22.12,-17.75,4.41,0.1,2018-02-02
-27.39,-20.33,1.48,0.1,2018-02-03
-28.84,-16.58,0.0,0.1521381035144382,2018-02-04
-26.81,-15.82,0.0,0.1560879181295046,2018-02-05
-28.03,-17.67,0.0,0.1345806491085317,2018-02-06
-27.41,-13.59,0.0,0.1960741768696842,2018-02-07
-26.4,-17.04,0.0,0.1359754925103872,2018-02-08
-28.7,-16.95,0.0,0.150086306414033,2018-02-09
-21.28,-10.14,0.0,0.233730631721039,2018-02-10
-27.64,-16.55,0.0,0.1530174760353272,2018-02-11
-32.44,-12.29,0.0,0.2210002811769445,2018-02-12
-19.05,1.94,0.0,0.6105870510902317,2018-02-13
-13.72,1.02,2.64,0.4977955994834881,2018-02-14
-28.12,-13.02,0.0,0.2154941728073379,2018-02-15
-21.01,-4.27,0.0,0.4093118117216821,2018-02-16
-19.29,-11.05,0.0,0.1980283953689686,2018-02-17
-22.8,-12.95,0.0,0.1939852744948694,2018-02-18
-27.64,-14.02,0.0,0.2023801709218941,2018-02-19
-24.15,-12.27,0.0,0.221014973294675,2018-02-20
-29.46,-10.89,0.0,0.2595793992477124,2018-02-21
-24.59,-8.9,0.0,0.3083716716223695,2018-02-22
-19.61,-7.38,0.0,0.3287313859184623,2018-02-23
-16.04,-1.56,0.0,0.5426895798704963,2018-02-24
-16.93,-1.35,0.0,0.5593972597121685,2018-02-25
-14.87,-4.55,0.0,0.3823794460276065,2018-02-26
-14.57,-2.17,0.0,0.5089498321822905,2018-02-27
-13.55,0.61,0.0,0.654204080561902,2018-02-28
-18.0,-2.2,0.0,0.5513775176250305,2018-03-01
-13.08,-4.83,0.0,0.3869244138568095,2018-03-02
-8.12,-4.8,5.53,0.1394181090072181,2018-03-03
-10.94,-5.74,10.01,0.1926071547810936,2018-03-04
-14.77,-8.69,0.0,0.2036099070682894,2018-03-05
-17.71,-7.56,0.0,0.3087789174813096,2018-03-06
-23.69,-6.41,0.0,0.4072771180875629,2018-03-07
-24.13,-7.71,0.0,0.3713212161697117,2018-03-08
-12.46,-1.09,0.0,0.5574849238442995,2018-03-09
-12.26,-0.95,0.0,0.5671066400602436,2018-03-10
-13.91,2.66,0.0,0.7986970844447359,2018-03-11
-15.67,-0.75,0.0,0.6384531902874746,2018-03-12
-15.76,2.33,0.0,0.7904402537865854,2018-03-13
-15.53,-0.98,0.0,0.639165657341128,2018-03-14
-10.64,-3.26,0.0,0.372636110621464,2018-03-15
-6.93,1.74,0.0,0.6365034524367215,2018-03-16
-3.77,0.12,3.15,0.2184175643953895,2018-03-17
-6.04,1.27,1.07,0.5422737509677075,2018-03-18
-8.75,-0.84,0.0,0.5032915913899237,2018-03-19
-9.01,1.6,0.0,0.733375775399254,2018-03-20
-10.98,2.46,0.0,0.8471979291421794,2018-03-21
-8.78,0.41,0.0,0.6440326235161798,2018-03-22
-5.08,0.15,4.08,0.2951797373958199,2018-03-23
-9.62,3.11,0.0,0.9061952568992104,2018-03-24
-6.07,1.77,0.0,0.6915560355522407,2018-03-25
-7.17,3.99,0.0,0.9721663960837436,2018-03-26
-9.41,3.16,0.0,0.963536106003652,2018-03-27
-13.54,-2.14,0.56,0.6812333363344619,2018-03-28
-18.4,-7.32,0.64,0.4608794784640226,2018-03-29
-22.31,-12.23,0.0,0.3012167233189105,2018-03-30
-22.16,-10.07,0.0,0.3944289432525487,2018-03-31
-18.97,-5.43,0.0,0.5799930095879446,2018-04-01
-20.15,-4.91,0.0,0.6019199334874924,2018-04-02
-17.19,-3.87,0.0,0.6509019215009417,2018-04-03
-18.15,-2.58,0.0,0.7148624867795152,2018-04-04
-18.26,-9.35,0.0,0.3705501040656764,2018-04-05
-23.57,-9.18,0.0,0.4445341001830934,2018-04-06
-20.88,-5.44,0.0,0.5972910873882687,2018-04-07
-12.48,-2.96,0.0,0.66048871097895,2018-04-08
-7.6,1.14,0.0,0.8511797660676925,2018-04-09
-9.66,6.73,0.0,1.3326801043419363,2018-04-10
-3.03,1.96,0.64,0.5998980383707816,2018-04-11
-5.48,-1.12,0.0,0.4237077679569751,2018-04-12
-5.46,0.48,0.0,0.6880952038240966,2018-04-13
-3.7,6.82,0.0,1.3773439648193777,2018-04-14
-3.09,8.5,0.0,1.5174707228420643,2018-04-15
-1.31,4.22,3.32,0.6203155822217061,2018-04-16
-2.3,1.11,4.85,0.2539568419537438,2018-04-17
-4.94,9.18,0.0,1.543553606097682,2018-04-18
-1.32,11.69,0.0,1.7379038170991057,2018-04-19
0.12,17.64,0.0,2.120238637220554,2018-04-20
1.46,18.56,0.0,2.1917079754998543,2018-04-21
2.19,13.09,0.0,1.7777872416840828,2018-04-22
-0.61,13.26,0.0,1.8482989449484035,2018-04-23
-1.01,19.7,0.0,2.228766942091085,2018-04-24
3.23,17.25,0.0,2.1146348399385113,2018-04-25
-0.49,21.7,0.0,2.3544576140097093,2018-04-26
-0.32,15.88,0.0,2.017630134149134,2018-04-27
2.11,26.07,0.0,2.64950211758116,2018-04-28
6.54,20.33,0.0,2.22791995512026,2018-04-29
0.92,10.87,0.0,1.431240190864025,2018-04-30
-2.67,16.69,0.0,1.9752699037945471,2018-05-01
0.79,18.06,0.0,2.098344029010482,2018-05-02
5.28,21.27,0.0,2.3214118380998765,2018-05-03
4.75,23.81,0.0,2.490956882470906,2018-05-04
5.6,24.22,0.0,2.5211603313232054,2018-05-05
4.5,26.96,0.0,2.6800175208791184,2018-05-06
11.21,25.86,0.0,2.5993555578180936,2018-05-07
8.65,16.23,6.82,1.294363363678691,2018-05-08
2.96,12.47,0.0,1.5009547269551808,2018-05-09
2.65,10.07,3.57,0.8904599029679167,2018-05-10
4.14,9.61,1.56,0.8024388851352324,2018-05-11
2.83,17.97,0.0,2.124001414009791,2018-05-12
6.05,25.75,0.0,2.6516675764248347,2018-05-13
3.83,24.18,0.0,2.5383892467900235,2018-05-14
11.5,31.09,0.0,2.996738006572597,2018-05-15
9.69,26.86,0.0,2.7059409989779515,2018-05-16
7.06,14.39,3.25,0.965590379906073,2018-05-17
3.56,17.46,0.0,2.0277623424033413,2018-05-18
2.16,21.03,0.0,2.326937488353327,2018-05-19
2.74,24.31,0.0,2.5455014369628524,2018-05-20
10.73,29.59,0.0,2.9054353578076006,2018-05-21
9.76,26.23,0.0,2.664436020264696,2018-05-22
9.15,28.38,3.48,2.5839456047191165,2018-05-23
11.47,26.38,2.14,2.24867620525106,2018-05-24
10.45,27.12,0.0,2.7317154111744815,2018-05-25
10.24,29.23,2.61,2.5798412610009276,2018-05-26
9.57,24.98,0.0,2.58101846281384,2018-05-27
9.83,29.74,0.0,2.95168867191933,2018-05-28
12.81,27.02,0.0,2.669405526236768,2018-05-29
10.05,22.21,6.32,1.7663588511916422,2018-05-30
7.91,13.69,0.0,0.8021542555176668,2018-05-31
7.83,13.84,9.63,0.6192095157618427,2018-06-01
6.61,18.24,0.0,1.818324218885736,2018-06-02
7.55,23.75,0.0,2.56859666709674,2018-06-03
10.36,27.41,3.88,2.449670845621835,2018-06-04
9.75,20.74,0.0,2.0369301785556715,2018-06-05
6.89,26.07,0.0,2.7575485784818747,2018-06-06
8.49,26.68,0.0,2.788617358445241,2018-06-07
12.34,24.71,0.0,2.397498631516253,2018-06-08
12.78,30.13,0.0,2.9894643675444708,2018-06-09
13.24,23.46,0.0,2.036481866362135,2018-06-10
5.58,17.69,0.0,1.887870371160228,2018-06-11
7.28,21.37,0.0,2.2951790870102013,2018-06-12
7.76,25.07,0.0,2.677982798286752,2018-06-13
9.18,22.52,1.43,2.351695788287812,2018-06-14
8.79,23.14,0.0,2.449945529535148,2018-06-15
7.54,20.54,0.0,2.2055816152219845,2018-06-16
7.79,24.98,0.0,2.674098953883541,2018-06-17
8.54,26.63,0.0,2.7939645580306087,2018-06-18
11.26,25.95,0.0,2.699724487649174,2018-06-19
10.17,28.63,0.0,2.9354870934527444,2018-06-20
12.21,28.94,0.0,2.930309073155547,2018-06-21
14.08,27.43,0.0,2.752869934528068,2018-06-22
12.47,25.96,10.01,2.253507342719264,2018-06-23
14.68,25.43,0.0,2.2725563798693793,2018-06-24
14.13,29.38,2.52,2.4329904127630133,2018-06-25
12.29,24.67,0.0,2.393986771944715,2018-06-26
7.14,25.23,0.0,2.7200013171553814,2018-06-27
7.58,24.2,0.0,2.6215031237361783,2018-06-28
10.64,22.31,0.0,2.1862619408597586,2018-06-29
11.79,24.53,5.24,1.9505927837639223,2018-06-30
10.64,20.92,4.25,1.4487508832441174,2018-07-01
8.47,22.48,3.63,1.820247219083321,2018-07-02
6.1,20.41,8.96,1.6955323628442551,2018-07-03
9.95,18.69,5.34,1.0343904646737587,2018-07-04
7.92,24.56,0.0,2.363059566506734,2018-07-05
14.43,32.78,0.0,2.9466762256738424,2018-07-06
14.14,29.6,0.0,2.5977342999082262,2018-07-07
10.52,24.46,0.0,2.183894580962916,2018-07-08
9.52,28.32,0.0,2.678276878865766,2018-07-09
12.83,28.59,4.86,2.0568059636242464,2018-07-10
13.96,25.15,0.0,1.862228978496086,2018-07-11
13.97,28.85,0.0,2.4285398176389683,2018-07-12
13.53,31.87,0.0,2.8094481263474735,2018-07-13
12.02,21.07,0.0,1.3808728706991946,2018-07-14
8.5,25.35,0.0,2.3421305012155256,2018-07-15
6.78,25.85,0.0,2.463389400185494,2018-07-16
10.59,33.55,0.0,3.0781811027336334,2018-07-17
15.83,30.98,0.0,2.5858135578102814,2018-07-18
13.83,27.76,0.0,2.3087579860008063,2018-07-19
13.01,29.46,0.0,2.591902268349602,2018-07-20
14.88,27.21,0.0,2.1132986340461333,2018-07-21
10.55,23.01,0.0,1.916725767464412,2018-07-22
9.13,23.53,0.0,2.0992857711192765,2018-07-23
8.38,22.99,2.22,1.6743044362879242,2018-07-24
9.21,21.29,0.0,1.747535723853094,2018-07-25
6.57,23.03,0.0,2.1388077218710766,2018-07-26
9.71,23.3,0.0,1.9757585642174231,2018-07-27
8.73,26.56,0.0,2.408049500941063,2018-07-28
8.73,29.31,0.0,2.645932453557556,2018-07-29
11.26,32.17,0.0,2.8126687058764936,2018-07-30
11.94,24.13,0.0,1.8097211737813703,2018-07-31
7.91,28.14,0.0,2.5161103838833965,2018-08-01
14.64,30.72,3.49,1.991062696595226,2018-08-02
13.17,28.99,3.19,1.859661137736996,2018-08-03
13.14,22.89,2.34,1.0279304991814249,2018-08-04
13.1,23.3,2.24,1.0877436422162832,2018-08-05
10.75,29.55,0.0,2.4179455139410693,2018-08-06
12.55,31.2,0.0,2.5336353581143167,2018-08-07
11.64,29.88,0.0,2.432345716709638,2018-08-08
13.07,33.66,0.0,2.7471363152441945,2018-08-09
14.1,38.95,0.0,3.134468941404477,2018-08-10
15.08,34.96,0.0,2.74526851840681,2018-08-11
12.97,22.77,0.84,1.3058443003777829,2018-08-12
8.48,17.13,0.0,0.9526078873162896,2018-08-13
3.85,28.26,0.0,2.4270899567492106,2018-08-14
11.37,28.65,0.0,2.2367435688163457,2018-08-15
9.76,28.03,0.0,2.2755346558838947,2018-08-16
10.4,32.43,0.0,2.634655814060097,2018-08-17
10.46,24.45,0.0,1.7853904748179827,2018-08-18
3.74,23.64,0.0,2.025213813494145,2018-08-19
5.27,22.81,0.0,1.882364243560547,2018-08-20
5.47,26.67,0.0,2.206215834242714,2018-08-21
9.29,30.24,0.0,2.4151286130070595,2018-08-22
8.84,28.19,0.0,2.242458476722429,2018-08-23
8.46,20.12,0.0,1.3154453420879617,2018-08-24
7.51,19.02,0.0,1.2711054614152262,2018-08-25
8.12,17.19,2.31,0.7660087966535941,2018-08-26
7.77,13.17,3.76,0.4541893295716416,2018-08-27
6.26,18.66,0.0,1.294978976206844,2018-08-28
6.6,26.62,0.0,2.145754475153987,2018-08-29
10.01,22.16,1.06,1.4418985958593946,2018-08-30
7.59,19.84,0.0,1.426008751959369,2018-08-31
6.71,19.58,0.0,1.4555893788968748,2018-09-01
3.61,20.15,0.0,1.6786628755958557,2018-09-02
4.69,21.89,0.0,1.815786574459244,2018-09-03
2.8,14.55,0.0,1.1202122321656731,2018-09-04
-0.27,21.43,0.0,1.8452223873470737,2018-09-05
3.41,23.82,0.0,1.96708332647497,2018-09-06
7.43,24.29,0.0,1.8729443830061911,2018-09-07
11.19,27.35,0.0,1.9804163784690432,2018-09-08
7.93,21.6,0.0,1.5410940427026614,2018-09-09
3.77,21.68,0.0,1.7402029469802258,2018-09-10
6.43,16.69,0.0,1.0214141757256645,2018-09-11
4.79,13.87,4.81,0.6688476912597029,2018-09-12
3.94,10.95,2.74,0.5048694712003545,2018-09-13
1.41,8.51,0.0,0.5204271564860109,2018-09-14
5.01,11.72,4.31,0.5006402999597294,2018-09-15
6.52,9.13,6.8,0.2097512559062787,2018-09-16
3.22,12.4,0.44,0.7229544966584235,2018-09-17
3.8,11.07,0.0,0.5849238366286086,2018-09-18
2.56,14.28,0.0,0.9493152830644032,2018-09-19
3.1,10.46,0.0,0.5817380899722444,2018-09-20
0.94,7.27,3.78,0.4218341323843866,2018-09-21
-0.81,0.76,8.03,0.1038277485793446,2018-09-22
-0.43,3.84,0.47,0.3021740661269329,2018-09-23
-0.42,12.52,1.03,0.9450365533177132,2018-09-24
1.02,13.26,0.81,0.9224666961476848,2018-09-25
3.55,15.97,0.0,1.009069080604543,2018-09-26
-1.29,8.53,0.0,0.6538776695754407,2018-09-27
-3.82,8.26,0.0,0.7253132363945859,2018-09-28
-1.96,6.3,0.0,0.5349457940005005,2018-09-29
-7.54,3.44,0.98,0.5840352417393809,2018-09-30
-2.59,4.68,1.95,0.4562477906458441,2018-10-01
-1.9,2.4,2.3,0.2500277292142516,2018-10-02
-3.27,4.61,0.0,0.483092005941312,2018-10-03
-6.03,4.46,0.0,0.5677103356681514,2018-10-04
-3.28,8.4,0.0,0.7419371583394074,2018-10-05
-4.63,11.3,0.0,0.9598216456845784,2018-10-06
-2.64,12.81,0.0,1.0082508900921927,2018-10-07
-2.83,0.83,0.0,0.2251910886811249,2018-10-08
-4.14,0.55,0.0,0.2737821189422097,2018-10-09
-6.98,3.89,0.0,0.5547591295646018,2018-10-10
-8.96,6.17,0.0,0.7129283868131386,2018-10-11
-4.54,7.71,8.38,0.6185766873491848,2018-10-12
-6.09,-1.96,0.0,0.214674883589678,2018-10-13
-10.26,3.66,0.0,0.5861885360269549,2018-10-14
-1.11,12.68,0.0,0.8505617901325292,2018-10-15
-0.46,11.05,0.0,0.7145229941501406,2018-10-16
-1.42,21.09,0.0,1.3213393853331663,2018-10-17
2.28,18.85,0.0,1.1099036813854264,2018-10-18
-3.09,12.74,0.0,0.851508331570167,2018-10-19
-6.76,17.09,0.0,1.1081749740686502,2018-10-20
-1.71,14.3,0.0,0.8875042023003564,2018-10-21
-6.02,11.17,0.0,0.8064789761190414,2018-10-22
-3.88,15.66,0.0,0.9793395177640496,2018-10-23
-1.85,19.11,0.0,1.126014466879896,2018-10-24
-0.24,15.0,0.0,0.8618482451773514,2018-10-25
-1.99,12.21,0.0,0.7549761379631288,2018-10-26
-0.61,12.54,0.0,0.7301927971845383,2018-10-27
-5.44,9.02,0.0,0.668851253567392,2018-10-28
-0.19,9.49,0.0,0.539527661901312,2018-10-29
-1.84,7.18,0.0,0.4711908210515843,2018-10-30
-3.44,10.05,0.0,0.6622652859919628,2018-10-31
-2.92,3.28,2.5,0.2869022241045211,2018-11-01
-2.69,-0.85,4.21,0.1,2018-11-02
-4.84,0.59,0.0,0.2424059965778322,2018-11-03
-2.99,3.03,3.51,0.2764696398265618,2018-11-04
-8.43,-2.1,1.46,0.2464832514891801,2018-11-05
-13.29,-8.82,0.0,0.1330046143615071,2018-11-06
-13.35,-10.52,0.0,0.1,2018-11-07
-17.88,-10.05,0.36,0.1836650494290303,2018-11-08
-21.75,-3.89,2.52,0.3468331053229013,2018-11-09
-9.86,-3.79,1.12,0.2158920327356324,2018-11-10
-11.51,-7.11,0.0,0.1409572185476258,2018-11-11
-16.32,-4.1,0.0,0.3211898516733526,2018-11-12
-8.75,4.85,0.0,0.5224603419694734,2018-11-13
-1.65,5.96,0.0,0.3845855009125683,2018-11-14
-2.1,3.87,0.67,0.2948330145067261,2018-11-15
-16.91,-5.88,0.0,0.2750774951680904,2018-11-16
-19.84,-6.52,0.0,0.2846590191822193,2018-11-17
-11.59,-6.56,1.23,0.1592525369182045,2018-11-18
-13.07,1.16,0.0,0.4410594201998609,2018-11-19
-5.72,2.89,0.0,0.3684057374636552,2018-11-20
-5.8,2.3,0.0,0.345133129287358,2018-11-21
-2.03,5.53,0.0,0.3757619416603818,2018-11-22
-5.54,3.38,0.0,0.3849680192804745,2018-11-23
-8.37,-5.64,0.0,0.1010349967794421,2018-11-24
-8.77,-5.36,0.0,0.1240986179252335,2018-11-25
-7.69,-3.88,0.0,0.1469584940092105,2018-11-26
-5.24,-0.69,0.0,0.1978813028909788,2018-11-27
-6.6,-2.64,0.0,0.1617231305740697,2018-11-28
-6.42,-0.62,0.0,0.2396636707716829,2018-11-29
-8.84,-2.76,0.0,0.2241349653728706,2018-11-30
-7.81,-4.8,5.9,0.108940886975032,2018-12-01
-8.76,-4.33,0.0,0.1620407362756902,2018-12-02
-13.32,-4.81,0.0,0.2496207999102201,2018-12-03
-13.93,-6.34,1.49,0.2140803496004192,2018-12-04
-14.22,-7.11,0.94,0.1964614391019697,2018-12-05
-15.03,-9.16,0.0,0.1531086078353483,2018-12-06
-19.2,-7.64,0.0,0.2441055417969962,2018-12-07
-18.07,-7.17,0.0,0.2446134486227571,2018-12-08
-15.17,-2.8,0.0,0.3284886008346147,2018-12-09
-13.51,1.11,0.0,0.4256237876022766,2018-12-10
-8.39,0.37,0.0,0.321599644439523,2018-12-11
-5.37,0.49,0.0,0.2452590009243981,2018-12-12
-9.48,2.65,0.0,0.4251297940163596,2018-12-13
-8.13,5.12,0.0,0.4928310439326217,2018-12-14
-2.85,4.22,0.0,0.3277789363798662,2018-12-15
-12.14,-3.83,0.0,0.2522462102413755,2018-12-16
-8.27,4.74,0.0,0.4797919980021573,2018-12-17
-4.27,4.11,0.0,0.3662006027417127,2018-12-18
-3.76,2.71,0.0,0.2891048366119129,2018-12-19
-7.66,2.11,0.0,0.3694687141356554,2018-12-20
-4.57,2.98,0.0,0.3266851100058828,2018-12-21
-8.89,-5.05,0.0,0.1343496310009568,2018-12-22
-15.5,-5.45,2.96,0.247243063880421,2018-12-23
-15.5,-8.73,2.23,0.1626209476501114,2018-12-24
-16.89,-9.63,0.0,0.1683367870544111,2018-12-25
-13.78,-6.54,0.0,0.200176495294239,2018-12-26
-18.69,-9.48,1.31,0.1946237817257618,2018-12-27
-18.42,-5.67,0.0,0.280483549758832,2018-12-28
-12.44,-3.29,1.27,0.2738504367207136,2018-12-29
-19.25,-10.07,0.85,0.1876262707092676,2018-12-30
-26.38,-15.16,0.0,0.1471301425378323,2018-12-31
-24.29,-1.87,0.0,0.3802857100347437,2019-01-01
-9.56,4.03,0.0,0.4730650439894941,2019-01-02
-4.97,3.95,0.0,0.3744315945834214,2019-01-03
-7.65,2.85,0.0,0.3949222883611539,2019-01-04
-6.75,-3.22,0.0,0.1330689719925148,2019-01-05
-6.46,1.45,0.0,0.3113564296194192,2019-01-06
-13.23,-3.26,1.04,0.2870399508668431,2019-01-07
-20.87,-14.79,0.0,0.107651845675358,2019-01-08
-21.97,-7.87,0.0,0.2558761134082369,2019-01-09
-14.34,-7.13,0.0,0.1923445074048202,2019-01-10
-17.12,-8.74,0.0,0.1934297898534097,2019-01-11
-13.43,0.61,0.0,0.4143418169675676,2019-01-12
-11.86,-0.58,0.0,0.3568114019419282,2019-01-13
-11.62,-1.1,0.0,0.3362585840805487,2019-01-14
-16.39,-5.54,0.0,0.2704638503949632,2019-01-15
-17.72,-13.23,0.77,0.1,2019-01-16
-23.93,-15.83,0.0,0.1238109286002611,2019-01-17
-26.55,-17.62,0.0,0.115643133086858,2019-01-18
-20.51,-15.19,4.16,0.1,2019-01-19
-18.74,-10.09,0.0,0.1876885794268653,2019-01-20
-17.72,-5.99,0.0,0.2790193529153859,2019-01-21
-14.49,-3.21,0.0,0.3209285563886981,2019-01-22
-21.19,-5.4,0.0,0.3186455224104396,2019-01-23
-28.01,-8.73,0.0,0.2621410103949908,2019-01-24
-20.33,-3.83,0.0,0.3550289551503515,2019-01-25
-10.65,0.54,2.2,0.3738179704317546,2019-01-26
-7.3,3.56,1.97,0.4472142327879039,2019-01-27
-21.68,-10.91,0.0,0.2062892481313202,2019-01-28
-29.14,-19.95,0.0,0.1040118754485276,2019-01-29
-23.25,-10.23,0.47,0.2325136687156643,2019-01-30
-14.73,-0.46,0.0,0.4247091089142762,2019-01-31
-19.25,-8.59,0.0,0.2428258090408598,2019-02-01
-22.46,-16.32,0.0,0.1091449224103885,2019-02-02
-25.79,-22.02,1.3,0.1,2019-02-03
-26.33,-23.02,3.47,0.1,2019-02-04
-32.93,-22.8,0.0,0.1,2019-02-05
-36.23,-25.92,0.0,0.1,2019-02-06
-37.64,-24.56,0.0,0.1,2019-02-07
-36.63,-24.6,0.0,0.1,2019-02-08
-33.18,-23.53,0.0,0.1,2019-02-09
-31.29,-21.6,0.0,0.1011416152582072,2019-02-10
-28.56,-18.06,1.67,0.136651836828014,2019-02-11
-31.71,-20.11,0.43,0.1220523988700209,2019-02-12
-28.27,-20.32,0.0,0.1036290063103791,2019-02-13
-32.35,-19.99,0.0,0.1266097113638208,2019-02-14
-32.41,-17.61,1.97,0.155841746709903,2019-02-15
-21.94,-14.81,4.41,0.1338168157354788,2019-02-16
-21.06,-15.72,1.26,0.112936338959591,2019-02-17
-26.53,-18.0,0.0,0.1306727982879588,2019-02-18
-28.27,-11.18,0.0,0.2537255240395104,2019-02-19
-22.92,-8.47,1.16,0.3003868307243096,2019-02-20
-23.7,-12.51,0.0,0.2170102396032022,2019-02-21
-27.13,-11.18,0.0,0.2580129469649926,2019-02-22
-23.59,-13.98,0.51,0.1885635863985527,2019-02-23
-31.08,-20.14,0.0,0.1295060411147814,2019-02-24
-33.33,-18.82,0.0,0.1514801373316825,2019-02-25
-29.2,-16.86,0.0,0.1722660139005067,2019-02-26
-22.45,-8.63,0.0,0.3272565873879843,2019-02-27
-17.8,-8.48,0.0,0.2785748386427684,2019-02-28
-26.68,-16.96,0.0,0.1613710307402691,2019-03-01
-33.07,-21.0,0.0,0.1294607967080168,2019-03-02
-26.71,-16.49,0.0,0.1729145330241326,2019-03-03
-22.65,-11.29,0.0,0.2631996271315274,2019-03-04
-18.54,-8.93,0.0,0.2953659600735905,2019-03-05
-25.66,-13.68,0.0,0.2236224025045805,2019-03-06
-23.35,-8.92,0.0,0.3509966240975063,2019-03-07
-16.77,-4.8,0.0,0.471051907054105,2019-03-08
-15.79,-5.15,0.0,0.4446896143931871,2019-03-09
-21.45,-6.35,0.0,0.4462871780209074,2019-03-10
-16.74,1.35,0.0,0.7673356106884878,2019-03-11
-3.63,3.37,0.0,0.6285642611694617,2019-03-12
-5.67,2.48,0.0,0.6935110883469396,2019-03-13
-9.7,1.43,0.0,0.7746067792868386,2019-03-14
-11.57,2.86,0.0,0.901482490436014,2019-03-15
-8.76,3.6,0.0,0.9362798816719958,2019-03-16
-10.52,3.93,0.0,0.9831739299019144,2019-03-17
-3.35,5.26,0.0,0.9124358058671757,2019-03-18
-3.45,9.79,0.0,1.3653400728269816,2019-03-19
-2.13,13.52,0.0,1.625858941814037,2019-03-20
-1.81,11.54,0.0,1.510427809583129,2019-03-21
-1.75,13.83,0.0,1.6590282565052616,2019-03-22
-1.98,12.82,0.0,1.6067291350639357,2019-03-23
-4.22,4.01,0.0,0.8710171779575372,2019-03-24
-6.76,3.98,0.0,1.0400204067063834,2019-03-25
-1.04,16.44,0.0,1.832007666843663,2019-03-26
-1.29,5.78,0.0,0.9574977430962436,2019-03-27
-6.01,7.07,0.0,1.303644345714786,2019-03-28
-4.6,4.52,0.0,1.057012414829926,2019-03-29
-5.9,14.19,0.0,1.673566078146698,2019-03-30
-5.16,5.1,0.0,1.147544887061954,2019-03-31
-3.34,8.35,1.33,1.3951469220095003,2019-04-01
-5.87,5.23,0.0,1.1795948459535797,2019-04-02
-7.85,11.46,0.0,1.5304973451949284,2019-04-03
-1.06,13.67,0.0,1.7283195051780462,2019-04-04
-3.72,8.11,0.0,1.392565325009394,2019-04-05
0.84,9.75,1.04,1.4187313869795086,2019-04-06
0.44,16.64,0.0,1.9333275390453424,2019-04-07
-2.9,16.37,0.0,1.8860060946688573,2019-04-08
-4.59,9.96,0.0,1.5169985866331464,2019-04-09
-5.2,8.74,0.0,1.4511173007079332,2019-04-10
-7.57,7.32,0.0,1.359175001340762,2019-04-11
-8.54,9.59,0.0,1.4667687999095045,2019-04-12
-5.0,14.91,0.0,1.8000772711976745,2019-04-13
3.54,16.33,0.0,1.9263270061158857,2019-04-14
-1.06,13.82,0.0,1.7811809719670344,2019-04-15
-4.3,13.31,0.0,1.7350755029769191,2019-04-16
0.11,15.32,0.0,1.883489387193763,2019-04-17
-0.61,17.19,0.0,2.0030551104456187,2019-04-18
5.86,20.86,0.0,2.1822533407824447,2019-04-19
3.58,17.12,0.0,1.9425471215101031,2019-04-20
-1.86,14.57,0.0,1.7889228775817585,2019-04-21
-1.28,20.84,0.0,2.1566101226321224,2019-04-22
6.14,20.36,0.0,2.156255003933303,2019-04-23
0.75,17.53,0.0,1.9880666416894488,2019-04-24
-2.1,12.61,0.0,1.676106449895791,2019-04-25
-3.78,10.73,0.0,1.5566983930353324,2019-04-26
-1.58,9.85,8.81,1.3898350935593915,2019-04-27
-5.18,2.59,5.36,0.6783873874819281,2019-04-28
-9.44,5.3,0.0,1.2174512915220272,2019-04-29
-4.93,8.6,2.09,1.2124386719085265,2019-04-30
-6.89,9.15,0.39,1.521783743593038,2019-05-01
-3.19,10.97,0.0,1.593339456970544,2019-05-02
-4.56,11.58,0.0,1.6344586346112158,2019-05-03
-3.84,8.14,0.0,1.3700212286673477,2019-05-04
-7.3,6.58,0.0,1.320770497146074,2019-05-05
-6.83,11.66,0.0,1.6259568413589571,2019-05-06
0.03,15.16,0.0,1.883581636864181,2019-05-07
-4.53,12.39,0.0,1.6994405254245164,2019-05-08
0.85,14.07,0.0,1.8099593664942804,2019-05-09
3.82,18.58,2.5,1.951897083317632,2019-05-10
1.56,16.18,0.0,1.966579742607452,2019-05-11
2.74,24.5,0.0,2.5276419909538665,2019-05-12
4.54,20.1,0.0,2.241804248248586,2019-05-13
2.31,21.54,0.0,2.345928439871253,2019-05-14
5.99,19.5,0.0,2.1783447246064385,2019-05-15
-0.56,14.82,0.0,1.894929587909735,2019-05-16
0.4,15.59,0.0,1.949382379469716,2019-05-17
0.86,13.7,0.0,1.8128610368589584,2019-05-18
-2.5,15.13,0.0,1.9229264429307735,2019-05-19
-0.85,18.21,0.0,2.1324169105853503,2019-05-20
1.31,19.34,0.0,2.2209757578685645,2019-05-21
3.59,22.86,0.0,2.47232633882988,2019-05-22
4.62,23.43,0.0,2.513327592507858,2019-05-23
4.31,21.91,0.0,2.4091362291649836,2019-05-24
5.02,15.2,3.64,1.7255678375844763,2019-05-25
0.92,18.51,0.0,2.1781986286714803,2019-05-26
1.99,21.15,0.0,2.35987901698266,2019-05-27
5.93,26.87,0.0,2.753779766696736,2019-05-28
9.68,29.67,0.0,2.939650981802255,2019-05-29
10.67,31.77,0.0,3.0777686599710927,2019-05-30
5.62,21.17,0.0,2.3364975260515113,2019-05-31
6.17,24.4,0.0,2.578982106865513,2019-06-01
10.96,32.78,0.0,3.1477358116555076,2019-06-02
9.21,33.72,0.0,3.2054551231069484,2019-06-03
11.12,24.9,0.0,2.520831533471877,2019-06-04
9.59,24.5,0.0,2.5320940573986976,2019-06-05
12.4,26.01,0.0,2.587559104490325,2019-06-06
8.48,21.62,0.0,2.3166416301596464,2019-06-07
3.12,16.91,0.0,2.032377359821406,2019-06-08
4.19,19.67,0.0,2.2398112569020943,2019-06-09
3.23,23.73,0.0,2.54176655744126,2019-06-10
6.78,21.32,3.04,2.1456007218541284,2019-06-11
6.66,24.78,1.35,2.6157896988766933,2019-06-12
8.83,29.11,2.16,2.662936146704337,2019-06-13
12.02,23.48,3.93,2.199451988580164,2019-06-14
10.06,20.21,6.79,1.8367539698000768,2019-06-15
8.77,16.88,3.5,1.2646221464226632,2019-06-16
6.21,21.51,0.0,2.3742794046315097,2019-06-17
8.36,26.25,0.0,2.724486973730752,2019-06-18
10.64,22.07,29.67,1.8872589983077963,2019-06-19
7.71,14.21,9.48,0.6239514963862953,2019-06-20
6.45,15.3,24.78,0.8974378419288218,2019-06-21
10.94,14.62,11.86,0.3953961906854294,2019-06-22
9.29,21.58,3.08,1.3237393878001835,2019-06-23
9.04,20.54,0.0,1.5271925726390945,2019-06-24
9.04,21.27,0.0,1.6478814018670231,2019-06-25
8.0,23.63,0.0,2.0536181910556075,2019-06-26
11.81,24.48,14.73,1.4694768114257124,2019-06-27
13.86,22.64,4.01,1.0032318793986992,2019-06-28
13.49,24.33,0.0,1.5791090681808064,2019-06-29
9.39,22.05,0.0,1.7036313311700633,2019-06-30
8.94,26.62,5.02,1.8698998092821777,2019-07-01
5.3,20.27,0.0,1.7835573739668602,2019-07-02
7.95,20.09,0.0,1.5833632000521476,2019-07-03
8.06,20.33,0.0,1.607085856590958,2019-07-04
11.16,20.19,0.0,1.2252914309104712,2019-07-05
11.18,24.93,0.0,1.9613656626059777,2019-07-06
14.02,27.28,0.0,2.0120252045911804,2019-07-07
13.7,23.33,0.0,1.4195275819395,2019-07-08
11.51,22.51,0.0,1.5853423438481375,2019-07-09
9.47,25.76,0.0,2.183282106411568,2019-07-10
13.86,24.29,0.0,1.5876330013138422,2019-07-11
10.35,24.12,0.77,1.9425442636834032,2019-07-12
12.19,29.1,6.77,1.9335628763755064,2019-07-13
14.2,27.38,11.7,1.5674563514459208,2019-07-14
12.77,24.78,0.0,1.7081926964683116,2019-07-15
11.34,19.09,14.2,0.8797071116502174,2019-07-16
11.74,22.9,5.4,1.2427196987203828,2019-07-17
11.18,25.02,2.29,1.4770406884178977,2019-07-18
9.08,17.83,5.19,0.9434119672766056,2019-07-19
9.76,21.91,0.0,1.5122467774160318,2019-07-20
10.54,24.36,0.0,1.7395921830129737,2019-07-21
10.46,26.94,0.0,2.007272711850718,2019-07-22
14.42,29.6,0.0,2.0021268899585003,2019-07-23
15.67,30.03,6.7,1.5939623332369617,2019-07-24
10.49,21.06,4.53,1.1189015794335684,2019-07-25
11.72,25.28,0.0,1.661716657824866,2019-07-26
12.49,31.42,0.0,2.274602287171525,2019-07-27
9.51,21.63,0.0,1.406799478358834,2019-07-28
5.61,24.67,0.0,1.9585005202533168,2019-07-29
12.3,29.77,0.0,2.105213164941916,2019-07-30
12.12,26.57,0.0,1.7615472336174818,2019-07-31
14.25,32.48,0.0,2.234815563827012,2019-08-01
16.26,34.38,0.0,2.270900616678276,2019-08-02
16.06,28.44,0.0,1.5595598974135094,2019-08-03
10.23,25.86,0.0,1.7698639622484575,2019-08-04
10.41,28.8,0.0,2.0452540296640147,2019-08-05
10.66,22.65,0.96,1.3550066778416034,2019-08-06
5.7,22.04,0.0,1.614094863458388,2019-08-07
7.15,24.65,0.0,1.7758102264669968,2019-08-08
10.87,26.9,0.0,1.7736731387573317,2019-08-09
9.07,19.89,0.0,1.1639395776824544,2019-08-10
8.14,22.48,8.21,1.2994828627489154,2019-08-11
10.32,15.48,16.24,0.513511049945605,2019-08-12
7.18,20.61,0.0,1.356046018809279,2019-08-13
9.88,23.93,0.0,1.4879934537725998,2019-08-14
10.13,25.19,0.0,1.574321246215485,2019-08-15
10.8,20.02,0.0,1.017065284245502,2019-08-16
5.34,17.78,0.0,1.1854057885241271,2019-08-17
4.37,21.45,0.0,1.522456699887743,2019-08-18
5.27,21.87,0.0,1.509977815412368,2019-08-19
4.01,22.5,0.0,1.5961935880706388,2019-08-20
6.32,26.26,0.0,1.7837582213428909,2019-08-21
12.42,25.15,2.23,1.2193981665063782,2019-08-22
9.77,20.97,0.0,1.1521461586874664,2019-08-23
11.94,28.46,8.23,1.5080941718598624,2019-08-24
11.43,21.53,11.59,0.9542507628557688,2019-08-25
8.82,19.54,0.0,1.0726480854754448,2019-08-26
8.29,19.43,0.0,1.095063273994621,2019-08-27
6.86,22.54,0.91,1.4414345813263636,2019-08-28
5.59,19.7,0.0,1.2701557215948631,2019-08-29
6.38,19.84,0.0,1.2355035589358667,2019-08-30
7.6,21.25,1.59,1.2846676115393734,2019-08-31
9.51,21.29,1.82,1.171192654217151,2019-09-01
10.45,21.9,1.51,1.1593506629942854,2019-09-02
7.14,24.85,0.0,1.5733037518174782,2019-09-03
10.42,24.12,3.21,1.211775230479403,2019-09-04
8.06,22.71,0.0,1.3541136315562892,2019-09-05
5.37,21.05,0.0,1.343268176185199,2019-09-06
7.44,21.59,0.0,1.2846906359884234,2019-09-07
6.64,20.4,0.0,1.2252085119652525,2019-09-08
8.4,12.58,18.27,0.3606746525798813,2019-09-09
7.77,10.59,15.85,0.2438358508024035,2019-09-10
8.41,13.79,3.72,0.4629295029713737,2019-09-11
7.62,14.71,0.0,0.6658757271186199,2019-09-12
4.61,23.84,0.0,1.5245080204319037,2019-09-13
8.96,23.02,0.0,1.2868858328655477,2019-09-14
9.5,26.92,0.0,1.5437494437839732,2019-09-15
9.09,30.66,0.0,1.801683338314633,2019-09-16
12.97,24.55,0.63,1.1444190474594595,2019-09-17
9.76,21.46,0.0,1.0827290833957937,2019-09-18
7.76,20.7,0.0,1.1311416963179892,2019-09-19
8.14,19.96,0.0,1.0507144651154363,2019-09-20
5.04,18.11,0.0,1.0598756393716828,2019-09-21
5.36,23.98,0.0,1.4401480727585274,2019-09-22
8.77,20.16,0.0,1.0105913517823135,2019-09-23
4.38,16.3,0.0,0.9380993393293158,2019-09-24
2.88,15.57,0.0,0.9455318758659652,2019-09-25
3.53,10.65,4.78,0.4974503175610586,2019-09-26
1.69,6.99,3.56,0.3473833536616446,2019-09-27
-0.92,3.96,0.0,0.3201765841735112,2019-09-28
-0.47,1.89,15.85,0.1449828085985741,2019-09-29
-0.85,1.27,4.23,0.1297619091230701,2019-09-30
-1.47,2.91,0.0,0.2825324791841222,2019-10-01
-4.55,7.65,0.0,0.6952870970310754,2019-10-02
-1.04,10.06,0.0,0.7220583279992814,2019-10-03
1.59,12.29,0.0,0.7591451127449126,2019-10-04
-0.38,13.9,0.0,0.9210814497046362,2019-10-05
3.4,14.91,0.0,0.8485193163092694,2019-10-06
1.51,19.42,0.0,1.1760885166649528,2019-10-07
-2.22,6.76,2.0,0.5488144349121541,2019-10-08
-6.75,0.24,0.0,0.3499837586028108,2019-10-09
-7.22,2.33,0.0,0.4657016509521378,2019-10-10
-8.69,6.12,0.0,0.6676026717159603,2019-10-11
-8.86,7.14,0.0,0.7087242857918532,2019-10-12
-8.83,10.06,0.0,0.8301118835723008,2019-10-13
-0.71,4.69,0.57,0.3300503015100476,2019-10-14
-2.24,5.22,0.0,0.4322710219778079,2019-10-15
-0.59,14.08,0.0,0.8780803360415644,2019-10-16
2.23,18.92,0.0,1.0668744813708206,2019-10-17
-0.32,15.46,0.0,0.9340310367930066,2019-10-18
-0.92,13.7,0.0,0.8487612740900842,2019-10-19
-4.57,8.07,0.0,0.6437192020432592,2019-10-20
-6.77,9.41,0.0,0.7449615375900246,2019-10-21
-6.13,5.82,0.0,0.5661879175102463,2019-10-22
-4.49,2.81,1.67,0.3671027255524068,2019-10-23
-3.32,8.1,0.0,0.5992463051842327,2019-10-24
-0.03,17.2,0.0,0.9838617572930952,2019-10-25
-6.24,0.88,1.28,0.3345245593595403,2019-10-26
-9.89,-2.78,3.07,0.2598034830244593,2019-10-27
-10.61,-4.98,3.62,0.1953388072197509,2019-10-28
-12.37,-5.98,0.0,0.2167821492546234,2019-10-29
-17.18,0.21,0.0,0.4805987668550583,2019-10-30
-3.84,3.83,1.86,0.3833312860426923,2019-10-31
-2.55,4.87,0.0,0.3881392668225745,2019-11-01
-3.92,3.83,1.77,0.3828554108276485,2019-11-02
-4.14,1.59,2.37,0.2604392217984815,2019-11-03
-12.43,-3.99,0.0,0.279705494486924,2019-11-04
-13.4,-3.19,2.47,0.3052999986950389,2019-11-05
-19.59,-8.09,0.0,0.2591714909102247,2019-11-06
-19.42,-2.94,0.0,0.3857843318631185,2019-11-07
-9.32,5.32,0.0,0.5647770773184304,2019-11-08
-12.25,-0.9,4.52,0.355476393895714,2019-11-09
-20.53,-12.73,0.0,0.1560416883414998,2019-11-10
-23.43,-8.42,0.0,0.2678201622465772,2019-11-11
-15.82,-2.0,0.0,0.3803133366689497,2019-11-12
-11.25,0.94,0.0,0.4176032185329802,2019-11-13
-5.97,0.53,0.0,0.2760450208823096,2019-11-14
-4.77,4.51,0.0,0.4189044053523308,2019-11-15
-1.42,2.22,3.16,0.1761042951513303,2019-11-16
-3.34,6.72,3.34,0.457458438798133,2019-11-17
-0.58,6.52,0.0,0.375351810094296,2019-11-18
-3.92,0.88,0.0,0.2201875213157672,2019-11-19
-6.39,-0.72,0.0,0.235295406358499,2019-11-20
-7.18,2.32,0.0,0.3839878539580998,2019-11-21
-6.48,6.62,0.0,0.5435622339117804,2019-11-22
-0.86,9.38,0.0,0.5272664531303594,2019-11-23
-1.76,4.49,2.6,0.296858353627191,2019-11-24
-5.6,-0.96,1.14,0.1954697017969623,2019-11-25
-10.36,-3.22,0.0,0.2420774581047828,2019-11-26
-10.33,-5.47,0.0,0.1621200464389549,2019-11-27
-9.2,-6.81,11.78,0.1,2019-11-28
-13.71,-7.15,0.0,0.1854190152877877,2019-11-29
-10.13,-7.8,0.0,0.1,2019-11-30
-13.23,-5.02,0.0,0.2400220075270271,2019-12-01
-12.48,-1.57,0.0,0.3344196259860902,2019-12-02
-7.81,3.49,0.0,0.4313634167911426,2019-12-03
-9.5,0.15,0.0,0.3390536759454289,2019-12-04
-12.04,-3.11,0.0,0.2754959374711703,2019-12-05
-12.08,-3.66,0.0,0.2579601799505133,2019-12-06
-11.52,-3.83,0.0,0.2423505236167089,2019-12-07
-21.33,-11.0,0.0,0.1887233674607084,2019-12-08
-24.49,-10.63,0.0,0.2130410323216608,2019-12-09
-27.09,-12.7,0.0,0.1867367888108753,2019-12-10
-25.03,-16.35,0.0,0.1218400888013326,2019-12-11
-19.47,-11.0,0.51,0.1700742902979451,2019-12-12
-22.14,-14.58,0.0,0.1271012386730639,2019-12-13
-23.87,-10.89,0.43,0.2050265276070356,2019-12-14
-17.45,-7.56,0.0,0.2258533717098738,2019-12-15
-16.3,-5.61,0.0,0.2612608277490948,2019-12-16
-14.29,-2.25,0.0,0.3304352684566804,2019-12-17
-8.61,1.06,0.0,0.3485302125994183,2019-12-18
-10.52,-2.61,0.0,0.2579774598991639,2019-12-19
-10.08,4.22,0.0,0.4857480863164887,2019-12-20
-9.93,2.48,0.0,0.42228322400942,2019-12-21
-6.94,-0.65,0.0,0.2413818363613919,2019-12-22
-7.13,-3.42,0.0,0.1391505369391684,2019-12-23
-7.75,-5.24,2.98,0.1,2019-12-24
-9.25,-2.96,0.0,0.2174087644465737,2019-12-25
-14.94,-5.8,0.0,0.2387856481720358,2019-12-26
-13.7,-4.71,0.0,0.2507579194689975,2019-12-27
-15.43,-5.72,0.0,0.2474152206831162,2019-12-28
-18.79,-4.14,0.0,0.3193064809511481,2019-12-29
-15.58,-4.5,0.0,0.2819134053934758,2019-12-30
-11.27,0.96,0.0,0.3914848098170206,2019-12-31
-6.64,0.11,0.0,0.2650943886248874,2020-01-01
-7.62,-2.65,0.0,0.1851330679703843,2020-01-02
-12.38,-3.4,0.0,0.2708749445269808,2020-01-03
-8.7,4.93,0.0,0.4990520482921247,2020-01-04
-9.57,-0.59,0.0,0.3130122518572246,2020-01-05
-13.63,-2.8,0.0,0.3106631983004778,2020-01-06
-21.9,-13.34,1.76,0.1491317870944681,2020-01-07
-18.28,-5.49,0.0,0.2888533408242544,2020-01-08
-23.7,-17.3,0.0,0.1,2020-01-09
-29.17,-13.83,1.14,0.177441407176778,2020-01-10
-17.8,-9.25,3.2,0.1853941475706945,2020-01-11
-25.94,-14.67,0.88,0.156555116328505,2020-01-12
-30.23,-24.5,0.78,0.1,2020-01-13
-34.49,-27.35,0.0,0.1,2020-01-14
-35.81,-28.0,0.0,0.1,2020-01-15
-35.66,-19.76,0.0,0.1165566180684116,2020-01-16
-24.42,-19.48,1.46,0.1,2020-01-17
-28.62,-23.49,0.0,0.1,2020-01-18
-29.25,-15.6,0.0,0.1583743729371166,2020-01-19
-20.37,1.03,0.0,0.4716866687314571,2020-01-20
-9.7,2.46,0.0,0.4468831347259975,2020-01-21
-12.0,-1.9,0.0,0.331575474577242,2020-01-22
-12.0,-2.27,0.0,0.3207491339614056,2020-01-23
-7.84,1.93,0.0,0.3949216403488869,2020-01-24
-5.89,1.08,0.0,0.3071878648241535,2020-01-25
-6.34,-2.9,0.0,0.1468835258708174,2020-01-26
-7.02,-0.9,2.67,0.2428828064474484,2020-01-27
-6.2,-2.09,0.0,0.1794000130120102,2020-01-28
-11.53,-1.99,2.84,0.3123555968923307,2020-01-29
-10.53,0.1,0.0,0.3913163020424287,2020-01-30
-9.39,3.63,0.0,0.5081895985838973,2020-01-31
-4.91,7.36,0.0,0.5818825825531164,2020-02-01
-9.46,-0.47,0.0,0.3515777562135536,2020-02-02
-16.55,-7.26,0.0,0.252588065166729,2020-02-03
-18.52,-4.2,0.0,0.3573258007737118,2020-02-04
-12.44,-3.64,0.0,0.3016645795388307,2020-02-05
-12.6,-7.63,0.84,0.1660350634646197,2020-02-06
-12.64,-2.03,0.0,0.3674829515722848,2020-02-07
-13.18,-2.47,0.0,0.3623077911182255,2020-02-08
-13.12,-2.38,2.45,0.3422988965603576,2020-02-09
-9.87,-3.43,0.74,0.2585811412861791,2020-02-10
-13.23,-1.3,0.71,0.412148519956041,2020-02-11
-29.58,-15.66,0.0,0.1778665622505298,2020-02-12
-28.21,-4.61,0.0,0.3652115806441301,2020-02-13
-12.63,-1.78,0.0,0.3889668695291862,2020-02-14
-18.06,-10.09,0.0,0.210128813311232,2020-02-15
-15.39,-3.36,0.0,0.3791018218221265,2020-02-16
-21.03,-9.73,0.0,0.2565671615715775,2020-02-17
-29.59,-17.76,0.0,0.1525617653348731,2020-02-18
-29.28,-9.61,0.0,0.2812774772840414,2020-02-19
-16.83,0.94,0.0,0.5730093724778732,2020-02-20
-10.84,2.98,0.0,0.6313328191486072,2020-02-21
-8.05,3.95,0.0,0.6406416712543775,2020-02-22
-10.51,2.37,0.0,0.6070607285967764,2020-02-23
-10.68,-1.98,0.0,0.3623763052920523,2020-02-24
-17.41,-1.96,0.0,0.4891669498729364,2020-02-25
-12.22,1.67,0.0,0.6113447220496068,2020-02-26
-6.9,5.0,0.0,0.7075369815679158,2020-02-27
-6.21,7.08,0.0,0.8457525910914376,2020-02-28
-5.53,6.1,0.87,0.7627524913465659,2020-02-29
-11.78,-0.33,0.0,0.5102593113991081,2020-03-01
-7.21,3.32,0.0,0.6248372888446693,2020-03-02
-5.54,3.55,0.0,0.5756580620912811,2020-03-03
-3.06,3.57,0.0,0.4141250704464786,2020-03-04
-6.92,4.17,0.0,0.7153252064614068,2020-03-05
-1.44,11.42,0.0,1.1386021996894025,2020-03-06
-9.31,-1.29,0.79,0.3925735348807862,2020-03-07
-16.18,-7.65,0.0,0.2834651558946866,2020-03-08
-16.43,0.03,0.0,0.6404794936301049,2020-03-09
-10.73,4.51,0.0,0.8550319317318216,2020-03-10
-4.5,5.1,0.0,0.7318261422211967,2020-03-11
-9.38,-1.17,0.0,0.4353696072434292,2020-03-12
-16.85,-10.85,0.0,0.1925276383928063,2020-03-13
-17.33,-8.81,2.13,0.2504561781416046,2020-03-14
-14.54,-6.06,1.17,0.3329617561456011,2020-03-15
-17.88,-2.88,0.0,0.5581927341168911,2020-03-16
-13.25,-1.76,0.0,0.5661045736288357,2020-03-17
-17.74,-6.36,0.0,0.4074558996199702,2020-03-18
-17.13,-4.72,0.0,0.4834593188036298,2020-03-19
-16.46,-1.57,0.0,0.6390457598635904,2020-03-20
-11.27,2.42,0.0,0.8312706071207538,2020-03-21
-10.68,5.77,0.0,1.1058796047719237,2020-03-22
-6.93,7.85,0.0,1.3338208579996036,2020-03-23
-7.85,-1.04,4.57,0.4815982610612921,2020-03-24
-14.06,-0.61,0.0,0.8056880355254077,2020-03-25
-12.48,5.82,0.0,1.172701715036412,2020-03-26
-4.01,7.2,0.0,1.3091128133885523,2020-03-27
-2.72,9.6,0.0,1.4807745011867322,2020-03-28
-4.6,13.82,0.0,1.699830280725236,2020-03-29
-3.23,3.42,0.0,0.8400966665404566,2020-03-30
-9.47,-0.29,0.0,0.8112086359637097,2020-03-31
-15.72,-11.37,0.66,0.1708382687685335,2020-04-01
-18.88,-8.33,0.0,0.4766779446450327,2020-04-02
-18.32,-2.58,0.0,0.7594237251797668,2020-04-03
-11.11,-4.97,2.62,0.3356608536386088,2020-04-04
-11.33,-2.02,1.37,0.7324790825430713,2020-04-05
-7.55,2.09,2.97,0.779215574385851,2020-04-06
-9.69,4.05,0.0,1.163204782870463,2020-04-07
-6.04,1.72,0.0,0.8538648173730519,2020-04-08
-12.41,5.99,0.0,1.2640559876794857,2020-04-09
-1.72,7.93,0.0,1.3949901247564072,2020-04-10
-8.59,-2.19,0.0,0.626024319240296,2020-04-11
-11.08,-3.9,0.0,0.6134014750424037,2020-04-12
-13.86,-3.19,0.0,0.7849635679977373,2020-04-13
-14.5,4.78,0.0,1.1920460609356167,2020-04-14
-9.18,2.29,0.0,1.1390234374800752,2020-04-15
-7.71,5.62,0.0,1.3349966616974878,2020-04-16
-2.67,13.51,0.0,1.8376660110034508,2020-04-17
-3.19,4.31,0.0,1.1643587303424954,2020-04-18
-6.01,13.61,0.0,1.8059855914087524,2020-04-19
-1.78,12.27,0.0,1.780913441725231,2020-04-20
-0.82,21.08,0.0,2.3218497148089545,2020-04-21
2.22,15.92,0.0,2.0328161102170177,2020-04-22
0.28,18.02,0.0,2.167388931410859,2020-04-23
-0.88,14.09,3.56,1.7411474658499635,2020-04-24
-2.15,18.54,0.0,2.173294646420092,2020-04-25
3.41,15.76,0.0,2.010895179066286,2020-04-26
-0.53,20.11,0.0,2.297144989397761,2020-04-27
2.89,18.27,0.0,2.2114967039363806,2020-04-28
1.05,22.4,0.0,2.4611437825860976,2020-04-29
8.84,27.48,0.0,2.837273459133864,2020-04-30
5.32,18.06,0.0,2.147243302879698,2020-05-01
-0.93,18.78,0.0,2.2115056476809847,2020-05-02
-0.13,17.32,4.69,1.9352875865421575,2020-05-03
1.94,14.17,0.0,1.879566868261884,2020-05-04
-0.83,17.33,0.0,2.121054816695741,2020-05-05
0.96,20.21,0.0,2.321446787326874,2020-05-06
1.31,17.0,0.0,2.0984875559326563,2020-05-07
0.9,19.24,2.16,2.0507421737718947,2020-05-08
-2.95,7.76,0.0,1.446225616935777,2020-05-09
-2.53,8.9,0.0,1.5272425278715456,2020-05-10
-6.03,10.24,0.0,1.63095504575121,2020-05-11
-3.95,12.07,0.0,1.7557383472634112,2020-05-12
1.22,9.87,0.77,1.5201598835955423,2020-05-13
-1.76,18.52,0.0,2.2027771916813292,2020-05-14
-2.61,14.46,0.0,1.9260202014402137,2020-05-15
1.43,24.76,0.0,2.63678283545935,2020-05-16
8.97,25.58,0.0,2.5998288296037058,2020-05-17
8.27,24.96,0.0,2.558218310370376,2020-05-18
9.63,24.97,0.0,2.5431289418039555,2020-05-19
9.17,18.05,12.91,1.7010937841000475,2020-05-20
8.67,18.54,0.0,1.9313679692963297,2020-05-21
4.11,19.48,0.0,2.213701982370327,2020-05-22
2.27,15.88,0.0,1.960715749353872,2020-05-23
3.05,19.13,0.0,2.204575434878134,2020-05-24
5.62,24.77,0.0,2.608443308667242,2020-05-25
10.52,22.09,0.0,2.3040647863188566,2020-05-26
5.75,18.84,0.0,2.1600568354936285,2020-05-27
3.75,18.82,0.0,2.1932815670186043,2020-05-28
5.78,19.05,0.0,2.189188720746579,2020-05-29
7.34,25.13,0.0,2.655591670458664,2020-05-30
11.1,30.67,0.0,3.027895248432789,2020-05-31
11.09,24.48,0.0,2.537068230281495,2020-06-01
7.78,23.91,0.0,2.566271674683984,2020-06-02
9.68,20.47,0.0,2.2152529329676645,2020-06-03
6.09,19.27,0.0,2.220653346608995,2020-06-04
3.21,21.14,0.0,2.4003510901566467,2020-06-05
9.64,18.76,23.81,1.6523475248445334,2020-06-06
8.59,16.24,23.0,0.994919877193926,2020-06-07
6.46,15.73,0.0,1.3091804869053985,2020-06-08
5.1,19.92,1.38,2.026934632216754,2020-06-09
5.87,22.47,0.0,2.271959333106648,2020-06-10
7.15,22.58,0.0,2.231200758339926,2020-06-11
8.35,27.91,0.0,2.733475352245027,2020-06-12
14.54,29.83,0.0,2.685771114423502,2020-06-13
12.42,22.37,0.0,1.7423237600451904,2020-06-14
6.79,21.86,0.0,2.213934563777674,2020-06-15
9.27,21.05,26.03,1.5309873147930808,2020-06-16
10.13,15.38,7.69,0.5694961197542086,2020-06-17
6.08,15.13,2.98,0.8869406859312591,2020-06-18
5.06,18.33,0.0,1.6831501503522996,2020-06-19
6.1,18.4,0.0,1.6069556199221218,2020-06-20
4.76,17.89,0.0,1.6477633614633589,2020-06-21
6.03,23.38,0.0,2.196741927124072,2020-06-22
10.63,27.72,0.0,2.4740195137531056,2020-06-23
13.91,26.67,3.32,1.655025074473833,2020-06-24
14.0,25.03,0.0,1.7916003850921107,2020-06-25
11.69,29.5,0.0,2.58912077242843,2020-06-26
13.91,21.21,0.0,1.0604130455923595,2020-06-27
12.65,19.61,0.0,0.9692594013830294,2020-06-28
13.49,17.82,3.78,0.5202756046443788,2020-06-29
13.17,18.94,7.3,0.6928174304580828,2020-06-30
11.95,22.79,0.9,1.703437994849662,2020-07-01
10.68,23.32,1.14,1.9204140286842009,2020-07-02
9.59,26.55,0.0,2.354620272775215,2020-07-03
12.48,27.76,0.0,2.3344953226425966,2020-07-04
11.63,23.45,0.0,1.8472195883237963,2020-07-05
9.7,25.36,0.0,2.2478091212035305,2020-07-06
12.07,27.36,21.07,1.8630663467296724,2020-07-07
12.32,18.2,7.73,0.6847446292768706,2020-07-08
11.63,21.62,0.0,1.399952583567196,2020-07-09
10.34,21.6,4.32,1.223778593740153,2020-07-10
9.47,24.34,0.0,1.9772898680719055,2020-07-11
12.9,25.35,0.0,1.8296436870089257,2020-07-12
9.44,18.98,2.2,1.0415404697348851,2020-07-13
9.06,21.25,3.1,1.2803063017220138,2020-07-14
9.3,22.84,1.08,1.7939765833683348,2020-07-15
9.66,25.34,0.0,2.039703186539352,2020-07-16
13.87,24.62,0.0,1.5421425876089545,2020-07-17
11.9,21.65,4.04,1.0987340277097948,2020-07-18
9.8,22.85,5.93,1.358557354459321,2020-07-19
10.94,22.6,6.17,1.2609204998595114,2020-07-20
9.76,24.87,0.0,1.8835478768317069,2020-07-21
14.25,30.36,0.0,2.169353274636565,2020-07-22
17.64,28.66,0.0,1.5955253512488057,2020-07-23
14.27,26.9,0.0,1.7548420292232398,2020-07-24
11.45,21.11,0.0,1.2331209315552234,2020-07-25
9.85,25.35,0.0,1.922658414100732,2020-07-26
9.1,26.88,0.0,2.091383570602877,2020-07-27
10.56,30.58,0.0,2.3349359672265777,2020-07-28
14.22,33.97,0.0,2.440450468717241,2020-07-29
15.75,31.7,0.0,2.083641668157899,2020-07-30
13.46,26.19,0.0,1.59355423472619,2020-07-31
8.75,26.94,0.0,2.0198177922291856,2020-08-01
10.93,27.07,0.0,1.9124648946718483,2020-08-02
13.99,30.02,2.13,1.6384254456940166,2020-08-03
11.53,26.96,0.0,1.825612538403682,2020-08-04
9.5,29.06,0.0,2.1414981864539655,2020-08-05
12.18,33.68,0.0,2.4079850112712866,2020-08-06
12.2,22.38,5.87,1.0431999814908268,2020-08-07
9.25,25.4,2.61,1.4826944268264088,2020-08-08
7.78,22.72,0.0,1.5279592565171392,2020-08-09
7.51,24.66,0.0,1.736156603689852,2020-08-10
8.83,24.1,0.0,1.5806205079790348,2020-08-11
11.38,28.08,0.0,1.813523771308233,2020-08-12
10.03,24.67,0.0,1.5235604515100432,2020-08-13
7.62,25.32,0.0,1.740225261912674,2020-08-14
9.12,25.74,0.0,1.6809731317039445,2020-08-15
9.12,30.3,0.0,2.0872505449198804,2020-08-16
11.6,33.94,0.0,2.262313383214899,2020-08-17
12.74,35.78,0.0,2.3422304756917347,2020-08-18
14.89,33.62,0.0,2.0426331152451773,2020-08-19
12.97,33.15,0.0,2.10465221775748,2020-08-20
13.97,27.68,0.0,1.4554651585696337,2020-08-21
9.91,31.6,0.0,2.093381349981499,2020-08-22
6.51,28.36,0.0,1.9423022543432849,2020-08-23
9.35,29.26,0.0,1.8735567874134105,2020-08-24
13.49,27.06,3.27,1.2533184519362024,2020-08-25
11.53,24.53,0.0,1.2872925906590729,2020-08-26
8.06,23.86,4.95,1.2936799793922034,2020-08-27
5.76,23.39,0.0,1.4996397327776705,2020-08-28
8.84,30.87,0.0,1.9594383192794695,2020-08-29
6.33,18.42,0.0,1.0544223855371913,2020-08-30
1.97,19.2,0.0,1.313257118650038,2020-08-31
8.38,23.0,0.0,1.3163263761074482,2020-09-01
7.98,18.16,4.9,0.8299552374589865,2020-09-02
4.52,21.75,0.0,1.389077016676686,2020-09-03
5.99,24.54,0.0,1.5308605704915237,2020-09-04
8.49,30.73,0.0,1.9245190226205051,2020-09-05
8.56,17.0,0.0,0.7582587669095265,2020-09-06
0.07,10.2,0.0,0.7114299866432516,2020-09-07
-5.27,15.49,0.0,1.2035855142848504,2020-09-08
3.7,21.49,0.0,1.3759746327194189,2020-09-09
5.78,25.77,0.0,1.632494124288543,2020-09-10
7.81,29.6,0.0,1.8465301223667432,2020-09-11
7.46,16.19,1.08,0.7400242937355621,2020-09-12
0.29,16.33,0.0,1.0991789216998882,2020-09-13
5.49,15.93,0.0,0.8350648610354783,2020-09-14
3.36,14.82,0.0,0.8627770889385138,2020-09-15
-1.32,13.13,0.0,0.9353475580210592,2020-09-16
1.81,19.4,0.0,1.3208392546248704,2020-09-17
0.23,24.71,0.0,1.7249268181679784,2020-09-18
6.93,25.18,0.0,1.569152322615048,2020-09-19
11.43,17.28,8.94,0.4891068125476273,2020-09-20
7.04,22.6,0.0,1.271189864880221,2020-09-21
6.95,20.24,1.26,1.071974479970607,2020-09-22
8.92,21.36,0.0,1.0519593663424038,2020-09-23
9.5,23.49,0.0,1.1805179245889903,2020-09-24
6.27,21.2,0.0,1.1581669694751249,2020-09-25
6.89,15.33,0.0,0.6769730610441579,2020-09-26
3.82,14.86,0.0,0.8092428711170809,2020-09-27
0.79,22.28,0.0,1.433075717873821,2020-09-28
6.66,16.76,0.0,0.7941763503796487,2020-09-29
0.75,12.49,0.0,0.7721451310010725,2020-09-30
-4.75,11.95,0.0,0.8972662930641817,2020-10-01
0.96,17.96,0.0,1.105952054697957,2020-10-02
-0.57,16.03,0.0,1.017488965548853,2020-10-03
5.4,24.07,1.63,1.3776295474308122,2020-10-04
7.22,19.34,0.0,0.9310366092433044,2020-10-05
6.33,17.02,0.0,0.8020758778233653,2020-10-06
1.34,15.09,0.0,0.930041678893783,2020-10-07
6.18,23.82,1.95,1.434392469444355,2020-10-08
2.3,11.12,0.0,0.5812267896625471,2020-10-09
3.29,25.53,0.0,1.6233044898909914,2020-10-10
4.26,14.33,0.0,0.6994413533478161,2020-10-11
-3.22,10.76,0.0,0.762948773368232,2020-10-12
-1.3,9.98,0.0,0.6479979725698861,2020-10-13
-4.72,6.45,0.0,0.5597948401482873,2020-10-14
-4.27,4.89,0.0,0.4623986396637332,2020-10-15
-7.55,3.35,0.0,0.480430979363288,2020-10-16
-13.11,-1.32,0.0,0.3993401228390164,2020-10-17
-7.6,-4.11,0.0,0.1468271984353084,2020-10-18
-9.43,-2.43,0.0,0.2764682080709704,2020-10-19
-8.67,-2.5,0.3,0.256969490081396,2020-10-20
-11.59,-1.49,0.0,0.3736015882273227,2020-10-21
-14.34,-2.84,0.0,0.3700449766357772,2020-10-22
-14.42,-4.39,0.0,0.316883169392391,2020-10-23
-10.31,-6.5,0.0,0.141390297364224,2020-10-24
-11.79,-3.34,0.0,0.3019467082258878,2020-10-25
-15.69,2.92,0.0,0.5888900351031133,2020-10-26
-4.39,11.54,0.0,0.8482982062057361,2020-10-27
-4.45,4.94,0.0,0.4519278908174394,2020-10-28
-5.93,9.01,0.0,0.7123432860126175,2020-10-29
-1.86,13.45,0.0,0.8761399297815803,2020-10-30
-5.49,2.26,0.0,0.3493179064022177,2020-10-31
-6.72,13.48,0.0,0.9361329911333628,2020-11-01
-0.16,19.31,0.0,1.1883192282087067,2020-11-02
2.31,17.91,0.0,1.0301043063072324,2020-11-03
1.42,15.23,0.0,0.8542113179145501,2020-11-04
1.54,17.31,0.0,0.9822131782168522,2020-11-05
-1.2,7.05,0.0,0.4285912519374223,2020-11-06
-2.33,0.14,3.42,0.1149129706551566,2020-11-07
-9.83,-3.98,21.6,0.1993275419629095,2020-11-08
-17.82,-9.35,0.0,0.2025276253960702,2020-11-09
-17.27,-5.34,0.0,0.3014207325172086,2020-11-10
-15.98,-7.49,2.97,0.2123747075013111,2020-11-11
-21.99,-7.69,0.0,0.2757570887398421,2020-11-12
-12.98,-0.53,0.0,0.392047926152138,2020-11-13
-9.7,-1.94,0.92,0.2797170810784417,2020-11-14
-14.11,-4.98,0.0,0.2637479047499898,2020-11-15
-11.69,-5.57,0.0,0.1963280593592523,2020-11-16
-9.75,1.64,0.0,0.4115587499151442,2020-11-17
-5.39,3.83,0.0,0.4000486519565697,2020-11-18
-12.36,-6.4,5.5,0.1725222988289721,2020-11-19
-20.26,-9.84,0.0,0.2092419688859715,2020-11-20
-17.69,-4.36,0.0,0.3179212942644062,2020-11-21
-16.37,-6.5,0.0,0.2460490381895578,2020-11-22
-12.17,-4.29,0.0,0.2416866372011001,2020-11-23
-11.36,-0.97,0.0,0.3367144833738119,2020-11-24
-7.71,1.26,0.0,0.3433027375771491,2020-11-25
-11.21,-1.17,0.0,0.3265380195621283,2020-11-26
-10.56,1.1,0.0,0.3931763098511299,2020-11-27
-10.06,0.58,0.0,0.3650020737996631,2020-11-28
-15.48,-1.54,0.0,0.3688908457188077,2020-11-29
-8.08,1.85,0.0,0.3703852336354348,2020-11-30
-7.38,0.24,0.0,0.2906928611515991,2020-12-01
-10.98,-1.36,0.0,0.3131332338098068,2020-12-02
-7.36,2.93,0.0,0.3973447757624402,2020-12-03
-6.28,1.86,0.0,0.3273981844025468,2020-12-04
-6.85,2.53,0.0,0.36925479503425,2020-12-05
-9.2,2.22,0.0,0.4052823596768803,2020-12-06
-7.85,3.11,0.0,0.411570740014111,2020-12-07
-4.3,3.7,0.0,0.347029060505047,2020-12-08
-5.11,2.09,0.72,0.3003871369827827,2020-12-09
-12.24,-3.59,0.0,0.2596415878403779,2020-12-10
-13.59,-4.84,0.0,0.2443440800461218,2020-12-11
-11.39,-4.16,0.0,0.2243399157602052,2020-12-12
-25.15,-14.8,0.0,0.1453772627774692,2020-12-13
-26.89,-12.77,0.0,0.183837914926343,2020-12-14
-18.82,-8.99,0.0,0.2051964150037055,2020-12-15
-14.84,-3.39,0.0,0.3029432020097667,2020-12-16
-13.71,1.6,0.0,0.4383159887211407,2020-12-17
-22.25,-2.82,0.0,0.3593207299500777,2020-12-18
-12.18,3.55,0.0,0.485308577664703,2020-12-19
-6.49,2.81,0.0,0.3630890441171512,2020-12-20
-8.59,-1.93,9.07,0.2253727481319626,2020-12-21
-12.94,-3.83,10.07,0.2523294487720282,2020-12-22
-16.15,-7.83,0.0,0.1993789792717145,2020-12-23
-13.9,0.99,0.0,0.4216685836339492,2020-12-24
-12.08,-2.54,0.0,0.2873916975968784,2020-12-25
-11.92,-5.59,1.86,0.1881085845976317,2020-12-26
-13.95,-7.2,0.0,0.1811319622515843,2020-12-27
-16.58,-7.56,0.0,0.2133715871818418,2020-12-28
-17.02,-8.43,0.0,0.1978281266435257,2020-12-29
-20.59,-8.23,0.0,0.2384192259800082,2020-12-30
-16.56,-1.37,0.0,0.3778458871437001,2021-01-01
-8.11,3.97,0.0,0.4503165643252853,2021-01-02
-2.69,4.11,0.0,0.3167721344350618,2021-01-03
-10.47,0.28,0.0,0.3590775220738555,2021-01-04
-9.08,-0.24,0.0,0.3143155862097741,2021-01-05
-10.79,2.15,0.0,0.4302194294115261,2021-01-06
-8.72,0.95,0.0,0.351836829192114,2021-01-07
-13.31,-2.12,0.0,0.3275728838406739,2021-01-08
-14.51,-4.48,0.0,0.2746092775564694,2021-01-09
-13.57,-4.35,0.0,0.2647351235650854,2021-01-10
-11.64,0.2,0.0,0.38071152182765,2021-01-11
-7.56,1.52,0.0,0.3528221769184949,2021-01-12
-4.23,6.21,6.46,0.4492855445020717,2021-01-13
-6.93,-2.52,0.0,0.1739001607565248,2021-01-14
-14.23,-4.64,0.0,0.2705345235961361,2021-01-15
-9.45,-0.92,0.0,0.3073827072567876,2021-01-16
-10.03,-0.95,2.82,0.304396981240313,2021-01-17
-9.06,-0.74,0.0,0.3074903438961182,2021-01-18
-13.22,1.75,0.0,0.4615784189349943,2021-01-19
-5.62,0.74,0.0,0.2758626665199135,2021-01-20
-12.19,-6.51,0.87,0.1785789002561364,2021-01-21
-10.27,-5.21,1.52,0.1758266381815942,2021-01-22
-26.5,-10.27,0.0,0.2363424698425402,2021-01-23
-30.4,-22.24,0.0,0.1,2021-01-24
-27.85,-21.61,0.0,0.1,2021-01-25
-26.86,-18.98,0.0,0.103737713002012,2021-01-26
-23.07,-13.99,0.0,0.1581630886590184,2021-01-27
-18.61,-10.44,0.0,0.188320870783419,2021-01-28
-16.46,-9.93,0.0,0.1692950274421218,2021-01-29
-17.28,-11.8,0.0,0.1344807285222249,2021-01-30
-19.67,-8.0,0.0,0.2625620623136203,2021-01-31
-14.14,0.28,0.0,0.4478827972364528,2021-02-01
-8.51,2.58,0.0,0.4532963018676031,2021-02-02
-19.55,-12.57,0.0,0.1553722090014972,2021-02-03
-23.56,-15.72,0.0,0.1365221502444823,2021-02-04
-27.31,-19.44,0.0,0.1066950936724309,2021-02-05
-34.76,-25.44,0.0,0.1,2021-02-06
-35.99,-27.76,0.0,0.1,2021-02-07
-36.09,-26.83,0.0,0.1,2021-02-08
-30.47,-26.03,0.0,0.1,2021-02-09
-33.32,-27.09,0.0,0.1,2021-02-10
-37.52,-27.96,0.0,0.1,2021-02-11
-33.33,-22.45,0.0,0.1021378990093531,2021-02-12
-36.44,-24.31,0.0,0.1,2021-02-13
-34.71,-22.39,0.0,0.106408271789536,2021-02-14
-29.66,-18.8,0.0,0.136507085531278,2021-02-15
-24.89,-14.77,0.0,0.1783063114801155,2021-02-16
-22.66,-15.35,0.0,0.1472983477332567,2021-02-17
-24.26,-11.81,0.0,0.2352445152789546,2021-02-18
-21.36,-2.08,0.0,0.484998553112459,2021-02-19
-11.28,-2.41,0.0,0.3890316828534447,2021-02-20
-11.82,2.73,0.0,0.6879369175687339,2021-02-21
-3.3,3.81,0.0,0.5120616115686208,2021-02-22
-6.76,0.37,0.0,0.414578422798924,2021-02-23
-10.0,-1.87,0.0,0.4057083409273712,2021-02-24
-12.05,0.36,0.0,0.6052832052661509,2021-02-25
-16.0,-2.83,1.59,0.4966665566014837,2021-02-26
-24.17,-12.78,0.0,0.2263915328599793,2021-02-27
-21.08,-10.11,0.0,0.2664796730154786,2021-02-28
-16.8,3.72,0.0,0.7681017145302875,2021-03-01
-5.83,3.09,0.0,0.6345412339634121,2021-03-02
-9.79,3.41,0.0,0.7960155814876825,2021-03-03
-8.73,3.08,0.0,0.7686220960152331,2021-03-04
-5.77,5.6,0.0,0.902859501464128,2021-03-05
-0.43,6.88,0.0,0.774180899801704,2021-03-06
-4.22,5.92,0.0,0.9150165395971817,2021-03-07
-3.85,4.25,0.0,0.739085327851742,2021-03-08
-5.12,-0.43,0.0,0.2996721872085718,2021-03-09
-8.46,2.23,0.0,0.7855618070343459,2021-03-10
-17.54,-2.32,0.0,0.6132219207891053,2021-03-11
-9.18,6.81,0.0,1.1015807600353005,2021-03-12
-6.58,6.96,0.0,1.115020588612062,2021-03-13
-1.8,9.29,0.0,1.2203531073060727,2021-03-14
-1.52,8.01,0.0,1.099309176300065,2021-03-15
-9.72,1.23,0.0,0.7865708735403838,2021-03-16
-8.0,8.46,0.0,1.2727202103304982,2021-03-17
-2.65,13.92,0.0,1.6278343594546667,2021-03-18
0.7,17.86,0.0,1.8690268342878351,2021-03-19
-0.81,11.47,0.0,1.4829046168023206,2021-03-20
-4.81,3.59,0.0,0.8548650280504916,2021-03-21
-5.45,8.7,2.85,1.1349401370969037,2021-03-22
-7.59,-0.49,0.0,0.6024115434022856,2021-03-23
-6.16,8.1,0.0,1.334024964279325,2021-03-24
-3.69,2.44,0.0,0.7068941808875762,2021-03-25
-10.81,1.69,1.05,0.9784121468187972,2021-03-26
-8.62,6.59,0.0,1.2505924733728673,2021-03-27
-1.06,16.72,0.0,1.8552498319573196,2021-03-28
-8.84,4.0,5.15,1.0333254495099184,2021-03-29
-13.74,-6.31,0.0,0.4801493403807764,2021-03-30
-15.16,6.75,0.0,1.164926874073715,2021-03-31
-2.16,13.98,0.0,1.7218684331328835,2021-04-01
-0.31,12.39,0.0,1.6387651302295587,2021-04-02
-1.21,13.5,0.0,1.7105924671373012,2021-04-03
-1.17,17.09,0.0,1.918281182151828,2021-04-04
-2.85,12.22,0.0,1.6310873083217363,2021-04-05
-3.07,16.11,0.0,1.7907974485537843,2021-04-06
-0.32,20.29,0.0,2.0500942941424465,2021-04-07
1.53,13.94,2.15,1.5767325858972467,2021-04-08
-6.57,11.84,0.0,1.5316486022885285,2021-04-09
-0.94,12.0,0.0,1.5789470014408282,2021-04-10
-3.08,4.28,2.8,0.7221757665895988,2021-04-11
-4.52,1.71,0.96,0.6523934357170624,2021-04-12
-3.98,2.89,0.0,0.7649245855331288,2021-04-13
-4.23,6.39,0.0,1.270919009585454,2021-04-14
-2.41,12.36,0.0,1.635275165532187,2021-04-15
-4.29,14.36,0.0,1.7362852837193292,2021-04-16
-1.2,20.31,0.0,2.1048955403512895,2021-04-17
-3.45,6.46,0.0,1.280661259027851,2021-04-18
-6.85,4.82,1.99,1.2419921690523164,2021-04-19
-9.23,8.8,0.0,1.447928584219885,2021-04-20
-3.87,16.88,0.0,1.9670642340844744,2021-04-21
-5.15,6.37,0.0,1.3290712075427724,2021-04-22
-12.16,4.34,0.0,1.1940472989826407,2021-04-23
-10.23,7.75,0.0,1.387291091952112,2021-04-24
-5.19,9.68,0.0,1.5416803330682076,2021-04-25
-5.06,14.65,0.0,1.841171775833371,2021-04-26
-3.88,15.88,0.0,1.8663241354181432,2021-04-27
-2.52,15.6,0.0,1.8677046467921217,2021-04-28
-1.09,12.46,0.0,1.6702743765837944,2021-04-29
2.96,25.98,0.0,2.547316315715412,2021-04-30
4.84,20.2,0.0,2.186282941633646,2021-05-01
0.82,13.85,0.0,1.764845227987241,2021-05-02
-5.21,10.42,0.0,1.555270558566513,2021-05-03
-4.08,13.47,0.0,1.750515025628914,2021-05-04
-3.01,16.21,0.0,1.9266270607141731,2021-05-05
-0.67,17.21,0.0,2.0118059503999244,2021-05-06
0.6,16.87,0.0,1.9996375989818225,2021-05-07
2.46,12.65,0.0,1.6682218306452403,2021-05-08
-4.19,14.78,0.0,1.8488968484884336,2021-05-09
-2.93,17.6,0.0,2.031542077895177,2021-05-10
0.19,19.19,0.0,2.158297590086159,2021-05-11
1.92,20.01,0.0,2.216355896876828,2021-05-12
1.35,20.87,0.0,2.268674216928142,2021-05-13
2.44,22.82,0.0,2.40107203850127,2021-05-14
3.35,24.14,0.0,2.4930389521879985,2021-05-15
8.07,27.85,0.0,2.747200268353067,2021-05-16
7.3,31.59,0.0,2.9949676802721137,2021-05-17
11.57,27.14,0.0,2.645459334822841,2021-05-18
2.41,13.64,0.0,1.7319590011569277,2021-05-19
-2.2,3.94,2.74,0.7816983807351098,2021-05-20
-2.86,4.33,2.05,0.8798226697020122,2021-05-21
-0.1,8.61,0.0,1.4081542866797194,2021-05-22
5.31,13.39,16.96,1.4807527864855916,2021-05-23
7.45,10.78,22.19,0.3181443140425579,2021-05-24
2.76,8.02,1.65,0.5297428925342638,2021-05-25
-0.78,13.03,0.0,1.5908710233028889,2021-05-26
1.17,18.13,0.0,2.0703062900811497,2021-05-27
6.6,21.1,0.0,2.2387976556779603,2021-05-28
5.85,20.09,0.0,2.155626731344114,2021-05-29
2.54,22.4,0.0,2.467687377075299,2021-05-30
8.35,26.05,0.0,2.7202217985533403,2021-05-31
8.67,25.98,0.0,2.7104698475380866,2021-06-01
12.45,31.4,0.0,3.073514915550021,2021-06-02
13.48,34.96,0.0,3.311781963782334,2021-06-03
16.06,28.74,0.0,2.624087193795846,2021-06-04
11.72,27.38,0.0,2.780103512111504,2021-06-05
7.61,20.61,0.0,2.151308674144568,2021-06-06
8.4,21.81,0.0,2.259324612006906,2021-06-07
6.34,22.26,2.5,2.016297287228386,2021-06-08
11.43,18.82,10.5,1.015498902581318,2021-06-09
12.85,19.68,8.47,0.8663750611582524,2021-06-10
10.13,20.35,0.0,1.7142513110471045,2021-06-11
6.84,22.93,0.0,2.3497217525299505,2021-06-12
6.43,27.13,0.0,2.7574052399465168,2021-06-13
12.81,31.7,0.0,3.052315193228446,2021-06-14
16.29,33.85,1.38,3.134960963728233,2021-06-15
13.13,24.37,0.0,2.1010598840595427,2021-06-16
7.46,23.88,0.0,2.4512320947695243,2021-06-17
8.18,18.66,0.0,1.6999628924228785,2021-06-18
6.82,20.29,1.31,2.0462144318788344,2021-06-19
6.11,18.58,0.0,1.844221633253756,2021-06-20
1.67,24.25,0.0,2.530886552661927,2021-06-21
10.63,30.9,0.0,3.0093323083792853,2021-06-22
13.52,23.75,0.0,1.8289018137705144,2021-06-23
9.06,22.32,0.0,2.076603062245603,2021-06-24
9.83,27.51,0.0,2.6810515410394644,2021-06-25
13.21,28.26,0.72,2.581881627199475,2021-06-26
12.29,27.58,0.0,2.547643880987765,2021-06-27
10.98,29.16,0.0,2.847592343980265,2021-06-28
12.76,32.64,0.0,3.133648874076065,2021-06-29
14.24,33.38,0.0,3.1519283679539623,2021-06-30
15.97,34.54,0.0,3.1924489474157403,2021-07-01
18.97,38.63,0.0,3.4632785121273297,2021-07-02
17.02,28.95,0.0,2.3336990721574975,2021-07-03
12.55,28.32,6.22,2.177985406158452,2021-07-04
13.16,23.77,0.0,1.8385863767153403,2021-07-05
10.5,20.77,0.0,1.652360804830786,2021-07-06
11.71,28.18,2.92,2.1526696567979715,2021-07-07
14.26,27.05,5.87,1.7990100652655228,2021-07-08
12.48,29.47,0.0,2.6497970887988025,2021-07-09
13.54,31.55,0.0,2.80294170508571,2021-07-10
15.72,30.83,0.0,2.5724038604969266,2021-07-11
11.62,27.52,0.0,2.4597524706266514,2021-07-12
10.24,28.33,0.0,2.6284817971400147,2021-07-13
11.19,30.3,0.0,2.787905881051926,2021-07-14
14.39,35.01,0.0,3.1173863233065395,2021-07-15
15.88,29.69,0.0,2.363582721475452,2021-07-16
16.26,34.72,0.0,2.9794088327216044,2021-07-17
13.54,25.67,0.0,1.9665779469863969,2021-07-18
13.55,19.85,0.0,0.8457543042525423,2021-07-19
15.63,27.51,0.0,2.040696156001001,2021-07-20
15.43,30.55,0.0,2.5433224288100473,2021-07-21
13.81,32.78,0.0,2.904327884258671,2021-07-22
6.16,28.45,0.0,2.6848653132101727,2021-07-23
9.82,28.96,0.0,2.637063287446153,2021-07-24
10.82,28.35,2.92,2.07902415763733,2021-07-25
12.61,27.66,0.0,2.2855623733173114,2021-07-26
12.81,35.34,0.0,3.068460084821063,2021-07-27
12.84,29.0,0.0,2.4147054416087608,2021-07-28
12.93,32.91,0.0,2.828641222867052,2021-07-29
12.5,30.71,0.0,2.614539744877835,2021-07-30
12.68,31.33,0.0,2.6612802370221855,2021-07-31
12.63,32.68,0.0,2.7877781292954937,2021-08-01
16.24,34.89,0.0,2.8127251600587693,2021-08-02
18.64,27.91,0.0,1.461505005261078,2021-08-03
13.81,28.78,0.0,2.2314691645664793,2021-08-04
11.21,30.33,0.0,2.554862565998178,2021-08-05
15.78,32.35,0.0,2.489752054523598,2021-08-06
14.68,29.1,0.0,2.1424816521881955,2021-08-07
13.22,22.77,0.0,1.305143866319311,2021-08-08
11.32,20.07,0.0,1.109159232510024,2021-08-09
10.26,19.81,3.61,0.9293099244917088,2021-08-10
11.5,24.73,0.0,1.8019662738908289,2021-08-11
8.32,23.99,0.0,1.949306874311492,2021-08-12
8.55,29.65,0.0,2.4874498934199716,2021-08-13
15.74,37.48,0.0,2.9105096545565257,2021-08-14
15.73,32.78,0.0,2.4233204200318035,2021-08-15
14.8,26.63,0.0,1.6716339592209952,2021-08-16
10.08,18.03,4.77,0.7418859667079295,2021-08-17
8.47,16.69,0.0,0.8329221864025077,2021-08-18
7.43,18.36,5.01,0.952744482449616,2021-08-19
9.79,18.94,6.14,0.8414983463522921,2021-08-20
6.03,20.97,6.63,1.302087557618793,2021-08-21
9.54,15.29,11.76,0.5305839661088304,2021-08-22
7.62,17.56,6.96,0.9096621506022698,2021-08-23
7.0,14.0,0.0,0.6863407368732567,2021-08-24
3.21,19.25,0.0,1.6513174547185077,2021-08-25
7.42,19.8,0.0,1.4694200349466189,2021-08-26
12.21,21.29,0.0,1.1708219610843862,2021-08-27
10.57,23.77,0.0,1.717241516924587,2021-08-28
7.68,25.61,0.0,2.0553570919583377,2021-08-29
8.76,28.3,0.0,2.235932251741796,2021-08-30
11.34,24.31,7.44,1.349552679323152,2021-08-31
8.33,21.06,0.0,1.4714932106811731,2021-09-01
8.02,18.78,0.0,1.1922101743258358,2021-09-02
7.78,21.47,0.0,1.5311458547117542,2021-09-03
5.04,23.29,0.0,1.8143490865210508,2021-09-04
8.1,28.52,0.0,2.129291589282837,2021-09-05
10.24,22.25,1.57,1.3879505207321918,2021-09-06
7.34,23.58,0.0,1.7101372202597471,2021-09-07
5.49,24.9,0.0,1.9288236125267413,2021-09-08
10.29,28.23,0.0,2.1045701975331523,2021-09-09
8.65,21.64,0.0,1.4951005648618831,2021-09-10
6.98,14.03,0.0,0.6413854886675702,2021-09-11
2.86,17.27,0.0,1.3638768730524204,2021-09-12
6.99,20.92,0.0,1.513461295781258,2021-09-13
4.12,22.59,0.0,1.768212649540577,2021-09-14
8.53,18.64,0.0,1.097454556195947,2021-09-15
3.5,14.71,0.0,1.025180604085591,2021-09-16
-1.43,19.19,0.0,1.5531613449642607,2021-09-17
10.86,31.93,0.0,2.2396252637888807,2021-09-18
6.74,20.19,0.0,1.339930094690227,2021-09-19
1.61,18.89,0.0,1.4346698687001058,2021-09-20
2.61,21.88,0.0,1.6158586563286506,2021-09-21
6.02,27.51,0.0,1.9339936489531235,2021-09-22
4.59,17.2,0.0,1.0666410449064176,2021-09-23
-1.53,19.5,0.0,1.4636679657926444,2021-09-24
7.41,25.93,0.0,1.7127581385615638,2021-09-25
4.1,25.42,0.0,1.7448918093444858,2021-09-26
9.15,29.51,0.0,1.8894050745243072,2021-09-27
6.5,26.47,0.0,1.7207182225771822,2021-09-28
6.17,20.64,0.0,1.2104370387585297,2021-09-29
1.82,23.51,0.0,1.588067983097142,2021-09-30
5.99,22.75,0.0,1.3758546087182777,2021-10-01
0.07,21.23,0.0,1.4301908389743443,2021-10-02
5.94,24.02,0.0,1.490935884409385,2021-10-03
2.11,20.95,0.0,1.3658165455922076,2021-10-04
5.44,24.32,0.0,1.502202441449506,2021-10-05
7.2,25.32,0.0,1.5170444927535869,2021-10-06
2.5,13.89,0.0,0.7509309291730694,2021-10-07
0.47,16.56,0.0,1.0868067555419072,2021-10-08
-1.58,19.75,0.0,1.3521733281079975,2021-10-09
-0.67,18.79,0.0,1.2551130387020504,2021-10-10
-2.32,8.92,0.0,0.6089337759443311,2021-10-11
-7.13,8.57,0.0,0.7120883608797577,2021-10-12
-4.62,4.51,3.55,0.4156195505406142,2021-10-13
-2.52,6.88,2.08,0.4651298236054497,2021-10-14
-4.02,13.51,0.0,0.8933133385710711,2021-10-15
-0.62,18.21,0.0,1.1010282855135434,2021-10-16
3.35,24.16,0.0,1.388184141084262,2021-10-17
1.2,13.0,0.0,0.6987624857069147,2021-10-18
-5.18,6.23,0.0,0.5331653713921807,2021-10-19
-7.2,7.6,0.0,0.6429829701933361,2021-10-20
-4.1,11.21,0.0,0.7498861496878668,2021-10-21
-5.58,9.13,0.0,0.6777714209355119,2021-10-22
-2.03,6.74,0.0,0.4519512252667039,2021-10-23
1.71,6.8,0.0,0.2970734883912326,2021-10-24
2.78,9.36,3.31,0.3771075961197844,2021-10-25
2.3,11.01,0.0,0.5215186414602492,2021-10-26
-0.1,13.66,0.0,0.7629162146415345,2021-10-27
-2.16,11.02,1.59,0.6787717061553833,2021-10-28
0.8,8.69,1.36,0.4462725659440617,2021-10-29
-5.31,4.3,0.0,0.4325335129521574,2021-10-30
-9.03,3.64,0.0,0.4901178272268557,2021-10-31
-10.9,2.28,0.0,0.4672194117604902,2021-11-01
-10.51,6.54,0.0,0.6228748064757926,2021-11-02
-8.09,10.64,0.0,0.7584010077844234,2021-11-03
-1.97,16.11,0.0,0.9129678026693304,2021-11-04
2.16,14.18,0.0,0.6968356130878183,2021-11-05
-3.05,10.11,0.0,0.6367305366744959,2021-11-06
-6.0,9.33,0.0,0.6613120450741093,2021-11-07
-5.65,8.42,0.0,0.6124811246468517,2021-11-08
-9.79,7.42,0.0,0.6324947377032321,2021-11-09
-2.3,3.05,1.1,0.25772091494358,2021-11-10
-6.67,-2.89,0.0,0.1492075312014011,2021-11-11
-9.41,-1.99,0.0,0.2624860656646332,2021-11-12
-8.56,6.05,0.0,0.5545671976057931,2021-11-13
-5.32,2.2,0.69,0.3191770731509273,2021-11-14
-1.81,5.61,0.95,0.3639342685343244,2021-11-15
-4.86,6.42,4.78,0.4737978371753646,2021-11-16
-13.11,-6.01,0.0,0.2060091835129479,2021-11-17
-15.24,-1.79,0.0,0.3637732169694102,2021-11-18
-10.91,-2.37,0.0,0.2792495975238205,2021-11-19
-11.29,0.85,0.0,0.3968739584082528,2021-11-20
-17.3,-1.91,0.0,0.3745051433111322,2021-11-21
-7.69,5.01,0.0,0.4868004688427605,2021-11-22
-9.91,2.54,0.0,0.4299251570035373,2021-11-23
-17.65,-7.99,0.0,0.2167918156600596,2021-11-24
-11.74,3.08,0.0,0.4713749906209916,2021-11-25
-1.91,6.63,0.0,0.4038534956700882,2021-11-26
-6.75,1.71,0.0,0.3272216599672705,2021-11-27
-4.75,5.21,0.0,0.4212042523544794,2021-11-28
-3.56,5.43,0.0,0.3967215158553264,2021-11-29
-5.33,5.52,0.0,0.4468324466741058,2021-11-30
-0.5,6.92,0.0,0.3658747276276596,2021-12-01
-3.28,2.21,1.39,0.2412271841452396,2021-12-02
-8.23,-1.28,0.0,0.2482458108617769,2021-12-03
-10.72,-3.2,0.86,0.2424869036558437,2021-12-04
-22.45,-8.54,1.0,0.2430289060008726,2021-12-05
-25.45,-13.62,0.0,0.165895886611244,2021-12-06
-20.89,-8.32,0.0,0.2381795156488151,2021-12-07
-15.0,2.81,0.56,0.4867959440709475,2021-12-08
-12.4,-2.62,0.0,0.2920617927126301,2021-12-09
-14.47,-4.79,0.0,0.2584852628485071,2021-12-10
-10.78,3.64,0.0,0.4742188704752266,2021-12-11
-9.25,0.86,0.0,0.3497471181326927,2021-12-12
-14.54,-3.02,0.0,0.3083075139756775,2021-12-13
-9.61,-2.84,0.57,0.2255877299725665,2021-12-14
-22.1,-13.43,0.0,0.1441575076395924,2021-12-15
-25.45,-16.78,0.84,0.115206260501478,2021-12-16
-25.77,-18.06,0.0,0.1,2021-12-17
-27.93,-8.08,0.0,0.2574061147485083,2021-12-18
-20.2,-9.92,0.0,0.1957165368444361,2021-12-19
-21.06,-12.84,0.0,0.1449856790232608,2021-12-20
-20.04,-7.1,0.0,0.2560436020787109,2021-12-21
-13.76,-5.98,3.33,0.2031586208599762,2021-12-22
-14.63,-0.84,1.93,0.3722729962901693,2021-12-23
-24.38,-16.33,0.75,0.1141134261185201,2021-12-24
-29.1,-22.67,1.86,0.1,2021-12-25
-28.89,-24.79,7.38,0.1,2021-12-26
-34.89,-26.87,0.0,0.1,2021-12-27
-37.49,-27.52,0.0,0.1,2021-12-28
-34.25,-26.12,0.0,0.1,2021-12-29
-36.3,-27.22,0.0,0.1,2021-12-30
-35.83,-27.84,0.0,0.1,2021-12-31
-35.49,-22.86,0.0,0.1,2022-01-01
-26.47,-1.76,0.0,0.3775535014400452,2022-01-02
-17.5,-5.34,3.77,0.2684630984209424,2022-01-03
-24.6,-13.41,1.86,0.1630095360084673,2022-01-04
-33.44,-19.92,0.0,0.1085436361908707,2022-01-05
-35.4,-26.96,0.0,0.1,2022-01-06
-24.27,-8.42,1.55,0.2519028564506448,2022-01-07
-24.77,-14.14,0.0,0.1530497121765294,2022-01-08
-28.84,-16.19,0.0,0.1417912456605972,2022-01-09
-21.64,-0.16,0.0,0.4274477350937561,2022-01-10
-11.19,3.65,0.0,0.4861345466299644,2022-01-11
-2.27,4.77,0.0,0.3285171514084075,2022-01-12
-5.27,3.73,2.41,0.3618176800698479,2022-01-13
-5.85,1.54,0.0,0.2997747916767501,2022-01-14
-4.89,4.12,0.0,0.3847815959915632,2022-01-15
-4.76,3.91,0.0,0.373503429152711,2022-01-16
-5.79,4.34,0.99,0.4211709013754782,2022-01-17
-19.76,2.18,0.0,0.4965217531816893,2022-01-18
-26.67,-16.03,0.0,0.1387156261594026,2022-01-19
-23.25,-3.11,2.08,0.355564452495196,2022-01-20
-9.4,2.35,1.26,0.4255101900601375,2022-01-21
-7.68,4.12,1.84,0.4634384973815597,2022-01-22
-7.65,4.95,0.0,0.4990945912107257,2022-01-23
-10.16,2.23,0.0,0.4394950372783106,2022-01-24
-22.57,-5.07,0.0,0.3312372465100477,2022-01-25
-9.36,2.04,0.0,0.4208531791000215,2022-01-26
-7.68,0.93,0.0,0.3400124358609565,2022-01-27
-10.69,1.34,0.0,0.422184856720857,2022-01-28
-8.83,2.12,0.0,0.4188881683746063,2022-01-29
-4.67,4.97,0.0,0.4417206555816783,2022-01-30
-12.63,3.64,4.09,0.5115920986553966,2022-01-31
-26.09,-17.05,0.0,0.1271656904735296,2022-02-01
-31.82,-23.01,0.0,0.1,2022-02-02
-29.56,-19.31,0.0,0.1160560566923745,2022-02-03
-31.45,-5.75,6.99,0.3005444413027827,2022-02-04
-13.96,-5.07,1.16,0.2700441803942853,2022-02-05
-15.41,1.99,0.0,0.5186043757056372,2022-02-06
-5.04,5.87,0.0,0.5162939294205258,2022-02-07
-4.24,2.52,0.0,0.3283455605640215,2022-02-08
-7.71,3.04,1.0,0.4617899706233105,2022-02-09
-8.15,5.19,1.44,0.5687151460866292,2022-02-10
-17.55,-11.2,0.0,0.1594902832329158,2022-02-11
-16.98,-6.12,0.0,0.2973073748270646,2022-02-12
-14.96,2.06,0.0,0.538697016947169,2022-02-13
-16.72,-9.07,1.24,0.2079217692056315,2022-02-14
-14.77,-7.0,1.36,0.2377086330329425,2022-02-15
-23.79,-15.81,0.58,0.1414133391327449,2022-02-16
-25.78,-2.58,0.0,0.4243577505012986,2022-02-17
-19.85,-6.28,0.0,0.3316262433053636,2022-02-18
-17.27,3.7,5.1,0.5803449877204298,2022-02-19
-22.58,-15.34,0.0,0.141272290227313,2022-02-20
-28.18,-19.93,0.0,0.111768951862711,2022-02-21
-31.56,-20.22,0.0,0.1262499633270985,2022-02-22
-30.99,-19.17,0.0,0.1391552000688954,2022-02-23
-26.23,-16.38,0.0,0.1610282116458656,2022-02-24
-25.83,-7.54,0.0,0.3348594186035806,2022-02-25
-13.88,-2.04,0.0,0.4225622291677514,2022-02-26
-11.4,-5.63,0.0,0.2268752790901193,2022-02-27
-13.85,-6.89,0.0,0.2453795876990789,2022-02-28
-13.35,-6.77,0.0,0.2398512999961327,2022-03-01
-15.07,-9.48,0.0,0.1859239828469914,2022-03-02
-16.71,-9.98,8.03,0.1893224739063112,2022-03-03
-12.23,-8.51,4.43,0.1320867218252878,2022-03-04
-17.13,-10.24,0.0,0.2136587338483169,2022-03-05
-18.36,-4.94,0.0,0.4078558821459007,2022-03-06
-15.43,1.43,1.36,0.6054541932154579,2022-03-07
-17.72,-9.24,0.0,0.2665719771968145,2022-03-08
-23.88,-14.06,0.0,0.2128755298292042,2022-03-09
-23.59,-12.75,0.0,0.2424736112315324,2022-03-10
-30.28,-9.83,0.0,0.3113418535791672,2022-03-11
-15.38,3.02,0.0,0.700085115927689,2022-03-12
-10.99,-1.85,0.0,0.425427807777306,2022-03-13
-11.3,1.05,0.0,0.5748795192928166,2022-03-14
-5.2,5.13,0.0,0.669220586295472,2022-03-15
-3.14,4.53,0.0,0.5196937382789389,2022-03-16
-5.75,5.64,0.0,0.7545158730261586,2022-03-17
-1.44,6.03,0.0,0.546603752838928,2022-03-18
-3.09,6.9,0.0,0.7867527443008073,2022-03-19
-1.18,5.07,3.69,0.4228365356409233,2022-03-20
-1.54,6.37,0.0,0.6722843953419251,2022-03-21
-2.37,8.61,0.0,0.9738169103847942,2022-03-22
-1.34,13.23,0.0,1.343843373896538,2022-03-23
-0.7,7.32,1.32,0.7425635627388907,2022-03-24
-6.12,0.75,0.0,0.4490875079488983,2022-03-25
-9.38,-2.9,0.0,0.3668638620614855,2022-03-26
-7.25,8.46,0.0,1.1402823876532997,2022-03-27
-2.61,9.0,0.0,1.162871333456018,2022-03-28
-5.38,2.13,0.0,0.6226980681750781,2022-03-29
-7.53,10.1,0.0,1.3212449429008484,2022-03-30
-1.26,4.3,1.97,0.5146535462388109,2022-03-31
-4.08,5.01,0.0,0.8517517133262341,2022-04-01
-6.98,7.53,0.0,1.166993020131033,2022-04-02
-4.44,11.5,0.0,1.436084835864858,2022-04-03
-1.91,15.47,0.0,1.752243335614478,2022-04-04
-1.06,8.41,3.24,0.8617623903917354,2022-04-05
-0.99,7.11,1.1,0.9166629764498354,2022-04-06
-3.81,10.83,0.0,1.428663912995911,2022-04-07
-1.07,18.46,0.0,2.003382810144228,2022-04-08
-0.14,11.56,0.0,1.4182643188375872,2022-04-09
-4.32,6.52,0.0,1.0910224315006056,2022-04-10
-8.76,-1.37,0.0,0.5359676936900403,2022-04-11
-10.71,-6.06,0.0,0.2624623121350319,2022-04-12
-10.42,-6.18,3.29,0.2134376605379462,2022-04-13
-9.75,-4.25,3.02,0.2934619095476085,2022-04-14
-10.53,-2.62,0.0,0.5467716437964097,2022-04-15
-10.27,0.58,0.0,0.821407720362237,2022-04-16
-7.57,3.92,0.0,1.0305014105624364,2022-04-17
-7.52,8.18,0.0,1.3687966831110523,2022-04-18
-3.01,4.98,3.8,0.702669493788069,2022-04-19
-4.46,1.52,2.92,0.4163263487170808,2022-04-20
-8.44,4.89,0.0,1.1287177159777264,2022-04-21
-2.68,3.01,0.92,0.6035834575739117,2022-04-22
-0.29,8.97,1.67,1.2742551112725378,2022-04-23
-2.69,11.54,0.0,1.6306657322117315,2022-04-24
-1.88,11.46,0.0,1.6101423141380662,2022-04-25
-2.81,16.01,0.0,1.9817211066027791,2022-04-26
0.99,15.57,0.0,1.9549176997423987,2022-04-27
0.56,16.9,0.0,2.074700205056002,2022-04-28
0.16,16.13,0.0,2.020043631465875,2022-04-29
1.13,16.95,0.0,2.0806854281958267,2022-04-30
0.83,14.89,0.0,1.8904378579535948,2022-05-01
-0.19,17.87,0.0,2.197015437283084,2022-05-02
3.84,19.42,0.0,2.326544199791037,2022-05-03
0.95,23.6,0.0,2.5568823588952743,2022-05-04
7.96,26.92,0.0,2.8412952758289345,2022-05-05
9.75,21.69,3.97,1.991452316316438,2022-05-06
5.66,14.22,9.09,1.22311131198585,2022-05-07
3.0,15.1,0.0,1.8418380559825376,2022-05-08
-0.51,13.82,0.0,1.828170026785341,2022-05-09
2.72,13.64,2.91,1.3330695718181538,2022-05-10
-0.6,17.98,0.0,2.042698966416627,2022-05-11
3.3,19.15,0.0,2.116115910521397,2022-05-12
5.1,10.24,9.56,0.4733255680968541,2022-05-13
2.55,16.31,0.0,1.760076246428678,2022-05-14
3.36,20.16,0.0,2.1264531214946114,2022-05-15
5.2,20.55,0.0,2.123115532693461,2022-05-16
5.87,19.59,1.83,1.9971463323799403,2022-05-17
6.31,16.47,0.78,1.5271920241170986,2022-05-18
0.77,10.55,3.17,0.9022769236289896,2022-05-19
0.11,8.24,0.0,0.8679205649392291,2022-05-20
-0.78,13.7,0.0,1.6446688661664866,2022-05-21
0.35,16.39,0.0,1.8742887366084129,2022-05-22
1.44,22.01,0.0,2.3470799919255514,2022-05-23
4.3,23.62,0.0,2.468459614232224,2022-05-24
6.45,23.4,0.0,2.406707876686841,2022-05-25
5.82,23.54,0.0,2.4448562601320556,2022-05-26
6.94,20.07,2.37,1.616604578559873,2022-05-27
8.08,22.13,0.0,2.18481147543476,2022-05-28
9.29,20.41,0.0,1.8441260169712996,2022-05-29
6.07,17.92,0.0,1.7768927283923948,2022-05-30
2.49,18.54,0.0,2.0458405332018943,2022-05-31
2.47,19.69,0.0,2.166555441207038,2022-06-01
3.76,21.17,0.0,2.354768152149007,2022-06-02
2.52,22.67,0.0,2.5090904711295026,2022-06-03
4.45,24.31,0.0,2.632037147744776,2022-06-04
7.01,19.82,0.0,2.1287950473003088,2022-06-05
5.85,19.74,0.0,2.196940656769016,2022-06-06
7.57,19.97,0.0,2.120951989838121,2022-06-07
6.48,23.76,4.42,2.199715697766011,2022-06-08
11.67,23.94,7.67,1.8644206541472224,2022-06-09
10.98,26.0,2.75,2.1077263443630927,2022-06-10
8.14,23.39,0.0,2.383062838854232,2022-06-11
8.98,24.25,6.61,1.987610838023706,2022-06-12
11.34,20.39,8.86,1.16126397431145,2022-06-13
6.36,18.42,0.0,1.70945427563853,2022-06-14
4.93,16.58,6.58,1.2477522169214523,2022-06-15
11.31,20.55,0.0,1.4550103537288357,2022-06-16
11.22,29.01,0.0,2.6843501089472697,2022-06-17
17.22,30.37,0.0,2.381146076139269,2022-06-18
15.45,21.12,5.27,0.6675489736878631,2022-06-19
13.71,20.52,2.73,0.7791639344747973,2022-06-20
11.69,22.53,1.46,1.7448817834855868,2022-06-21
11.11,27.49,0.0,2.504615233315816,2022-06-22
10.43,26.11,6.25,1.9450428015985837,2022-06-23
7.25,17.99,2.6,1.170777172979786,2022-06-24
7.68,20.71,3.4,1.477069945119914,2022-06-25
8.26,24.81,0.0,2.29060480510468,2022-06-26
9.85,23.65,0.0,2.0494906220374816,2022-06-27
9.37,22.2,3.47,1.4952680910979983,2022-06-28
12.28,24.4,0.0,1.8949994047544467,2022-06-29
9.1,23.02,0.0,2.0105635605244436,2022-06-30
8.35,23.78,0.0,2.1557673335597274,2022-07-01
10.18,22.45,2.38,1.4570246442186137,2022-07-02
10.99,22.84,1.19,1.8223895729347208,2022-07-03
12.4,17.28,7.31,0.5710174217314752,2022-07-04
12.15,18.9,3.18,0.7850273338165152,2022-07-05
12.61,23.94,0.0,1.817562263584071,2022-07-06
12.71,24.19,1.81,1.8445864498120328,2022-07-07
16.81,30.97,5.16,1.9065683422493889,2022-07-08
15.45,28.36,1.95,2.13205309654295,2022-07-09
13.7,24.87,3.39,1.3832718623001607,2022-07-10
10.75,26.88,0.0,2.2819703813730245,2022-07-11
10.34,30.06,0.0,2.590012505109847,2022-07-12
16.26,32.78,3.13,2.0742557459545035,2022-07-13
14.64,27.87,0.0,2.0833813352731103,2022-07-14
16.31,33.49,0.0,2.6215463465738615,2022-07-15
14.86,34.78,0.0,2.8035147959064335,2022-07-16
15.53,31.8,0.0,2.45841457923601,2022-07-17
14.11,28.54,17.54,1.727876405795416,2022-07-18
14.74,28.31,8.48,1.5645696715614703,2022-07-19
12.51,24.76,0.0,1.6606350009276734,2022-07-20
10.82,28.55,0.0,2.2445478551887157,2022-07-21
11.0,24.78,0.0,1.797208152681594,2022-07-22
8.9,22.24,0.0,1.6557729067764135,2022-07-23
7.91,28.33,0.0,2.3308249921721385,2022-07-24
13.14,20.56,3.63,0.8210522083312332,2022-07-25
10.58,24.25,0.0,1.7340425148649798,2022-07-26
7.83,25.91,0.0,2.083056697923372,2022-07-27
8.41,27.81,0.0,2.2208744378995897,2022-07-28
13.29,33.58,0.0,2.5140885164998377,2022-07-29
15.6,25.96,4.01,1.151230424818319,2022-07-30
13.46,28.15,7.73,1.517471655601342,2022-07-31
14.57,26.6,0.0,1.5238398896091163,2022-08-01
13.42,25.09,0.0,1.430982315060803,2022-08-02
7.86,26.2,0.0,1.9849290679916705,2022-08-03
10.91,33.85,0.0,2.5061443761620805,2022-08-04
8.7,18.72,0.0,1.073214249080434,2022-08-05
4.56,22.5,0.0,1.77368061565841,2022-08-06
11.58,30.34,0.0,2.1702549726596287,2022-08-07
10.78,32.93,0.0,2.425779662561515,2022-08-08
9.88,25.96,0.0,1.78807652580327,2022-08-09
10.72,26.07,0.0,1.7294632506499306,2022-08-10
15.53,26.12,0.0,1.2461035529756683,2022-08-11
11.89,31.85,0.0,2.2889753978443195,2022-08-12
15.93,32.56,1.79,2.0740956034006737,2022-08-13
15.37,30.83,0.0,1.8991020402192436,2022-08-14
11.86,29.36,0.0,2.000837335370369,2022-08-15
13.83,34.77,0.0,2.4037208418991742,2022-08-16
16.16,29.92,0.0,1.6746894927148963,2022-08-17
12.45,29.09,0.0,1.9119597715567032,2022-08-18
10.5,29.23,0.0,2.0304845188517047,2022-08-19
14.26,31.64,0.0,2.023211605641519,2022-08-20
12.63,33.44,0.0,2.280833269972298,2022-08-21
16.45,26.61,0.0,1.1513541790900477,2022-08-22
14.48,26.21,0.0,1.2862169823714575,2022-08-23
10.66,26.47,0.0,1.6675395107619877,2022-08-24
10.3,27.94,0.0,1.830834631191255,2022-08-25
13.16,28.18,9.48,1.3865655448790557,2022-08-26
13.36,30.47,0.0,1.836271214214064,2022-08-27
12.36,21.31,0.0,0.9361277692289284,2022-08-28
8.62,27.29,0.0,1.7949191702995777,2022-08-29
10.26,31.42,0.0,2.062654901348137,2022-08-30
13.86,34.85,0.0,2.158500443972984,2022-08-31
14.11,32.08,0.0,1.858468390069656,2022-09-01
5.91,26.92,0.0,1.8108089614458616,2022-09-02
12.48,36.15,0.0,2.2792068245886714,2022-09-03
15.79,34.68,0.0,1.9399158005904849,2022-09-04
12.62,30.63,0.0,1.747877892188934,2022-09-05
8.66,24.55,0.0,1.4056088321043685,2022-09-06
10.55,34.95,0.0,2.211047720494532,2022-09-07
7.1,19.47,0.0,1.063585281426625,2022-09-08
3.4,17.37,0.0,1.082227571724448,2022-09-09
1.8,22.55,0.0,1.5365234940085526,2022-09-10
8.46,31.79,0.0,2.043402045456487,2022-09-11
8.94,22.89,0.0,1.2223421085923087,2022-09-12
9.74,15.24,1.49,0.4964560426178913,2022-09-13
7.53,15.59,1.0,0.6868690756537221,2022-09-14
5.65,15.56,0.0,0.8034334251172213,2022-09-15
10.55,20.08,0.0,0.868392989636245,2022-09-16
8.1,23.42,0.0,1.327012042926772,2022-09-17
4.69,22.05,0.0,1.397025968588538,2022-09-18
8.87,18.36,3.68,0.7525493759281853,2022-09-19
4.15,13.28,0.0,0.7014476860254945,2022-09-20
-0.72,16.66,0.0,1.1445490831303389,2022-09-21
2.01,17.67,1.9,1.1249543486540268,2022-09-22
4.6,20.16,0.0,1.2072307534993214,2022-09-23
6.55,21.35,0.0,1.212205435604134,2022-09-24
1.76,21.99,0.0,1.4521035390057548,2022-09-25
6.05,22.78,0.0,1.3400204607512605,2022-09-26
6.66,25.55,0.0,1.5418208796226005,2022-09-27
8.88,31.02,0.0,1.8664516372513893,2022-09-28
8.2,29.69,0.0,1.773975341631426,2022-09-29
10.33,22.8,0.0,1.0414638500513944,2022-09-30
7.32,18.93,0.0,0.9068689619103528,2022-10-01
5.45,19.14,0.0,1.0104356846492664,2022-10-02
6.98,21.79,0.0,1.187955990527365,2022-10-03
7.8,25.52,0.0,1.4823753120280083,2022-10-04
3.55,11.96,0.0,0.5881372200692997,2022-10-05
-3.09,9.87,0.0,0.7234946733675905,2022-10-06
-2.16,19.58,0.0,1.3330598323369791,2022-10-07
3.17,22.5,0.0,1.4164492324297462,2022-10-08
3.49,22.48,0.0,1.4108637116730498,2022-10-09
3.14,25.08,0.0,1.5840913040581013,2022-10-10
2.91,13.99,0.0,0.7359251671591737,2022-10-11
2.26,10.98,0.0,0.5654430839789507,2022-10-12
-0.54,13.89,0.0,0.8702146342143092,2022-10-13
-1.67,15.75,1.62,1.0270292221015158,2022-10-14
-1.61,8.58,0.0,0.5660298232349056,2022-10-15
-3.74,9.3,0.0,0.669122516065339,2022-10-16
-2.61,17.65,0.0,1.2355671357151812,2022-10-17
1.32,22.81,0.0,1.5898637208767934,2022-10-18
1.91,21.72,0.0,1.488211471817328,2022-10-19
3.04,14.8,0.0,0.8525527663613426,2022-10-20
0.46,10.85,0.0,0.6294327551887345,2022-10-21
-3.88,9.51,5.0,0.6235282534399078,2022-10-22
-1.2,2.49,11.38,0.1845023435230359,2022-10-23
-3.16,0.76,0.0,0.1912603551696318,2022-10-24
-4.07,2.68,0.0,0.3208899408653667,2022-10-25
-4.77,5.45,0.0,0.4792302956743811,2022-10-26
-1.11,9.2,0.0,0.5556190710360759,2022-10-27
-0.45,9.53,0.0,0.5497112549117451,2022-10-28
-1.48,12.79,0.0,0.771726911119282,2022-10-29
-0.78,14.37,0.0,0.9104974498225376,2022-10-30
-1.18,8.57,0.0,0.5166280268276878,2022-10-31
-0.45,9.42,0.0,0.5354048078667107,2022-11-01
-3.02,0.52,0.0,0.1703199097617019,2022-11-02
-8.37,-3.45,0.0,0.187074902905348,2022-11-03
-9.39,3.9,2.44,0.4865997139562731,2022-11-04
-5.51,3.07,13.05,0.3641886712556705,2022-11-05
-12.36,-7.41,0.0,0.1556813431270189,2022-11-06
-14.53,-7.35,7.16,0.194133656303629,2022-11-07
-18.58,-8.27,0.0,0.2408038957141756,2022-11-08
-24.52,-15.61,0.0,0.1405371815142124,2022-11-09
-23.69,-14.6,0.0,0.1511765200812142,2022-11-10
-21.75,-10.84,0.0,0.2087423379368084,2022-11-11
-21.51,-10.03,1.56,0.2234163007598527,2022-11-12
-13.77,-5.33,0.0,0.2513748486125978,2022-11-13
-11.55,-4.77,0.87,0.2235541359843266,2022-11-14
-9.0,-3.44,0.0,0.2067406038667814,2022-11-15
-10.41,-3.09,0.0,0.2568215378979079,2022-11-16
-16.82,-10.4,0.0,0.1580267620629481,2022-11-17
-17.27,-7.67,0.0,0.2361563908276013,2022-11-18
-12.52,-3.86,0.0,0.2746140229431752,2022-11-19
-11.36,0.79,0.0,0.4103363362019441,2022-11-20
-11.03,1.29,1.27,0.4214955334381369,2022-11-21
-6.18,2.84,0.0,0.3814532393079617,2022-11-22
-4.68,2.25,0.0,0.3101312666088079,2022-11-23
-6.55,4.56,0.0,0.4588769388143588,2022-11-24
-0.07,6.65,0.0,0.357466317829178,2022-11-25
-3.75,2.34,0.0,0.2798915753004928,2022-11-26
-4.55,2.35,3.76,0.2924722527450037,2022-11-27
-12.2,-6.0,5.93,0.1816303411057681,2022-11-28
-16.83,-11.7,0.0,0.1205865673129377,2022-11-29
-20.75,-14.0,2.65,0.1204037195201085,2022-11-30
-23.29,-15.86,0.7,0.1183446229349126,2022-12-01
-29.45,-21.71,0.0,0.1,2022-12-02
-25.08,-11.03,0.0,0.2103384339808729,2022-12-03
-15.79,-3.24,0.0,0.324594698635568,2022-12-04
-23.95,-14.41,0.82,0.1465283060225092,2022-12-05
-33.22,-22.18,0.0,0.1,2022-12-06
-34.59,-8.31,0.0,0.2388047929805093,2022-12-07
-14.75,-4.86,0.0,0.2632701547848282,2022-12-08
-10.64,-2.34,0.0,0.2707595981296224,2022-12-09
-16.69,-6.07,0.0,0.2545464712795642,2022-12-10
-10.49,-4.3,1.32,0.2008662580671473,2022-12-11
-12.86,-8.31,2.76,0.1232572786430723,2022-12-12
-16.86,-11.81,0.0,0.1140935884775989,2022-12-13
-18.93,-8.52,0.47,0.2181314767597559,2022-12-14
-16.82,-11.2,0.0,0.1276819474947081,2022-12-15
-20.02,-12.97,0.8,0.1335463284337747,2022-12-16
-20.83,-14.92,1.3,0.1047905278920689,2022-12-17
-25.92,-20.52,1.04,0.1,2022-12-18
-31.52,-23.24,2.14,0.1,2022-12-19
-35.65,-29.48,2.01,0.1,2022-12-20
-34.13,-28.35,0.89,0.1,2022-12-21
-32.81,-26.89,0.0,0.1,2022-12-22
-35.77,-20.08,0.0,0.1091726384809735,2022-12-23
-23.05,-10.62,2.42,0.1982761024775665,2022-12-24
-17.24,-8.22,0.0,0.2067531870106157,2022-12-25
-15.35,0.94,0.0,0.4330793836596931,2022-12-26
-9.87,-2.75,7.72,0.2302834707061371,2022-12-27
-16.57,-8.19,1.92,0.1987841369774291,2022-12-28
-14.9,-9.84,0.0,0.1279538009588174,2022-12-29
-16.12,-7.64,0.0,0.2069858328233062,2022-12-30
-17.59,-9.74,0.0,0.1752334048381556,2022-12-31
-17.37,-5.98,0.0,0.2614870412610628,2023-01-01
-14.09,-4.42,0.0,0.2641807889493742,2023-01-02
-14.56,-5.47,0.0,0.2419834440644075,2023-01-03
-17.12,-9.03,0.0,0.185093230686915,2023-01-04
-17.16,-10.23,0.0,0.1571242851337519,2023-01-05
-16.75,-4.47,0.0,0.295798866726993,2023-01-06
-11.76,-3.07,0.0,0.2694142494719715,2023-01-07
-13.56,-4.46,0.0,0.2580628202434682,2023-01-08
-13.22,-3.72,0.0,0.2751984984838722,2023-01-09
-15.44,-9.4,0.0,0.1517516853230623,2023-01-10
-15.61,-9.62,0.0,0.1496341359761081,2023-01-11
-13.63,-6.21,0.0,0.2100899894682505,2023-01-12
-11.29,-1.62,0.0,0.3129746138355108,2023-01-13
-11.27,-3.58,0.0,0.2485029985940939,2023-01-14
-10.12,-6.84,0.0,0.109413452215277,2023-01-15
-9.06,-7.5,0.0,0.1,2023-01-16
-10.13,-6.57,0.0,0.1200363912783182,2023-01-17
-8.92,-3.1,0.0,0.2128827225203592,2023-01-18
-10.1,-4.85,0.0,0.1809806034051672,2023-01-19
-13.87,-4.59,0.0,0.2689214365500965,2023-01-20
-11.86,-0.31,0.0,0.3766830054879286,2023-01-21
-6.54,0.99,0.0,0.3142949455267218,2023-01-22
-12.93,-1.79,0.0,0.3591252000010025,2023-01-23
-9.46,-1.92,0.0,0.2772750923919778,2023-01-24
-7.92,-0.65,1.43,0.3146669087147054,2023-01-25
-9.45,3.33,0.99,0.6034109311906423,2023-01-26
-18.79,-4.8,0.0,0.3505278844537153,2023-01-27
-24.2,-18.31,0.0,0.1,2023-01-28
-25.77,-20.05,0.0,0.1,2023-01-29
-25.44,-17.26,0.0,0.1236751121323848,2023-01-30
-22.8,-12.36,0.0,0.1930695924942597,2023-01-31
-22.7,-11.23,2.87,0.2031523490152673,2023-02-01
-27.32,-17.13,0.0,0.1399653592936831,2023-02-02
-19.44,-1.28,0.0,0.4963592956720273,2023-02-03
-6.94,0.57,0.0,0.437566797424965,2023-02-04
-11.01,1.27,0.0,0.6034327823451845,2023-02-05
-4.48,0.23,0.0,0.2488016916613993,2023-02-06
-4.32,3.04,0.0,0.5536536472920986,2023-02-07
-9.1,-0.4,1.92,0.4975046445459937,2023-02-08
-13.36,-2.43,0.0,0.4794102832386245,2023-02-09
-9.03,4.48,0.0,0.8052768380381738,2023-02-10
-6.67,1.17,0.0,0.5419834835774201,2023-02-11
-7.81,1.6,0.0,0.6320393350511572,2023-02-12
-3.68,3.48,0.0,0.6194078950712864,2023-02-13
-16.74,-5.31,0.0,0.4146593634599314,2023-02-14
-16.77,-9.33,0.0,0.2288917137947234,2023-02-15
-18.46,-1.55,0.0,0.5678690009226851,2023-02-16
-8.78,-0.32,0.0,0.5441872124976053,2023-02-17
-12.56,-3.81,0.0,0.4307702189871309,2023-02-18
-12.59,-5.85,1.27,0.3009984973116575,2023-02-19
-20.32,-10.87,0.0,0.2563970385793324,2023-02-20
-26.53,-17.8,0.0,0.138260709635714,2023-02-21
-30.31,-25.6,0.0,0.1,2023-02-22
-29.64,-21.97,0.0,0.1,2023-02-23
-30.96,-20.14,0.0,0.1298053985059261,2023-02-24
-27.56,-11.96,0.0,0.2789978010745713,2023-02-25
-17.88,-2.29,0.0,0.6119994459025093,2023-02-26
-16.02,-5.78,0.0,0.4578988477917312,2023-02-27
-20.47,-10.94,0.0,0.2880843636689233,2023-02-28
-19.34,-7.37,0.0,0.4269789011694009,2023-03-01
-12.54,1.09,0.0,0.813743340977473,2023-03-02
-10.55,-0.62,0.0,0.7022607562258018,2023-03-03
-15.24,-5.13,0.0,0.510561081870447,2023-03-04
-20.56,-12.01,0.0,0.2677477927749963,2023-03-05
-25.28,-13.4,0.0,0.2706090112198073,2023-03-06
-18.05,-13.19,0.0,0.1432135989165976,2023-03-07
-20.01,-14.3,1.12,0.1551178195095202,2023-03-08
-18.95,-11.35,0.0,0.2826696670732537,2023-03-09
-14.31,-7.58,4.5,0.2828434826728558,2023-03-10
-12.38,-7.35,3.91,0.2106009894188842,2023-03-11
-19.18,-9.37,0.0,0.4109259912876631,2023-03-12
-17.03,-3.0,0.0,0.6982215952187754,2023-03-13
-11.14,0.61,1.24,0.9111463819527832,2023-03-14
-14.55,-3.75,2.68,0.5554760691974507,2023-03-15
-13.98,-4.95,0.0,0.5705911281531213,2023-03-16
-20.5,-8.04,0.0,0.4794820661433449,2023-03-17
-19.16,-0.99,0.0,0.7635074624164662,2023-03-18
-14.79,-2.98,0.0,0.7172522065705814,2023-03-19
-14.07,-7.49,0.0,0.4014806314174828,2023-03-20
-15.34,-6.83,0.0,0.5023506045266687,2023-03-21
-15.95,-6.74,0.0,0.5287150956989154,2023-03-22
-15.18,2.47,0.0,0.9814773660841498,2023-03-23
-14.49,-4.01,0.0,0.6795245660869028,2023-03-24
-18.98,-4.12,0.0,0.6797763744515808,2023-03-25
-14.0,-6.42,0.0,0.5038600529267588,2023-03-26
-19.24,-8.38,0.0,0.5017220507300174,2023-03-27
-21.49,-6.56,0.0,0.5830091446127246,2023-03-28
-18.42,-1.35,0.0,0.8207345765725665,2023-03-29
-13.07,-1.96,0.0,0.8335450303347288,2023-03-30
-14.94,-0.26,0.0,0.9147443190030796,2023-03-31
-8.12,3.27,0.0,1.132372233228465,2023-04-01
-8.51,-2.84,3.16,0.4549431072285153,2023-04-02
-13.77,-8.33,1.63,0.3402326731641167,2023-04-03
-19.46,-7.41,0.0,0.5527052035291717,2023-04-04
-23.27,-6.62,0.0,0.5720324281842439,2023-04-05
-21.11,-4.58,0.0,0.6694747037623067,2023-04-06
-12.65,1.28,0.0,1.0262234040312963,2023-04-07
-3.3,6.43,0.0,1.321037340067667,2023-04-08
0.72,8.4,0.0,1.3587516214822273,2023-04-09
2.7,9.39,0.0,1.3277280140657155,2023-04-10
0.76,11.31,0.0,1.6259761590858977,2023-04-11
-0.07,8.06,0.0,1.401493329563905,2023-04-12
-1.78,6.1,1.1,1.2629361821825162,2023-04-13
-1.33,8.03,0.0,1.4357408486637608,2023-04-14
-1.99,11.52,0.0,1.6806152898912772,2023-04-15
-0.71,14.85,0.0,1.895895701543581,2023-04-16
2.42,16.06,0.0,1.9887286107879725,2023-04-17
0.14,6.64,5.14,0.8600444910914166,2023-04-18
-4.31,-0.6,8.6,0.2353928088315521,2023-04-19
-5.85,-1.44,1.8,0.3314295337177017,2023-04-20
-5.45,1.39,0.0,0.674151420989886,2023-04-21
-5.34,6.25,0.0,1.2217887865442718,2023-04-22
-4.97,8.58,0.0,1.420695129537117,2023-04-23
-1.84,10.8,0.0,1.5840009047724355,2023-04-24
1.84,16.86,1.73,2.030672943858428,2023-04-25
0.92,14.7,0.0,1.8930853257741096,2023-04-26
2.29,10.46,0.0,1.3560125456435212,2023-04-27
-0.67,18.64,0.0,2.122928380919592,2023-04-28
-1.16,15.89,0.0,1.9667701433372984,2023-04-29
-2.1,15.79,0.0,1.9517713287054737,2023-04-30
-0.05,20.05,0.0,2.2217959170777104,2023-05-01
3.21,25.33,0.0,2.56571162835613,2023-05-02
5.49,26.43,0.0,2.6596275457317096,2023-05-03
6.35,26.33,0.0,2.6645837622383532,2023-05-04
4.94,19.07,0.0,2.1881090458958647,2023-05-05
4.5,16.27,0.0,1.9859564100157117,2023-05-06
6.97,17.41,0.0,2.031704824039229,2023-05-07
7.16,18.46,0.0,2.122087276763867,2023-05-08
3.54,19.95,0.0,2.2733639787871693,2023-05-09
7.5,20.3,0.0,2.2632177935902167,2023-05-10
5.76,19.82,0.0,2.2537347594562065,2023-05-11
8.31,17.44,0.0,1.9794169018512655,2023-05-12
4.65,22.86,0.0,2.4751587567281144,2023-05-13
5.37,24.92,0.0,2.610827084221966,2023-05-14
9.19,26.63,0.0,2.7253173663906938,2023-05-15
9.81,30.12,0.0,2.9611698245285876,2023-05-16
5.25,17.99,0.0,2.1106358791806445,2023-05-17
3.83,15.18,0.0,1.9029187672722052,2023-05-18
1.4,25.25,0.0,2.593314000054584,2023-05-19
11.54,24.71,0.0,2.5113302312963444,2023-05-20
7.04,24.83,0.0,2.5965614067836764,2023-05-21
11.94,30.61,4.35,2.720628231349316,2023-05-22
10.76,24.81,0.0,2.534489958866882,2023-05-23
10.4,21.77,10.14,1.930033597747576,2023-05-24
11.98,15.03,3.28,0.3328503161572712,2023-05-25
9.89,19.26,0.0,1.757254283614477,2023-05-26
8.08,15.92,8.65,1.038669309981845,2023-05-27
12.56,19.73,1.85,1.3295509780864798,2023-05-28
10.32,26.62,0.0,2.718338209215284,2023-05-29
10.97,27.76,2.44,2.349375400978293,2023-05-30
11.65,29.42,0.0,2.946857957650818,2023-05-31
13.92,25.02,0.0,2.218348730733772,2023-06-01
12.56,22.25,0.0,1.9123904674425627,2023-06-02
15.9,24.85,3.97,1.5122070034534123,2023-06-03
14.84,28.99,0.0,2.7756527981791033,2023-06-04
16.96,31.6,0.0,2.9650219980656725,2023-06-05
15.79,25.99,0.0,2.1661574310255456,2023-06-06
12.78,27.77,0.0,2.7669679741214654,2023-06-07
13.18,28.72,0.0,2.866748177151491,2023-06-08
11.8,24.76,0.0,2.492693087688538,2023-06-09
10.21,23.3,0.0,2.4604134840541323,2023-06-10
10.08,27.43,0.0,2.862643566024075,2023-06-11
11.74,29.36,0.0,2.991224519260374,2023-06-12
12.64,30.21,0.0,3.0462256159972685,2023-06-13
12.81,28.09,7.29,2.4860347404692966,2023-06-14
8.14,16.63,0.0,1.531596483339053,2023-06-15
5.86,24.32,0.0,2.6711766741973357,2023-06-16
11.96,20.05,0.0,1.6442882448371854,2023-06-17
8.02,23.08,18.53,2.1050323773830266,2023-06-18
8.19,21.2,0.0,2.1124742774189076,2023-06-19
6.9,21.81,0.0,2.2722942067176595,2023-06-20
7.07,20.13,0.0,2.0656445969703183,2023-06-21
7.87,23.31,0.0,2.4091464580591446,2023-06-22
8.11,25.26,0.0,2.5982059624800287,2023-06-23
8.91,25.61,0.0,2.5858497706736476,2023-06-24
10.51,28.43,0.0,2.8085325345759524,2023-06-25
10.94,25.34,0.0,2.415542352841923,2023-06-26
10.76,28.07,0.0,2.731532839917465,2023-06-27
11.15,25.48,0.0,2.3989469618766193,2023-06-28
9.6,27.51,0.0,2.714337553922302,2023-06-29
14.28,29.77,0.0,2.7387832124843765,2023-06-30
13.64,32.33,0.0,3.045479925933026,2023-07-01
12.25,22.5,0.0,1.8113576795384727,2023-07-02
9.37,21.75,0.0,2.0222465139472083,2023-07-03
7.36,18.85,0.0,1.7688535392542566,2023-07-04
6.79,23.86,0.0,2.4408526232581815,2023-07-05
8.61,26.33,0.0,2.6245747571299707,2023-07-06
8.04,24.91,0.0,2.4872786135892033,2023-07-07
9.08,28.29,0.0,2.7905811295666867,2023-07-08
11.48,30.3,0.0,2.904999018182387,2023-07-09
11.11,23.72,0.0,2.094855140307307,2023-07-10
9.48,21.09,0.0,1.852875435352911,2023-07-11
9.24,24.36,0.0,2.3395941720502984,2023-07-12
11.66,25.56,0.0,2.343499104517052,2023-07-13
10.49,22.85,0.0,2.0475639206586,2023-07-14
8.06,24.2,0.0,2.378384623629067,2023-07-15
8.4,23.61,0.0,2.290329477610371,2023-07-16
9.56,26.56,7.93,2.108055498248422,2023-07-17
10.89,19.43,3.95,1.00446114035945,2023-07-18
13.03,23.79,0.0,1.8969325325182496,2023-07-19
10.45,26.99,0.0,2.5934122454474795,2023-07-20
11.3,29.34,0.0,2.7961285044071116,2023-07-21
11.66,29.9,0.0,2.828049003065621,2023-07-22
14.58,30.46,0.0,2.733707630612231,2023-07-23
15.9,35.02,0.0,3.158035092547259,2023-07-24
18.49,33.24,0.0,2.7952018834041708,2023-07-25
11.65,27.07,0.0,2.4963330562621753,2023-07-26
9.07,22.29,0.0,2.0446634661492205,2023-07-27
7.61,20.71,0.0,1.9333445771873243,2023-07-28
5.93,23.6,0.0,2.345993558940018,2023-07-29
9.75,29.54,0.0,2.7994006623647167,2023-07-30
15.63,32.73,0.0,2.8874646452827637,2023-07-31
12.78,32.19,0.0,2.9328827841251965,2023-08-01
12.95,30.37,0.0,2.721693294021462,2023-08-02
14.45,36.73,0.0,3.2424909547900524,2023-08-03
13.89,27.82,0.0,2.298261865707297,2023-08-04
10.19,27.56,0.0,2.500981425208547,2023-08-05
9.01,26.21,0.0,2.3967576488292055,2023-08-06
9.19,28.48,0.0,2.607046835138134,2023-08-07
10.36,23.94,0.0,2.0249339387922225,2023-08-08
11.29,20.25,12.73,1.0051442741073309,2023-08-09
11.96,24.49,6.14,1.438343536566152,2023-08-10
11.39,22.69,0.0,1.538928534887689,2023-08-11
9.82,22.05,3.33,1.2735196023245092,2023-08-12
9.7,25.88,0.0,2.0613509848921567,2023-08-13
12.73,33.26,0.0,2.6423265987538613,2023-08-14
14.46,30.33,0.0,2.2189970153450496,2023-08-15
11.9,23.63,0.0,1.543228454959779,2023-08-16
8.81,31.74,0.0,2.5787984383640072,2023-08-17
13.88,25.56,0.0,1.5581754872584126,2023-08-18
7.86,20.3,0.0,1.428623642250453,2023-08-19
4.75,21.02,2.39,1.4110365812172836,2023-08-20
11.66,18.33,23.99,0.638895471824466,2023-08-21
13.06,18.46,12.45,0.5371222545582033,2023-08-22
13.84,24.35,0.0,1.2264260993862728,2023-08-23
10.73,22.84,0.0,1.3779294788809178,2023-08-24
10.16,21.0,0.0,1.1786728695171995,2023-08-25
9.86,29.41,0.0,2.179856520231313,2023-08-26
11.65,27.86,0.0,1.9278947037902352,2023-08-27
10.99,30.02,0.0,2.1636941275839656,2023-08-28
12.48,31.58,0.0,2.239070112137425,2023-08-29
15.04,27.01,0.0,1.494653736084336,2023-08-30
11.65,21.65,4.31,0.9322721618065428,2023-08-31
13.06,27.45,0.0,1.7137518405458674,2023-09-01
13.46,28.22,0.0,1.7959709923971845,2023-09-02
8.53,30.65,0.0,2.2357960163186927,2023-09-03
10.0,20.76,0.0,1.1343974261889669,2023-09-04
2.16,16.65,0.0,1.2500720431850796,2023-09-05
8.93,23.53,0.0,1.5505577363691752,2023-09-06
8.23,21.52,0.0,1.3643476276292748,2023-09-07
3.88,22.16,0.0,1.628284141112815,2023-09-08
7.08,22.78,0.0,1.5277491239262206,2023-09-09
6.54,24.05,0.0,1.6532613929662143,2023-09-10
6.36,22.08,0.0,1.4614481939897412,2023-09-11
8.7,28.11,0.0,1.8770808129089172,2023-09-12
11.19,22.48,0.91,1.153154327768522,2023-09-13
6.97,20.23,0.0,1.235016850526154,2023-09-14
4.28,21.85,0.0,1.5140917042942466,2023-09-15
7.02,29.55,0.0,2.012507812020454,2023-09-16
7.13,31.05,0.0,2.2073591431012782,2023-09-17
9.12,27.13,0.0,1.8269307824436856,2023-09-18
6.4,18.57,1.35,1.1083518141775173,2023-09-19
5.58,19.78,0.0,1.2642727276814532,2023-09-20
2.93,20.68,0.0,1.445064889593752,2023-09-21
4.19,21.52,0.0,1.448076787673664,2023-09-22
10.36,18.93,0.0,0.7563544091898892,2023-09-23
10.64,23.98,0.0,1.274744906089876,2023-09-24
6.72,26.18,0.0,1.695825055290197,2023-09-25
12.02,29.95,0.0,1.7585164443759322,2023-09-26
10.01,23.62,2.57,1.0567582213715196,2023-09-27
5.52,18.99,0.0,1.0561676394388824,2023-09-28
2.57,18.04,2.67,0.9847463486938344,2023-09-29
2.87,9.37,16.26,0.4162666141932378,2023-09-30
6.95,8.93,5.43,0.151062509974196,2023-10-01
6.28,13.77,2.71,0.5318477261347542,2023-10-02
5.4,15.53,0.0,0.7613983193104599,2023-10-03
3.18,14.17,1.53,0.7695990934445345,2023-10-04
-1.27,7.98,0.0,0.5566040355737305,2023-10-05
-5.72,11.2,0.0,0.8599882371603953,2023-10-06
4.75,21.24,0.0,1.1617260691841982,2023-10-07
3.26,22.52,0.0,1.2798279976765226,2023-10-08
4.53,22.18,0.0,1.2151194321516643,2023-10-09
3.83,20.96,0.0,1.155675847686748,2023-10-10
3.7,15.9,0.0,0.8321118343209843,2023-10-11
1.15,9.39,0.0,0.5187823444466717,2023-10-12
-3.17,11.45,0.0,0.78889985334378,2023-10-13
-0.63,11.73,0.0,0.7257852705364662,2023-10-14
0.17,15.26,0.0,0.902072135065436,2023-10-15
1.71,18.74,0.0,1.055212816690066,2023-10-16
8.11,18.72,0.0,0.8000672254111355,2023-10-17
3.47,15.13,0.0,0.7716338675072958,2023-10-18
4.74,21.84,0.0,1.1359120993120035,2023-10-19
3.85,14.29,0.0,0.693238618590261,2023-10-20
-2.86,10.95,0.0,0.7291958543180469,2023-10-21
1.56,9.14,0.0,0.4660349601956847,2023-10-22
-3.61,1.2,6.55,0.2243622005318147,2023-10-23
-11.48,-4.26,0.0,0.2528122611129044,2023-10-24
-15.66,-5.54,0.0,0.2897462577317283,2023-10-25
-13.5,-5.11,0.0,0.2665152935147427,2023-10-26
-9.01,-3.68,0.7,0.213379179183706,2023-10-27
-10.29,-3.37,0.48,0.262685662373177,2023-10-28
-8.55,-1.07,0.0,0.3102613369861144,2023-10-29
-13.5,-4.3,0.0,0.2978218512790703,2023-10-30
-13.07,2.13,0.0,0.5113682322109968,2023-10-31
-8.67,0.3,0.0,0.3625194964483731,2023-11-01
-6.0,3.87,0.0,0.4487707270724667,2023-11-02
-6.16,1.0,0.0,0.3182917965115667,2023-11-03
-5.48,4.3,0.99,0.4502238075831036,2023-11-04
-0.55,3.38,1.67,0.2117865033920911,2023-11-05
-0.02,3.04,0.4,0.1684852476404947,2023-11-06
-0.23,2.84,7.12,0.1592084162953412,2023-11-07
-1.94,3.78,0.0,0.2957085014868576,2023-11-08
-6.03,0.88,0.0,0.3019622812640566,2023-11-09
-7.1,2.41,0.0,0.397033964232838,2023-11-10
-3.52,7.76,0.0,0.5421497384509051,2023-11-11
-2.47,8.2,0.0,0.5325300360467942,2023-11-12
-2.99,9.43,0.0,0.6018394375956285,2023-11-13
-2.61,7.33,0.0,0.4905534896526033,2023-11-14
-4.81,6.35,0.0,0.5028471804125378,2023-11-15
-9.97,2.48,0.0,0.4462808722536502,2023-11-16
-3.1,10.95,0.0,0.6661160897186998,2023-11-17
-2.69,14.0,0.0,0.7946581029287687,2023-11-18
-0.66,12.13,0.0,0.6580166936952058,2023-11-19
-4.32,4.7,0.0,0.4074233707594329,2023-11-20
-9.32,9.05,0.0,0.6707182140343866,2023-11-21
-8.31,0.02,0.0,0.3111062813969107,2023-11-22
-15.95,-6.43,0.0,0.240746026152464,2023-11-23
-12.17,-0.01,0.0,0.3796578591158883,2023-11-24
-8.1,0.1,0.0,0.3060604404069243,2023-11-25
-14.55,-4.24,0.0,0.280075334766851,2023-11-26
-8.81,0.84,0.0,0.3469515752335435,2023-11-27
-4.58,4.98,0.0,0.412114508758564,2023-11-28
-5.96,2.38,0.0,0.3374356432824265,2023-11-29
-10.51,-1.54,0.0,0.2941470405241046,2023-11-30
-14.65,-1.06,0.0,0.3690162080806361,2023-12-01
-11.42,0.66,0.0,0.3825401049847423,2023-12-02
-13.13,1.11,3.17,0.4086437742540444,2023-12-03
-7.45,0.92,0.0,0.3179031805175715,2023-12-04
-8.24,7.97,0.0,0.6040753840162614,2023-12-05
-3.28,8.06,0.0,0.5114172667379303,2023-12-06
-0.85,3.19,0.55,0.1937111699543227,2023-12-07
-6.78,-0.23,0.0,0.2466894479013298,2023-12-08
-9.28,-0.66,0.0,0.2922731141235411,2023-12-09
-7.46,0.94,0.0,0.3093911697081007,2023-12-10
-11.56,-2.42,0.0,0.2773729747375053,2023-12-11
-13.27,1.01,0.0,0.4097731021782107,2023-12-12
-6.2,8.42,0.0,0.5771256873425191,2023-12-13
-3.76,6.13,0.0,0.4265260060654787,2023-12-14
-5.14,4.25,0.0,0.3818828653684944,2023-12-15
-3.3,4.14,0.0,0.3243528926210377,2023-12-16
-9.52,0.28,0.0,0.3288726846322609,2023-12-17
-10.32,3.35,0.0,0.4499813709919216,2023-12-18
-3.76,-0.81,0.0,0.1246540776103144,2023-12-19
-4.72,7.38,0.0,0.5046232027889169,2023-12-20
-5.92,4.25,0.0,0.4029228732480192,2023-12-21
-5.11,9.8,0.0,0.6146221140175232,2023-12-22
-6.02,1.77,0.0,0.304764131455289,2023-12-23
-12.41,0.55,0.0,0.3851240353347298,2023-12-24
-10.25,5.39,0.0,0.5205129137765512,2023-12-25
-9.4,7.46,0.0,0.5855317116854576,2023-12-26
-8.01,6.54,0.0,0.5324055186560755,2023-12-27
-8.05,9.91,0.0,0.6622851955666339,2023-12-28
-8.41,4.37,0.0,0.4569585915364569,2023-12-29
-12.92,0.89,0.0,0.4012997738009029,2023-12-30
-8.67,3.77,0.0,0.4400057560893435,2023-12-31
