MinTemp,MaxTemp,Precipitation,ReferenceET,Date
-31.14,-13.23,0.0,0.1817028351192186,2018-01-01
-21.19,-4.98,0.0,0.3096800512627971,2018-01-02
-14.15,-2.36,0.0,0.3228126219414374,2018-01-03
-13.69,-5.66,0.0,0.2186418582695288,2018-01-04
-13.99,-6.59,0.0,0.1975849302446436,2018-01-05
-12.42,0.95,0.0,0.4054690175120968,2018-01-06
-8.52,1.0,0.0,0.3416557734612314,2018-01-07
-9.73,-2.18,0.0,0.2532386165609543,2018-01-08
-11.53,-0.46,0.0,0.3484100591147089,2018-01-09
-24.1,-17.06,0.4,0.1012628623296664,2018-01-10
-29.29,-21.85,0.0,0.1,2018-01-11
-31.29,-20.44,0.0,0.1,2018-01-12
-27.4,-8.42,0.0,0.2580830998902156,2018-01-13
-22.65,-10.28,0.0,0.2126220785415156,2018-01-14
-29.28,-15.38,0.0,0.1560695665648838,2018-01-15
-20.92,-0.65,0.0,0.4198607211519602,2018-01-16
-9.3,3.82,0.46,0.4735091356624682,2018-01-17
-7.45,7.71,0.0,0.5982162803010426,2018-01-18
-4.98,4.05,0.0,0.3906694782241618,2018-01-19
-8.08,0.87,0.0,0.3395010363515688,2018-01-20
-11.96,-1.4,0.0,0.3364027735492033,2018-01-21
-10.94,3.29,0.0,0.4859616156735613,2018-01-22
-10.84,-0.07,0.0,0.3662286672940619,2018-01-23
-10.71,-3.02,0.0,0.2591623209419268,2018-01-24
-9.66,-1.74,0.0,0.2826305872935986,2018-01-25
-12.73,-7.47,0.74,0.1570682359736653,2018-01-26
-20.08,-13.42,0.0,0.1317488777243145,2018-01-27
-22.26,-14.35,0.57,0.1389542526000307,2018-01-28
-23.04,-2.82,0.0,0.3858496214230941,2018-01-29
-12.32,2.41,0.0,0.4935196420678455,2018-01-30
-23.47,-14.31,0.0,0.1539943804947577,2018-01-31
-26.73,-15.39,0.0,0.158063781960484,2018-02-01
-22.1,-17.72,3.59,0.1,2018-02-02
-27.36,-20.57,1.32,0.1,2018-02-03
-28.67,-16.63,0.0,0.1502956563276738,2018-02-04
-26.48,-15.51,0.0,0.1587549002447695,2018-02-05
-27.79,-17.52,0.0,0.1349306819344519,2018-02-06
-27.71,-14.2,0.0,0.1863547771479146,2018-02-07
-26.69,-17.12,0.0,0.1360490221978055,2018-02-08
-28.52,-16.31,0.0,0.1582180028902086,2018-02-09
-21.02,-9.67,0.0,0.2419411512527033,2018-02-10
-27.72,-16.12,0.0,0.1594252989078631,2018-02-11
-32.15,-12.5,0.0,0.2178798923176742,2018-02-12
-18.78,1.98,0.0,0.6472989370750373,2018-02-13
-14.46,1.09,2.2,0.5441150523590935,2018-02-14
-28.16,-13.16,0.0,0.2122261333164204,2018-02-15
-21.16,-4.48,0.0,0.4251769713930273,2018-02-16
-19.14,-10.64,0.0,0.2058810273244531,2018-02-17
-22.74,-12.72,0.0,0.1975622993929076,2018-02-18
-27.63,-13.75,0.0,0.2061801451928418,2018-02-19
-23.76,-12.06,0.0,0.2250871822670081,2018-02-20
-29.82,-10.32,0.0,0.2799379827171384,2018-02-21
-24.63,-8.58,0.0,0.3330318548621743,2018-02-22
-19.77,-6.62,0.0,0.3833700986649416,2018-02-23
-16.35,-1.52,0.0,0.5804836720108798,2018-02-24
-16.72,-1.42,0.0,0.5889367631154518,2018-02-25
-14.97,-4.53,0.0,0.4200502862002053,2018-02-26
-14.8,-1.9,0.0,0.5643818825646993,2018-02-27
-13.52,0.64,0.0,0.6989543510352219,2018-02-28
-17.65,-2.48,0.0,0.5710332195517317,2018-03-01
-13.86,-4.46,0.0,0.4513724566758646,2018-03-02
-8.19,-4.41,4.33,0.1570607988615607,2018-03-03
-10.93,-5.39,8.11,0.2046295702083693,2018-03-04
-14.48,-8.68,1.98,0.1953089772992203,2018-03-05
-17.51,-7.31,0.0,0.3278716597905363,2018-03-06
-23.57,-6.62,0.0,0.409708417028958,2018-03-07
-23.98,-7.87,0.0,0.3741442626968686,2018-03-08
-13.07,-1.6,0.0,0.5594194880138725,2018-03-09
-12.3,-1.04,0.0,0.5838665907713781,2018-03-10
-13.84,2.72,0.0,0.8226574060448246,2018-03-11
-15.47,-0.73,0.0,0.6568615780552859,2018-03-12
-15.5,2.3,0.0,0.8096999622750105,2018-03-13
-15.38,-1.16,0.0,0.6480719233499445,2018-03-14
-10.9,-3.16,0.0,0.4160907738537639,2018-03-15
-7.34,1.9,0.0,0.7051070730441573,2018-03-16
-3.96,0.08,2.46,0.2237470867749986,2018-03-17
-6.23,1.18,0.94,0.5797232032411364,2018-03-18
-8.91,-0.52,0.0,0.5700178092496732,2018-03-19
-8.24,1.78,0.0,0.7544371757957877,2018-03-20
-10.77,2.5,0.0,0.8775829580340425,2018-03-21
-8.99,0.61,0.0,0.702063389271653,2018-03-22
-4.87,0.46,3.84,0.3020590047702206,2018-03-23
-9.28,3.07,0.0,0.9258891297258572,2018-03-24
-6.25,1.69,0.0,0.7210188369199975,2018-03-25
-7.52,4.27,0.0,1.0284164800803173,2018-03-26
-9.75,3.21,0.0,0.991607380257066,2018-03-27
-14.24,-2.28,0.38,0.697258548822,2018-03-28
-19.26,-7.7,0.51,0.4634454892817151,2018-03-29
-22.61,-12.19,0.0,0.3151178978173889,2018-03-30
-21.95,-9.71,0.0,0.4168691237105081,2018-03-31
-18.78,-5.35,0.0,0.5971282560660611,2018-04-01
-20.23,-5.02,0.0,0.609632610664431,2018-04-02
-16.99,-3.98,0.0,0.6608016327912756,2018-04-03
-18.1,-2.58,0.0,0.730277072905886,2018-04-04
-18.51,-8.94,0.0,0.413159179037924,2018-04-05
-23.28,-9.02,0.0,0.4594133801983355,2018-04-06
-21.18,-4.99,0.0,0.6252228533643752,2018-04-07
-12.79,-2.66,0.0,0.7135792095172735,2018-04-08
-7.67,0.83,0.0,0.8504447261189318,2018-04-09
-10.25,6.74,0.0,1.3182624785516968,2018-04-10
-3.22,1.44,0.8,0.568970538450859,2018-04-11
-5.42,-0.77,0.0,0.496732195960448,2018-04-12
-5.58,0.91,0.0,0.787513499407404,2018-04-13
-3.33,7.0,0.0,1.4078457043153934,2018-04-14
-3.46,8.48,0.0,1.508404707414693,2018-04-15
-1.25,4.58,2.65,0.7037006486057028,2018-04-16
-2.12,1.46,4.78,0.271705674334282,2018-04-17
-5.18,9.55,0.0,1.5773756212634404,2018-04-18
-1.54,12.0,0.0,1.7498008325403145,2018-04-19
-0.09,17.82,0.0,2.117588183207691,2018-04-20
1.35,19.03,0.0,2.207672011771818,2018-04-21
2.56,13.51,0.0,1.826069090554584,2018-04-22
-0.47,13.32,0.0,1.8410834921362231,2018-04-23
-1.04,20.16,0.0,2.243550421321373,2018-04-24
3.11,17.3,0.0,2.1057065435619124,2018-04-25
-0.52,21.72,0.0,2.3455782556745386,2018-04-26
-0.46,16.13,0.0,2.0218983333738914,2018-04-27
1.7,26.39,0.0,2.5569202491264766,2018-04-28
6.32,20.16,0.0,2.209356156325173,2018-04-29
0.64,11.45,0.0,1.5714266710505018,2018-04-30
-2.81,16.77,0.0,1.9713050393469969,2018-05-01
1.0,18.34,0.0,2.109453977415355,2018-05-02
5.47,21.46,0.0,2.324659339661904,2018-05-03
4.34,23.91,0.0,2.486582466749111,2018-05-04
5.14,24.46,0.0,2.525749504232583,2018-05-05
4.62,27.16,0.0,2.6861021008866635,2018-05-06
11.2,26.4,0.0,2.6305801026775413,2018-05-07
8.33,16.45,6.53,1.4379006585584548,2018-05-08
2.89,13.09,0.0,1.6343400907786352,2018-05-09
2.47,10.42,3.2,0.997395472136369,2018-05-10
4.17,10.1,1.61,0.9311447100830872,2018-05-11
2.59,18.82,0.0,2.17390615347637,2018-05-12
6.44,26.03,0.0,2.660935023859933,2018-05-13
3.63,24.53,0.0,2.549595735197571,2018-05-14
11.22,31.4,0.0,3.0073269637248696,2018-05-15
9.72,27.07,0.0,2.7093870029837785,2018-05-16
7.16,14.24,3.75,0.9537811980713348,2018-05-17
3.65,18.02,0.0,2.0926712472858826,2018-05-18
2.5,21.62,0.0,2.3583999907479467,2018-05-19
2.82,24.85,0.0,2.5717500234201207,2018-05-20
10.56,29.94,0.0,2.9209009882027184,2018-05-21
10.22,26.73,0.0,2.683550754291832,2018-05-22
9.5,29.09,3.84,2.6254713768132443,2018-05-23
11.7,26.5,2.19,2.2717336765861003,2018-05-24
10.52,26.99,0.0,2.708350414386584,2018-05-25
10.09,29.65,2.14,2.6415581109527384,2018-05-26
9.64,25.35,0.0,2.601987070830202,2018-05-27
9.57,30.29,0.0,2.98041817328071,2018-05-28
13.03,26.96,0.0,2.6578626979211495,2018-05-29
10.14,22.73,6.28,1.8560824369495448,2018-05-30
8.5,13.9,0.0,0.7505189740389259,2018-05-31
8.17,13.78,8.96,0.5643224729587404,2018-06-01
6.98,18.2,0.0,1.7850664206425828,2018-06-02
7.5,23.83,0.0,2.5654623495847737,2018-06-03
9.89,27.64,3.45,2.5096049652113694,2018-06-04
9.53,20.89,0.0,2.1048342490408323,2018-06-05
6.64,26.69,0.0,2.790668732529594,2018-06-06
8.53,27.18,0.0,2.815052761852821,2018-06-07
12.74,24.6,0.0,2.3646327484508034,2018-06-08
12.8,30.29,0.0,2.9916425597355425,2018-06-09
13.33,24.17,0.0,2.1879723244083595,2018-06-10
6.28,17.86,0.0,1.879772368047758,2018-06-11
7.23,21.71,0.0,2.3640519999667773,2018-06-12
7.42,25.62,0.0,2.713698635011936,2018-06-13
9.02,23.2,1.31,2.4772877814180876,2018-06-14
8.95,23.42,0.0,2.500528886519377,2018-06-15
7.35,21.13,0.0,2.3122502998567427,2018-06-16
7.85,25.34,0.0,2.691869130911904,2018-06-17
8.76,27.27,0.0,2.830364393217722,2018-06-18
11.0,26.69,0.0,2.758698951873327,2018-06-19
10.44,29.23,0.0,2.966683229399678,2018-06-20
12.23,29.38,0.0,2.9536569143378872,2018-06-21
14.16,28.09,0.0,2.7985993300210525,2018-06-22
12.69,26.64,9.33,2.340317336818435,2018-06-23
15.03,26.0,0.0,2.348256234636296,2018-06-24
14.16,29.49,0.0,2.9332104356747575,2018-06-25
12.25,24.76,0.0,2.461371474462461,2018-06-26
7.13,25.35,0.0,2.7209600705361248,2018-06-27
7.6,24.1,0.0,2.6202807039758125,2018-06-28
10.46,22.97,0.0,2.3507260135321792,2018-06-29
12.06,24.69,5.75,1.994561384353432,2018-06-30
10.93,20.44,5.46,1.3597696736244975,2018-07-01
8.75,22.55,3.8,1.8222914228593956,2018-07-02
6.45,20.64,8.33,1.710228196190706,2018-07-03
10.41,18.96,4.91,1.0267388924885985,2018-07-04
8.11,24.72,0.0,2.389244051596221,2018-07-05
14.21,32.89,0.0,2.993685946355957,2018-07-06
14.11,30.13,0.0,2.6891233081194112,2018-07-07
10.64,24.46,0.0,2.190275652677935,2018-07-08
9.3,27.77,0.0,2.6508429190340608,2018-07-09
13.02,28.86,5.53,2.09605801365215,2018-07-10
14.4,25.31,0.0,1.8433560789559496,2018-07-11
14.33,28.87,0.0,2.417959417807305,2018-07-12
13.73,31.95,0.0,2.827607304281906,2018-07-13
12.17,21.25,0.0,1.4069752432785405,2018-07-14
8.65,25.09,0.0,2.321945449227979,2018-07-15
6.76,26.03,0.0,2.494710139309155,2018-07-16
10.32,33.92,0.0,3.1252030494639036,2018-07-17
15.79,30.91,0.0,2.5998909332265683,2018-07-18
13.94,27.98,0.0,2.3516551624770035,2018-07-19
12.93,29.34,0.0,2.6032473718980262,2018-07-20
15.21,27.0,0.0,2.0609267150303383,2018-07-21
11.14,23.13,0.0,1.8985444823497812,2018-07-22
9.51,23.35,0.0,2.0707007863781546,2018-07-23
8.36,23.22,0.0,2.1190951324160827,2018-07-24
9.11,21.72,0.0,1.859606414461776,2018-07-25
6.78,23.44,0.0,2.208537714524892,2018-07-26
9.5,23.87,0.0,2.1065939771126714,2018-07-27
8.98,26.88,0.0,2.467031198527236,2018-07-28
8.88,29.48,0.0,2.693678791647106,2018-07-29
11.67,32.25,0.0,2.849782816509196,2018-07-30
11.82,24.39,0.0,1.9037020468684929,2018-07-31
7.9,28.08,1.12,2.545265105731108,2018-08-01
14.68,30.75,3.87,2.0200634301764206,2018-08-02
13.26,28.77,2.92,1.850834463908512,2018-08-03
13.23,22.94,2.17,1.0423514229216784,2018-08-04
13.12,23.43,3.05,1.1257615806742276,2018-08-05
10.9,29.4,0.0,2.4146415701806023,2018-08-06
12.7,30.96,0.0,2.5214010253836854,2018-08-07
11.58,29.88,0.0,2.455093414331994,2018-08-08
13.11,33.66,0.0,2.763057602537888,2018-08-09
14.19,38.68,0.0,3.130741888558282,2018-08-10
15.09,34.38,0.0,2.7076055673566306,2018-08-11
12.79,23.06,0.0,1.39830768552756,2018-08-12
8.36,17.14,0.0,0.9877860109889444,2018-08-13
3.89,27.94,0.0,2.4192066915096975,2018-08-14
11.19,28.69,0.0,2.2754524663550075,2018-08-15
9.68,27.83,0.0,2.2884963913310257,2018-08-16
10.22,32.06,0.0,2.636480806128187,2018-08-17
10.66,24.66,0.0,1.8251230092112751,2018-08-18
3.92,23.84,0.0,2.0600764213313583,2018-08-19
5.24,23.21,0.0,1.9448422778230745,2018-08-20
5.44,27.06,0.0,2.2601679123462888,2018-08-21
9.81,30.59,0.0,2.4601314808994035,2018-08-22
8.81,27.93,0.0,2.250373907184001,2018-08-23
8.21,20.41,0.0,1.4085042262224206,2018-08-24
7.43,19.14,0.0,1.3203913382672166,2018-08-25
7.82,17.47,3.19,0.8078307074437746,2018-08-26
7.91,13.37,4.86,0.4594663594100713,2018-08-27
6.49,18.53,0.0,1.2679525367237192,2018-08-28
6.37,26.92,0.0,2.185300322073505,2018-08-29
9.89,22.55,0.99,1.5170870898714846,2018-08-30
7.46,19.99,0.0,1.4617710219205782,2018-08-31
6.73,19.86,0.0,1.4936410155451434,2018-09-01
3.59,20.15,0.0,1.6826475193986246,2018-09-02
4.87,21.64,0.0,1.7855011579403095,2018-09-03
2.75,14.57,0.0,1.1276568391656692,2018-09-04
-0.38,21.65,0.0,1.8615924993544692,2018-09-05
3.31,24.27,0.0,2.003678203247615,2018-09-06
6.99,24.45,0.0,1.9058057981270493,2018-09-07
11.14,27.12,0.0,1.957085956660667,2018-09-08
8.09,21.88,0.0,1.55986817697122,2018-09-09
3.53,21.42,0.0,1.7223051413439958,2018-09-10
6.2,16.97,0.0,1.0752860665348445,2018-09-11
4.55,14.31,4.15,0.7114308177474122,2018-09-12
3.92,11.53,0.0,0.6015622700379725,2018-09-13
1.96,8.76,0.0,0.5041601415519349,2018-09-14
5.18,11.61,3.98,0.478979194265845,2018-09-15
6.33,9.48,7.69,0.247716926188372,2018-09-16
3.59,12.05,0.39,0.6690563280161776,2018-09-17
4.11,11.3,0.0,0.5796368523421072,2018-09-18
2.27,14.75,0.0,1.0209378987919235,2018-09-19
3.25,11.43,0.0,0.6443639576689321,2018-09-20
0.76,7.08,3.68,0.4150374811757291,2018-09-21
-0.65,0.97,8.49,0.1070264479684105,2018-09-22
-0.46,3.36,0.44,0.2671515464671007,2018-09-23
-0.41,12.44,0.88,0.9289792928974404,2018-09-24
1.31,13.43,0.83,0.9127266255574706,2018-09-25
3.36,16.07,0.0,1.0203452259031054,2018-09-26
-1.58,8.56,0.0,0.663649972779801,2018-09-27
-3.91,8.2,0.0,0.7207929829274077,2018-09-28
-1.97,6.83,0.0,0.5663114781956635,2018-09-29
-7.69,3.99,0.79,0.6131164317290168,2018-09-30
-2.24,4.69,1.9,0.4373175146434461,2018-10-01
-1.67,3.22,2.2,0.2854602781328633,2018-10-02
-2.59,5.57,0.0,0.5106506987170508,2018-10-03
-5.86,5.39,0.0,0.616975151231706,2018-10-04
-3.27,8.57,0.0,0.751828669209659,2018-10-05
-4.85,11.87,0.0,0.9963097232361984,2018-10-06
-2.63,13.23,0.0,1.0343490105928526,2018-10-07
-2.65,0.93,0.0,0.2193858787539496,2018-10-08
-4.28,1.4,0.0,0.3281040452403679,2018-10-09
-7.71,4.43,0.0,0.6074952640850162,2018-10-10
-9.06,6.32,0.0,0.7236840460639676,2018-10-11
-4.55,7.09,8.6,0.5868348640478954,2018-10-12
-5.46,-1.26,0.0,0.2227740752881427,2018-10-13
-9.63,3.8,0.0,0.580331857535226,2018-10-14
-0.68,13.09,0.0,0.8651081305985304,2018-10-15
-0.79,10.48,0.0,0.6892238090899443,2018-10-16
-1.3,21.08,0.0,1.321752243254149,2018-10-17
2.2,19.06,0.0,1.1272538499124931,2018-10-18
-3.26,13.05,0.0,0.8687814766625315,2018-10-19
-7.26,16.85,0.0,1.099359423923822,2018-10-20
-1.54,14.18,0.0,0.874238334801596,2018-10-21
-6.07,11.11,0.0,0.8013513498791242,2018-10-22
-4.25,15.87,0.0,0.9911796552174266,2018-10-23
-1.8,18.99,0.0,1.1096243974754554,2018-10-24
-0.57,15.14,0.0,0.8740556552870128,2018-10-25
-2.35,12.2,0.0,0.7601810770770727,2018-10-26
-0.89,12.74,0.0,0.745392306625603,2018-10-27
-5.28,9.3,0.0,0.67540188067123,2018-10-28
0.22,9.17,0.0,0.502750074406984,2018-10-29
-1.77,7.04,0.0,0.4591629632908545,2018-10-30
-3.27,10.1,0.0,0.6575812215768619,2018-10-31
-2.79,3.98,1.91,0.331437752090788,2018-11-01
-2.43,-0.28,3.41,0.1009124841623963,2018-11-02
-4.88,1.09,0.0,0.2654437766055555,2018-11-03
-2.73,3.41,3.34,0.2836257917625365,2018-11-04
-8.41,-1.26,1.65,0.2785790101935409,2018-11-05
-12.92,-8.58,0.18,0.1308902736501282,2018-11-06
-12.94,-10.0,0.0,0.1,2018-11-07
-17.98,-9.8,0.0,0.1906711437194326,2018-11-08
-21.78,-4.19,2.33,0.3394027334058587,2018-11-09
-9.9,-3.92,0.9,0.2106139531197838,2018-11-10
-11.52,-6.82,0.0,0.1504905455822916,2018-11-11
-15.7,-4.62,0.0,0.2977723737466534,2018-11-12
-8.7,4.47,0.0,0.5047968012511055,2018-11-13
-2.22,5.49,0.0,0.3802926990702263,2018-11-14
-2.39,3.59,0.0,0.2906417498370305,2018-11-15
-17.52,-5.64,0.0,0.2869558458742855,2018-11-16
-19.63,-6.08,0.0,0.292760420742672,2018-11-17
-11.7,-6.79,0.86,0.1531508530966508,2018-11-18
-14.07,1.01,0.0,0.4444297764883019,2018-11-19
-5.75,2.37,0.0,0.3451203708327226,2018-11-20
-5.69,1.43,0.0,0.3022389615906088,2018-11-21
-2.55,5.77,0.0,0.4032556132728708,2018-11-22
-5.4,3.23,0.0,0.3732624492804044,2018-11-23
-8.09,-5.34,0.0,0.1027511220976917,2018-11-24
-8.4,-5.08,0.0,0.1223670472448523,2018-11-25
-7.34,-3.6,0.0,0.1460095846070885,2018-11-26
-5.21,-1.15,0.0,0.175737922885911,2018-11-27
-6.78,-3.16,0.0,0.1450153049826892,2018-11-28
-6.04,-0.67,0.0,0.2242126418036007,2018-11-29
-8.28,-3.28,0.0,0.1884304597991163,2018-11-30
-7.61,-4.96,4.42,0.1,2018-12-01
-8.99,-4.31,0.0,0.1693749547550093,2018-12-02
-13.27,-5.01,0.0,0.2422442284439668,2018-12-03
-13.77,-6.46,1.05,0.2071364643061207,2018-12-04
-14.03,-6.7,0.6,0.2040816403169324,2018-12-05
-14.82,-8.51,0.0,0.1669916755176465,2018-12-06
-18.9,-7.64,0.0,0.2409476168888484,2018-12-07
-18.12,-7.09,0.0,0.246054829570827,2018-12-08
-14.97,-3.08,0.0,0.3176049851402023,2018-12-09
-13.94,0.81,0.0,0.4191963015651169,2018-12-10
-8.45,0.73,0.0,0.3355130719637,2018-12-11
-5.62,0.69,0.0,0.2605302428799714,2018-12-12
-9.77,2.73,0.0,0.4309445833207673,2018-12-13
-8.35,5.12,0.0,0.4951142001892052,2018-12-14
-2.81,4.76,0.0,0.3501729282123136,2018-12-15
-12.28,-3.83,0.0,0.2541619822880386,2018-12-16
-8.17,4.82,0.0,0.480375716718969,2018-12-17
-4.79,4.64,0.0,0.4019772606066804,2018-12-18
-4.02,2.46,0.0,0.2855467388039064,2018-12-19
-7.93,2.39,0.0,0.3847677289077801,2018-12-20
-4.36,3.48,0.0,0.340402474596435,2018-12-21
-8.71,-4.4,0.0,0.1523180585572739,2018-12-22
-15.81,-5.55,2.19,0.2478943439242841,2018-12-23
-16.04,-9.02,1.35,0.170199624933628,2018-12-24
-17.39,-9.78,0.0,0.1711760324004226,2018-12-25
-14.43,-6.87,0.0,0.2013207378259952,2018-12-26
-19.92,-9.18,1.2,0.2124826138675855,2018-12-27
-19.34,-5.25,0.0,0.2956186143773166,2018-12-28
-12.79,-3.6,1.41,0.2690294762468069,2018-12-29
-19.16,-10.95,0.82,0.1662307789098599,2018-12-30
-27.33,-15.77,0.0,0.1418395127923324,2018-12-31
-24.75,-1.98,0.0,0.3763584342520188,2019-01-01
-9.64,3.95,0.0,0.4691199814532135,2019-01-02
-5.34,3.72,0.0,0.3727489881337446,2019-01-03
-7.99,2.06,0.0,0.3700961681542197,2019-01-04
-6.59,-2.77,0.0,0.1448336272747694,2019-01-05
-6.02,1.61,0.0,0.3044424796146137,2019-01-06
-13.54,-2.74,1.03,0.3062656495887923,2019-01-07
-21.31,-14.63,0.0,0.1153936054128122,2019-01-08
-22.73,-8.69,0.51,0.2421005006501501,2019-01-09
-14.62,-7.84,0.0,0.1762848462440751,2019-01-10
-16.99,-9.21,0.0,0.178933859870406,2019-01-11
-14.02,0.03,0.0,0.4007913752297697,2019-01-12
-11.89,-0.68,0.0,0.3518413958412884,2019-01-13
-11.48,-1.59,0.0,0.3156096187228012,2019-01-14
-17.56,-5.35,0.0,0.2866310833313782,2019-01-15
-18.53,-14.04,0.61,0.1,2019-01-16
-25.03,-16.26,0.0,0.1249829683760917,2019-01-17
-27.73,-17.99,0.0,0.1168612686916869,2019-01-18
-21.5,-15.38,2.95,0.1021919715135411,2019-01-19
-19.01,-10.61,0.0,0.1779863449303292,2019-01-20
-17.94,-5.99,0.0,0.2797432338669205,2019-01-21
-15.22,-2.97,0.0,0.3356126526773866,2019-01-22
-21.85,-5.21,0.0,0.323710183855136,2019-01-23
-28.36,-9.33,0.0,0.251209649743032,2019-01-24
-21.25,-4.44,0.0,0.341882169377011,2019-01-25
-11.74,-0.16,1.77,0.3846477416082823,2019-01-26
-7.68,3.78,1.82,0.4619258498525631,2019-01-27
-22.12,-10.88,0.0,0.209036626893207,2019-01-28
-29.57,-20.5,0.0,0.1,2019-01-29
-23.46,-11.46,0.42,0.2080790064360728,2019-01-30
-15.28,-0.83,0.0,0.4159613418121121,2019-01-31
-19.04,-8.75,0.0,0.2349887512469596,2019-02-01
-22.53,-16.52,1.93,0.1054511275826421,2019-02-02
-25.4,-21.95,0.47,0.1,2019-02-03
-25.98,-22.38,2.77,0.1,2019-02-04
-32.86,-22.81,0.0,0.1,2019-02-05
-36.36,-25.9,0.0,0.1,2019-02-06
-37.41,-24.56,0.0,0.1,2019-02-07
-36.65,-24.92,0.0,0.1,2019-02-08
-33.33,-23.49,0.0,0.1,2019-02-09
-31.84,-21.42,0.0,0.104553075428275,2019-02-10
-28.37,-17.27,1.63,0.1465003738513914,2019-02-11
-31.61,-20.27,0.08,0.1189816636060969,2019-02-12
-28.44,-20.44,0.0,0.10217251173988,2019-02-13
-32.45,-19.88,0.0,0.1273656402959897,2019-02-14
-32.52,-17.99,1.63,0.1503724770849789,2019-02-15
-21.22,-14.32,3.89,0.1344642522919045,2019-02-16
-20.26,-14.73,1.11,0.1226936377529923,2019-02-17
-26.58,-17.71,0.66,0.1351149391429144,2019-02-18
-28.71,-11.22,0.0,0.2518534816456285,2019-02-19
-23.01,-8.76,1.11,0.2926990112821385,2019-02-20
-23.88,-12.4,0.0,0.2194685193731493,2019-02-21
-27.02,-11.43,0.0,0.252174972148261,2019-02-22
-23.55,-13.96,0.38,0.1876596817416304,2019-02-23
-31.02,-20.67,0.0,0.1215211656969666,2019-02-24
-33.01,-18.69,0.0,0.152184900089696,2019-02-25
-29.51,-16.83,0.0,0.1728726069971751,2019-02-26
-21.54,-8.38,0.0,0.3344258348528814,2019-02-27
-17.5,-8.42,0.0,0.2806934148792622,2019-02-28
-26.6,-16.58,0.0,0.167105587042819,2019-03-01
-32.98,-20.84,0.0,0.1306134942302933,2019-03-02
-26.15,-16.04,0.0,0.176878655479938,2019-03-03
-21.8,-10.87,0.0,0.2723384340777046,2019-03-04
-18.1,-8.78,0.0,0.2990465439686861,2019-03-05
-25.41,-13.49,0.0,0.2275457711827025,2019-03-06
-23.81,-8.56,0.0,0.3668092768713057,2019-03-07
-16.74,-5.19,0.0,0.4592829340033499,2019-03-08
-15.63,-5.31,0.0,0.440958294029717,2019-03-09
-21.51,-6.56,0.0,0.4442055401541614,2019-03-10
-16.56,1.52,0.0,0.7841095787476173,2019-03-11
-3.59,3.39,0.0,0.6486841314054104,2019-03-12
-5.36,2.54,0.0,0.7005234830271029,2019-03-13
-9.62,1.31,0.0,0.7794814805143104,2019-03-14
-11.56,2.81,0.0,0.9113617097718066,2019-03-15
-8.84,3.51,0.0,0.946993936760894,2019-03-16
-10.72,4.27,0.0,1.0167302174202852,2019-03-17
-3.42,4.97,0.0,0.9048832883497938,2019-03-18
-3.53,9.41,0.0,1.355761506575296,2019-03-19
-2.2,13.13,0.0,1.601003081639259,2019-03-20
-1.75,11.74,0.0,1.5349067179929627,2019-03-21
-1.9,14.33,0.0,1.6805166243892822,2019-03-22
-1.85,12.9,0.0,1.6078582738371872,2019-03-23
-4.61,3.76,0.0,0.8896181569145546,2019-03-24
-7.17,4.48,0.0,1.1152951701742173,2019-03-25
-1.13,16.6,0.0,1.8341175220718369,2019-03-26
-1.38,5.71,0.0,0.9873291818387404,2019-03-27
-6.01,7.28,0.0,1.3108535921629816,2019-03-28
-4.57,4.65,0.0,1.094840585488049,2019-03-29
-6.0,14.18,0.0,1.6658682060391623,2019-03-30
-4.62,5.34,0.0,1.1764987965773832,2019-03-31
-3.48,8.9,1.39,1.4240864949120389,2019-04-01
-6.01,4.56,0.0,1.1394398032819255,2019-04-02
-7.99,11.59,0.0,1.5289529581025716,2019-04-03
-1.21,13.3,0.0,1.6996087902370072,2019-04-04
-4.1,8.6,0.0,1.417674711090212,2019-04-05
0.96,9.11,0.95,1.3462564289492944,2019-04-06
0.33,16.98,0.0,1.946506975845275,2019-04-07
-2.9,16.63,0.0,1.8933499033126175,2019-04-08
-4.67,9.72,0.0,1.4971371242978877,2019-04-09
-5.54,9.06,0.0,1.4622478444894724,2019-04-10
-7.54,8.07,0.0,1.3938247959565435,2019-04-11
-8.36,10.08,0.0,1.4880829506271689,2019-04-12
-4.9,15.28,0.0,1.8141357111279417,2019-04-13
3.48,16.78,0.0,1.9506215424457916,2019-04-14
-0.79,13.9,0.0,1.7777801825595134,2019-04-15
-4.1,13.63,0.0,1.7479738521733388,2019-04-16
0.23,15.38,0.0,1.8217288874824176,2019-04-17
-0.52,17.54,0.0,1.9535756380218168,2019-04-18
5.82,20.77,0.0,2.1695547447618093,2019-04-19
3.45,17.37,0.0,1.9546465321630817,2019-04-20
-1.72,14.63,0.0,1.7882762862470531,2019-04-21
-1.38,21.37,0.0,2.178855069205744,2019-04-22
6.81,20.41,0.0,2.1440408228312053,2019-04-23
0.67,17.6,0.0,1.9874790022424835,2019-04-24
-2.07,12.66,0.0,1.6745129605052411,2019-04-25
-4.14,11.27,0.0,1.584592519895147,2019-04-26
-1.59,10.45,7.27,1.4222316417852885,2019-04-27
-4.88,3.13,3.94,0.7448444767129103,2019-04-28
-9.12,6.23,0.0,1.2853542220873813,2019-04-29
-4.91,9.47,2.48,1.3223772179481663,2019-04-30
-6.99,9.66,0.53,1.545645854404455,2019-05-01
-3.19,10.93,0.0,1.5842613132946552,2019-05-02
-4.71,11.68,0.0,1.6335013234013978,2019-05-03
-4.25,8.5,0.0,1.439398143540532,2019-05-04
-7.31,6.63,0.0,1.330018507523572,2019-05-05
-6.76,11.99,0.0,1.6395835130906289,2019-05-06
0.12,15.01,0.0,1.8654608421164376,2019-05-07
-4.78,12.49,0.0,1.697743577639052,2019-05-08
1.27,14.65,0.0,1.8410142894420605,2019-05-09
3.74,18.66,2.03,1.951211158949269,2019-05-10
2.05,16.27,0.0,1.9617162640067405,2019-05-11
2.64,24.58,0.0,2.5252393469001655,2019-05-12
4.71,20.82,0.0,2.285801077900459,2019-05-13
2.2,21.94,0.0,2.364635630099756,2019-05-14
5.69,19.29,0.0,2.1583878283876143,2019-05-15
-0.61,15.35,0.0,1.9247092522132625,2019-05-16
0.16,16.56,0.0,2.0099854587381634,2019-05-17
0.86,14.6,0.0,1.8713413838739683,2019-05-18
-2.29,15.87,0.0,1.963495115748075,2019-05-19
-0.6,18.96,0.0,2.1743195811492537,2019-05-20
1.51,20.48,0.0,2.289102582135717,2019-05-21
4.01,23.49,0.0,2.5061588588805166,2019-05-22
4.74,23.83,0.0,2.530360068853729,2019-05-23
4.63,22.77,0.0,2.4583689462267992,2019-05-24
4.88,14.94,3.05,1.7003214082318827,2019-05-25
0.51,18.9,0.0,2.19384645237887,2019-05-26
2.0,21.85,0.0,2.3967370499543184,2019-05-27
6.38,27.38,0.0,2.778342923905976,2019-05-28
10.12,30.2,0.0,2.9631176317770773,2019-05-29
10.85,32.29,0.0,3.101989339021396,2019-05-30
5.56,21.21,0.0,2.3296148184913537,2019-05-31
6.01,24.72,0.0,2.5930442847708086,2019-06-01
10.67,32.92,0.0,3.1482477737541794,2019-06-02
9.18,34.28,0.0,3.231580032375173,2019-06-03
11.64,24.94,0.0,2.4955205482570255,2019-06-04
9.92,24.82,0.0,2.54083567992551,2019-06-05
13.13,26.44,0.0,2.589655752587428,2019-06-06
8.75,21.78,0.0,2.3128257567675883,2019-06-07
3.68,17.01,0.0,2.021954454222296,2019-06-08
4.2,19.82,0.0,2.2429542059378815,2019-06-09
3.26,23.84,0.0,2.5415116582699486,2019-06-10
6.73,21.3,2.1,2.1377283148239945,2019-06-11
6.39,24.6,0.91,2.594577545333025,2019-06-12
8.72,29.4,1.63,2.9332957637835446,2019-06-13
11.63,23.33,2.64,2.191596209231479,2019-06-14
9.99,19.67,6.79,1.9116894051068696,2019-06-15
9.02,17.33,2.39,1.4390574277492445,2019-06-16
5.92,22.13,0.0,2.4215348898364337,2019-06-17
8.28,26.64,0.0,2.7469216811643182,2019-06-18
10.54,22.66,28.25,2.127471549142154,2019-06-19
8.11,14.4,8.76,0.6251059685382457,2019-06-20
6.32,16.44,22.41,1.1329004597162615,2019-06-21
11.24,15.12,11.89,0.4165164708928405,2019-06-22
9.82,21.91,1.94,1.7273989005348414,2019-06-23
9.11,20.76,0.0,1.6095358844271646,2019-06-24
9.28,21.38,0.0,1.6974413935493118,2019-06-25
8.07,23.85,0.0,2.1374633308354833,2019-06-26
11.43,25.18,14.02,1.654277298101316,2019-06-27
13.96,23.14,4.41,1.0407849554467483,2019-06-28
13.48,24.95,0.0,1.7345902425848498,2019-06-29
9.58,22.22,0.0,1.7559254211448654,2019-06-30
8.95,27.38,4.62,1.985027569373493,2019-07-01
5.79,20.42,0.0,1.8131211814076735,2019-07-02
8.3,20.33,0.0,1.628502283092944,2019-07-03
8.04,20.56,0.0,1.6850365074974576,2019-07-04
11.35,20.15,0.0,1.233978852502693,2019-07-05
11.39,25.39,0.0,2.0570017569704793,2019-07-06
13.92,27.56,0.0,2.1185345120045276,2019-07-07
13.93,23.74,0.0,1.506087531363088,2019-07-08
11.55,22.99,0.0,1.702048344764782,2019-07-09
9.5,26.15,0.0,2.2737075550368706,2019-07-10
13.93,24.5,0.0,1.661514479825518,2019-07-11
10.32,24.38,0.0,2.0264916403629982,2019-07-12
12.25,29.32,9.41,2.0027229979544847,2019-07-13
14.33,27.52,13.4,1.606133284803185,2019-07-14
12.9,24.88,0.0,1.7285870790611653,2019-07-15
11.21,19.46,14.48,0.9226147131372474,2019-07-16
12.25,22.89,3.75,1.1955135522362876,2019-07-17
11.19,25.36,1.97,1.8853423376031135,2019-07-18
9.67,17.54,4.42,0.8592445079930969,2019-07-19
10.23,22.47,0.0,1.563970732004487,2019-07-20
10.96,24.59,0.0,1.7605665218729498,2019-07-21
10.77,27.16,0.0,2.0418487528189075,2019-07-22
14.26,29.57,0.0,2.045186581277144,2019-07-23
15.7,30.14,6.26,1.5951677283536485,2019-07-24
11.14,19.91,5.17,0.9498532721059916,2019-07-25
12.43,25.43,0.0,1.6408730075617324,2019-07-26
12.38,31.7,0.0,2.334161349074699,2019-07-27
9.53,21.54,0.0,1.4119657790313385,2019-07-28
5.63,24.55,0.0,1.9664778890797785,2019-07-29
11.94,29.73,0.0,2.1500313668141464,2019-07-30
12.4,26.4,0.0,1.7447351345756257,2019-07-31
14.11,32.73,0.0,2.298703246177201,2019-08-01
16.11,34.25,0.0,2.3004507270426076,2019-08-02
16.02,28.48,0.0,1.598897294411037,2019-08-03
10.33,26.01,0.0,1.8040387837881189,2019-08-04
10.61,28.88,0.0,2.0677108946697165,2019-08-05
10.77,22.45,1.21,1.324025868237264,2019-08-06
5.42,22.04,0.0,1.6491929840146962,2019-08-07
6.84,24.77,0.0,1.824256336973336,2019-08-08
10.71,26.71,3.05,1.5138301369781328,2019-08-09
9.02,20.44,0.0,1.2223082753832792,2019-08-10
8.01,22.46,6.13,1.3033576990006306,2019-08-11
10.35,15.87,13.29,0.54734935047239,2019-08-12
7.23,21.12,0.0,1.3971257976449185,2019-08-13
9.93,24.31,0.0,1.5169708079837594,2019-08-14
10.14,25.43,0.0,1.5923627865481391,2019-08-15
10.86,20.74,0.0,1.0857594008954123,2019-08-16
5.2,17.98,0.0,1.2087252654538725,2019-08-17
4.04,21.56,0.0,1.5387411929365444,2019-08-18
4.88,21.79,0.0,1.5156848400976937,2019-08-19
3.87,23.06,0.0,1.6370336118549946,2019-08-20
6.28,26.51,0.0,1.8079622393184291,2019-08-21
12.38,25.92,2.68,1.2835919092041292,2019-08-22
9.91,21.3,0.0,1.1691473742463456,2019-08-23
12.0,28.68,7.1,1.5165800526007966,2019-08-24
11.49,21.24,11.43,0.9183523007130622,2019-08-25
8.91,19.8,0.0,1.083809590254401,2019-08-26
8.26,19.51,0.0,1.0979088653514273,2019-08-27
6.85,22.96,0.92,1.4677347189568604,2019-08-28
5.78,19.89,0.0,1.268540213695443,2019-08-29
5.94,19.97,1.24,1.261240281712385,2019-08-30
7.58,21.69,1.5,1.314651433151473,2019-08-31
9.23,21.9,2.29,1.1071885203677203,2019-09-01
10.45,22.08,1.41,1.1669383132079658,2019-09-02
7.29,25.19,0.0,1.5842552060256343,2019-09-03
10.29,23.77,2.73,1.1845825457902526,2019-09-04
8.01,22.85,0.0,1.3582016694913015,2019-09-05
5.51,21.73,0.0,1.3792716236148834,2019-09-06
7.34,22.23,0.0,1.331631673178146,2019-09-07
6.63,21.04,0.0,1.266936921722602,2019-09-08
8.58,13.34,13.82,0.4085926353745261,2019-09-09
8.03,10.84,14.42,0.2427248744118573,2019-09-10
8.6,13.71,3.54,0.4372506057707747,2019-09-11
7.53,15.15,0.0,0.705223751002058,2019-09-12
4.34,23.87,0.0,1.5265532739091738,2019-09-13
9.12,23.46,0.0,1.3043517455551363,2019-09-14
9.45,26.88,0.0,1.5348885021505807,2019-09-15
9.4,30.97,0.0,1.8049623234048484,2019-09-16
12.88,25.12,0.78,1.192160285112643,2019-09-17
10.27,21.92,0.0,1.081868219491667,2019-09-18
8.1,21.06,0.0,1.1350018690301853,2019-09-19
8.46,20.43,0.0,1.0629966256801917,2019-09-20
5.1,18.35,0.0,1.0686078559851468,2019-09-21
5.4,24.41,0.0,1.4614428889941231,2019-09-22
8.69,20.4,0.0,1.0277679675055933,2019-09-23
4.6,16.71,0.0,0.9508718413741746,2019-09-24
3.08,15.62,0.0,0.9349535895415912,2019-09-25
3.1,10.65,5.9,0.5164660156274397,2019-09-26
1.81,7.57,3.56,0.3765552553049511,2019-09-27
0.0,4.8,0.0,0.3236366577088363,2019-09-28
-0.24,2.7,14.21,0.1797419018868969,2019-09-29
-0.4,1.62,4.8,0.1257192088259454,2019-09-30
-0.64,3.59,0.0,0.2801621447927311,2019-10-01
-4.22,8.57,0.0,0.7326969421866524,2019-10-02
-0.91,10.78,0.0,0.7571334575650357,2019-10-03
1.63,11.95,0.0,0.7284941920781435,2019-10-04
-0.52,14.07,0.0,0.9301198344269288,2019-10-05
3.68,15.33,0.0,0.8593464673906456,2019-10-06
2.12,19.75,0.0,1.176539844573918,2019-10-07
-1.99,7.25,1.5,0.5653583980097343,2019-10-08
-6.56,1.14,0.0,0.3867375583051471,2019-10-09
-7.45,3.14,0.0,0.5078801122432858,2019-10-10
-8.55,6.34,0.0,0.6716827098158626,2019-10-11
-8.79,7.27,0.0,0.7105921697528134,2019-10-12
-8.69,9.88,0.0,0.8185598782649702,2019-10-13
-0.82,4.47,0.45,0.3188609951863426,2019-10-14
-2.71,5.69,0.0,0.474403791557819,2019-10-15
-0.87,13.61,0.0,0.856008546111532,2019-10-16
1.92,18.93,0.0,1.0718543823768616,2019-10-17
-0.35,15.68,0.0,0.9428045696499376,2019-10-18
-0.82,13.97,0.0,0.8569851971865179,2019-10-19
-4.45,7.9,0.0,0.6288741599322198,2019-10-20
-6.64,9.71,0.0,0.7540519272247228,2019-10-21
-5.89,6.13,0.0,0.5723236445917181,2019-10-22
-4.83,3.55,1.42,0.4139885042905814,2019-10-23
-3.9,8.48,0.0,0.6310668677445656,2019-10-24
-0.13,17.31,0.0,0.987851200785138,2019-10-25
-5.76,1.5,0.62,0.3365321634206257,2019-10-26
-9.35,-2.62,2.37,0.2504786231855563,2019-10-27
-9.98,-4.6,2.82,0.1913097784221968,2019-10-28
-12.27,-5.3,0.0,0.2371640747057222,2019-10-29
-17.09,0.52,0.0,0.4874457485640527,2019-10-30
-3.36,4.08,1.25,0.3760411412625409,2019-10-31
-2.68,5.01,0.0,0.3980953618005312,2019-11-01
-4.01,4.15,1.3,0.39997656560868,2019-11-02
-4.22,1.76,0.0,0.2868258938626142,2019-11-03
-12.6,-4.17,0.0,0.2753552284472373,2019-11-04
-13.86,-3.59,1.87,0.3164910257915146,2019-11-05
-19.75,-7.88,0.0,0.2640070635887701,2019-11-06
-19.78,-3.17,0.0,0.3795516983377084,2019-11-07
-9.03,4.97,0.0,0.5438699517301229,2019-11-08
-12.33,-0.83,3.45,0.3578488751412771,2019-11-09
-20.54,-12.16,0.0,0.1675414755637317,2019-11-10
-23.26,-8.38,0.0,0.2669963083936812,2019-11-11
-15.69,-1.87,0.0,0.3812262399597667,2019-11-12
-12.57,0.99,0.0,0.4360696665063636,2019-11-13
-6.41,0.34,0.0,0.2803964362351659,2019-11-14
-4.75,4.14,0.0,0.3993363492363066,2019-11-15
-1.2,2.22,2.31,0.1657285752551465,2019-11-16
-2.98,6.55,2.17,0.4373395598589125,2019-11-17
-0.37,7.03,0.0,0.3917443611087319,2019-11-18
-3.94,0.82,0.0,0.21268157126469,2019-11-19
-5.86,-0.63,0.0,0.2156588755362398,2019-11-20
-6.73,3.07,0.0,0.3946139627083871,2019-11-21
-5.96,6.54,0.0,0.519080340995843,2019-11-22
-0.8,10.04,0.0,0.5471315131943019,2019-11-23
-1.71,4.49,1.83,0.3026310835802961,2019-11-24
-5.53,-0.57,0.64,0.2050748223791769,2019-11-25
-10.13,-2.68,0.0,0.2503763315583769,2019-11-26
-9.25,-5.14,0.0,0.1407540897925364,2019-11-27
-8.72,-6.1,7.29,0.1,2019-11-28
-12.43,-6.14,0.0,0.1889863463691453,2019-11-29
-10.19,-7.56,0.0,0.1,2019-11-30
-13.28,-5.3,0.0,0.2311262034694466,2019-12-01
-13.03,-1.7,0.0,0.3367865018585966,2019-12-02
-7.8,3.68,0.0,0.4364861592154294,2019-12-03
-9.05,-0.11,0.0,0.3185970053752814,2019-12-04
-12.56,-3.28,0.0,0.2779062988589708,2019-12-05
-11.87,-4.04,0.0,0.2410644806245578,2019-12-06
-11.59,-4.35,0.0,0.2260196985111775,2019-12-07
-21.15,-11.23,0.0,0.1819348462562589,2019-12-08
-24.38,-10.21,0.0,0.2193532930074157,2019-12-09
-27.3,-13.28,0.0,0.1779763480024276,2019-12-10
-25.56,-16.37,0.0,0.1244509950490857,2019-12-11
-19.49,-11.77,0.4,0.1532088432220609,2019-12-12
-23.02,-14.39,0.0,0.1381449280033821,2019-12-13
-24.92,-11.09,0.37,0.204838304317506,2019-12-14
-18.17,-7.82,0.0,0.2264697398303471,2019-12-15
-15.73,-5.39,0.0,0.2598594025795511,2019-12-16
-14.29,-2.85,0.0,0.3124368614551367,2019-12-17
-9.19,1.01,0.0,0.3573697191175805,2019-12-18
-10.85,-2.92,0.0,0.2537512610315164,2019-12-19
-10.55,4.24,0.0,0.4911559740706908,2019-12-20
-10.44,1.74,0.0,0.4029096127885805,2019-12-21
-7.54,-0.49,0.0,0.263103153378673,2019-12-22
-6.91,-3.37,0.0,0.1338732927603595,2019-12-23
-7.28,-5.01,3.09,0.1,2019-12-24
-8.83,-2.53,0.0,0.2211703121447219,2019-12-25
-14.96,-6.18,0.0,0.2277900635844067,2019-12-26
-14.19,-5.22,0.0,0.2427893445170931,2019-12-27
-15.48,-5.92,0.0,0.2417503842682839,2019-12-28
-18.73,-4.68,0.0,0.3049019826120198,2019-12-29
-15.65,-4.76,0.0,0.2748648748065515,2019-12-30
-11.87,0.71,0.0,0.3901589557430181,2019-12-31
-7.12,-0.37,0.0,0.2587989837551261,2020-01-01
-7.7,-2.84,0.0,0.1796748878146951,2020-01-02
-11.99,-3.53,0.0,0.2590976122494485,2020-01-03
-8.77,5.07,0.0,0.5036546099298936,2020-01-04
-10.14,-1.17,0.0,0.3031412345844437,2020-01-05
-14.19,-2.43,0.0,0.3282595603177774,2020-01-06
-23.15,-14.13,0.0,0.1450138121410541,2020-01-07
-18.28,-6.25,0.0,0.269566367909154,2020-01-08
-24.14,-16.83,0.0,0.1080654655915711,2020-01-09
-29.58,-14.65,0.0,0.1663828337115574,2020-01-10
-18.17,-9.63,2.82,0.1806202860115582,2020-01-11
-25.76,-14.61,0.93,0.1559221352675856,2020-01-12
-30.19,-24.23,0.7,0.1,2020-01-13
-34.54,-27.2,0.0,0.1,2020-01-14
-36.02,-28.2,0.0,0.1,2020-01-15
-35.98,-19.67,0.0,0.1168268399212977,2020-01-16
-23.65,-19.13,1.73,0.1,2020-01-17
-28.3,-23.23,0.0,0.1,2020-01-18
-29.18,-15.98,0.0,0.1524551210277936,2020-01-19
-20.63,0.87,0.0,0.4658493585821306,2020-01-20
-9.73,2.34,0.0,0.4410543653956859,2020-01-21
-12.19,-2.31,0.0,0.3199366421273275,2020-01-22
-11.72,-2.83,0.0,0.2949154691249212,2020-01-23
-8.09,1.44,0.0,0.379104931634694,2020-01-24
-5.82,1.38,0.0,0.3172610940250129,2020-01-25
-6.84,-2.83,0.0,0.1673081229036922,2020-01-26
-7.17,-0.83,1.77,0.2648050408906559,2020-01-27
-5.53,-1.6,0.0,0.1757358805179789,2020-01-28
-10.79,-2.23,2.48,0.2885612934730166,2020-01-29
-10.52,-0.22,0.0,0.3772643356102353,2020-01-30
-9.93,3.38,0.0,0.5040679934738381,2020-01-31
-5.62,6.97,0.0,0.5770922863286856,2020-02-01
-9.7,-0.32,0.0,0.3609335360871717,2020-02-02
-17.22,-7.97,0.0,0.2404006570333824,2020-02-03
-18.76,-3.9,0.0,0.3651008973989751,2020-02-04
-12.66,-4.21,0.0,0.284443911304746,2020-02-05
-13.23,-8.25,0.62,0.1597749186070366,2020-02-06
-12.25,-2.2,0.0,0.3529567076386493,2020-02-07
-12.85,-2.48,0.0,0.3550725870701471,2020-02-08
-13.36,-2.18,1.68,0.3761362592987201,2020-02-09
-9.69,-3.52,0.43,0.2485887286521402,2020-02-10
-13.66,-1.61,0.43,0.4066976652578323,2020-02-11
-29.71,-15.51,0.0,0.1793550215355613,2020-02-12
-28.6,-5.25,0.0,0.3498025950151783,2020-02-13
-12.59,-1.81,0.0,0.38549731107565,2020-02-14
-18.52,-10.57,0.0,0.2031051949392519,2020-02-15
-15.52,-3.76,0.0,0.3657825558825719,2020-02-16
-21.16,-9.76,0.0,0.255428681532841,2020-02-17
-29.83,-17.9,0.0,0.1503586593301134,2020-02-18
-29.39,-9.52,0.0,0.2812247113804495,2020-02-19
-16.54,1.54,0.0,0.6399543095857598,2020-02-20
-10.72,2.83,0.0,0.6877454801182061,2020-02-21
-8.05,3.71,0.0,0.7034439817527426,2020-02-22
-10.91,1.94,0.0,0.6556099361468178,2020-02-23
-10.88,-2.12,0.0,0.4046322836721767,2020-02-24
-17.41,-2.24,0.0,0.5187961581806141,2020-02-25
-12.63,1.57,0.0,0.6720643360089421,2020-02-26
-7.39,4.76,0.0,0.7905588149641223,2020-02-27
-6.65,6.88,0.0,0.9337463139585918,2020-02-28
-5.51,6.57,0.88,0.8962204778026307,2020-02-29
-11.33,-0.26,0.0,0.5627015348439292,2020-03-01
-6.81,3.44,0.0,0.701926757989444,2020-03-02
-5.91,3.57,0.0,0.6840790663157651,2020-03-03
-2.95,3.55,0.0,0.4929955120722991,2020-03-04
-6.58,4.5,0.0,0.8204602100521882,2020-03-05
-1.54,11.66,0.0,1.2888687121378486,2020-03-06
-9.86,-0.98,0.66,0.5091158972049925,2020-03-07
-15.96,-8.06,0.0,0.2629873669757858,2020-03-08
-16.67,0.44,0.0,0.7052406927671497,2020-03-09
-11.08,5.17,0.0,0.9601291018154402,2020-03-10
-4.27,5.11,0.0,0.8125311032928074,2020-03-11
-9.55,-1.01,0.0,0.5186051315620355,2020-03-12
-16.66,-10.55,0.0,0.1972461714671378,2020-03-13
-16.93,-8.48,1.9,0.3057063965415278,2020-03-14
-14.69,-6.21,0.93,0.3703057389999738,2020-03-15
-17.92,-2.43,0.0,0.6174016298609731,2020-03-16
-13.25,-1.8,0.0,0.6174706725361605,2020-03-17
-17.39,-5.9,0.0,0.4611954357855176,2020-03-18
-17.17,-4.72,0.0,0.5241347022792466,2020-03-19
-16.74,-0.8,0.0,0.7205623506747162,2020-03-20
-10.98,2.8,0.0,0.9201890527183364,2020-03-21
-10.55,6.35,0.0,1.2071431954373353,2020-03-22
-7.03,7.87,0.0,1.326079049133443,2020-03-23
-8.24,-1.35,3.28,0.5589446894019052,2020-03-24
-14.41,-0.35,0.0,0.8839840582890534,2020-03-25
-12.93,6.05,0.0,1.1748661439895431,2020-03-26
-4.04,7.31,0.0,1.3305152767978388,2020-03-27
-2.97,9.1,0.0,1.4406173915653624,2020-03-28
-5.04,14.11,0.0,1.6968928562927847,2020-03-29
-3.27,3.8,0.0,1.0312384477565826,2020-03-30
-9.88,-0.87,0.0,0.8618114633661909,2020-03-31
-15.16,-11.13,0.67,0.1839021108027183,2020-04-01
-18.32,-8.25,0.0,0.5198357762234415,2020-04-02
-18.26,-2.48,0.0,0.8046161519290334,2020-04-03
-11.64,-4.94,2.3,0.4359720998092102,2020-04-04
-11.23,-1.72,1.28,0.8285405887752747,2020-04-05
-7.33,1.92,3.07,0.8431023487709508,2020-04-06
-9.99,4.26,0.0,1.1987694278788048,2020-04-07
-6.46,1.55,0.0,0.9229656668035674,2020-04-08
-12.78,6.15,0.0,1.2558589629437833,2020-04-09
-1.74,8.14,0.0,1.441724486027317,2020-04-10
-8.2,-1.7,0.0,0.702327845425331,2020-04-11
-10.64,-3.76,0.0,0.6432923109014863,2020-04-12
-13.27,-3.48,0.0,0.7866200130019453,2020-04-13
-14.69,4.46,0.0,1.167844732176584,2020-04-14
-9.4,2.45,0.0,1.140264626833074,2020-04-15
-6.99,5.81,0.0,1.339718511835937,2020-04-16
-2.73,13.57,0.0,1.8293005554778536,2020-04-17
-3.19,4.56,0.0,1.22695339951365,2020-04-18
-5.77,14.0,0.0,1.8203074558066503,2020-04-19
-2.06,11.91,0.0,1.7454745604453166,2020-04-20
-1.34,21.43,0.0,2.3169928045103485,2020-04-21
1.98,16.09,0.0,2.033361408128912,2020-04-22
0.49,18.16,0.0,2.165284910470552,2020-04-23
-0.97,13.99,3.01,1.7259660946073478,2020-04-24
-2.08,18.86,0.0,2.1805056384177934,2020-04-25
3.47,15.55,0.0,1.981863074854833,2020-04-26
-0.72,20.06,0.0,2.2783891474037383,2020-04-27
2.66,18.37,0.0,2.206419923114645,2020-04-28
1.0,22.63,0.0,2.460621947223307,2020-04-29
8.45,27.74,0.0,2.838943576200462,2020-04-30
5.14,18.23,0.0,2.151519341783075,2020-05-01
-0.89,18.74,0.0,2.1961239445238703,2020-05-02
-0.52,17.63,4.21,1.9400147408751265,2020-05-03
2.35,14.46,0.0,1.8840179901468392,2020-05-04
-0.77,17.72,0.0,2.1340278671692294,2020-05-05
1.21,20.79,0.0,2.347237062891099,2020-05-06
1.09,17.48,0.0,2.120680385483801,2020-05-07
0.95,19.63,1.81,2.2666715187904107,2020-05-08
-2.2,7.59,1.46,1.411403174861199,2020-05-09
-2.93,9.37,0.0,1.556762478478009,2020-05-10
-6.27,10.58,0.0,1.640223342357646,2020-05-11
-3.74,12.85,0.0,1.7333572632447354,2020-05-12
1.24,10.64,0.0,1.532053186865853,2020-05-13
-1.6,18.94,0.0,2.138306703654282,2020-05-14
-2.5,14.54,0.0,1.8531540010255645,2020-05-15
1.33,25.18,0.0,2.553874464618227,2020-05-16
9.07,26.31,0.0,2.645270698969993,2020-05-17
8.37,25.21,0.0,2.5670586246360765,2020-05-18
10.0,25.66,0.0,2.5819356560538864,2020-05-19
9.6,18.23,12.2,1.7522073232346866,2020-05-20
9.15,19.74,0.0,2.106770887238878,2020-05-21
4.65,20.16,0.0,2.2514011365493896,2020-05-22
2.94,15.85,0.0,1.940122256589216,2020-05-23
3.65,19.5,0.0,2.219945168417502,2020-05-24
5.71,25.36,0.0,2.6416823867039425,2020-05-25
10.6,22.0,0.0,2.282849489883686,2020-05-26
6.25,18.88,0.0,2.143500662162736,2020-05-27
3.9,18.69,0.0,2.173916806094058,2020-05-28
5.43,19.2,0.0,2.2004684813184463,2020-05-29
7.55,25.57,0.0,2.6788598526203717,2020-05-30
11.23,31.0,0.0,3.042313457456553,2020-05-31
11.6,24.99,0.0,2.558385444694883,2020-06-01
7.85,24.33,0.0,2.5901113501730633,2020-06-02
9.76,20.68,0.0,2.2244813704108366,2020-06-03
6.19,19.28,0.0,2.211870560687989,2020-06-04
3.32,21.17,0.0,2.3961632553519383,2020-06-05
9.73,18.63,24.46,1.6797218416703927,2020-06-06
8.99,16.65,23.34,1.0290624055263116,2020-06-07
6.81,15.73,0.0,1.2683113469926304,2020-06-08
5.25,20.3,2.4,1.6876421966813064,2020-06-09
6.34,22.56,0.0,2.2641682067095137,2020-06-10
6.83,22.63,0.0,2.2533521072120717,2020-06-11
8.33,28.06,0.0,2.7503351148734203,2020-06-12
14.57,30.05,0.0,2.7148227327286105,2020-06-13
12.67,22.81,0.0,1.7881264806223591,2020-06-14
6.86,22.15,0.0,2.243630761661737,2020-06-15
9.22,22.14,25.31,1.6815679984897522,2020-06-16
9.92,16.02,6.04,0.6546841621311211,2020-06-17
6.34,15.49,2.52,0.8993131469733395,2020-06-18
5.32,18.53,0.0,1.696758825530026,2020-06-19
6.21,18.17,0.0,1.57519451967578,2020-06-20
4.54,18.27,0.0,1.7190316958426566,2020-06-21
6.2,23.66,0.0,2.228566762065484,2020-06-22
10.6,27.95,0.0,2.504425184182663,2020-06-23
13.95,26.72,1.71,2.101693289744494,2020-06-24
14.35,25.48,0.0,1.8353180620113112,2020-06-25
11.79,30.0,0.0,2.6504049087552555,2020-06-26
13.83,21.31,0.0,1.1038815905162584,2020-06-27
12.82,20.07,0.0,1.0388861494376649,2020-06-28
13.9,18.53,3.0,0.5557049028363101,2020-06-29
13.41,19.58,7.45,0.7378631269370866,2020-06-30
12.73,23.43,0.89,1.7209444376626462,2020-07-01
10.74,23.78,1.32,1.9873042530229392,2020-07-02
9.92,26.67,0.0,2.3643372453274214,2020-07-03
12.45,28.24,0.0,2.4026722955461715,2020-07-04
12.06,23.63,0.0,1.8344910275499329,2020-07-05
10.14,25.34,0.0,2.230975919028437,2020-07-06
12.14,27.95,18.48,1.9297705275973156,2020-07-07
12.93,19.04,5.28,0.7127621683550648,2020-07-08
11.79,21.89,0.0,1.4429285017082725,2020-07-09
10.21,22.2,3.86,1.3186946091153726,2020-07-10
9.76,24.42,0.0,1.99053953607501,2020-07-11
12.97,25.57,0.0,1.87589962652253,2020-07-12
9.68,19.47,2.39,1.0638496172280467,2020-07-13
9.76,21.69,3.9,1.280766405107678,2020-07-14
9.67,23.02,1.26,1.805715640542482,2020-07-15
9.97,25.49,0.0,2.058226913767355,2020-07-16
13.99,24.77,0.0,1.5723188851468592,2020-07-17
11.84,21.96,2.76,1.130023026828995,2020-07-18
10.05,23.05,3.75,1.3620826958717147,2020-07-19
11.14,23.21,5.29,1.2978847707784027,2020-07-20
9.73,25.24,0.0,1.9574733791341477,2020-07-21
14.32,30.48,0.0,2.215914716010444,2020-07-22
17.78,28.71,0.0,1.6194916195808735,2020-07-23
14.37,27.37,0.0,1.8416068176462137,2020-07-24
11.66,21.42,0.0,1.2655675211199673,2020-07-25
10.05,25.33,0.0,1.9393400917205088,2020-07-26
9.25,27.3,0.0,2.153828413121125,2020-07-27
10.77,30.83,0.0,2.3822403542454227,2020-07-28
14.45,34.23,0.0,2.491066130682041,2020-07-29
15.77,31.97,0.0,2.152759957227647,2020-07-30
13.34,26.52,0.0,1.6827001434869835,2020-07-31
8.96,27.51,0.0,2.091926892352064,2020-08-01
10.93,27.54,0.0,1.9922934725102643,2020-08-02
13.77,30.08,0.0,2.060786401043762,2020-08-03
11.68,27.09,0.0,1.8650323068758623,2020-08-04
9.55,29.21,0.0,2.1881380640604347,2020-08-05
12.01,33.71,0.0,2.456831683721654,2020-08-06
13.07,22.99,4.11,1.03041373927277,2020-08-07
10.03,25.56,1.77,1.7440523530285923,2020-08-08
8.23,22.77,0.0,1.54093336715917,2020-08-09
7.68,24.64,0.0,1.7663712923761996,2020-08-10
8.82,24.21,0.0,1.6350977995631468,2020-08-11
11.41,28.34,0.0,1.8837978510558888,2020-08-12
9.82,24.88,0.0,1.6034722045068208,2020-08-13
7.85,25.15,3.67,1.4849990396780453,2020-08-14
9.0,25.59,0.0,1.7008393947568206,2020-08-15
9.23,30.0,0.0,2.0861711447815012,2020-08-16
11.59,34.14,0.0,2.311624104237885,2020-08-17
12.77,35.96,0.0,2.389031739850856,2020-08-18
14.66,34.03,0.0,2.1372968651380377,2020-08-19
12.98,33.51,0.0,2.172782819430905,2020-08-20
14.09,27.87,0.0,1.4606120614137184,2020-08-21
9.94,31.82,0.0,2.1422347826732393,2020-08-22
6.78,28.55,0.0,1.9747394392035464,2020-08-23
9.55,29.48,0.0,1.9121628966874935,2020-08-24
13.16,27.07,0.0,1.408488414081678,2020-08-25
11.07,24.71,0.0,1.330075924968951,2020-08-26
7.9,23.58,4.91,1.276353614879228,2020-08-27
6.09,23.55,0.0,1.494550101138169,2020-08-28
8.69,31.24,0.0,2.030109215152864,2020-08-29
6.48,18.26,0.0,1.028916814710538,2020-08-30
2.04,19.3,0.0,1.314519952243215,2020-08-31
8.19,22.99,0.0,1.3215631883072123,2020-09-01
7.92,17.39,5.07,0.7706178936959799,2020-09-02
4.85,21.83,0.0,1.3785646354275451,2020-09-03
5.65,24.54,0.0,1.5406144412623155,2020-09-04
8.39,30.77,0.0,1.9741445701059273,2020-09-05
8.28,17.23,0.0,0.7968706624834079,2020-09-06
0.06,10.47,0.0,0.728919253897692,2020-09-07
-5.24,15.61,0.0,1.241778899565675,2020-09-08
3.85,21.53,0.0,1.4204016757165434,2020-09-09
5.36,26.11,0.0,1.730327250960484,2020-09-10
7.73,29.94,0.0,1.9339505263710437,2020-09-11
7.14,16.28,1.83,0.7651252604782134,2020-09-12
0.11,16.2,0.0,1.0927898377609688,2020-09-13
5.48,15.81,0.0,0.8221192671548321,2020-09-14
3.29,14.82,0.0,0.8616672887020915,2020-09-15
-1.06,13.32,0.0,0.9725748335636276,2020-09-16
1.87,19.13,0.0,1.3528582625958,2020-09-17
-0.18,24.73,0.0,1.7834264374146032,2020-09-18
6.83,25.9,0.0,1.7056336020915197,2020-09-19
11.78,18.04,8.03,0.5249949074756911,2020-09-20
7.33,22.95,0.0,1.3475466461495182,2020-09-21
7.03,20.57,1.26,1.12240276514424,2020-09-22
9.19,21.63,0.0,1.0661432768888102,2020-09-23
9.15,23.8,0.0,1.2884400563549487,2020-09-24
5.96,21.67,0.0,1.2625311703934332,2020-09-25
7.24,15.27,0.0,0.6463897510533809,2020-09-26
4.05,14.89,0.0,0.7963400315914027,2020-09-27
0.84,22.48,0.0,1.4850783772771343,2020-09-28
7.04,17.11,0.0,0.7952291092016907,2020-09-29
0.78,12.59,0.0,0.7740489956256094,2020-09-30
-4.63,12.04,0.0,0.9114453641098909,2020-10-01
0.9,17.9,0.0,1.14778729662486,2020-10-02
-0.79,16.16,0.0,1.0623341502988604,2020-10-03
5.13,23.93,1.21,1.4320394782520929,2020-10-04
7.45,19.46,0.0,0.9238531716605493,2020-10-05
6.54,17.19,0.0,0.8194100339344157,2020-10-06
0.73,15.37,0.0,1.0264195687119688,2020-10-07
6.85,23.44,1.93,1.4383202914472195,2020-10-08
1.96,10.81,0.0,0.5743620353535239,2020-10-09
2.77,26.01,0.0,1.715011783773459,2020-10-10
4.6,14.84,0.0,0.7290240909059044,2020-10-11
-3.28,11.42,0.0,0.8493421735583879,2020-10-12
-0.61,10.37,0.0,0.6671131428176215,2020-10-13
-5.03,6.77,0.0,0.5893178189352142,2020-10-14
-4.65,5.43,0.0,0.5002422218277021,2020-10-15
-8.19,3.74,0.0,0.5104082449344199,2020-10-16
-12.96,-0.63,0.0,0.4199816260608131,2020-10-17
-6.79,-3.53,0.0,0.141803701252584,2020-10-18
-8.11,-1.58,0.0,0.2723231363889994,2020-10-19
-7.67,-1.98,0.24,0.2461784699412774,2020-10-20
-10.94,-0.58,0.0,0.3965821444098965,2020-10-21
-14.21,-2.39,0.0,0.3820409239384525,2020-10-22
-14.22,-3.96,0.0,0.3261228264018945,2020-10-23
-9.48,-5.83,0.0,0.1406916461470767,2020-10-24
-11.56,-2.66,0.0,0.3210436268506321,2020-10-25
-15.45,3.32,0.0,0.6208331653627245,2020-10-26
-4.12,11.92,0.0,0.9008975660142684,2020-10-27
-4.43,5.12,0.0,0.4581228888080894,2020-10-28
-6.06,8.52,0.0,0.7156406991404345,2020-10-29
-1.21,13.45,0.0,0.8961817778393497,2020-10-30
-5.96,2.28,0.0,0.3631580647801672,2020-10-31
-6.98,13.58,0.0,0.9718460470140942,2020-11-01
0.12,19.08,0.0,1.1908205117907116,2020-11-02
2.04,17.41,0.0,1.0253314460939251,2020-11-03
0.86,15.08,0.0,0.8833964042804794,2020-11-04
1.57,17.88,0.0,1.0400462486975108,2020-11-05
-1.64,7.13,0.0,0.4468045002546302,2020-11-06
-2.3,0.56,2.47,0.1324272812540174,2020-11-07
-9.63,-3.82,20.29,0.199126127318743,2020-11-08
-18.26,-9.21,0.0,0.2106302036790234,2020-11-09
-17.27,-5.68,0.0,0.2907175489081979,2020-11-10
-16.28,-7.03,2.38,0.2278856764714074,2020-11-11
-22.14,-8.41,0.0,0.259999879744492,2020-11-12
-12.79,-0.3,0.0,0.3958924662400853,2020-11-13
-9.55,-1.52,0.74,0.2911567068231948,2020-11-14
-13.65,-5.59,0.0,0.2357148485874038,2020-11-15
-10.96,-5.47,0.0,0.181268072306657,2020-11-16
-8.57,1.03,0.0,0.3627197575735943,2020-11-17
-5.03,4.2,0.0,0.4049897869673213,2020-11-18
-12.49,-5.81,5.03,0.1927894156442682,2020-11-19
-20.18,-9.93,0.0,0.2057785280265066,2020-11-20
-18.04,-4.18,0.0,0.3245243160990277,2020-11-21
-16.26,-6.75,0.0,0.2371096915414628,2020-11-22
-11.66,-4.57,0.0,0.221135658750905,2020-11-23
-10.74,-1.51,0.0,0.3055043242487331,2020-11-24
-7.85,1.71,0.0,0.3634202665054546,2020-11-25
-11.76,-1.1,0.0,0.3377372483544509,2020-11-26
-10.94,0.87,0.0,0.3897476157989721,2020-11-27
-9.9,0.0,0.0,0.3395229854638312,2020-11-28
-15.44,-2.05,0.0,0.3528922710521988,2020-11-29
-8.28,1.92,0.0,0.376192869724015,2020-11-30
-7.46,1.01,0.0,0.3230099654291014,2020-12-01
-11.03,-1.42,0.0,0.3107199554944883,2020-12-02
-7.14,3.03,0.0,0.3946367458407769,2020-12-03
-6.2,2.07,0.0,0.333089123394084,2020-12-04
-6.84,2.44,0.0,0.3642312798929571,2020-12-05
-9.28,1.86,0.0,0.3925917433377258,2020-12-06
-7.92,3.15,0.0,0.4136939188998281,2020-12-07
-4.37,3.53,0.0,0.3410001725206504,2020-12-08
-5.29,2.02,0.0,0.3023586666601491,2020-12-09
-12.38,-3.49,0.0,0.2646277085926921,2020-12-10
-13.79,-4.84,0.0,0.2470210260144826,2020-12-11
-11.07,-3.79,0.0,0.2293681521300231,2020-12-12
-26.29,-14.32,0.0,0.1581768327733737,2020-12-13
-27.71,-13.26,0.52,0.1782072966782487,2020-12-14
-19.1,-9.64,0.0,0.1930028245972967,2020-12-15
-15.56,-3.88,0.0,0.2967430358592295,2020-12-16
-14.06,1.93,0.0,0.450398067032917,2020-12-17
-22.45,-3.18,0.0,0.3508311806109897,2020-12-18
-12.3,3.72,0.0,0.4911581507996637,2020-12-19
-6.44,2.7,0.0,0.3565567462475184,2020-12-20
-8.69,-1.84,6.91,0.2301700381264165,2020-12-21
-13.33,-3.93,8.26,0.2552953475258226,2020-12-22
-16.69,-8.05,0.0,0.2003130078215637,2020-12-23
-14.81,0.62,0.0,0.417217428121843,2020-12-24
-12.38,-2.5,0.0,0.2927410719029422,2020-12-25
-12.22,-5.4,1.47,0.1993726741686821,2020-12-26
-14.68,-6.95,0.0,0.1996602591784081,2020-12-27
-16.97,-7.83,0.0,0.210559114078548,2020-12-28
-16.83,-8.26,0.0,0.1983021927083359,2020-12-29
-20.62,-8.71,0.0,0.2272243129717202,2020-12-30
-16.58,-2.16,0.0,0.3555627487122082,2021-01-01
-8.86,3.92,0.0,0.4596473785571487,2021-01-02
-2.75,3.98,0.0,0.3108054842331455,2021-01-03
-10.59,-0.36,0.0,0.3377908418977781,2021-01-04
-9.58,-0.17,0.0,0.3256271147094824,2021-01-05
-11.27,2.39,0.0,0.4429419741560497,2021-01-06
-8.98,0.98,0.0,0.3569425345631016,2021-01-07
-13.11,-2.53,0.0,0.3106383268465789,2021-01-08
-14.45,-4.85,0.0,0.2616365512889101,2021-01-09
-14.05,-4.77,0.0,0.2585217196977824,2021-01-10
-12.07,-0.34,0.0,0.3674692853651207,2021-01-11
-7.8,1.0,0.0,0.3354925516070229,2021-01-12
-4.84,6.07,5.67,0.4564479511658568,2021-01-13
-6.78,-1.82,0.0,0.1964014006911652,2021-01-14
-14.52,-4.92,0.0,0.2654600962742637,2021-01-15
-9.9,-0.89,0.0,0.3158389446854748,2021-01-16
-10.35,-1.16,2.2,0.3022537083844385,2021-01-17
-9.93,-0.44,0.98,0.3356498479029576,2021-01-18
-14.0,1.86,0.0,0.4696667014183235,2021-01-19
-5.81,1.43,0.0,0.3101241462894181,2021-01-20
-12.08,-6.2,0.53,0.1852521829767028,2021-01-21
-9.98,-4.94,1.1,0.1765245994046476,2021-01-22
-27.4,-9.91,0.0,0.2421751304790464,2021-01-23
-31.55,-22.71,0.0,0.1,2021-01-24
-28.65,-21.99,0.0,0.1,2021-01-25
-27.63,-19.42,0.0,0.102174478640088,2021-01-26
-23.37,-14.23,0.0,0.1552488968936425,2021-01-27
-19.0,-10.72,0.0,0.185107385935747,2021-01-28
-15.88,-9.76,0.0,0.1622690879255348,2021-01-29
-16.47,-11.32,0.0,0.1314476172930618,2021-01-30
-19.15,-8.75,0.0,0.2382428619630527,2021-01-31
-14.35,-0.36,0.0,0.4276038770455289,2021-02-01
-8.63,1.98,0.0,0.4288141008986061,2021-02-02
-19.71,-11.95,0.0,0.1710609412318717,2021-02-03
-23.3,-15.76,0.0,0.1324361895750791,2021-02-04
-27.65,-18.95,0.0,0.1154132837895088,2021-02-05
-35.07,-25.6,0.0,0.1,2021-02-06
-36.41,-28.18,0.0,0.1,2021-02-07
-36.46,-26.94,0.0,0.1,2021-02-08
-29.89,-25.74,0.0,0.1,2021-02-09
-33.59,-26.94,0.0,0.1,2021-02-10
-37.71,-27.95,0.0,0.1,2021-02-11
-33.39,-22.56,0.0,0.1005913978719591,2021-02-12
-36.72,-24.36,0.0,0.1,2021-02-13
-34.7,-22.62,0.0,0.103638391748801,2021-02-14
-30.09,-18.87,0.0,0.1362936675872828,2021-02-15
-25.45,-15.11,0.0,0.1743902514700765,2021-02-16
-22.74,-15.58,0.0,0.1424290195449112,2021-02-17
-24.71,-12.34,0.0,0.2256434709607408,2021-02-18
-21.87,-2.36,0.0,0.4751099695429526,2021-02-19
-11.09,-2.77,0.0,0.359248474673607,2021-02-20
-12.17,2.71,0.0,0.6903317367668402,2021-02-21
-3.09,3.81,0.0,0.5004550578507484,2021-02-22
-6.78,0.05,0.0,0.3903733486188464,2021-02-23
-10.08,-1.75,0.0,0.4207785465598814,2021-02-24
-11.91,0.59,0.0,0.6187364687679218,2021-02-25
-16.27,-2.38,0.7,0.5192680073804766,2021-02-26
-24.55,-12.7,0.0,0.2292457977631478,2021-02-27
-21.32,-10.81,0.0,0.2499333011243024,2021-02-28
-17.19,3.81,0.0,0.7801976557438866,2021-03-01
-6.09,3.09,0.0,0.6708031879022254,2021-03-02
-10.45,2.78,0.0,0.7846688501894824,2021-03-03
-9.05,2.51,0.0,0.7566256393091765,2021-03-04
-6.07,5.0,0.0,0.8908990083735129,2021-03-05
-0.53,6.64,0.0,0.7838459072310144,2021-03-06
-4.2,5.49,0.0,0.9027572342998608,2021-03-07
-4.16,4.05,0.0,0.7660418813752958,2021-03-08
-5.1,-0.47,0.0,0.3171193408292792,2021-03-09
-8.71,1.94,0.0,0.7973526518542395,2021-03-10
-17.8,-2.6,0.0,0.6151139498873582,2021-03-11
-9.59,6.34,0.0,1.0977439993300362,2021-03-12
-6.53,6.62,0.0,1.1210982794863074,2021-03-13
-1.98,8.98,0.0,1.23816428790328,2021-03-14
-1.38,7.85,0.0,1.1115755681524464,2021-03-15
-9.3,1.01,0.0,0.7833035619199125,2021-03-16
-7.91,8.63,0.0,1.302692064238394,2021-03-17
-2.87,14.17,0.0,1.634540088971978,2021-03-18
0.47,18.32,0.0,1.8869160146094277,2021-03-19
-0.96,12.02,0.0,1.5414375127524502,2021-03-20
-4.97,3.53,0.0,0.898400246627165,2021-03-21
-5.72,8.97,0.0,1.3669589241106783,2021-03-22
-7.63,0.13,1.55,0.7438762756616762,2021-03-23
-6.17,8.67,0.0,1.3593949593693515,2021-03-24
-3.69,3.05,0.0,0.8542045997110572,2021-03-25
-10.43,2.18,0.0,1.0235172238426282,2021-03-26
-8.81,6.65,0.0,1.2475574730020205,2021-03-27
-1.06,17.29,0.0,1.8807778415154088,2021-03-28
-8.92,4.77,4.74,1.0766595368349714,2021-03-29
-13.83,-5.91,0.0,0.5413086796145531,2021-03-30
-15.44,7.23,0.0,1.1740844523825975,2021-03-31
-2.2,14.58,0.0,1.749155842866846,2021-04-01
-0.13,12.54,0.0,1.641418859276152,2021-04-02
-1.17,13.89,0.0,1.7274850140980291,2021-04-03
-1.02,17.65,0.0,1.9446165637690096,2021-04-04
-2.8,12.54,0.0,1.5954379609646865,2021-04-05
-2.97,16.49,0.0,1.806469004095812,2021-04-06
-0.49,20.81,0.0,2.069178234941891,2021-04-07
1.79,14.56,1.86,1.716482361044302,2021-04-08
-6.47,12.02,0.0,1.5365787337407364,2021-04-09
-0.84,12.74,0.0,1.617908246669428,2021-04-10
-2.53,4.48,2.74,0.7893938340991771,2021-04-11
-3.99,2.38,1.04,0.7767969465401899,2021-04-12
-3.52,3.29,0.0,0.8569709246909738,2021-04-13
-3.54,7.17,0.0,1.307586048805127,2021-04-14
-2.42,13.01,0.0,1.6655031622885457,2021-04-15
-4.45,14.66,0.0,1.74302076728436,2021-04-16
-0.91,20.59,0.0,2.1177881847933917,2021-04-17
-3.31,6.76,0.0,1.2911464489190736,2021-04-18
-6.93,5.04,1.04,1.2472209159517322,2021-04-19
-9.34,9.23,0.0,1.4613799708165405,2021-04-20
-3.84,17.35,0.0,1.985643245693361,2021-04-21
-4.96,6.94,0.0,1.3163342739820716,2021-04-22
-12.39,4.72,0.0,1.163051331247689,2021-04-23
-10.14,7.77,0.0,1.336673887369122,2021-04-24
-5.38,10.73,0.0,1.5440874805986575,2021-04-25
-4.44,14.88,0.0,1.7921830468318647,2021-04-26
-3.99,15.44,0.0,1.8336771377243204,2021-04-27
-2.22,15.76,0.0,1.8729272592249036,2021-04-28
-1.93,11.95,0.0,1.6324749662938267,2021-04-29
2.66,26.32,0.0,2.5567720744955635,2021-04-30
4.98,20.13,0.0,2.1719918418463133,2021-05-01
0.84,13.96,0.0,1.7652344049869946,2021-05-02
-5.24,10.34,0.0,1.54478810924989,2021-05-03
-4.64,14.14,0.0,1.778425223638706,2021-05-04
-3.05,16.67,0.0,1.9468881990983704,2021-05-05
-0.59,17.52,0.0,2.0253083799925538,2021-05-06
0.23,17.26,0.0,2.018535784397971,2021-05-07
2.61,13.76,0.0,1.746798456197968,2021-05-08
-4.19,15.47,0.0,1.8827973197923136,2021-05-09
-2.72,18.09,0.0,2.056357683310158,2021-05-10
0.44,19.73,0.0,2.1868751091466945,2021-05-11
2.25,20.53,0.0,2.243097695884141,2021-05-12
1.6,21.57,0.0,2.3074340384889416,2021-05-13
2.73,22.93,1.39,2.4012693478394604,2021-05-14
3.41,24.44,0.0,2.5048434864105373,2021-05-15
8.17,28.0,0.0,2.748473428148161,2021-05-16
7.31,32.19,0.0,3.0236479010265764,2021-05-17
11.76,27.88,0.0,2.6917520885742743,2021-05-18
2.02,13.65,0.0,1.7325541575668926,2021-05-19
-1.58,4.03,2.29,0.7150971568055898,2021-05-20
-2.37,5.01,2.54,0.9591464548234788,2021-05-21
-0.23,9.46,0.0,1.4705269585903624,2021-05-22
5.93,14.63,16.67,1.6347048966886344,2021-05-23
7.87,11.09,22.23,0.3105203598798147,2021-05-24
2.4,8.76,2.0,0.5203973581919342,2021-05-25
-0.8,13.25,0.0,1.6249356571325568,2021-05-26
1.04,18.69,0.0,2.1362899374657647,2021-05-27
6.93,21.52,0.0,2.2759154121418015,2021-05-28
6.34,20.54,0.0,2.1889517363443125,2021-05-29
2.36,22.81,0.0,2.4843845959642907,2021-05-30
8.47,26.59,0.0,2.747879384819443,2021-05-31
8.83,26.47,0.0,2.734760113540268,2021-06-01
12.37,31.91,0.0,3.0982582206228835,2021-06-02
13.54,35.41,0.0,3.329860401607267,2021-06-03
15.9,29.16,0.0,2.7135647699069345,2021-06-04
11.63,27.88,0.0,2.812294734874531,2021-06-05
8.11,20.78,0.0,2.1393382629851123,2021-06-06
8.73,22.41,0.0,2.324781708957482,2021-06-07
6.18,22.95,2.1,2.100849918503486,2021-06-08
11.71,19.24,8.95,1.0584626387219738,2021-06-09
13.28,20.7,9.03,1.0120321691954708,2021-06-10
10.57,20.59,0.0,1.707445472713185,2021-06-11
6.86,23.4,0.0,2.410041875608522,2021-06-12
6.61,27.33,0.0,2.7865091397629222,2021-06-13
12.85,31.82,0.0,3.0797521899093567,2021-06-14
16.29,33.71,1.46,3.140228086062021,2021-06-15
13.0,24.74,0.0,2.187501841254126,2021-06-16
7.32,24.12,0.0,2.4915234903488717,2021-06-17
8.23,18.68,0.0,1.7021043339068371,2021-06-18
6.84,20.5,1.23,2.078284882877204,2021-06-19
6.01,18.64,0.0,1.8643853577501144,2021-06-20
1.79,24.47,0.0,2.5422266784930674,2021-06-21
10.62,31.08,0.0,3.031444604333562,2021-06-22
13.45,24.06,0.0,1.8939833619753377,2021-06-23
8.83,23.29,0.0,2.227801735069479,2021-06-24
9.87,27.78,0.0,2.7014700417656003,2021-06-25
13.26,28.8,0.0,2.6404764063380397,2021-06-26
12.22,28.04,0.0,2.609730986843639,2021-06-27
10.99,29.52,0.0,2.880816583739803,2021-06-28
12.81,32.98,0.0,3.1633150560733583,2021-06-29
14.47,33.95,0.0,3.1997290301936654,2021-06-30
15.96,34.97,0.0,3.237788247033837,2021-07-01
18.65,39.11,0.0,3.5216487072335454,2021-07-02
17.16,29.61,0.0,2.424105562505593,2021-07-03
12.72,28.08,5.74,2.1357995107165446,2021-07-04
13.3,23.98,0.0,1.8540923431580143,2021-07-05
10.52,20.93,0.0,1.6737554083635038,2021-07-06
11.69,28.41,3.24,2.1803499435168856,2021-07-07
14.15,27.42,4.49,1.8553046112445464,2021-07-08
12.7,30.18,0.0,2.7262053325953715,2021-07-09
13.72,32.33,0.0,2.8869241737566775,2021-07-10
15.79,31.36,0.0,2.6446830855563492,2021-07-11
11.65,27.83,0.0,2.5027460118889295,2021-07-12
10.26,28.89,0.0,2.6913693263514724,2021-07-13
11.4,30.93,0.0,2.850389004343016,2021-07-14
14.21,35.14,0.0,3.1455258872274205,2021-07-15
15.96,30.12,0.0,2.424223539799308,2021-07-16
16.6,35.26,0.0,3.0289084845519287,2021-07-17
13.56,25.88,0.0,2.0003619267830315,2021-07-18
13.7,20.35,0.0,0.9197023073433112,2021-07-19
15.68,27.96,0.0,2.102121454575153,2021-07-20
15.29,31.1,0.0,2.6207748535754836,2021-07-21
13.98,33.21,0.0,2.9384684426873067,2021-07-22
6.37,28.69,0.0,2.7018243867485423,2021-07-23
10.0,29.13,0.0,2.6451602603932813,2021-07-24
10.83,28.49,2.14,2.092852897582778,2021-07-25
12.45,27.84,0.0,2.3252239688473093,2021-07-26
12.71,35.19,0.0,3.0682896924195053,2021-07-27
12.74,29.3,0.0,2.4623592490069774,2021-07-28
13.0,33.52,0.0,2.892727869425616,2021-07-29
12.58,31.0,0.0,2.6485267443221088,2021-07-30
12.61,31.49,0.0,2.688953651077054,2021-07-31
12.65,32.97,0.0,2.823634771803215,2021-08-01
16.29,35.1,0.0,2.842518756899856,2021-08-02
18.94,28.34,0.0,1.5004379374361234,2021-08-03
13.95,28.46,0.0,2.180500722721311,2021-08-04
11.22,30.68,0.0,2.5967418247324856,2021-08-05
15.73,32.9,0.0,2.5684594854598752,2021-08-06
15.05,29.12,0.0,2.1151298705499952,2021-08-07
13.41,22.53,0.0,1.236354500195133,2021-08-08
11.28,20.24,0.0,1.1499616112569044,2021-08-09
10.41,20.68,3.76,1.0400143466013865,2021-08-10
11.31,25.26,0.0,1.895369390401007,2021-08-11
8.64,23.89,0.0,1.921161722874987,2021-08-12
8.7,29.85,0.0,2.518404504097049,2021-08-13
15.92,37.49,0.0,2.9292962233931874,2021-08-14
15.82,32.81,0.0,2.4442923267403147,2021-08-15
14.8,26.33,0.0,1.644506127652131,2021-08-16
10.24,18.55,4.12,0.7747310387188617,2021-08-17
9.18,17.5,3.04,0.7541568084378121,2021-08-18
7.47,19.21,3.59,1.0477538294512851,2021-08-19
9.93,19.24,4.74,0.8546231852285118,2021-08-20
6.03,21.53,5.3,1.368194687685848,2021-08-21
9.51,15.43,9.88,0.5429310935691809,2021-08-22
7.51,17.45,8.6,0.9425167850410738,2021-08-23
7.1,14.53,0.0,0.7618171411959973,2021-08-24
3.26,19.77,0.0,1.7266993621599545,2021-08-25
7.26,20.47,0.0,1.5961704634915572,2021-08-26
12.2,21.27,0.0,1.1993435494724654,2021-08-27
10.72,24.01,0.0,1.7728944587992426,2021-08-28
7.76,25.93,0.0,2.116977280245877,2021-08-29
8.95,28.89,0.0,2.3160477014886096,2021-08-30
11.53,24.87,11.55,1.4305170662681217,2021-08-31
8.62,21.3,0.0,1.4765741963079473,2021-09-01
8.66,18.74,0.0,1.119627764892218,2021-09-02
8.13,21.72,0.0,1.5346589291303825,2021-09-03
5.35,23.25,0.0,1.8039572753881108,2021-09-04
7.92,29.06,0.0,2.177055385957047,2021-09-05
10.24,22.43,1.69,1.410078598578611,2021-09-06
7.42,23.58,0.0,1.7023807427131297,2021-09-07
5.57,25.3,0.0,1.94657979308262,2021-09-08
10.32,28.37,0.0,2.1078741547785165,2021-09-09
8.51,21.77,0.0,1.511582302540197,2021-09-10
6.46,14.48,0.0,0.734457464665756,2021-09-11
2.73,17.96,0.0,1.4239895432325342,2021-09-12
7.19,21.29,0.0,1.528848416168823,2021-09-13
4.26,23.1,0.0,1.7963986069334923,2021-09-14
8.22,18.79,0.0,1.1336193982676186,2021-09-15
3.57,15.08,0.0,1.0479598990084695,2021-09-16
-1.3,19.41,0.0,1.5596580061324257,2021-09-17
11.02,32.35,0.0,2.2586756023002357,2021-09-18
6.65,20.02,0.0,1.3149454541843597,2021-09-19
1.72,18.79,0.0,1.414970531159954,2021-09-20
2.69,22.15,0.0,1.6270106759912302,2021-09-21
6.04,27.49,0.0,1.9247667715282564,2021-09-22
4.34,16.96,0.0,1.0496466203562471,2021-09-23
-1.15,19.56,0.0,1.4572219818921373,2021-09-24
7.35,25.73,0.0,1.6849512913325653,2021-09-25
4.08,25.44,0.0,1.7363124472253002,2021-09-26
9.05,29.77,0.0,1.901049409074175,2021-09-27
6.49,27.22,0.0,1.767571354187743,2021-09-28
6.28,20.92,0.0,1.2186888466983008,2021-09-29
1.92,24.03,0.0,1.6109359884986636,2021-09-30
5.97,23.15,0.0,1.398774936115196,2021-10-01
0.3,21.41,0.0,1.427660545873511,2021-10-02
5.66,23.85,0.0,1.471552712488381,2021-10-03
2.05,20.41,0.0,1.3118299049313826,2021-10-04
5.26,23.52,0.0,1.4290001713929108,2021-10-05
6.99,26.14,0.0,1.5795858700206775,2021-10-06
2.72,14.16,0.0,0.7491721715963507,2021-10-07
0.61,16.82,0.0,1.0809385293096208,2021-10-08
-1.34,19.86,0.0,1.336590386819087,2021-10-09
-0.83,18.78,0.0,1.2384346038265577,2021-10-10
-2.1,9.02,0.0,0.6049047804009464,2021-10-11
-7.0,8.85,0.0,0.7206680503319173,2021-10-12
-4.22,5.05,3.58,0.4284369291622205,2021-10-13
-1.88,6.48,2.25,0.4209302868250042,2021-10-14
-3.7,13.64,0.0,0.8852339181022185,2021-10-15
-0.73,18.08,0.0,1.0799248455641952,2021-10-16
3.11,24.2,0.0,1.3786962252888748,2021-10-17
1.42,13.4,0.0,0.713297875807954,2021-10-18
-5.35,6.83,0.0,0.5654684732731261,2021-10-19
-7.33,7.9,0.0,0.6577824571557157,2021-10-20
-4.28,10.44,0.0,0.7132604880741575,2021-10-21
-5.49,9.45,0.0,0.6889867807474777,2021-10-22
-1.87,6.93,1.58,0.4547819415814326,2021-10-23
2.05,6.57,0.0,0.2658271131119399,2021-10-24
3.31,9.49,2.59,0.3594276804804354,2021-10-25
2.26,10.81,0.0,0.5099307651986708,2021-10-26
-0.12,13.41,0.0,0.7474932049116503,2021-10-27
-2.15,11.15,0.0,0.68370126695571,2021-10-28
0.49,8.7,1.48,0.4583096696808372,2021-10-29
-5.2,4.76,0.0,0.4497198146053612,2021-10-30
-8.76,4.04,0.0,0.4999718928934857,2021-10-31
-10.34,2.36,0.0,0.4602323464055541,2021-11-01
-10.31,6.87,0.0,0.6321867114873846,2021-11-02
-8.23,10.2,0.0,0.7400723414464808,2021-11-03
-2.27,15.49,0.0,0.8863784043383707,2021-11-04
2.12,14.28,0.0,0.7025550835401682,2021-11-05
-3.08,9.92,0.0,0.6261883102735619,2021-11-06
-6.05,9.78,0.0,0.6805984337262554,2021-11-07
-5.91,8.79,0.0,0.6325648948281309,2021-11-08
-9.63,7.83,0.0,0.6456243591720122,2021-11-09
-2.17,3.32,1.14,0.2648393488509609,2021-11-10
-6.59,-2.43,0.0,0.1647170442355472,2021-11-11
-9.0,-2.94,0.0,0.2161516028084508,2021-11-12
-9.14,5.74,0.0,0.5500117081105065,2021-11-13
-5.7,2.0,0.49,0.3209854014615232,2021-11-14
-1.53,5.23,0.78,0.333306619224635,2021-11-15
-4.59,6.21,4.85,0.4570776524642752,2021-11-16
-12.7,-5.4,0.0,0.2163309385949818,2021-11-17
-15.24,-1.5,0.0,0.3712945377195334,2021-11-18
-10.87,-2.01,0.0,0.2904188387249637,2021-11-19
-11.19,0.65,0.0,0.3870706866806289,2021-11-20
-17.12,-2.47,0.0,0.3572062236323944,2021-11-21
-7.27,4.93,0.0,0.4749786256878564,2021-11-22
-9.73,2.89,0.0,0.4384397852035714,2021-11-23
-17.14,-8.42,0.0,0.1994690578604227,2021-11-24
-11.42,2.39,0.0,0.4426041831014537,2021-11-25
-2.4,6.24,0.0,0.4001995951102237,2021-11-26
-7.09,2.05,0.0,0.3488130891478754,2021-11-27
-5.05,4.49,0.0,0.3967167105915892,2021-11-28
-3.71,5.49,1.08,0.402561218633681,2021-11-29
-5.81,5.16,0.0,0.4419490628728626,2021-11-30
-0.29,6.66,0.0,0.3441874352428719,2021-12-01
-3.65,2.18,1.23,0.2529029948189942,2021-12-02
-8.45,-1.26,0.0,0.2535486489641436,2021-12-03
-11.22,-3.04,0.85,0.2577454398761072,2021-12-04
-22.39,-8.78,0.75,0.2374289046345406,2021-12-05
-25.04,-13.28,0.0,0.169151007337141,2021-12-06
-20.99,-8.94,0.0,0.2254373679980468,2021-12-07
-15.06,2.86,0.76,0.4876449084901385,2021-12-08
-12.34,-2.18,0.0,0.3044226304270011,2021-12-09
-14.31,-4.22,0.0,0.2716796189247754,2021-12-10
-10.46,4.07,0.0,0.483958327133395,2021-12-11
-9.11,1.05,0.0,0.353235927556547,2021-12-12
-14.26,-3.33,0.0,0.2953218223105938,2021-12-13
-9.39,-2.44,0.22,0.2339978933071892,2021-12-14
-21.86,-12.62,0.0,0.1569364701864747,2021-12-15
-25.22,-17.22,0.43,0.106737793016766,2021-12-16
-25.87,-17.9,0.91,0.1015670260821988,2021-12-17
-28.1,-9.05,0.0,0.2413714143743701,2021-12-18
-19.86,-10.38,0.0,0.1825145589262251,2021-12-19
-20.78,-12.44,0.0,0.1498022867761094,2021-12-20
-19.72,-7.42,0.0,0.2460200791913769,2021-12-21
-13.94,-6.77,2.81,0.1843644301693692,2021-12-22
-14.78,-1.69,1.75,0.348537030117194,2021-12-23
-24.81,-15.69,0.69,0.1273654180446003,2021-12-24
-29.28,-22.69,1.86,0.1,2021-12-25
-28.39,-24.52,6.88,0.1,2021-12-26
-34.68,-26.46,0.4,0.1,2021-12-27
-37.05,-27.52,0.0,0.1,2021-12-28
-34.65,-26.02,0.0,0.1,2021-12-29
-36.67,-27.56,0.0,0.1,2021-12-30
-35.74,-27.45,0.0,0.1,2021-12-31
-35.25,-22.92,0.0,0.1,2022-01-01
-26.25,-1.42,0.0,0.3842492245106052,2022-01-02
-17.29,-5.36,3.85,0.2654909649556724,2022-01-03
-23.96,-13.02,1.86,0.1651801741871091,2022-01-04
-32.9,-19.91,0.0,0.1073720787110259,2022-01-05
-35.22,-26.43,0.0,0.1,2022-01-06
-24.27,-7.96,1.55,0.2597494678935892,2022-01-07
-24.59,-14.28,0.0,0.1491738835096298,2022-01-08
-28.92,-16.61,0.0,0.1360334287936501,2022-01-09
-21.61,-0.16,0.0,0.4265130328908043,2022-01-10
-11.75,3.58,0.0,0.4889588588324368,2022-01-11
-2.04,5.1,0.0,0.3351795342126461,2022-01-12
-5.26,4.0,2.31,0.3716899041501044,2022-01-13
-5.93,1.53,0.0,0.3005451480463715,2022-01-14
-4.68,4.48,0.0,0.3933462515347971,2022-01-15
-4.66,4.22,0.0,0.3826249697283608,2022-01-16
-5.81,4.34,0.97,0.4199604154254733,2022-01-17
-19.42,2.42,0.0,0.5016695870437078,2022-01-18
-26.53,-15.74,0.0,0.1418463979406733,2022-01-19
-23.19,-2.72,2.1,0.3632482100521155,2022-01-20
-9.4,2.59,1.29,0.4331603883411294,2022-01-21
-7.43,4.5,1.75,0.472264128564175,2022-01-22
-7.7,5.11,0.0,0.50496263410606,2022-01-23
-10.26,2.1,0.0,0.4346987525094763,2022-01-24
-22.11,-4.78,0.0,0.3353915120378826,2022-01-25
-9.52,2.2,0.0,0.4287291538927863,2022-01-26
-7.62,1.27,0.0,0.3513063669336331,2022-01-27
-11.08,1.17,0.0,0.4205781434845693,2022-01-28
-8.89,2.25,0.0,0.4237808303447223,2022-01-29
-4.6,5.19,0.0,0.4482760448634959,2022-01-30
-12.5,3.53,3.86,0.5050488755564242,2022-01-31
-26.12,-17.43,0.0,0.1207776861734147,2022-02-01
-32.39,-23.44,0.0,0.1,2022-02-02
-30.24,-19.84,0.0,0.1116886776900979,2022-02-03
-31.96,-7.31,6.98,0.2734823517911073,2022-02-04
-15.18,-6.57,1.12,0.2430278036206951,2022-02-05
-16.63,1.58,0.0,0.5101775250923111,2022-02-06
-5.32,5.48,0.0,0.5030423367793041,2022-02-07
-4.29,2.75,0.0,0.3404465428191225,2022-02-08
-7.94,2.94,0.69,0.4608179400768896,2022-02-09
-8.69,5.28,0.98,0.5791889981745427,2022-02-10
-17.87,-11.86,0.0,0.1467101582067063,2022-02-11
-16.97,-6.6,0.0,0.281501244101802,2022-02-12
-15.52,1.94,0.0,0.5355253802829073,2022-02-13
-17.57,-9.32,1.15,0.213299601676314,2022-02-14
-14.87,-6.91,1.59,0.2415250644585682,2022-02-15
-24.1,-15.55,0.47,0.1486494086031477,2022-02-16
-26.28,-3.56,0.0,0.3996578520853273,2022-02-17
-20.01,-6.73,0.0,0.3190002243982475,2022-02-18
-17.36,3.54,4.01,0.57403377314857,2022-02-19
-22.35,-15.5,0.0,0.1342663862862062,2022-02-20
-28.23,-19.93,0.0,0.1114216156374618,2022-02-21
-31.44,-20.3,0.0,0.1242115604483727,2022-02-22
-30.51,-18.62,0.0,0.1445671498983663,2022-02-23
-26.58,-16.56,0.0,0.1594997091112583,2022-02-24
-26.19,-7.86,0.0,0.326660496020049,2022-02-25
-13.89,-2.31,0.0,0.4106028653548107,2022-02-26
-11.78,-6.47,0.0,0.2032200846499924,2022-02-27
-13.58,-7.25,0.0,0.2243004420445342,2022-02-28
-12.5,-6.86,0.0,0.2129768176318516,2022-03-01
-16.11,-9.1,0.0,0.2225434182185604,2022-03-02
-17.41,-10.04,6.66,0.1995223759338033,2022-03-03
-11.81,-8.32,3.93,0.126084739293793,2022-03-04
-16.93,-10.03,0.0,0.2154917708021448,2022-03-05
-18.23,-4.59,0.0,0.4155458321989403,2022-03-06
-15.44,1.71,0.99,0.6158897477558127,2022-03-07
-17.79,-8.7,0.0,0.2835374572893454,2022-03-08
-23.97,-14.19,0.0,0.2094165252876768,2022-03-09
-23.58,-12.53,0.0,0.2461560670623902,2022-03-10
-30.44,-10.0,0.0,0.3061574017865692,2022-03-11
-15.43,3.04,0.0,0.7070889813832603,2022-03-12
-11.71,-2.4,0.0,0.4151712034280593,2022-03-13
-11.43,0.25,0.0,0.5388013932242759,2022-03-14
-6.07,4.63,0.0,0.6806218550765132,2022-03-15
-3.74,4.17,0.0,0.5198777702009552,2022-03-16
-6.12,5.46,0.0,0.768124656815072,2022-03-17
-1.89,5.76,0.0,0.5646857059462081,2022-03-18
-3.64,6.37,0.0,0.7812014587026163,2022-03-19
-1.31,4.56,2.75,0.392571672505575,2022-03-20
-1.02,5.97,0.0,0.5971297793174952,2022-03-21
-2.56,8.13,0.0,0.9579585007187968,2022-03-22
-1.57,13.01,0.0,1.353650138443384,2022-03-23
-0.76,7.12,1.57,0.7440642219171164,2022-03-24
-6.58,0.62,0.0,0.4787618032248812,2022-03-25
-9.25,-2.8,0.0,0.3655688981792898,2022-03-26
-7.17,8.04,0.0,1.132591980313348,2022-03-27
-2.36,7.96,0.0,1.0846251452045237,2022-03-28
-5.54,2.06,0.0,0.6525597302566408,2022-03-29
-7.64,9.7,0.0,1.3202431158366832,2022-03-30
-1.15,4.83,1.99,0.6106033732481316,2022-03-31
-4.07,5.11,0.0,0.8899606946766017,2022-04-01
-7.07,7.27,0.0,1.1739554403716586,2022-04-02
-4.04,11.65,0.0,1.4734861922326066,2022-04-03
-1.6,15.86,0.0,1.8162514270680297,2022-04-04
-0.82,8.7,2.86,0.916691431257888,2022-04-05
-1.18,7.22,0.83,0.9910603646634478,2022-04-06
-3.68,11.02,0.0,1.4801809245491773,2022-04-07
-1.33,18.66,0.0,2.0521077401878585,2022-04-08
-0.04,12.13,0.0,1.5252890633193037,2022-04-09
-4.11,6.55,0.0,1.1247571028105512,2022-04-10
-8.33,-1.66,0.0,0.5012664769352699,2022-04-11
-10.22,-5.55,0.0,0.2696618483208311,2022-04-12
-9.89,-5.29,2.0,0.2379219146831732,2022-04-13
-9.08,-3.48,2.05,0.3079388372545666,2022-04-14
-9.99,-2.08,0.0,0.6013445903098674,2022-04-15
-9.62,1.28,0.0,0.8984759538927749,2022-04-16
-7.75,4.05,0.0,1.0896070549994583,2022-04-17
-7.61,8.69,0.0,1.4444991391845106,2022-04-18
-2.81,4.51,2.88,0.6772315876809161,2022-04-19
-4.57,1.61,2.16,0.4583795612504741,2022-04-20
-8.49,5.51,0.0,1.221726075837514,2022-04-21
-2.41,3.49,0.75,0.7069455248938065,2022-04-22
0.06,9.64,1.61,1.4204704830718025,2022-04-23
-2.67,11.59,0.0,1.699741873960808,2022-04-24
-2.14,11.09,0.0,1.6477793919669743,2022-04-25
-2.67,15.41,0.0,1.9942655755005496,2022-04-26
1.02,15.67,0.0,2.038961230721232,2022-04-27
0.62,17.51,0.0,2.1647265277278867,2022-04-28
0.25,16.42,0.0,2.0983580381655926,2022-04-29
1.24,17.35,0.0,2.162540736096913,2022-04-30
0.72,15.13,0.0,1.989493595626308,2022-05-01
-0.35,18.46,0.0,2.2200447919977946,2022-05-02
3.87,19.87,0.0,2.346628733161338,2022-05-03
0.82,24.03,0.0,2.5662635739975967,2022-05-04
8.12,27.32,0.0,2.852632407344012,2022-05-05
9.71,22.29,3.26,2.2100460736861196,2022-05-06
5.5,14.6,7.87,1.4177957923194264,2022-05-07
2.86,15.01,0.0,1.8033925047168045,2022-05-08
-0.38,14.92,0.0,1.8875538547256736,2022-05-09
3.13,13.93,2.64,1.331631915056292,2022-05-10
-0.57,18.64,0.0,2.165703460093711,2022-05-11
3.26,20.12,0.0,2.2860777529075147,2022-05-12
4.89,10.99,11.07,0.6542256307671314,2022-05-13
2.74,16.83,0.0,1.8721878858497665,2022-05-14
3.24,20.45,0.0,2.2200791613267294,2022-05-15
4.89,20.49,0.0,2.196300066584049,2022-05-16
6.18,19.61,2.36,1.6785563827548506,2022-05-17
6.8,16.56,0.91,1.55518628440113,2022-05-18
1.26,10.83,3.12,0.9385424617736592,2022-05-19
0.71,8.31,0.0,0.8527973930927778,2022-05-20
-0.86,14.28,0.0,1.7484415984811357,2022-05-21
0.6,16.78,0.0,1.952515732964291,2022-05-22
1.69,22.55,0.0,2.4382164059485554,2022-05-23
4.57,24.25,0.0,2.574619062462573,2022-05-24
6.32,24.08,0.0,2.536722146277789,2022-05-25
5.77,23.91,0.0,2.5368502556804526,2022-05-26
6.87,21.1,2.03,1.7979592865689171,2022-05-27
8.18,22.74,0.0,2.315920459412869,2022-05-28
9.26,20.53,0.0,1.9276875100725,2022-05-29
6.7,17.79,0.0,1.754641795002319,2022-05-30
3.19,18.76,0.0,2.0978203010368106,2022-05-31
2.35,19.68,0.0,2.2175841435033985,2022-06-01
4.15,21.4,0.0,2.4141062977675323,2022-06-02
2.53,23.04,0.0,2.5257291841580063,2022-06-03
4.27,24.83,0.0,2.65684859085916,2022-06-04
6.71,20.34,0.0,2.2717080286877915,2022-06-05
5.93,20.56,0.0,2.336342496938996,2022-06-06
7.74,20.9,0.0,2.2929226460829155,2022-06-07
6.71,24.4,3.69,2.306331087091946,2022-06-08
11.5,24.15,6.96,1.976145812070028,2022-06-09
10.68,26.06,2.38,2.19609103927667,2022-06-10
8.19,23.88,0.0,2.4989474532508997,2022-06-11
8.72,24.49,7.04,2.0882827354153526,2022-06-12
11.34,21.2,7.37,1.339559926046934,2022-06-13
6.95,18.9,0.0,1.7758979431324315,2022-06-14
5.19,16.8,5.58,1.294100607537751,2022-06-15
11.34,20.76,0.0,1.54361761311088,2022-06-16
11.02,29.25,0.0,2.782982424602513,2022-06-17
17.42,31.23,0.0,2.569859915543089,2022-06-18
15.68,21.12,4.23,0.6368707438343644,2022-06-19
14.24,20.59,3.19,0.7278063511673853,2022-06-20
11.75,22.63,0.87,1.802158423858686,2022-06-21
10.99,27.85,0.0,2.610242186485616,2022-06-22
10.5,26.13,5.89,1.9986708196559693,2022-06-23
7.99,18.12,2.43,1.1503763953296675,2022-06-24
8.36,21.06,3.61,1.511418178768846,2022-06-25
8.57,24.88,0.0,2.338196099856843,2022-06-26
9.97,23.37,0.0,2.058614904178208,2022-06-27
9.3,22.51,2.24,1.585860501026623,2022-06-28
12.44,24.6,0.0,1.9736258426048312,2022-06-29
9.47,23.03,0.0,2.0432436947790635,2022-06-30
8.14,23.96,0.0,2.248349096141994,2022-07-01
10.02,22.5,2.55,1.5287619982372598,2022-07-02
10.79,23.35,0.77,1.978462427384643,2022-07-03
12.54,18.43,6.61,0.6835230047255519,2022-07-04
12.18,18.33,2.86,0.7130251528505365,2022-07-05
12.63,24.13,0.0,1.908333116308771,2022-07-06
12.42,24.2,1.74,1.943494923628469,2022-07-07
16.66,31.4,3.49,2.038505498142252,2022-07-08
16.0,28.88,2.08,1.7573050420781455,2022-07-09
13.73,25.06,4.21,1.4661176224624273,2022-07-10
10.9,26.99,0.0,2.3476976511570253,2022-07-11
10.51,30.24,0.0,2.66453606399775,2022-07-12
16.16,33.06,2.99,2.1692534702835093,2022-07-13
14.8,28.02,0.0,2.145749487475745,2022-07-14
16.28,33.65,0.0,2.704491765977298,2022-07-15
14.98,35.06,0.0,2.8857077590429863,2022-07-16
15.74,31.23,0.0,2.4382672168514103,2022-07-17
14.24,28.99,18.37,1.8194900682605843,2022-07-18
15.19,28.51,7.42,1.5779226359062906,2022-07-19
12.63,24.76,0.0,1.6806202198557312,2022-07-20
10.84,28.4,0.0,2.262220510118373,2022-07-21
11.19,24.81,0.0,1.8178843750766056,2022-07-22
8.78,21.94,0.0,1.657246725285252,2022-07-23
7.86,28.39,0.0,2.3676845511128333,2022-07-24
13.34,20.62,2.74,0.8061315929081401,2022-07-25
10.48,24.23,0.0,1.7721504253420302,2022-07-26
7.83,25.81,0.0,2.103892567422205,2022-07-27
8.29,27.88,0.0,2.262649856367973,2022-07-28
13.17,33.67,0.0,2.567428540221259,2022-07-29
15.46,25.39,2.77,1.1021476487001949,2022-07-30
13.52,27.6,5.93,1.4833258018681186,2022-07-31
14.66,26.47,0.0,1.5384884816628974,2022-08-01
13.37,24.68,0.0,1.4184581944788193,2022-08-02
8.06,25.77,0.0,1.9739747535821688,2022-08-03
10.93,33.91,0.0,2.555353596189846,2022-08-04
8.72,18.67,0.0,1.0657192754571618,2022-08-05
4.72,22.81,0.0,1.828667100744387,2022-08-06
11.65,30.12,0.0,2.1895615692387125,2022-08-07
11.01,32.77,0.0,2.44653067932032,2022-08-08
9.69,25.85,0.0,1.8306490880917403,2022-08-09
10.34,26.09,0.0,1.8025941399253231,2022-08-10
15.57,26.13,0.0,1.257424176837966,2022-08-11
11.75,31.7,0.0,2.3394634524583826,2022-08-12
15.91,32.73,2.11,1.7631541222648155,2022-08-13
15.35,30.68,0.0,1.9418919285014165,2022-08-14
12.02,29.53,0.0,2.06222192274357,2022-08-15
13.79,34.49,0.0,2.441735194775766,2022-08-16
16.05,29.61,0.0,1.7099353580442578,2022-08-17
12.47,29.32,0.0,1.9960528181485748,2022-08-18
10.6,29.48,0.0,2.1058335352172226,2022-08-19
14.21,31.91,0.0,2.1192390455128605,2022-08-20
12.61,33.91,0.0,2.381989939952123,2022-08-21
16.31,26.23,0.0,1.121592617083114,2022-08-22
14.04,26.6,0.0,1.4483437750775168,2022-08-23
10.58,26.98,0.0,1.780211714601192,2022-08-24
10.38,28.43,0.0,1.9252098330083205,2022-08-25
12.89,28.4,8.45,1.4242356320394711,2022-08-26
13.47,30.63,0.0,1.8977956085384944,2022-08-27
12.41,21.61,0.0,0.9596294897159776,2022-08-28
8.7,27.33,0.0,1.8373019167614728,2022-08-29
10.28,31.72,0.0,2.1327845264516947,2022-08-30
13.57,35.12,0.0,2.246879830589702,2022-08-31
14.09,32.01,0.0,1.9006109702124512,2022-09-01
5.89,26.88,0.0,1.8433345536119223,2022-09-02
12.11,36.42,0.0,2.360447084894145,2022-09-03
15.53,34.68,0.0,2.0069635496053975,2022-09-04
12.49,30.99,0.0,1.8343669415760555,2022-09-05
8.65,24.67,0.0,1.4410005639964751,2022-09-06
10.19,34.99,0.0,2.264775341439365,2022-09-07
6.97,19.34,0.0,1.054594864597926,2022-09-08
3.43,17.18,0.0,1.06214798351357,2022-09-09
1.84,22.89,0.0,1.5869537066701676,2022-09-10
8.23,32.11,0.0,2.116171926764465,2022-09-11
8.96,23.01,0.0,1.2682984052478143,2022-09-12
9.07,15.13,1.38,0.5331328423403927,2022-09-13
7.45,15.68,1.2,0.6949757569801038,2022-09-14
5.48,16.17,0.0,0.8569682421026744,2022-09-15
10.45,20.31,0.0,0.8896948715949102,2022-09-16
7.89,23.18,0.0,1.3453723014924857,2022-09-17
5.04,22.17,0.0,1.415940780053862,2022-09-18
8.6,17.87,3.82,0.7276288508499397,2022-09-19
4.37,13.63,0.0,0.7112945634958847,2022-09-20
-0.53,16.91,0.0,1.1749824912085325,2022-09-21
1.86,18.71,0.97,1.239454302700104,2022-09-22
4.83,20.06,0.0,1.2132158566277236,2022-09-23
6.3,21.44,0.0,1.2682559928022066,2022-09-24
1.86,21.9,0.0,1.472150149674563,2022-09-25
6.32,22.9,0.0,1.371015315035881,2022-09-26
6.25,25.52,0.0,1.5873757959275878,2022-09-27
8.69,30.65,0.0,1.8815283404470424,2022-09-28
7.95,29.9,0.0,1.8315237007685177,2022-09-29
10.49,23.13,0.0,1.0584501800380046,2022-09-30
7.44,19.68,0.0,0.9517615086765672,2022-10-01
5.26,19.8,0.0,1.0967078497988312,2022-10-02
6.9,22.25,0.0,1.2646977393504557,2022-10-03
7.58,25.74,0.0,1.5418062654937692,2022-10-04
3.26,11.95,0.0,0.5989323647109411,2022-10-05
-3.88,10.05,0.0,0.7519263220983254,2022-10-06
-2.38,19.7,0.0,1.357373982119764,2022-10-07
3.27,22.67,0.0,1.4474949026988242,2022-10-08
3.34,22.4,0.0,1.4387414305162949,2022-10-09
3.1,25.29,0.0,1.6284405107205908,2022-10-10
3.57,14.66,0.0,0.7479097803312545,2022-10-11
2.43,11.25,0.0,0.5722879422199679,2022-10-12
-0.26,14.09,0.0,0.8960994233335572,2022-10-13
-2.05,15.67,1.13,1.053198742866275,2022-10-14
-1.95,8.91,0.0,0.593759833469724,2022-10-15
-4.03,9.09,0.0,0.6629655534177563,2022-10-16
-2.7,17.46,0.0,1.2772137536747337,2022-10-17
1.0,22.48,0.0,1.6452950210318864,2022-10-18
2.07,21.58,0.0,1.5516079335349695,2022-10-19
3.24,15.2,0.0,0.9518687288825608,2022-10-20
0.33,11.34,0.0,0.7400090680002525,2022-10-21
-4.08,10.42,4.3,0.7114817144990904,2022-10-22
-0.85,3.16,11.14,0.2021913052923681,2022-10-23
-2.78,0.92,0.0,0.1824171228048953,2022-10-24
-3.4,3.33,0.0,0.3270884264419305,2022-10-25
-4.39,6.21,0.0,0.5030155705427777,2022-10-26
-0.68,9.96,0.0,0.5792733464094888,2022-10-27
-0.42,10.11,0.0,0.5781897129733666,2022-10-28
-1.76,12.97,0.0,0.81751257134329,2022-10-29
-0.98,14.61,0.0,0.9502911326944072,2022-10-30
-1.0,8.82,0.0,0.5206052843418183,2022-10-31
-0.42,8.98,0.0,0.5068053889451296,2022-11-01
-2.78,0.99,0.0,0.1825122073439651,2022-11-02
-8.13,-2.84,0.0,0.2027060707989376,2022-11-03
-9.52,3.54,1.56,0.4992262931606179,2022-11-04
-5.49,3.24,11.69,0.3694983397443216,2022-11-05
-12.47,-6.64,0.0,0.1831171737473061,2022-11-06
-15.04,-7.07,5.87,0.2098769098333806,2022-11-07
-18.48,-7.45,0.0,0.2592746569069502,2022-11-08
-24.41,-15.43,0.0,0.1417808321229038,2022-11-09
-24.12,-14.66,0.0,0.1524341506500592,2022-11-10
-21.73,-10.87,0.0,0.206689289856786,2022-11-11
-21.59,-10.34,1.35,0.2160710315669546,2022-11-12
-14.08,-5.62,0.0,0.2460844094017617,2022-11-13
-11.57,-5.06,0.82,0.2125826281579053,2022-11-14
-9.85,-3.57,0.0,0.2235131696100355,2022-11-15
-10.39,-2.73,0.0,0.2679821537236568,2022-11-16
-16.52,-10.18,0.0,0.1575898795322697,2022-11-17
-16.79,-7.13,0.0,0.2427765981870976,2022-11-18
-12.49,-4.07,0.0,0.265111246323518,2022-11-19
-11.67,0.75,0.0,0.4113797785587975,2022-11-20
-11.28,1.53,1.01,0.4311124474725609,2022-11-21
-6.15,2.6,0.0,0.3683457899837971,2022-11-22
-4.87,2.22,0.0,0.313005476891142,2022-11-23
-6.64,4.13,0.0,0.440942118703894,2022-11-24
-0.2,6.79,0.0,0.3678244024766676,2022-11-25
-3.69,2.65,0.0,0.2906345833070639,2022-11-26
-4.44,2.59,2.96,0.2978995116921297,2022-11-27
-11.45,-5.48,5.26,0.1808193656389969,2022-11-28
-16.86,-10.87,1.68,0.1407325331031115,2022-11-29
-21.2,-14.35,1.97,0.1239661658981943,2022-11-30
-23.59,-15.54,0.7,0.1258820559487623,2022-12-01
-29.51,-21.89,0.0,0.1,2022-12-02
-24.81,-11.11,0.0,0.2074099439770657,2022-12-03
-15.46,-3.23,0.0,0.3198108478461234,2022-12-04
-24.38,-14.14,0.66,0.153408143462673,2022-12-05
-33.35,-21.92,0.0,0.1,2022-12-06
-34.69,-8.7,0.0,0.2328414139264341,2022-12-07
-15.23,-5.25,0.0,0.2578725890375812,2022-12-08
-11.13,-2.04,0.0,0.2896655054265038,2022-12-09
-17.1,-6.44,0.0,0.2485161261820977,2022-12-10
-10.63,-4.47,1.43,0.1969930597855838,2022-12-11
-12.6,-7.64,2.84,0.1362002292576893,2022-12-12
-16.45,-11.8,0.0,0.1066162555963681,2022-12-13
-18.37,-8.27,0.25,0.2174982112655098,2022-12-14
-16.83,-10.75,0.0,0.1380137895412312,2022-12-15
-20.37,-13.41,0.55,0.1282211724745657,2022-12-16
-20.73,-14.73,1.01,0.1068705178210878,2022-12-17
-25.86,-20.31,0.95,0.1,2022-12-18
-31.12,-23.33,1.87,0.1,2022-12-19
-35.51,-29.0,1.56,0.1,2022-12-20
-33.6,-27.93,0.73,0.1,2022-12-21
-32.39,-25.95,0.0,0.1,2022-12-22
-35.54,-20.51,0.0,0.105055197600977,2022-12-23
-23.23,-11.5,3.19,0.1832089101047448,2022-12-24
-16.89,-8.81,0.0,0.1871895028846321,2022-12-25
-15.48,0.25,0.0,0.4130016200113254,2022-12-26
-10.73,-3.18,7.53,0.2338859663171186,2022-12-27
-16.38,-9.19,1.82,0.1700757703280274,2022-12-28
-14.9,-10.05,0.0,0.1222588616732335,2022-12-29
-16.56,-8.29,0.0,0.1957007968767843,2022-12-30
-18.4,-10.47,0.0,0.1680527458905292,2022-12-31
-18.32,-6.54,0.0,0.2559489292288692,2023-01-01
-14.69,-4.92,0.0,0.2577491562217516,2023-01-02
-14.86,-5.78,0.0,0.2368840168590602,2023-01-03
-17.81,-9.25,0.0,0.1882692555355302,2023-01-04
-17.87,-10.4,0.0,0.1624566017094319,2023-01-05
-17.02,-5.48,0.0,0.2718836395362233,2023-01-06
-12.69,-3.64,0.0,0.2668651178667103,2023-01-07
-14.16,-4.79,0.0,0.2565415271068638,2023-01-08
-13.86,-4.32,0.0,0.2661551696980203,2023-01-09
-15.96,-9.69,0.0,0.1528142851049506,2023-01-10
-15.45,-9.6,0.0,0.1465314174806654,2023-01-11
-13.99,-6.85,0.0,0.1966671250189622,2023-01-12
-12.23,-2.8,0.0,0.289998097492376,2023-01-13
-11.74,-4.52,0.0,0.2262828795664869,2023-01-14
-9.81,-6.89,0.0,0.1,2023-01-15
-9.31,-7.24,0.0,0.1,2023-01-16
-10.41,-7.13,0.0,0.1083325680334992,2023-01-17
-8.5,-3.17,0.0,0.1973453750560021,2023-01-18
-9.83,-4.45,0.0,0.1873277969952508,2023-01-19
-14.08,-4.72,0.0,0.2675084350807523,2023-01-20
-12.3,-0.82,0.0,0.3740971712067133,2023-01-21
-6.93,1.15,0.0,0.3319315434405843,2023-01-22
-12.93,-1.59,0.74,0.3897728585658112,2023-01-23
-10.17,-2.29,0.0,0.2874186400012832,2023-01-24
-8.04,-0.8,1.62,0.301312049969537,2023-01-25
-9.04,3.55,1.0,0.6024196827736324,2023-01-26
-19.25,-4.67,0.0,0.3527855221177606,2023-01-27
-24.31,-18.21,0.0,0.1,2023-01-28
-25.77,-19.58,0.0,0.1,2023-01-29
-25.94,-17.65,0.0,0.1207917345790748,2023-01-30
-23.29,-13.08,0.0,0.1819063394482034,2023-01-31
-23.38,-11.87,1.63,0.2065663606192846,2023-02-01
-27.84,-17.61,0.0,0.1349278937295817,2023-02-02
-19.73,-2.2,0.0,0.462702908663074,2023-02-03
-7.4,-0.03,0.0,0.4049255556026015,2023-02-04
-11.01,1.42,0.0,0.6041220333107913,2023-02-05
-4.73,0.8,0.0,0.3278193171278014,2023-02-06
-4.81,2.9,0.0,0.5582195767595278,2023-02-07
-9.36,-0.49,1.41,0.4920439852483881,2023-02-08
-13.72,-2.59,0.0,0.469786310752517,2023-02-09
-9.52,4.48,0.0,0.7972813069247318,2023-02-10
-6.76,1.09,0.0,0.5285083640827102,2023-02-11
-7.82,1.42,0.0,0.6093618260975734,2023-02-12
-4.06,3.31,0.0,0.6130516979732565,2023-02-13
-17.09,-4.8,0.0,0.4328392282437767,2023-02-14
-17.24,-10.02,0.0,0.2029257521160028,2023-02-15
-19.33,-2.07,0.0,0.5401545375911787,2023-02-16
-9.06,-0.57,0.0,0.524060506583858,2023-02-17
-12.74,-4.2,0.0,0.4026034637693824,2023-02-18
-12.94,-6.6,1.35,0.255818931099232,2023-02-19
-21.16,-11.18,0.0,0.2525369414717173,2023-02-20
-27.16,-18.09,0.0,0.1370320444556049,2023-02-21
-30.98,-25.58,0.0,0.1,2023-02-22
-29.6,-21.92,0.0,0.1,2023-02-23
-31.08,-19.92,0.0,0.132317677053261,2023-02-24
-28.06,-12.29,0.0,0.268199055448067,2023-02-25
-18.36,-3.13,0.0,0.5722034537355409,2023-02-26
-16.12,-6.33,0.0,0.4242033084312769,2023-02-27
-20.99,-11.19,0.0,0.2810460303127945,2023-02-28
-20.14,-7.12,0.0,0.434755269713913,2023-03-01
-12.93,0.75,0.0,0.7880808215177292,2023-03-02
-10.71,-0.8,0.0,0.6823602009214199,2023-03-03
-15.35,-5.54,0.0,0.4816818130354426,2023-03-04
-21.04,-11.63,0.0,0.2869832386592012,2023-03-05
-25.62,-13.76,0.0,0.2579492966006689,2023-03-06
-18.08,-13.04,0.0,0.1469313113424597,2023-03-07
-19.73,-14.12,0.91,0.1496471729768743,2023-03-08
-19.36,-11.04,0.0,0.3027781835232723,2023-03-09
-14.55,-7.24,3.68,0.3079725512745829,2023-03-10
-12.73,-7.06,3.48,0.246688293171093,2023-03-11
-19.48,-9.29,0.0,0.4111517271417516,2023-03-12
-17.51,-3.48,0.0,0.6675977685284676,2023-03-13
-11.5,0.45,1.18,0.8918822363896131,2023-03-14
-15.13,-4.03,2.18,0.538650778875388,2023-03-15
-14.87,-5.56,0.0,0.5670696603718621,2023-03-16
-20.98,-8.33,0.0,0.479611301267407,2023-03-17
-19.39,-0.93,0.0,0.7745269600873398,2023-03-18
-14.94,-3.24,0.0,0.7206232949993585,2023-03-19
-13.63,-6.79,0.0,0.4563567355367521,2023-03-20
-15.43,-6.81,0.0,0.5215686992667067,2023-03-21
-16.37,-6.8,0.0,0.5477599823696362,2023-03-22
-15.31,2.21,0.0,0.9669786095481002,2023-03-23
-14.6,-4.07,0.0,0.6945140909297192,2023-03-24
-19.23,-4.22,0.0,0.6864296531312234,2023-03-25
-14.59,-6.51,0.0,0.5346362734528375,2023-03-26
-19.58,-8.77,0.0,0.4973359509906775,2023-03-27
-21.82,-6.55,0.0,0.5911321469721016,2023-03-28
-18.42,-1.3,0.0,0.8193609190866766,2023-03-29
-12.66,-1.93,0.0,0.8502068171704366,2023-03-30
-14.91,0.08,0.0,0.9244549429336916,2023-03-31
-8.85,2.91,0.0,1.1067855911184077,2023-04-01
-8.55,-3.12,3.02,0.4490910512201161,2023-04-02
-13.87,-8.19,1.66,0.3789469049284538,2023-04-03
-19.44,-7.2,0.0,0.576729460819399,2023-04-04
-22.99,-6.38,0.0,0.5938950334518001,2023-04-05
-20.91,-4.44,0.0,0.6894158635382582,2023-04-06
-13.12,1.46,0.0,1.024872012154472,2023-04-07
-3.99,6.07,0.0,1.2978311262297229,2023-04-08
0.31,8.0,0.0,1.3693320329195284,2023-04-09
2.52,9.18,0.0,1.366187426155138,2023-04-10
0.69,10.57,0.0,1.565936659941604,2023-04-11
-0.08,8.43,0.0,1.4256168894583534,2023-04-12
-2.05,6.93,0.0,1.3557537474437813,2023-04-13
-1.07,8.74,0.0,1.4777101481271622,2023-04-14
-2.1,12.19,0.0,1.7153595047676882,2023-04-15
-0.91,15.17,0.0,1.9065747028688944,2023-04-16
2.62,16.53,0.0,1.94834603352472,2023-04-17
-0.04,6.68,4.45,0.9560783359637388,2023-04-18
-4.05,-0.14,7.76,0.2794828562006614,2023-04-19
-5.19,-1.26,1.16,0.3141645182804262,2023-04-20
-5.27,1.92,0.0,0.7780395988681924,2023-04-21
-4.89,6.7,0.0,1.3070402316444547,2023-04-22
-5.05,9.12,0.0,1.5124373291387576,2023-04-23
-1.66,10.99,0.0,1.6436797001057115,2023-04-24
1.97,16.97,1.81,2.0317949304708858,2023-04-25
1.19,15.01,0.0,1.9073318579429617,2023-04-26
1.99,10.66,0.0,1.5100742365861983,2023-04-27
-0.68,18.7,0.0,2.1214097677339874,2023-04-28
-1.18,16.11,0.0,1.973673999291618,2023-04-29
-2.13,16.11,0.0,1.9641008927454071,2023-04-30
-0.16,20.22,0.0,2.224175160059796,2023-05-01
3.17,25.84,0.0,2.5876083109175294,2023-05-02
5.67,26.78,0.0,2.6756099683310963,2023-05-03
6.21,26.85,0.0,2.687369481015214,2023-05-04
4.78,19.51,0.0,2.2119120671687296,2023-05-05
4.39,16.99,0.0,2.0340337533309785,2023-05-06
7.22,18.04,0.0,2.07001374363156,2023-05-07
7.06,19.09,0.0,2.1661833459158766,2023-05-08
3.5,20.52,0.0,2.302085746057941,2023-05-09
7.32,20.87,0.0,2.299992149231082,2023-05-10
5.74,20.77,0.0,2.3130328359870207,2023-05-11
8.4,18.15,0.0,2.0337972150341836,2023-05-12
4.75,23.67,0.0,2.5180785303127027,2023-05-13
5.62,25.68,0.0,2.6501438233075607,2023-05-14
9.43,27.24,0.0,2.754689425400357,2023-05-15
9.78,30.45,0.0,2.9717691051667123,2023-05-16
5.72,17.7,0.0,2.064113264282965,2023-05-17
3.75,15.79,0.0,1.9437634339569845,2023-05-18
1.3,25.76,0.0,2.613633553598065,2023-05-19
11.14,25.29,0.0,2.5585344487375323,2023-05-20
6.91,24.94,0.0,2.593019000070154,2023-05-21
11.99,30.87,4.07,2.7267685128478516,2023-05-22
11.29,24.88,0.0,2.512403788094987,2023-05-23
10.44,21.98,10.94,2.0548797789029485,2023-05-24
12.17,15.82,3.08,0.3898949750689188,2023-05-25
10.24,19.54,0.0,1.81128060961252,2023-05-26
8.08,16.94,7.29,1.256168020082706,2023-05-27
12.72,20.56,1.11,1.5466750116432857,2023-05-28
10.2,26.67,0.0,2.734931898048707,2023-05-29
10.94,28.34,2.18,2.475445908004634,2023-05-30
11.64,30.17,0.0,2.990595718621653,2023-05-31
13.9,26.11,0.0,2.476560028778013,2023-06-01
12.65,22.69,0.0,2.0468528336569,2023-06-02
16.08,25.67,5.33,1.706925586960921,2023-06-03
14.95,29.8,0.0,2.917298316823436,2023-06-04
17.05,32.31,0.0,3.081479119071672,2023-06-05
15.83,26.83,0.0,2.361627611719423,2023-06-06
12.71,28.49,0.0,2.881404657705384,2023-06-07
13.27,29.31,0.0,2.940394493615466,2023-06-08
11.62,25.26,0.0,2.604831858493582,2023-06-09
10.0,23.92,0.0,2.565280455595345,2023-06-10
10.21,28.0,0.0,2.8879219134854064,2023-06-11
12.07,30.02,0.0,3.020063227314519,2023-06-12
12.7,30.68,0.0,3.0642399795347957,2023-06-13
12.79,28.87,4.86,2.60244915923759,2023-06-14
8.95,17.68,0.0,1.6652601838774683,2023-06-15
6.39,24.73,0.0,2.6856373554947153,2023-06-16
11.98,20.89,0.0,1.8700597972405288,2023-06-17
7.99,23.87,18.97,2.2341815083160776,2023-06-18
8.95,21.96,0.0,2.179798452109004,2023-06-19
7.79,22.19,0.0,2.2949046249563567,2023-06-20
7.71,20.25,0.0,2.054493148714295,2023-06-21
7.67,23.65,0.0,2.478175627122451,2023-06-22
8.2,25.84,0.0,2.678801534742456,2023-06-23
9.08,26.33,0.0,2.6817125345797477,2023-06-24
10.78,29.08,0.0,2.894305740644853,2023-06-25
11.33,25.93,0.0,2.4918515430238863,2023-06-26
11.02,28.31,0.0,2.778385430852701,2023-06-27
11.34,25.42,0.0,2.4033155503309716,2023-06-28
10.04,27.68,0.0,2.7481469437771495,2023-06-29
13.96,30.05,0.0,2.8313087621230415,2023-06-30
13.82,32.48,0.0,3.0947356697237516,2023-07-01
12.19,22.69,0.0,1.8882270815188664,2023-07-02
9.66,21.6,0.0,2.005495522358978,2023-07-03
7.79,19.05,0.0,1.7896714633491952,2023-07-04
6.39,23.98,0.0,2.500732508006294,2023-07-05
8.53,26.52,0.0,2.684515266625149,2023-07-06
8.13,24.99,0.0,2.5309884830318925,2023-07-07
8.96,28.19,0.0,2.8241616351567695,2023-07-08
11.52,30.35,0.0,2.95402259950499,2023-07-09
10.5,23.7,0.0,2.1944530288103645,2023-07-10
9.35,21.66,0.0,1.9965451436262505,2023-07-11
9.46,24.59,0.0,2.39877561083681,2023-07-12
11.6,25.81,0.0,2.417272333369464,2023-07-13
10.61,22.5,0.0,2.0155494073977676,2023-07-14
8.22,24.29,0.0,2.4134040685958524,2023-07-15
8.17,23.57,0.0,2.330979849696848,2023-07-16
9.05,26.82,7.27,2.190858468260523,2023-07-17
11.48,19.79,4.23,1.0086121503072614,2023-07-18
13.03,24.04,0.0,1.9677978409518864,2023-07-19
10.58,27.24,0.0,2.6326914228931764,2023-07-20
11.3,29.33,0.0,2.8129863780518307,2023-07-21
11.65,29.68,0.0,2.825805242049426,2023-07-22
14.39,30.7,0.0,2.798564838113068,2023-07-23
15.87,35.0,0.0,3.181403816158121,2023-07-24
18.4,33.56,0.0,2.879444321761384,2023-07-25
11.81,26.99,0.0,2.5000116443457334,2023-07-26
9.12,21.9,0.0,2.0068028109577076,2023-07-27
7.83,21.13,0.0,1.99399500264401,2023-07-28
5.94,23.94,0.0,2.3965604820930646,2023-07-29
9.19,29.81,0.0,2.8534520047756,2023-07-30
15.56,32.87,0.0,2.932674457927622,2023-07-31
12.62,32.35,0.0,2.9747138743999493,2023-08-01
12.82,30.76,0.0,2.79107084987257,2023-08-02
14.08,36.72,0.0,3.2705813813487667,2023-08-03
14.01,27.78,0.0,2.303035094042381,2023-08-04
9.92,27.42,0.0,2.5163787151612285,2023-08-05
9.12,26.85,0.0,2.4763976999597093,2023-08-06
9.26,28.49,0.0,2.6230529521347106,2023-08-07
10.0,24.28,0.0,2.113296685433984,2023-08-08
11.29,19.97,11.48,0.9711587230527292,2023-08-09
11.9,24.42,5.86,1.4570787238050988,2023-08-10
11.74,22.38,0.0,1.4685050577546546,2023-08-11
9.68,22.96,4.05,1.4171067491969829,2023-08-12
9.72,26.05,0.0,2.0940918041927774,2023-08-13
12.57,33.48,0.0,2.685500621192134,2023-08-14
14.47,30.3,0.0,2.2324877105864256,2023-08-15
11.77,23.49,0.0,1.5513463870173247,2023-08-16
8.69,31.67,0.0,2.5915704494922487,2023-08-17
14.04,25.41,0.0,1.5305235186478885,2023-08-18
8.09,20.48,0.0,1.4434673560142168,2023-08-19
4.5,21.54,2.81,1.479668687283448,2023-08-20
11.96,18.63,21.17,0.6407446080891889,2023-08-21
13.15,18.09,12.45,0.4912566948571423,2023-08-22
13.76,24.06,0.0,1.21419041490684,2023-08-23
10.64,23.0,0.0,1.4296758248145878,2023-08-24
10.1,21.03,0.0,1.2078245776973089,2023-08-25
9.64,29.56,0.0,2.2215017751053807,2023-08-26
11.53,27.93,0.0,1.957979444641661,2023-08-27
10.82,30.34,0.0,2.2166255250470193,2023-08-28
12.4,31.8,0.0,2.2795693549559575,2023-08-29
14.98,27.66,0.0,1.6067022668359745,2023-08-30
12.01,21.59,4.36,0.898298313052163,2023-08-31
13.21,27.46,0.0,1.716126446858408,2023-09-01
13.25,28.48,0.0,1.867083816611304,2023-09-02
8.4,30.79,0.0,2.2716290334786216,2023-09-03
9.72,20.84,0.0,1.1923754738922352,2023-09-04
2.08,17.07,0.0,1.3065009520594093,2023-09-05
8.71,23.71,0.0,1.6026021720714163,2023-09-06
7.95,21.45,0.0,1.3941496789325436,2023-09-07
3.59,22.4,0.0,1.6710011576746449,2023-09-08
7.22,23.42,0.0,1.5990757531442692,2023-09-09
6.68,24.47,0.0,1.6996269585892256,2023-09-10
6.5,22.32,0.0,1.4911407590327597,2023-09-11
8.47,28.39,0.0,1.9264769287607777,2023-09-12
11.14,22.82,0.65,1.2047229831433472,2023-09-13
7.2,20.18,0.0,1.216228622869962,2023-09-14
4.52,22.06,0.0,1.5260890971789798,2023-09-15
6.74,29.82,0.0,2.0440030944367327,2023-09-16
7.21,31.17,0.0,2.2310455182251605,2023-09-17
9.22,27.05,0.0,1.8316322926041904,2023-09-18
6.14,18.57,0.59,1.138480811698411,2023-09-19
5.36,20.14,0.0,1.3284474782568578,2023-09-20
2.93,21.21,0.0,1.5027366847399946,2023-09-21
4.23,22.31,0.0,1.5277992542026249,2023-09-22
10.11,19.88,0.0,0.8493659733631205,2023-09-23
10.63,24.04,0.0,1.297982960447283,2023-09-24
6.76,26.25,0.0,1.7161716336441888,2023-09-25
12.15,29.78,0.0,1.75617568872857,2023-09-26
10.06,23.63,0.0,1.2549585801846197,2023-09-27
5.65,19.38,0.0,1.1134619508738508,2023-09-28
2.49,18.31,1.69,1.168632839038817,2023-09-29
2.54,10.11,15.97,0.4778810923618424,2023-09-30
7.13,9.35,5.19,0.1681078000933156,2023-10-01
6.49,13.91,2.36,0.5272580324780634,2023-10-02
5.22,15.89,0.0,0.7917692044573428,2023-10-03
3.04,14.21,1.2,0.7735175306710698,2023-10-04
-1.0,8.27,0.0,0.559733036585704,2023-10-05
-5.18,11.37,0.0,0.854886289134165,2023-10-06
4.49,21.42,0.0,1.1769321623147282,2023-10-07
3.25,22.78,0.0,1.290348455083313,2023-10-08
4.22,22.28,0.0,1.2258678764019848,2023-10-09
3.6,21.01,0.0,1.1611646285609991,2023-10-10
3.94,16.29,0.0,0.843617377012765,2023-10-11
1.66,10.01,0.0,0.5324274649524572,2023-10-12
-2.54,12.01,0.0,0.799091187252842,2023-10-13
-0.41,12.18,0.0,0.7412633179422446,2023-10-14
-0.13,15.6,0.0,0.9251963646159022,2023-10-15
1.66,18.62,0.0,1.0456150227783014,2023-10-16
7.91,19.34,0.0,0.8496307485003332,2023-10-17
3.23,15.47,0.0,0.7983264362444797,2023-10-18
4.35,21.83,0.0,1.1417867869136509,2023-10-19
3.97,14.78,0.0,0.71498235847926,2023-10-20
-2.83,11.07,0.0,0.7306344642341838,2023-10-21
1.58,9.9,0.0,0.5093825353946475,2023-10-22
-3.72,1.8,5.17,0.2557229087706839,2023-10-23
-11.42,-4.15,0.0,0.2537826134175194,2023-10-24
-15.59,-5.3,0.0,0.294295248185531,2023-10-25
-13.29,-4.65,0.0,0.2757354980545546,2023-10-26
-8.58,-3.37,0.64,0.2109784965907166,2023-10-27
-10.35,-3.14,0.51,0.2712107608645183,2023-10-28
-8.65,-0.77,0.0,0.3229071620363649,2023-10-29
-13.49,-4.15,0.0,0.3011168837776771,2023-10-30
-13.27,2.11,0.0,0.5100930934314646,2023-10-31
-8.73,0.1,0.0,0.3533737488081957,2023-11-01
-6.21,3.81,0.0,0.4490633548649146,2023-11-02
-5.77,1.17,0.0,0.3117054863316431,2023-11-03
-5.41,3.92,1.31,0.4276038964792363,2023-11-04
-0.41,2.93,1.04,0.1795852132536302,2023-11-05
0.3,2.95,0.0,0.1473811526350923,2023-11-06
-0.07,2.82,5.72,0.1493546699719741,2023-11-07
-1.45,3.97,0.0,0.2840567886088342,2023-11-08
-5.85,0.65,0.0,0.2845102574428924,2023-11-09
-7.26,2.72,0.0,0.4120862832143104,2023-11-10
-3.27,8.08,0.0,0.5485650943226396,2023-11-11
-2.61,8.54,0.0,0.5504154719189548,2023-11-12
-3.33,9.31,0.0,0.6025170444552569,2023-11-13
-2.41,7.66,0.0,0.498352370610326,2023-11-14
-5.09,6.42,0.0,0.5110064742860999,2023-11-15
-9.66,3.11,0.0,0.4630234198934634,2023-11-16
-3.22,11.33,0.0,0.6840405230816108,2023-11-17
-2.72,13.93,0.0,0.789536650314814,2023-11-18
-1.0,12.03,0.0,0.6605017384883853,2023-11-19
-4.19,5.28,0.0,0.4281199351508078,2023-11-20
-9.42,8.28,0.0,0.6412303870004278,2023-11-21
-9.03,-0.52,0.0,0.3068072258367737,2023-11-22
-16.63,-6.48,0.0,0.2470060496877529,2023-11-23
-12.41,0.59,0.0,0.4012930130637593,2023-11-24
-8.35,0.68,0.0,0.3326969424844989,2023-11-25
-14.66,-4.39,0.3,0.2805475343743618,2023-11-26
-8.81,0.97,0.0,0.356479705725199,2023-11-27
-4.69,5.38,0.0,0.4309220319864363,2023-11-28
-5.93,2.74,0.0,0.3496956505938363,2023-11-29
-10.13,-1.35,0.0,0.2924696856215102,2023-11-30
-14.63,-0.6,0.0,0.3813118104878263,2023-12-01
-11.85,0.34,0.0,0.37707181000219,2023-12-02
-13.59,0.72,0.0,0.4088343750950077,2023-12-03
-8.17,0.75,0.0,0.3221790938156631,2023-12-04
-8.7,7.79,0.0,0.5938301503512124,2023-12-05
-3.58,7.44,0.0,0.4828122745591977,2023-12-06
-0.63,3.18,0.8,0.1830079680938688,2023-12-07
-6.69,0.09,0.0,0.2558272825085849,2023-12-08
-9.46,-0.76,0.0,0.2914098468464136,2023-12-09
-7.81,1.07,0.0,0.3212190520572575,2023-12-10
-11.8,-2.01,0.0,0.293676556998429,2023-12-11
-13.6,0.94,0.0,0.4097090455760768,2023-12-12
-6.5,8.38,0.0,0.5791333249836528,2023-12-13
-4.0,6.44,0.0,0.4444402745496789,2023-12-14
-5.17,4.32,0.0,0.384164882440436,2023-12-15
-3.63,4.21,0.0,0.3367409367448376,2023-12-16
-9.93,0.88,0.0,0.3563462667396703,2023-12-17
-10.7,2.67,0.0,0.430537810265691,2023-12-18
-3.76,-0.85,0.0,0.1219403315450505,2023-12-19
-5.08,6.33,0.0,0.4673297371318824,2023-12-20
-6.43,3.75,0.0,0.3930758450164928,2023-12-21
-5.66,9.69,0.0,0.6180217820217949,2023-12-22
-5.84,2.32,0.0,0.3208932294919084,2023-12-23
-12.36,0.38,0.0,0.3778427260620967,2023-12-24
-10.63,4.68,0.0,0.4993841777556104,2023-12-25
-9.56,7.19,0.0,0.5758741138185719,2023-12-26
-8.15,6.13,0.0,0.5179302251792546,2023-12-27
-8.19,9.51,0.0,0.6471701655128322,2023-12-28
-8.53,3.78,0.0,0.4355778460587381,2023-12-29
-13.1,0.74,0.0,0.3977989030079668,2023-12-30
-9.09,3.8,0.0,0.4465297091728986,2023-12-31
