MinTemp,MaxTemp,Precipitation,ReferenceET,Date
-31.21,-14.74,0.0,0.161613482672626,2018-01-01
-20.0,-5.89,0.0,0.2817428272106942,2018-01-02
-15.53,-4.64,0.0,0.2730655188959419,2018-01-03
-14.59,-7.33,0.0,0.1857775387882997,2018-01-04
-13.97,-8.4,0.0,0.1451277896066481,2018-01-05
-13.69,-0.8,0.0,0.3636057229147709,2018-01-06
-9.56,0.74,0.0,0.3518417932873865,2018-01-07
-10.06,-2.85,0.0,0.2362276078322772,2018-01-08
-14.01,-2.94,0.0,0.3050524844514202,2018-01-09
-25.18,-15.36,0.0,0.1360505356933675,2018-01-10
-30.4,-22.17,0.0,0.1,2018-01-11
-31.59,-20.53,0.0,0.1,2018-01-12
-28.03,-10.33,0.0,0.2251859087048983,2018-01-13
-24.22,-10.51,0.0,0.2144006952728227,2018-01-14
-30.11,-16.67,0.0,0.1402059141323282,2018-01-15
-20.28,-3.57,0.0,0.3452907901418695,2018-01-16
-9.73,5.0,0.0,0.5626213688806383,2018-01-17
-8.24,7.44,0.0,0.6707164837681878,2018-01-18
-5.24,3.76,0.0,0.3835641388787999,2018-01-19
-8.36,-0.09,0.0,0.3067967091674713,2018-01-20
-11.77,-3.25,0.0,0.2688198121207039,2018-01-21
-10.81,0.4,0.0,0.3877662844947953,2018-01-22
-9.36,-2.63,0.0,0.2387193766847676,2018-01-23
-9.74,-4.9,0.0,0.1662736784940121,2018-01-24
-10.88,-3.88,5.4,0.2214502459102733,2018-01-25
-13.5,-8.51,1.92,0.1423708136864535,2018-01-26
-22.19,-13.14,0.0,0.16098955618504,2018-01-27
-24.92,-16.31,0.14,0.1275399475949375,2018-01-28
-25.43,-6.52,1.13,0.3049817394986389,2018-01-29
-12.55,2.14,0.48,0.5459361069830738,2018-01-30
-24.55,-13.15,0.0,0.1820873197433626,2018-01-31
-28.07,-17.13,0.0,0.1372391967862588,2018-02-01
-22.34,-18.45,1.16,0.1,2018-02-02
-28.0,-21.49,0.0,0.1,2018-02-03
-27.76,-17.12,0.0,0.1384150798949342,2018-02-04
-25.59,-15.72,0.0,0.1488182532986711,2018-02-05
-27.26,-17.31,0.0,0.1345597371743692,2018-02-06
-29.04,-16.21,0.0,0.1587579418569406,2018-02-07
-27.67,-17.74,0.0,0.1317066927589561,2018-02-08
-28.43,-15.58,0.0,0.1678238791107365,2018-02-09
-19.98,-9.07,0.0,0.251925658325125,2018-02-10
-28.92,-15.53,0.0,0.1716897286337908,2018-02-11
-31.75,-13.48,0.0,0.2032944813318757,2018-02-12
-17.51,1.84,0.0,0.6520518224410989,2018-02-13
-16.55,1.22,0.38,0.6406653284763983,2018-02-14
-29.02,-13.86,0.0,0.2009823470868456,2018-02-15
-21.26,-5.83,0.0,0.3957969860767278,2018-02-16
-19.23,-10.81,0.0,0.2020537913747653,2018-02-17
-23.84,-13.31,0.0,0.1933838864827806,2018-02-18
-28.26,-14.62,0.0,0.1921959750394854,2018-02-19
-24.66,-12.7,0.0,0.2210242949001087,2018-02-20
-30.99,-11.01,0.0,0.2652237568402923,2018-02-21
-24.41,-7.31,0.0,0.3734995942234028,2018-02-22
-20.95,-5.79,0.0,0.4258982908132984,2018-02-23
-16.23,-1.9,0.0,0.5736275520721336,2018-02-24
-16.46,-2.58,0.0,0.5470238825013436,2018-02-25
-16.06,-4.96,0.0,0.4314040366820555,2018-02-26
-15.25,-2.75,0.0,0.5396873575032531,2018-02-27
-14.38,0.11,0.0,0.6901683392761864,2018-02-28
-17.79,-4.21,0.0,0.5079953963603561,2018-03-01
-16.3,-5.24,0.0,0.4481988399676562,2018-03-02
-9.24,-4.42,2.63,0.1896109651841735,2018-03-03
-11.1,-5.03,4.11,0.2208658021817257,2018-03-04
-13.38,-8.82,0.0,0.1589687554080584,2018-03-05
-17.63,-6.78,0.0,0.4196975239638676,2018-03-06
-23.9,-7.52,0.0,0.4226141411925652,2018-03-07
-23.94,-7.88,0.0,0.4145116830484967,2018-03-08
-14.6,-3.86,0.0,0.5426586273490543,2018-03-09
-12.33,-1.21,0.0,0.6766578380389993,2018-03-10
-14.56,1.87,0.0,0.867956743439325,2018-03-11
-16.04,-0.79,0.0,0.7369979845883184,2018-03-12
-15.66,1.03,0.0,0.8322693112373718,2018-03-13
-15.44,-0.72,0.0,0.7567351914252315,2018-03-14
-11.41,-3.33,0.0,0.5310467554701928,2018-03-15
-7.63,1.14,0.0,0.7919156284259014,2018-03-16
-4.36,-0.49,1.31,0.3371860551272502,2018-03-17
-7.16,-0.47,0.0,0.6230948548210521,2018-03-18
-8.8,-1.18,0.0,0.6574973610359245,2018-03-19
-7.18,1.14,0.0,0.8260091804679573,2018-03-20
-10.89,2.16,0.0,0.9984271050284804,2018-03-21
-10.0,0.99,0.0,0.9216666061651196,2018-03-22
-4.42,0.23,3.78,0.3822263666274779,2018-03-23
-7.11,3.06,0.0,1.0105407051389448,2018-03-24
-6.8,1.42,0.52,0.8575270919191565,2018-03-25
-8.52,3.13,0.0,1.065430881918613,2018-03-26
-11.29,-0.31,0.4,0.8577998087469911,2018-03-27
-16.78,-3.72,0.0,0.6879391975888257,2018-03-28
-21.42,-8.8,0.0,0.468395144574603,2018-03-29
-24.14,-12.19,0.0,0.3597524009130893,2018-03-30
-21.91,-9.09,0.0,0.4775255447331821,2018-03-31
-19.18,-5.57,0.0,0.6328529148780598,2018-04-01
-21.4,-5.61,0.0,0.6185747313080117,2018-04-02
-18.32,-5.24,0.0,0.6521536309445325,2018-04-03
-19.01,-3.57,0.0,0.7262796124478897,2018-04-04
-19.43,-9.48,0.0,0.4471590592330882,2018-04-05
-23.35,-9.16,0.0,0.4873549988072855,2018-04-06
-22.69,-5.38,0.0,0.6321005784840822,2018-04-07
-13.8,-2.94,0.0,0.7829566402511385,2018-04-08
-9.0,-0.29,0.0,0.8928204923156742,2018-04-09
-11.85,5.29,0.0,1.2172514749011487,2018-04-10
-3.99,0.18,1.64,0.5637891966924488,2018-04-11
-7.11,-1.31,0.0,0.6777971730835252,2018-04-12
-8.41,1.22,0.0,1.0577452977886843,2018-04-13
-3.3,5.8,0.0,1.3140116943659248,2018-04-14
-4.68,6.64,0.0,1.3831233966998615,2018-04-15
-1.11,4.85,0.42,1.0738994391431862,2018-04-16
-1.6,1.8,4.58,0.355634380920227,2018-04-17
-5.07,9.56,0.0,1.5655997063791136,2018-04-18
-2.11,12.0,0.0,1.7319503310510087,2018-04-19
-0.51,16.79,0.0,2.036216945563066,2018-04-20
0.97,18.28,0.0,2.14246256620646,2018-04-21
3.75,13.42,0.0,1.7798078236734989,2018-04-22
-0.32,13.17,0.0,1.8145473758037327,2018-04-23
-1.12,20.76,0.0,2.1803458214132863,2018-04-24
2.46,17.35,0.0,2.02563201572969,2018-04-25
-0.95,21.48,0.0,2.2298148284023847,2018-04-26
-1.08,16.37,0.0,1.9490742212950096,2018-04-27
1.57,26.55,0.0,2.552645278103529,2018-04-28
5.53,20.32,0.23,2.2167771908390748,2018-04-29
0.08,12.01,0.0,1.669392672122707,2018-04-30
-2.55,16.89,0.0,1.973008728650758,2018-05-01
1.15,18.48,0.22,2.1091295767156035,2018-05-02
4.96,21.1,0.0,2.289897395420226,2018-05-03
2.56,23.49,0.0,2.4331744096763837,2018-05-04
3.62,24.34,0.0,2.4954968021991184,2018-05-05
4.49,27.43,0.0,2.6886719963010925,2018-05-06
9.58,26.72,0.0,2.661243020085883,2018-05-07
7.04,17.14,4.32,1.808798088393452,2018-05-08
1.96,13.79,0.0,1.7821439017288934,2018-05-09
0.66,10.41,1.95,1.5493317854956763,2018-05-10
3.6,10.9,0.82,1.4564188230730717,2018-05-11
1.41,20.67,0.0,2.275710140908662,2018-05-12
6.62,26.4,0.0,2.668628910204845,2018-05-13
2.77,24.93,0.0,2.550302107763263,2018-05-14
10.35,31.6,0.0,3.0034258854414366,2018-05-15
9.26,27.03,1.38,2.689224748378028,2018-05-16
6.74,13.9,2.12,1.1926183982038785,2018-05-17
2.82,18.94,0.0,2.1491883841410653,2018-05-18
2.79,22.44,0.0,2.395544783893221,2018-05-19
3.59,25.57,0.0,2.6059402492070856,2018-05-20
10.86,30.42,0.0,2.9293897004308187,2018-05-21
10.27,27.42,0.0,2.7109158367845625,2018-05-22
10.38,30.23,2.4,2.675693641214629,2018-05-23
12.89,26.39,7.67,2.375521279484586,2018-05-24
10.88,25.92,0.0,2.587804081156548,2018-05-25
9.61,29.41,3.04,2.6413331504881703,2018-05-26
9.12,25.48,0.0,2.5984054663264837,2018-05-27
8.6,31.22,0.0,3.022235222247965,2018-05-28
13.43,25.61,0.0,2.4962589075750916,2018-05-29
9.32,22.63,6.29,2.036526784181387,2018-05-30
9.35,13.73,0.0,0.6240561576519802,2018-05-31
8.13,12.83,6.13,0.4574057333535952,2018-06-01
6.86,17.32,0.0,1.7546699497141596,2018-06-02
6.9,23.75,0.0,2.5461770210015406,2018-06-03
9.35,27.01,2.42,2.515099094397195,2018-06-04
8.86,20.65,0.0,2.180549562510264,2018-06-05
5.74,27.57,0.0,2.8300675288497152,2018-06-06
8.51,27.5,0.0,2.822808301429509,2018-06-07
13.69,24.49,0.0,2.312145914202105,2018-06-08
13.5,30.41,1.52,2.973936470752973,2018-06-09
12.53,25.19,0.0,2.504441546880737,2018-06-10
7.36,17.48,0.25,1.761254590170825,2018-06-11
7.48,20.96,0.0,2.299332263268262,2018-06-12
6.95,25.99,0.0,2.7358884050913064,2018-06-13
8.43,24.31,0.95,2.5997229987560195,2018-06-14
9.4,23.63,0.0,2.5276564005426976,2018-06-15
6.75,22.05,0.0,2.439548279680517,2018-06-16
7.83,25.66,0.0,2.709397846509745,2018-06-17
8.6,27.9,0.0,2.8699729405498755,2018-06-18
9.83,28.21,0.0,2.886805143872835,2018-06-19
11.03,30.18,0.0,3.0212065682612255,2018-06-20
12.1,30.28,0.0,3.0150352867039696,2018-06-21
13.85,29.69,4.85,2.6682248474064534,2018-06-22
13.03,27.09,0.0,2.7314136145438876,2018-06-23
16.21,26.91,13.59,1.9785173336969168,2018-06-24
14.62,30.23,0.0,2.9322177651680668,2018-06-25
12.35,24.74,0.0,2.3387731972908283,2018-06-26
6.76,25.33,0.0,2.7063118260755465,2018-06-27
7.29,23.84,0.0,2.535026272545554,2018-06-28
9.22,24.27,0.0,2.4985309545918253,2018-06-29
11.33,25.04,10.33,1.9869587110786715,2018-06-30
11.02,19.84,9.47,1.103153611834857,2018-07-01
8.3,22.28,2.55,1.6597275752987235,2018-07-02
7.53,20.87,3.29,1.530045737601255,2018-07-03
10.87,19.2,2.98,0.9158750869076642,2018-07-04
8.02,25.41,0.0,2.3847108541359012,2018-07-05
13.69,32.79,0.0,2.9124239972695305,2018-07-06
14.18,30.77,0.0,2.661089372629934,2018-07-07
10.5,23.75,0.0,2.006785036543507,2018-07-08
8.58,27.05,0.0,2.519854601856005,2018-07-09
13.35,29.55,10.53,2.0672617199165364,2018-07-10
14.8,25.0,0.2,1.5930038992891125,2018-07-11
15.17,28.18,0.0,2.0900552366448015,2018-07-12
14.66,30.77,0.0,2.5051106489368684,2018-07-13
12.01,21.48,0.0,1.3662163765123252,2018-07-14
8.8,23.73,0.0,2.048383318892158,2018-07-15
6.98,25.91,0.0,2.3682087525380724,2018-07-16
10.01,34.18,0.0,3.0274869712249384,2018-07-17
15.48,29.78,0.0,2.311854395533937,2018-07-18
13.65,27.88,0.0,2.219899001842001,2018-07-19
13.01,29.0,0.0,2.418771932905194,2018-07-20
16.63,25.87,0.0,1.4980144272555362,2018-07-21
12.07,22.81,0.58,1.625604622214829,2018-07-22
10.68,22.53,0.0,1.7374023843294382,2018-07-23
8.73,22.62,0.0,1.913955934134005,2018-07-24
8.74,22.47,0.0,1.889756104716897,2018-07-25
7.1,23.69,0.0,2.12062789389441,2018-07-26
9.74,24.97,0.0,2.1158991760203114,2018-07-27
9.16,27.16,0.0,2.376488925607539,2018-07-28
8.7,29.24,0.0,2.570002709049436,2018-07-29
12.12,32.46,0.0,2.735325385787041,2018-07-30
11.49,24.51,0.0,1.84724096979691,2018-07-31
8.23,27.46,0.26,2.378435009669199,2018-08-01
14.41,30.13,10.38,1.8728517996243277,2018-08-02
13.24,27.68,0.0,1.9918553351628312,2018-08-03
12.96,23.45,2.47,1.0741925317567431,2018-08-04
12.96,23.36,0.0,1.3688491541689805,2018-08-05
11.07,29.03,0.0,2.2792520152108984,2018-08-06
12.72,29.58,0.0,2.2530431085413767,2018-08-07
11.64,29.34,0.0,2.28275824631453,2018-08-08
12.58,33.37,0.0,2.6223816068212726,2018-08-09
14.07,37.82,0.0,2.918687422113716,2018-08-10
14.34,31.35,0.0,2.280235428920938,2018-08-11
12.17,22.33,0.0,1.2482595856561294,2018-08-12
7.73,16.89,0.0,0.94178530836125,2018-08-13
3.68,27.5,0.0,2.2852770618249476,2018-08-14
10.36,28.21,0.0,2.1463314319547995,2018-08-15
9.49,26.59,0.0,2.03532664861547,2018-08-16
9.78,30.51,0.0,2.3789984403463533,2018-08-17
10.5,23.97,0.0,1.6221572443458003,2018-08-18
3.72,23.67,0.0,1.9427080547319728,2018-08-19
4.48,23.54,0.0,1.8888514118253623,2018-08-20
5.03,27.57,0.0,2.1900019190765847,2018-08-21
10.59,30.92,0.0,2.297583642623964,2018-08-22
8.25,24.75,0.0,1.8365263232562203,2018-08-23
7.47,19.55,0.0,1.2620490601680878,2018-08-24
7.16,18.15,0.0,1.1203716032297688,2018-08-25
6.96,17.45,6.09,0.859248513283585,2018-08-26
7.97,13.92,4.81,0.5017368370700601,2018-08-27
6.78,17.86,0.0,1.0653862598687254,2018-08-28
6.28,26.98,0.0,2.07269437630503,2018-08-29
9.25,22.88,1.25,1.4921592197662903,2018-08-30
7.23,20.07,0.0,1.3403429744917346,2018-08-31
6.16,19.88,0.0,1.389456401979382,2018-09-01
3.04,20.3,0.0,1.579965637264917,2018-09-02
4.94,20.08,0.0,1.4674449730285375,2018-09-03
2.14,13.8,0.0,0.958233771475716,2018-09-04
-0.95,21.67,0.0,1.7401186147568886,2018-09-05
2.89,24.39,0.0,1.869002770087151,2018-09-06
6.85,24.23,0.0,1.715792690466652,2018-09-07
11.17,24.48,1.54,1.4599871179197286,2018-09-08
8.73,21.11,0.0,1.2472063126888324,2018-09-09
3.46,19.06,1.03,1.3667967899611169,2018-09-10
5.92,16.57,0.0,0.911142187307576,2018-09-11
3.64,14.77,7.22,0.7886855814810404,2018-09-12
4.07,11.6,0.0,0.5970556668109394,2018-09-13
2.29,8.3,0.0,0.4499321531146266,2018-09-14
5.54,11.06,1.53,0.4591279634699222,2018-09-15
5.53,9.21,10.3,0.2795876677862429,2018-09-16
3.82,10.84,0.0,0.5577219405141026,2018-09-17
3.87,10.51,0.0,0.5313443520952534,2018-09-18
1.82,15.38,0.0,0.9994326714992912,2018-09-19
3.68,13.05,3.89,0.6745062728054144,2018-09-20
0.22,5.98,2.01,0.3706168547936651,2018-09-21
-0.33,1.62,4.22,0.126845592686977,2018-09-22
-0.34,2.21,1.18,0.1811275808240234,2018-09-23
-0.2,11.69,0.49,0.8267728850936087,2018-09-24
1.79,13.53,0.0,0.8653694646023996,2018-09-25
2.6,16.2,0.0,1.0084488160023604,2018-09-26
-2.32,7.59,0.0,0.6290115197080762,2018-09-27
-4.26,7.53,0.0,0.6904170997918971,2018-09-28
-3.51,6.86,0.0,0.6251019123633064,2018-09-29
-7.81,4.35,0.17,0.630632061035488,2018-09-30
-1.6,3.7,1.51,0.3407170485754885,2018-10-01
-1.68,5.26,0.0,0.4482380667571384,2018-10-02
-2.85,6.74,0.0,0.5877447582875429,2018-10-03
-5.4,6.65,0.0,0.6569484581560362,2018-10-04
-4.28,8.5,0.0,0.7291031300320133,2018-10-05
-6.17,12.55,0.0,0.9933288914858608,2018-10-06
-3.11,12.83,0.0,0.9579752553112596,2018-10-07
-3.07,0.99,0.0,0.242353782661283,2018-10-08
-5.82,3.23,0.0,0.4807498119098958,2018-10-09
-9.94,5.05,0.0,0.6506952039640741,2018-10-10
-9.86,6.3,0.0,0.7009866418829958,2018-10-11
-4.21,6.02,8.15,0.5189574909982432,2018-10-12
-4.6,0.02,0.0,0.2496867224225356,2018-10-13
-8.56,3.67,0.0,0.5497981228556544,2018-10-14
-0.08,13.62,0.0,0.841313105110143,2018-10-15
-2.4,9.74,0.0,0.6878968831827813,2018-10-16
-1.66,20.93,0.0,1.2805456080490225,2018-10-17
0.86,18.97,0.0,1.1125021135805415,2018-10-18
-4.02,13.32,0.0,0.8838372062580857,2018-10-19
-8.8,15.54,0.0,1.0201494176562036,2018-10-20
-2.21,13.84,0.0,0.8612401602690102,2018-10-21
-6.68,10.42,0.0,0.7703828713230075,2018-10-22
-5.04,15.75,0.0,0.9855825162526644,2018-10-23
-2.14,18.36,0.0,1.0659402200639507,2018-10-24
-1.76,14.44,0.0,0.8562212798598886,2018-10-25
-3.57,11.1,0.0,0.724306395259062,2018-10-26
-2.15,12.79,0.0,0.771042536306115,2018-10-27
-5.25,9.21,0.0,0.661468297716178,2018-10-28
0.86,7.8,0.0,0.3906992973294772,2018-10-29
-1.26,6.74,0.0,0.417871648227384,2018-10-30
-3.34,9.51,0.0,0.6223586117638836,2018-10-31
-2.38,4.55,0.9,0.3410550732827153,2018-11-01
-2.24,0.3,0.0,0.1249762300694178,2018-11-02
-4.58,1.47,0.0,0.2697611851686561,2018-11-03
-2.01,4.06,2.01,0.285634448349097,2018-11-04
-8.61,0.46,2.72,0.3314493616675264,2018-11-05
-12.91,-8.35,0.0,0.1358561268751154,2018-11-06
-13.75,-9.6,0.0,0.1166832698388681,2018-11-07
-18.33,-10.0,0.0,0.1879012423855434,2018-11-08
-21.48,-5.54,1.73,0.3197660527059123,2018-11-09
-10.17,-4.29,0.4,0.2019621186291906,2018-11-10
-11.97,-6.41,0.0,0.1729598874094073,2018-11-11
-14.02,-6.27,0.0,0.2193721623883149,2018-11-12
-8.62,3.06,0.0,0.4431306114670759,2018-11-13
-4.61,4.46,0.0,0.4042740758067901,2018-11-14
-3.99,2.04,0.0,0.2717015861542107,2018-11-15
-19.48,-6.19,0.0,0.2869279538466897,2018-11-16
-20.51,-6.18,0.0,0.2926764728273331,2018-11-17
-13.7,-8.25,0.4,0.1517566875153048,2018-11-18
-16.94,0.03,0.0,0.4311503302950091,2018-11-19
-6.52,0.22,0.0,0.2720736470916584,2018-11-20
-5.75,-0.74,0.0,0.207520763322756,2018-11-21
-4.12,4.72,0.0,0.3991013333390114,2018-11-22
-5.54,1.91,0.0,0.3164418961713932,2018-11-23
-8.85,-4.97,0.0,0.1383728222440099,2018-11-24
-8.73,-5.26,0.0,0.1248980464491607,2018-11-25
-7.45,-3.9,0.93,0.1363258995660999,2018-11-26
-5.98,-3.32,0.0,0.1090198855738425,2018-11-27
-7.54,-4.5,0.85,0.115660318205488,2018-11-28
-5.42,-1.9,0.0,0.1489964950631573,2018-11-29
-7.18,-3.86,0.0,0.1293435525732137,2018-11-30
-7.75,-5.08,0.0,0.1004979664995565,2018-12-01
-9.75,-4.63,0.0,0.1764456962237271,2018-12-02
-13.12,-5.83,0.32,0.2127319837162352,2018-12-03
-13.16,-7.07,0.33,0.1756393164358432,2018-12-04
-13.74,-6.25,0.0,0.2101681027599205,2018-12-05
-16.48,-8.13,0.0,0.2010292723660264,2018-12-06
-19.77,-8.52,0.0,0.2261589543521766,2018-12-07
-19.07,-7.31,0.0,0.2469684637291261,2018-12-08
-15.73,-4.63,0.0,0.2808941127466518,2018-12-09
-16.15,-1.03,0.0,0.3806705385911915,2018-12-10
-8.89,0.36,0.0,0.3281396309617682,2018-12-11
-6.74,0.91,0.0,0.2983718541330252,2018-12-12
-10.14,2.06,0.0,0.4089666942334182,2018-12-13
-9.29,4.62,0.0,0.4855434332911451,2018-12-14
-3.47,5.91,0.0,0.4176799052354161,2018-12-15
-13.03,-3.98,0.0,0.2594562052961215,2018-12-16
-8.29,3.67,0.0,0.43455174278014,2018-12-17
-7.02,4.17,0.0,0.4296823303103873,2018-12-18
-5.22,0.93,0.0,0.2544017029163012,2018-12-19
-9.58,1.95,0.0,0.3949513977507323,2018-12-20
-4.45,4.09,0.09,0.3652267519254251,2018-12-21
-9.29,-3.09,0.0,0.2116911745081262,2018-12-22
-17.33,-6.56,0.0,0.2454520380022832,2018-12-23
-16.76,-9.19,0.0,0.1744425465769317,2018-12-24
-18.17,-10.57,0.0,0.1608802505711625,2018-12-25
-14.67,-7.92,0.0,0.1737451901922465,2018-12-26
-22.11,-8.87,0.0,0.2307396223819805,2018-12-27
-21.76,-4.77,0.0,0.3131890113841225,2018-12-28
-13.8,-4.69,1.19,0.2487945716477278,2018-12-29
-20.86,-12.02,0.39,0.1595055626006943,2018-12-30
-29.44,-16.79,0.0,0.1338847414594052,2018-12-31
-25.42,-2.02,0.61,0.3711234578545234,2019-01-01
-11.51,3.61,0.0,0.4772199890656416,2019-01-02
-5.45,3.24,0.0,0.3511065056849223,2019-01-03
-8.53,-0.15,0.0,0.2947294030695696,2019-01-04
-7.57,-2.89,0.0,0.1681129376377491,2019-01-05
-6.22,0.72,0.48,0.2705611864545862,2019-01-06
-14.54,-2.09,1.3,0.3353690627914068,2019-01-07
-22.72,-14.2,0.0,0.13598137131001,2019-01-08
-24.66,-10.6,0.66,0.2120339497173619,2019-01-09
-16.04,-9.59,0.0,0.1522492931857653,2019-01-10
-16.02,-10.36,0.0,0.1331173419094813,2019-01-11
-15.03,-2.89,0.0,0.3212868009705589,2019-01-12
-12.93,-1.65,0.0,0.3321034862808801,2019-01-13
-10.9,-2.96,0.0,0.2540916626553885,2019-01-14
-21.31,-5.68,0.0,0.2998581039068083,2019-01-15
-21.69,-15.92,0.0,0.1,2019-01-16
-27.51,-16.67,0.0,0.13206824354204,2019-01-17
-30.85,-19.47,0.0,0.1101231282001042,2019-01-18
-24.87,-16.23,2.11,0.1182523423852433,2019-01-19
-19.26,-11.86,0.0,0.1502750004892055,2019-01-20
-18.68,-7.51,0.0,0.2455269130732931,2019-01-21
-16.9,-3.76,0.0,0.3269122838546472,2019-01-22
-23.56,-6.24,0.0,0.3023281066001632,2019-01-23
-29.15,-11.61,0.0,0.2131765310055826,2019-01-24
-22.49,-7.49,0.0,0.2755174097694821,2019-01-25
-13.52,-1.99,2.14,0.3298134977677386,2019-01-26
-8.94,4.44,0.66,0.5468929080169052,2019-01-27
-23.6,-10.64,0.0,0.2202740929283063,2019-01-28
-31.0,-22.52,0.0,0.1,2019-01-29
-24.76,-14.59,0.74,0.156676729144616,2019-01-30
-16.6,-2.99,0.34,0.3589901555357782,2019-01-31
-19.34,-9.7,0.76,0.212446409868437,2019-02-01
-23.78,-17.48,1.14,0.1006932138916461,2019-02-02
-25.69,-22.45,0.02,0.1,2019-02-03
-25.41,-22.21,1.82,0.1,2019-02-04
-33.55,-23.01,0.0,0.1,2019-02-05
-37.39,-25.51,0.0,0.1,2019-02-06
-38.2,-24.87,0.0,0.1,2019-02-07
-37.65,-25.72,0.0,0.1,2019-02-08
-34.18,-23.27,0.0,0.1,2019-02-09
-33.6,-22.17,0.0,0.100183940909171,2019-02-10
-28.45,-17.06,1.7,0.1476482137158293,2019-02-11
-32.3,-21.38,0.0,0.1064097219631505,2019-02-12
-30.0,-21.07,0.0,0.1011366077292767,2019-02-13
-33.0,-19.69,0.0,0.1285936250980493,2019-02-14
-32.84,-19.03,1.25,0.1365407176504468,2019-02-15
-20.72,-13.63,2.01,0.1410664826147496,2019-02-16
-19.47,-13.87,0.97,0.1289764850956331,2019-02-17
-27.83,-17.61,0.0,0.1428822762856292,2019-02-18
-28.8,-12.57,0.0,0.2267981392737453,2019-02-19
-23.49,-10.5,0.81,0.2529486176825931,2019-02-20
-24.06,-12.56,0.0,0.2145835827544311,2019-02-21
-27.06,-12.26,0.0,0.2343607700490936,2019-02-22
-23.58,-14.1,0.0,0.182590689869358,2019-02-23
-31.21,-21.34,0.0,0.1120080556138871,2019-02-24
-33.06,-18.8,0.0,0.1491314597697622,2019-02-25
-30.89,-16.95,0.0,0.1718514672761449,2019-02-26
-19.03,-7.35,0.0,0.3694218069402142,2019-02-27
-18.13,-9.87,0.33,0.2458755448843253,2019-02-28
-26.99,-16.12,0.0,0.1756518003139786,2019-03-01
-33.62,-21.22,0.0,0.1257568620076592,2019-03-02
-25.16,-15.82,0.0,0.1712199781908137,2019-03-03
-19.75,-10.4,0.0,0.2734896930505439,2019-03-04
-18.12,-8.55,0.0,0.3292140807840744,2019-03-05
-25.39,-13.35,0.0,0.2404825122200544,2019-03-06
-24.41,-9.03,0.0,0.3646505238005905,2019-03-07
-16.89,-6.56,0.0,0.4163251868736431,2019-03-08
-15.89,-6.21,0.0,0.4234059908952309,2019-03-09
-22.07,-6.87,0.0,0.4501714410645284,2019-03-10
-16.37,0.14,0.0,0.7526970290470736,2019-03-11
-4.3,3.25,0.0,0.757009579903546,2019-03-12
-4.79,2.8,0.0,0.758892718410802,2019-03-13
-10.07,1.36,0.0,0.8407224542625221,2019-03-14
-12.45,1.74,0.0,0.8863121915175171,2019-03-15
-10.04,2.55,0.0,0.9381641174536828,2019-03-16
-11.93,3.57,0.0,1.0072477009251022,2019-03-17
-4.13,4.76,0.0,0.9900306877882248,2019-03-18
-4.04,8.24,0.0,1.3206613596715038,2019-03-19
-2.89,11.42,0.0,1.4987904693888014,2019-03-20
-2.12,11.27,0.0,1.5017064163379303,2019-03-21
-2.39,14.07,0.0,1.6537463557621566,2019-03-22
-1.73,11.69,0.0,1.534688048771694,2019-03-23
-5.87,2.55,0.0,0.8895411681020313,2019-03-24
-7.49,5.66,0.0,1.200796489621499,2019-03-25
-1.13,15.4,1.9,1.761261330368931,2019-03-26
-1.79,4.77,0.0,0.9420296247700378,2019-03-27
-6.09,7.18,0.0,1.3005260740760023,2019-03-28
-4.46,4.53,0.0,1.1253189708657307,2019-03-29
-5.85,13.02,0.0,1.604448679825913,2019-03-30
-3.99,5.21,0.0,1.1877938371744772,2019-03-31
-3.56,9.32,1.25,1.4446751373523663,2019-04-01
-6.81,2.92,0.0,1.0614236572761977,2019-04-02
-7.98,10.58,0.0,1.4743538583566649,2019-04-03
-1.78,11.01,0.0,1.5551344730228942,2019-04-04
-4.84,8.9,0.0,1.4303571070615424,2019-04-05
1.02,6.8,0.0,1.0406786353313335,2019-04-06
0.55,16.73,0.0,1.9274288993097728,2019-04-07
-2.76,16.75,0.0,1.894466430069247,2019-04-08
-4.54,8.75,0.0,1.438951608902557,2019-04-09
-6.22,9.44,0.0,1.4738077942539196,2019-04-10
-6.72,9.13,0.0,1.453971409281979,2019-04-11
-8.33,10.46,0.0,1.5017041512850506,2019-04-12
-4.59,15.41,0.0,1.8188364955903409,2019-04-13
2.85,16.68,0.0,1.8894332824371611,2019-04-14
-0.47,13.16,0.96,1.6760290419069446,2019-04-15
-3.41,13.68,0.0,1.700357237960269,2019-04-16
0.52,15.72,0.0,1.8437119277724023,2019-04-17
-0.89,17.74,0.0,1.959873148432252,2019-04-18
6.05,19.89,0.0,2.1047386175259364,2019-04-19
2.37,17.1,0.0,1.9432329832414168,2019-04-20
-1.85,14.34,0.0,1.7697164892937045,2019-04-21
-1.0,22.08,0.0,2.21896501673575,2019-04-22
7.28,20.01,0.0,2.105925358401817,2019-04-23
0.27,17.27,0.0,1.9650109872399313,2019-04-24
-2.31,12.39,0.0,1.6576766381853,2019-04-25
-5.45,12.42,0.0,1.6404521121792706,2019-04-26
-2.94,10.87,0.0,1.5628801383492907,2019-04-27
-4.79,5.58,0.0,1.2359832519366158,2019-04-28
-8.9,8.81,0.0,1.418611288843166,2019-04-29
-5.57,11.0,1.95,1.571755695008659,2019-04-30
-7.29,10.09,1.06,1.5610465970271572,2019-05-01
-3.28,9.77,0.0,1.501929225258369,2019-05-02
-4.9,11.69,0.0,1.6253385594130867,2019-05-03
-5.4,8.92,0.0,1.4588614469833452,2019-05-04
-6.76,6.36,0.0,1.3072701761562515,2019-05-05
-6.47,12.16,0.0,1.6437743618612368,2019-05-06
0.51,14.13,0.0,1.7897330817684602,2019-05-07
-4.94,12.41,0.0,1.682461797848083,2019-05-08
0.24,15.55,0.0,1.9000231233680611,2019-05-09
3.69,18.21,2.01,1.9125811203841845,2019-05-10
3.35,16.45,0.0,1.94810451870295,2019-05-11
2.79,24.33,0.0,2.5009778039680985,2019-05-12
4.44,21.89,0.0,2.35205765719565,2019-05-13
1.82,21.32,0.27,2.310811524253021,2019-05-14
4.4,16.8,0.0,1.9683337964158112,2019-05-15
-1.18,15.48,0.0,1.9220291433702947,2019-05-16
-0.61,17.85,0.0,2.0820775710577273,2019-05-17
1.29,16.1,0.0,1.9660946015582776,2019-05-18
-1.7,17.04,0.0,2.0295680930174993,2019-05-19
0.46,20.12,0.0,2.244042877042155,2019-05-20
2.43,22.27,0.0,2.39816551493578,2019-05-21
5.06,24.19,0.0,2.5402514637952236,2019-05-22
5.2,24.49,0.0,2.560399598158344,2019-05-23
5.83,24.07,2.41,2.3163967512585906,2019-05-24
4.55,13.86,4.56,1.61494299907535,2019-05-25
-0.12,18.46,0.0,2.1489582738412403,2019-05-26
2.4,23.22,0.0,2.4775309606629827,2019-05-27
6.91,28.25,0.0,2.8260744167829697,2019-05-28
10.31,30.99,0.0,3.005455252289768,2019-05-29
10.93,32.37,0.0,3.0969788504560607,2019-05-30
5.71,20.87,0.0,2.2930342380679307,2019-05-31
5.05,24.77,0.0,2.5903491957827653,2019-06-01
10.38,32.6,0.0,3.1186099143918726,2019-06-02
8.33,34.3,0.0,3.219559414049827,2019-06-03
11.12,24.71,0.3,2.4822958773270885,2019-06-04
10.2,24.71,0.0,2.514441158994602,2019-06-05
14.09,26.35,2.42,2.3494126577951455,2019-06-06
8.98,21.64,0.0,2.28450379631699,2019-06-07
4.35,16.49,1.4,1.9590866492934136,2019-06-08
3.75,18.96,0.0,2.1745331584050382,2019-06-09
3.5,23.68,0.22,2.524003068445201,2019-06-10
6.54,21.0,0.27,2.29754034659053,2019-06-11
6.23,23.67,1.01,2.5190318402677736,2019-06-12
8.64,29.02,0.0,2.9001533108163136,2019-06-13
11.43,22.96,1.47,2.330627873305944,2019-06-14
10.13,17.7,4.66,1.6934884113789237,2019-06-15
9.7,17.88,0.0,1.9218204964858816,2019-06-16
5.23,22.9,0.0,2.4855110118293777,2019-06-17
8.63,27.03,0.0,2.770399533865812,2019-06-18
10.75,24.83,14.78,2.34672421622386,2019-06-19
8.98,14.75,15.96,0.8021651185111589,2019-06-20
6.32,19.47,22.8,1.6954814248402388,2019-06-21
11.55,16.52,12.45,0.529437227347678,2019-06-22
10.18,22.1,0.54,1.8136867548828248,2019-06-23
9.37,20.46,3.08,1.277211968174488,2019-06-24
9.98,20.26,3.3,1.1851819042588911,2019-06-25
8.14,23.46,0.0,2.1583712059465405,2019-06-26
10.2,26.01,9.6,1.911402662644177,2019-06-27
14.56,23.74,2.53,1.100184215219931,2019-06-28
13.06,25.79,0.0,2.02625275075271,2019-06-29
10.11,22.58,0.0,1.8484118072132905,2019-06-30
8.52,28.5,2.98,2.1791779615808244,2019-07-01
6.08,20.99,0.0,1.9470239444921171,2019-07-02
9.52,20.22,0.0,1.5759087127133302,2019-07-03
7.08,21.34,0.0,1.9486990800718411,2019-07-04
11.45,20.1,0.58,1.2994748916499073,2019-07-05
12.3,25.4,0.0,2.0776684328145496,2019-07-06
14.77,27.53,0.0,2.1371328091374027,2019-07-07
13.92,24.15,0.0,1.6781909738747394,2019-07-08
10.85,23.75,0.0,1.9730912937394256,2019-07-09
9.28,26.36,0.0,2.391539808505536,2019-07-10
13.66,23.75,0.0,1.655480641203957,2019-07-11
9.49,24.94,0.0,2.2286125920381745,2019-07-12
11.97,28.2,9.12,1.9911273733793555,2019-07-13
14.68,27.0,10.26,1.5762117401703888,2019-07-14
13.09,24.63,0.96,1.7494874795363649,2019-07-15
10.51,20.01,8.04,1.0268054525221426,2019-07-16
13.66,22.56,0.37,1.2747600859342996,2019-07-17
10.93,25.45,2.06,1.6203712102218848,2019-07-18
10.17,17.75,7.81,0.8322940861102408,2019-07-19
10.36,23.03,0.0,1.7050024616278956,2019-07-20
11.97,24.79,0.0,1.7862631900657453,2019-07-21
11.13,27.1,0.0,2.10825912396909,2019-07-22
14.06,29.45,0.0,2.15322956635018,2019-07-23
15.24,29.73,2.81,1.6533078469362943,2019-07-24
12.38,17.59,4.51,0.5858099196376407,2019-07-25
13.58,25.05,0.0,1.5657424086076288,2019-07-26
12.35,31.37,0.0,2.3914521524962153,2019-07-27
9.52,20.31,0.52,1.302920982159755,2019-07-28
5.39,23.5,0.0,1.9367359575899512,2019-07-29
11.8,29.01,2.64,1.7602979583367937,2019-07-30
12.39,25.49,0.0,1.6998983657234998,2019-07-31
13.35,31.5,0.0,2.294167433685222,2019-08-01
15.5,32.91,0.0,2.281224864289108,2019-08-02
15.62,27.78,0.0,1.628154748104363,2019-08-03
10.33,25.53,0.0,1.8173961580597104,2019-08-04
10.75,28.05,0.0,2.0430151144533104,2019-08-05
10.38,21.09,1.71,1.2223785664964053,2019-08-06
4.47,21.85,0.0,1.7225185018764857,2019-08-07
5.73,23.55,0.0,1.812508210985156,2019-08-08
10.07,25.0,2.25,1.4149487504840068,2019-08-09
7.72,20.66,0.0,1.3638351805532314,2019-08-10
6.37,21.65,0.0,1.5642369163582928,2019-08-11
10.17,18.02,3.37,0.7766604360449588,2019-08-12
7.13,22.35,0.0,1.5703089688405412,2019-08-13
9.72,24.78,0.0,1.6418971263109434,2019-08-14
9.57,25.86,0.0,1.7480457975107808,2019-08-15
10.51,21.9,0.0,1.2313001869427678,2019-08-16
4.75,17.86,0.0,1.220989455718323,2019-08-17
2.74,20.92,0.0,1.5782052541132925,2019-08-18
3.9,20.68,0.0,1.495175388832742,2019-08-19
3.38,24.04,0.0,1.7830934946115151,2019-08-20
5.82,26.5,0.0,1.8899459174183235,2019-08-21
12.23,27.21,6.88,1.3945452811616583,2019-08-22
9.36,21.87,0.0,1.2527765099392418,2019-08-23
12.34,28.11,1.94,1.640607931795301,2019-08-24
11.31,21.46,9.93,0.9448160814020148,2019-08-25
8.75,19.52,0.0,1.0589300961215573,2019-08-26
8.66,19.42,0.0,1.051751296711076,2019-08-27
7.05,23.93,0.6,1.5224820830489645,2019-08-28
6.24,20.23,0.0,1.261233949156087,2019-08-29
4.53,19.43,0.9,1.272157398265783,2019-08-30
7.3,21.75,1.28,1.3195494953469975,2019-08-31
6.76,22.35,7.73,1.2504623552360967,2019-09-01
10.57,21.06,1.45,1.0464990430769494,2019-09-02
7.31,25.39,0.0,1.5816462136552898,2019-09-03
9.47,21.58,1.32,1.1602538287782136,2019-09-04
8.05,22.87,0.0,1.3404796849346123,2019-09-05
5.44,22.21,0.0,1.4016590389021413,2019-09-06
7.01,22.54,0.0,1.353567556322991,2019-09-07
7.16,21.41,0.0,1.25195005161386,2019-09-08
8.96,14.96,3.15,0.5103808418514046,2019-09-09
8.36,11.49,8.21,0.268044811155636,2019-09-10
8.84,13.04,3.1,0.3588895972596841,2019-09-11
7.31,16.17,0.0,0.7991980273316117,2019-09-12
3.89,23.0,0.0,1.469229635737854,2019-09-13
8.77,23.85,0.0,1.3372534524288002,2019-09-14
8.81,27.0,0.0,1.5558054064509532,2019-09-15
9.32,31.47,0.0,1.8266672286891037,2019-09-16
12.99,26.32,0.48,1.2727789825666167,2019-09-17
10.92,22.01,2.39,0.9402058613355256,2019-09-18
9.32,21.36,1.8,1.0785763726565851,2019-09-19
8.97,21.13,0.0,1.0791368735189175,2019-09-20
4.97,18.46,0.0,1.0706768280830243,2019-09-21
5.08,25.62,0.0,1.550979896562214,2019-09-22
8.09,20.66,1.84,1.0698097898085246,2019-09-23
5.17,17.18,0.0,0.9470710282565388,2019-09-24
2.64,15.66,1.22,0.9449059371429784,2019-09-25
1.85,10.15,7.98,0.538912649779418,2019-09-26
1.08,7.88,0.0,0.4703879352972238,2019-09-27
0.87,5.97,0.0,0.3487480656393407,2019-09-28
0.17,4.79,7.51,0.2811611617882447,2019-09-29
0.34,1.83,4.74,0.1,2019-09-30
0.18,4.66,0.0,0.3012923523086369,2019-10-01
-3.36,10.37,0.0,0.7997004833208474,2019-10-02
-1.35,11.92,0.0,0.8278253846999305,2019-10-03
1.82,11.26,0.0,0.6629265978455264,2019-10-04
-1.21,13.73,0.0,0.9183599532465208,2019-10-05
3.24,15.79,0.0,0.8955197312443602,2019-10-06
2.56,20.17,0.0,1.177789304646865,2019-10-07
-2.25,8.14,0.18,0.6171463582994535,2019-10-08
-6.82,3.03,0.0,0.4819660885055883,2019-10-09
-9.0,4.15,0.0,0.5795686734246467,2019-10-10
-8.8,6.85,0.0,0.6886417994753153,2019-10-11
-8.41,7.57,0.0,0.709860634203924,2019-10-12
-9.17,9.72,0.0,0.807304038115901,2019-10-13
-1.48,4.06,0.81,0.3190312405769713,2019-10-14
-2.77,6.16,0.0,0.4940182169310934,2019-10-15
-0.92,12.2,0.0,0.769285430957743,2019-10-16
0.77,18.48,0.0,1.062780264237998,2019-10-17
-0.64,15.66,0.0,0.9378671085610076,2019-10-18
-1.36,14.14,0.0,0.8687735856673853,2019-10-19
-4.45,7.22,0.0,0.585753348175597,2019-10-20
-6.89,9.18,0.0,0.7250564413874889,2019-10-21
-5.77,6.6,0.0,0.5835090568000562,2019-10-22
-5.55,4.2,0.0,0.4606548500668476,2019-10-23
-5.6,8.2,0.0,0.6474964730107278,2019-10-24
-0.67,16.94,1.05,0.9701371637520966,2019-10-25
-6.0,2.86,0.18,0.4123659321697017,2019-10-26
-9.01,-3.39,2.8,0.2077264595443191,2019-10-27
-8.84,-4.09,1.22,0.1866791565893183,2019-10-28
-12.18,-4.9,0.0,0.2450651370616884,2019-10-29
-17.43,0.26,0.0,0.4757188769856902,2019-10-30
-2.51,3.82,0.48,0.3235239309501854,2019-10-31
-3.23,4.52,0.0,0.3862763889019609,2019-11-01
-5.1,4.81,0.85,0.458783789338903,2019-11-02
-5.39,1.65,0.0,0.3170663833400269,2019-11-03
-12.79,-4.57,0.0,0.2607732824423682,2019-11-04
-15.46,-5.03,0.9,0.2906354169651208,2019-11-05
-20.16,-8.28,0.0,0.2542415075070231,2019-11-06
-20.52,-4.56,0.0,0.3435504732153847,2019-11-07
-7.39,3.28,0.66,0.4368873868186324,2019-11-08
-13.53,-1.17,0.96,0.3785087952907839,2019-11-09
-20.77,-11.41,0.0,0.1844540593083936,2019-11-10
-22.74,-9.14,0.0,0.2462750016478495,2019-11-11
-14.81,-1.93,0.0,0.3664176282689984,2019-11-12
-15.05,-0.11,0.0,0.4221034515376107,2019-11-13
-7.53,0.01,0.0,0.2950512887453025,2019-11-14
-5.78,2.7,2.66,0.3429927200283649,2019-11-15
-1.15,2.2,1.6,0.1691143640958639,2019-11-16
-2.11,5.35,0.0,0.3601432899215077,2019-11-17
-0.63,7.52,0.0,0.4160018415662395,2019-11-18
-4.26,1.07,0.0,0.2333915711419584,2019-11-19
-5.92,-0.97,0.0,0.2010636790375801,2019-11-20
-5.89,4.0,0.0,0.4085759201053518,2019-11-21
-5.35,5.79,0.0,0.4698357613272718,2019-11-22
-0.99,10.8,0.0,0.584447097289114,2019-11-23
-1.93,3.95,1.16,0.2816091218166805,2019-11-24
-5.61,-0.39,0.28,0.2129063347096748,2019-11-25
-10.04,-2.21,0.49,0.2668986409820885,2019-11-26
-7.81,-5.4,0.0,0.1,2019-11-27
-8.23,-5.13,2.79,0.1066649414256197,2019-11-28
-9.88,-5.31,0.0,0.1537661801279356,2019-11-29
-10.48,-7.3,0.0,0.10236461134697,2019-11-30
-13.42,-6.26,0.0,0.2027999764309506,2019-12-01
-14.89,-2.08,0.0,0.3443948556249283,2019-12-02
-8.1,3.68,0.0,0.4383643555378207,2019-12-03
-8.34,-0.16,0.0,0.2983830303925815,2019-12-04
-14.8,-4.59,0.0,0.2704225309101819,2019-12-05
-12.19,-5.47,0.0,0.1999491628204006,2019-12-06
-13.06,-5.56,0.0,0.2143536473768991,2019-12-07
-22.33,-12.24,0.0,0.170161545509068,2019-12-08
-24.89,-10.1,0.0,0.2209144701805603,2019-12-09
-27.24,-15.45,0.0,0.1451467408844116,2019-12-10
-27.06,-17.13,0.0,0.1211625337339038,2019-12-11
-19.66,-12.24,0.28,0.1439611731172904,2019-12-12
-25.6,-14.12,0.0,0.1572160895401171,2019-12-13
-27.93,-11.85,0.0,0.1976380315357473,2019-12-14
-20.25,-8.71,0.0,0.2223316295312605,2019-12-15
-15.58,-4.51,0.0,0.2782286911427639,2019-12-16
-15.25,-4.36,0.0,0.2780344627479723,2019-12-17
-11.09,0.54,0.0,0.3689868155445904,2019-12-18
-11.3,-3.69,0.0,0.2341132842080105,2019-12-19
-11.74,3.2,0.0,0.4644613557578896,2019-12-20
-12.19,-1.69,0.0,0.3132131488525755,2019-12-21
-10.43,-0.86,0.0,0.3100981998851452,2019-12-22
-8.02,-4.22,0.0,0.1340457716121546,2019-12-23
-7.62,-5.24,3.63,0.1,2019-12-24
-9.38,-2.39,0.0,0.2364841268224364,2019-12-25
-15.76,-7.04,0.0,0.2132336729813739,2019-12-26
-16.12,-7.05,0.0,0.217732348412268,2019-12-27
-16.42,-6.86,0.0,0.2261409034985293,2019-12-28
-19.42,-6.09,0.0,0.273553114336435,2019-12-29
-16.97,-6.39,0.0,0.2446427426462698,2019-12-30
-13.46,-0.25,0.0,0.3757533997896995,2019-12-31
-9.29,-1.6,0.0,0.2642341020229994,2020-01-01
-8.36,-2.65,0.0,0.202748937202816,2020-01-02
-11.78,-4.26,0.0,0.2281768698987529,2020-01-03
-8.23,4.28,0.0,0.4601075234793462,2020-01-04
-12.06,-2.66,0.0,0.2857594830600142,2020-01-05
-17.26,-2.17,0.0,0.3597877691379618,2020-01-06
-26.24,-16.77,0.92,0.1226034696822676,2020-01-07
-19.66,-9.35,0.67,0.2072111734980839,2020-01-08
-25.48,-16.1,0.0,0.1284511611597975,2020-01-09
-31.16,-17.22,0.4,0.1352291483635568,2020-01-10
-20.44,-10.87,1.88,0.1837128706646086,2020-01-11
-26.12,-13.85,0.0,0.1675450275384384,2020-01-12
-30.45,-24.58,0.57,0.1,2020-01-13
-34.66,-26.55,0.0,0.1,2020-01-14
-36.88,-28.8,0.0,0.1,2020-01-15
-37.21,-19.56,0.0,0.1158951672931789,2020-01-16
-22.42,-18.65,4.28,0.1,2020-01-17
-27.76,-22.41,0.0,0.1,2020-01-18
-29.35,-17.29,0.0,0.1341816077015643,2020-01-19
-20.52,-0.58,0.0,0.4251836339065473,2020-01-20
-11.74,1.66,0.0,0.4402039410025572,2020-01-21
-13.28,-3.67,0.0,0.2900327007057136,2020-01-22
-11.12,-3.82,0.0,0.2442093308567013,2020-01-23
-8.86,-0.06,0.0,0.3326063014375185,2020-01-24
-5.44,1.25,0.0,0.2951664140965948,2020-01-25
-7.81,-2.92,0.0,0.1931096495169033,2020-01-26
-7.44,-1.9,0.0,0.224103301407782,2020-01-27
-4.4,-1.43,0.0,0.1370811949863094,2020-01-28
-9.71,-3.2,2.23,0.2263202836357831,2020-01-29
-11.08,-0.79,0.0,0.3619123831394947,2020-01-30
-10.69,2.44,0.0,0.4735612090371776,2020-01-31
-7.74,5.9,0.0,0.5637815325211203,2020-02-01
-11.56,-0.05,0.0,0.4004549295662188,2020-02-02
-19.97,-10.47,0.0,0.2064329257553505,2020-02-03
-20.21,-5.14,0.0,0.3363173264991788,2020-02-04
-13.58,-6.18,0.21,0.2326050896872351,2020-02-05
-15.86,-10.06,0.16,0.1593859064579843,2020-02-06
-13.31,-3.13,0.0,0.3336719337269275,2020-02-07
-13.63,-3.35,0.0,0.3691449315359819,2020-02-08
-15.12,-3.04,0.0,0.4160954527643321,2020-02-09
-10.26,-3.63,0.0,0.2557928873569481,2020-02-10
-15.13,-2.67,0.0,0.4586800646979934,2020-02-11
-31.35,-16.92,0.0,0.1598896150781796,2020-02-12
-30.18,-6.96,0.0,0.3214475224112416,2020-02-13
-13.12,-3.05,0.0,0.4246761208627708,2020-02-14
-21.76,-12.59,0.0,0.190742154934587,2020-02-15
-16.74,-6.26,0.4,0.3485436320545925,2020-02-16
-22.69,-10.79,0.0,0.2512745243325582,2020-02-17
-30.73,-18.67,0.0,0.1406359869026451,2020-02-18
-30.52,-10.57,0.0,0.2736780189817963,2020-02-19
-16.33,1.93,0.0,0.7259446111444379,2020-02-20
-11.86,1.31,0.0,0.7183453335250727,2020-02-21
-9.03,2.41,0.0,0.7594828268038436,2020-02-22
-12.36,-0.08,0.0,0.6598043072942691,2020-02-23
-14.26,-2.83,0.0,0.5361817506786922,2020-02-24
-18.77,-4.24,0.0,0.5043087581560677,2020-02-25
-14.26,-0.44,0.0,0.6683565276589316,2020-02-26
-10.23,3.49,0.0,0.8709192647866063,2020-02-27
-8.53,5.42,0.0,0.9875578570684508,2020-02-28
-7.07,6.57,0.99,1.0645548940880691,2020-02-29
-11.0,-1.64,0.0,0.5633206700330363,2020-03-01
-6.03,2.93,0.0,0.774418252404197,2020-03-02
-8.22,2.67,0.0,0.8402649046813303,2020-03-03
-3.5,3.0,1.7,0.6417517714585314,2020-03-04
-7.42,3.01,0.0,0.8766338861415011,2020-03-05
-2.68,9.6,0.0,1.3307370626951889,2020-03-06
-12.5,-1.97,0.37,0.6348508574983498,2020-03-07
-17.5,-10.33,0.0,0.2509756052710655,2020-03-08
-19.17,-0.37,0.0,0.7291298510944695,2020-03-09
-12.89,4.92,0.0,1.0389102024861645,2020-03-10
-4.96,3.87,0.0,0.9052628319591648,2020-03-11
-11.21,-2.95,0.0,0.553660483233158,2020-03-12
-17.83,-10.7,0.0,0.2606317524687362,2020-03-13
-17.2,-9.54,0.98,0.3234715088678674,2020-03-14
-15.86,-7.89,0.0,0.3901874415956945,2020-03-15
-19.72,-2.02,0.0,0.7055464061026098,2020-03-16
-14.93,-4.14,0.0,0.6160555191188529,2020-03-17
-18.93,-7.16,0.0,0.5015097896753246,2020-03-18
-19.38,-5.98,0.0,0.5625335935996115,2020-03-19
-18.53,-0.48,0.0,0.8064042438454511,2020-03-20
-11.52,2.16,0.0,1.0012012497631868,2020-03-21
-11.83,5.37,0.0,1.1341939607390077,2020-03-22
-8.71,5.04,0.59,1.1606461880413594,2020-03-23
-9.05,-1.37,1.41,0.7225926696085195,2020-03-24
-15.27,-1.27,0.0,0.842053930365865,2020-03-25
-14.67,4.82,0.0,1.0829895200788928,2020-03-26
-4.96,5.9,0.0,1.2350116042506378,2020-03-27
-4.21,6.51,0.0,1.2746555119312013,2020-03-28
-5.64,11.86,0.0,1.5606528516574552,2020-03-29
-4.71,4.18,1.38,1.145821894449791,2020-03-30
-11.74,-3.02,2.19,0.5934535845721779,2020-03-31
-16.07,-11.95,0.79,0.1605388349822799,2020-04-01
-18.26,-10.05,0.0,0.3952041310417866,2020-04-02
-19.6,-4.12,0.0,0.7092286831428072,2020-04-03
-14.47,-6.45,2.16,0.4224193803494744,2020-04-04
-10.92,-2.17,0.38,0.7536785331819544,2020-04-05
-8.89,1.13,6.23,0.8171038172108233,2020-04-06
-11.62,3.73,0.0,1.142776899877167,2020-04-07
-7.73,0.4,0.0,0.827536960738662,2020-04-08
-14.27,5.0,0.0,1.1687496074302657,2020-04-09
-3.17,6.7,0.0,1.3377146581905552,2020-04-10
-8.62,-1.36,0.0,0.7308380141114303,2020-04-11
-10.33,-4.58,0.0,0.4837097922787063,2020-04-12
-12.69,-5.14,0.0,0.5830260707166759,2020-04-13
-15.22,3.04,0.0,1.0916152629872249,2020-04-14
-9.64,1.53,0.0,1.0832033905168246,2020-04-15
-5.68,5.36,0.0,1.3035900314990023,2020-04-16
-2.21,11.96,0.0,1.7239722029384807,2020-04-17
-3.84,4.59,0.0,1.2393924300981998,2020-04-18
-3.94,13.9,0.0,1.8373034387125828,2020-04-19
-1.64,9.78,0.0,1.5960384399929295,2020-04-20
-2.06,21.42,0.0,2.286514239338246,2020-04-21
0.72,15.96,0.0,2.019167915688527,2020-04-22
0.21,18.12,0.0,2.150589949345338,2020-04-23
-1.16,14.02,2.22,1.72292570755597,2020-04-24
-2.21,18.95,0.0,2.1711448737038173,2020-04-25
2.22,13.94,3.13,1.7175682150655776,2020-04-26
-1.25,18.48,0.0,2.1678685531145767,2020-04-27
2.07,18.28,0.0,2.191599035712628,2020-04-28
1.11,22.46,0.0,2.440484179709858,2020-04-29
6.73,28.0,0.0,2.835678375918115,2020-04-30
4.13,18.28,0.0,2.164301867511457,2020-05-01
-1.18,18.14,0.0,2.14566475695092,2020-05-02
-0.78,18.25,2.61,1.965416025519752,2020-05-03
4.01,15.03,0.0,1.8931102513313,2020-05-04
-1.01,18.25,0.0,2.1562510996997903,2020-05-05
0.89,21.07,0.0,2.2694265113663628,2020-05-06
0.58,17.99,0.0,2.0757731874803893,2020-05-07
0.5,18.83,3.51,1.9515939921758845,2020-05-08
-1.07,6.79,1.28,1.1086504074211672,2020-05-09
-3.63,9.69,0.0,1.5337410627785188,2020-05-10
-6.15,10.48,0.0,1.577007497539625,2020-05-11
-3.18,14.38,0.0,1.8322968931631256,2020-05-12
0.72,12.48,0.0,1.6840406159976786,2020-05-13
-1.7,19.73,0.0,2.179470989977129,2020-05-14
-3.32,14.33,0.0,1.830724809967651,2020-05-15
0.87,25.31,0.0,2.547618778190594,2020-05-16
10.03,26.94,0.0,2.669516242989329,2020-05-17
8.65,24.86,0.0,2.5270329037777928,2020-05-18
11.32,26.03,0.0,2.572679171331147,2020-05-19
9.66,17.34,18.35,1.3522241887929,2020-05-20
9.27,21.71,0.0,2.1787729306783943,2020-05-21
5.7,20.89,0.0,2.284690748179256,2020-05-22
4.29,15.11,0.0,1.6212198647667024,2020-05-23
4.96,20.13,0.0,2.246082366798031,2020-05-24
6.46,26.07,0.0,2.6823088532435713,2020-05-25
10.79,21.22,2.34,1.5956805935846192,2020-05-26
6.96,17.83,0.16,1.8117803745668024,2020-05-27
4.15,18.36,0.0,2.085133705748853,2020-05-28
5.0,18.38,0.0,2.06416491456185,2020-05-29
7.0,25.6,0.0,2.68001949889668,2020-05-30
11.64,31.02,0.0,3.0359498778339726,2020-05-31
12.21,25.32,0.0,2.564561329735811,2020-06-01
8.0,24.72,0.0,2.61660064160145,2020-06-02
9.55,20.01,0.0,2.0173736203942165,2020-06-03
6.15,17.89,0.0,2.007235160781373,2020-06-04
4.58,19.86,0.0,2.2923248669995155,2020-06-05
9.87,16.35,21.76,0.9531047519607478,2020-06-06
9.18,16.34,19.59,0.8485064159406561,2020-06-07
6.8,15.0,0.0,1.0987070179472842,2020-06-08
4.81,20.89,0.0,2.1076662638847865,2020-06-09
7.6,22.61,0.0,2.176118905712162,2020-06-10
5.91,21.52,0.0,2.1399954907211063,2020-06-11
8.0,28.17,0.0,2.7337917704213144,2020-06-12
14.87,30.48,0.0,2.701843206290853,2020-06-13
12.75,24.21,6.6,1.5641212302311411,2020-06-14
8.17,21.94,3.0,1.6477339449844226,2020-06-15
9.15,23.8,27.63,1.7805673132839273,2020-06-16
8.83,16.72,6.46,0.8294215650680196,2020-06-17
7.06,16.21,0.0,1.1341667877994486,2020-06-18
6.46,17.77,0.0,1.434915885094522,2020-06-19
6.42,17.11,0.0,1.344441884708901,2020-06-20
4.14,18.55,0.0,1.715911778585119,2020-06-21
6.48,23.97,0.0,2.175198281510707,2020-06-22
10.18,28.19,0.0,2.4446273907378178,2020-06-23
14.47,26.19,0.19,1.8519430003961268,2020-06-24
14.49,26.29,0.0,1.8603853339787113,2020-06-25
11.49,30.22,3.9,2.1170559930766406,2020-06-26
13.91,21.24,0.0,0.9877930134274976,2020-06-27
12.85,20.76,0.0,1.0838301023622836,2020-06-28
14.67,19.8,0.0,0.7207894632629751,2020-06-29
13.8,20.66,12.11,0.8263167104246263,2020-06-30
14.39,24.14,0.17,1.5159616214840137,2020-07-01
11.21,24.07,2.0,1.4947330828067618,2020-07-02
10.3,26.26,0.0,2.2043018283709954,2020-07-03
12.32,29.39,0.0,2.423449938407918,2020-07-04
12.26,23.54,0.0,1.6831178623826426,2020-07-05
11.0,24.84,0.0,2.0060887350462755,2020-07-06
12.58,28.72,8.46,1.8893644272955905,2020-07-07
14.16,20.28,2.78,0.7291745680111514,2020-07-08
12.39,22.38,0.0,1.4193053858211289,2020-07-09
9.81,23.62,3.44,1.494069351709085,2020-07-10
10.32,25.29,0.0,2.023457841684166,2020-07-11
12.75,25.6,0.72,1.8698603477069649,2020-07-12
10.33,20.09,2.0,1.0695946938173369,2020-07-13
10.81,21.76,4.36,1.1968685096363083,2020-07-14
11.55,23.04,0.0,1.599492040961053,2020-07-15
10.07,25.56,0.0,2.0373735683252994,2020-07-16
13.82,25.02,0.0,1.6148931028496438,2020-07-17
11.46,22.04,0.64,1.430361672221948,2020-07-18
10.41,23.19,0.0,1.6961417695469063,2020-07-19
11.82,23.78,3.6,1.2997815612309631,2020-07-20
9.66,25.55,0.0,2.0004863288495645,2020-07-21
14.59,30.65,0.0,2.2218981322721287,2020-07-22
17.39,29.16,0.0,1.7527461529173152,2020-07-23
14.85,27.0,0.0,1.7410376854849168,2020-07-24
11.8,21.23,0.0,1.2189369382780848,2020-07-25
10.82,24.88,0.0,1.853427379657496,2020-07-26
9.29,27.66,0.0,2.2003010659558977,2020-07-27
11.01,31.02,0.0,2.405249152962912,2020-07-28
14.98,33.58,0.0,2.422026137125915,2020-07-29
15.77,32.1,0.0,2.190512522741624,2020-07-30
13.2,26.63,0.0,1.7319472438903338,2020-07-31
9.16,28.26,0.0,2.1674915530584324,2020-08-01
10.71,28.37,0.0,2.101357290677562,2020-08-02
13.98,29.81,0.76,2.0285619338765972,2020-08-03
11.92,27.19,0.0,1.8673404092312689,2020-08-04
8.94,29.29,0.0,2.223737635905553,2020-08-05
11.51,33.71,0.0,2.4804155080082855,2020-08-06
13.07,24.74,0.0,1.3870283114936468,2020-08-07
11.69,25.18,3.08,1.3195299226390085,2020-08-08
8.95,22.06,0.0,1.4182131902189483,2020-08-09
8.0,23.93,0.0,1.6959375511159336,2020-08-10
8.53,24.38,0.0,1.6961167251041631,2020-08-11
11.91,28.16,0.0,1.853665680867425,2020-08-12
8.29,24.9,0.0,1.7301378095670954,2020-08-13
7.56,24.43,1.3,1.709303517272532,2020-08-14
8.0,24.93,0.0,1.718213821995178,2020-08-15
8.79,29.12,0.0,2.0521667284015064,2020-08-16
11.36,34.6,0.0,2.38429072315878,2020-08-17
12.01,35.68,0.0,2.423198992569861,2020-08-18
13.59,33.57,0.0,2.219676097538952,2020-08-19
13.51,32.95,0.0,2.1470887537022048,2020-08-20
14.21,27.11,0.0,1.4019222061246948,2020-08-21
10.11,31.71,0.0,2.1768762761368663,2020-08-22
6.94,28.14,0.0,1.9784919229659563,2020-08-23
9.56,28.83,6.55,1.5963568668074888,2020-08-24
12.05,25.47,0.0,1.3325735408762571,2020-08-25
8.91,25.17,0.0,1.5361950579005457,2020-08-26
6.95,21.71,10.02,1.17698398398523,2020-08-27
6.76,22.88,0.0,1.404909586168155,2020-08-28
8.33,30.8,0.0,2.0184123956746296,2020-08-29
6.29,16.52,0.0,0.8874492904477097,2020-08-30
3.05,18.94,0.0,1.2463472994061349,2020-08-31
8.58,22.04,0.0,1.2175011647183718,2020-09-01
7.37,16.52,7.09,0.7328161544147148,2020-09-02
4.96,21.44,0.0,1.3415304315902663,2020-09-03
4.35,23.57,0.0,1.51290273134377,2020-09-04
7.69,29.48,0.0,1.8990050733206836,2020-09-05
7.14,17.15,0.0,0.8651091970977034,2020-09-06
-0.18,10.35,0.0,0.7301878611562255,2020-09-07
-4.92,15.44,0.0,1.2109735539133966,2020-09-08
3.65,20.54,0.0,1.323558421489735,2020-09-09
3.97,26.11,0.0,1.750854780665165,2020-09-10
7.94,30.48,0.0,1.943085313117186,2020-09-11
5.59,16.07,1.8,0.8393397960261677,2020-09-12
-1.02,15.04,0.0,1.0473774687419626,2020-09-13
5.37,15.93,0.0,0.8358260209665896,2020-09-14
3.37,13.78,0.0,0.7778564412157878,2020-09-15
-0.97,13.99,0.0,1.0616495919148867,2020-09-16
2.02,17.74,0.0,1.2579713388488312,2020-09-17
-0.54,24.19,0.0,1.7752201284795113,2020-09-18
6.37,26.7,0.0,1.8224221993539924,2020-09-19
12.2,19.65,9.04,0.627455934092879,2020-09-20
7.9,23.12,0.0,1.352280933327528,2020-09-21
7.11,20.71,0.0,1.1525885895811605,2020-09-22
8.82,21.72,0.0,1.1264931810212704,2020-09-23
8.34,24.02,0.0,1.3796613232813946,2020-09-24
5.05,21.92,0.0,1.3676924499029632,2020-09-25
7.69,15.39,0.8,0.6235088793837287,2020-09-26
4.56,15.14,0.0,0.7836848240869744,2020-09-27
0.77,22.62,0.0,1.5051634856621248,2020-09-28
6.83,18.32,0.0,0.9297054737541716,2020-09-29
0.61,12.53,0.0,0.7706446259481569,2020-09-30
-4.49,11.39,0.0,0.8896401473626286,2020-10-01
0.54,17.1,0.0,1.1358533519354657,2020-10-02
-0.93,15.78,0.0,1.0712484929935029,2020-10-03
4.66,23.08,0.28,1.4299445773203503,2020-10-04
7.91,18.97,0.0,0.8559825078649576,2020-10-05
6.15,18.01,0.0,0.931329097484273,2020-10-06
-0.42,15.54,0.0,1.0562265902419146,2020-10-07
7.33,21.83,1.65,1.233343745318793,2020-10-08
1.41,10.37,0.0,0.5651896038808581,2020-10-09
2.58,25.63,0.0,1.6619957791121225,2020-10-10
4.16,15.36,0.0,0.7931792183194545,2020-10-11
-3.61,12.24,0.0,0.894878271479199,2020-10-12
-0.01,10.7,0.0,0.6421631846435266,2020-10-13
-5.61,6.64,0.0,0.5863328595734904,2020-10-14
-6.01,5.75,0.0,0.549077122418322,2020-10-15
-9.99,3.27,0.0,0.5206895982781233,2020-10-16
-12.66,-0.68,0.0,0.4090273593606436,2020-10-17
-5.71,-2.62,0.0,0.139997812000587,2020-10-18
-6.7,-0.61,0.8,0.2741527105164539,2020-10-19
-7.03,-1.77,0.38,0.2307828832107502,2020-10-20
-8.95,0.57,0.0,0.3923998989309719,2020-10-21
-13.49,-2.21,0.0,0.3731010392958148,2020-10-22
-13.92,-3.6,0.0,0.3299536048198591,2020-10-23
-7.84,-4.65,0.0,0.1319027048493719,2020-10-24
-11.28,-2.15,0.0,0.3311712914637802,2020-10-25
-13.93,3.02,0.13,0.552905902900983,2020-10-26
-3.53,11.84,0.38,0.8297827893424308,2020-10-27
-4.83,4.18,0.24,0.4202873265247057,2020-10-28
-5.54,6.8,0.33,0.5597925168973376,2020-10-29
-0.63,11.55,0.0,0.6601812448850901,2020-10-30
-6.88,1.3,0.0,0.3440792835124052,2020-10-31
-7.47,13.82,0.0,0.899670874998577,2020-11-01
0.18,17.43,0.0,0.9698286380454056,2020-11-02
0.7,15.93,0.0,0.8451768166408682,2020-11-03
-1.25,13.79,0.0,0.7765571169398773,2020-11-04
0.96,17.36,0.0,0.9044569465914544,2020-11-05
-2.98,6.52,0.33,0.4575224941528072,2020-11-06
-3.03,0.94,3.8,0.1780292735948881,2020-11-07
-10.08,-3.33,17.44,0.2259562076131477,2020-11-08
-19.26,-9.64,0.0,0.210053884576884,2020-11-09
-16.71,-6.28,0.0,0.265233120318288,2020-11-10
-18.34,-6.14,1.24,0.2855594949168164,2020-11-11
-23.89,-10.02,0.0,0.2332004385474737,2020-11-12
-13.01,-0.58,0.0,0.3856981487443162,2020-11-13
-10.28,-1.16,0.68,0.3179596679264977,2020-11-14
-11.73,-6.29,0.0,0.1708314925743348,2020-11-15
-8.98,-5.78,0.0,0.1140478688655029,2020-11-16
-7.49,-0.96,0.0,0.2542767474501187,2020-11-17
-4.86,3.79,0.0,0.3798015965610871,2020-11-18
-12.91,-4.62,4.12,0.2360285107261263,2020-11-19
-19.27,-10.77,0.0,0.1757282443818747,2020-11-20
-19.12,-4.93,0.0,0.3105747682331314,2020-11-21
-17.51,-8.34,0.0,0.2104011880927664,2020-11-22
-11.72,-5.31,0.0,0.1967807452081542,2020-11-23
-9.72,-3.04,0.0,0.2267018303410476,2020-11-24
-9.29,1.86,0.72,0.3954405551364064,2020-11-25
-13.0,-1.41,0.0,0.3432681111654656,2020-11-26
-10.33,0.2,0.0,0.3530667590903868,2020-11-27
-10.7,-1.27,0.15,0.3084369713551433,2020-11-28
-15.96,-3.53,0.0,0.3141525005875623,2020-11-29
-9.57,1.69,0.0,0.3895351521221398,2020-11-30
-8.6,2.59,0.0,0.4048092280696157,2020-12-01
-11.28,-1.89,0.0,0.2964894027890848,2020-12-02
-7.93,2.3,0.0,0.379955195110621,2020-12-03
-6.84,2.26,0.0,0.3533221973520336,2020-12-04
-7.8,1.54,0.0,0.347602489591495,2020-12-05
-10.13,0.07,0.0,0.3409630761780126,2020-12-06
-8.87,3.1,0.0,0.4253418279182628,2020-12-07
-4.95,3.65,0.0,0.3590960031962458,2020-12-08
-6.41,1.55,0.0,0.3111411501039111,2020-12-09
-13.29,-4.25,0.0,0.2543791777532663,2020-12-10
-13.21,-4.43,0.0,0.2472935597380176,2020-12-11
-11.78,-3.58,0.0,0.2479520282490799,2020-12-12
-28.63,-13.4,0.0,0.1764498234638778,2020-12-13
-29.9,-15.55,0.32,0.1499533102672957,2020-12-14
-20.18,-11.25,0.0,0.1675396603135737,2020-12-15
-17.68,-6.12,0.0,0.2577605109700695,2020-12-16
-16.14,1.53,0.0,0.4477621260148784,2020-12-17
-23.08,-5.35,0.0,0.3031700685512045,2020-12-18
-13.55,4.14,0.0,0.5101157625359349,2020-12-19
-7.48,2.46,0.0,0.3664157231343625,2020-12-20
-9.11,-0.84,1.13,0.2812742637185634,2020-12-21
-14.36,-4.88,2.65,0.2410892987621665,2020-12-22
-18.11,-9.35,0.0,0.1843250058257717,2020-12-23
-14.9,-0.4,0.0,0.3832217366761308,2020-12-24
-13.97,-3.07,0.0,0.294915377815835,2020-12-25
-13.23,-5.92,0.3,0.2000413110124377,2020-12-26
-16.03,-7.05,0.17,0.2143401445222801,2020-12-27
-18.95,-8.84,0.0,0.2058264007392947,2020-12-28
-17.08,-6.96,0.0,0.2303525347513804,2020-12-29
-20.1,-9.55,0.0,0.202164995495441,2020-12-30
-16.65,-4.86,0.0,0.2812016339025084,2021-01-01
-10.79,3.71,0.0,0.4744872453001205,2021-01-02
-4.04,3.56,0.0,0.3281372590111847,2021-01-03
-11.17,-1.86,0.0,0.293116033551707,2021-01-04
-11.09,-0.69,0.0,0.3310971655277758,2021-01-05
-12.28,1.99,0.0,0.4370764788355081,2021-01-06
-10.12,0.62,0.0,0.3608331490446264,2021-01-07
-13.69,-3.54,0.0,0.2846101219585705,2021-01-08
-14.71,-5.63,0.0,0.2394090761781679,2021-01-09
-15.32,-6.53,0.0,0.2242986922355939,2021-01-10
-13.7,-2.18,0.0,0.3276039129383868,2021-01-11
-9.74,-0.32,0.0,0.3239303258766464,2021-01-12
-7.71,5.99,5.05,0.5055328619241537,2021-01-13
-6.68,-0.42,0.0,0.2462207811723386,2021-01-14
-14.55,-5.61,0.0,0.2417220253759676,2021-01-15
-10.96,-0.28,0.0,0.3527901607873762,2021-01-16
-11.58,-2.17,2.35,0.2880467991022828,2021-01-17
-11.63,0.07,0.0,0.3783474642895354,2021-01-18
-14.47,2.56,0.0,0.4897472641945335,2021-01-19
-6.37,2.88,0.0,0.3815525500382197,2021-01-20
-13.0,-6.29,0.17,0.1987301468107706,2021-01-21
-10.11,-4.8,1.34,0.1821907663013581,2021-01-22
-28.86,-9.95,0.0,0.2387175263411911,2021-01-23
-33.68,-24.5,0.0,0.1,2021-01-24
-31.37,-23.96,0.0,0.1,2021-01-25
-29.63,-20.25,0.0,0.1008744391326744,2021-01-26
-23.64,-14.81,0.0,0.144432256316371,2021-01-27
-18.62,-11.23,0.0,0.1647616754939247,2021-01-28
-15.43,-9.9,0.0,0.1468154289316207,2021-01-29
-14.37,-10.39,0.0,0.1107853139510283,2021-01-30
-17.02,-10.22,0.0,0.1691749665175706,2021-01-31
-13.36,-2.7,0.0,0.3355706312574688,2021-02-01
-10.48,-1.25,0.0,0.3367092223578334,2021-02-02
-19.79,-10.4,0.0,0.205594230179257,2021-02-03
-21.69,-15.72,0.0,0.1127043814823386,2021-02-04
-28.82,-18.0,0.0,0.1332590674531094,2021-02-05
-35.96,-26.28,0.0,0.1,2021-02-06
-38.06,-29.13,0.0,0.1,2021-02-07
-37.6,-26.66,0.0,0.1,2021-02-08
-28.71,-25.4,0.0,0.1,2021-02-09
-34.56,-26.98,0.0,0.1,2021-02-10
-37.91,-28.08,0.07,0.1,2021-02-11
-32.74,-23.28,0.0,0.1,2021-02-12
-37.61,-24.85,0.0,0.1,2021-02-13
-35.13,-22.48,0.0,0.1041652800671569,2021-02-14
-31.26,-18.74,0.0,0.1394936030452308,2021-02-15
-26.38,-16.67,0.0,0.1509527587076678,2021-02-16
-23.67,-16.0,0.0,0.1421757934883404,2021-02-17
-26.39,-13.75,0.0,0.2059495978693904,2021-02-18
-23.2,-4.01,0.0,0.4580714821802774,2021-02-19
-11.66,-3.26,0.0,0.4281050011940984,2021-02-20
-13.44,3.07,0.0,0.7899780535092565,2021-02-21
-3.98,4.31,0.0,0.7558788955360883,2021-02-22
-8.55,-0.43,0.0,0.5517988691292033,2021-02-23
-10.8,-1.93,0.0,0.5275759640088572,2021-02-24
-11.63,0.49,0.0,0.7043606854498488,2021-02-25
-17.58,-2.76,0.0,0.5688283718041364,2021-02-26
-24.57,-13.39,0.0,0.2296025740205606,2021-02-27
-22.17,-12.49,0.0,0.2354651046107111,2021-02-28
-17.33,2.54,0.0,0.7914857684712884,2021-03-01
-7.84,2.11,0.0,0.7735258673384622,2021-03-02
-12.55,0.99,0.0,0.7928388871492615,2021-03-03
-11.02,0.88,0.0,0.7858282963216114,2021-03-04
-7.74,3.68,0.0,0.9447090143397326,2021-03-05
-0.97,6.36,0.0,0.932538455037549,2021-03-06
-4.31,4.62,0.0,0.9506233872701976,2021-03-07
-5.95,3.45,0.0,0.915418660137479,2021-03-08
-6.08,-1.06,0.0,0.4273395408550078,2021-03-09
-9.9,0.64,0.0,0.8152938886246587,2021-03-10
-18.14,-3.48,0.0,0.6265092708293384,2021-03-11
-9.96,4.66,0.0,1.0769447641848553,2021-03-12
-7.55,5.93,0.0,1.159128002055593,2021-03-13
-1.85,8.31,0.0,1.2984973220442506,2021-03-14
-2.14,6.92,0.0,1.182306059988072,2021-03-15
-9.55,0.26,0.0,0.8193968176626079,2021-03-16
-7.69,8.63,0.0,1.299617843684304,2021-03-17
-3.18,13.4,0.0,1.5844673233136146,2021-03-18
-0.44,17.63,0.0,1.8315161836669032,2021-03-19
-1.54,12.86,0.0,1.577461983308475,2021-03-20
-5.05,3.27,0.0,0.971496815191342,2021-03-21
-6.3,8.24,0.66,1.3189790607731595,2021-03-22
-8.34,0.13,0.0,0.8188690975291909,2021-03-23
-5.64,8.62,0.0,1.355020975421271,2021-03-24
-4.88,3.39,0.0,1.0137170848029669,2021-03-25
-9.78,2.32,0.0,1.0292120586627758,2021-03-26
-8.74,6.65,0.0,1.243087707909294,2021-03-27
-0.39,18.22,0.0,1.9293250181740191,2021-03-28
-9.32,6.33,3.89,1.1419514873111856,2021-03-29
-14.14,-5.32,0.0,0.585014976388673,2021-03-30
-15.26,8.4,0.0,1.2155377825205882,2021-03-31
-1.89,16.2,0.0,1.8290532904460004,2021-04-01
-0.3,12.53,0.0,1.6307556668426229,2021-04-02
-1.36,13.97,0.0,1.7205288311312004,2021-04-03
-0.66,17.8,0.0,1.946176641030692,2021-04-04
-3.09,12.08,0.0,1.5594135648447216,2021-04-05
-3.05,16.72,0.0,1.807897462362157,2021-04-06
-1.12,21.5,0.0,2.0845728241881045,2021-04-07
1.7,15.42,0.94,1.76342852734541,2021-04-08
-6.35,11.69,0.0,1.5133107371906456,2021-04-09
-1.14,13.85,0.0,1.6757988776010309,2021-04-10
-1.8,4.36,1.43,0.8770785286575252,2021-04-11
-3.01,4.32,0.0,1.0005756889748951,2021-04-12
-2.81,4.4,0.0,1.0075626861187854,2021-04-13
-2.44,8.59,0.0,1.37963589377856,2021-04-14
-3.46,14.37,0.0,1.7228326661855802,2021-04-15
-5.11,15.44,0.0,1.7620506414612234,2021-04-16
-0.46,20.27,0.0,2.093434324203676,2021-04-17
-2.98,7.47,0.0,1.321481267121862,2021-04-18
-6.71,4.88,0.0,1.1894686849171143,2021-04-19
-9.42,9.92,0.0,1.4347898806921788,2021-04-20
-3.95,18.28,0.0,1.9545552380220323,2021-04-21
-5.11,7.87,0.0,1.3606328000133696,2021-04-22
-12.63,5.38,0.0,1.180545309180768,2021-04-23
-10.13,7.3,0.0,1.3034917503838268,2021-04-24
-5.76,12.06,0.0,1.6034206366025177,2021-04-25
-2.42,15.16,0.0,1.8145516414799956,2021-04-26
-4.16,11.65,0.0,1.5995135150102198,2021-04-27
-2.46,14.95,0.0,1.8114872141063163,2021-04-28
-3.41,11.11,0.0,1.5717061011014644,2021-04-29
2.53,26.22,0.0,2.538718331792004,2021-04-30
4.95,20.13,0.0,2.161681795123125,2021-05-01
1.03,13.26,0.0,1.7031809476782709,2021-05-02
-5.77,10.14,0.0,1.5235400237044316,2021-05-03
-5.69,14.59,0.0,1.782526748382376,2021-05-04
-3.62,17.29,0.0,1.9665759519229928,2021-05-05
-1.11,17.24,0.0,1.993984594785799,2021-05-06
0.32,17.63,0.0,2.0328649672542007,2021-05-07
2.68,15.61,0.0,1.879992267157179,2021-05-08
-3.7,16.23,0.0,1.9241125425376795,2021-05-09
-2.23,18.64,0.0,2.0866320491879007,2021-05-10
0.44,20.28,0.0,2.211205410248777,2021-05-11
2.92,21.07,0.0,2.269661565882355,2021-05-12
1.53,22.39,0.0,2.3499344218130065,2021-05-13
3.61,22.84,0.0,2.3865780471435896,2021-05-14
3.31,24.23,0.0,2.4818835054959476,2021-05-15
8.2,26.32,0.0,2.6199382313891175,2021-05-16
8.03,32.83,0.0,3.058717997592298,2021-05-17
11.23,28.74,0.0,2.7622821505859463,2021-05-18
1.49,13.0,0.0,1.6866230240993465,2021-05-19
-0.93,4.65,1.56,0.940958693465699,2021-05-20
-1.26,6.64,0.0,1.2718899506721382,2021-05-21
-1.63,11.85,0.0,1.6645248262186698,2021-05-22
7.09,17.61,15.46,1.8326328356003505,2021-05-23
9.04,11.92,18.01,0.4656647260127122,2021-05-24
2.13,9.96,0.0,1.1389993581749698,2021-05-25
-0.28,14.01,0.0,1.8436691349590064,2021-05-26
1.39,19.72,0.0,2.2474897924080315,2021-05-27
7.86,22.1,0.0,2.376901476660844,2021-05-28
6.59,20.97,0.0,2.3101066986861234,2021-05-29
1.88,23.23,0.0,2.494823580236385,2021-05-30
8.56,27.43,0.0,2.792882201562327,2021-05-31
8.81,27.04,0.0,2.7596648430567914,2021-06-01
11.82,32.33,0.0,3.115457805853041,2021-06-02
13.12,35.84,0.0,3.3431018981290683,2021-06-03
15.38,29.05,0.0,2.7789510395381156,2021-06-04
10.99,28.0,0.0,2.816209664068801,2021-06-05
8.61,20.19,3.12,1.8580488763243537,2021-06-06
9.1,22.81,0.0,2.429063762635353,2021-06-07
5.31,23.49,0.47,2.5429562291840564,2021-06-08
12.0,20.09,4.81,1.3939288361389304,2021-06-09
14.09,22.45,12.63,1.4771174864778178,2021-06-10
10.91,20.45,0.0,1.791495903128536,2021-06-11
6.67,24.05,0.0,2.610905383086912,2021-06-12
6.59,27.52,0.0,2.8551072676870923,2021-06-13
13.15,32.11,0.0,3.150646141407381,2021-06-14
17.48,33.9,1.91,3.20320038418157,2021-06-15
12.28,24.83,0.0,2.4326933046733785,2021-06-16
7.15,23.08,0.0,2.5149970937644732,2021-06-17
8.35,18.42,0.0,1.7770616436435307,2021-06-18
6.8,21.01,0.58,2.274510459932761,2021-06-19
5.99,18.22,0.0,1.9340619384241575,2021-06-20
1.69,24.64,0.0,2.628182052979276,2021-06-21
10.42,30.82,1.42,3.073192620489478,2021-06-22
12.83,24.26,0.0,2.1676023743593062,2021-06-23
8.58,25.37,0.0,2.6233542116317325,2021-06-24
9.98,27.59,0.0,2.80931069509098,2021-06-25
13.0,29.43,0.0,2.887640994810095,2021-06-26
11.99,28.75,0.0,2.852834579098253,2021-06-27
10.56,29.95,0.0,2.9861549657267696,2021-06-28
13.23,33.55,0.0,3.217439850207115,2021-06-29
15.1,35.05,0.0,3.2975718941495713,2021-06-30
16.31,35.68,0.0,3.3199498739345645,2021-07-01
18.8,39.49,0.0,3.541746423846612,2021-07-02
17.3,30.91,2.07,2.2796909083273573,2021-07-03
13.13,26.88,1.66,2.543339444828012,2021-07-04
13.43,24.0,0.0,2.0119971078865673,2021-07-05
10.77,20.82,0.0,1.7709789456243286,2021-07-06
12.6,28.27,0.0,2.7501662471918253,2021-07-07
12.91,28.74,0.0,2.8044269001570608,2021-07-08
12.33,31.39,0.0,3.0545650689643744,2021-07-09
13.62,33.69,0.0,3.1928855534478777,2021-07-10
15.51,31.95,0.0,2.9936282007259196,2021-07-11
11.72,27.98,0.0,2.724054095932659,2021-07-12
9.89,29.01,0.0,2.8821545404367166,2021-07-13
11.87,31.35,0.0,3.029324276678044,2021-07-14
14.31,35.04,0.0,3.2549303663166733,2021-07-15
16.48,29.93,0.0,2.588199615268104,2021-07-16
16.61,35.02,0.0,3.1986747583054886,2021-07-17
14.0,25.65,0.0,2.13089419619136,2021-07-18
14.01,20.65,0.5,1.0992517203976018,2021-07-19
15.57,27.47,0.0,2.2512958804253875,2021-07-20
14.82,31.07,0.0,2.8662127814642067,2021-07-21
13.31,33.56,0.0,3.140755474416944,2021-07-22
6.62,28.55,0.0,2.8174372183510576,2021-07-23
10.1,28.81,0.0,2.7875784990924695,2021-07-24
10.59,27.69,2.29,2.1968735921805753,2021-07-25
12.2,27.65,0.0,2.510648023144193,2021-07-26
12.28,33.43,0.0,3.1017990301105702,2021-07-27
12.37,29.63,0.0,2.7175341735374157,2021-07-28
12.35,34.02,0.28,3.1292154014321443,2021-07-29
11.96,31.09,0.0,2.8656678476329818,2021-07-30
11.55,31.48,0.0,2.9061876847198556,2021-07-31
12.31,33.37,0.0,3.0479932495258844,2021-08-01
15.86,35.19,0.0,3.081894386009235,2021-08-02
18.61,28.65,0.0,1.832227079811391,2021-08-03
13.94,27.09,0.0,2.1765533421231567,2021-08-04
11.05,30.86,0.0,2.790102268029855,2021-08-05
15.66,33.53,0.0,2.848705167931101,2021-08-06
15.59,27.96,0.0,2.0783597956653574,2021-08-07
12.88,21.7,0.0,1.3318234288352655,2021-08-08
11.06,19.99,3.95,0.9893815908898276,2021-08-09
10.44,22.97,4.06,1.4571801203967008,2021-08-10
10.47,26.03,0.0,2.1734273333272114,2021-08-11
8.86,23.48,0.0,1.96323546975976,2021-08-12
8.39,30.16,0.0,2.641153478063772,2021-08-13
15.52,37.24,0.0,3.040583386511734,2021-08-14
15.89,31.87,0.0,2.4488935630608557,2021-08-15
14.57,25.55,0.0,1.654695900082816,2021-08-16
10.36,19.08,1.22,1.1026811760831576,2021-08-17
10.04,19.09,0.0,1.1236098114568864,2021-08-18
7.77,20.66,0.0,1.607343178771173,2021-08-19
9.53,19.64,0.0,1.281855518938044,2021-08-20
5.92,22.13,1.62,1.888904779811596,2021-08-21
9.79,15.56,4.81,0.5282615639867521,2021-08-22
7.31,16.56,19.5,1.080142901759194,2021-08-23
7.51,15.17,0.0,0.8936151929046259,2021-08-24
3.46,20.43,0.0,1.8693561945305073,2021-08-25
6.84,22.19,11.29,1.5726762526774285,2021-08-26
12.13,19.45,0.0,0.8703226161175533,2021-08-27
10.36,24.44,0.0,1.846395851406566,2021-08-28
7.74,26.26,0.0,2.1433745555694816,2021-08-29
9.38,29.65,0.0,2.3662618787531424,2021-08-30
11.76,26.75,6.84,1.6152716523934445,2021-08-31
8.72,21.45,0.19,1.510625649008159,2021-09-01
9.36,18.05,0.0,0.9563488656668488,2021-09-02
8.89,21.44,0.0,1.4688576055303406,2021-09-03
5.44,22.79,0.0,1.7860414239912448,2021-09-04
7.24,29.39,0.0,2.2629915061131194,2021-09-05
9.23,22.81,3.23,1.2769190803180093,2021-09-06
7.53,23.51,0.0,1.7112700587676328,2021-09-07
5.1,25.72,0.0,1.9848112380943208,2021-09-08
10.18,28.05,0.0,2.1240466349444667,2021-09-09
8.3,21.62,0.0,1.5457743671363804,2021-09-10
4.69,15.2,0.0,1.0348561150169764,2021-09-11
2.16,19.76,0.0,1.6190774303911026,2021-09-12
6.85,21.31,0.0,1.575217951074545,2021-09-13
3.7,23.5,0.0,1.8666352148554155,2021-09-14
7.21,18.53,0.0,1.2144101760279862,2021-09-15
3.28,14.65,0.88,1.0392551550884317,2021-09-16
-1.48,18.78,0.0,1.5347842918690655,2021-09-17
11.21,32.91,0.0,2.32297326173928,2021-09-18
6.64,19.3,0.0,1.2521873467475295,2021-09-19
1.5,17.99,0.0,1.3715268558241052,2021-09-20
1.73,22.34,0.0,1.6847880370219934,2021-09-21
6.27,26.45,0.0,1.875094108169512,2021-09-22
3.33,16.06,0.0,1.0448523433892214,2021-09-23
-0.82,19.2,0.0,1.448645469808015,2021-09-24
6.68,25.37,0.0,1.7141131557960103,2021-09-25
3.27,24.85,0.0,1.737787989550558,2021-09-26
8.14,29.59,0.0,1.9505993690474592,2021-09-27
6.4,29.21,0.0,1.944086765393818,2021-09-28
6.78,21.12,0.0,1.2331973560524203,2021-09-29
2.2,24.66,0.0,1.6726387568591892,2021-09-30
5.51,23.35,0.0,1.4631538037532643,2021-10-01
0.05,21.13,0.0,1.4450386684258991,2021-10-02
4.16,23.36,0.0,1.497627266221168,2021-10-03
1.34,18.23,0.0,1.1733789782313946,2021-10-04
4.69,21.29,0.0,1.2792032588229028,2021-10-05
4.56,26.98,0.0,1.7048277719353944,2021-10-06
2.71,14.33,0.0,0.7530587623786167,2021-10-07
0.36,17.11,0.0,1.0729816890102883,2021-10-08
-2.31,19.68,0.0,1.3018978694057628,2021-10-09
-1.34,17.41,0.0,1.1185229877194276,2021-10-10
-1.53,8.16,0.0,0.5303035147579269,2021-10-11
-6.73,9.08,0.0,0.7211182592419071,2021-10-12
-4.06,6.2,4.44,0.4764460958499166,2021-10-13
-1.32,5.55,1.82,0.3712383898528886,2021-10-14
-3.81,13.81,0.0,0.8895921307745126,2021-10-15
-1.65,17.42,0.0,1.0292177449029076,2021-10-16
2.1,23.42,0.0,1.3139193961794753,2021-10-17
0.62,13.4,0.0,0.736359200078335,2021-10-18
-6.04,7.4,0.0,0.6047125172386868,2021-10-19
-7.44,8.17,0.0,0.6659407746258815,2021-10-20
-4.2,8.75,0.0,0.620559566238488,2021-10-21
-5.75,9.67,0.0,0.698974825932376,2021-10-22
-1.54,7.48,0.31,0.4678867890809456,2021-10-23
2.6,6.11,0.0,0.2095706360540255,2021-10-24
4.4,9.1,1.93,0.2959284297744983,2021-10-25
1.63,10.21,0.0,0.4972157983072853,2021-10-26
-1.03,12.34,0.0,0.7107537072280627,2021-10-27
-2.7,11.21,0.0,0.6956025865243314,2021-10-28
-0.35,8.87,0.0,0.4961318326151889,2021-10-29
-5.34,5.16,0.0,0.468365066094362,2021-10-30
-8.44,4.18,0.0,0.4951488334176033,2021-10-31
-8.95,2.5,0.0,0.435872183978679,2021-11-01
-10.4,7.11,0.0,0.6375730933420702,2021-11-02
-9.65,8.97,0.0,0.6998190099670015,2021-11-03
-3.68,13.73,0.0,0.8207358382692553,2021-11-04
0.88,13.45,0.0,0.6924638770461202,2021-11-05
-4.1,8.86,0.0,0.5960385078603235,2021-11-06
-6.77,9.84,0.0,0.6890475013320864,2021-11-07
-7.26,8.72,0.0,0.6468972002523943,2021-11-08
-10.26,8.15,0.0,0.6580521251350862,2021-11-09
-2.55,3.62,3.66,0.2786931417336611,2021-11-10
-6.98,-1.77,0.0,0.2017205617222971,2021-11-11
-8.59,-4.63,0.0,0.140161916302965,2021-11-12
-11.24,3.28,0.0,0.4826940580700418,2021-11-13
-7.34,0.62,0.0,0.305902927086325,2021-11-14
-1.58,3.7,0.88,0.2558896811725049,2021-11-15
-4.08,5.77,9.69,0.4214057277941975,2021-11-16
-11.78,-4.14,0.0,0.2359241267953094,2021-11-17
-14.28,-1.65,0.0,0.3537720070290304,2021-11-18
-11.81,-1.88,0.0,0.3097883815267366,2021-11-19
-11.58,0.0,0.0,0.367735159956659,2021-11-20
-18.25,-4.37,0.0,0.3133682082730623,2021-11-21
-7.16,3.48,0.0,0.4105794142698089,2021-11-22
-10.79,2.79,0.0,0.4472132903408433,2021-11-23
-15.97,-9.41,0.0,0.1552509701891517,2021-11-24
-11.59,-0.13,0.0,0.3567572428971496,2021-11-25
-5.33,5.75,0.0,0.4559866503669793,2021-11-26
-8.79,2.59,0.0,0.4026014911222406,2021-11-27
-6.51,2.35,0.0,0.3423430906094845,2021-11-28
-5.66,5.07,0.0,0.432531420441784,2021-11-29
-7.32,4.12,0.0,0.4297549726797378,2021-11-30
-1.73,6.74,0.0,0.3947239874207475,2021-12-01
-6.05,1.76,2.47,0.2983631379709615,2021-12-02
-10.79,-2.65,0.0,0.2587485138912417,2021-12-03
-13.94,-5.13,0.0,0.239165836947845,2021-12-04
-23.37,-10.29,0.0,0.2113789919320564,2021-12-05
-25.22,-13.83,0.0,0.1594366296124773,2021-12-06
-21.85,-10.93,0.0,0.1894273586406263,2021-12-07
-15.5,1.77,1.16,0.4540578559285499,2021-12-08
-13.28,-1.49,0.0,0.3366297206012866,2021-12-09
-15.52,-4.01,0.0,0.2906764730965944,2021-12-10
-10.89,4.11,0.0,0.4864573813013205,2021-12-11
-9.58,0.88,0.0,0.3530053626750932,2021-12-12
-13.7,-4.18,0.0,0.2593551448889523,2021-12-13
-10.25,-1.97,0.0,0.266355926575723,2021-12-14
-22.46,-11.17,0.0,0.186797174128584,2021-12-15
-25.91,-18.36,0.56,0.1,2021-12-16
-26.61,-18.19,0.0,0.1013061781538713,2021-12-17
-28.77,-12.84,0.0,0.1831538277891651,2021-12-18
-19.65,-11.64,0.0,0.1519684453963525,2021-12-19
-21.59,-11.66,0.0,0.1707575158573952,2021-12-20
-18.83,-8.55,0.0,0.2103244783871732,2021-12-21
-14.36,-7.37,1.51,0.1794437557818118,2021-12-22
-16.37,-4.42,1.41,0.2865109631392025,2021-12-23
-26.33,-14.44,0.0,0.1534367315973627,2021-12-24
-30.38,-23.13,0.48,0.1,2021-12-25
-27.83,-24.34,4.45,0.1,2021-12-26
-34.58,-25.72,0.0,0.1,2021-12-27
-36.25,-27.23,0.0,0.1,2021-12-28
-35.57,-26.64,0.0,0.1,2021-12-29
-38.33,-28.3,0.0,0.1,2021-12-30
-36.01,-28.26,0.0,0.1,2021-12-31
-35.19,-24.0,0.0,0.1,2022-01-01
-26.3,-1.63,0.0,0.3769361745661701,2022-01-02
-17.74,-6.24,4.81,0.2462765833410329,2022-01-03
-23.3,-12.97,1.62,0.1599575630814933,2022-01-04
-32.49,-19.57,0.0,0.108944341788268,2022-01-05
-35.75,-26.51,0.0,0.1,2022-01-06
-24.27,-7.16,1.59,0.2726614443884185,2022-01-07
-24.76,-15.76,0.0,0.1247624008817263,2022-01-08
-29.71,-18.48,0.0,0.114003229712707,2022-01-09
-21.63,-0.1,0.0,0.4242127707606499,2022-01-10
-14.25,2.7,0.0,0.4789121838845949,2022-01-11
-2.12,5.35,0.0,0.3462150877564917,2022-01-12
-6.04,4.46,2.87,0.4068049107528751,2022-01-13
-6.63,1.1,0.0,0.2984132939043562,2022-01-14
-4.23,5.01,0.0,0.3995450766835811,2022-01-15
-5.02,4.69,0.0,0.4088740079874857,2022-01-16
-6.17,3.78,1.01,0.400616004072145,2022-01-17
-19.19,2.19,0.0,0.4913077134928219,2022-01-18
-27.05,-15.48,0.0,0.1468234901016278,2022-01-19
-23.07,-2.06,1.79,0.3880154804368411,2022-01-20
-9.53,2.84,1.95,0.4399885107834697,2022-01-21
-7.23,4.97,1.18,0.4822340351013211,2022-01-22
-8.83,5.12,0.0,0.5193663100648174,2022-01-23
-10.91,1.59,0.0,0.4216539795232262,2022-01-24
-21.33,-4.1,0.0,0.3456148896255845,2022-01-25
-9.87,2.51,0.0,0.4416246313458339,2022-01-26
-7.68,2.04,0.0,0.3798576545156804,2022-01-27
-12.55,0.22,0.0,0.4048256473804363,2022-01-28
-10.08,1.4,0.0,0.4089583225210106,2022-01-29
-4.84,4.99,0.0,0.4405889668379583,2022-01-30
-12.65,2.59,3.82,0.4705502444605846,2022-01-31
-26.68,-19.2,0.0,0.1,2022-02-01
-34.01,-24.83,0.0,0.1,2022-02-02
-32.05,-21.65,0.0,0.1,2022-02-03
-33.37,-12.32,3.98,0.1987243066947007,2022-02-04
-18.38,-10.98,0.96,0.1686410225103856,2022-02-05
-19.43,0.64,0.0,0.4845651003653639,2022-02-06
-5.88,4.52,0.0,0.4671693556596179,2022-02-07
-4.48,3.37,0.0,0.373059468045389,2022-02-08
-8.36,2.84,1.26,0.4601433134146251,2022-02-09
-10.04,5.4,0.46,0.59730283909458,2022-02-10
-18.69,-13.75,0.0,0.1114519673373317,2022-02-11
-17.0,-8.18,0.0,0.2327507099695298,2022-02-12
-16.05,1.65,0.0,0.5237725743448642,2022-02-13
-19.52,-10.45,1.17,0.2081105598667915,2022-02-14
-15.91,-7.01,1.08,0.2539579933263823,2022-02-15
-26.06,-15.76,0.0,0.1586107972001653,2022-02-16
-28.1,-8.0,1.0,0.3031965895492864,2022-02-17
-21.56,-9.03,0.83,0.2692747036186178,2022-02-18
-18.06,3.14,1.01,0.5939974981091545,2022-02-19
-22.78,-16.3,0.0,0.1213140953583171,2022-02-20
-28.76,-20.13,0.0,0.1109328843310768,2022-02-21
-31.74,-20.71,0.0,0.1188446433966435,2022-02-22
-30.31,-18.28,0.0,0.1472844485002266,2022-02-23
-27.48,-16.73,0.0,0.1603206625912137,2022-02-24
-26.76,-8.31,0.0,0.3139743922673064,2022-02-25
-13.02,-2.88,0.0,0.3701925523014993,2022-02-26
-12.24,-8.01,0.0,0.1549503024283989,2022-02-27
-12.43,-7.86,0.0,0.1682957549844683,2022-02-28
-10.62,-6.87,0.0,0.1534375305260505,2022-03-01
-19.0,-9.04,0.0,0.2712461550083045,2022-03-02
-20.07,-10.13,3.76,0.2325109069282524,2022-03-03
-11.79,-8.26,3.87,0.126660341447799,2022-03-04
-16.83,-9.46,0.0,0.2302457617301526,2022-03-05
-17.78,-4.3,0.0,0.4161062292062273,2022-03-06
-15.22,1.94,1.21,0.6275742348568953,2022-03-07
-18.03,-7.99,0.0,0.306458119372939,2022-03-08
-24.2,-15.08,0.0,0.1884621508777678,2022-03-09
-23.92,-13.04,0.0,0.2339295589918431,2022-03-10
-30.87,-10.9,0.0,0.2862054182628097,2022-03-11
-15.7,3.2,0.0,0.7186967080952608,2022-03-12
-13.42,-3.75,0.0,0.3902171712236238,2022-03-13
-11.25,-2.12,0.0,0.4147295603863896,2022-03-14
-8.27,3.02,0.0,0.6515989780870518,2022-03-15
-5.71,3.69,0.0,0.6047180299997589,2022-03-16
-7.43,4.83,0.0,0.7737521744709968,2022-03-17
-3.21,5.29,0.0,0.6247819343290879,2022-03-18
-5.55,5.25,0.0,0.7703058238710916,2022-03-19
-2.35,3.54,3.59,0.3737843256731615,2022-03-20
-0.62,4.92,1.91,0.4334710315067151,2022-03-21
-3.17,6.75,0.0,0.8272579254412186,2022-03-22
-2.1,11.01,0.0,1.1753924119238066,2022-03-23
-1.28,6.37,2.66,0.5233159728865876,2022-03-24
-8.22,-0.34,0.0,0.4873343089079927,2022-03-25
-9.99,-3.74,0.0,0.338013031057171,2022-03-26
-8.11,6.21,0.0,1.02212571065997,2022-03-27
-2.16,5.53,1.37,0.8081564847586189,2022-03-28
-5.64,1.75,0.0,0.6223507070688361,2022-03-29
-7.55,8.34,0.0,1.230164484795329,2022-03-30
-1.43,5.69,2.97,0.5695132700533269,2022-03-31
-4.35,4.29,0.0,0.806473404904261,2022-04-01
-7.36,5.44,0.0,1.0347605315365729,2022-04-02
-3.0,11.26,0.0,1.4255363689581808,2022-04-03
-0.53,15.32,0.0,1.776664096338141,2022-04-04
-0.2,8.26,2.38,0.8325059667594721,2022-04-05
-1.98,6.8,0.75,1.013960058993718,2022-04-06
-3.14,11.12,0.0,1.4906126795747745,2022-04-07
-1.58,18.31,0.0,2.025092864359873,2022-04-08
0.11,12.52,0.0,1.5766524182338628,2022-04-09
-4.07,4.84,0.67,0.9499222079218034,2022-04-10
-8.59,-3.39,0.0,0.3374723203921008,2022-04-11
-9.65,-4.87,0.0,0.2880308569386371,2022-04-12
-9.38,-3.72,0.0,0.3867245306576133,2022-04-13
-7.8,-2.19,0.0,0.461966884662492,2022-04-14
-8.7,-0.8,0.0,0.6990997820706797,2022-04-15
-8.34,2.78,0.0,1.0321750603186433,2022-04-16
-8.32,4.43,0.0,1.167624150939529,2022-04-17
-8.23,9.52,0.0,1.5175346750957406,2022-04-18
-1.88,4.52,1.96,0.8614666394977994,2022-04-19
-4.82,2.39,0.15,0.8177637305572968,2022-04-20
-8.84,6.51,0.0,1.3395123990541056,2022-04-21
-1.68,4.16,1.35,0.816876479157192,2022-04-22
0.53,11.03,0.0,1.6585111847683125,2022-04-23
-2.74,11.42,0.0,1.7443617652677608,2022-04-24
-2.88,10.39,0.0,1.6755010568354456,2022-04-25
-2.24,14.19,0.0,1.9206701611275752,2022-04-26
1.08,15.5,0.0,2.0278655758650452,2022-04-27
0.41,18.24,0.0,2.194699595042187,2022-04-28
0.01,17.0,0.0,2.1191119228774595,2022-04-29
0.77,17.94,0.0,2.183826043615223,2022-04-30
0.39,14.65,0.0,1.9657364341077097,2022-05-01
-0.37,19.19,0.0,2.2478750580617803,2022-05-02
3.59,20.13,0.0,2.3474985574114893,2022-05-03
0.08,24.11,0.0,2.53726908696408,2022-05-04
8.62,27.68,2.14,2.5999754847508214,2022-05-05
9.4,23.09,1.91,2.4257693660037387,2022-05-06
4.54,15.34,5.08,1.5529131233100728,2022-05-07
1.97,14.7,0.0,1.881825409746612,2022-05-08
-0.18,16.79,0.0,2.0441874140660308,2022-05-09
3.53,13.95,1.87,1.7094461641610808,2022-05-10
-0.72,19.31,0.0,2.19070917700462,2022-05-11
3.19,21.85,0.0,2.383602249962725,2022-05-12
4.56,12.52,13.41,1.02967081177872,2022-05-13
3.51,17.22,0.0,1.9148684101441436,2022-05-14
2.39,20.6,0.0,2.2758261634582477,2022-05-15
3.96,19.02,1.23,2.104907862960431,2022-05-16
7.45,18.13,3.55,1.414564765436039,2022-05-17
7.77,15.79,1.28,1.2971826524406558,2022-05-18
1.67,11.16,4.28,0.9548508065998516,2022-05-19
1.52,8.11,0.0,0.7287477298751822,2022-05-20
-1.2,15.14,0.0,1.8236944327366145,2022-05-21
1.03,17.36,0.0,1.9858093526306737,2022-05-22
2.11,23.11,0.0,2.473103626052842,2022-05-23
4.7,24.98,0.0,2.618592096336668,2022-05-24
5.78,24.82,0.0,2.5997787195266,2022-05-25
5.47,24.13,0.0,2.5444965376046578,2022-05-26
6.81,22.85,0.0,2.381244275366372,2022-05-27
8.67,23.95,0.0,2.437001692974458,2022-05-28
8.72,20.35,0.0,1.94715098030914,2022-05-29
7.39,17.1,0.0,1.5666286235579143,2022-05-30
3.46,19.13,0.0,2.1297764441347065,2022-05-31
2.07,19.47,0.0,2.2044444535349523,2022-06-01
4.97,21.55,0.0,2.393716274544321,2022-06-02
2.1,23.38,0.0,2.53264440579241,2022-06-03
3.57,25.18,0.0,2.6623382356466454,2022-06-04
6.82,20.56,0.0,2.2654024404427737,2022-06-05
6.59,21.74,0.0,2.411810856368865,2022-06-06
8.12,22.45,0.0,2.4425852568087456,2022-06-07
6.94,25.33,0.0,2.6857877413380797,2022-06-08
11.14,23.88,1.8,2.447223738014363,2022-06-09
9.92,25.32,2.67,2.249390982582167,2022-06-10
8.23,24.18,0.0,2.593624285321183,2022-06-11
8.06,23.79,6.0,2.1305114689977,2022-06-12
10.83,22.06,8.38,1.6259917693642476,2022-06-13
8.1,18.96,0.0,1.7370159762053383,2022-06-14
6.18,16.23,3.41,1.1766235851249272,2022-06-15
10.49,21.0,0.0,1.7878784395735576,2022-06-16
10.59,28.8,0.0,2.833764017322548,2022-06-17
18.19,31.59,0.0,2.6497002587326377,2022-06-18
15.87,21.26,1.17,0.8616598792070842,2022-06-19
14.86,20.43,11.97,0.6429240311343699,2022-06-20
11.64,22.22,0.0,1.7906497361734235,2022-06-21
10.99,28.37,4.65,2.245042208991586,2022-06-22
11.04,25.42,8.28,1.905941383967457,2022-06-23
9.03,17.99,3.68,1.0120354126433984,2022-06-24
9.22,21.76,4.25,1.5262088079732767,2022-06-25
8.8,24.71,0.0,2.3037167231346314,2022-06-26
9.85,22.27,0.0,1.9213955105599,2022-06-27
8.2,22.63,0.0,2.0948610778618253,2022-06-28
12.12,24.39,0.0,1.9996846411771787,2022-06-29
9.46,22.8,0.0,2.0422021368238306,2022-06-30
6.8,23.43,0.46,2.277712031935135,2022-07-01
9.56,21.45,0.0,1.8394999219341004,2022-07-02
10.28,23.4,0.0,2.0782638207161543,2022-07-03
12.37,21.44,0.0,1.5269427365350086,2022-07-04
11.59,17.66,2.82,0.6921393794272049,2022-07-05
12.59,23.68,0.0,1.939033702099814,2022-07-06
11.22,23.67,5.71,1.6520478111349923,2022-07-07
16.4,31.64,1.32,2.682116032743514,2022-07-08
16.71,29.1,1.35,2.279439431265359,2022-07-09
13.39,24.81,0.0,1.9755035771480716,2022-07-10
11.16,26.71,0.0,2.4166048891891867,2022-07-11
10.68,30.01,0.0,2.748277018389712,2022-07-12
16.19,32.77,5.3,2.245683902106193,2022-07-13
14.03,27.64,0.0,2.2437729283052175,2022-07-14
16.45,33.09,0.0,2.7124999803661907,2022-07-15
15.34,35.29,0.0,2.9655994661749223,2022-07-16
15.93,29.72,16.32,1.8337421025414429,2022-07-17
14.05,29.3,14.77,1.8374153526088668,2022-07-18
15.99,28.45,5.61,1.471658559328831,2022-07-19
12.29,24.66,0.0,1.6874200713275775,2022-07-20
10.71,27.77,0.0,2.1853059677443007,2022-07-21
11.37,24.16,0.0,1.7030517116288408,2022-07-22
8.74,21.23,0.0,1.5494318966094118,2022-07-23
7.52,28.19,0.37,2.337842083512073,2022-07-24
14.13,20.84,0.25,0.8609628301645796,2022-07-25
10.15,23.81,0.0,1.7346652886138456,2022-07-26
7.73,25.25,0.0,2.039617583541361,2022-07-27
8.03,28.04,0.0,2.2723443879007577,2022-07-28
12.8,34.1,0.0,2.6024363477120187,2022-07-29
14.97,23.45,3.3,0.93996334965804,2022-07-30
13.69,25.86,2.36,1.2894083455329448,2022-07-31
14.58,25.84,18.05,1.2166470453619662,2022-08-01
12.67,23.12,1.51,1.2495039056882933,2022-08-02
7.82,24.75,0.0,1.828717269854861,2022-08-03
12.32,32.76,0.0,2.3404744397151087,2022-08-04
8.7,17.71,0.0,0.9731831189836982,2022-08-05
5.04,23.33,0.0,1.807009576608397,2022-08-06
12.61,29.57,0.0,1.996558531587718,2022-08-07
10.95,32.27,0.0,2.3288235578235543,2022-08-08
9.13,25.02,0.0,1.7125549856435698,2022-08-09
9.21,25.36,0.0,1.732608857700227,2022-08-10
15.4,25.92,0.0,1.244797742493758,2022-08-11
11.41,31.1,0.0,2.2171740473752894,2022-08-12
15.29,32.6,4.94,1.7263323264445585,2022-08-13
15.07,29.49,0.0,1.7282502566591358,2022-08-14
11.98,29.37,0.0,1.96578275015431,2022-08-15
13.67,33.88,0.0,2.298837241633511,2022-08-16
15.61,28.61,0.0,1.5423349810684572,2022-08-17
12.24,29.45,0.0,1.946715106427489,2022-08-18
10.41,29.7,0.0,2.058593760964418,2022-08-19
15.0,32.51,0.0,2.038832364216208,2022-08-20
12.45,34.43,0.0,2.3456410840626867,2022-08-21
15.73,24.86,0.0,1.0304777037118722,2022-08-22
12.72,27.05,0.0,1.5655835454695832,2022-08-23
10.08,27.33,0.0,1.7719444930090216,2022-08-24
10.49,29.44,0.0,1.9365127673324192,2022-08-25
12.05,28.48,4.11,1.4679427766867947,2022-08-26
13.71,30.88,3.62,1.560944274119941,2022-08-27
12.24,21.5,0.0,0.9629584411261392,2022-08-28
8.6,27.4,0.0,1.7733180862130595,2022-08-29
9.9,32.34,0.0,2.114621584443942,2022-08-30
12.69,35.37,0.0,2.216665650741853,2022-08-31
13.18,31.44,0.0,1.8147187397219056,2022-09-01
5.44,26.77,0.0,1.7777256376876065,2022-09-02
11.23,35.81,0.0,2.255240795445112,2022-09-03
14.97,34.8,0.0,1.955178536155388,2022-09-04
11.84,30.81,0.0,1.7667849252150714,2022-09-05
8.23,24.6,0.0,1.4148734961167055,2022-09-06
9.12,34.67,0.0,2.175974043348534,2022-09-07
6.42,18.79,0.0,1.0307198521545704,2022-09-08
3.04,16.57,0.0,1.0238159557043431,2022-09-09
1.36,23.42,0.0,1.548832774585259,2022-09-10
7.76,32.5,0.0,2.029797390645681,2022-09-11
8.4,22.68,0.0,1.2107134315049473,2022-09-12
7.29,15.56,0.59,0.687934360102176,2022-09-13
6.89,15.47,0.0,0.7059076844385128,2022-09-14
4.4,17.86,0.0,1.030626185377833,2022-09-15
10.01,20.41,0.0,0.9152248682873332,2022-09-16
7.47,22.11,0.0,1.1949953343066604,2022-09-17
5.55,22.38,0.0,1.2950942933587848,2022-09-18
7.54,16.43,3.87,0.6711294453406836,2022-09-19
4.68,13.58,0.0,0.6793106137265197,2022-09-20
-0.23,17.13,0.0,1.1252547650476907,2022-09-21
1.74,20.58,0.0,1.308797162481623,2022-09-22
5.47,20.16,0.0,1.113761187112995,2022-09-23
5.44,21.24,0.0,1.2083478175117808,2022-09-24
1.72,21.59,0.0,1.3763872379859,2022-09-25
6.57,22.85,0.0,1.2633374642237372,2022-09-26
5.19,25.21,0.0,1.5016286126871072,2022-09-27
7.9,29.47,0.0,1.7094701766521898,2022-09-28
7.25,29.37,0.0,1.70920397941603,2022-09-29
11.49,22.79,0.0,0.9553336187482931,2022-09-30
8.32,21.08,0.0,1.000075874353159,2022-10-01
4.79,21.16,0.0,1.1580348584951812,2022-10-02
6.24,22.33,0.0,1.177674723123235,2022-10-03
6.36,25.88,0.0,1.434394122050174,2022-10-04
2.18,11.41,0.0,0.6065078023489973,2022-10-05
-5.57,9.91,0.0,0.7755400283492521,2022-10-06
-2.32,19.82,0.0,1.2493899821053305,2022-10-07
2.86,23.18,0.0,1.3400223877152715,2022-10-08
2.86,22.03,0.0,1.2413701700826385,2022-10-09
2.78,24.96,0.0,1.431726130969976,2022-10-10
4.81,15.75,0.0,0.7540564907789619,2022-10-11
2.58,11.16,0.0,0.5510578123859797,2022-10-12
0.0,13.86,0.0,0.8155309174454006,2022-10-13
-3.21,15.0,0.31,0.952403428679399,2022-10-14
-2.74,9.33,0.0,0.636254587133274,2022-10-15
-4.2,7.63,0.0,0.5858449339010511,2022-10-16
-2.94,16.47,0.0,1.1022114551170643,2022-10-17
0.26,21.27,0.0,1.3856432654371924,2022-10-18
1.73,21.06,0.0,1.3221136656143777,2022-10-19
3.15,15.29,0.0,0.7768621850053207,2022-10-20
-0.46,11.94,0.0,0.6835908221078135,2022-10-21
-4.76,11.34,1.59,0.7933265270707671,2022-10-22
-0.21,4.59,6.79,0.2460757029419143,2022-10-23
-2.03,1.37,0.89,0.1712705973011255,2022-10-24
-2.32,4.01,0.0,0.3171081690159489,2022-10-25
-4.68,7.02,0.0,0.5446454978053834,2022-10-26
-0.22,11.47,0.0,0.6397847967635426,2022-10-27
-1.27,10.3,0.0,0.6092612437474244,2022-10-28
-2.79,13.23,0.0,0.7985409935178792,2022-10-29
-1.58,15.23,0.0,0.8770921221292558,2022-10-30
-1.1,9.07,0.0,0.551955041756266,2022-10-31
-0.28,7.59,0.53,0.4202005130529368,2022-11-01
-2.66,1.69,0.74,0.2087248209337112,2022-11-02
-7.99,-1.7,0.0,0.2412782880155013,2022-11-03
-10.2,1.81,0.61,0.439087465858335,2022-11-04
-5.78,2.25,5.11,0.3311735645921878,2022-11-05
-13.16,-5.21,0.0,0.2419000712492787,2022-11-06
-17.08,-7.47,3.13,0.2266062556389505,2022-11-07
-18.72,-5.92,0.0,0.2968819492191785,2022-11-08
-24.75,-14.96,0.0,0.1501078965568185,2022-11-09
-25.59,-14.68,0.0,0.1596320792945365,2022-11-10
-21.98,-11.4,0.0,0.194655242504957,2022-11-11
-22.11,-10.97,0.65,0.2036768282842662,2022-11-12
-13.6,-6.46,0.0,0.2072738320985546,2022-11-13
-11.22,-5.77,0.73,0.1764750614456907,2022-11-14
-11.71,-3.88,0.0,0.2518249619697124,2022-11-15
-10.51,-2.52,0.0,0.2734774428664105,2022-11-16
-16.11,-9.79,0.0,0.1578862027205914,2022-11-17
-15.33,-6.22,0.0,0.2440037477017172,2022-11-18
-13.25,-4.82,0.0,0.2509562769844701,2022-11-19
-12.42,0.87,0.0,0.4192852762272673,2022-11-20
-11.81,1.52,0.83,0.432300106739237,2022-11-21
-6.48,1.64,0.0,0.331354624333714,2022-11-22
-5.99,1.88,0.0,0.3259317789080194,2022-11-23
-7.61,2.93,0.0,0.4068797686122898,2022-11-24
-1.06,6.34,0.0,0.3709847076184766,2022-11-25
-5.39,2.85,0.0,0.3468217888860183,2022-11-26
-5.07,2.25,1.99,0.3109831755115654,2022-11-27
-9.9,-4.63,4.01,0.1697213253875084,2022-11-28
-16.79,-9.45,0.49,0.1727818554122449,2022-11-29
-21.68,-14.98,0.95,0.1156322562134668,2022-11-30
-24.91,-15.54,0.62,0.1338353613346034,2022-12-01
-30.4,-22.53,0.0,0.1,2022-12-02
-25.17,-11.14,0.0,0.205744505447232,2022-12-03
-15.39,-3.03,0.0,0.3208993016556702,2022-12-04
-25.86,-14.19,0.0,0.1585646418813249,2022-12-05
-34.2,-21.95,0.0,0.1,2022-12-06
-34.6,-10.34,0.0,0.2109019472211361,2022-12-07
-16.57,-6.63,0.0,0.2352694354735836,2022-12-08
-12.88,-2.84,0.0,0.2900828866043031,2022-12-09
-18.51,-7.52,0.0,0.2340270573343811,2022-12-10
-10.39,-4.81,1.72,0.1777752327849602,2022-12-11
-12.49,-6.82,2.18,0.1562909285636224,2022-12-12
-16.16,-11.66,0.0,0.1030554635809532,2022-12-13
-17.65,-8.17,0.0,0.2086669805555244,2022-12-14
-17.16,-9.95,0.0,0.159792634175618,2022-12-15
-21.07,-14.18,0.0,0.1196095499315817,2022-12-16
-20.78,-14.41,0.0,0.1117779206509426,2022-12-17
-26.16,-20.32,0.0,0.1,2022-12-18
-29.68,-24.03,1.44,0.1,2022-12-19
-35.19,-27.33,0.0,0.1,2022-12-20
-33.54,-26.65,0.61,0.1,2022-12-21
-31.89,-24.61,0.0,0.1,2022-12-22
-35.55,-21.68,0.0,0.1,2022-12-23
-23.95,-13.65,7.16,0.1496061646484025,2022-12-24
-16.38,-10.83,1.3,0.1272070347888195,2022-12-25
-14.9,-3.34,0.0,0.3024514685137453,2022-12-26
-13.01,-5.74,7.9,0.1977329498323122,2022-12-27
-16.6,-11.35,1.1,0.1188797539990831,2022-12-28
-15.56,-10.73,0.0,0.1159878086397832,2022-12-29
-17.82,-9.91,0.0,0.1715407951074695,2022-12-30
-20.43,-12.43,0.0,0.1484447293704425,2022-12-31
-20.72,-7.66,0.0,0.2460536532597525,2023-01-01
-16.39,-6.49,0.0,0.2353105398945034,2023-01-02
-15.69,-6.09,0.0,0.2368886313492983,2023-01-03
-19.48,-9.61,0.0,0.1960425470029804,2023-01-04
-19.91,-10.79,0.0,0.1755920164877625,2023-01-05
-17.66,-8.16,0.0,0.2106034669195779,2023-01-06
-15.19,-5.29,0.0,0.2535874183669745,2023-01-07
-15.64,-5.48,0.0,0.2546855815709813,2023-01-08
-15.57,-6.12,0.0,0.2372420103180045,2023-01-09
-17.32,-10.09,0.0,0.1619105453989308,2023-01-10
-14.6,-9.3,0.0,0.1370239157986002,2023-01-11
-15.16,-8.63,0.0,0.1658017335291487,2023-01-12
-14.91,-6.5,0.0,0.2201062885557718,2023-01-13
-12.98,-6.94,0.0,0.1734287444755807,2023-01-14
-9.14,-7.15,0.0,0.1,2023-01-15
-9.77,-6.76,0.0,0.100803582850463,2023-01-16
-11.11,-8.27,0.0,0.1,2023-01-17
-8.36,-4.04,0.38,0.1609274271462416,2023-01-18
-9.57,-3.73,0.0,0.2076920829011861,2023-01-19
-14.64,-5.12,0.0,0.2657404024551913,2023-01-20
-13.44,-2.04,0.0,0.3476347149325731,2023-01-21
-7.88,1.48,0.62,0.40162613450052,2023-01-22
-12.98,-1.01,0.39,0.3968782125652916,2023-01-23
-11.68,-3.82,0.0,0.2596436028309132,2023-01-24
-8.37,-1.16,2.61,0.2661900488776345,2023-01-25
-7.9,3.86,1.12,0.5748030129989055,2023-01-26
-20.55,-5.03,0.0,0.3353124676851466,2023-01-27
-24.99,-18.19,0.0,0.1015168012349486,2023-01-28
-26.83,-19.05,0.0,0.103760646363501,2023-01-29
-27.17,-18.47,0.0,0.1150725283339764,2023-01-30
-24.91,-14.95,0.0,0.1568915111613096,2023-01-31
-25.25,-13.61,0.0,0.1824803732664253,2023-02-01
-30.94,-18.71,0.0,0.1294029316530018,2023-02-02
-19.77,-4.64,0.0,0.3756958991011833,2023-02-03
-8.84,-1.58,0.28,0.3352598758749932,2023-02-04
-10.59,0.77,0.0,0.543805676963931,2023-02-05
-5.36,1.72,0.0,0.4425888402728626,2023-02-06
-6.22,2.5,0.0,0.5640743804628446,2023-02-07
-10.24,-0.55,0.0,0.4918794689709894,2023-02-08
-14.76,-3.5,0.0,0.4239766746632649,2023-02-09
-10.54,4.4,0.0,0.7713887691970783,2023-02-10
-6.83,0.97,0.0,0.4961059772261205,2023-02-11
-8.0,0.9,0.0,0.5492748679804415,2023-02-12
-5.03,2.94,0.0,0.600659355443654,2023-02-13
-17.85,-4.33,0.0,0.4394802076399148,2023-02-14
-18.31,-11.61,0.0,0.1696641652725654,2023-02-15
-21.56,-3.26,0.0,0.4780696711895764,2023-02-16
-9.72,-0.95,0.0,0.4950015830036237,2023-02-17
-13.43,-5.11,0.0,0.3469183855632284,2023-02-18
-13.95,-9.06,1.95,0.1591333070902463,2023-02-19
-23.02,-12.47,0.0,0.2207461365629404,2023-02-20
-28.72,-19.4,0.0,0.1243856461649062,2023-02-21
-32.77,-26.0,0.0,0.1,2023-02-22
-31.26,-21.62,0.0,0.1086122389971091,2023-02-23
-31.65,-19.92,0.0,0.1320912448081559,2023-02-24
-29.49,-13.18,0.0,0.2413016278661875,2023-02-25
-19.42,-6.6,0.0,0.4261148056379054,2023-02-26
-16.56,-7.73,0.0,0.3432721677317277,2023-02-27
-22.6,-11.78,0.0,0.2683942941118505,2023-02-28
-22.36,-7.34,0.0,0.4161575753790639,2023-03-01
-13.69,-0.54,0.0,0.7027026862741108,2023-03-02
-11.23,-1.25,0.0,0.6406567412056149,2023-03-03
-15.98,-6.6,0.0,0.4190887652303761,2023-03-04
-22.42,-11.72,0.0,0.289402954903474,2023-03-05
-26.27,-14.58,0.0,0.2312093518735145,2023-03-06
-19.11,-12.8,0.0,0.1827079752207518,2023-03-07
-19.88,-14.02,0.0,0.1524170891738584,2023-03-08
-20.86,-11.23,0.0,0.3081994045499229,2023-03-09
-15.3,-6.91,0.99,0.4282118007264866,2023-03-10
-13.85,-6.59,0.25,0.4107530529102385,2023-03-11
-20.59,-8.62,0.0,0.4315805615421695,2023-03-12
-17.93,-4.53,0.0,0.6036003757665733,2023-03-13
-12.17,-0.88,1.2,0.7879861660384828,2023-03-14
-16.95,-4.63,0.0,0.6093006252755738,2023-03-15
-17.37,-7.21,0.0,0.4893961335041579,2023-03-16
-22.17,-8.6,0.0,0.4541966930729279,2023-03-17
-19.75,-1.71,0.0,0.7270603575129797,2023-03-18
-15.28,-3.71,0.0,0.6745522639774231,2023-03-19
-12.32,-5.56,0.0,0.4754947981547789,2023-03-20
-15.29,-6.96,0.0,0.484245601673236,2023-03-21
-17.15,-6.92,0.0,0.5316611355761165,2023-03-22
-15.44,1.28,0.0,0.9236110270172152,2023-03-23
-14.91,-4.16,0.0,0.6708150837449919,2023-03-24
-20.04,-4.19,0.0,0.666014573616674,2023-03-25
-15.61,-6.86,0.0,0.5190388679897973,2023-03-26
-20.79,-9.87,0.0,0.440549255584868,2023-03-27
-22.51,-7.23,0.0,0.54820774573853,2023-03-28
-18.44,-1.82,0.0,0.7945436468371654,2023-03-29
-11.46,-1.49,0.0,0.8404385502274626,2023-03-30
-14.49,-0.13,0.0,0.9130792174325962,2023-03-31
-10.68,1.3,0.0,1.009821204956853,2023-04-01
-9.11,-3.71,1.57,0.5354359507504347,2023-04-02
-14.31,-8.18,0.0,0.4139790735120286,2023-04-03
-19.66,-6.75,0.0,0.6163266864798119,2023-04-04
-22.36,-5.16,0.0,0.6577362080605211,2023-04-05
-20.25,-3.93,0.0,0.7266649261319231,2023-04-06
-13.99,1.43,0.0,1.0032128703425904,2023-04-07
-5.63,5.48,0.0,1.2571100559132318,2023-04-08
-1.22,7.07,0.0,1.3194863170387547,2023-04-09
2.23,8.49,0.0,1.346795210882361,2023-04-10
0.61,8.76,0.0,1.4191076075958151,2023-04-11
-0.52,9.14,0.0,1.434585822344439,2023-04-12
-3.0,8.95,0.0,1.4441944499512462,2023-04-13
-0.67,10.46,0.0,1.5353711011047873,2023-04-14
-2.68,13.26,0.0,1.7042709641427158,2023-04-15
-1.18,15.53,0.0,1.8501041858066836,2023-04-16
2.99,16.9,0.0,1.958620934625624,2023-04-17
-0.47,6.77,5.19,1.0912921509764046,2023-04-18
-3.76,0.59,5.61,0.4764873486221381,2023-04-19
-3.98,-0.97,0.3,0.3539992590350572,2023-04-20
-4.89,3.06,0.0,1.1070418024901894,2023-04-21
-3.82,7.74,0.0,1.4206087465406614,2023-04-22
-5.21,10.2,0.0,1.5595804754508114,2023-04-23
-1.34,11.28,0.0,1.6491051478448082,2023-04-24
2.43,16.66,1.28,1.999870022653196,2023-04-25
1.24,15.1,0.0,1.900803639669072,2023-04-26
1.14,11.21,0.0,1.633054980370801,2023-04-27
-0.73,18.88,0.0,2.1196842639130553,2023-04-28
-1.37,16.07,0.0,1.9569870647558392,2023-04-29
-2.18,16.26,0.0,1.960264236664607,2023-04-30
-0.13,20.43,0.0,2.225286891171507,2023-05-01
3.75,26.81,0.0,2.63758715223816,2023-05-02
6.21,26.83,0.0,2.669962535138428,2023-05-03
5.84,27.32,0.0,2.6981975965839218,2023-05-04
4.48,19.77,0.0,2.216734308523675,2023-05-05
4.57,18.0,0.0,2.0925419608456255,2023-05-06
7.6,19.16,0.0,2.138154589807578,2023-05-07
7.57,20.05,0.0,2.217220378448601,2023-05-08
3.59,21.06,0.0,2.3236456953555837,2023-05-09
6.65,22.02,0.0,2.3791481874693092,2023-05-10
5.22,22.53,0.0,2.421029887969937,2023-05-11
8.43,19.58,0.0,2.1409696934543563,2023-05-12
4.65,24.98,0.0,2.584495977208796,2023-05-13
6.37,27.04,0.0,2.7234588710633076,2023-05-14
10.3,28.35,0.0,2.8076387645233414,2023-05-15
9.94,30.94,0.0,2.9859375493789466,2023-05-16
6.06,16.27,0.0,1.9129536021049387,2023-05-17
3.58,16.87,0.0,2.0183622511510566,2023-05-18
1.12,26.61,0.0,2.6476591703412677,2023-05-19
10.26,25.77,0.0,2.598052110067165,2023-05-20
6.83,24.47,0.0,2.5420235835715617,2023-05-21
12.01,30.92,2.05,2.716221062781242,2023-05-22
11.73,23.61,0.74,2.364715043410548,2023-05-23
9.56,20.84,13.87,2.033246272954204,2023-05-24
12.08,16.25,1.37,0.9516429171770092,2023-05-25
10.8,20.09,0.0,2.084259798056471,2023-05-26
8.21,18.89,3.56,1.808433355163385,2023-05-27
12.85,21.97,0.0,2.169842998152775,2023-05-28
10.01,26.87,0.0,2.734139363098205,2023-05-29
10.65,29.0,0.0,2.8912989412544934,2023-05-30
11.6,31.42,0.0,3.060944812805383,2023-05-31
14.48,28.13,0.0,2.7455776713371587,2023-06-01
13.12,23.4,0.0,2.3558560019141668,2023-06-02
16.4,26.72,15.87,2.2752413049697866,2023-06-03
15.35,30.96,0.0,2.998541335168143,2023-06-04
17.22,33.44,0.0,3.1499159431188097,2023-06-05
15.64,27.42,0.0,2.6256558420359903,2023-06-06
12.11,29.07,0.0,2.9178436622663892,2023-06-07
13.26,29.97,0.0,2.9703807431923765,2023-06-08
10.95,25.45,0.0,2.6486113688171096,2023-06-09
9.85,24.97,0.0,2.63655701568172,2023-06-10
10.95,28.88,0.0,2.9248071147953794,2023-06-11
12.65,30.95,0.0,3.061156533007156,2023-06-12
12.91,30.88,0.0,3.0560216866787573,2023-06-13
13.37,30.16,0.0,2.9939715605436605,2023-06-14
10.25,19.63,0.0,1.9338497984191407,2023-06-15
7.0,25.35,0.0,2.7093588958026413,2023-06-16
12.35,22.6,0.0,2.224274671040802,2023-06-17
7.97,25.18,18.73,2.4237247487854052,2023-06-18
10.31,23.03,0.0,2.2616179020937657,2023-06-19
8.67,22.51,0.0,2.3184868390463325,2023-06-20
8.53,20.06,0.0,1.989023806063448,2023-06-21
6.5,23.98,0.0,2.57755303235537,2023-06-22
8.2,26.82,0.0,2.8073983082978486,2023-06-23
9.32,27.57,0.0,2.8348430586504794,2023-06-24
11.51,30.16,7.05,2.519904450398974,2023-06-25
12.08,26.51,0.0,2.469045514831371,2023-06-26
11.62,27.93,0.0,2.6677263180692816,2023-06-27
11.76,24.73,0.0,2.224944991482656,2023-06-28
11.23,27.89,0.0,2.6897477007166657,2023-06-29
13.31,29.91,0.0,2.82046618830883,2023-06-30
14.25,32.21,0.0,3.0230012874828205,2023-07-01
12.1,22.6,0.0,1.8356359676524945,2023-07-02
10.39,20.3,3.6,1.274631246950582,2023-07-03
8.02,19.08,0.0,1.6845958440748556,2023-07-04
5.06,23.92,0.0,2.450756769235223,2023-07-05
8.42,25.91,0.0,2.543858273300339,2023-07-06
8.22,24.63,0.0,2.408196685403753,2023-07-07
8.5,27.76,0.0,2.7191315439110983,2023-07-08
11.5,30.16,0.0,2.85322450998945,2023-07-09
8.9,23.06,0.0,2.14916303398041,2023-07-10
9.11,22.12,0.0,2.005874096683862,2023-07-11
9.23,24.77,0.0,2.353774773833893,2023-07-12
11.31,25.67,0.0,2.3315774561862006,2023-07-13
11.04,21.03,0.0,1.6295668975763098,2023-07-14
8.58,23.83,0.0,2.268279640455867,2023-07-15
7.62,22.97,0.0,2.2172811672772426,2023-07-16
8.01,26.82,2.64,2.1629309312555245,2023-07-17
13.14,19.68,6.91,0.7108756215676745,2023-07-18
12.95,24.19,0.0,1.934196930821856,2023-07-19
10.79,26.66,0.0,2.4766308632548153,2023-07-20
11.25,28.52,0.0,2.6491221691045235,2023-07-21
11.52,28.62,3.84,2.1776464553207626,2023-07-22
13.47,30.19,0.0,2.667479633409201,2023-07-23
15.73,33.9,0.0,2.9459040129250127,2023-07-24
17.99,33.36,0.0,2.734860346151165,2023-07-25
12.06,26.03,0.0,2.2324083605635554,2023-07-26
9.59,20.29,0.0,1.6055826600550849,2023-07-27
8.42,21.65,0.0,1.916908252388644,2023-07-28
5.92,23.72,0.0,2.2757460815606434,2023-07-29
7.62,29.71,0.0,2.7553105378556983,2023-07-30
15.23,32.89,0.0,2.81016264657503,2023-07-31
11.81,31.52,8.07,2.332140594114741,2023-08-01
12.13,30.63,0.0,2.5967397090247344,2023-08-02
13.19,36.59,0.0,3.069887682622404,2023-08-03
13.45,27.44,0.0,2.0850237497854587,2023-08-04
9.15,26.85,0.0,2.2978651612026,2023-08-05
9.09,27.68,0.0,2.3717527674671803,2023-08-06
9.53,27.71,0.0,2.3471809911054606,2023-08-07
8.7,24.09,0.0,1.9858226065713025,2023-08-08
11.15,19.94,7.24,0.8552742689807903,2023-08-09
12.28,24.01,6.53,1.2511923489328065,2023-08-10
12.27,21.17,0.0,1.0811412591799685,2023-08-11
9.37,24.32,3.6,1.4964164454607405,2023-08-12
9.67,26.21,0.0,1.997342867257959,2023-08-13
12.1,33.57,0.0,2.57927670363928,2023-08-14
14.29,29.97,6.45,1.6797582911967073,2023-08-15
11.4,22.96,0.0,1.3643349266882532,2023-08-16
8.22,30.96,0.0,2.396115201779325,2023-08-17
14.18,24.57,0.0,1.2214563493939936,2023-08-18
8.14,20.37,0.0,1.2928335545715106,2023-08-19
3.49,22.53,1.78,1.791216280972664,2023-08-20
12.83,19.23,11.99,0.6234449246073186,2023-08-21
13.32,16.64,5.58,0.3368644443963749,2023-08-22
13.4,22.37,0.0,0.9885472124136402,2023-08-23
10.32,22.53,0.0,1.3627559790571313,2023-08-24
10.2,21.42,0.0,1.217360061917271,2023-08-25
9.12,29.27,0.0,2.1461768572782214,2023-08-26
10.91,27.66,0.0,1.8879450958598671,2023-08-27
10.2,30.91,0.0,2.209199142595516,2023-08-28
12.05,32.14,0.0,2.2248367504776505,2023-08-29
14.79,28.65,0.0,1.6540298720952171,2023-08-30
12.95,21.05,6.42,0.7722694930270102,2023-08-31
12.88,27.01,0.0,1.586605586529756,2023-09-01
12.69,28.17,0.0,1.829950822743623,2023-09-02
7.99,29.51,0.0,2.1466514263001244,2023-09-03
8.74,20.4,0.0,1.1962264906586908,2023-09-04
1.63,17.5,0.0,1.3364377613143592,2023-09-05
8.65,23.45,0.0,1.5405568536039942,2023-09-06
7.21,20.58,2.1,1.0791728021031988,2023-09-07
3.11,22.53,0.0,1.652845716119247,2023-09-08
7.09,24.53,0.0,1.6593007237424082,2023-09-09
7.09,24.63,0.0,1.6450712727189505,2023-09-10
6.81,21.97,0.0,1.3938582538041584,2023-09-11
8.29,28.11,0.0,1.8600511444478889,2023-09-12
10.74,23.23,0.0,1.2167691105233316,2023-09-13
7.17,19.08,0.0,1.0301954197908074,2023-09-14
5.01,22.34,0.0,1.4682920161555033,2023-09-15
6.29,29.59,0.0,1.9687329465519432,2023-09-16
7.16,31.18,0.0,2.1410600580011754,2023-09-17
9.28,27.05,0.0,1.7302398853029874,2023-09-18
5.69,18.83,0.0,1.1219876877040222,2023-09-19
4.57,20.3,0.0,1.310071472553946,2023-09-20
2.56,21.95,0.0,1.4990380491976298,2023-09-21
3.87,23.36,0.0,1.5476053760853117,2023-09-22
8.99,22.0,0.0,1.124841289266592,2023-09-23
10.53,23.97,0.0,1.2506081511812177,2023-09-24
6.7,26.38,0.0,1.6851871728180696,2023-09-25
13.05,29.53,0.0,1.6246307495747294,2023-09-26
10.33,23.94,0.0,1.2248634044199598,2023-09-27
5.94,19.98,0.0,1.115196792678972,2023-09-28
2.23,18.5,0.0,1.1611572504811518,2023-09-29
1.66,11.39,14.44,0.5941889173261342,2023-09-30
7.16,9.7,5.67,0.1880506761710085,2023-10-01
6.45,13.24,1.64,0.5148497782794094,2023-10-02
4.56,16.72,0.0,0.8715609204692092,2023-10-03
2.38,13.91,1.73,0.7723008854501534,2023-10-04
-0.41,8.81,0.0,0.5609823164529106,2023-10-05
-4.62,11.64,0.0,0.8495742042725016,2023-10-06
3.67,21.75,0.0,1.2119019750967783,2023-10-07
3.18,22.78,0.0,1.2805299107503112,2023-10-08
3.74,22.01,0.0,1.2119923945851985,2023-10-09
3.53,20.61,0.0,1.127021074094393,2023-10-10
4.5,16.82,0.0,0.8437856115455822,2023-10-11
2.93,10.24,0.0,0.4778511270228848,2023-10-12
-0.86,12.79,0.0,0.7865549724181884,2023-10-13
0.21,12.56,0.0,0.7336805573345937,2023-10-14
-0.64,15.43,0.0,0.9201579804411684,2023-10-15
1.02,17.85,0.0,1.0085363579601367,2023-10-16
7.64,19.22,0.11,0.8443993179230614,2023-10-17
2.14,15.75,0.0,0.8463111564196899,2023-10-18
3.13,21.61,0.0,1.1531734765327402,2023-10-19
4.06,15.77,0.0,0.7652040921292602,2023-10-20
-3.02,10.9,0.0,0.7181811847457681,2023-10-21
0.48,11.1,0.0,0.6184804550612804,2023-10-22
-4.0,2.27,1.35,0.3038847194095331,2023-10-23
-11.29,-3.8,1.5,0.2671257202887723,2023-10-24
-15.5,-4.73,0.0,0.3151371778946062,2023-10-25
-12.36,-3.27,0.0,0.3095213930095105,2023-10-26
-7.52,-2.33,0.49,0.2178975672299102,2023-10-27
-12.04,-2.85,0.39,0.3165279554433925,2023-10-28
-9.47,-0.31,0.0,0.357373554688038,2023-10-29
-13.44,-3.66,0.0,0.3120537158442278,2023-10-30
-12.76,1.84,0.0,0.4896624442262425,2023-10-31
-8.37,-0.09,0.0,0.3310588464504129,2023-11-01
-6.51,3.95,0.0,0.4568978931173428,2023-11-02
-4.27,1.77,0.0,0.2840071951015232,2023-11-03
-4.85,3.19,2.58,0.3498819453646486,2023-11-04
0.13,1.94,0.4,0.1001253624291637,2023-11-05
0.6,3.03,0.0,0.1357281136817855,2023-11-06
0.3,2.97,1.78,0.1469875453042643,2023-11-07
-0.55,4.16,0.39,0.2517297527310328,2023-11-08
-5.24,0.08,0.0,0.2352848020860326,2023-11-09
-7.32,2.8,0.0,0.4123150366158715,2023-11-10
-2.81,7.9,0.0,0.5212112074710349,2023-11-11
-2.89,9.0,0.0,0.5740434612267372,2023-11-12
-4.28,8.53,0.0,0.583244836437619,2023-11-13
-2.52,7.88,0.0,0.5065013094691754,2023-11-14
-5.91,6.44,0.0,0.523872593955023,2023-11-15
-9.65,4.05,0.0,0.492380503744196,2023-11-16
-3.96,11.66,0.0,0.7064387029811571,2023-11-17
-3.06,13.14,0.0,0.7534618091874815,2023-11-18
-1.75,11.43,0.0,0.6441860626746974,2023-11-19
-4.12,6.08,0.0,0.456257717826754,2023-11-20
-9.75,5.08,0.0,0.5222995373993762,2023-11-21
-11.05,-1.66,0.0,0.3048795475821806,2023-11-22
-18.12,-6.99,0.0,0.2481746301450086,2023-11-23
-12.3,1.9,0.0,0.4382869158605443,2023-11-24
-9.06,1.26,0.0,0.3656637995534786,2023-11-25
-15.22,-5.04,0.0,0.262510501146523,2023-11-26
-8.32,1.18,0.0,0.3445320809559646,2023-11-27
-5.19,6.31,0.0,0.4786249987239411,2023-11-28
-6.12,3.27,0.0,0.3738272923797106,2023-11-29
-9.47,-0.64,0.0,0.3008946739090209,2023-11-30
-14.77,-0.74,0.0,0.3753232377232107,2023-12-01
-13.17,-1.95,0.0,0.3202060287055416,2023-12-02
-14.81,-0.51,0.0,0.3805323130818442,2023-12-03
-10.51,0.64,0.0,0.3608765170368577,2023-12-04
-9.59,5.79,0.0,0.5269927507841221,2023-12-05
-4.49,6.0,0.1,0.4380014864777122,2023-12-06
-0.47,3.51,1.51,0.1908425753902556,2023-12-07
-6.51,0.07,0.0,0.2472907763405151,2023-12-08
-9.86,-1.29,0.0,0.2782255471108243,2023-12-09
-8.5,0.65,0.0,0.3178940474352159,2023-12-10
-12.4,-1.66,0.0,0.3113436089427229,2023-12-11
-14.25,-0.04,0.0,0.383039672914082,2023-12-12
-7.21,7.25,0.0,0.5409488361732281,2023-12-13
-4.5,6.48,0.0,0.4541600748316188,2023-12-14
-5.25,4.35,0.0,0.3836604770430801,2023-12-15
-4.5,4.27,0.0,0.3601042540659886,2023-12-16
-10.89,1.44,0.0,0.387479196664723,2023-12-17
-11.44,0.79,0.0,0.3741252792234266,2023-12-18
-5.07,-1.4,0.0,0.1437710754550269,2023-12-19
-6.48,3.22,0.0,0.3689212845969565,2023-12-20
-7.95,2.45,0.0,0.372084101558103,2023-12-21
-7.02,7.92,0.0,0.5639074584734484,2023-12-22
-5.47,3.27,0.0,0.3462500176050651,2023-12-23
-12.47,-0.34,0.0,0.3531647728972817,2023-12-24
-11.54,2.47,0.0,0.4311102297055479,2023-12-25
-9.75,6.1,0.0,0.5343879620216831,2023-12-26
-8.76,5.32,0.0,0.4924794922761402,2023-12-27
-8.2,7.77,0.0,0.5760087840596942,2023-12-28
-9.12,1.67,0.0,0.3666454908640392,2023-12-29
-13.63,-0.06,0.0,0.3763901377741177,2023-12-30
-9.59,2.71,0.0,0.4125896468160043,2023-12-31
