MinTemp,MaxTemp,Precipitation,ReferenceET,Date
-31.42,-13.4,0.0,0.1796696614207956,2018-01-01
-21.36,-4.89,0.0,0.3125906604491564,2018-01-02
-14.83,-2.57,0.0,0.3245968306155542,2018-01-03
-14.17,-5.93,0.0,0.2188144063447798,2018-01-04
-13.83,-6.36,0.0,0.2008074351089807,2018-01-05
-11.45,1.74,0.0,0.4193010394678269,2018-01-06
-7.98,2.11,0.0,0.3716739276307399,2018-01-07
-9.55,-1.89,0.0,0.2586358833664218,2018-01-08
-10.59,0.86,0.0,0.3772755742078306,2018-01-09
-23.67,-14.78,0.26,0.1350478942564644,2018-01-10
-28.92,-21.68,0.0,0.1,2018-01-11
-31.14,-19.77,0.0,0.1063455314160568,2018-01-12
-27.65,-7.99,0.0,0.2655820139133681,2018-01-13
-22.53,-9.25,0.0,0.2322357888027964,2018-01-14
-29.24,-15.81,0.0,0.1503733001544605,2018-01-15
-21.48,-0.44,0.0,0.4256537508593331,2018-01-16
-9.51,4.19,0.0,0.5133798413060171,2018-01-17
-7.38,8.11,0.0,0.6867893924418794,2018-01-18
-4.93,4.8,0.0,0.4219776633395847,2018-01-19
-8.09,1.37,0.0,0.3587113133433524,2018-01-20
-12.15,-0.56,0.0,0.3672294404458996,2018-01-21
-11.27,4.53,0.0,0.589006723175855,2018-01-22
-10.75,0.2,0.0,0.3730861161382514,2018-01-23
-10.87,-2.37,0.0,0.2843899111140029,2018-01-24
-9.27,-0.22,0.0,0.3304560915820236,2018-01-25
-12.32,-5.6,0.49,0.2076017029841904,2018-01-26
-20.0,-13.17,0.0,0.1354010813784421,2018-01-27
-22.18,-13.9,0.0,0.146626254467878,2018-01-28
-22.88,-2.56,0.0,0.4034183441074155,2018-01-29
-12.43,4.11,0.0,0.6313352573719613,2018-01-30
-22.78,-13.17,0.0,0.1694862985439589,2018-01-31
-26.31,-14.69,0.0,0.1667379924145617,2018-02-01
-21.72,-16.59,3.39,0.1,2018-02-02
-27.35,-20.21,1.08,0.1,2018-02-03
-29.0,-16.37,0.0,0.1546154111897258,2018-02-04
-26.63,-15.34,0.0,0.1616169939044466,2018-02-05
-28.2,-17.13,0.0,0.1421069170187735,2018-02-06
-27.83,-13.89,0.0,0.1909304615495493,2018-02-07
-26.99,-17.04,0.0,0.1383407018879987,2018-02-08
-28.73,-15.84,0.0,0.1653725176046425,2018-02-09
-21.22,-9.46,0.0,0.2545463485988471,2018-02-10
-27.66,-15.21,0.0,0.1727965037003818,2018-02-11
-32.4,-12.88,0.0,0.21217668105948,2018-02-12
-18.93,2.01,0.0,0.6575002340646492,2018-02-13
-13.91,1.28,1.29,0.6547382061363541,2018-02-14
-26.64,-12.98,0.0,0.2133083002732093,2018-02-15
-21.34,-4.06,0.0,0.4582798166401789,2018-02-16
-18.7,-9.78,0.0,0.2296763351330911,2018-02-17
-22.6,-12.23,0.0,0.2094655307145605,2018-02-18
-27.81,-13.01,0.0,0.2275011220028037,2018-02-19
-23.28,-11.49,0.0,0.2464159463995418,2018-02-20
-29.42,-9.6,0.0,0.3037994467968901,2018-02-21
-24.99,-8.57,0.0,0.3439691195276428,2018-02-22
-20.13,-6.17,0.0,0.4175083257989842,2018-02-23
-16.43,-1.73,0.0,0.5931308646661863,2018-02-24
-16.38,-1.11,0.0,0.6247822779193462,2018-02-25
-14.92,-3.99,0.0,0.4708367052344862,2018-02-26
-15.05,-0.95,0.0,0.6391235483481568,2018-02-27
-13.6,0.96,0.0,0.7433098587858258,2018-02-28
-17.69,-1.7,0.0,0.6252093136427982,2018-03-01
-13.48,-3.55,0.0,0.4929287037251836,2018-03-02
-7.7,-3.64,3.91,0.1723717979503009,2018-03-03
-10.51,-4.63,7.44,0.2213088438640306,2018-03-04
-13.66,-8.72,0.54,0.1713977435770595,2018-03-05
-17.11,-7.43,0.0,0.3483928894840422,2018-03-06
-23.49,-6.04,0.0,0.4543647016645387,2018-03-07
-24.15,-7.83,0.0,0.4002478569615999,2018-03-08
-13.21,-0.97,0.0,0.6576205632280763,2018-03-09
-11.93,-1.72,0.0,0.5881918968673951,2018-03-10
-14.14,2.35,0.0,0.8609245976631656,2018-03-11
-16.08,-0.58,0.0,0.7163398828476043,2018-03-12
-16.02,2.07,0.0,0.8464933390665522,2018-03-13
-15.87,-0.97,0.0,0.7103028266823943,2018-03-14
-10.73,-2.78,0.0,0.5013043106022833,2018-03-15
-7.35,2.4,0.0,0.8358991358036056,2018-03-16
-5.22,0.84,1.04,0.5472889997687354,2018-03-17
-5.58,1.38,0.01,0.6494638677608954,2018-03-18
-8.24,0.57,0.0,0.7319965886531328,2018-03-19
-7.96,2.42,0.0,0.9010396304176675,2018-03-20
-10.34,2.68,0.0,0.9740073394257506,2018-03-21
-8.9,1.22,0.0,0.8481699589589627,2018-03-22
-4.63,0.81,4.44,0.4064058916967835,2018-03-23
-8.79,3.08,0.0,1.004281873315386,2018-03-24
-6.4,1.8,0.0,0.8369162665276509,2018-03-25
-7.65,5.0,0.0,1.175452853688783,2018-03-26
-9.47,5.25,0.0,1.1907846336741863,2018-03-27
-12.69,-2.07,0.66,0.7468605990205498,2018-03-28
-19.58,-6.25,0.73,0.566891142026438,2018-03-29
-22.76,-12.55,0.0,0.3256989519110652,2018-03-30
-21.69,-9.36,0.0,0.4584890919654061,2018-03-31
-18.04,-5.24,0.0,0.6400777016390339,2018-04-01
-19.92,-5.38,0.0,0.6308381201058031,2018-04-02
-15.7,-3.32,0.0,0.7372330997479442,2018-04-03
-17.87,-2.29,0.0,0.7851555946165292,2018-04-04
-17.93,-7.46,0.0,0.5234603027683574,2018-04-05
-22.18,-9.13,0.0,0.4822714667510235,2018-04-06
-20.93,-4.48,0.0,0.6798547400321375,2018-04-07
-12.06,-2.41,0.23,0.7739072790206591,2018-04-08
-7.21,1.03,0.0,0.9257782062653228,2018-04-09
-10.12,7.45,0.0,1.3496147196042654,2018-04-10
-3.02,1.86,1.17,0.7093866521777572,2018-04-11
-4.12,0.11,0.0,0.5483563524539443,2018-04-12
-4.16,1.41,0.0,0.8037781403341617,2018-04-13
-3.44,7.11,0.0,1.4117081735440258,2018-04-14
-3.47,9.21,0.0,1.5502820765021514,2018-04-15
-1.33,5.24,2.36,0.9148238667629623,2018-04-16
-1.7,2.1,5.1,0.3872592482402144,2018-04-17
-5.16,9.52,0.0,1.5719533919553277,2018-04-18
-2.47,12.05,0.0,1.7441497885223844,2018-04-19
-0.49,18.2,0.0,2.1280853977103593,2018-04-20
1.04,20.19,0.0,2.2650363533686644,2018-04-21
2.39,14.55,0.0,1.9014507411970416,2018-04-22
-0.71,13.27,0.0,1.8297983317553477,2018-04-23
-1.59,20.31,0.0,2.234434815888961,2018-04-24
2.98,17.4,0.0,2.036435344803861,2018-04-25
-0.84,22.18,0.0,2.2786183426188926,2018-04-26
-0.83,16.41,0.0,1.9617870340357264,2018-04-27
0.75,26.28,0.0,2.5323684402052886,2018-04-28
5.89,21.2,0.0,2.2845611965956403,2018-04-29
0.14,11.91,0.0,1.666381392243939,2018-04-30
-3.36,16.51,0.0,1.9457779280308505,2018-05-01
1.54,18.27,0.0,2.1024788750087104,2018-05-02
5.94,21.79,0.0,2.339024844802021,2018-05-03
4.4,24.22,0.0,2.5014943316901133,2018-05-04
5.42,24.74,0.0,2.5402574534740614,2018-05-05
4.22,27.29,0.0,2.6852049951812713,2018-05-06
11.21,26.89,0.0,2.6593420559160217,2018-05-07
8.86,17.96,5.77,1.7266533297152302,2018-05-08
3.21,13.93,0.0,1.774071296428227,2018-05-09
2.7,12.08,2.79,1.2812806310905518,2018-05-10
4.49,11.15,2.6,0.884424874255281,2018-05-11
2.69,18.52,0.0,2.141972734261035,2018-05-12
6.22,26.51,0.0,2.6825993355814868,2018-05-13
3.98,24.6,0.0,2.548071338503399,2018-05-14
11.46,32.0,0.0,3.0365799975052146,2018-05-15
8.99,28.18,0.0,2.7847680736536784,2018-05-16
7.35,15.16,0.0,1.4461811057859568,2018-05-17
4.4,18.34,0.0,2.09547310196666,2018-05-18
1.95,21.96,0.0,2.3690915669147574,2018-05-19
2.42,25.02,0.0,2.5707204088444304,2018-05-20
9.59,30.09,0.0,2.9276661083782054,2018-05-21
10.71,27.53,0.0,2.726878618889136,2018-05-22
8.86,29.6,4.3,2.651230762482272,2018-05-23
11.61,26.18,2.12,2.3357026161117345,2018-05-24
10.71,27.73,0.0,2.7519189224954843,2018-05-25
10.16,30.71,0.0,2.984986293937083,2018-05-26
10.58,26.07,0.0,2.6290399034073952,2018-05-27
9.27,30.38,0.0,2.977934899539888,2018-05-28
12.77,28.07,0.0,2.7530755296850797,2018-05-29
11.12,25.17,5.52,2.235745219656065,2018-05-30
9.02,14.88,0.0,0.9646899088142126,2018-05-31
9.17,15.72,9.49,0.8537620532955915,2018-06-01
7.58,18.29,0.0,1.8154199050314412,2018-06-02
7.41,24.12,0.0,2.574867586967908,2018-06-03
9.52,28.44,0.73,2.8828460622930057,2018-06-04
9.4,21.37,0.0,2.2946954688561525,2018-06-05
6.64,27.51,0.0,2.834443196301516,2018-06-06
8.77,27.64,0.0,2.8336844946575153,2018-06-07
13.18,23.98,0.0,2.329542818057182,2018-06-08
12.65,30.37,0.0,2.9881187433661363,2018-06-09
13.88,25.45,0.0,2.4869747776024083,2018-06-10
6.86,18.94,0.0,2.0923749891390555,2018-06-11
7.12,22.49,0.0,2.456130058410132,2018-06-12
7.08,26.41,0.0,2.7600897931517685,2018-06-13
9.19,22.75,1.71,2.4425839703598227,2018-06-14
9.03,23.32,0.0,2.5025395766428704,2018-06-15
7.45,21.33,0.0,2.3611287363457483,2018-06-16
8.28,25.27,0.0,2.6705700779435584,2018-06-17
8.23,27.71,0.0,2.8547464349448415,2018-06-18
10.75,26.52,0.0,2.7371440331835677,2018-06-19
10.07,29.42,0.0,2.974003082719256,2018-06-20
12.0,29.5,0.0,2.956017974547349,2018-06-21
13.72,28.54,0.0,2.840790592348984,2018-06-22
12.59,27.48,16.91,2.5439200221982032,2018-06-23
15.01,26.83,0.0,2.457732092825137,2018-06-24
13.81,29.36,1.89,2.917227326955176,2018-06-25
11.92,24.96,0.0,2.4543242964216865,2018-06-26
7.22,25.28,0.0,2.7040221082382123,2018-06-27
7.98,25.11,0.0,2.682504859320055,2018-06-28
11.48,23.31,0.0,2.2581072118173178,2018-06-29
12.59,24.29,4.24,1.837760578986039,2018-06-30
11.4,20.59,2.28,1.3031803948277203,2018-07-01
9.47,22.76,3.05,1.812955772011226,2018-07-02
6.76,21.49,11.2,1.8094228534938797,2018-07-03
10.57,19.52,8.46,1.0925172809213353,2018-07-04
7.78,25.06,0.0,2.405614588115214,2018-07-05
13.93,33.76,0.0,3.051620532075022,2018-07-06
14.27,30.96,0.0,2.7348823252877645,2018-07-07
10.2,25.14,0.0,2.2724920960522423,2018-07-08
9.15,28.34,0.0,2.675428175263708,2018-07-09
13.16,28.99,3.9,2.062765496930821,2018-07-10
14.97,25.54,0.0,1.7771143721677394,2018-07-11
13.69,29.15,0.0,2.484071494224788,2018-07-12
12.89,32.71,0.0,2.9224178462429897,2018-07-13
12.14,21.71,0.0,1.4704556419093937,2018-07-14
8.43,25.44,0.0,2.3492607134134347,2018-07-15
6.24,26.24,0.0,2.5047800911684814,2018-07-16
9.68,34.39,0.0,3.148444111085596,2018-07-17
16.1,31.94,0.0,2.677335742233475,2018-07-18
14.16,28.6,0.0,2.385173828231891,2018-07-19
11.93,29.2,0.0,2.6151435100839966,2018-07-20
15.38,27.88,0.0,2.147307684024089,2018-07-21
11.89,23.62,0.0,1.8582801869129837,2018-07-22
9.37,23.77,0.0,2.10768836021107,2018-07-23
8.16,23.43,1.79,2.1313025422638923,2018-07-24
9.13,21.98,0.0,1.850506038049027,2018-07-25
6.44,23.54,0.0,2.197696919342494,2018-07-26
8.18,24.42,0.0,2.210286538386496,2018-07-27
8.52,27.48,0.0,2.504064849830656,2018-07-28
8.57,29.68,0.0,2.682836140622449,2018-07-29
11.24,32.13,0.0,2.811192548142623,2018-07-30
11.84,24.71,0.0,1.8941690164288232,2018-07-31
7.45,28.01,0.26,2.511860370717902,2018-08-01
14.59,30.37,2.41,1.9454785750403796,2018-08-02
13.2,29.12,1.91,2.2985135235260703,2018-08-03
12.85,23.03,2.23,1.0867112156762109,2018-08-04
12.78,23.31,5.72,1.1311033807409316,2018-08-05
10.66,29.06,0.0,2.3592220808347864,2018-08-06
12.65,31.47,0.0,2.5356059249176313,2018-08-07
11.33,30.19,0.0,2.459149659994702,2018-08-08
12.69,33.78,0.0,2.748434786478734,2018-08-09
13.4,38.73,0.0,3.1231916160500988,2018-08-10
14.94,36.89,0.0,2.9124119394420647,2018-08-11
13.22,24.68,0.35,1.565070717769932,2018-08-12
8.16,17.77,0.0,1.0742938655383651,2018-08-13
3.66,27.63,0.0,2.374694835509625,2018-08-14
11.39,29.83,0.0,2.344200364518257,2018-08-15
9.96,28.84,0.0,2.308079987234763,2018-08-16
11.12,32.96,0.0,2.624422830185869,2018-08-17
10.85,25.32,0.0,1.8208794121251273,2018-08-18
4.05,24.08,0.0,2.0261726802438815,2018-08-19
5.43,23.56,0.0,1.9168470152147783,2018-08-20
5.14,27.1,0.0,2.2187888115370256,2018-08-21
10.28,30.52,0.0,2.3765064465464087,2018-08-22
8.61,30.41,0.0,2.419793609524561,2018-08-23
8.31,23.58,0.0,1.733039294006925,2018-08-24
7.2,19.7,0.0,1.3343818757681227,2018-08-25
7.39,17.15,2.44,0.8023817250547036,2018-08-26
7.94,14.29,4.99,0.5303804490371443,2018-08-27
7.34,18.34,0.0,1.0985042713120945,2018-08-28
6.07,27.13,0.0,2.1393127613656593,2018-08-29
10.23,23.1,1.09,1.4709097150870134,2018-08-30
7.18,20.02,0.0,1.4029843368156163,2018-08-31
6.43,21.59,0.0,1.6272134771404794,2018-09-01
3.58,20.27,0.0,1.6213490099990877,2018-09-02
4.81,23.74,0.0,1.8800099924272056,2018-09-03
2.75,14.98,0.0,1.0836196607788149,2018-09-04
-0.54,21.9,0.0,1.8065949148497504,2018-09-05
2.7,25.26,0.0,1.999506543874768,2018-09-06
6.37,24.62,0.0,1.839007884023122,2018-09-07
11.22,27.34,0.0,1.846454592105772,2018-09-08
7.93,22.66,0.0,1.5440008979366997,2018-09-09
3.29,23.48,0.0,1.8084323704740868,2018-09-10
5.46,17.6,0.0,1.1174051293515386,2018-09-11
4.49,15.12,0.56,0.8890079831627095,2018-09-12
3.51,12.9,1.48,0.7259423648497789,2018-09-13
3.17,9.51,0.0,0.4825649372142169,2018-09-14
5.5,13.3,6.82,0.5815636628866123,2018-09-15
6.92,10.91,8.8,0.3126050184264122,2018-09-16
5.05,13.68,0.93,0.7026813001975889,2018-09-17
4.23,11.17,0.0,0.5523635721248729,2018-09-18
2.08,15.0,0.0,0.9780040691027556,2018-09-19
2.45,10.84,0.0,0.6341555888592323,2018-09-20
0.72,8.86,4.23,0.5280735036076508,2018-09-21
-0.01,1.81,9.42,0.1199238912760598,2018-09-22
-0.17,4.16,0.41,0.3019598870635891,2018-09-23
0.36,12.12,0.57,0.829735504006191,2018-09-24
1.73,13.37,0.78,0.8525424686056144,2018-09-25
2.95,16.31,0.0,1.0320012665579652,2018-09-26
-2.01,9.0,0.0,0.7008920022812075,2018-09-27
-4.07,8.38,0.0,0.7299127709505291,2018-09-28
-2.47,7.72,0.0,0.6346030626301307,2018-09-29
-7.37,4.76,0.49,0.6390614535388924,2018-09-30
-1.74,5.6,1.4,0.4660116941150173,2018-10-01
-1.09,3.32,1.93,0.2861095406765897,2018-10-02
-2.07,5.83,0.0,0.4991972435439791,2018-10-03
-6.18,5.92,0.0,0.6491311486113132,2018-10-04
-2.81,7.62,0.0,0.6386514886915863,2018-10-05
-4.58,12.17,0.0,1.000034134702713,2018-10-06
-3.04,13.45,0.0,1.04369035288716,2018-10-07
-2.42,2.67,0.0,0.3129417868256368,2018-10-08
-3.31,2.02,0.0,0.3164943067623591,2018-10-09
-7.43,5.07,0.0,0.6215901906526393,2018-10-10
-9.22,6.24,0.0,0.7082091282711175,2018-10-11
-5.52,7.87,6.53,0.6444721647669022,2018-10-12
-4.44,-0.32,0.0,0.2272754431716329,2018-10-13
-8.28,3.83,0.0,0.5583852838218445,2018-10-14
-0.88,13.59,0.0,0.8995106378926826,2018-10-15
-0.91,10.41,0.0,0.6884308134677781,2018-10-16
-1.73,21.5,0.0,1.3464122255766102,2018-10-17
2.74,19.8,0.0,1.1551100262240834,2018-10-18
-3.39,13.37,0.0,0.8869154804500536,2018-10-19
-7.97,16.48,0.0,1.0827265507912454,2018-10-20
-1.52,14.7,0.0,0.9017182023570152,2018-10-21
-5.97,11.25,0.0,0.8074340498072329,2018-10-22
-4.97,16.26,0.0,1.0222213399809592,2018-10-23
-2.09,18.69,0.0,1.10167268886368,2018-10-24
-0.79,15.81,0.0,0.9157838765202628,2018-10-25
-2.17,12.81,0.0,0.7870763368920789,2018-10-26
-0.87,13.18,0.0,0.7684888992138795,2018-10-27
-5.38,10.05,0.0,0.7122840303403374,2018-10-28
0.28,10.41,0.0,0.5705335862846393,2018-10-29
-2.05,7.14,0.0,0.4733410401823258,2018-10-30
-2.98,10.23,0.0,0.6574466983218907,2018-10-31
-3.07,5.19,0.96,0.4021602895686396,2018-11-01
-1.99,0.76,2.77,0.1305768215659513,2018-11-02
-4.75,1.44,0.0,0.2774057209137,2018-11-03
-2.05,4.08,3.59,0.2904553269513779,2018-11-04
-7.88,0.26,1.38,0.326966911510934,2018-11-05
-12.17,-8.48,0.22,0.1151664096822728,2018-11-06
-12.04,-9.67,0.0,0.1,2018-11-07
-18.22,-9.44,0.0,0.2027486233707343,2018-11-08
-22.39,-4.6,1.86,0.3477424391283045,2018-11-09
-10.17,-3.32,0.32,0.2400304589200831,2018-11-10
-11.41,-6.53,0.0,0.1571213916157507,2018-11-11
-15.08,-4.92,0.0,0.2804537238594474,2018-11-12
-8.44,4.69,0.0,0.5093871319290196,2018-11-13
-2.07,5.44,0.0,0.371952041438931,2018-11-14
-1.8,3.35,0.41,0.2553996674680475,2018-11-15
-16.95,-4.42,0.0,0.3145130207656362,2018-11-16
-18.93,-6.11,0.0,0.2870550455773368,2018-11-17
-11.03,-6.34,1.03,0.1517721276620477,2018-11-18
-13.78,1.48,0.0,0.4577949273437315,2018-11-19
-5.82,2.68,0.0,0.3607772380846814,2018-11-20
-5.33,1.83,0.0,0.3094551384011579,2018-11-21
-2.65,6.31,0.0,0.4261222508604937,2018-11-22
-5.15,3.41,0.0,0.3677135148229022,2018-11-23
-7.19,-4.37,0.0,0.1078776118393201,2018-11-24
-7.48,-4.49,0.0,0.1132520599637725,2018-11-25
-7.32,-3.31,0.0,0.1539780601803693,2018-11-26
-4.94,-0.36,0.0,0.1976426189714333,2018-11-27
-5.96,-2.38,0.0,0.1465919681780629,2018-11-28
-5.75,0.05,0.0,0.242382969265386,2018-11-29
-8.06,-3.07,0.0,0.1862151980541218,2018-11-30
-6.98,-4.57,2.89,0.1,2018-12-01
-8.43,-3.58,0.0,0.1808056476882331,2018-12-02
-12.76,-4.64,0.0,0.2452798650214424,2018-12-03
-13.54,-6.18,0.39,0.2121875270595095,2018-12-04
-14.13,-5.84,0.03,0.2316626399154111,2018-12-05
-14.16,-7.79,0.0,0.1752855186861591,2018-12-06
-18.74,-6.82,0.0,0.2589171659462723,2018-12-07
-17.9,-7.47,0.0,0.2358517014000127,2018-12-08
-14.95,-2.55,0.0,0.3333649097782676,2018-12-09
-13.83,1.75,0.0,0.4482425539974738,2018-12-10
-8.01,1.16,0.0,0.3432375371081971,2018-12-11
-5.25,1.28,0.0,0.2750273632380612,2018-12-12
-8.88,3.13,0.0,0.4322936285494177,2018-12-13
-8.12,5.45,0.0,0.5048736774800628,2018-12-14
-2.87,5.19,0.0,0.3727197886686267,2018-12-15
-11.05,-2.96,0.0,0.2597371897298122,2018-12-16
-7.66,5.39,0.0,0.4946193002308768,2018-12-17
-4.37,5.37,0.0,0.4234456477491084,2018-12-18
-3.54,3.06,0.0,0.292525670477619,2018-12-19
-7.57,2.96,0.0,0.3937849926891378,2018-12-20
-4.34,4.08,0.0,0.3612181012213671,2018-12-21
-8.02,-3.78,0.0,0.1524383667130199,2018-12-22
-15.2,-4.78,2.3,0.2612029378389542,2018-12-23
-15.61,-7.73,0.82,0.1975789837691965,2018-12-24
-16.42,-9.12,0.0,0.1737884758704634,2018-12-25
-14.61,-6.94,0.0,0.2026700824661459,2018-12-26
-20.09,-8.42,0.52,0.2306727386007942,2018-12-27
-20.58,-4.98,0.0,0.3086568200635429,2018-12-28
-12.87,-3.1,1.27,0.2862021362706214,2018-12-29
-18.14,-9.25,0.66,0.1929444490865951,2018-12-30
-27.59,-16.42,0.0,0.134171400969062,2018-12-31
-25.44,-2.18,0.0,0.3713327334987399,2019-01-01
-10.26,4.12,0.0,0.4851743248555015,2019-01-02
-5.52,3.67,0.0,0.3755417914025869,2019-01-03
-8.02,2.66,0.0,0.3946109590454015,2019-01-04
-6.31,-1.93,0.0,0.1687912465168796,2019-01-05
-5.36,2.1,0.0,0.3070526106177116,2019-01-06
-12.85,-1.39,0.51,0.3391952972835134,2019-01-07
-20.39,-13.92,0.0,0.1183353384097398,2019-01-08
-22.15,-8.59,0.0,0.2416412544988577,2019-01-09
-14.73,-6.82,0.0,0.2069266191389772,2019-01-10
-16.98,-9.24,0.0,0.1786081492955078,2019-01-11
-13.98,0.62,0.0,0.4199894180214443,2019-01-12
-12.02,-0.73,0.0,0.353253340511429,2019-01-13
-11.31,-0.96,0.0,0.3345479706831754,2019-01-14
-16.9,-4.08,0.0,0.314835032960298,2019-01-15
-17.49,-13.0,0.51,0.1,2019-01-16
-24.25,-15.63,0.0,0.1293230030102347,2019-01-17
-26.95,-17.53,0.0,0.1190715352003811,2019-01-18
-21.33,-14.81,4.09,0.1109164257993036,2019-01-19
-18.4,-10.91,0.0,0.1629568685044827,2019-01-20
-17.61,-5.65,0.0,0.2859997826863009,2019-01-21
-15.59,-1.87,0.0,0.3727669209593612,2019-01-22
-21.27,-4.32,0.0,0.3432466773343037,2019-01-23
-28.65,-9.18,0.0,0.2540756243483885,2019-01-24
-21.18,-4.23,0.0,0.3475806964193775,2019-01-25
-12.8,-1.02,1.4,0.3721553452500852,2019-01-26
-8.39,4.17,1.96,0.4975676741697382,2019-01-27
-21.73,-9.98,0.0,0.2254242604017524,2019-01-28
-28.7,-20.55,0.0,0.1,2019-01-29
-23.62,-12.32,0.23,0.1930400621791137,2019-01-30
-15.47,-0.87,0.0,0.4176575007268355,2019-01-31
-17.86,-7.73,0.0,0.2483125517626037,2019-02-01
-22.02,-15.23,0.0,0.1248726698349812,2019-02-02
-24.97,-21.45,0.7,0.1,2019-02-03
-25.75,-21.39,3.1,0.1,2019-02-04
-31.69,-22.08,0.0,0.1,2019-02-05
-35.01,-26.06,0.0,0.1,2019-02-06
-37.34,-24.91,0.0,0.1,2019-02-07
-37.41,-25.17,0.0,0.1,2019-02-08
-33.8,-23.79,0.0,0.1,2019-02-09
-31.93,-20.71,0.0,0.1134211637039326,2019-02-10
-28.66,-16.6,1.8,0.158039239186047,2019-02-11
-31.65,-19.55,0.15,0.1279746131358375,2019-02-12
-27.93,-20.37,0.0,0.1,2019-02-13
-32.74,-20.29,0.0,0.123462830642277,2019-02-14
-33.23,-17.65,1.83,0.1552464032143686,2019-02-15
-20.66,-13.79,3.8,0.1386981302853564,2019-02-16
-20.31,-13.66,1.14,0.1493017567456921,2019-02-17
-26.33,-17.84,0.53,0.1311968679969473,2019-02-18
-28.68,-10.72,0.0,0.2607894661390569,2019-02-19
-23.92,-9.36,1.11,0.2829996928056518,2019-02-20
-24.35,-12.73,0.0,0.2159559106229842,2019-02-21
-27.03,-10.62,0.0,0.2674516191389173,2019-02-22
-23.11,-13.5,0.0,0.1936018283632981,2019-02-23
-31.22,-20.55,0.0,0.1240524540481512,2019-02-24
-33.88,-19.16,0.0,0.147336372256915,2019-02-25
-29.19,-16.74,0.0,0.1735505006408131,2019-02-26
-21.61,-8.82,0.0,0.3370294149154852,2019-02-27
-18.05,-8.37,0.0,0.3152838366052755,2019-02-28
-26.45,-15.85,0.0,0.1794579133815357,2019-03-01
-32.75,-21.4,0.0,0.1232136980097122,2019-03-02
-25.99,-16.2,0.0,0.1725545745569304,2019-03-03
-22.25,-10.86,0.0,0.2928059484654258,2019-03-04
-18.41,-8.84,0.0,0.3223061339413825,2019-03-05
-25.56,-13.32,0.0,0.2442969651396473,2019-03-06
-24.53,-7.68,0.0,0.4067033511865066,2019-03-07
-16.51,-4.45,0.0,0.5180849942893798,2019-03-08
-15.52,-5.04,0.0,0.4785564115825209,2019-03-09
-21.58,-6.76,0.0,0.4549754133118517,2019-03-10
-17.31,1.55,0.0,0.8052401295461541,2019-03-11
-3.41,3.57,0.0,0.70900390393356,2019-03-12
-5.0,2.47,0.0,0.7180238878069642,2019-03-13
-9.29,1.42,0.0,0.8220221105762491,2019-03-14
-11.64,2.76,0.0,0.9474534231833168,2019-03-15
-8.55,3.66,0.0,0.9991622445800038,2019-03-16
-10.29,4.94,0.0,1.0986767243014746,2019-03-17
-3.56,4.99,0.0,0.9762326782435734,2019-03-18
-3.74,9.96,0.0,1.4190704643190435,2019-03-19
-2.31,13.43,0.0,1.615885445887144,2019-03-20
-1.91,12.3,0.0,1.564385644265992,2019-03-21
-2.16,14.3,0.0,1.6761512574846935,2019-03-22
-2.42,13.89,0.0,1.6564195157916082,2019-03-23
-4.97,4.17,0.0,1.009203959944735,2019-03-24
-7.22,4.37,0.0,1.132561741689715,2019-03-25
-0.99,17.3,0.0,1.872484646647416,2019-03-26
-1.11,6.66,0.0,1.1372003381068074,2019-03-27
-5.79,7.36,0.0,1.3139101960701585,2019-03-28
-5.26,4.89,0.0,1.1719573978304196,2019-03-29
-6.91,13.83,0.0,1.6319881451246117,2019-03-30
-4.14,5.71,0.0,1.2234140133709617,2019-03-31
-3.96,9.31,0.73,1.443734613797144,2019-04-01
-6.33,4.64,0.0,1.1795174779953417,2019-04-02
-8.65,12.1,0.0,1.5393690300806673,2019-04-03
-0.82,14.66,0.0,1.7779899610572638,2019-04-04
-3.26,9.26,0.0,1.4509705147585934,2019-04-05
1.41,9.98,0.83,1.456933494620094,2019-04-06
0.41,17.26,0.0,1.960064966645616,2019-04-07
-2.61,17.03,0.0,1.916909233336529,2019-04-08
-4.74,10.06,0.0,1.5119466237549457,2019-04-09
-5.69,8.76,0.0,1.4404283109437264,2019-04-10
-7.85,8.59,0.0,1.414444597738377,2019-04-11
-8.78,10.45,0.0,1.496999315078669,2019-04-12
-5.43,15.39,0.0,1.8079665067697772,2019-04-13
3.51,16.91,0.0,1.95184699914373,2019-04-14
-0.83,14.4,0.0,1.8030921350992597,2019-04-15
-4.89,14.28,0.0,1.7698075398762252,2019-04-16
0.27,14.56,0.0,1.761410362226835,2019-04-17
-0.69,17.79,0.0,1.9614234577012235,2019-04-18
5.29,21.88,0.0,2.2399594198493458,2019-04-19
4.72,17.77,0.0,1.9621768849234529,2019-04-20
-1.3,15.0,0.0,1.8070121548678832,2019-04-21
-1.94,21.37,0.0,2.167000562935266,2019-04-22
7.21,21.09,0.0,2.182038875821531,2019-04-23
1.07,17.68,0.0,1.9878488800131948,2019-04-24
-1.8,12.73,0.0,1.6738893935712351,2019-04-25
-4.15,12.17,0.0,1.634119060148693,2019-04-26
-1.2,11.4,4.48,1.4735112983257932,2019-04-27
-4.37,2.92,2.81,0.7736121905862601,2019-04-28
-9.42,6.45,0.0,1.291212144541447,2019-04-29
-3.76,9.95,0.97,1.5149820774458125,2019-04-30
-6.07,10.64,0.0,1.5527141947515326,2019-05-01
-2.58,12.72,0.0,1.6955456908150428,2019-05-02
-5.33,12.81,0.0,1.6910509119513284,2019-05-03
-3.58,8.73,0.0,1.4466389066936858,2019-05-04
-7.3,7.17,0.0,1.3576992614194203,2019-05-05
-7.31,12.48,0.0,1.6558543180365983,2019-05-06
-0.47,15.59,0.0,1.9006650427568148,2019-05-07
-4.57,12.63,0.0,1.702808403954249,2019-05-08
0.44,14.91,0.0,1.8596791921821605,2019-05-09
2.55,18.39,2.47,1.9320530185370264,2019-05-10
2.12,15.6,0.0,1.9036316557590225,2019-05-11
1.77,24.94,0.0,2.5328639285770773,2019-05-12
4.36,21.53,0.0,2.3317571191147413,2019-05-13
1.99,23.15,0.0,2.433697132258119,2019-05-14
5.99,21.7,0.0,2.333962387588908,2019-05-15
-0.56,15.91,0.0,1.95478423695561,2019-05-16
0.24,16.98,0.0,2.0303784459734,2019-05-17
0.66,14.81,0.0,1.8788659224005415,2019-05-18
-2.92,16.39,0.0,1.9833688923194044,2019-05-19
-0.99,19.63,0.0,2.2045336048057194,2019-05-20
1.51,21.16,0.0,2.3245670763923596,2019-05-21
3.66,23.87,0.0,2.5205493921732587,2019-05-22
3.35,24.18,0.0,2.539139538870546,2019-05-23
4.26,23.03,0.0,2.4648707548110935,2019-05-24
4.58,16.84,1.18,1.9852085258554515,2019-05-25
0.94,18.95,0.0,2.185360674366112,2019-05-26
1.02,21.48,0.0,2.3547001764158093,2019-05-27
5.7,27.45,0.0,2.7690030446823086,2019-05-28
10.21,30.46,0.0,2.966188601916258,2019-05-29
10.98,32.69,0.0,3.114608137205748,2019-05-30
5.32,20.88,0.0,2.2909891614076296,2019-05-31
5.59,25.39,0.0,2.628598675877105,2019-06-01
10.25,32.63,0.0,3.118727010768284,2019-06-02
9.7,34.79,0.0,3.2546331479102615,2019-06-03
12.65,25.22,0.0,2.469195147344169,2019-06-04
10.67,25.47,0.0,2.563234943848254,2019-06-05
12.92,27.57,0.0,2.684694246181345,2019-06-06
9.42,22.58,0.0,2.350029295321721,2019-06-07
4.2,17.16,0.0,2.0121172806965513,2019-06-08
3.98,20.44,0.0,2.2816041358171675,2019-06-09
3.33,24.0,0.0,2.542394071431271,2019-06-10
7.21,21.88,0.85,2.3524015195654377,2019-06-11
5.9,24.54,0.28,2.5824916007162932,2019-06-12
8.07,30.17,0.99,2.9788191682076204,2019-06-13
11.72,23.75,1.87,2.389826152615297,2019-06-14
10.18,18.93,2.6,1.864571620625156,2019-06-15
8.76,18.12,0.28,1.976908658032956,2019-06-16
5.89,22.71,0.0,2.456756843262171,2019-06-17
7.98,26.96,0.0,2.7638768756781062,2019-06-18
10.19,22.57,27.32,2.174837602266982,2019-06-19
8.33,14.99,6.31,0.8776477023033085,2019-06-20
6.64,16.43,22.76,1.287600534368377,2019-06-21
10.73,15.73,8.66,0.5210919560786887,2019-06-22
10.56,22.5,0.63,1.9047194294850072,2019-06-23
9.35,21.03,0.0,1.7927761742912034,2019-06-24
9.09,22.57,3.49,1.656596137516843,2019-06-25
8.15,24.29,0.0,2.324262796883306,2019-06-26
11.77,25.88,11.93,1.8510071764842135,2019-06-27
13.72,24.12,2.21,1.314714825060305,2019-06-28
13.92,25.57,0.0,1.9388730439782509,2019-06-29
10.0,22.62,0.0,1.9093277668902957,2019-06-30
9.19,27.87,2.5,2.145921913418465,2019-07-01
6.5,20.15,0.0,1.8617863341763805,2019-07-02
8.57,20.65,0.0,1.785620374343352,2019-07-03
8.68,21.42,0.0,1.883155088229056,2019-07-04
11.28,21.06,0.0,1.5430382291243472,2019-07-05
11.67,26.02,0.0,2.2788481225049204,2019-07-06
13.58,28.27,0.0,2.4184310845667385,2019-07-07
14.08,24.56,0.0,1.7865687661436664,2019-07-08
11.91,22.88,0.0,1.7899090608288584,2019-07-09
9.32,26.32,0.0,2.451875140946759,2019-07-10
14.31,25.52,0.0,1.950217531254135,2019-07-11
10.6,24.44,3.66,1.73458988052791,2019-07-12
11.92,29.85,14.1,2.193933967634567,2019-07-13
14.35,28.48,18.25,1.8015418877201437,2019-07-14
13.05,25.35,0.0,1.8228857080758991,2019-07-15
11.48,21.35,12.62,1.0863678559961802,2019-07-16
11.99,23.21,3.73,1.236653472525003,2019-07-17
11.45,25.87,1.7,1.9689102084099144,2019-07-18
10.0,18.71,2.34,0.943347925777902,2019-07-19
10.22,23.1,0.0,1.6873361080042886,2019-07-20
10.57,25.11,0.0,1.8963744734288257,2019-07-21
10.17,27.78,0.0,2.185144586609265,2019-07-22
13.69,29.67,0.0,2.151054921709231,2019-07-23
15.65,30.81,5.3,1.6929055498604404,2019-07-24
11.42,21.28,2.43,1.0548614753236862,2019-07-25
13.14,26.0,0.0,1.69099344803148,2019-07-26
12.01,32.85,0.0,2.507093254375759,2019-07-27
9.26,22.4,0.0,1.5792960071473054,2019-07-28
5.36,24.95,0.0,2.048077475653674,2019-07-29
11.17,29.96,0.0,2.2554649718299227,2019-07-30
12.61,27.7,0.0,1.9153239605058276,2019-07-31
14.15,33.58,0.0,2.418504362512449,2019-08-01
15.8,34.61,0.0,2.400082349008882,2019-08-02
16.09,30.32,0.0,1.8685273101678144,2019-08-03
10.78,26.48,0.0,1.84785160244883,2019-08-04
10.59,29.02,0.0,2.1147070570871147,2019-08-05
11.08,23.53,0.0,1.4314173558154553,2019-08-06
5.91,21.92,0.0,1.634314837352299,2019-08-07
6.31,25.87,0.0,1.9765064558137313,2019-08-08
10.11,28.69,1.34,2.060336849065051,2019-08-09
10.02,21.09,0.0,1.1937080093586432,2019-08-10
8.2,23.25,9.77,1.344773195851942,2019-08-11
10.72,15.47,20.77,0.4693346039483635,2019-08-12
8.11,21.16,0.0,1.3325419748272471,2019-08-13
10.77,24.42,0.0,1.4593691398247255,2019-08-14
10.3,25.48,0.0,1.5752803332189806,2019-08-15
10.89,21.83,0.0,1.1820639996486058,2019-08-16
5.68,18.2,0.0,1.188094218173624,2019-08-17
3.85,23.05,0.0,1.6579023036915046,2019-08-18
4.85,23.6,0.0,1.6498475620593085,2019-08-19
4.2,23.42,0.0,1.6480471970239148,2019-08-20
5.84,26.59,0.0,1.83701847749056,2019-08-21
12.5,27.5,0.0,1.562743095181481,2019-08-22
11.54,21.09,0.0,1.0116230575930902,2019-08-23
12.33,29.0,6.07,1.5181102634183306,2019-08-24
11.72,21.14,6.28,0.88647867337327,2019-08-25
9.37,20.54,0.0,1.1143804484101794,2019-08-26
8.11,19.29,0.0,1.0800500679612284,2019-08-27
6.54,23.07,0.83,1.4852413484643363,2019-08-28
5.82,20.02,0.0,1.272295358771248,2019-08-29
5.8,21.14,1.53,1.3566902046653193,2019-08-30
7.7,22.85,1.19,1.3989773884911627,2019-08-31
9.58,22.42,1.69,1.2536397279506313,2019-09-01
10.21,22.88,0.0,1.2499301749121476,2019-09-02
7.94,24.83,0.0,1.5270328155768471,2019-09-03
10.49,25.0,2.72,1.2664460021878527,2019-09-04
7.78,23.34,0.0,1.4050131170598987,2019-09-05
5.33,22.44,0.0,1.434406569278206,2019-09-06
7.41,21.74,0.0,1.2857117808277718,2019-09-07
5.85,21.29,0.0,1.3198589674861685,2019-09-08
8.38,13.27,19.59,0.415654933333681,2019-09-09
8.61,11.48,18.86,0.2514844779034203,2019-09-10
9.24,13.65,6.32,0.3835856654062619,2019-09-11
7.44,14.96,0.0,0.691386558051273,2019-09-12
3.85,24.11,0.65,1.5541935876052375,2019-09-13
9.38,23.79,0.0,1.3131926428877618,2019-09-14
9.85,27.64,0.0,1.571116360082409,2019-09-15
9.6,31.93,0.0,1.8610372404444864,2019-09-16
12.99,24.92,1.17,1.1641540514654778,2019-09-17
10.52,22.68,0.0,1.1291561677164572,2019-09-18
7.45,22.66,0.0,1.285735712165215,2019-09-19
9.0,20.61,0.0,1.042909178502479,2019-09-20
5.71,18.31,0.0,1.0355442193001902,2019-09-21
4.93,24.01,0.0,1.4496274355116563,2019-09-22
8.69,21.12,0.0,1.0822744471656984,2019-09-23
5.56,17.07,0.0,0.9272148515663544,2019-09-24
3.62,15.62,0.9,0.9090907265153696,2019-09-25
3.43,10.86,7.11,0.5117100173995986,2019-09-26
2.0,8.13,3.76,0.4031793386091921,2019-09-27
0.05,5.62,0.0,0.37481915392024,2019-09-28
-0.06,2.95,12.72,0.1847426524468419,2019-09-29
-0.02,2.14,4.05,0.1355060635012727,2019-09-30
-0.29,4.36,0.0,0.3113470402208273,2019-10-01
-4.12,8.78,0.0,0.7413758564448102,2019-10-02
-0.83,11.5,0.0,0.796943155903679,2019-10-03
1.39,10.65,0.0,0.6518428765823762,2019-10-04
-0.33,14.31,0.0,0.9402786755473168,2019-10-05
4.1,15.6,0.0,0.8600359531672723,2019-10-06
2.54,20.14,0.0,1.1906039190093956,2019-10-07
-1.29,8.63,1.53,0.6221562067129375,2019-10-08
-5.53,1.18,0.0,0.3514950975118522,2019-10-09
-7.15,3.46,0.0,0.5163936581715807,2019-10-10
-8.52,6.14,0.0,0.6636919966256857,2019-10-11
-8.05,7.1,0.0,0.6937205973734072,2019-10-12
-8.8,10.22,0.0,0.8362302381108518,2019-10-13
-0.74,4.7,0.75,0.3301770465157024,2019-10-14
-2.35,5.67,0.0,0.4603375169375264,2019-10-15
-0.63,14.14,0.0,0.8809167904609657,2019-10-16
1.62,18.57,0.0,1.062210332302307,2019-10-17
0.1,15.71,0.0,0.9357560245214492,2019-10-18
-1.03,14.11,0.0,0.8729126430278614,2019-10-19
-4.44,8.49,0.0,0.6603674810885503,2019-10-20
-6.57,10.33,0.0,0.7825712617727882,2019-10-21
-6.43,6.71,0.0,0.6127850385841747,2019-10-22
-5.5,4.73,0.92,0.4937293767416667,2019-10-23
-3.53,8.81,0.0,0.6389608119147084,2019-10-24
-0.1,17.96,0.0,1.0232205739295088,2019-10-25
-4.91,3.02,0.0,0.3820768463832644,2019-10-26
-9.14,-2.84,0.32,0.2540331497968714,2019-10-27
-9.74,-3.87,0.4,0.2270581203391036,2019-10-28
-11.75,-5.07,0.0,0.2332541733730957,2019-10-29
-17.26,0.2,0.0,0.4793962516199996,2019-10-30
-2.97,3.91,0.0,0.3442330069328588,2019-10-31
-3.05,4.75,0.0,0.3893522217139227,2019-11-01
-4.21,4.27,0.0,0.4034659200152952,2019-11-02
-4.11,2.2,0.0,0.2978365664970697,2019-11-03
-12.67,-4.18,0.0,0.2701688971281828,2019-11-04
-13.6,-3.15,0.88,0.3275097910888385,2019-11-05
-19.57,-7.5,0.0,0.2723095202060678,2019-11-06
-19.51,-3.48,0.0,0.3716757927157991,2019-11-07
-8.78,5.25,0.0,0.5522058391368191,2019-11-08
-11.27,0.32,2.74,0.3805704918113879,2019-11-09
-19.47,-11.25,0.0,0.1758251494049525,2019-11-10
-22.61,-7.76,0.0,0.2779585819463501,2019-11-11
-15.13,-1.34,0.0,0.3928696844561588,2019-11-12
-12.43,1.67,0.0,0.4584399344578655,2019-11-13
-7.11,1.05,0.0,0.3302712505649157,2019-11-14
-4.07,4.48,0.0,0.394663683762019,2019-11-15
-0.55,3.36,2.86,0.1943246275905901,2019-11-16
-2.49,7.31,2.43,0.4519359632881349,2019-11-17
-0.29,7.8,0.0,0.4218927550840811,2019-11-18
-3.78,1.29,0.0,0.2286852538612707,2019-11-19
-5.87,-0.98,0.0,0.2017993493353418,2019-11-20
-7.69,3.05,0.0,0.4159982320406593,2019-11-21
-5.58,6.44,0.0,0.5084925142146712,2019-11-22
-1.05,10.46,0.0,0.5765838048193029,2019-11-23
-1.94,5.33,0.79,0.353247704781055,2019-11-24
-4.95,-0.12,0.0,0.2052238173227885,2019-11-25
-9.63,-1.59,0.0,0.2784662432889526,2019-11-26
-8.48,-4.3,0.0,0.1491741245515244,2019-11-27
-8.03,-5.32,10.96,0.1,2019-11-28
-11.01,-4.9,0.0,0.1987647562855536,2019-11-29
-10.51,-6.81,0.0,0.1206969632785,2019-11-30
-13.1,-5.02,0.0,0.2368013797449168,2019-12-01
-12.36,-1.04,0.0,0.3489515017893073,2019-12-02
-7.74,4.07,0.0,0.451942511613829,2019-12-03
-9.31,0.29,0.0,0.3397539708813035,2019-12-04
-12.4,-3.0,0.0,0.2847880826408087,2019-12-05
-12.12,-3.7,0.0,0.2571113843886943,2019-12-06
-11.29,-3.32,0.0,0.2536838512690841,2019-12-07
-20.72,-10.82,0.0,0.18699952226504,2019-12-08
-24.91,-9.46,0.0,0.2347725708589703,2019-12-09
-27.79,-14.14,0.0,0.1672386207067013,2019-12-10
-25.02,-15.87,0.0,0.1287734324046568,2019-12-11
-19.47,-10.59,0.3,0.1787997529581466,2019-12-12
-22.88,-13.16,0.0,0.1587417312993609,2019-12-13
-25.28,-10.71,0.41,0.2130477028879888,2019-12-14
-18.66,-7.58,0.0,0.2373611645329474,2019-12-15
-15.67,-4.9,0.0,0.2726531574966886,2019-12-16
-13.62,-3.03,0.0,0.2986941503988106,2019-12-17
-9.39,1.05,0.0,0.3627119689552996,2019-12-18
-10.55,-3.26,0.0,0.2360015862095035,2019-12-19
-10.62,4.79,0.0,0.5117977115325666,2019-12-20
-9.76,3.07,0.0,0.4400509578646462,2019-12-21
-6.7,1.58,0.0,0.3223423689950804,2019-12-22
-6.34,-2.49,0.0,0.1494092715372528,2019-12-23
-6.4,-3.94,1.47,0.1,2019-12-24
-7.86,-1.89,0.0,0.2190907339876469,2019-12-25
-14.74,-5.21,0.0,0.251515335391738,2019-12-26
-13.6,-4.23,0.0,0.2625728453083136,2019-12-27
-15.24,-5.55,0.0,0.2487031529546673,2019-12-28
-18.28,-5.69,0.0,0.2782602342079371,2019-12-29
-15.38,-4.87,0.0,0.2690155897651801,2019-12-30
-12.45,1.07,0.0,0.4103595804121042,2019-12-31
-6.61,-0.43,0.0,0.2420809235167733,2020-01-01
-7.39,-2.34,0.0,0.1897674851136308,2020-01-02
-11.59,-2.33,0.0,0.2908908549980729,2020-01-03
-8.15,5.87,0.0,0.525704243917045,2020-01-04
-9.42,-0.84,0.0,0.299924186988168,2020-01-05
-13.43,-1.37,0.0,0.3517992086777837,2020-01-06
-22.05,-13.05,0.0,0.155668159338034,2020-01-07
-17.67,-4.42,0.0,0.3103220332948225,2020-01-08
-23.15,-14.76,0.0,0.1346866686185294,2020-01-09
-28.75,-14.39,0.0,0.1687480669590218,2020-01-10
-17.5,-8.5,2.99,0.1991782667080474,2020-01-11
-24.29,-12.49,1.08,0.1840799412647642,2020-01-12
-29.89,-23.46,0.73,0.1,2020-01-13
-33.89,-26.64,0.0,0.1,2020-01-14
-35.31,-27.87,0.0,0.1,2020-01-15
-35.55,-19.03,0.0,0.1230864706362977,2020-01-16
-23.3,-18.56,1.87,0.1,2020-01-17
-28.08,-23.23,0.0,0.1,2020-01-18
-28.92,-16.02,0.0,0.1516921742459262,2020-01-19
-20.76,1.01,0.0,0.4704766329091229,2020-01-20
-9.04,2.34,0.0,0.4296132221655488,2020-01-21
-12.29,-2.0,0.0,0.3324845934586735,2020-01-22
-11.96,-2.8,0.0,0.3012187352506997,2020-01-23
-8.26,1.47,0.0,0.3851419528498475,2020-01-24
-5.22,2.62,0.0,0.3557726691495063,2020-01-25
-7.04,-2.13,0.0,0.2041806202846495,2020-01-26
-6.46,-0.08,0.68,0.2753439819624019,2020-01-27
-4.93,-0.38,0.0,0.2096168567217966,2020-01-28
-9.05,-2.07,2.19,0.2548131624376063,2020-01-29
-10.3,-0.34,0.0,0.3694579023594155,2020-01-30
-10.18,3.56,0.0,0.5156497920591707,2020-01-31
-5.25,7.7,0.0,0.6024890801919582,2020-02-01
-9.0,0.65,0.0,0.3841414539183837,2020-02-02
-16.66,-7.41,0.0,0.2483945472588736,2020-02-03
-18.57,-2.96,0.0,0.3897200203560717,2020-02-04
-12.75,-3.34,0.0,0.3164287378957931,2020-02-05
-12.38,-7.89,0.56,0.1499145880479087,2020-02-06
-11.43,-1.57,0.0,0.3607169232185852,2020-02-07
-12.03,-1.48,0.0,0.3771512689175738,2020-02-08
-13.02,-1.41,0.0,0.4068021228959244,2020-02-09
-10.19,-3.14,0.0,0.2780499957609079,2020-02-10
-13.78,-0.86,0.0,0.4632930004085863,2020-02-11
-28.92,-13.34,0.0,0.2109379518385196,2020-02-12
-28.73,-5.66,0.0,0.3421398665888959,2020-02-13
-11.14,-0.67,0.0,0.4314158128204312,2020-02-14
-16.97,-9.53,0.0,0.2070598955959843,2020-02-15
-14.71,-2.88,0.0,0.4090188321000753,2020-02-16
-20.03,-8.23,0.0,0.2840096591048127,2020-02-17
-28.8,-17.29,0.0,0.1555225913947756,2020-02-18
-29.09,-9.13,0.0,0.2919337072953001,2020-02-19
-16.5,2.27,0.0,0.6817302538165545,2020-02-20
-10.63,3.75,0.0,0.7566110149426625,2020-02-21
-8.43,4.66,0.0,0.7936367286768893,2020-02-22
-9.91,2.75,0.0,0.705835935232356,2020-02-23
-10.24,-1.65,0.0,0.4261259582800692,2020-02-24
-16.08,-2.0,0.0,0.53479128567244,2020-02-25
-12.84,1.99,0.0,0.7123622349330102,2020-02-26
-7.27,5.26,0.0,0.8476517965093356,2020-02-27
-6.72,7.22,0.0,0.9823766510521597,2020-02-28
-4.92,7.49,0.25,0.9775734553145724,2020-02-29
-10.48,0.13,0.0,0.5864876241531006,2020-03-01
-6.49,3.93,0.0,0.759485341363873,2020-03-02
-6.13,4.13,0.0,0.7728778113458143,2020-03-03
-2.64,4.38,0.0,0.596516143433788,2020-03-04
-5.56,5.08,0.0,0.8644591502448665,2020-03-05
-0.77,13.08,0.0,1.4341147761381836,2020-03-06
-8.08,1.21,0.66,0.6366517882906253,2020-03-07
-14.73,-6.5,0.85,0.3256611395110574,2020-03-08
-16.02,0.97,0.0,0.7414267837003181,2020-03-09
-10.81,5.86,0.0,1.0145163436891256,2020-03-10
-3.47,6.52,0.0,0.936320530272736,2020-03-11
-8.77,0.07,0.0,0.5880552267318957,2020-03-12
-15.76,-9.37,0.0,0.2169309710083712,2020-03-13
-16.01,-6.79,1.75,0.3835801714377148,2020-03-14
-13.96,-5.07,0.45,0.4263750924292318,2020-03-15
-16.57,-2.22,0.0,0.6339111275409905,2020-03-16
-12.84,-0.01,0.0,0.7335573641010696,2020-03-17
-16.13,-4.9,0.0,0.5022096730784418,2020-03-18
-16.38,-3.99,0.0,0.5610754812919824,2020-03-19
-16.71,-0.27,0.0,0.7545682850208064,2020-03-20
-10.51,3.45,0.0,0.972633681239031,2020-03-21
-9.9,7.2,0.0,1.251000576459378,2020-03-22
-6.69,10.44,0.0,1.4508512667607454,2020-03-23
-7.8,0.22,0.5,0.8457793963659185,2020-03-24
-13.63,0.14,0.0,0.9199317389137096,2020-03-25
-12.17,7.09,0.0,1.2275726504934454,2020-03-26
-3.93,8.44,0.0,1.389419730795129,2020-03-27
-2.54,10.81,0.0,1.5338844955408868,2020-03-28
-4.64,15.61,0.0,1.7715407133002343,2020-03-29
-2.34,6.62,0.0,1.2770832250169295,2020-03-30
-9.09,0.41,0.0,0.9582832967792831,2020-03-31
-14.39,-10.19,0.36,0.2188527986115755,2020-04-01
-17.31,-7.55,0.0,0.5545432811368968,2020-04-02
-17.95,-1.42,0.0,0.8405272503511656,2020-04-03
-10.67,-3.03,1.97,0.7193500846967614,2020-04-04
-9.96,-0.53,0.09,0.937196707009181,2020-04-05
-6.22,4.01,0.72,1.1797257584826724,2020-04-06
-8.61,5.88,0.0,1.2816718394091149,2020-04-07
-5.67,2.47,0.0,1.086443308750804,2020-04-08
-12.28,7.18,0.0,1.3017781940857096,2020-04-09
-2.21,9.45,0.0,1.5205013410335857,2020-04-10
-8.11,-0.66,0.0,0.8955520316788295,2020-04-11
-10.89,-3.12,0.0,0.7720399097499294,2020-04-12
-13.05,-3.17,0.0,0.8345573428187809,2020-04-13
-14.92,4.33,0.0,1.149906063771978,2020-04-14
-10.22,3.63,0.0,1.1853670792804585,2020-04-15
-7.86,5.62,0.0,1.3100168140769084,2020-04-16
-3.49,14.77,0.0,1.872427091526629,2020-04-17
-4.15,5.07,0.0,1.2620937659427929,2020-04-18
-6.9,14.72,0.0,1.8200370522939304,2020-04-19
-2.31,12.19,0.0,1.7407177872729291,2020-04-20
-1.37,22.52,0.0,2.359414106369738,2020-04-21
1.21,17.16,0.0,2.0821328119688767,2020-04-22
0.14,18.38,0.0,2.1535070894331056,2020-04-23
-1.61,13.83,3.29,1.6958291977087907,2020-04-24
-2.75,19.1,0.0,2.1635831985900813,2020-04-25
3.39,16.39,0.0,2.0192830028046687,2020-04-26
-1.1,20.72,0.0,2.2910712761035623,2020-04-27
2.75,17.69,0.0,2.1297467059807347,2020-04-28
0.97,23.16,0.0,2.471992978732641,2020-04-29
7.94,27.97,0.0,2.8284390084674387,2020-04-30
5.29,18.68,0.0,2.1571979527190885,2020-05-01
-1.1,19.02,0.0,2.1902323141707707,2020-05-02
-0.76,18.28,4.67,1.9590306881036388,2020-05-03
2.45,14.93,0.0,1.8363963432579131,2020-05-04
-0.71,17.65,0.0,2.0353651234884276,2020-05-05
0.9,21.38,0.0,2.280737748652538,2020-05-06
0.97,17.62,0.0,2.039602092009682,2020-05-07
0.58,20.54,0.86,2.2277469762075044,2020-05-08
-1.24,7.61,0.15,1.342521151903423,2020-05-09
-3.68,10.11,0.0,1.5484616520361585,2020-05-10
-6.7,11.01,0.0,1.5934129149660978,2020-05-11
-4.36,13.35,0.0,1.75063456493503,2020-05-12
1.71,10.84,0.59,1.5242427302520434,2020-05-13
-1.24,18.76,0.0,2.1205004394749523,2020-05-14
-1.76,15.48,0.0,1.9066507054577864,2020-05-15
0.61,25.18,0.0,2.5367380963466335,2020-05-16
8.0,26.45,0.0,2.6541800024054667,2020-05-17
8.88,26.39,0.0,2.6377351061929817,2020-05-18
10.4,27.06,0.0,2.674106502691908,2020-05-19
10.77,21.47,5.61,2.035029288176477,2020-05-20
10.12,21.82,0.0,2.250938276865825,2020-05-21
5.37,21.25,0.0,2.314851620531626,2020-05-22
3.68,16.72,0.0,1.9856376165533505,2020-05-23
4.34,19.33,0.0,2.188192125938503,2020-05-24
4.61,25.54,0.0,2.6423701203965804,2020-05-25
10.42,22.6,0.0,2.332588064463191,2020-05-26
7.17,19.62,0.0,2.1722459302107024,2020-05-27
4.57,18.8,0.0,2.1616240322925284,2020-05-28
4.78,19.93,0.0,2.2569109508885528,2020-05-29
6.88,25.67,0.0,2.678755999649157,2020-05-30
11.18,31.42,0.0,3.0606042267592817,2020-05-31
11.49,25.78,0.0,2.6167011926680734,2020-06-01
8.16,24.57,0.0,2.5916700871414227,2020-06-02
9.7,21.59,0.0,2.298742174062229,2020-06-03
6.43,20.34,0.0,2.2820279024055172,2020-06-04
3.01,22.25,0.0,2.459624799751988,2020-06-05
10.51,19.58,20.23,1.9429351790329352,2020-06-06
9.48,18.59,19.71,1.579303376599857,2020-06-07
7.44,16.02,0.0,1.4220280872545534,2020-06-08
5.74,20.75,5.2,1.8935080814716725,2020-06-09
6.3,22.83,0.0,2.45332500646032,2020-06-10
6.83,23.93,0.0,2.5582553430819672,2020-06-11
8.58,28.49,0.0,2.9118157949677004,2020-06-12
14.25,30.5,0.0,2.986825156063646,2020-06-13
12.16,23.56,0.0,2.184952003363979,2020-06-14
7.32,22.7,0.0,2.447447206155938,2020-06-15
9.55,22.85,22.37,1.9149640472831675,2020-06-16
10.0,16.84,4.21,0.7231956627526523,2020-06-17
6.5,14.71,0.0,1.1211130017156932,2020-06-18
5.38,19.11,0.0,1.9040721529645357,2020-06-19
6.34,17.81,0.0,1.649925385110359,2020-06-20
4.18,18.88,0.0,1.9457963587664864,2020-06-21
5.5,23.74,0.0,2.4061870707004567,2020-06-22
10.61,28.48,0.0,2.7212983029223237,2020-06-23
13.5,28.29,1.72,2.5442787623535645,2020-06-24
13.98,25.73,0.0,2.0886858083096125,2020-06-25
11.98,30.91,0.0,2.8979694967890524,2020-06-26
13.91,22.12,0.0,1.391366232892544,2020-06-27
13.37,20.45,0.0,1.141153292241643,2020-06-28
14.54,19.26,2.43,0.5637269995844545,2020-06-29
14.04,21.19,8.14,0.8900006829273281,2020-06-30
13.3,24.29,0.95,1.9234211468923144,2020-07-01
10.98,24.6,1.71,2.2039088528682087,2020-07-02
10.05,27.32,0.0,2.5505077688150264,2020-07-03
12.27,28.53,3.24,2.1000182917860797,2020-07-04
12.9,24.07,0.0,1.899734789065198,2020-07-05
10.29,25.86,0.0,2.363932353938478,2020-07-06
11.73,28.76,16.52,2.1173111367972175,2020-07-07
12.96,20.13,3.03,0.8230374124700428,2020-07-08
11.84,22.07,0.64,1.5306670064458603,2020-07-09
9.87,23.01,4.54,1.501822483774122,2020-07-10
10.47,24.31,0.0,1.9905618813472856,2020-07-11
12.92,25.98,0.0,2.0109283689075585,2020-07-12
9.94,20.23,2.87,1.1307305702599475,2020-07-13
10.4,22.39,4.6,1.358531155164493,2020-07-14
9.74,23.65,1.22,1.9317642552256844,2020-07-15
10.09,26.05,0.0,2.1703252137236206,2020-07-16
14.0,25.08,0.0,1.6750570348375546,2020-07-17
12.39,22.32,3.86,1.1100027386835911,2020-07-18
10.5,23.28,3.46,1.3891677460985588,2020-07-19
10.8,23.43,5.46,1.3609861520494118,2020-07-20
9.25,25.83,0.0,2.091373108328715,2020-07-21
13.88,30.52,0.0,2.305719974403728,2020-07-22
18.05,28.83,0.0,1.6472913604127424,2020-07-23
14.78,28.14,0.0,1.9598936780488023,2020-07-24
11.73,22.01,0.0,1.391272261286769,2020-07-25
9.76,25.42,0.0,2.019219008027674,2020-07-26
9.23,27.2,0.0,2.202670096005496,2020-07-27
10.64,30.6,0.0,2.428903086170148,2020-07-28
14.39,34.12,0.0,2.553406604233417,2020-07-29
15.4,32.47,0.0,2.302863201873196,2020-07-30
12.95,27.13,0.0,1.853373381832136,2020-07-31
8.64,27.89,0.0,2.193031103132137,2020-08-01
10.48,28.09,0.0,2.134883124986469,2020-08-02
13.46,29.73,2.9,1.7113361971362324,2020-08-03
12.16,27.11,0.0,1.872918164809226,2020-08-04
9.45,29.5,0.0,2.2648253357119836,2020-08-05
11.64,33.25,0.0,2.4877732806899413,2020-08-06
13.77,24.28,0.0,1.2575946353873977,2020-08-07
10.2,26.23,0.3,1.8561481438145064,2020-08-08
9.0,23.02,0.0,1.5605759518142968,2020-08-09
7.81,25.26,0.0,1.8729167896438157,2020-08-10
8.52,25.43,0.0,1.836068458683519,2020-08-11
11.32,29.58,0.0,2.076366601537453,2020-08-12
10.76,25.33,0.0,1.6327310658603489,2020-08-13
8.07,25.27,0.0,1.80022814741565,2020-08-14
9.01,25.89,0.0,1.796443578482917,2020-08-15
9.13,29.9,0.0,2.1524333187004303,2020-08-16
11.38,34.59,0.0,2.4341042829199417,2020-08-17
12.66,36.19,0.0,2.4916943454350817,2020-08-18
14.59,34.93,0.0,2.289736708776,2020-08-19
12.11,34.62,0.0,2.3720529699637076,2020-08-20
14.25,28.92,0.0,1.624924274986923,2020-08-21
9.9,33.06,0.0,2.2966790009945957,2020-08-22
6.47,29.02,0.0,2.067244905104205,2020-08-23
9.23,30.9,0.0,2.100418968027625,2020-08-24
13.75,28.26,0.32,1.5045879823625157,2020-08-25
11.46,25.34,0.0,1.3552453855708229,2020-08-26
7.84,25.89,1.06,1.6752573526085668,2020-08-27
6.48,24.25,0.0,1.5798066897252412,2020-08-28
8.12,32.08,0.0,2.169178181097557,2020-08-29
6.92,19.39,0.0,1.0911472504655642,2020-08-30
2.63,19.52,0.0,1.3033672721981322,2020-08-31
8.21,23.27,0.0,1.336990769683242,2020-09-01
7.77,17.73,3.39,0.8015858336813243,2020-09-02
5.35,21.91,0.0,1.3579657653057873,2020-09-03
5.93,24.61,0.0,1.5545295934472676,2020-09-04
7.93,31.38,0.0,2.090798103726158,2020-09-05
8.51,17.83,0.0,0.8283962734207639,2020-09-06
0.11,10.68,0.0,0.7367621816352216,2020-09-07
-5.24,15.65,0.0,1.2798174490021303,2020-09-08
4.45,21.36,0.0,1.4302500966327267,2020-09-09
5.94,26.7,0.0,1.821375248685338,2020-09-10
7.42,29.63,0.0,1.9913045482538847,2020-09-11
7.91,17.47,0.48,0.8122981683978511,2020-09-12
0.22,16.99,0.0,1.1825608441002242,2020-09-13
5.59,16.43,0.0,0.8617126439689468,2020-09-14
3.11,15.59,0.0,0.9849648186478904,2020-09-15
-0.36,13.94,0.0,1.0425459811583278,2020-09-16
1.65,20.12,0.0,1.4897462331278035,2020-09-17
-0.85,24.92,0.0,1.846062008792483,2020-09-18
6.51,26.57,0.0,1.8352470700358627,2020-09-19
12.16,19.37,6.85,0.605755866984921,2020-09-20
8.11,23.49,0.0,1.4106228281849444,2020-09-21
6.61,21.73,0.85,1.3186010968408768,2020-09-22
9.61,22.22,0.0,1.155963248726703,2020-09-23
8.9,24.3,0.0,1.4180020698524531,2020-09-24
6.83,22.14,0.0,1.3146385197507209,2020-09-25
7.31,15.77,1.1,0.6795403082065214,2020-09-26
4.73,15.48,0.0,0.8031286806050093,2020-09-27
0.96,22.23,0.0,1.5123949897056612,2020-09-28
7.03,17.35,0.0,0.8132752379348269,2020-09-29
1.24,12.78,0.0,0.7674298346037175,2020-09-30
-4.25,12.46,0.0,0.9720645710021196,2020-10-01
1.23,17.42,0.0,1.1564215908421815,2020-10-02
-1.85,16.08,0.0,1.15580810762811,2020-10-03
4.51,24.47,0.8,1.587660217839571,2020-10-04
7.91,19.8,0.0,0.9804165162850011,2020-10-05
6.69,17.42,0.0,0.946061947451515,2020-10-06
1.44,15.3,0.0,1.080381034672664,2020-10-07
7.39,23.67,1.91,1.5695239038310944,2020-10-08
2.03,10.99,0.0,0.6261306843416069,2020-10-09
2.48,26.12,0.0,1.8487388102426576,2020-10-10
4.46,15.74,0.0,0.9496771173653938,2020-10-11
-3.01,11.88,0.0,0.9728213852624394,2020-10-12
0.45,11.1,0.0,0.7996593385955825,2020-10-13
-4.24,6.71,0.0,0.6520908638313467,2020-10-14
-4.12,5.85,0.0,0.5641241135014734,2020-10-15
-8.21,4.03,0.0,0.5879736693180152,2020-10-16
-12.8,0.16,0.0,0.4952538375214896,2020-10-17
-6.01,-3.22,0.0,0.1262515368569811,2020-10-18
-7.7,-0.95,0.0,0.325122872619219,2020-10-19
-6.54,-1.44,0.27,0.2321005487153276,2020-10-20
-10.38,-0.07,0.0,0.5421361526439274,2020-10-21
-14.06,-2.21,0.0,0.4909550609246302,2020-10-22
-13.87,-3.37,0.0,0.4175627668168498,2020-10-23
-9.1,-5.48,0.0,0.1428746653915016,2020-10-24
-12.1,-3.14,0.0,0.3772315771275506,2020-10-25
-15.47,3.26,0.0,0.7247320332149724,2020-10-26
-3.72,12.58,0.0,1.147426474303419,2020-10-27
-4.29,5.71,0.0,0.6572886043136662,2020-10-28
-6.55,8.31,0.0,0.8882394181395117,2020-10-29
-1.3,13.28,0.0,1.122653403180638,2020-10-30
-6.58,3.11,0.0,0.5144056308008781,2020-10-31
-7.82,13.42,0.0,1.128934890348494,2020-11-01
-0.57,19.63,0.0,1.4854883565072796,2020-11-02
2.39,18.38,0.0,1.3718370823751933,2020-11-03
0.95,15.85,0.0,1.2004813804299024,2020-11-04
1.36,19.69,0.0,1.4313951774470168,2020-11-05
-1.55,6.97,0.0,0.5194980317933096,2020-11-06
-1.81,1.53,0.76,0.166311175235807,2020-11-07
-9.14,-2.66,18.21,0.2286540846043824,2020-11-08
-18.23,-8.41,0.0,0.2310472626950847,2020-11-09
-18.33,-5.69,0.0,0.3007673810334723,2020-11-10
-15.55,-6.11,0.72,0.2560153356349863,2020-11-11
-21.54,-7.98,0.0,0.2664415778932717,2020-11-12
-12.09,0.63,0.0,0.417786656553627,2020-11-13
-8.66,-0.44,0.29,0.310298508429062,2020-11-14
-13.67,-4.94,0.0,0.2564158475676608,2020-11-15
-11.52,-5.01,0.0,0.2100214600835169,2020-11-16
-7.96,0.8,0.0,0.3390612098496455,2020-11-17
-4.36,5.54,0.0,0.4473849392905552,2020-11-18
-11.96,-4.7,3.4,0.2161484986873131,2020-11-19
-20.07,-9.27,0.0,0.2193846496363557,2020-11-20
-17.32,-3.87,0.0,0.3270177282374775,2020-11-21
-15.74,-6.05,0.0,0.2490681659969447,2020-11-22
-11.04,-4.24,0.0,0.2180781308142365,2020-11-23
-10.15,-1.72,0.0,0.2856759645369217,2020-11-24
-6.99,2.84,0.0,0.3881502362579885,2020-11-25
-11.53,-0.84,0.0,0.3422780147049318,2020-11-26
-10.93,1.44,0.0,0.4101445227028849,2020-11-27
-9.61,1.0,0.0,0.370800012735327,2020-11-28
-14.86,-1.59,0.0,0.3605005603380626,2020-11-29
-8.6,2.75,0.0,0.4140847518969781,2020-11-30
-7.37,1.85,0.0,0.3532728546135417,2020-12-01
-11.19,-1.22,0.0,0.3204793710225533,2020-12-02
-7.45,2.91,0.0,0.3973204090046997,2020-12-03
-6.55,2.18,0.0,0.346406218157577,2020-12-04
-6.82,2.84,0.0,0.3799937920585521,2020-12-05
-9.72,2.5,0.0,0.4233793814686194,2020-12-06
-7.91,3.09,0.0,0.4115004606824118,2020-12-07
-4.2,3.75,0.0,0.3452704101085933,2020-12-08
-5.09,2.11,0.0,0.3000386757576978,2020-12-09
-11.81,-2.96,0.0,0.2713982231082982,2020-12-10
-13.34,-4.63,0.0,0.2463275141488868,2020-12-11
-10.86,-3.16,0.0,0.2456878835847256,2020-12-12
-25.46,-12.97,0.0,0.1758177636568249,2020-12-13
-27.31,-11.95,0.16,0.1972088934164597,2020-12-14
-18.0,-7.96,0.0,0.2199295504300632,2020-12-15
-14.88,-3.64,0.0,0.2957256242083089,2020-12-16
-13.78,2.61,0.0,0.4695768834932133,2020-12-17
-21.39,-3.16,0.0,0.3503102758227752,2020-12-18
-11.25,3.91,0.0,0.4871148253460434,2020-12-19
-5.83,3.3,0.0,0.3660736251050755,2020-12-20
-8.64,-1.3,6.94,0.2482311511438892,2020-12-21
-13.44,-3.01,9.26,0.2839603860086269,2020-12-22
-17.27,-8.6,0.0,0.1946723695148962,2020-12-23
-15.7,0.49,0.0,0.4205630168691459,2020-12-24
-12.47,-2.37,0.0,0.2984000400239072,2020-12-25
-13.13,-4.47,1.82,0.2450165311390943,2020-12-26
-15.0,-6.53,0.0,0.2163082897470468,2020-12-27
-17.12,-6.93,0.24,0.235115562753664,2020-12-28
-16.13,-7.17,0.0,0.2168310786348839,2020-12-29
-20.54,-8.25,0.0,0.2366910532461386,2020-12-30
-17.2,-2.18,0.0,0.3602285034756064,2021-01-01
-8.12,4.26,0.0,0.4609906347115233,2021-01-02
-2.03,4.15,0.0,0.2929611644956112,2021-01-03
-10.47,0.08,0.0,0.351441879646255,2021-01-04
-10.03,0.67,0.0,0.3648485723446777,2021-01-05
-11.4,2.95,0.0,0.4650935800671087,2021-01-06
-9.37,0.69,0.0,0.3544795706502149,2021-01-07
-13.79,-2.57,0.0,0.3197112209900888,2021-01-08
-15.18,-5.21,0.0,0.2620203758103043,2021-01-09
-13.17,-3.84,0.0,0.2726621820358041,2021-01-10
-11.99,-0.12,0.0,0.3748813123635294,2021-01-11
-7.47,1.32,0.0,0.3414510922334314,2021-01-12
-4.24,6.48,4.84,0.460433428829913,2021-01-13
-6.57,-1.02,0.0,0.2225355055365917,2021-01-14
-13.53,-4.9,0.0,0.2508574993332708,2021-01-15
-10.2,-0.86,0.0,0.3237249180113086,2021-01-16
-10.31,-0.95,1.47,0.3243259655794355,2021-01-17
-10.49,-0.07,0.17,0.3601250901615039,2021-01-18
-14.04,1.96,0.0,0.4745754297895923,2021-01-19
-5.49,2.29,0.0,0.3387317601403148,2021-01-20
-11.8,-5.35,0.14,0.2071689948944859,2021-01-21
-9.84,-4.4,0.73,0.192801492874842,2021-01-22
-25.94,-7.94,0.0,0.2765966421875224,2021-01-23
-30.95,-21.9,0.0,0.1,2021-01-24
-28.15,-20.94,0.0,0.1,2021-01-25
-27.79,-19.16,0.0,0.1068260637265737,2021-01-26
-23.2,-14.14,0.0,0.1555635865121136,2021-01-27
-18.61,-10.19,0.0,0.1933309738770094,2021-01-28
-14.53,-8.78,0.0,0.1641658939510116,2021-01-29
-16.23,-11.16,0.0,0.1312236242745519,2021-01-30
-18.94,-8.37,0.0,0.2460467034655385,2021-01-31
-13.78,-0.23,0.0,0.4271826324779684,2021-02-01
-8.25,3.85,0.0,0.4982095778612893,2021-02-02
-19.15,-10.41,0.0,0.2010686426821539,2021-02-03
-22.63,-15.96,0.0,0.121243744048083,2021-02-04
-27.18,-17.75,0.0,0.1304719327058351,2021-02-05
-34.69,-25.42,0.13,0.1,2021-02-06
-35.95,-28.02,0.0,0.1,2021-02-07
-36.43,-26.52,0.0,0.1,2021-02-08
-29.51,-25.58,0.0,0.1,2021-02-09
-33.32,-26.56,0.0,0.1,2021-02-10
-37.05,-28.45,0.0,0.1,2021-02-11
-33.45,-23.28,0.0,0.1,2021-02-12
-37.23,-24.93,0.0,0.1,2021-02-13
-34.83,-22.39,0.0,0.1061789679495955,2021-02-14
-30.21,-18.08,0.0,0.1475441506451625,2021-02-15
-25.28,-14.4,0.0,0.186556804296529,2021-02-16
-22.67,-15.5,0.0,0.1430304787575828,2021-02-17
-24.58,-12.51,0.0,0.2221776880135795,2021-02-18
-22.61,-2.32,0.0,0.4831752330100756,2021-02-19
-11.62,-2.44,0.0,0.4163340172485906,2021-02-20
-12.11,2.7,0.0,0.7115947407686004,2021-02-21
-3.49,3.92,0.0,0.5703382480975314,2021-02-22
-6.13,-0.08,0.0,0.3556953827543141,2021-02-23
-9.96,-1.34,0.0,0.4670363206869172,2021-02-24
-11.17,1.14,0.0,0.6628080103036228,2021-02-25
-15.64,-1.12,2.05,0.4931460335349922,2021-02-26
-24.35,-13.05,0.0,0.2212189033117058,2021-02-27
-21.44,-10.61,0.0,0.26064672015966,2021-02-28
-17.54,4.43,0.0,0.806458174189616,2021-03-01
-5.94,3.93,0.0,0.7471410866511371,2021-03-02
-9.98,3.6,0.0,0.8350956658880438,2021-03-03
-8.66,3.48,0.0,0.8221264205296043,2021-03-04
-5.38,5.73,0.0,0.9332506905628892,2021-03-05
-0.83,6.94,0.0,0.8556549560723249,2021-03-06
-3.38,6.83,0.0,1.0055257341226722,2021-03-07
-3.17,4.96,0.0,0.8106482054671008,2021-03-08
-4.71,-0.2,0.0,0.3184439421396199,2021-03-09
-8.06,2.88,0.0,0.8631686869172894,2021-03-10
-17.07,-2.68,0.0,0.6188057471975137,2021-03-11
-9.68,7.25,0.0,1.1577893495635023,2021-03-12
-6.36,7.68,0.0,1.204755006440259,2021-03-13
-2.11,10.1,0.0,1.353552911784322,2021-03-14
-1.27,8.56,0.0,1.194927912161826,2021-03-15
-8.13,1.99,0.0,0.8345685485818585,2021-03-16
-8.01,9.61,0.0,1.3446163145611612,2021-03-17
-3.57,15.31,0.0,1.6791010662899442,2021-03-18
-0.09,19.98,0.0,1.9625417259557223,2021-03-19
-0.37,12.59,0.0,1.5696057282758349,2021-03-20
-4.99,4.41,0.0,0.991994165917855,2021-03-21
-5.85,10.19,0.0,1.4224124872111954,2021-03-22
-7.09,1.08,1.29,0.813723738900961,2021-03-23
-6.47,9.75,0.0,1.4053384276237866,2021-03-24
-3.04,4.34,3.6,0.78686218011332,2021-03-25
-9.74,2.64,0.0,1.0359011605613475,2021-03-26
-9.05,6.62,0.0,1.2395171770972455,2021-03-27
-1.86,18.0,0.0,1.9027085249702789,2021-03-28
-8.55,6.25,6.43,1.1478345071769591,2021-03-29
-14.21,-5.64,0.0,0.5454275736628558,2021-03-30
-16.2,7.72,0.0,1.174790588407252,2021-03-31
-2.97,15.25,0.0,1.7709001921230814,2021-04-01
0.14,13.73,0.0,1.7056479912275104,2021-04-02
-1.58,14.88,0.0,1.7738406056711051,2021-04-03
-1.39,19.35,0.0,2.024776997426322,2021-04-04
-2.71,13.24,0.0,1.6744569097919657,2021-04-05
-3.44,16.98,0.0,1.818645672139984,2021-04-06
-0.33,21.27,0.0,2.0898424012898844,2021-04-07
2.01,15.63,0.99,1.7719032195683753,2021-04-08
-5.61,12.39,0.0,1.5585461192650587,2021-04-09
-0.67,13.62,0.0,1.6594902696518288,2021-04-10
-2.13,4.66,3.86,0.6972990770605315,2021-04-11
-3.51,1.52,1.94,0.5012918525974835,2021-04-12
-3.42,1.87,0.0,0.5262929013193418,2021-04-13
-3.31,5.87,0.0,1.1716587654564787,2021-04-14
-2.48,11.42,0.0,1.5617359023765551,2021-04-15
-5.06,13.45,0.0,1.6661756959169147,2021-04-16
-1.57,20.36,0.0,2.0922191412543008,2021-04-17
-4.29,6.77,0.0,1.2936267360021674,2021-04-18
-7.05,5.05,1.87,1.2427265344224856,2021-04-19
-8.45,8.74,0.0,1.4450405372446278,2021-04-20
-4.09,17.56,0.0,1.9918442534946483,2021-04-21
-4.64,7.98,0.0,1.4180559378136088,2021-04-22
-12.02,4.69,0.0,1.2047592908221236,2021-04-23
-9.88,8.03,0.0,1.3984762209250228,2021-04-24
-5.63,10.77,0.0,1.594919934863392,2021-04-25
-4.63,14.62,0.0,1.7733634448701594,2021-04-26
-3.59,17.7,0.0,1.963633911797997,2021-04-27
-1.46,15.59,0.0,1.8651255024645776,2021-04-28
-1.7,12.21,0.0,1.647353817443234,2021-04-29
2.23,26.78,0.0,2.5761189046151785,2021-04-30
5.26,20.83,0.0,2.219574531150879,2021-05-01
0.73,15.06,0.0,1.8431646226655616,2021-05-02
-4.73,10.22,0.0,1.5390124628704196,2021-05-03
-5.22,14.76,0.0,1.8075539077817744,2021-05-04
-3.24,16.92,0.0,1.9600907534769083,2021-05-05
-0.3,18.07,0.0,2.062924439896436,2021-05-06
-0.64,18.04,0.0,2.065039585938747,2021-05-07
2.33,14.11,0.0,1.7793821402430436,2021-05-08
-4.66,15.87,0.0,1.8992314353454705,2021-05-09
-3.49,18.35,0.0,2.0600619318533666,2021-05-10
-0.3,20.43,0.0,2.223485021922369,2021-05-11
1.6,21.16,0.0,2.28095018820953,2021-05-12
1.52,22.22,0.0,2.345572827909765,2021-05-13
2.58,23.2,0.0,2.413410421179366,2021-05-14
3.3,24.7,0.0,2.5152978881604473,2021-05-15
8.41,28.96,0.0,2.8067717290988465,2021-05-16
7.08,32.61,0.0,3.0425860740920587,2021-05-17
12.45,29.77,0.0,2.8182828373084714,2021-05-18
2.89,14.43,0.0,1.7699093720349195,2021-05-19
-0.56,4.88,4.33,0.6595388377442782,2021-05-20
-1.99,4.67,5.29,0.7102197988196763,2021-05-21
0.55,9.6,0.0,1.3509501309208982,2021-05-22
6.18,14.14,16.76,1.2422132320062944,2021-05-23
8.39,12.2,18.85,0.3656696472584243,2021-05-24
2.33,9.4,0.05,0.7569555915051871,2021-05-25
-0.48,13.45,0.0,1.560502511949641,2021-05-26
0.69,18.89,0.0,2.0902094471819286,2021-05-27
6.21,22.32,0.0,2.3187896970100295,2021-05-28
6.47,21.09,0.0,2.1646147241327895,2021-05-29
2.69,22.99,0.0,2.46949277684428,2021-05-30
7.57,27.14,0.0,2.7804737972830207,2021-05-31
8.9,26.88,0.0,2.732950098148569,2021-06-01
12.18,32.53,0.0,3.1326570898873616,2021-06-02
13.63,35.97,0.0,3.355658179253095,2021-06-03
16.27,30.04,0.0,2.691042146318279,2021-06-04
12.45,29.25,0.0,2.871998466737986,2021-06-05
8.81,22.34,0.0,2.214783705922717,2021-06-06
9.28,23.65,0.0,2.361311887534204,2021-06-07
6.27,23.68,4.85,2.094699637934821,2021-06-08
12.25,19.54,14.18,0.9178915625185374,2021-06-09
13.68,22.09,12.24,1.071014824146466,2021-06-10
11.05,20.87,0.0,1.517394416577542,2021-06-11
7.19,24.17,0.0,2.329916346235053,2021-06-12
6.99,27.46,0.0,2.6569613842721944,2021-06-13
12.63,31.52,0.0,2.883517823719381,2021-06-14
16.14,33.31,0.85,2.9019299575710527,2021-06-15
13.56,25.53,0.0,2.0704067623557063,2021-06-16
7.54,25.05,0.0,2.43954534670508,2021-06-17
8.19,19.14,0.0,1.6320953823950977,2021-06-18
6.88,20.54,0.94,1.9370019582433455,2021-06-19
6.18,18.99,0.0,1.7632336369701078,2021-06-20
1.81,24.27,0.0,2.4282174593503965,2021-06-21
10.23,31.31,0.0,2.9102075913184233,2021-06-22
13.23,24.54,0.0,1.8288850985892544,2021-06-23
8.69,21.99,0.0,1.9333158043515035,2021-06-24
9.75,27.68,0.0,2.571041139367549,2021-06-25
13.99,28.44,0.68,2.3846176139972797,2021-06-26
12.55,28.14,0.0,2.458417622128263,2021-06-27
10.57,29.23,0.0,2.7483797967468933,2021-06-28
12.43,32.92,0.0,3.047385232906684,2021-06-29
13.93,34.21,0.0,3.1151203123833624,2021-06-30
15.41,35.01,0.0,3.12781976020053,2021-07-01
18.32,38.77,0.0,3.361585071045794,2021-07-02
16.8,30.52,0.0,2.4620095171436467,2021-07-03
12.82,29.02,6.01,2.119659371776999,2021-07-04
13.66,24.45,0.0,1.762759134981049,2021-07-05
10.45,21.17,0.0,1.61195652503749,2021-07-06
10.73,28.37,5.85,2.1251009098323252,2021-07-07
14.57,26.71,7.29,1.5724997555352889,2021-07-08
12.62,30.07,0.0,2.5570106926306173,2021-07-09
13.92,32.57,0.0,2.7377616566649268,2021-07-10
15.9,32.74,0.0,2.6393766276702113,2021-07-11
12.21,27.61,0.0,2.285108537333747,2021-07-12
10.41,29.35,0.0,2.5970143912715207,2021-07-13
11.01,31.31,0.0,2.7608882227312024,2021-07-14
13.83,35.0,0.0,2.9939957703168707,2021-07-15
15.37,31.27,0.0,2.469054870718447,2021-07-16
17.63,35.3,0.0,2.785855258862233,2021-07-17
13.81,27.31,0.0,2.0402477472124354,2021-07-18
14.54,21.5,0.0,0.8875266989542023,2021-07-19
16.25,28.43,0.0,1.9439281191648607,2021-07-20
15.52,31.14,0.0,2.4423791292228474,2021-07-21
15.12,33.96,0.0,2.804684088413493,2021-07-22
7.13,28.82,0.0,2.592317382143831,2021-07-23
9.89,29.3,0.0,2.538488594619125,2021-07-24
10.75,29.65,0.59,2.5274091526374987,2021-07-25
11.87,28.81,0.0,2.3548472740779487,2021-07-26
12.48,36.33,0.0,3.0454451594452334,2021-07-27
13.51,29.39,0.0,2.2798507592792117,2021-07-28
12.92,33.66,0.0,2.779691518197789,2021-07-29
13.13,31.45,0.0,2.535163209965538,2021-07-30
12.44,31.64,0.0,2.583876284586312,2021-07-31
11.73,33.09,0.0,2.743643954343918,2021-08-01
15.25,35.02,0.0,2.751168854732802,2021-08-02
18.81,28.55,0.0,1.4230600300719911,2021-08-03
14.62,28.62,0.0,2.0009618826247166,2021-08-04
10.8,30.72,0.0,2.5011852500426546,2021-08-05
15.04,33.27,0.0,2.521273130632401,2021-08-06
15.52,29.88,0.0,2.034136372402594,2021-08-07
14.18,23.45,0.0,1.170633382426747,2021-08-08
11.4,20.7,0.0,1.103731082869247,2021-08-09
10.61,20.65,3.4,0.9491315975054072,2021-08-10
11.07,26.22,0.0,1.924575494041797,2021-08-11
8.92,23.65,0.0,1.7680339774147584,2021-08-12
8.59,29.7,0.0,2.4004092619296684,2021-08-13
16.25,36.9,0.0,2.7224238219096604,2021-08-14
15.35,33.42,0.0,2.407647475378617,2021-08-15
14.74,28.42,0.0,1.8304197921333736,2021-08-16
9.94,21.16,0.0,1.2934815652468354,2021-08-17
10.06,17.88,4.43,0.7185824531926075,2021-08-18
8.1,19.34,4.93,0.9799233514141816,2021-08-19
10.34,18.43,5.69,0.7476972783211911,2021-08-20
6.5,22.13,3.87,1.349696799808849,2021-08-21
9.19,15.83,9.07,0.6011640350536055,2021-08-22
6.79,19.19,4.31,1.1413046561202804,2021-08-23
7.88,15.71,0.0,0.7825525405192533,2021-08-24
3.58,20.42,0.0,1.7147285807663502,2021-08-25
7.59,21.12,0.0,1.5770780975263925,2021-08-26
12.39,21.62,0.0,1.1469578654650665,2021-08-27
10.99,23.86,0.0,1.6452408829557872,2021-08-28
7.43,26.12,0.0,2.0731339848281296,2021-08-29
8.91,29.63,0.0,2.3062193181705775,2021-08-30
12.59,26.18,22.71,1.4216493507154075,2021-08-31
9.15,21.77,0.0,1.3661159933074831,2021-09-01
8.57,19.41,0.0,1.104577431610998,2021-09-02
7.85,22.02,0.0,1.4654943292160492,2021-09-03
5.46,23.31,0.0,1.6986696478266237,2021-09-04
7.37,29.82,0.0,2.1335002974754813,2021-09-05
10.3,22.92,1.18,1.3374307019955969,2021-09-06
7.62,23.68,0.0,1.602427432801712,2021-09-07
5.54,25.52,0.0,1.8941621637611592,2021-09-08
10.61,28.69,0.0,2.0493814862014177,2021-09-09
8.48,22.32,0.0,1.504955519325898,2021-09-10
6.46,14.6,0.0,0.7186642217763108,2021-09-11
3.48,18.31,0.0,1.3676980710232003,2021-09-12
7.3,21.59,0.0,1.4844950483899872,2021-09-13
4.56,23.25,0.0,1.7397352274733704,2021-09-14
8.28,19.67,0.0,1.171030803870542,2021-09-15
3.97,15.95,0.0,1.0619420768432524,2021-09-16
-0.72,20.24,0.0,1.5671891720047584,2021-09-17
11.26,33.04,0.0,2.229145695063621,2021-09-18
6.86,20.04,0.0,1.2347249943986651,2021-09-19
1.77,18.71,0.0,1.3531927810604405,2021-09-20
3.14,22.16,0.0,1.5629383634960548,2021-09-21
5.54,28.13,0.0,1.924255534743567,2021-09-22
4.67,17.82,0.0,1.0636084227217069,2021-09-23
-0.49,19.26,0.0,1.3832177104810126,2021-09-24
7.6,26.55,0.0,1.6894391938073234,2021-09-25
4.19,25.88,0.0,1.7195860540875425,2021-09-26
9.2,30.51,0.0,1.8963435957357997,2021-09-27
6.36,28.84,0.0,1.8394980327092192,2021-09-28
6.32,21.14,0.0,1.1882948393703685,2021-09-29
1.13,24.12,0.0,1.5923601709024209,2021-09-30
5.88,23.92,0.0,1.4194258868875609,2021-10-01
0.53,21.68,0.0,1.4045766518966387,2021-10-02
6.01,23.97,0.0,1.4148262235289724,2021-10-03
1.89,22.18,0.0,1.4064250253576744,2021-10-04
5.2,24.99,0.0,1.499518898911277,2021-10-05
6.93,27.28,0.0,1.6344313852200174,2021-10-06
3.79,14.92,0.0,0.7516855107258501,2021-10-07
2.31,17.22,0.0,1.0266465378962015,2021-10-08
0.11,19.84,0.0,1.295345889828626,2021-10-09
-0.63,19.26,0.0,1.2562300109044384,2021-10-10
-1.86,9.79,0.0,0.6402132211278427,2021-10-11
-6.64,8.66,0.0,0.7048412083757274,2021-10-12
-3.41,5.32,4.16,0.4156373705264076,2021-10-13
-1.49,5.86,2.45,0.3743715534095419,2021-10-14
-3.22,13.68,0.0,0.8785297032682841,2021-10-15
-0.62,18.06,0.0,1.0650950265314003,2021-10-16
2.86,24.49,0.0,1.3940863476313343,2021-10-17
1.5,13.89,0.0,0.7397621018440992,2021-10-18
-5.16,7.59,0.0,0.5990819439615206,2021-10-19
-7.79,7.91,0.0,0.6668799094723149,2021-10-20
-4.51,10.74,0.0,0.7339134947988941,2021-10-21
-5.32,9.91,0.0,0.7083127963403931,2021-10-22
-1.59,7.24,0.76,0.4617887087543429,2021-10-23
2.33,6.39,0.0,0.2419501622533544,2021-10-24
3.31,9.66,2.33,0.3695635079581687,2021-10-25
2.35,10.47,2.65,0.459510549683438,2021-10-26
0.65,13.43,0.0,0.7252213521154239,2021-10-27
-2.05,11.44,0.0,0.6976402743817369,2021-10-28
0.33,9.55,2.17,0.4870491541677684,2021-10-29
-4.14,5.05,0.0,0.4331175244622857,2021-10-30
-7.88,4.48,0.0,0.5022823762441081,2021-10-31
-9.62,2.4,0.0,0.4502061150413957,2021-11-01
-9.72,7.15,0.0,0.6379093232473216,2021-11-02
-7.71,10.29,0.0,0.740121161462781,2021-11-03
-1.83,16.24,0.0,0.9177240290641626,2021-11-04
2.15,15.07,0.0,0.7491601498130215,2021-11-05
-2.93,10.99,0.0,0.6770126358564924,2021-11-06
-5.86,10.58,0.0,0.7148729665185216,2021-11-07
-5.31,9.56,0.0,0.6571482403812783,2021-11-08
-9.4,8.74,0.0,0.6801971253671864,2021-11-09
-1.94,4.59,0.86,0.3200861643710299,2021-11-10
-6.36,-2.18,0.0,0.1673541837636134,2021-11-11
-8.65,-2.85,0.0,0.2104835578015324,2021-11-12
-8.37,4.38,0.0,0.4853760304134326,2021-11-13
-5.8,2.3,0.75,0.3379346614260519,2021-11-14
-1.34,5.29,1.03,0.3298816661884812,2021-11-15
-4.29,7.16,5.08,0.4917306906949262,2021-11-16
-11.71,-4.43,0.0,0.2276795841768191,2021-11-17
-14.51,-0.64,0.0,0.3913729745809789,2021-11-18
-10.32,-1.03,0.0,0.3142293557304116,2021-11-19
-10.86,1.49,0.0,0.4123389788903236,2021-11-20
-16.55,-2.59,0.0,0.3507157708455739,2021-11-21
-7.41,5.35,0.0,0.4960073949199051,2021-11-22
-9.85,4.24,0.0,0.4913279430431834,2021-11-23
-15.75,-8.24,0.0,0.1842852898260664,2021-11-24
-10.97,2.76,0.0,0.4508087765204949,2021-11-25
-2.47,6.35,0.0,0.4091653651799973,2021-11-26
-6.24,2.37,0.0,0.3411716754204795,2021-11-27
-4.73,4.64,0.0,0.3962583200001719,2021-11-28
-3.53,5.94,0.88,0.4194272321197,2021-11-29
-5.62,5.4,0.0,0.4489133884727435,2021-11-30
0.02,7.16,0.0,0.3581184035499899,2021-12-01
-3.26,2.7,0.93,0.2633017730260394,2021-12-02
-7.66,-0.24,0.0,0.272779079734907,2021-12-03
-10.45,-1.5,0.5,0.2954342163216862,2021-12-04
-21.59,-7.02,1.16,0.2703750697110605,2021-12-05
-24.51,-12.66,0.0,0.1770811746049989,2021-12-06
-20.75,-8.52,0.0,0.2329251483782282,2021-12-07
-15.32,3.55,1.06,0.5111739112126668,2021-12-08
-12.16,-1.32,0.0,0.329563744843755,2021-12-09
-14.34,-3.14,0.0,0.3043963316861915,2021-12-10
-10.0,4.36,0.0,0.4896321890757337,2021-12-11
-9.11,1.44,0.0,0.3685641673287603,2021-12-12
-14.44,-2.74,0.0,0.3150351611701693,2021-12-13
-8.74,-1.51,0.32,0.2521064448058572,2021-12-14
-20.8,-10.58,0.0,0.1878152834245861,2021-12-15
-24.57,-16.75,0.31,0.1088276353100843,2021-12-16
-25.64,-17.31,0.81,0.1084750855007073,2021-12-17
-28.05,-7.9,0.0,0.2602553150112559,2021-12-18
-19.11,-7.46,0.0,0.2399938494235554,2021-12-19
-21.22,-12.01,0.0,0.1626162392211587,2021-12-20
-19.48,-7.19,0.0,0.2495116839944018,2021-12-21
-13.9,-6.23,2.83,0.1982612651973699,2021-12-22
-13.47,-0.06,1.9,0.3832777997514776,2021-12-23
-24.1,-13.93,0.82,0.1509178758806372,2021-12-24
-28.86,-22.18,2.12,0.1,2021-12-25
-28.27,-23.18,7.06,0.1,2021-12-26
-34.64,-25.44,0.61,0.1,2021-12-27
-37.52,-27.34,0.0,0.1,2021-12-28
-34.93,-25.25,0.0,0.1,2021-12-29
-36.27,-27.46,0.0,0.1,2021-12-30
-36.06,-26.83,0.0,0.1,2021-12-31
-34.76,-22.53,0.0,0.1,2022-01-01
-26.58,-1.27,0.0,0.3869037802043664,2022-01-02
-16.53,-4.9,3.09,0.2697576496544534,2022-01-03
-22.95,-12.62,1.34,0.1657259875022271,2022-01-04
-31.85,-20.19,0.0,0.1022955137499334,2022-01-05
-34.62,-25.39,0.0,0.1,2022-01-06
-24.82,-7.41,1.77,0.271982875532043,2022-01-07
-23.76,-12.67,0.0,0.1716544796462668,2022-01-08
-28.63,-16.59,0.0,0.1356557721212057,2022-01-09
-22.37,-1.01,0.0,0.4066876152446407,2022-01-10
-11.29,4.07,0.0,0.5022205900770575,2022-01-11
-1.86,5.44,0.0,0.3462548814846414,2022-01-12
-4.85,3.91,2.82,0.3580686131714319,2022-01-13
-5.69,1.54,0.0,0.2949634584214003,2022-01-14
-4.9,4.46,0.0,0.4002708648494887,2022-01-15
-4.07,4.14,0.0,0.3623399418324327,2022-01-16
-5.58,4.68,0.95,0.4302769234613808,2022-01-17
-19.3,2.5,0.0,0.5050374638373752,2022-01-18
-26.28,-15.67,0.0,0.1419631962857356,2022-01-19
-23.71,-2.47,1.97,0.3828562110946212,2022-01-20
-10.01,2.44,1.2,0.4391711983907944,2022-01-21
-8.03,4.42,2.25,0.4615849995355904,2022-01-22
-7.58,4.92,0.0,0.4959059085851396,2022-01-23
-11.37,1.23,0.0,0.4216086655489702,2022-01-24
-22.75,-5.19,0.0,0.3284858615997993,2022-01-25
-10.33,1.96,0.0,0.4347956054917237,2022-01-26
-7.46,0.89,0.0,0.3318269563410929,2022-01-27
-10.69,1.48,0.0,0.4266861321499529,2022-01-28
-8.34,2.88,0.0,0.4386489978560278,2022-01-29
-4.65,5.36,0.0,0.4588649887760492,2022-01-30
-12.21,4.14,3.31,0.5239925393948476,2022-01-31
-26.03,-16.19,0.0,0.1403333866756289,2022-02-01
-32.15,-22.88,0.0,0.1,2022-02-02
-30.62,-18.69,0.0,0.1276471230082228,2022-02-03
-31.79,-6.28,6.52,0.2903771916935398,2022-02-04
-15.18,-5.61,0.8,0.2721878205907157,2022-02-05
-17.01,1.31,0.0,0.5035221094886264,2022-02-06
-5.36,5.26,0.0,0.4936781512985113,2022-02-07
-4.44,2.83,0.0,0.3488287395868801,2022-02-08
-8.3,2.55,0.0,0.452128816180702,2022-02-09
-8.9,5.43,0.38,0.5895733039281104,2022-02-10
-18.49,-11.57,0.0,0.1643267422548972,2022-02-11
-16.62,-6.91,0.0,0.2671328853359083,2022-02-12
-15.69,2.17,0.0,0.5442500947150358,2022-02-13
-17.81,-8.36,1.16,0.2436750194790575,2022-02-14
-14.73,-6.76,1.77,0.2429007443045765,2022-02-15
-23.36,-14.61,0.39,0.1598294722107164,2022-02-16
-25.89,-2.62,0.0,0.4218495973547497,2022-02-17
-20.22,-5.96,0.0,0.3402260281901295,2022-02-18
-16.96,3.36,2.69,0.5679710057730876,2022-02-19
-22.08,-13.68,0.0,0.1705562975831869,2022-02-20
-27.84,-20.38,0.0,0.1012278300155667,2022-02-21
-30.91,-20.42,0.0,0.1202015229286861,2022-02-22
-29.74,-18.13,0.0,0.1484564272479928,2022-02-23
-27.32,-16.95,0.0,0.1568846038216131,2022-02-24
-26.73,-8.1,0.0,0.3211612802833282,2022-02-25
-14.12,-2.67,0.0,0.3994399258019248,2022-02-26
-11.93,-5.94,0.0,0.2273874177148779,2022-02-27
-13.85,-6.69,0.0,0.2506553329680479,2022-02-28
-12.83,-6.52,0.0,0.2337652352206567,2022-03-01
-16.29,-8.21,0.0,0.2541600420114579,2022-03-02
-16.69,-9.65,6.22,0.196666818517998,2022-03-03
-11.08,-7.58,3.65,0.130460070520409,2022-03-04
-15.79,-9.74,0.0,0.1988594067145548,2022-03-05
-18.76,-4.66,0.0,0.4160195512335458,2022-03-06
-15.85,1.77,0.74,0.6227182397158759,2022-03-07
-17.49,-7.39,0.0,0.3208959682724446,2022-03-08
-23.87,-13.38,0.0,0.2261598205301449,2022-03-09
-23.74,-11.92,0.0,0.2605744599561541,2022-03-10
-30.04,-10.41,0.0,0.2999845341323729,2022-03-11
-16.43,2.77,0.0,0.7013650752423016,2022-03-12
-11.27,-2.06,0.0,0.4175325018340899,2022-03-13
-11.03,1.3,0.0,0.6002204116529504,2022-03-14
-5.27,4.93,0.0,0.6806594727341007,2022-03-15
-3.0,4.01,0.0,0.4717462804771156,2022-03-16
-5.93,5.98,0.0,0.8170815834925889,2022-03-17
-1.98,5.74,0.0,0.5855296440654911,2022-03-18
-3.35,6.93,0.0,0.8377691274313839,2022-03-19
-1.21,4.69,0.0,0.4444850036851728,2022-03-20
-0.64,5.88,0.0,0.5882834429692585,2022-03-21
-2.4,7.73,0.0,0.9609749607902212,2022-03-22
-2.14,13.29,0.0,1.4383251139230082,2022-03-23
-0.32,7.81,0.13,0.842220676302524,2022-03-24
-6.52,1.41,0.0,0.5891862451524608,2022-03-25
-8.63,-1.59,0.0,0.4375204300022098,2022-03-26
-6.3,8.62,0.0,1.2122202270945337,2022-03-27
-2.3,8.4,0.0,1.201557439825106,2022-03-28
-5.7,1.5,0.0,0.6604108118431572,2022-03-29
-7.93,9.26,0.0,1.3549565073217318,2022-03-30
-0.96,5.9,1.59,0.833256331139829,2022-03-31
-3.81,5.93,0.0,1.042159421292256,2022-04-01
-7.0,7.9,0.0,1.2836921422404348,2022-04-02
-3.3,11.97,0.0,1.5736837390795926,2022-04-03
-1.24,16.35,0.0,1.910198944655125,2022-04-04
-0.34,9.43,2.2,1.0528630798118488,2022-04-05
-0.72,7.41,0.51,1.065617443211064,2022-04-06
-2.88,11.02,0.0,1.5553211911853666,2022-04-07
-2.0,18.41,0.0,2.0348284777855437,2022-04-08
0.09,12.96,0.0,1.7120326938189518,2022-04-09
-4.05,7.79,0.0,1.3308719314970183,2022-04-10
-7.42,-0.81,0.0,0.5889812312393323,2022-04-11
-9.45,-5.14,0.0,0.2565664715807249,2022-04-12
-9.11,-4.91,1.17,0.2599203804760884,2022-04-13
-8.56,-3.77,1.33,0.3710248481787536,2022-04-14
-10.26,-2.7,0.0,0.6217705782252662,2022-04-15
-9.89,1.26,0.0,0.9784897496214486,2022-04-16
-7.46,3.55,0.0,1.1263212377106913,2022-04-17
-7.41,8.6,0.0,1.5084621950643728,2022-04-18
-2.96,4.04,0.67,0.9492231940852328,2022-04-19
-4.47,1.78,1.68,0.7546919955477903,2022-04-20
-8.5,5.86,0.0,1.344495709234148,2022-04-21
-2.13,3.91,0.61,0.8828022654902726,2022-04-22
0.34,8.84,2.07,1.1834472598833885,2022-04-23
-2.38,11.47,0.0,1.7521912063337084,2022-04-24
-3.0,10.52,0.0,1.6895972054061268,2022-04-25
-2.51,14.26,0.0,1.9256740847310616,2022-04-26
0.87,15.85,0.0,2.055784428826994,2022-04-27
0.83,18.2,0.0,2.203763415769203,2022-04-28
0.98,16.78,0.0,2.120201007359156,2022-04-29
1.99,17.37,0.0,2.161577524743038,2022-04-30
0.21,15.93,0.0,2.0588730196754055,2022-05-01
-0.74,18.69,0.0,2.2214564973362103,2022-05-02
3.87,20.72,0.0,2.3974863453082893,2022-05-03
1.37,24.57,0.0,2.5982859903678737,2022-05-04
9.17,27.76,0.0,2.7730324920701896,2022-05-05
9.77,23.16,0.14,2.439252086773014,2022-05-06
6.42,14.71,3.79,1.5520215540859277,2022-05-07
3.55,16.0,0.0,1.9944008434343192,2022-05-08
-0.08,15.69,0.0,1.9889077412924356,2022-05-09
2.99,14.32,2.73,1.6963512823660531,2022-05-10
-0.1,19.41,0.0,2.2198205055438582,2022-05-11
2.8,20.24,0.0,2.2946427549014756,2022-05-12
4.35,11.08,13.2,1.001908925464419,2022-05-13
3.12,17.13,0.0,2.0729077856412936,2022-05-14
3.41,20.63,0.0,2.320501242791271,2022-05-15
4.66,21.75,0.0,2.3975663397343383,2022-05-16
6.7,21.92,2.78,2.123303763885713,2022-05-17
7.47,16.78,1.12,1.7331746149646092,2022-05-18
1.99,12.03,3.31,1.1771623739733663,2022-05-19
1.34,8.31,0.0,0.905544318339856,2022-05-20
-0.57,14.06,0.0,1.848962478264046,2022-05-21
0.85,16.94,0.0,2.076834213411858,2022-05-22
2.08,22.52,0.0,2.4508918532203268,2022-05-23
4.89,24.81,0.0,2.617808708614317,2022-05-24
6.45,24.67,0.0,2.608519018634779,2022-05-25
6.33,24.45,0.0,2.5952941625399344,2022-05-26
6.88,22.12,1.37,2.4158818670571165,2022-05-27
7.93,23.35,0.0,2.5031964190946314,2022-05-28
9.95,20.04,0.0,1.970783861971328,2022-05-29
8.04,17.93,0.0,1.8291199518264127,2022-05-30
4.47,18.72,0.0,2.199896182095576,2022-05-31
2.84,19.95,0.0,2.309986085534325,2022-06-01
4.31,21.74,0.0,2.43824498857872,2022-06-02
2.48,23.29,0.0,2.539931133801503,2022-06-03
4.13,25.36,0.0,2.687960050692783,2022-06-04
6.36,20.66,0.0,2.339658249185921,2022-06-05
5.51,21.15,0.0,2.386434412953812,2022-06-06
7.85,21.35,0.0,2.3627690901670384,2022-06-07
6.96,24.9,1.47,2.661085433404236,2022-06-08
11.16,25.11,0.0,2.6064080557723237,2022-06-09
10.37,26.46,0.3,2.745376943110889,2022-06-10
8.14,24.96,0.0,2.6614902844538113,2022-06-11
8.55,25.59,3.45,2.4609618838730385,2022-06-12
11.28,22.91,2.05,2.0172610381465783,2022-06-13
7.37,19.86,0.0,2.245794726180513,2022-06-14
5.2,18.11,3.78,1.7944040716213316,2022-06-15
11.52,21.43,0.0,2.0957159926435884,2022-06-16
10.69,30.12,0.0,3.0255075333211248,2022-06-17
17.9,32.99,0.0,3.0912971172210826,2022-06-18
16.12,21.57,5.34,0.8466076258016835,2022-06-19
14.65,21.78,1.09,1.5247942690808365,2022-06-20
11.99,23.05,0.99,2.2289641802061753,2022-06-21
10.56,28.45,0.0,2.9154500480466163,2022-06-22
10.39,27.91,4.6,2.5097649875014656,2022-06-23
8.84,19.35,0.84,1.884726957859041,2022-06-24
8.97,21.44,2.57,1.7906151027598056,2022-06-25
8.94,25.28,0.0,2.6741613947042606,2022-06-26
9.96,24.06,0.0,2.477375086633004,2022-06-27
10.05,23.17,1.47,2.339018346469454,2022-06-28
13.03,26.44,0.0,2.5487142835211505,2022-06-29
10.32,23.32,0.0,2.3323344559900283,2022-06-30
8.67,24.53,0.0,2.5873000650767346,2022-07-01
10.0,23.34,4.0,1.9246631164615848,2022-07-02
10.81,24.43,2.19,1.969684460273087,2022-07-03
13.18,18.43,9.02,0.6060732582474164,2022-07-04
12.73,18.96,2.83,0.7550754988733072,2022-07-05
12.75,25.09,0.0,2.2799249166233544,2022-07-06
13.02,24.42,0.72,2.143410165646507,2022-07-07
16.66,31.68,0.0,2.8759001640134496,2022-07-08
16.63,30.05,3.42,2.124358987369985,2022-07-09
14.11,25.81,2.86,1.7492475593263883,2022-07-10
11.16,27.63,0.0,2.6469184360996847,2022-07-11
10.72,30.08,0.0,2.8865367810738634,2022-07-12
15.76,33.37,2.99,2.48543748978254,2022-07-13
15.89,28.16,0.0,2.3161069405787047,2022-07-14
16.01,33.98,0.0,3.0406633319555385,2022-07-15
14.81,35.43,0.0,3.1934490277460825,2022-07-16
15.52,32.0,0.0,2.823751504181266,2022-07-17
14.44,29.41,21.5,2.08272305654095,2022-07-18
14.89,28.59,7.41,1.7569195635169976,2022-07-19
13.33,24.71,0.0,1.7253663455959862,2022-07-20
11.1,28.22,0.0,2.372503258453366,2022-07-21
11.21,25.44,0.0,2.0372354479474493,2022-07-22
9.04,21.65,0.0,1.7270465801394226,2022-07-23
7.81,27.76,0.0,2.4515607315065235,2022-07-24
13.19,20.76,3.23,0.8319080328516109,2022-07-25
10.61,24.37,0.0,1.9157991753666437,2022-07-26
7.97,25.48,0.0,2.194567172240833,2022-07-27
7.91,27.19,0.0,2.345679466598797,2022-07-28
12.53,32.96,0.0,2.6882765151493895,2022-07-29
14.87,26.61,4.58,1.354021502145781,2022-07-30
13.85,27.82,7.61,1.5895765264188677,2022-07-31
15.24,26.39,0.0,1.5622183862352677,2022-08-01
14.01,25.51,0.0,1.5788051877895315,2022-08-02
9.51,25.49,0.0,1.96481906719292,2022-08-03
11.13,35.03,0.0,2.748865488043546,2022-08-04
9.23,20.3,0.0,1.2733743856099295,2022-08-05
4.82,22.61,0.0,1.8703183209993048,2022-08-06
10.89,29.95,0.0,2.2980470662467543,2022-08-07
10.69,33.36,0.0,2.5906448139920633,2022-08-08
10.2,26.07,0.0,1.9006779830757192,2022-08-09
10.06,26.43,0.0,1.9414848074743023,2022-08-10
15.53,24.76,0.0,1.1113940637226725,2022-08-11
11.7,31.25,0.0,2.4173594152703104,2022-08-12
16.04,32.7,0.0,2.2793446612975847,2022-08-13
15.83,31.33,0.0,2.1212799667325135,2022-08-14
12.7,29.92,0.0,2.191230368567461,2022-08-15
13.72,34.17,0.0,2.5606361355524228,2022-08-16
16.1,29.9,0.0,1.8954028700827976,2022-08-17
12.44,29.58,0.0,2.1727310236608286,2022-08-18
10.77,29.46,0.0,2.231832730808607,2022-08-19
13.82,31.66,0.0,2.270762102370397,2022-08-20
12.58,33.99,0.0,2.534570993630744,2022-08-21
16.19,27.91,0.0,1.515665393728519,2022-08-22
14.7,26.74,0.0,1.5257277060630952,2022-08-23
10.88,27.17,0.0,1.9085573113622512,2022-08-24
10.07,28.69,0.0,2.093862609507624,2022-08-25
12.71,29.52,12.53,1.660662159240009,2022-08-26
13.63,30.81,0.0,2.0013463000888305,2022-08-27
12.64,21.54,0.0,0.9325174690667686,2022-08-28
9.14,27.24,0.0,1.8888480469192104,2022-08-29
10.38,31.69,0.0,2.2143688101866177,2022-08-30
13.9,35.35,0.0,2.34894410161245,2022-08-31
14.55,33.13,0.0,2.0797135631120365,2022-09-01
6.43,26.64,0.0,1.8751287878653284,2022-09-02
11.65,36.7,0.0,2.4849403318271364,2022-09-03
15.15,34.27,0.0,2.0906520222248033,2022-09-04
12.33,32.44,0.0,2.0681548945842363,2022-09-05
8.53,24.91,0.0,1.544678547551331,2022-09-06
10.08,35.48,0.0,2.378343688897298,2022-09-07
7.29,20.17,0.0,1.105389424466453,2022-09-08
3.59,17.34,0.0,1.067090603449607,2022-09-09
2.27,23.02,0.0,1.608061137092586,2022-09-10
7.87,31.96,0.0,2.13072815807981,2022-09-11
8.38,24.07,0.0,1.4117291039320785,2022-09-12
9.14,15.46,1.67,0.5571450881694336,2022-09-13
8.07,15.7,2.58,0.597217848419994,2022-09-14
6.85,15.9,0.0,0.752598666277488,2022-09-15
10.01,20.4,0.0,0.9267165476356148,2022-09-16
7.36,22.86,0.0,1.318721391611637,2022-09-17
5.52,22.29,0.0,1.3814870271376305,2022-09-18
8.68,19.81,0.87,0.9518094394095828,2022-09-19
4.72,14.37,0.0,0.7477554593835481,2022-09-20
-0.26,17.08,0.0,1.1648134953585016,2022-09-21
1.31,18.78,0.86,1.2441074422593563,2022-09-22
4.75,18.32,0.0,1.0250203699447598,2022-09-23
6.4,21.49,0.0,1.228137202414946,2022-09-24
2.25,21.64,0.0,1.410439798815356,2022-09-25
5.94,22.96,0.0,1.3578703822176696,2022-09-26
5.5,25.06,0.0,1.5359654921268937,2022-09-27
8.3,30.53,0.0,1.837996683889315,2022-09-28
7.39,31.27,0.0,1.9006103511116752,2022-09-29
9.86,23.98,0.0,1.152622651520121,2022-09-30
7.36,20.1,0.0,0.9860602248936716,2022-10-01
5.3,19.24,0.0,1.018241087501938,2022-10-02
6.35,22.59,0.0,1.3026862879008394,2022-10-03
7.1,25.71,0.0,1.537311837580666,2022-10-04
3.74,12.67,0.0,0.6237251570433696,2022-10-05
-4.19,9.83,0.0,0.7475887932178447,2022-10-06
-3.23,19.77,0.0,1.334975387697267,2022-10-07
2.99,22.62,0.0,1.4107588824572503,2022-10-08
2.9,22.12,0.0,1.3771051524526747,2022-10-09
2.81,25.51,0.0,1.5953488926091843,2022-10-10
4.59,15.56,0.0,0.7609417294079374,2022-10-11
2.65,11.63,0.0,0.5863018958225745,2022-10-12
0.35,14.14,0.0,0.8305018914604911,2022-10-13
-2.18,15.31,0.0,0.9915107565490447,2022-10-14
-2.12,9.67,0.0,0.6414214208683247,2022-10-15
-4.82,8.72,0.0,0.6638837971400309,2022-10-16
-2.3,16.97,0.0,1.209760660035596,2022-10-17
0.18,22.35,0.0,1.5927218216886592,2022-10-18
2.11,21.37,0.0,1.4857866838780125,2022-10-19
2.86,16.16,0.0,1.0142167146985668,2022-10-20
0.97,11.34,0.0,0.6567393145252053,2022-10-21
-3.07,11.33,4.91,0.7090102771115715,2022-10-22
-0.62,3.6,13.62,0.214397786982416,2022-10-23
-2.49,0.74,0.0,0.1617928672188344,2022-10-24
-3.12,2.97,0.0,0.2987302375357143,2022-10-25
-4.25,5.38,0.0,0.4581525964624577,2022-10-26
-0.41,8.83,0.0,0.507700123864638,2022-10-27
0.42,9.72,0.0,0.5251044395550035,2022-10-28
-1.41,12.18,0.0,0.7225315825525856,2022-10-29
-0.89,13.74,0.0,0.8663358989736787,2022-10-30
-0.86,8.77,0.0,0.5153534875775919,2022-10-31
-0.16,9.85,0.0,0.5476056701246,2022-11-01
-2.48,1.74,0.0,0.2074286386057004,2022-11-02
-7.79,-1.66,0.0,0.2416606105693525,2022-11-03
-8.43,4.84,2.2,0.5065861677637628,2022-11-04
-4.85,5.01,12.24,0.4325849728204606,2022-11-05
-11.53,-5.2,0.0,0.2106402805136934,2022-11-06
-13.47,-6.03,4.17,0.2135754745237369,2022-11-07
-17.23,-6.17,0.0,0.2807299598644545,2022-11-08
-22.4,-15.05,0.0,0.1305122857179657,2022-11-09
-22.8,-14.39,0.0,0.1469352834583992,2022-11-10
-21.61,-11.05,0.0,0.2030759891246089,2022-11-11
-21.06,-10.2,1.26,0.2160676861296911,2022-11-12
-14.42,-6.46,0.0,0.228044156204712,2022-11-13
-12.57,-5.74,1.01,0.2134592985676879,2022-11-14
-12.35,-3.87,0.0,0.271135279759305,2022-11-15
-11.0,-2.39,0.0,0.295191141234624,2022-11-16
-16.46,-10.01,0.0,0.1618686466215446,2022-11-17
-16.4,-6.93,0.0,0.2443958859438507,2022-11-18
-11.86,-3.94,0.0,0.2587213628977406,2022-11-19
-11.98,0.7,0.0,0.4154386642428443,2022-11-20
-12.03,1.69,1.19,0.4478904765763872,2022-11-21
-6.0,2.68,0.0,0.3704676918713782,2022-11-22
-4.68,2.5,0.0,0.3216268126848088,2022-11-23
-6.58,3.81,0.0,0.4279771115116864,2022-11-24
-0.34,7.08,0.0,0.3908816971429986,2022-11-25
-2.87,2.91,0.0,0.2747639181961619,2022-11-26
-3.91,3.38,1.1,0.3323036939740843,2022-11-27
-10.8,-4.16,2.35,0.2097376628416564,2022-11-28
-16.62,-10.24,0.0,0.153182413659076,2022-11-29
-20.89,-13.9,1.15,0.1294675765896145,2022-11-30
-21.98,-13.17,0.82,0.1545433104740725,2022-12-01
-27.83,-20.58,0.0,0.1,2022-12-02
-23.35,-11.6,0.0,0.1925974648399939,2022-12-03
-14.54,-3.09,0.0,0.3146875571482758,2022-12-04
-23.49,-12.51,0.58,0.1762941621553408,2022-12-05
-32.64,-20.74,0.0,0.1006179103165377,2022-12-06
-34.86,-8.98,0.0,0.228986016082753,2022-12-07
-16.07,-5.02,0.0,0.2752491462703293,2022-12-08
-11.32,-1.9,0.0,0.2982058103793241,2022-12-09
-16.44,-6.21,0.0,0.2473075159518346,2022-12-10
-10.58,-4.47,2.57,0.1888271725804913,2022-12-11
-11.87,-6.57,3.63,0.1521422774606048,2022-12-12
-14.76,-11.38,0.0,0.1,2022-12-13
-16.71,-8.42,0.3,0.1941627037020473,2022-12-14
-16.31,-10.28,0.0,0.1413665705451965,2022-12-15
-20.55,-13.43,0.58,0.1304568501418766,2022-12-16
-20.38,-14.65,1.02,0.104200254823095,2022-12-17
-25.8,-19.58,1.09,0.1,2022-12-18
-30.65,-22.85,2.17,0.1,2022-12-19
-35.07,-29.0,1.93,0.1,2022-12-20
-32.25,-28.09,0.73,0.1,2022-12-21
-31.53,-25.3,0.0,0.1,2022-12-22
-34.63,-20.98,0.0,0.1006334977778668,2022-12-23
-23.55,-12.14,2.01,0.1745934800963897,2022-12-24
-16.33,-7.23,0.0,0.2203834079500198,2022-12-25
-15.28,2.03,0.0,0.4644138717385248,2022-12-26
-9.87,-0.38,8.1,0.3107461116893287,2022-12-27
-15.56,-8.0,2.27,0.1811993764311111,2022-12-28
-14.48,-9.99,0.0,0.1160842786189313,2022-12-29
-16.33,-8.04,0.0,0.2000351148115074,2022-12-30
-17.42,-9.57,0.0,0.1773556057736945,2022-12-31
-18.24,-6.68,0.0,0.2528852450789691,2023-01-01
-14.63,-4.7,0.0,0.2638573149644654,2023-01-02
-15.22,-6.12,0.0,0.233512435967258,2023-01-03
-17.55,-9.21,0.0,0.1866523976477966,2023-01-04
-17.24,-10.43,0.0,0.1534480853151353,2023-01-05
-16.97,-5.49,0.0,0.2721526570411075,2023-01-06
-12.02,-3.01,0.0,0.2764231119030321,2023-01-07
-13.93,-4.51,0.0,0.2622312724945012,2023-01-08
-13.19,-3.28,0.0,0.2877940592471099,2023-01-09
-15.33,-9.29,0.0,0.1526485881556888,2023-01-10
-15.3,-9.71,0.0,0.1415266608387592,2023-01-11
-13.79,-6.55,0.0,0.2030318345102929,2023-01-12
-11.42,-1.4,0.0,0.3225127085415405,2023-01-13
-11.08,-3.21,0.0,0.2568610073696708,2023-01-14
-9.35,-6.55,0.0,0.1,2023-01-15
-9.46,-6.96,0.0,0.1,2023-01-16
-10.1,-7.1,0.0,0.1008591866069483,2023-01-17
-7.78,-2.94,0.0,0.1859494002546741,2023-01-18
-9.76,-4.15,0.0,0.197191719466647,2023-01-19
-14.11,-4.42,0.0,0.2777336473662722,2023-01-20
-12.48,-1.36,0.0,0.3573856421869819,2023-01-21
-7.55,1.22,0.0,0.3684265324419134,2023-01-22
-12.14,-1.28,0.0,0.3657919617430292,2023-01-23
-11.12,-2.21,0.0,0.3027490978106605,2023-01-24
-7.77,-1.45,1.03,0.2581999796322896,2023-01-25
-8.21,3.59,0.82,0.5974301043664132,2023-01-26
-19.31,-3.95,0.0,0.3773854886653637,2023-01-27
-23.89,-18.2,0.0,0.1,2023-01-28
-25.28,-19.01,0.0,0.1,2023-01-29
-26.05,-18.15,0.0,0.1143190882253207,2023-01-30
-23.16,-12.89,0.0,0.1854860291852965,2023-01-31
-23.21,-11.36,0.0,0.2163303253969214,2023-02-01
-26.97,-17.56,0.0,0.131598674710873,2023-02-02
-19.14,-1.85,0.0,0.4780108361854199,2023-02-03
-7.27,0.04,0.0,0.4080259604722939,2023-02-04
-10.87,2.01,0.0,0.6364695259574664,2023-02-05
-4.96,1.15,0.0,0.3861636355406435,2023-02-06
-4.62,2.99,0.0,0.561011411896234,2023-02-07
-9.28,-0.42,3.24,0.390211615969893,2023-02-08
-13.72,-2.23,0.0,0.4904159483537798,2023-02-09
-9.29,4.7,0.0,0.8132148525924675,2023-02-10
-6.61,1.3,0.0,0.5437993308128553,2023-02-11
-7.39,1.44,0.0,0.6006647640560671,2023-02-12
-3.92,3.53,0.0,0.6339760964216171,2023-02-13
-17.22,-3.63,0.0,0.4818991067787867,2023-02-14
-17.34,-9.87,0.0,0.2147892596696818,2023-02-15
-19.94,-2.29,0.0,0.5315113541095787,2023-02-16
-9.25,-0.21,0.0,0.5603524476591198,2023-02-17
-12.71,-3.99,0.0,0.4170859758489364,2023-02-18
-12.52,-5.46,1.33,0.3193727108155912,2023-02-19
-20.73,-9.54,0.0,0.3071754489168212,2023-02-20
-27.1,-17.19,0.0,0.1518018166933832,2023-02-21
-30.74,-25.25,0.0,0.1,2023-02-22
-28.33,-21.97,0.0,0.1,2023-02-23
-31.1,-19.47,0.0,0.1385023669052371,2023-02-24
-27.83,-12.26,0.0,0.2697673952082924,2023-02-25
-18.64,-1.89,0.0,0.6172220371156881,2023-02-26
-15.39,-5.15,0.0,0.4735303613898334,2023-02-27
-20.1,-10.72,0.0,0.2856446097414167,2023-02-28
-19.54,-6.32,0.0,0.4634561571351314,2023-03-01
-12.18,1.22,0.0,0.8125570482763969,2023-03-02
-10.28,-0.65,0.0,0.6810286744852063,2023-03-03
-14.88,-5.0,0.0,0.5026350909124185,2023-03-04
-20.76,-10.04,0.0,0.3463606876524202,2023-03-05
-25.59,-13.48,0.0,0.264812625017451,2023-03-06
-17.37,-12.87,0.0,0.1355839533428388,2023-03-07
-18.77,-13.38,0.8,0.1519004667295081,2023-03-08
-18.75,-10.29,0.0,0.3246794312506612,2023-03-09
-14.0,-6.51,4.0,0.3315964368293855,2023-03-10
-12.73,-6.54,4.27,0.2844672672956516,2023-03-11
-19.56,-9.31,0.0,0.4089460563454275,2023-03-12
-18.18,-3.65,0.0,0.6552277171056136,2023-03-13
-11.85,1.69,0.6,0.9587598967892988,2023-03-14
-14.48,-4.15,1.42,0.6349296972647922,2023-03-15
-14.78,-5.86,0.0,0.5409504711995677,2023-03-16
-21.21,-9.03,0.0,0.4506732863227,2023-03-17
-20.2,-0.4,0.0,0.7789640895974904,2023-03-18
-15.22,-3.64,0.0,0.6965962106299464,2023-03-19
-14.02,-6.25,0.0,0.5102279916882309,2023-03-20
-16.08,-7.06,0.0,0.5158203609900532,2023-03-21
-16.06,-6.95,0.0,0.5297417644901778,2023-03-22
-15.69,2.43,0.0,0.968431370638043,2023-03-23
-14.62,-3.66,0.0,0.7173317714738925,2023-03-24
-18.78,-4.37,0.0,0.6823819926896609,2023-03-25
-15.26,-6.13,0.0,0.5760556700227584,2023-03-26
-19.94,-8.9,0.0,0.4908572689467551,2023-03-27
-21.9,-6.31,0.0,0.598116352385651,2023-03-28
-18.48,-1.16,0.0,0.8228920494290337,2023-03-29
-13.58,-1.89,0.0,0.853672434408975,2023-03-30
-15.12,0.68,0.0,0.9435973352239384,2023-03-31
-8.43,3.71,0.0,1.1460339622097742,2023-04-01
-8.44,-2.46,2.77,0.5075885111760358,2023-04-02
-13.79,-7.93,1.94,0.4139239889902921,2023-04-03
-19.24,-7.27,0.0,0.5820689827525659,2023-04-04
-22.58,-6.91,0.0,0.5876863433854134,2023-04-05
-21.35,-4.19,0.0,0.7024133633882964,2023-04-06
-13.28,1.43,0.0,1.0198790178054522,2023-04-07
-4.46,5.97,0.0,1.290626337812164,2023-04-08
0.77,8.4,0.0,1.3850766788076192,2023-04-09
2.4,9.74,0.0,1.451106069559344,2023-04-10
0.61,12.01,0.0,1.6661952062129732,2023-04-11
0.14,8.7,0.0,1.435623518640195,2023-04-12
-1.51,6.51,1.15,1.3108686514700578,2023-04-13
-0.94,8.53,3.23,1.3321098324671432,2023-04-14
-2.04,12.25,0.0,1.7156545583536242,2023-04-15
-1.04,15.11,0.0,1.8985950250643795,2023-04-16
2.92,16.59,0.0,1.9488412401562407,2023-04-17
0.47,6.7,2.91,0.8311584827870852,2023-04-18
-3.92,0.58,5.53,0.3513072458630782,2023-04-19
-4.63,-1.51,0.28,0.2231808102147433,2023-04-20
-5.16,1.64,0.0,0.7467760162353185,2023-04-21
-4.8,6.13,0.0,1.2703179441506425,2023-04-22
-5.23,8.68,0.0,1.48635159013478,2023-04-23
-1.89,10.28,0.0,1.5971882337730534,2023-04-24
1.76,16.54,1.84,2.0046982834838083,2023-04-25
2.26,15.33,0.0,1.9276756290119064,2023-04-26
2.11,10.55,0.0,1.49126567635755,2023-04-27
-1.0,19.13,0.0,2.140181985352565,2023-04-28
-0.93,16.18,0.0,1.9824136963722343,2023-04-29
-2.36,16.14,0.0,1.963675145468078,2023-04-30
-0.75,19.87,0.0,2.196597431974847,2023-05-01
2.03,25.93,0.0,2.5732300318869306,2023-05-02
4.66,27.27,0.0,2.6915835610514716,2023-05-03
5.83,27.13,0.0,2.7010232741703306,2023-05-04
4.43,20.32,0.0,2.2696077093824587,2023-05-05
3.98,17.66,0.0,2.088299329587859,2023-05-06
7.27,18.52,0.0,2.106470345816242,2023-05-07
6.86,19.4,0.0,2.193234638174586,2023-05-08
3.55,21.11,0.0,2.3394905944360276,2023-05-09
7.35,21.27,0.0,2.3285231563169253,2023-05-10
6.01,20.84,0.0,2.314097827126445,2023-05-11
8.6,17.32,0.0,1.945728954501101,2023-05-12
5.37,23.89,0.0,2.5339236716230698,2023-05-13
5.22,25.62,0.0,2.6432967051258665,2023-05-14
9.02,27.32,0.0,2.760817040063969,2023-05-15
9.3,30.74,0.0,2.988446322273066,2023-05-16
6.48,18.28,0.0,2.093233358024055,2023-05-17
3.42,15.85,0.0,1.9521863219679727,2023-05-18
0.8,25.57,0.44,2.593040537906562,2023-05-19
10.84,25.74,0.0,2.598829311362413,2023-05-20
6.6,25.21,0.0,2.6095838234943036,2023-05-21
11.25,31.06,2.54,2.740666107498515,2023-05-22
12.11,25.99,0.0,2.5772313411954344,2023-05-23
11.03,24.33,9.2,2.276763821274125,2023-05-24
12.63,17.03,2.36,0.5581586490823235,2023-05-25
10.31,19.27,0.0,1.7948273050297157,2023-05-26
7.77,17.45,5.56,1.4189279919136149,2023-05-27
12.86,21.26,0.0,1.746842201991654,2023-05-28
10.06,26.59,0.0,2.718570756940173,2023-05-29
11.16,29.13,3.34,2.6279481931538378,2023-05-30
11.51,30.85,0.0,3.0294898343906542,2023-05-31
13.75,27.07,5.66,2.2181805594122244,2023-06-01
12.89,22.74,0.0,1.98817876893512,2023-06-02
16.32,27.04,2.2,1.894351136119635,2023-06-03
15.03,30.87,0.0,3.0103528979157916,2023-06-04
17.07,32.83,0.0,3.1150138712263526,2023-06-05
16.17,29.28,0.0,2.759520410897641,2023-06-06
13.63,29.67,0.0,2.945721976131685,2023-06-07
13.71,29.72,0.0,2.9518594107676295,2023-06-08
12.07,26.01,0.0,2.675697937946606,2023-06-09
9.84,24.24,0.0,2.583675683438258,2023-06-10
9.71,28.02,0.0,2.8802787961594225,2023-06-11
12.06,30.38,0.0,3.0318309593314225,2023-06-12
11.99,31.27,0.0,3.0998614374935007,2023-06-13
12.68,29.68,3.16,2.7092426931709896,2023-06-14
9.75,18.6,0.0,1.7589539991068557,2023-06-15
7.27,25.02,0.0,2.6893762212968095,2023-06-16
11.41,21.43,0.0,2.084666457050405,2023-06-17
8.0,24.63,22.37,2.343442960876668,2023-06-18
9.88,23.07,0.0,2.238124372696951,2023-06-19
9.58,22.87,0.0,2.2451127328649596,2023-06-20
7.98,20.81,0.0,2.0909661767096295,2023-06-21
8.78,24.07,0.0,2.463209455517203,2023-06-22
8.46,26.2,0.0,2.7002044771543745,2023-06-23
9.14,26.45,0.0,2.6839223016761693,2023-06-24
10.83,29.36,0.0,2.9126784963310666,2023-06-25
11.88,26.86,0.0,2.564527076375094,2023-06-26
11.19,29.01,0.0,2.8389993602650865,2023-06-27
11.45,25.8,0.0,2.434231630486576,2023-06-28
9.64,27.81,0.0,2.7678853699313186,2023-06-29
13.48,30.63,0.0,2.9156469487136976,2023-06-30
14.15,33.17,0.0,3.1460526592089413,2023-07-01
11.83,23.5,0.0,2.056912175907048,2023-07-02
9.63,22.68,0.0,2.1586663694269683,2023-07-03
7.89,18.96,0.0,1.7506735059694047,2023-07-04
6.35,24.13,0.0,2.5107637782564662,2023-07-05
8.81,27.24,0.0,2.7476552394528495,2023-07-06
7.78,25.32,0.0,2.5748063678364317,2023-07-07
9.21,28.17,0.0,2.815334312772345,2023-07-08
11.47,30.69,0.0,2.9886610754870526,2023-07-09
10.17,23.76,0.0,2.224985876930916,2023-07-10
8.68,21.89,0.0,2.0819298254456906,2023-07-11
10.54,24.47,0.0,2.3051703599442734,2023-07-12
12.1,26.5,0.0,2.488728320871525,2023-07-13
10.49,22.56,0.0,2.0896441251629447,2023-07-14
8.67,24.46,0.0,2.4621391819409486,2023-07-15
8.04,23.48,0.0,2.3739393270652225,2023-07-16
8.44,26.77,8.86,2.257780241257248,2023-07-17
11.62,21.36,3.44,1.2685980919286746,2023-07-18
12.84,24.08,0.0,1.9947483447042405,2023-07-19
10.28,27.83,0.0,2.697746075946686,2023-07-20
11.05,29.68,0.0,2.8454971951663435,2023-07-21
11.44,29.87,0.0,2.838399560613209,2023-07-22
14.29,31.25,0.0,2.8516993699483693,2023-07-23
15.91,35.73,0.0,3.236506011754404,2023-07-24
18.11,34.41,0.0,2.9907361359448963,2023-07-25
11.92,27.5,0.0,2.5358511678278335,2023-07-26
8.69,23.03,0.0,2.1702782343291727,2023-07-27
7.77,21.68,0.0,2.048142397210997,2023-07-28
5.52,24.7,0.0,2.4606602028104954,2023-07-29
9.63,30.35,0.0,2.8801322233951674,2023-07-30
15.41,33.45,0.0,2.982533589245349,2023-07-31
13.05,33.35,0.0,3.039899385463218,2023-08-01
13.16,31.59,0.0,2.8462109486278884,2023-08-02
13.8,37.07,0.0,3.2910715779917785,2023-08-03
14.48,28.13,0.0,2.2861062281592517,2023-08-04
10.14,27.6,0.0,2.511492766735326,2023-08-05
9.39,27.21,0.0,2.4894541428635293,2023-08-06
9.19,29.0,0.0,2.660510311751511,2023-08-07
10.21,25.04,0.0,2.1783345003205623,2023-08-08
11.26,19.65,10.07,0.9071801650609326,2023-08-09
12.29,25.04,6.93,1.499902761571911,2023-08-10
11.96,22.65,0.0,1.4669461233699117,2023-08-11
9.53,23.45,4.47,1.474295090247653,2023-08-12
9.82,25.88,0.0,2.0512848751148125,2023-08-13
12.46,33.54,0.0,2.6834033729113815,2023-08-14
14.47,30.43,0.0,2.229432224389593,2023-08-15
11.71,23.68,0.0,1.565512245009517,2023-08-16
8.47,31.68,0.0,2.5900063559409685,2023-08-17
14.49,26.98,0.0,1.7031513070519244,2023-08-18
8.49,20.75,0.0,1.4314096546906243,2023-08-19
5.21,21.85,1.15,1.7808414962770227,2023-08-20
11.94,18.3,25.33,0.6076636774171803,2023-08-21
13.4,19.68,20.67,0.6196626848966861,2023-08-22
13.98,25.0,0.0,1.245151768808228,2023-08-23
10.67,24.14,0.0,1.4863236298420728,2023-08-24
9.65,20.98,0.0,1.168401317073202,2023-08-25
9.57,30.07,0.0,2.1697835246665824,2023-08-26
11.67,28.48,0.0,1.893489622675556,2023-08-27
10.75,30.36,0.0,2.113428170483881,2023-08-28
12.13,32.02,0.0,2.201821508649919,2023-08-29
14.77,29.0,0.0,1.685481664523897,2023-08-30
12.51,22.48,2.28,0.937712117052622,2023-08-31
13.54,28.09,0.0,1.6995595870554858,2023-09-01
13.17,29.9,0.0,1.938037756516211,2023-09-02
8.37,32.38,0.0,2.318875674181911,2023-09-03
9.98,20.76,0.0,1.0773977826624364,2023-09-04
2.77,17.3,0.0,1.2380765031706809,2023-09-05
8.25,24.87,0.0,1.6709101973501317,2023-09-06
7.98,21.62,0.0,1.3382466237427388,2023-09-07
3.59,22.93,0.0,1.656213240997841,2023-09-08
7.3,23.9,0.0,1.572408208183999,2023-09-09
5.66,24.96,0.0,1.7150892587584528,2023-09-10
6.12,22.8,0.0,1.4906779050799583,2023-09-11
7.86,28.49,0.0,1.888905144881316,2023-09-12
11.65,22.72,0.67,1.0605248968780834,2023-09-13
7.72,20.8,0.0,1.1663968485171754,2023-09-14
4.8,22.23,0.0,1.4614469702033854,2023-09-15
6.23,29.95,0.0,1.9960834166813184,2023-09-16
7.5,31.53,0.0,2.180657126348725,2023-09-17
9.69,27.03,0.0,1.7231808257425567,2023-09-18
5.86,18.44,0.9,1.0730985672717277,2023-09-19
4.65,21.02,0.0,1.3760438371392656,2023-09-20
3.4,22.14,0.0,1.497845487453117,2023-09-21
4.86,22.62,0.0,1.462759567260499,2023-09-22
11.17,19.56,0.0,0.7458019366859395,2023-09-23
10.51,23.74,0.0,1.1957264299678796,2023-09-24
7.01,26.58,0.0,1.6660943048020238,2023-09-25
11.94,29.39,0.0,1.651423749524379,2023-09-26
9.64,23.76,0.66,1.23020778946799,2023-09-27
5.84,19.88,0.0,1.0864817992310674,2023-09-28
2.53,18.89,0.0,1.1603886643324532,2023-09-29
2.5,10.97,13.41,0.5341562541466824,2023-09-30
7.45,10.31,2.94,0.212812508977432,2023-10-01
7.17,15.01,0.83,0.6125269993520377,2023-10-02
5.26,15.62,0.0,0.7688828470035037,2023-10-03
3.13,14.61,1.18,0.7959661841867115,2023-10-04
-0.71,8.76,0.0,0.576906032233678,2023-10-05
-4.19,11.13,0.0,0.8222209675644079,2023-10-06
4.45,21.46,0.0,1.1820820342112888,2023-10-07
2.85,23.04,0.0,1.317866842614302,2023-10-08
3.9,22.21,0.0,1.2325476837995677,2023-10-09
3.23,21.33,0.0,1.1929794635726965,2023-10-10
4.16,16.74,0.0,0.8638858505074796,2023-10-11
1.43,11.1,0.0,0.6123254939032821,2023-10-12
-2.55,12.33,0.0,0.817738153048098,2023-10-13
-0.23,12.72,0.0,0.7670534221378886,2023-10-14
-0.62,15.82,0.0,0.9516480667397208,2023-10-15
1.78,19.45,0.0,1.090688215923167,2023-10-16
7.2,20.87,0.0,0.9878264954089824,2023-10-17
3.97,15.5,0.0,0.7694044319912569,2023-10-18
4.19,22.0,0.0,1.1576948337682504,2023-10-19
4.28,15.23,0.0,0.7303571625800149,2023-10-20
-2.5,11.7,0.0,0.7553276106090189,2023-10-21
2.63,11.16,0.0,0.5399678725294247,2023-10-22
-3.41,3.14,4.53,0.3085852245656617,2023-10-23
-11.04,-3.75,0.0,0.2587932339207353,2023-10-24
-14.84,-5.64,0.0,0.2713917308121616,2023-10-25
-13.18,-5.22,0.0,0.2536504610489002,2023-10-26
-8.68,-3.61,0.65,0.2039335769923509,2023-10-27
-9.68,-3.18,0.59,0.2512635048646112,2023-10-28
-8.54,-0.73,0.0,0.3221026378711469,2023-10-29
-14.11,-4.41,0.0,0.3029393724129031,2023-10-30
-14.2,1.98,0.0,0.5148690560690519,2023-10-31
-8.96,-0.15,0.0,0.3486553214102731,2023-11-01
-6.86,3.59,0.0,0.4556953211546177,2023-11-02
-6.17,1.24,0.0,0.3279570114336445,2023-11-03
-5.29,3.8,0.95,0.4184709081963387,2023-11-04
-0.35,3.48,1.45,0.2066617284320465,2023-11-05
0.79,3.56,0.44,0.1570392581261886,2023-11-06
-0.14,3.01,6.4,0.1627942378224289,2023-11-07
-1.12,3.89,0.0,0.2651117619566042,2023-11-08
-5.69,0.39,0.0,0.2676772200593227,2023-11-09
-8.17,2.48,0.0,0.4228841180721346,2023-11-10
-3.67,8.02,0.0,0.5570532814865811,2023-11-11
-2.46,8.73,0.0,0.557031334287171,2023-11-12
-3.46,9.18,0.0,0.6013977176071447,2023-11-13
-1.9,8.13,0.0,0.5067189268517088,2023-11-14
-4.65,6.92,0.0,0.5235200725974658,2023-11-15
-8.95,3.19,0.0,0.4559693174454107,2023-11-16
-2.64,11.23,0.0,0.6683925840860026,2023-11-17
-2.91,13.73,0.0,0.7869573161541387,2023-11-18
-1.29,11.87,0.0,0.6621647254941497,2023-11-19
-3.82,5.85,0.0,0.4450616268355316,2023-11-20
-9.2,8.51,0.0,0.6496590632594859,2023-11-21
-8.89,0.95,0.0,0.3601961356652408,2023-11-22
-16.7,-6.53,0.0,0.2476476988177262,2023-11-23
-13.22,0.23,0.0,0.4002749297260007,2023-11-24
-8.42,1.37,0.0,0.3614937600007253,2023-11-25
-14.44,-4.39,0.0,0.2736005191354342,2023-11-26
-8.0,1.11,0.0,0.339453050995826,2023-11-27
-4.31,5.53,0.0,0.4288317852374813,2023-11-28
-5.8,3.33,0.0,0.372637839249081,2023-11-29
-9.7,-1.18,0.0,0.2902445152331608,2023-11-30
-14.34,0.06,0.0,0.3989673098229518,2023-12-01
-11.1,1.49,0.0,0.4054185091400432,2023-12-02
-13.26,1.17,0.0,0.4206098726774152,2023-12-03
-7.84,0.52,0.0,0.3065789980465927,2023-12-04
-8.98,8.72,0.0,0.6338323111705583,2023-12-05
-3.03,7.95,0.0,0.4919329078423295,2023-12-06
-0.6,3.22,0.22,0.1839817040334837,2023-12-07
-6.65,0.56,0.0,0.2738814016253121,2023-12-08
-9.49,-0.6,0.0,0.2980215249211104,2023-12-09
-7.77,1.73,0.0,0.3458671066826302,2023-12-10
-11.55,-1.05,0.0,0.3210695037347166,2023-12-11
-13.9,1.76,0.0,0.4388111883192028,2023-12-12
-6.58,8.94,0.0,0.6040816715013959,2023-12-13
-4.53,6.56,0.0,0.4639595934857784,2023-12-14
-5.38,4.07,0.0,0.3796932686027715,2023-12-15
-3.43,4.4,0.0,0.3390544062640362,2023-12-16
-10.38,1.66,0.0,0.3913243137137537,2023-12-17
-11.2,3.22,0.0,0.455956000731661,2023-12-18
-2.92,-0.13,0.0,0.1214950715807723,2023-12-19
-4.36,6.8,0.0,0.4708797398861487,2023-12-20
-6.27,4.07,0.0,0.4028011401200535,2023-12-21
-5.7,10.4,0.0,0.6488383097922951,2023-12-22
-5.58,3.07,0.0,0.3447332580926896,2023-12-23
-12.15,0.46,0.0,0.3781952491888178,2023-12-24
-10.82,4.85,0.0,0.5082163337327565,2023-12-25
-10.28,7.09,0.0,0.5811012436691237,2023-12-26
-8.23,5.65,0.0,0.5016629693534677,2023-12-27
-8.89,9.6,0.0,0.659470472691113,2023-12-28
-8.31,4.37,0.0,0.4547664503854132,2023-12-29
-13.45,0.23,0.0,0.3866145975402048,2023-12-30
-10.2,3.99,0.0,0.470656150362406,2023-12-31
