MinTemp,MaxTemp,Precipitation,ReferenceET,Date
-31.67,-13.69,0.0,0.1763893607705721,2018-01-01
-21.86,-4.77,0.0,0.3177295567660801,2018-01-02
-14.28,-2.06,0.0,0.3340170181870203,2018-01-03
-13.96,-5.35,0.0,0.232507910653263,2018-01-04
-13.67,-5.81,0.0,0.2147484170005752,2018-01-05
-11.11,2.27,0.0,0.4339305308796665,2018-01-06
-7.89,1.97,0.0,0.3655234314938457,2018-01-07
-9.59,-1.48,0.0,0.2748920520476455,2018-01-08
-10.26,1.32,0.0,0.3889647421963019,2018-01-09
-23.6,-15.11,0.44,0.1294436246877823,2018-01-10
-28.89,-21.7,0.0,0.1,2018-01-11
-31.32,-20.21,0.0,0.1024066457774323,2018-01-12
-27.36,-7.59,0.0,0.2733916555538166,2018-01-13
-22.44,-9.0,0.0,0.2376466010850624,2018-01-14
-29.27,-15.5,0.0,0.1549572579111998,2018-01-15
-21.28,-0.4,0.0,0.4280632957195,2018-01-16
-9.38,3.83,0.0,0.4765916203941905,2018-01-17
-7.03,7.76,0.0,0.6289231874035304,2018-01-18
-4.95,4.55,0.0,0.412543678163731,2018-01-19
-8.34,1.6,0.0,0.3742543678072941,2018-01-20
-12.08,-0.03,0.0,0.3852862824902938,2018-01-21
-11.06,4.54,0.0,0.5593857266946974,2018-01-22
-10.95,0.7,0.0,0.3960671130423709,2018-01-23
-10.78,-1.39,0.0,0.318844186182987,2018-01-24
-8.92,0.53,0.0,0.3521515471887076,2018-01-25
-12.29,-5.65,0.51,0.2058367593002951,2018-01-26
-19.21,-13.14,0.0,0.1256240320340375,2018-01-27
-21.52,-13.44,0.38,0.1492494923713253,2018-01-28
-22.37,-2.27,0.0,0.4004043706162053,2018-01-29
-12.18,4.14,0.0,0.6007865004924461,2018-01-30
-22.66,-13.33,0.0,0.1658013265691583,2018-01-31
-26.18,-14.53,0.0,0.1694976549957694,2018-02-01
-21.65,-16.62,3.96,0.1,2018-02-02
-27.53,-19.97,1.33,0.1,2018-02-03
-29.13,-16.35,0.0,0.1559562902091239,2018-02-04
-26.8,-15.63,0.0,0.1584037216308608,2018-02-05
-28.55,-17.18,0.0,0.1435014585725718,2018-02-06
-27.56,-13.34,0.0,0.1998317908447915,2018-02-07
-26.85,-17.04,0.0,0.1379838648715549,2018-02-08
-28.97,-16.38,0.0,0.1586859763223495,2018-02-09
-21.36,-9.85,0.0,0.2463421710786167,2018-02-10
-27.69,-15.36,0.0,0.1713133580493496,2018-02-11
-32.68,-12.83,0.0,0.2139156829538392,2018-02-12
-19.31,1.92,0.0,0.6561151848752257,2018-02-13
-13.37,1.15,1.59,0.6530740639816744,2018-02-14
-26.61,-12.92,0.0,0.2128391512571393,2018-02-15
-20.99,-3.89,0.0,0.4607193831417906,2018-02-16
-18.85,-10.17,0.0,0.2193912904377246,2018-02-17
-22.79,-12.48,0.0,0.2064786463240119,2018-02-18
-27.85,-13.4,0.0,0.2212037559562493,2018-02-19
-23.7,-11.72,0.0,0.2461923911686923,2018-02-20
-29.01,-9.97,0.0,0.3000850728703438,2018-02-21
-24.98,-8.87,0.0,0.3391997423679987,2018-02-22
-19.83,-6.79,0.0,0.397643170054845,2018-02-23
-16.31,-1.81,0.0,0.5964876882857139,2018-02-24
-16.61,-1.09,0.0,0.6330991570944796,2018-02-25
-14.68,-4.07,0.0,0.4685433939557993,2018-02-26
-14.61,-1.21,0.0,0.6311968838754692,2018-02-27
-13.53,0.79,0.0,0.7423778063573278,2018-02-28
-18.02,-1.48,0.0,0.6396610424656846,2018-03-01
-12.76,-3.82,0.0,0.4612636526329077,2018-03-02
-7.71,-4.0,4.1,0.1577648097536366,2018-03-03
-10.42,-4.92,8.0,0.208380008455961,2018-03-04
-13.87,-8.71,0.86,0.1786968390108555,2018-03-05
-17.41,-7.67,0.0,0.3282367811991705,2018-03-06
-23.54,-5.77,0.0,0.4518739758969228,2018-03-07
-24.13,-7.95,0.0,0.3866070405598805,2018-03-08
-12.83,-0.48,0.0,0.6574632014728468,2018-03-09
-11.79,-1.63,0.0,0.5654475561174811,2018-03-10
-14.01,2.43,0.0,0.8420565705808302,2018-03-11
-16.24,-0.5,0.0,0.6995157999228794,2018-03-12
-16.11,2.41,0.0,0.8405779850495586,2018-03-13
-15.87,-0.73,0.0,0.7014533500225786,2018-03-14
-10.59,-2.82,0.0,0.4633653250215276,2018-03-15
-7.05,2.13,0.0,0.7591393333264572,2018-03-16
-5.0,0.89,2.2,0.3583124737379071,2018-03-17
-5.46,1.44,0.36,0.5947677461586318,2018-03-18
-8.05,0.15,0.0,0.6314510600308472,2018-03-19
-8.33,2.12,0.0,0.8338669939759707,2018-03-20
-10.5,2.82,0.0,0.9388951719372446,2018-03-21
-8.52,1.07,0.0,0.7706534228067433,2018-03-22
-4.86,0.66,4.44,0.3598796027513554,2018-03-23
-9.11,2.98,0.0,0.9581732895326998,2018-03-24
-6.02,1.9,0.0,0.7735221455949557,2018-03-25
-7.4,4.67,0.0,1.1018438370145185,2018-03-26
-9.07,5.34,0.0,1.1700400835940874,2018-03-27
-12.14,-1.85,0.71,0.7153390896819767,2018-03-28
-18.69,-5.68,0.78,0.5690472717495398,2018-03-29
-22.56,-12.62,0.0,0.3049065451778791,2018-03-30
-21.95,-9.78,0.0,0.4244249426564082,2018-03-31
-18.41,-5.19,0.0,0.6178344001850357,2018-04-01
-19.74,-5.36,0.0,0.6099944893774195,2018-04-02
-15.89,-3.22,0.0,0.7131948487728683,2018-04-03
-17.69,-2.2,0.0,0.7651562609343351,2018-04-04
-17.8,-7.8,0.0,0.4758934097497604,2018-04-05
-22.54,-9.22,0.0,0.4613422488322721,2018-04-06
-20.58,-4.77,0.0,0.6504661863633744,2018-04-07
-11.81,-2.69,0.0,0.704534281359088,2018-04-08
-7.12,1.32,0.0,0.9045238168219192,2018-04-09
-9.54,7.24,0.0,1.353938897837392,2018-04-10
-2.74,2.52,1.02,0.7331133349000771,2018-04-11
-4.07,-0.15,0.0,0.4496956674337681,2018-04-12
-3.95,1.08,0.0,0.6762982952353941,2018-04-13
-3.57,7.1,0.0,1.4190760475651718,2018-04-14
-3.06,9.38,0.0,1.5680339534107546,2018-04-15
-1.38,5.2,3.34,0.8563013298719875,2018-04-16
-1.84,1.8,5.36,0.3066568527938628,2018-04-17
-5.28,9.29,0.0,1.563756568077746,2018-04-18
-2.28,11.93,0.0,1.7453304789310806,2018-04-19
-0.23,18.24,0.0,2.1414176319788085,2018-04-20
1.1,20.0,0.0,2.262490624468964,2018-04-21
2.12,14.3,0.0,1.8942687267714904,2018-04-22
-0.84,13.19,0.0,1.8322694449274608,2018-04-23
-1.68,19.96,0.0,2.2209433732514494,2018-04-24
3.07,17.39,0.0,2.112885885956658,2018-04-25
-0.92,22.14,0.0,2.2788098037044437,2018-04-26
-0.85,16.25,0.0,1.9568189078227831,2018-04-27
1.16,26.08,0.0,2.5344538976805184,2018-04-28
6.03,21.29,0.0,2.2961114788124024,2018-04-29
0.34,11.31,0.0,1.5661586340701628,2018-04-30
-3.27,16.47,0.0,1.949517797830035,2018-05-01
1.32,18.05,0.0,2.093536879353888,2018-05-02
5.79,21.67,0.0,2.3380260358446145,2018-05-03
4.73,24.16,0.0,2.506311911385026,2018-05-04
5.94,24.5,0.0,2.532998489006967,2018-05-05
4.16,27.14,0.0,2.681512967346358,2018-05-06
11.2,26.52,0.0,2.6396680546598823,2018-05-07
8.97,17.94,6.23,1.624348348141172,2018-05-08
3.38,13.47,0.0,1.6552397506209564,2018-05-09
2.85,11.73,2.99,1.1582839171274482,2018-05-10
4.54,10.7,2.49,0.7432877599268425,2018-05-11
3.06,17.78,0.0,2.0944377794778086,2018-05-12
5.76,26.34,0.0,2.676592989716655,2018-05-13
4.25,24.33,0.0,2.539117595885283,2018-05-14
11.81,31.79,0.0,3.028566784668513,2018-05-15
9.02,28.17,0.0,2.792967388069293,2018-05-16
7.35,15.37,0.0,1.4301780745684296,2018-05-17
4.41,17.9,0.0,2.0679955034711432,2018-05-18
1.5,21.51,0.0,2.343745744358366,2018-05-19
2.35,24.64,0.0,2.5528379499796654,2018-05-20
9.72,29.83,0.0,2.9172175949214716,2018-05-21
10.28,27.21,0.0,2.718027772294517,2018-05-22
8.7,28.97,4.17,2.618677515971122,2018-05-23
11.33,26.17,2.46,2.29597919086214,2018-05-24
10.71,27.94,0.0,2.776921727192733,2018-05-25
10.16,30.44,0.0,2.974775043258313,2018-05-26
10.54,25.83,0.0,2.6190895967374583,2018-05-27
9.44,29.99,0.0,2.95895228262095,2018-05-28
12.76,28.2,0.0,2.775079501362726,2018-05-29
11.06,24.86,6.08,2.141515492198129,2018-05-30
8.55,14.8,0.0,0.9855268782797744,2018-05-31
8.94,15.75,10.17,0.8519738009305989,2018-06-01
7.26,18.36,0.0,1.8064263124235176,2018-06-02
7.51,24.18,0.0,2.585523820763834,2018-06-03
9.89,28.42,1.47,2.884868889669723,2018-06-04
9.64,21.29,0.0,2.197010854228187,2018-06-05
6.9,27.05,0.0,2.8099602073432792,2018-06-06
8.94,27.19,0.0,2.8068069263592883,2018-06-07
12.77,24.23,0.0,2.34493029775744,2018-06-08
12.6,30.31,0.0,2.9905070362017754,2018-06-09
13.7,25.01,0.0,2.34748997088122,2018-06-10
6.37,18.87,0.0,2.0553556290993513,2018-06-11
7.27,22.26,0.0,2.4387217283734626,2018-06-12
7.49,26.11,0.0,2.7411573684180306,2018-06-13
9.39,22.4,1.77,2.3800145111358684,2018-06-14
8.86,23.09,0.0,2.490632107101884,2018-06-15
7.51,20.89,0.0,2.3021784980370437,2018-06-16
8.13,25.05,0.0,2.6607130673779493,2018-06-17
7.91,27.17,0.0,2.823113199142241,2018-06-18
10.93,25.98,0.0,2.694529065359742,2018-06-19
9.72,28.94,0.0,2.9474769074315676,2018-06-20
11.92,29.21,0.0,2.941271741885658,2018-06-21
13.79,28.06,0.0,2.8032637373007314,2018-06-22
12.25,26.9,16.19,2.4506955746756542,2018-06-23
14.74,26.3,0.0,2.3681023323759973,2018-06-24
13.7,29.31,2.26,2.4143075067728996,2018-06-25
11.92,24.94,0.0,2.4243477654345673,2018-06-26
7.2,25.25,0.0,2.706991164624321,2018-06-27
7.97,25.27,0.0,2.6959525020359303,2018-06-28
11.61,22.75,0.0,2.118798941886822,2018-06-29
12.29,24.23,4.27,1.832068234060319,2018-06-30
11.02,21.05,2.21,1.4101817851373628,2018-07-01
9.08,22.71,2.96,1.8150093652122288,2018-07-02
6.52,21.38,10.74,1.7937259396185878,2018-07-03
10.18,19.28,7.66,1.0943082501701262,2018-07-04
7.5,25.03,0.0,2.4099484106340148,2018-07-05
14.23,33.79,0.0,3.035450171232238,2018-07-06
14.26,30.67,0.0,2.6936355950712527,2018-07-07
10.09,25.4,0.0,2.306339971662138,2018-07-08
9.39,28.86,0.0,2.7094752503499313,2018-07-09
13.0,28.98,4.89,2.065145875931529,2018-07-10
14.64,25.37,0.0,1.775397064570292,2018-07-11
13.51,29.15,0.0,2.4781554217035024,2018-07-12
12.93,32.88,0.0,2.91581217428447,2018-07-13
11.94,21.68,0.0,1.4760903285935487,2018-07-14
8.25,25.78,0.0,2.375209780663109,2018-07-15
6.4,26.15,0.0,2.482179894226059,2018-07-16
10.06,34.2,0.0,3.121632419599819,2018-07-17
16.15,31.87,0.0,2.6489654590834752,2018-07-18
14.16,28.43,0.0,2.3451395767717154,2018-07-19
12.03,29.45,0.0,2.6226964187328066,2018-07-20
15.14,27.92,0.0,2.1658777729479235,2018-07-21
11.4,23.55,0.0,1.8844741416452728,2018-07-22
9.14,23.99,0.0,2.1353290672196388,2018-07-23
8.13,23.3,2.06,1.709753715524527,2018-07-24
9.26,21.67,0.0,1.775913741707828,2018-07-25
6.11,23.28,0.0,2.168886342540147,2018-07-26
8.3,23.95,0.0,2.1333803173605967,2018-07-27
8.27,27.2,0.0,2.4697881102125274,2018-07-28
8.36,29.6,0.0,2.6656556140658187,2018-07-29
10.79,32.11,0.0,2.8051959446719614,2018-07-30
11.92,24.52,0.0,1.8386078047171603,2018-07-31
7.42,28.17,0.0,2.5132728387523575,2018-08-01
14.51,30.53,2.49,1.9565871311201193,2018-08-02
13.15,29.31,1.82,2.3101372030670615,2018-08-03
12.72,23.04,2.15,1.0929472182139894,2018-08-04
12.81,23.13,4.58,1.0905250130068451,2018-08-05
10.5,29.18,0.0,2.376642626665422,2018-08-06
12.6,31.72,0.0,2.565750790232201,2018-08-07
11.33,30.28,0.0,2.4696333234418706,2018-08-08
12.59,33.82,0.0,2.759681867749635,2018-08-09
13.17,38.98,0.0,3.149196961799178,2018-08-10
14.91,37.53,0.0,2.972223153250914,2018-08-11
13.36,24.58,0.64,1.5311591827539353,2018-08-12
8.22,17.82,0.0,1.0713668736303257,2018-08-13
3.59,27.94,0.0,2.3996527617166956,2018-08-14
11.5,29.88,0.0,2.3442378287638985,2018-08-15
10.06,29.19,0.0,2.336587986227183,2018-08-16
11.44,33.36,0.0,2.647368163670458,2018-08-17
10.72,25.39,0.0,1.837848874623922,2018-08-18
3.78,23.95,0.0,2.021459003398942,2018-08-19
5.34,23.26,0.0,1.8895769319741085,2018-08-20
5.13,26.79,0.0,2.194640481252692,2018-08-21
9.63,30.31,0.0,2.380731706466882,2018-08-22
8.69,30.7,0.0,2.4446049983193476,2018-08-23
8.45,23.48,0.0,1.711064013255354,2018-08-24
7.3,19.75,0.0,1.3318503465106952,2018-08-25
7.57,16.84,2.85,0.765310205803203,2018-08-26
7.77,14.23,5.3,0.5371180863455857,2018-08-27
7.22,18.48,0.0,1.125222689920493,2018-08-28
6.15,26.94,0.0,2.122754833455105,2018-08-29
10.39,22.91,1.32,1.4301499147718757,2018-08-30
7.29,19.98,0.0,1.3919620164769833,2018-08-31
6.41,21.49,0.0,1.621806325035522,2018-09-01
3.49,20.39,0.0,1.6404616740651754,2018-09-02
4.51,24.11,0.0,1.9313768063925416,2018-09-03
2.84,15.08,0.0,1.0951454059428742,2018-09-04
-0.5,21.78,0.0,1.806396085693585,2018-09-05
2.72,24.91,0.0,1.984340280039424,2018-09-06
6.76,24.69,0.0,1.8408689908663676,2018-09-07
11.35,27.63,0.0,1.883641754761705,2018-09-08
7.85,22.53,0.0,1.546827957198224,2018-09-09
3.45,23.81,0.0,1.8428817001982465,2018-09-10
5.68,17.55,0.0,1.1043691782795333,2018-09-11
4.78,14.93,1.08,0.8505149443348922,2018-09-12
3.56,12.53,2.05,0.6324191844754752,2018-09-13
2.76,9.42,0.0,0.5026158217830765,2018-09-14
5.38,13.4,7.01,0.5967677426088459,2018-09-15
7.17,10.71,8.41,0.2806987593504504,2018-09-16
4.82,14.09,1.22,0.7521338968052762,2018-09-17
4.06,11.01,0.0,0.5523601850810824,2018-09-18
2.37,14.59,0.0,0.926260870495845,2018-09-19
2.17,10.11,0.0,0.59782221538135,2018-09-20
0.68,9.24,4.0,0.5567734891512105,2018-09-21
-0.1,1.69,8.58,0.1188424135893798,2018-09-22
-0.1,4.65,0.42,0.3331892011957968,2018-09-23
0.34,12.17,0.7,0.8437142587809958,2018-09-24
1.4,13.33,0.78,0.8737588965756394,2018-09-25
3.04,16.33,0.0,1.036950839892489,2018-09-26
-1.87,9.11,0.0,0.7046112625128534,2018-09-27
-3.95,8.49,0.0,0.7355006730066118,2018-09-28
-2.47,7.47,0.0,0.6215340722595766,2018-09-29
-7.2,4.27,0.84,0.6115014282456471,2018-09-30
-2.01,5.76,1.67,0.4909908170007012,2018-10-01
-1.36,2.68,2.3,0.2365708455786782,2018-10-02
-2.73,4.95,0.42,0.474535748785703,2018-10-03
-6.35,5.12,0.0,0.6060007024793682,2018-10-04
-2.87,7.45,0.0,0.6291765133983144,2018-10-05
-4.39,11.7,0.0,0.963910511545948,2018-10-06
-2.97,13.25,0.0,1.0243647914094258,2018-10-07
-2.5,2.84,0.0,0.3295394832882126,2018-10-08
-3.18,1.35,0.0,0.2716050255352813,2018-10-09
-6.88,4.56,0.0,0.5819757947769254,2018-10-10
-9.14,6.13,0.0,0.7017443842552433,2018-10-11
-5.43,8.46,5.95,0.6715389229734979,2018-10-12
-4.96,-0.77,0.0,0.2272728416937418,2018-10-13
-8.79,3.71,0.0,0.5655808054602015,2018-10-14
-1.17,13.3,0.0,0.8915401906436903,2018-10-15
-0.63,10.85,0.0,0.7075761854252567,2018-10-16
-1.85,21.51,0.0,1.3500491253627953,2018-10-17
2.85,19.62,0.0,1.144781565473023,2018-10-18
-3.22,13.17,0.0,0.8758394505106379,2018-10-19
-7.57,16.67,0.0,1.092934101798176,2018-10-20
-1.66,14.86,0.0,0.9162611892280476,2018-10-21
-6.01,11.23,0.0,0.809523864947387,2018-10-22
-4.58,16.18,0.0,1.017951111133686,2018-10-23
-2.2,18.96,0.0,1.123227797278889,2018-10-24
-0.5,15.74,0.0,0.9086771199232888,2018-10-25
-1.73,12.95,0.0,0.787055687379462,2018-10-26
-0.46,12.99,0.0,0.7494949510876416,2018-10-27
-5.48,9.96,0.0,0.7135880190410369,2018-10-28
-0.15,10.81,0.0,0.6111990639445394,2018-10-29
-1.98,7.28,0.0,0.4807344571097442,2018-10-30
-3.08,10.29,0.0,0.6654637861877005,2018-10-31
-3.03,4.62,1.3,0.3738724482214833,2018-11-01
-2.16,0.35,3.32,0.1187048049700097,2018-11-02
-4.7,1.13,0.0,0.2622699725697603,2018-11-03
-2.22,3.88,3.36,0.2881610675870557,2018-11-04
-7.89,-0.3,1.23,0.3049202120038104,2018-11-05
-12.48,-8.58,0.0,0.1204403322406668,2018-11-06
-12.33,-9.97,0.0,0.1,2018-11-07
-18.2,-9.55,0.0,0.2008835537039592,2018-11-08
-22.54,-4.33,2.09,0.3389008287135304,2018-11-09
-10.15,-2.98,0.56,0.2528796366126613,2018-11-10
-11.47,-6.62,0.0,0.1561896384855504,2018-11-11
-15.67,-4.44,0.0,0.3039001085531538,2018-11-12
-8.35,4.79,0.0,0.5133711572035834,2018-11-13
-1.4,5.98,0.0,0.3766054358462791,2018-11-14
-1.34,3.62,0.48,0.2462427249243698,2018-11-15
-16.69,-4.35,0.0,0.3092005446614304,2018-11-16
-19.06,-6.51,0.0,0.2741855564982088,2018-11-17
-10.97,-5.97,1.46,0.1629697628495327,2018-11-18
-12.87,1.57,0.0,0.4536304446660338,2018-11-19
-5.77,3.26,0.0,0.3858897631968859,2018-11-20
-5.57,2.59,0.0,0.3512247352427476,2018-11-21
-2.17,6.09,0.0,0.4013465139597971,2018-11-22
-5.26,3.5,0.0,0.375856501068402,2018-11-23
-7.36,-4.45,0.0,0.1111766695049783,2018-11-24
-7.72,-4.66,0.0,0.1150094985308669,2018-11-25
-7.57,-3.49,0.0,0.1557506761551774,2018-11-26
-5.01,0.13,0.0,0.2221576213627031,2018-11-27
-5.79,-1.87,0.0,0.1632935015364812,2018-11-28
-6.08,0.11,0.0,0.2558315072025357,2018-11-29
-8.34,-2.46,0.0,0.218921878323803,2018-11-30
-7.16,-4.41,4.24,0.1026398976482821,2018-12-01
-8.11,-3.6,0.0,0.1707358851128079,2018-12-02
-12.79,-4.47,0.0,0.2517518888727432,2018-12-03
-13.7,-6.11,0.64,0.2176161118179322,2018-12-04
-14.1,-6.06,0.24,0.2257121092989046,2018-12-05
-14.72,-8.38,0.0,0.1696213724579927,2018-12-06
-18.92,-6.95,0.0,0.2581623374896635,2018-12-07
-17.66,-7.41,0.0,0.2353721293256063,2018-12-08
-15.09,-2.29,0.0,0.3428261559555987,2018-12-09
-13.36,1.77,0.0,0.4463310207804097,2018-12-10
-8.04,0.77,0.0,0.3303673954296436,2018-12-11
-5.18,1.08,0.0,0.2653845509932188,2018-12-12
-8.87,3.01,0.0,0.4292706019768172,2018-12-13
-7.81,5.21,0.0,0.4928177508210277,2018-12-14
-2.88,4.72,0.0,0.352837799050789,2018-12-15
-11.05,-2.91,0.0,0.262187897238422,2018-12-16
-7.64,5.17,0.0,0.4872819148286134,2018-12-17
-4.05,5.0,0.0,0.4003055553016814,2018-12-18
-3.31,3.09,0.0,0.2917774361493679,2018-12-19
-7.21,2.75,0.0,0.385357498251119,2018-12-20
-4.47,3.72,0.0,0.3567052253854628,2018-12-21
-8.18,-4.2,0.0,0.1445095515804013,2018-12-22
-14.96,-4.57,2.55,0.2646456821797106,2018-12-23
-14.99,-7.47,1.03,0.1955924430973723,2018-12-24
-16.03,-8.99,0.0,0.171926112467236,2018-12-25
-13.96,-6.57,0.0,0.203049245066635,2018-12-26
-18.9,-8.56,0.5,0.218265387220159,2018-12-27
-19.7,-5.34,0.0,0.2974071279978498,2018-12-28
-12.64,-2.92,1.25,0.2895833655756035,2018-12-29
-18.14,-8.42,0.75,0.2133962560088665,2018-12-30
-26.91,-15.92,0.0,0.1387910464404935,2018-12-31
-24.9,-2.12,0.0,0.3750950518688989,2019-01-01
-10.24,4.14,0.0,0.4878942975870049,2019-01-02
-5.1,3.94,0.0,0.3778665478611613,2019-01-03
-7.53,3.51,0.0,0.4195122017329457,2019-01-04
-6.31,-2.23,0.0,0.1580007511169751,2019-01-05
-5.67,2.07,0.0,0.3162189994615591,2019-01-06
-12.52,-1.68,0.71,0.3264713163526609,2019-01-07
-19.96,-14.02,0.0,0.1114835967661757,2019-01-08
-21.45,-8.02,0.0,0.250699448298326,2019-01-09
-14.46,-6.03,0.0,0.2265906906670135,2019-01-10
-17.0,-8.79,0.0,0.1914994826247508,2019-01-11
-13.44,1.07,0.0,0.4309893392233803,2019-01-12
-11.84,-0.33,0.0,0.3657040699965403,2019-01-13
-11.39,-0.4,0.0,0.3572982954012335,2019-01-14
-15.72,-4.07,0.0,0.3042635004236363,2019-01-15
-16.67,-12.22,0.6,0.1027778046188726,2019-01-16
-23.27,-15.29,0.0,0.1276630558344228,2019-01-17
-25.8,-17.05,0.0,0.1194494420838066,2019-01-18
-20.34,-14.53,5.17,0.104752847496741,2019-01-19
-18.24,-10.49,0.0,0.1720829539008186,2019-01-20
-17.39,-5.75,0.0,0.2826596887412499,2019-01-21
-14.82,-2.15,0.0,0.358461305560164,2019-01-22
-20.91,-4.45,0.0,0.3408968936221684,2019-01-23
-28.3,-8.68,0.0,0.2637779038374431,2019-01-24
-20.22,-3.72,0.0,0.3582945046087082,2019-01-25
-11.7,-0.47,1.59,0.3761663471830658,2019-01-26
-8.08,4.0,1.82,0.4831562158364402,2019-01-27
-21.32,-9.73,0.0,0.2293684856173307,2019-01-28
-28.45,-20.06,0.0,0.1,2019-01-29
-23.12,-11.3,0.31,0.2112854958977428,2019-01-30
-14.82,-0.62,0.0,0.4218054489715169,2019-01-31
-18.0,-7.56,0.0,0.2562007485999449,2019-02-01
-21.82,-14.86,0.0,0.1309274135649198,2019-02-02
-25.28,-21.53,1.34,0.1,2019-02-03
-26.15,-21.88,3.64,0.1,2019-02-04
-31.78,-22.08,0.0,0.1,2019-02-05
-34.78,-25.96,0.0,0.1,2019-02-06
-37.7,-24.87,0.0,0.1,2019-02-07
-37.57,-24.89,0.0,0.1,2019-02-08
-33.75,-23.74,0.0,0.1,2019-02-09
-31.53,-20.84,0.0,0.1112816264417973,2019-02-10
-28.8,-17.15,1.78,0.1513833903095104,2019-02-11
-31.85,-19.55,0.46,0.1294345606659424,2019-02-12
-27.81,-20.19,0.0,0.1024039155063243,2019-02-13
-32.79,-20.31,0.0,0.1241127937514161,2019-02-14
-33.27,-17.28,2.26,0.1501372187030493,2019-02-15
-21.0,-14.1,4.26,0.1372474721605829,2019-02-16
-20.96,-14.56,1.26,0.1382974658490161,2019-02-17
-26.46,-18.07,0.75,0.1291136874188961,2019-02-18
-28.25,-10.81,0.0,0.261019476968057,2019-02-19
-23.89,-9.2,1.0,0.2882886237451837,2019-02-20
-24.21,-12.83,0.0,0.2142507799076141,2019-02-21
-27.04,-10.71,0.0,0.2673264774145991,2019-02-22
-23.11,-13.52,0.0,0.1944619943081521,2019-02-23
-31.31,-20.16,0.0,0.1301157832651106,2019-02-24
-34.12,-19.29,0.0,0.146642617428606,2019-02-25
-28.81,-16.8,0.0,0.1720834318758106,2019-02-26
-22.41,-9.07,0.0,0.3173456719936054,2019-02-27
-18.27,-8.36,0.0,0.298315845046664,2019-02-28
-26.46,-16.0,0.0,0.177812951227389,2019-03-01
-32.81,-21.69,0.0,0.1204419185345562,2019-03-02
-26.58,-16.69,0.0,0.1685227428711964,2019-03-03
-23.02,-11.32,0.0,0.2689256504055695,2019-03-04
-18.72,-8.94,0.0,0.3019790992946872,2019-03-05
-25.74,-13.55,0.0,0.2277871591145595,2019-03-06
-24.01,-7.93,0.0,0.3854472443523701,2019-03-07
-16.33,-4.0,0.0,0.5089837320553459,2019-03-08
-15.59,-4.93,0.0,0.4554958149478872,2019-03-09
-21.45,-6.61,0.0,0.4410499949844689,2019-03-10
-17.24,1.26,0.0,0.7661587656711796,2019-03-11
-3.51,3.41,0.0,0.6294783270005438,2019-03-12
-5.13,2.35,0.0,0.6498858102276386,2019-03-13
-9.27,1.41,0.0,0.7710422023295331,2019-03-14
-11.63,2.71,0.0,0.902067728713936,2019-03-15
-8.5,3.8,0.0,0.9562362785501054,2019-03-16
-10.23,4.46,0.0,1.0253664712868371,2019-03-17
-3.51,5.18,0.0,0.9247768556705658,2019-03-18
-3.76,10.01,0.0,1.401466786490675,2019-03-19
-2.23,13.66,0.0,1.634850840311218,2019-03-20
-1.93,12.22,0.0,1.5656683248581889,2019-03-21
-1.97,13.94,0.0,1.6649057747849274,2019-03-22
-2.48,13.92,0.0,1.6641415422555448,2019-03-23
-4.62,4.3,0.0,0.9375828156739346,2019-03-24
-6.78,4.14,0.0,1.0504578106154108,2019-03-25
-1.0,17.32,0.0,1.881438168979488,2019-03-26
-1.01,6.7,0.0,1.058635675673905,2019-03-27
-5.75,7.17,0.0,1.3090938577816815,2019-03-28
-5.25,4.86,0.0,1.1111980019706578,2019-03-29
-6.91,13.87,0.0,1.640649024488303,2019-03-30
-4.64,5.6,0.0,1.1706557653220973,2019-03-31
-3.77,8.84,0.71,1.4228587760657774,2019-04-01
-6.19,5.18,0.0,1.1818481560562075,2019-04-02
-8.63,12.05,0.0,1.543910089502454,2019-04-03
-0.59,15.12,0.0,1.8144569582706969,2019-04-04
-2.94,8.88,0.0,1.4327306884301545,2019-04-05
1.32,10.75,1.12,1.518226382189725,2019-04-06
0.58,16.99,0.0,1.9528245766071632,2019-04-07
-2.67,16.82,0.0,1.9130075492584768,2019-04-08
-4.76,10.43,0.0,1.539554868226422,2019-04-09
-5.44,8.51,0.0,1.4330597253866209,2019-04-10
-8.01,7.96,0.0,1.3861857503913688,2019-04-11
-9.06,10.02,0.0,1.4776231700357136,2019-04-12
-5.55,15.12,0.0,1.7995575494946618,2019-04-13
3.61,16.55,0.0,1.932987903894993,2019-04-14
-1.01,14.33,0.0,1.8067870188682904,2019-04-15
-5.06,13.95,0.0,1.7569382078384514,2019-04-16
0.17,14.53,0.0,1.8221125213492464,2019-04-17
-0.8,17.49,0.0,2.0148120525955875,2019-04-18
5.35,21.99,0.0,2.3249058349882654,2019-04-19
4.77,17.51,0.0,1.9465350388571472,2019-04-20
-1.36,14.96,0.0,1.8080242407817575,2019-04-21
-1.82,20.97,0.0,2.151504927163859,2019-04-22
6.73,21.11,0.0,2.195210788345262,2019-04-23
1.2,17.74,0.0,1.9954093342748964,2019-04-24
-1.82,12.72,0.0,1.6764245859032367,2019-04-25
-3.85,11.67,0.0,1.6085201988682971,2019-04-26
-1.28,10.87,5.87,1.4443657215211083,2019-04-27
-4.67,2.55,3.64,0.6714326476469104,2019-04-28
-9.88,5.69,0.0,1.250957467173207,2019-04-29
-3.96,9.22,1.1,1.4730321501984562,2019-04-30
-5.92,10.26,0.0,1.5355154883463558,2019-05-01
-2.73,12.87,0.0,1.709184134259038,2019-05-02
-5.28,12.8,0.0,1.6951821862361038,2019-05-03
-3.19,8.46,0.0,1.430119523360896,2019-05-04
-7.24,7.18,0.0,1.3622885282914443,2019-05-05
-7.45,12.12,0.0,1.6382220108889252,2019-05-06
-0.52,15.72,0.0,1.9144886526495777,2019-05-07
-4.31,12.6,0.0,1.7072271740565783,2019-05-08
0.28,14.4,0.0,1.830174160349858,2019-05-09
2.56,18.39,2.81,1.9365111029143744,2019-05-10
1.73,15.54,0.0,1.9089965189704752,2019-05-11
1.84,24.84,0.0,2.532236660051804,2019-05-12
4.06,20.94,0.0,2.2962621914367314,2019-05-13
2.04,22.78,0.0,2.4153263809070804,2019-05-14
6.17,21.96,0.0,2.3575262011543825,2019-05-15
-0.52,15.45,0.0,1.9285877744385205,2019-05-16
0.39,16.08,0.0,1.973325466475652,2019-05-17
0.74,13.97,0.0,1.8218402418846795,2019-05-18
-3.15,15.8,0.0,1.9503668606938076,2019-05-19
-1.27,19.03,0.0,2.170290201803313,2019-05-20
1.46,20.23,0.0,2.269554735935031,2019-05-21
3.4,23.39,0.0,2.494363316928542,2019-05-22
3.08,23.89,0.0,2.5257727240061905,2019-05-23
3.97,22.32,0.0,2.42359430417094,2019-05-24
4.75,17.11,2.65,1.8586400933860272,2019-05-25
1.51,18.63,0.0,2.170474448888805,2019-05-26
0.85,20.89,0.0,2.321686369888471,2019-05-27
5.19,27.0,0.0,2.744614350303687,2019-05-28
9.74,30.04,0.0,2.9479858458124,2019-05-29
10.84,32.48,0.0,3.1085782729542304,2019-05-30
5.51,20.97,0.0,2.3023390860704307,2019-05-31
5.72,25.21,0.0,2.6228316467474273,2019-06-01
10.52,32.66,0.0,3.1277499351876794,2019-06-02
9.77,34.5,0.0,3.243393902338954,2019-06-03
12.29,25.26,0.0,2.4945102594205815,2019-06-04
10.45,25.29,0.0,2.561045713042853,2019-06-05
12.39,27.38,0.0,2.691601224908698,2019-06-06
9.16,22.42,0.0,2.3500141405437076,2019-06-07
3.79,17.04,0.0,2.016217392625129,2019-06-08
3.95,20.38,0.0,2.2835013720219046,2019-06-09
3.27,23.94,0.0,2.543505930471054,2019-06-10
7.22,21.88,1.62,2.358623629171034,2019-06-11
6.07,24.77,1.01,2.604376626519506,2019-06-12
8.19,30.06,1.91,2.9763957892094592,2019-06-13
12.02,23.86,3.36,2.219363535915592,2019-06-14
10.18,19.32,3.46,1.9003269684478503,2019-06-15
8.66,17.78,1.54,1.9531161645795465,2019-06-16
6.01,22.14,0.0,2.415059419570203,2019-06-17
8.23,26.63,0.0,2.7415875198572106,2019-06-18
10.37,22.14,28.28,2.140274665701217,2019-06-19
8.1,15.0,6.96,0.7907119672337717,2019-06-20
6.83,15.42,25.64,0.9861707565382936,2019-06-21
10.5,15.44,9.82,0.5142030848151601,2019-06-22
10.01,22.22,1.6,1.8007247038608611,2019-06-23
9.32,20.94,0.0,1.6627749298735712,2019-06-24
8.92,22.42,0.0,1.9294745514803595,2019-06-25
8.08,24.14,0.0,2.2175773967034664,2019-06-26
12.12,25.38,13.06,1.663473581161251,2019-06-27
13.72,23.76,2.71,1.1825304014292433,2019-06-28
13.88,25.03,0.0,1.7540930518637108,2019-06-29
9.83,22.48,0.0,1.8198692600851063,2019-06-30
9.06,27.27,3.06,2.0183385758284578,2019-07-01
6.11,19.85,0.0,1.774647525598985,2019-07-02
8.25,20.5,0.0,1.7096178904782164,2019-07-03
8.78,21.16,0.0,1.7540908422936456,2019-07-04
11.21,21.09,0.0,1.4728749147502025,2019-07-05
11.52,25.64,0.0,2.147152374834455,2019-07-06
13.77,27.98,0.0,2.2633221205529965,2019-07-07
14.03,24.26,0.0,1.6482363395442647,2019-07-08
11.82,22.54,0.0,1.659519300271352,2019-07-09
9.21,25.98,0.0,2.3358263648747495,2019-07-10
14.14,25.42,0.0,1.8593830349834184,2019-07-11
10.55,24.23,1.03,2.05673171625631,2019-07-12
11.7,29.84,9.55,2.1362977515000643,2019-07-13
14.19,28.34,15.25,1.7675788119279925,2019-07-14
12.98,25.28,0.0,1.813436192020139,2019-07-15
11.53,21.05,11.67,1.0596619645042755,2019-07-16
11.7,23.31,4.71,1.272928465497065,2019-07-17
11.4,25.59,1.77,1.9312437807733984,2019-07-18
9.47,18.98,0.0,1.1830996881236364,2019-07-19
9.67,22.57,0.0,1.6669395656615604,2019-07-20
10.34,24.81,0.0,1.876866815402507,2019-07-21
9.93,27.59,0.0,2.1764571958881462,2019-07-22
13.8,29.71,0.0,2.144537658513923,2019-07-23
15.57,30.84,4.4,1.699728818243169,2019-07-24
10.8,22.38,1.51,1.4376417686403344,2019-07-25
12.61,25.96,0.0,1.7411646724472256,2019-07-26
12.26,32.73,0.0,2.4927299404598897,2019-07-27
9.2,22.55,0.0,1.6105170314165822,2019-07-28
5.3,25.13,0.0,2.072073156256386,2019-07-29
11.61,30.05,0.0,2.250344111393878,2019-07-30
12.46,27.74,0.0,1.9389903996016813,2019-07-31
14.22,33.5,0.0,2.4173989306929267,2019-08-01
15.93,34.75,0.0,2.415819913747439,2019-08-02
16.04,30.38,0.0,1.8907199000298651,2019-08-03
10.64,26.44,0.0,1.8612614253188624,2019-08-04
10.33,29.05,0.0,2.1379997072398003,2019-08-05
10.98,23.82,0.0,1.4851777841105238,2019-08-06
6.17,22.11,0.0,1.6432306730322683,2019-08-07
6.44,25.86,0.0,1.9767153380848204,2019-08-08
10.21,28.93,2.46,1.726090230061796,2019-08-09
10.14,20.66,0.0,1.1402663552919496,2019-08-10
8.49,23.32,10.74,1.3350546092553055,2019-08-11
10.67,15.1,22.01,0.4378970403262441,2019-08-12
8.03,20.77,0.0,1.301242136475148,2019-08-13
10.58,24.13,0.0,1.4445822650908722,2019-08-14
10.23,25.37,0.0,1.5710103318718758,2019-08-15
10.81,21.43,0.0,1.1475738984126664,2019-08-16
5.8,18.16,0.0,1.1777665201001324,2019-08-17
4.07,23.13,0.0,1.656662078445155,2019-08-18
5.23,23.8,0.0,1.6512146946120012,2019-08-19
4.25,23.01,0.0,1.6148132184443968,2019-08-20
5.84,26.48,0.0,1.830336356028729,2019-08-21
12.55,26.97,0.0,1.514710696611676,2019-08-22
11.4,20.9,0.0,1.0055386091491278,2019-08-23
12.25,28.9,5.73,1.5183808272798245,2019-08-24
11.6,21.39,5.56,0.9206014111987572,2019-08-25
9.22,20.41,0.0,1.1152980468817224,2019-08-26
8.12,19.25,0.0,1.0791769367397983,2019-08-27
6.47,22.83,0.88,1.473599758060825,2019-08-28
5.67,19.89,0.0,1.2734209848807532,2019-08-29
6.02,20.99,1.71,1.338592609389033,2019-08-30
7.71,22.65,2.69,1.2438522956827018,2019-08-31
9.93,21.9,2.15,1.0658733433948837,2019-09-01
10.18,22.75,0.0,1.246261495383313,2019-09-02
7.76,24.64,0.0,1.525782184573195,2019-09-03
10.54,25.48,4.33,1.3046605896947905,2019-09-04
7.76,23.28,0.0,1.4072656217745456,2019-09-05
5.13,21.9,0.0,1.4082724232818884,2019-09-06
7.48,21.23,0.0,1.2467306666791595,2019-09-07
5.74,20.8,0.0,1.292940285282883,2019-09-08
8.33,12.73,23.0,0.3766595626580944,2019-09-09
8.46,11.42,19.59,0.2593828227686626,2019-09-10
9.14,13.93,6.16,0.4175204342204439,2019-09-11
7.6,14.63,0.0,0.6527337474046413,2019-09-12
4.08,24.21,1.1,1.5598768468217863,2019-09-13
9.13,23.52,0.0,1.3108558679771636,2019-09-14
9.95,27.87,0.0,1.589739054691029,2019-09-15
9.32,31.87,0.0,1.8714979455919265,2019-09-16
13.0,24.44,1.44,1.1263498301877506,2019-09-17
10.1,22.36,0.0,1.133269069968043,2019-09-18
7.21,22.53,0.0,1.2917620550130666,2019-09-19
8.79,20.32,0.0,1.036522849157738,2019-09-20
5.52,18.18,0.0,1.0387304914685724,2019-09-21
4.83,23.71,0.0,1.4382245327618548,2019-09-22
8.85,21.09,0.0,1.0756346468042706,2019-09-23
5.29,16.78,0.0,0.9236992728034894,2019-09-24
3.43,15.7,0.97,0.9277215478571076,2019-09-25
3.77,11.05,6.66,0.5092800373848544,2019-09-26
1.97,7.78,3.86,0.3827307009341327,2019-09-27
-0.61,4.89,0.0,0.3626682831454575,2019-09-28
-0.24,2.29,14.17,0.1557288697347194,2019-09-29
-0.31,1.86,4.18,0.1354063872813475,2019-09-30
-0.9,3.88,0.0,0.3136882729016153,2019-10-01
-4.37,7.95,0.0,0.7058072892512933,2019-10-02
-0.81,10.95,0.0,0.7662879774769171,2019-10-03
1.36,10.9,0.0,0.6740918794413561,2019-10-04
-0.15,14.3,0.0,0.9385006549166433,2019-10-05
3.88,15.34,0.0,0.8567213476713247,2019-10-06
2.18,19.95,0.0,1.192829015876366,2019-10-07
-1.46,8.41,1.77,0.6182056377428006,2019-10-08
-5.76,0.48,0.0,0.3245051735250936,2019-10-09
-6.97,2.75,0.0,0.4789756699608328,2019-10-10
-8.66,6.0,0.0,0.6622782840107811,2019-10-11
-8.15,7.03,0.0,0.6946955054734344,2019-10-12
-8.99,10.4,0.0,0.8478974003040696,2019-10-13
-0.68,4.99,0.92,0.3468138194160861,2019-10-14
-2.04,5.43,0.0,0.4359874124671128,2019-10-15
-0.4,14.68,0.0,0.9083255601838464,2019-10-16
1.95,18.57,0.0,1.0571891934933573,2019-10-17
0.24,15.55,0.0,0.9271899467502244,2019-10-18
-0.96,13.89,0.0,0.863001810521462,2019-10-19
-4.53,8.73,0.0,0.6772945088802885,2019-10-20
-6.62,10.21,0.0,0.7807442250980503,2019-10-21
-6.68,6.52,0.0,0.611596846450755,2019-10-22
-5.24,4.15,1.45,0.4606999260494718,2019-10-23
-3.06,8.51,0.0,0.6141633718721542,2019-10-24
0.04,17.98,0.0,1.0252346512888355,2019-10-25
-5.31,2.75,0.0,0.3849408038315245,2019-10-26
-9.46,-2.83,1.01,0.2649871037216316,2019-10-27
-10.24,-4.07,1.26,0.2352879901786173,2019-10-28
-11.95,-5.68,0.0,0.2167399380787233,2019-10-29
-17.51,0.13,0.0,0.4804134548930264,2019-10-30
-3.37,3.85,0.23,0.3666137295057365,2019-10-31
-2.96,4.71,0.0,0.3855592436217719,2019-11-01
-4.15,3.96,0.18,0.3881507327838801,2019-11-02
-4.04,2.09,1.21,0.2907914029840217,2019-11-03
-12.35,-3.94,0.0,0.2735107485946857,2019-11-04
-13.28,-2.74,1.23,0.3372568766357426,2019-11-05
-19.46,-7.75,0.0,0.2664693262376579,2019-11-06
-19.18,-3.36,0.0,0.3746063943827443,2019-11-07
-8.75,5.65,0.0,0.5706466344471844,2019-11-08
-11.31,0.47,3.26,0.3879796970599933,2019-11-09
-19.46,-11.63,0.0,0.1673500730040852,2019-11-10
-22.64,-7.73,0.0,0.2798292095282783,2019-11-11
-15.26,-1.5,0.0,0.3908621684481838,2019-11-12
-11.32,1.57,0.0,0.4422573329071706,2019-11-13
-6.58,1.22,0.0,0.3248077719025024,2019-11-14
-4.27,4.93,0.0,0.4236372584583116,2019-11-15
-0.82,3.3,3.59,0.2035137146030456,2019-11-16
-2.75,7.39,3.65,0.4716033407078928,2019-11-17
-0.48,7.46,0.0,0.4131367766626223,2019-11-18
-3.82,1.39,0.0,0.2358270060990625,2019-11-19
-6.38,-1.06,0.0,0.2155037931636986,2019-11-20
-8.23,2.39,0.0,0.4029028172872474,2019-11-21
-6.13,6.38,0.0,0.5189004807451657,2019-11-22
-1.13,9.83,0.0,0.5502465351771888,2019-11-23
-1.97,5.45,1.41,0.3611733009128016,2019-11-24
-5.02,-0.37,0.33,0.1973407160135165,2019-11-25
-9.96,-1.98,0.0,0.2730349810125606,2019-11-26
-9.49,-4.43,0.0,0.173166177549739,2019-11-27
-8.39,-5.87,15.48,0.1,2019-11-28
-12.18,-5.72,0.0,0.1988596496492883,2019-11-29
-10.37,-7.04,0.0,0.1100572923207811,2019-11-30
-13.01,-4.82,0.0,0.242834616083482,2019-12-01
-11.64,-1.05,0.0,0.3390758487775885,2019-12-02
-7.75,3.76,0.0,0.4416278491982381,2019-12-03
-9.74,0.58,0.0,0.3602076689848421,2019-12-04
-11.97,-3.0,0.0,0.2784908567696625,2019-12-05
-12.25,-3.28,0.0,0.2742565160846393,2019-12-06
-11.2,-2.62,0.0,0.2761112618587561,2019-12-07
-20.77,-10.5,0.0,0.1948133447834231,2019-12-08
-25.03,-9.79,0.0,0.2300864251701576,2019-12-09
-27.66,-13.43,0.0,0.1777870721608462,2019-12-10
-24.54,-15.87,0.0,0.1259512617051207,2019-12-11
-19.37,-9.92,0.43,0.1931165310853233,2019-12-12
-21.99,-13.04,0.0,0.1543531919272969,2019-12-13
-24.37,-10.66,0.44,0.211815254723228,2019-12-14
-18.03,-7.43,0.0,0.2355765435287664,2019-12-15
-16.01,-5.24,0.0,0.2685828800072569,2019-12-16
-13.82,-2.34,0.0,0.3231986480267074,2019-12-17
-8.89,1.18,0.0,0.3591235622585373,2019-12-18
-10.03,-2.79,0.0,0.2416104429328317,2019-12-19
-10.27,4.77,0.0,0.5087630213564728,2019-12-20
-9.09,3.64,0.0,0.4516827720059957,2019-12-21
-6.23,1.72,0.0,0.3166964666523126,2019-12-22
-6.31,-2.54,0.0,0.1473545842897501,2019-12-23
-6.65,-4.06,2.02,0.1,2019-12-24
-8.13,-2.3,0.0,0.2123410973450992,2019-12-25
-14.6,-4.97,0.0,0.2576875300567168,2019-12-26
-13.06,-3.81,0.0,0.267941662820718,2019-12-27
-15.13,-5.43,0.0,0.2516420544760071,2019-12-28
-18.31,-5.05,0.0,0.2951103648979339,2019-12-29
-15.3,-4.63,0.0,0.2759204926106144,2019-12-30
-11.85,1.31,0.0,0.4126860038494563,2019-12-31
-6.15,0.05,0.0,0.2491021619135879,2020-01-01
-7.41,-2.2,0.0,0.1969038482517218,2020-01-02
-11.87,-2.34,0.0,0.296674597192486,2020-01-03
-7.99,5.64,0.0,0.5163108894674304,2020-01-04
-8.97,-0.43,0.0,0.3066304724769834,2020-01-05
-12.78,-1.57,0.0,0.3376562827276194,2020-01-06
-20.9,-12.51,0.0,0.1557731449966393,2020-01-07
-17.41,-3.78,0.0,0.3258690637001208,2020-01-08
-22.93,-14.98,0.0,0.1291307105151109,2020-01-09
-28.33,-13.7,0.0,0.1784629351791223,2020-01-10
-17.15,-7.95,3.2,0.2088263167902567,2020-01-11
-24.33,-12.43,1.07,0.1859477564245634,2020-01-12
-29.87,-23.73,0.78,0.1,2020-01-13
-33.66,-26.77,0.0,0.1,2020-01-14
-35.06,-27.59,0.0,0.1,2020-01-15
-35.15,-19.03,0.0,0.1235458358554812,2020-01-16
-23.79,-18.84,1.69,0.1,2020-01-17
-28.27,-23.54,0.0,0.1,2020-01-18
-28.97,-15.62,0.0,0.1577149401305131,2020-01-19
-20.51,1.12,0.0,0.4747547277548306,2020-01-20
-9.0,2.5,0.0,0.4367896490180313,2020-01-21
-12.11,-1.64,0.0,0.3432052119840393,2020-01-22
-12.13,-2.07,0.0,0.3302974719977702,2020-01-23
-8.01,1.97,0.0,0.4010702860536023,2020-01-24
-5.28,2.5,0.0,0.3535971026290745,2020-01-25
-6.65,-2.25,0.0,0.1863650920018089,2020-01-26
-6.25,-0.09,1.12,0.2697323631982651,2020-01-27
-5.66,-0.78,0.0,0.2189895177895854,2020-01-28
-9.7,-1.99,2.26,0.2742841244231341,2020-01-29
-10.13,-0.04,0.0,0.3790267522845268,2020-01-30
-9.65,3.74,0.0,0.5169607467925893,2020-01-31
-4.31,7.89,0.0,0.5929147060627754,2020-02-01
-8.77,0.66,0.0,0.3812874842503107,2020-02-02
-16.02,-6.77,0.0,0.2588697382426644,2020-02-03
-18.35,-3.22,0.0,0.383024900548422,2020-02-04
-12.46,-2.77,0.0,0.3327964169849163,2020-02-05
-11.86,-7.25,0.7,0.1595192576554539,2020-02-06
-11.48,-1.63,0.0,0.3612026231093372,2020-02-07
-12.29,-1.38,0.0,0.3867066614707297,2020-02-08
-12.71,-1.64,0.0,0.3872398076022084,2020-02-09
-10.46,-3.15,0.16,0.2857567478027339,2020-02-10
-13.34,-0.68,0.0,0.4465310405100822,2020-02-11
-28.89,-13.12,0.0,0.2152030391477223,2020-02-12
-28.36,-5.24,0.0,0.3527107436477812,2020-02-13
-11.46,-0.73,0.0,0.415137541611996,2020-02-14
-16.59,-9.09,0.0,0.2147206841400926,2020-02-15
-14.36,-2.59,0.0,0.3992263439492541,2020-02-16
-19.98,-7.96,0.0,0.2918519738432721,2020-02-17
-28.69,-17.19,0.0,0.1572029446203094,2020-02-18
-28.99,-9.14,0.0,0.2898374368487151,2020-02-19
-16.47,1.84,0.0,0.646025549626997,2020-02-20
-10.69,3.84,0.0,0.7322294144055174,2020-02-21
-8.47,4.74,0.0,0.7649506449052931,2020-02-22
-9.56,3.02,0.0,0.6854488865537043,2020-02-23
-10.01,-1.47,0.0,0.4032710371517446,2020-02-24
-16.27,-1.96,0.0,0.5180745754191042,2020-02-25
-12.38,1.92,0.0,0.6783355479716623,2020-02-26
-6.79,5.29,0.0,0.8002444883913523,2020-02-27
-6.38,7.46,0.0,0.9539053740311796,2020-02-28
-4.6,7.25,0.0,0.9052254447295256,2020-02-29
-10.74,0.02,0.0,0.5606808744524575,2020-03-01
-6.81,3.73,0.0,0.7189363857178868,2020-03-02
-5.73,4.05,0.0,0.7111329448537684,2020-03-03
-2.68,4.3,0.0,0.5502783279243253,2020-03-04
-5.64,4.86,0.0,0.8085344436894795,2020-03-05
-0.71,12.76,0.0,1.3540738970715251,2020-03-06
-7.59,1.18,1.02,0.5793797632049917,2020-03-07
-14.8,-5.91,1.15,0.3454211345672265,2020-03-08
-15.61,0.7,0.0,0.7075031949983498,2020-03-09
-10.55,5.37,0.0,0.9767199762528348,2020-03-10
-3.47,6.39,0.0,0.908123674576945,2020-03-11
-8.76,-0.04,0.0,0.5678662785882579,2020-03-12
-15.85,-9.5,0.0,0.2156809819206092,2020-03-13
-16.22,-6.96,1.85,0.374873605126457,2020-03-14
-13.82,-5.0,0.6,0.419584817713849,2020-03-15
-16.62,-2.59,0.0,0.6086708985339607,2020-03-16
-12.85,0.05,0.0,0.7276954260897068,2020-03-17
-16.27,-5.2,0.0,0.481427152562682,2020-03-18
-16.25,-4.18,0.0,0.5424609227203137,2020-03-19
-16.48,-0.93,0.0,0.7171561554404345,2020-03-20
-10.73,3.14,0.0,0.9429097751826504,2020-03-21
-9.92,6.7,0.0,1.2340201863150966,2020-03-22
-6.62,10.49,0.0,1.4598934312218828,2020-03-23
-7.42,0.3,1.93,0.8512417351321885,2020-03-24
-13.15,-0.06,0.0,0.9205189597955324,2020-03-25
-11.82,6.86,0.0,1.2295032718771055,2020-03-26
-3.92,8.34,0.0,1.390803210018548,2020-03-27
-2.35,11.33,0.0,1.5726686518414823,2020-03-28
-4.39,15.29,0.0,1.766897461120328,2020-03-29
-2.4,6.5,0.0,1.2759840383122871,2020-03-30
-8.78,0.97,0.0,0.998847983624572,2020-03-31
-14.76,-10.35,0.47,0.2377213625043343,2020-04-01
-17.82,-7.5,0.0,0.5733030911533242,2020-04-02
-17.75,-1.51,0.0,0.8437073224511535,2020-04-03
-10.29,-3.02,2.25,0.5683263458184281,2020-04-04
-9.92,-0.75,0.17,0.9249846923245324,2020-04-05
-6.44,4.07,0.85,1.190442208770659,2020-04-06
-8.29,5.6,0.0,1.2758932589023242,2020-04-07
-5.55,2.49,0.0,1.09214591496522,2020-04-08
-12.06,7.05,0.0,1.3052290173815555,2020-04-09
-2.25,9.24,0.0,1.5143635903936707,2020-04-10
-8.36,-0.99,0.0,0.8845287840645228,2020-04-11
-11.07,-3.22,0.0,0.7816188136456741,2020-04-12
-13.33,-2.71,0.0,0.8607182766488913,2020-04-13
-15.02,4.68,0.0,1.166204509102372,2020-04-14
-10.21,3.51,0.0,1.18390016610432,2020-04-15
-8.31,5.59,0.0,1.3110228867603753,2020-04-16
-3.34,14.7,0.0,1.8767845576503055,2020-04-17
-4.32,4.9,0.0,1.2572236106307466,2020-04-18
-7.05,14.52,0.0,1.8117561847190575,2020-04-19
-2.16,12.55,0.0,1.7696574747822815,2020-04-20
-0.91,22.37,0.0,2.36739101909159,2020-04-21
1.4,17.04,0.0,2.0806784494202044,2020-04-22
-0.16,18.27,0.0,2.1501694306084818,2020-04-23
-1.72,13.82,3.9,1.6986816388604564,2020-04-24
-2.91,18.86,0.0,2.152688254818417,2020-04-25
3.33,16.66,0.0,2.0461270893382566,2020-04-26
-1.03,20.87,0.0,2.3065723347611877,2020-04-27
2.92,17.72,0.0,2.135946257018256,2020-04-28
1.08,23.0,0.0,2.4702661154204635,2020-04-29
8.29,27.76,0.0,2.821663202311808,2020-04-30
5.4,18.5,0.0,2.146006659915897,2020-05-01
-1.25,19.1,0.0,2.1991190724623153,2020-05-02
-0.35,18.13,5.06,1.9580701846709985,2020-05-03
2.02,14.81,0.0,1.8970923229686572,2020-05-04
-0.82,17.33,0.0,2.0910561665271374,2020-05-05
0.57,20.96,0.0,2.255002105933443,2020-05-06
1.25,17.28,0.0,2.018531063289986,2020-05-07
0.45,20.38,1.76,2.220124198254185,2020-05-08
-1.92,7.85,1.43,1.3733251648377574,2020-05-09
-3.46,9.72,0.0,1.523375646754323,2020-05-10
-6.65,10.53,0.0,1.5678698943057847,2020-05-11
-4.48,12.75,0.0,1.714574546694878,2020-05-12
1.85,10.24,0.92,1.4753809285667598,2020-05-13
-1.28,18.49,0.0,2.1069000355158805,2020-05-14
-1.84,15.48,0.0,1.9103110978550584,2020-05-15
0.69,24.86,0.0,2.5231177861879903,2020-05-16
8.02,25.92,0.0,2.620698767289664,2020-05-17
8.81,26.1,0.0,2.6225802273783136,2020-05-18
10.04,26.63,0.0,2.6526931010008052,2020-05-19
10.45,21.2,5.78,2.026833332700582,2020-05-20
9.84,20.88,0.0,2.1795715483837945,2020-05-21
4.91,20.82,0.0,2.292614603006046,2020-05-22
3.2,16.77,0.0,2.0027916519098414,2020-05-23
3.89,19.05,0.0,2.176528107143894,2020-05-24
4.43,25.09,0.0,2.6165498826729037,2020-05-25
10.28,22.66,0.0,2.348724725414076,2020-05-26
6.7,19.65,0.0,2.1925183533879173,2020-05-27
4.26,18.99,0.0,2.186300627259557,2020-05-28
5.24,19.91,0.0,2.254444275853428,2020-05-29
6.89,25.44,0.0,2.667453230191423,2020-05-30
11.14,31.26,0.0,3.0554087697673507,2020-05-31
11.2,25.41,0.0,2.599235328491996,2020-06-01
8.16,24.27,0.0,2.57322381924898,2020-06-02
9.74,21.6,0.0,2.3033453241836077,2020-06-03
6.23,20.4,0.0,2.295948553972162,2020-06-04
2.99,22.28,0.0,2.465702335285009,2020-06-05
10.44,19.86,19.31,1.9719855824161256,2020-06-06
9.24,18.36,18.81,1.4825472438090357,2020-06-07
7.19,16.02,0.0,1.4186645569327256,2020-06-08
5.68,20.44,4.43,1.8261719043684983,2020-06-09
6.0,22.75,0.0,2.428455801440664,2020-06-10
7.08,23.98,0.0,2.528308547281631,2020-06-11
8.67,28.46,0.0,2.9097820769639684,2020-06-12
14.33,30.4,0.0,2.953314087524497,2020-06-13
11.96,23.06,0.0,2.0849083229968204,2020-06-14
7.26,22.54,0.0,2.403104030937328,2020-06-15
9.57,21.89,22.38,1.7540746996665084,2020-06-16
10.13,16.35,5.22,0.6616500443271625,2020-06-17
6.28,14.35,0.25,1.067988142482548,2020-06-18
5.14,19.04,0.0,1.886866112848764,2020-06-19
6.39,18.07,0.0,1.658841516866029,2020-06-20
4.33,18.67,0.0,1.8905909193461032,2020-06-21
5.3,23.55,0.0,2.369756855828662,2020-06-22
10.64,28.32,0.0,2.6866668845768316,2020-06-23
13.53,28.34,3.08,2.0428122149452284,2020-06-24
13.85,25.41,0.0,2.0200471716243595,2020-06-25
11.77,30.59,0.0,2.84545174825471,2020-06-26
14.02,22.19,0.0,1.364627222919463,2020-06-27
13.31,20.12,0.0,1.055142967976585,2020-06-28
14.22,18.76,3.49,0.5430480195259013,2020-06-29
13.86,20.59,8.17,0.800712367508474,2020-06-30
12.57,23.83,1.18,1.9067864140522408,2020-07-01
10.91,24.23,1.62,2.129214722352088,2020-07-02
9.84,27.33,0.0,2.530888692230065,2020-07-03
12.27,28.17,0.0,2.513386495505917,2020-07-04
12.64,23.98,0.0,1.916787699671584,2020-07-05
9.97,25.91,0.0,2.3871276436609103,2020-07-06
11.56,28.32,17.92,2.0810884285250326,2020-07-07
12.55,19.36,4.7,0.780632443716186,2020-07-08
11.83,21.9,0.0,1.4941696424207769,2020-07-09
9.96,22.52,5.1,1.4290938712778576,2020-07-10
10.24,24.21,0.0,1.9863849082067264,2020-07-11
12.81,25.82,0.0,1.9871654677259865,2020-07-12
9.75,19.76,2.7,1.0816365907232264,2020-07-13
9.81,22.09,3.98,1.3662764546639568,2020-07-14
9.38,23.51,1.17,1.935902084011412,2020-07-15
9.76,25.86,0.0,2.159978501665551,2020-07-16
13.84,25.0,0.0,1.6728182843725474,2020-07-17
12.34,22.15,4.94,1.099027958135911,2020-07-18
10.22,23.02,4.92,1.3716004534607726,2020-07-19
10.7,23.01,5.67,1.3051576830049236,2020-07-20
9.23,25.49,0.0,2.0398214726601647,2020-07-21
13.91,30.51,0.0,2.2813608909163228,2020-07-22
18.0,28.76,0.0,1.6228868189619268,2020-07-23
14.65,27.89,0.0,1.9219513318102175,2020-07-24
11.46,21.91,0.0,1.3944115734568625,2020-07-25
9.51,25.47,0.0,2.0213872231064873,2020-07-26
8.99,26.93,0.0,2.169967607757768,2020-07-27
10.36,30.49,0.0,2.410850546201756,2020-07-28
14.36,34.02,0.0,2.5243689395946034,2020-07-29
15.35,32.38,0.0,2.2747934864870563,2020-07-30
13.06,26.86,0.0,1.7903380173912222,2020-07-31
8.31,27.52,0.0,2.156468833727463,2020-08-01
10.39,27.69,0.0,2.0832841311569115,2020-08-02
13.68,29.79,3.08,1.6860282173993253,2020-08-03
11.92,27.07,0.0,1.8710247864111096,2020-08-04
9.24,29.44,0.0,2.2519876919050597,2020-08-05
11.85,33.34,0.0,2.4699560251508057,2020-08-06
12.93,23.88,0.0,1.29133170168271,2020-08-07
9.55,26.16,1.36,1.8830873775993795,2020-08-08
8.6,23.1,0.0,1.5885276281405656,2020-08-09
7.62,25.45,0.0,1.8886682160632997,2020-08-10
8.39,25.41,0.0,1.8287801014121736,2020-08-11
11.44,29.43,0.0,2.0409994910717595,2020-08-12
10.91,25.15,0.0,1.5862071777800593,2020-08-13
7.91,25.39,0.0,1.810291468350476,2020-08-14
8.96,26.1,0.0,1.8095876161112083,2020-08-15
8.87,30.32,0.0,2.187190020517452,2020-08-16
11.37,34.52,0.0,2.4169821252773556,2020-08-17
12.43,36.17,0.0,2.4870801228675297,2020-08-18
14.69,34.83,0.0,2.258702305721603,2020-08-19
12.0,34.41,0.0,2.3454941605032813,2020-08-20
14.09,29.01,0.0,1.6362293174083864,2020-08-21
9.86,32.91,0.0,2.2741327736715116,2020-08-22
6.15,29.04,0.0,2.0687675421696854,2020-08-23
9.01,30.88,0.0,2.0972270371162995,2020-08-24
14.04,28.38,0.47,1.4780630337721297,2020-08-25
11.8,25.25,0.0,1.3255913718311572,2020-08-26
7.81,26.26,1.6,1.7024946900254945,2020-08-27
6.14,24.17,0.0,1.5783411021215856,2020-08-28
8.27,31.97,0.0,2.1443179799665293,2020-08-29
6.68,19.66,0.0,1.1294812942105448,2020-08-30
2.51,19.56,0.0,1.3117163064759654,2020-08-31
8.37,23.31,0.0,1.332976037369311,2020-09-01
7.7,18.56,3.61,0.8721788359178632,2020-09-02
4.92,21.92,0.0,1.3769918178811438,2020-09-03
6.22,24.73,0.0,1.5399303144218774,2020-09-04
7.95,31.52,0.0,2.0825636412922472,2020-09-05
8.67,17.71,0.0,0.8060329545451304,2020-09-06
-0.05,10.53,0.0,0.7339328800728976,2020-09-07
-5.41,15.59,0.0,1.2605778882072205,2020-09-08
4.27,21.35,0.0,1.4091109961425954,2020-09-09
6.27,26.47,0.0,1.758760578499256,2020-09-10
7.56,29.47,0.0,1.9414997094167008,2020-09-11
8.09,17.64,0.0,0.8159315732735063,2020-09-12
0.36,17.09,0.0,1.1650314348166173,2020-09-13
5.57,16.66,0.0,0.8817514829912731,2020-09-14
3.12,15.76,0.0,0.9685852944720148,2020-09-15
-0.63,13.92,0.0,1.0273593861562509,2020-09-16
1.7,20.36,0.0,1.4784267366348458,2020-09-17
-0.44,25.05,0.0,1.8285175295589664,2020-09-18
6.81,25.98,0.0,1.7387936816866,2020-09-19
11.87,18.84,8.69,0.5828390879080001,2020-09-20
7.79,23.28,0.0,1.3676075750310903,2020-09-21
6.52,21.58,1.65,1.2708021537731344,2020-09-22
9.45,22.08,0.0,1.114832875102802,2020-09-23
9.22,24.09,0.0,1.3370463806123944,2020-09-24
7.0,21.79,0.0,1.2356240158252276,2020-09-25
7.02,15.75,2.3,0.641957852114477,2020-09-26
4.41,15.52,0.0,0.8246071002343661,2020-09-27
0.83,22.16,0.0,1.4821335477917572,2020-09-28
6.75,17.17,0.0,0.8174753822038593,2020-09-29
1.1,12.72,0.0,0.7706712681214367,2020-09-30
-4.52,12.48,0.0,0.956075252207852,2020-10-01
1.24,17.44,0.0,1.125333768927583,2020-10-02
-1.72,16.03,0.0,1.103907070030173,2020-10-03
4.86,24.56,0.96,1.5210398949556467,2020-10-04
7.76,19.76,0.0,0.9321397056151646,2020-10-05
6.51,17.34,0.0,0.8721510774647476,2020-10-06
1.94,15.07,0.0,0.9731122850831632,2020-10-07
6.89,24.08,2.0,1.2943573609652217,2020-10-08
2.3,11.33,0.0,0.5934780182656423,2020-10-09
2.93,25.89,0.0,1.757135802081254,2020-10-10
4.06,15.47,0.0,0.875604019819663,2020-10-11
-3.01,11.38,0.0,0.8749980159431487,2020-10-12
-0.19,10.78,0.0,0.7227181079650871,2020-10-13
-4.02,6.48,0.0,0.5548851977343772,2020-10-14
-3.86,5.51,0.0,0.4806458470876523,2020-10-15
-7.65,3.72,0.0,0.4996323022210248,2020-10-16
-13.04,-0.41,0.0,0.4329893094710119,2020-10-17
-6.68,-3.67,0.0,0.1323366413010454,2020-10-18
-8.72,-1.68,0.0,0.2878639447800153,2020-10-19
-7.24,-1.81,0.33,0.2405190375584081,2020-10-20
-11.01,-0.83,0.0,0.4510702692795051,2020-10-21
-14.24,-2.6,0.0,0.4268542739740361,2020-10-22
-13.88,-3.74,0.0,0.3517998369903238,2020-10-23
-9.79,-6.05,0.0,0.1430744071996388,2020-10-24
-12.46,-3.65,0.0,0.3102174431357967,2020-10-25
-15.71,2.77,0.0,0.6572359023124152,2020-10-26
-3.9,12.27,0.0,1.036318097060233,2020-10-27
-4.42,5.7,0.0,0.5794163991718149,2020-10-28
-6.47,8.7,0.0,0.832557914023482,2020-10-29
-1.91,13.41,0.0,1.0391645923617887,2020-10-30
-6.29,3.18,0.0,0.4409284558380213,2020-10-31
-7.55,13.39,0.0,1.055871487824775,2020-11-01
-0.74,19.93,0.0,1.4417209090132488,2020-11-02
2.9,18.91,0.0,1.3270522169431271,2020-11-03
1.38,16.03,0.0,1.1363792645295312,2020-11-04
1.65,19.54,0.0,1.3536481316549775,2020-11-05
-1.12,7.0,0.0,0.4471361543824771,2020-11-06
-1.82,1.17,0.79,0.1497672613954702,2020-11-07
-9.33,-2.64,17.73,0.2348120345296575,2020-11-08
-18.03,-8.71,0.0,0.2217467820019794,2020-11-09
-18.53,-5.42,0.0,0.3111026677265951,2020-11-10
-15.34,-6.46,1.03,0.2437448942013875,2020-11-11
-21.46,-7.31,0.0,0.2820273093782155,2020-11-12
-11.95,0.39,0.0,0.4089666211416368,2020-11-13
-8.88,-0.62,0.55,0.3104615948494038,2020-11-14
-14.21,-4.35,0.0,0.284818585383207,2020-11-15
-12.09,-5.11,0.0,0.2201716779095744,2020-11-16
-8.95,1.3,0.0,0.3824651288979674,2020-11-17
-4.62,5.24,0.0,0.4421989801055239,2020-11-18
-11.84,-5.07,3.71,0.2026518593800993,2020-11-19
-19.88,-9.05,0.0,0.2232526342188818,2020-11-20
-16.69,-3.87,0.0,0.3224581909743327,2020-11-21
-15.87,-5.89,0.0,0.2559609685118348,2020-11-22
-11.51,-3.93,0.0,0.2397649406022418,2020-11-23
-10.74,-1.26,0.0,0.3148719059159736,2020-11-24
-6.9,2.54,0.0,0.3746793739328914,2020-11-25
-11.11,-0.93,0.0,0.3326861479854973,2020-11-26
-10.47,1.73,0.0,0.4143091184960786,2020-11-27
-9.57,1.6,0.0,0.3932945640993154,2020-11-28
-14.74,-1.3,0.0,0.3696314198611436,2020-11-29
-8.17,2.57,0.0,0.3998645969440232,2020-11-30
-7.32,1.22,0.0,0.327906444460453,2020-12-01
-11.19,-1.02,0.0,0.3280625762671925,2020-12-02
-7.47,3.04,0.0,0.4042224507567771,2020-12-03
-6.4,2.16,0.0,0.3431409134667352,2020-12-04
-6.62,3.21,0.0,0.391539456494578,2020-12-05
-9.49,3.0,0.0,0.4388434581067469,2020-12-06
-7.64,3.19,0.0,0.4107039314970978,2020-12-07
-3.99,4.09,0.0,0.3548704509329502,2020-12-08
-4.83,2.11,2.51,0.2817061707895009,2020-12-09
-11.5,-2.88,0.0,0.2689580861215789,2020-12-10
-12.73,-4.63,0.0,0.2361302607211282,2020-12-11
-11.2,-3.47,0.0,0.2436158745434202,2020-12-12
-24.47,-13.29,0.0,0.1663513754012771,2020-12-13
-26.45,-11.55,0.0,0.2022799327347781,2020-12-14
-17.46,-7.11,0.0,0.2357273813802979,2020-12-15
-14.09,-2.9,0.0,0.3080319619690856,2020-12-16
-13.25,2.42,0.0,0.4606814673082273,2020-12-17
-21.19,-2.81,0.0,0.3591311388645417,2020-12-18
-10.78,3.75,0.0,0.4777570688897314,2020-12-19
-5.98,3.3,0.0,0.371499895121379,2020-12-20
-8.41,-1.37,7.48,0.2410395823497813,2020-12-21
-13.09,-2.91,9.53,0.2823866363130669,2020-12-22
-16.68,-8.35,0.0,0.1936487564836432,2020-12-23
-14.92,0.94,0.0,0.429763863062255,2020-12-24
-12.22,-2.37,0.0,0.2955974917368384,2020-12-25
-12.76,-4.5,1.97,0.2387213539602037,2020-12-26
-14.54,-6.78,0.0,0.2032690839408528,2020-12-27
-16.73,-6.71,0.0,0.2371497482806973,2020-12-28
-16.18,-7.43,0.0,0.2117235097677859,2020-12-29
-20.53,-7.66,0.0,0.2506697831788281,2020-12-30
-17.1,-1.3,0.0,0.3842780378346302,2021-01-01
-7.08,4.27,0.0,0.4434976264037329,2021-01-02
-2.07,4.27,0.0,0.3022947715430827,2021-01-03
-10.12,0.57,0.0,0.3640005208402933,2021-01-04
-9.33,0.75,0.0,0.3567758413470066,2021-01-05
-11.0,2.69,0.0,0.4529402137332902,2021-01-06
-9.18,0.75,0.0,0.3549245832973278,2021-01-07
-13.88,-2.01,0.0,0.3393745856248905,2021-01-08
-15.21,-4.73,0.0,0.2774104007399817,2021-01-09
-12.48,-3.27,0.0,0.2808433236480245,2021-01-10
-11.44,0.47,0.0,0.3884804997420344,2021-01-11
-7.2,1.87,0.0,0.3588348331888978,2021-01-12
-3.72,6.5,5.33,0.44930478207955,2021-01-13
-6.71,-1.58,0.0,0.2058915527880989,2021-01-14
-13.36,-4.62,0.0,0.2579141070224207,2021-01-15
-9.75,-0.92,0.0,0.3143482075778986,2021-01-16
-10.02,-0.85,2.03,0.3085936597465514,2021-01-17
-9.77,-0.37,0.0,0.337935411648734,2021-01-18
-13.56,1.74,0.0,0.4654748959547393,2021-01-19
-5.24,1.85,0.0,0.3131156165168009,2021-01-20
-11.83,-5.62,0.31,0.2000297044358502,2021-01-21
-10.07,-4.7,0.98,0.1891002007296991,2021-01-22
-25.14,-8.11,0.0,0.2741300834586285,2021-01-23
-29.89,-21.23,0.0,0.1,2021-01-24
-27.49,-20.47,0.0,0.1,2021-01-25
-27.12,-18.64,0.0,0.1106731901386535,2021-01-26
-22.94,-13.73,0.0,0.1621510971718881,2021-01-27
-18.14,-9.82,0.0,0.1975110823427792,2021-01-28
-15.06,-8.85,0.0,0.1744552626284537,2021-01-29
-16.96,-11.58,0.0,0.1347566817438159,2021-01-30
-19.6,-7.79,0.0,0.2678017951690632,2021-01-31
-13.47,0.47,0.0,0.4487482719097848,2021-02-01
-8.2,4.41,0.0,0.522566582344915,2021-02-02
-19.07,-10.61,0.0,0.1963869402083232,2021-02-03
-22.98,-15.89,0.0,0.1273435359845091,2021-02-04
-26.92,-17.95,0.0,0.1265468400532418,2021-02-05
-34.49,-25.2,0.0,0.1,2021-02-06
-35.61,-27.51,0.0,0.1,2021-02-07
-36.07,-26.5,0.0,0.1,2021-02-08
-30.06,-25.86,0.0,0.1,2021-02-09
-33.0,-26.71,0.0,0.1,2021-02-10
-36.88,-28.4,0.0,0.1,2021-02-11
-33.36,-23.14,0.0,0.1,2021-02-12
-36.97,-24.83,0.0,0.1,2021-02-13
-34.81,-22.15,0.0,0.1089726174356396,2021-02-14
-29.71,-17.96,0.0,0.1485064458711369,2021-02-15
-24.64,-14.16,0.0,0.1881392245539297,2021-02-16
-22.51,-15.4,0.0,0.1442424576592478,2021-02-17
-24.12,-11.82,0.0,0.2348200115531212,2021-02-18
-22.0,-2.06,0.0,0.4883813439754787,2021-02-19
-11.7,-2.07,0.0,0.4285084597201953,2021-02-20
-11.65,2.71,0.0,0.6954838184480462,2021-02-21
-3.65,3.83,0.0,0.5486811727056612,2021-02-22
-6.34,0.25,0.0,0.384095384892142,2021-02-23
-9.78,-1.51,0.0,0.4305935827395964,2021-02-24
-11.26,0.92,0.0,0.6352620466772106,2021-02-25
-15.54,-1.48,2.44,0.4678898926481569,2021-02-26
-24.09,-13.22,0.0,0.2169690820594317,2021-02-27
-21.28,-10.08,0.0,0.2697077055032617,2021-02-28
-17.11,4.38,0.0,0.7935403509889158,2021-03-01
-5.55,3.82,0.0,0.6863635667350628,2021-03-02
-9.2,4.53,0.0,0.855731597792998,2021-03-03
-8.23,4.23,0.0,0.8349465883598668,2021-03-04
-4.91,6.18,0.0,0.9219875907187898,2021-03-05
-0.69,7.53,0.0,0.8782564461035536,2021-03-06
-3.27,6.89,0.0,0.9690813283467116,2021-03-07
-2.88,5.34,0.0,0.7974160975967288,2021-03-08
-4.61,-0.15,0.0,0.2844147526296962,2021-03-09
-7.92,3.13,0.0,0.8474511124303529,2021-03-10
-16.69,-2.37,0.0,0.61477954869474,2021-03-11
-9.11,7.77,0.0,1.1631381761602737,2021-03-12
-6.36,8.29,0.0,1.2106815947315783,2021-03-13
-1.78,10.21,0.0,1.3099391620823342,2021-03-14
-1.38,8.75,0.0,1.1758112471154545,2021-03-15
-8.29,2.11,0.0,0.8190556218918464,2021-03-16
-8.05,9.35,0.0,1.3257340174703431,2021-03-17
-3.32,15.3,0.0,1.6862903604455055,2021-03-18
0.03,19.9,0.0,1.9645166175211863,2021-03-19
-0.21,12.1,0.0,1.5386071616239516,2021-03-20
-4.96,4.56,0.0,0.9729279203435124,2021-03-21
-5.66,10.11,0.0,1.4242692688607512,2021-03-22
-6.99,0.76,0.0,0.7396799639479856,2021-03-23
-6.4,9.4,0.0,1.3924119297563364,2021-03-24
-3.11,3.83,0.0,0.9026416889286542,2021-03-25
-10.09,2.36,0.0,1.0312646271379724,2021-03-26
-8.84,6.61,0.0,1.2445825090097171,2021-03-27
-1.63,17.6,0.0,1.8896829165507485,2021-03-28
-8.64,5.85,6.42,1.1317261536320575,2021-03-29
-14.22,-6.01,0.0,0.5387035765105511,2021-03-30
-16.09,7.49,0.0,1.1712127905704377,2021-03-31
-2.91,14.93,0.0,1.7587411247318427,2021-04-01
-0.12,13.67,0.0,1.7072009237061914,2021-04-02
-1.63,14.6,0.0,1.7622516824728909,2021-04-03
-1.43,19.07,0.0,2.0141072307940275,2021-04-04
-2.72,13.05,0.0,1.6680981105684924,2021-04-05
-3.67,16.78,0.0,1.8656954367858316,2021-04-06
-0.11,21.0,0.0,2.08336095441127,2021-04-07
1.86,15.33,1.2,1.7585473339439248,2021-04-08
-5.78,12.31,0.0,1.556711183569636,2021-04-09
-0.79,13.11,0.0,1.6329544750640157,2021-04-10
-2.63,4.54,3.58,0.7869427975913453,2021-04-11
-3.97,0.96,1.92,0.5406090396634458,2021-04-12
-3.82,1.52,0.0,0.5856483250631186,2021-04-13
-3.87,5.14,0.0,1.1784290923443506,2021-04-14
-2.53,10.83,0.0,1.5306683022314636,2021-04-15
-5.07,13.33,0.0,1.6645380950218231,2021-04-16
-1.9,20.18,0.0,2.082025218316677,2021-04-17
-4.24,6.42,0.0,1.27641421154902,2021-04-18
-7.2,4.88,2.96,1.143999069069637,2021-04-19
-8.32,8.45,0.0,1.4359552241547775,2021-04-20
-4.12,17.22,0.0,1.9782126643826512,2021-04-21
-4.68,7.52,0.0,1.394221440998337,2021-04-22
-12.03,4.42,0.0,1.195611331154874,2021-04-23
-9.89,7.97,0.0,1.4000337046000724,2021-04-24
-5.37,9.82,0.0,1.5445579403921033,2021-04-25
-4.87,14.47,0.0,1.8296235167781087,2021-04-26
-3.38,18.26,0.0,2.002685474202683,2021-04-27
-1.62,15.59,0.0,1.869346984328122,2021-04-28
-0.82,12.75,0.0,1.6843319965575068,2021-04-29
2.54,26.52,0.0,2.571292329244172,2021-04-30
5.06,20.77,0.0,2.2227032879416755,2021-05-01
0.63,15.11,0.0,1.852443466002524,2021-05-02
-4.92,10.37,0.0,1.5515283058770506,2021-05-03
-4.88,14.27,0.0,1.7881871367203217,2021-05-04
-3.36,16.45,0.0,1.93559847150424,2021-05-05
-0.43,17.8,0.0,2.050104093810288,2021-05-06
-0.33,17.87,0.0,2.0611986781635663,2021-05-07
2.16,13.3,0.0,1.7249717299718414,2021-05-08
-4.73,15.36,0.0,1.8739808154178652,2021-05-09
-3.75,17.89,0.0,2.0343307566350206,2021-05-10
-0.66,19.91,0.0,2.1936939089863907,2021-05-11
1.2,20.71,0.0,2.254979455126674,2021-05-12
1.08,21.71,0.0,2.314988565264013,2021-05-13
2.43,23.07,0.0,2.4094946346973773,2021-05-14
3.18,24.39,0.0,2.500149315021564,2021-05-15
8.29,28.86,0.0,2.806377922951355,2021-05-16
7.27,32.12,0.0,3.0201479706748176,2021-05-17
12.39,29.3,0.0,2.7893537618074755,2021-05-18
3.25,14.48,0.0,1.7726508325029429,2021-05-19
-1.01,4.89,4.59,0.7841570734558975,2021-05-20
-2.33,4.09,4.43,0.7339462710418371,2021-05-21
0.68,8.8,0.0,1.3114342174384557,2021-05-22
5.73,13.05,15.34,1.2194314690027188,2021-05-23
8.05,11.85,18.7,0.3634083023454603,2021-05-24
2.74,8.86,0.28,0.6645052037223124,2021-05-25
-0.41,13.22,0.0,1.5896616885616195,2021-05-26
0.61,18.41,0.0,2.1052175107280324,2021-05-27
6.07,21.85,0.0,2.354634957466263,2021-05-28
5.98,20.61,0.0,2.2158913342170923,2021-05-29
2.71,22.64,0.0,2.474219673953056,2021-05-30
7.47,26.76,0.0,2.764123978982159,2021-05-31
8.66,26.45,0.0,2.7331517661895535,2021-06-01
12.09,32.19,0.0,3.119395020304814,2021-06-02
13.4,35.67,0.0,3.345729448226598,2021-06-03
16.46,29.83,0.0,2.763687526456514,2021-06-04
12.63,28.91,0.0,2.871499594146671,2021-06-05
8.4,22.29,0.0,2.330779166793922,2021-06-06
9.04,23.24,0.0,2.416516721582132,2021-06-07
6.32,23.17,5.85,2.120755935180592,2021-06-08
12.08,19.21,14.54,0.9479962761251404,2021-06-09
13.34,21.37,12.2,1.0472172201070469,2021-06-10
10.59,20.66,0.0,1.6018966738684324,2021-06-11
7.06,23.69,0.0,2.334245663930517,2021-06-12
6.83,27.34,0.0,2.694770169212103,2021-06-13
12.66,31.53,0.0,2.940959586612765,2021-06-14
16.17,33.47,0.74,2.986609010949785,2021-06-15
13.62,25.29,0.0,2.0897896352889855,2021-06-16
7.67,24.96,0.0,2.476823412419444,2021-06-17
8.13,19.31,0.0,1.7204339035231972,2021-06-18
6.7,20.43,1.17,1.9876724503998953,2021-06-19
6.3,19.02,0.0,1.8062547695615447,2021-06-20
1.63,24.15,0.0,2.451485378816562,2021-06-21
10.18,31.21,0.0,2.938462523321978,2021-06-22
13.15,24.52,0.0,1.880984707880983,2021-06-23
8.79,21.32,0.0,1.8362988631539017,2021-06-24
9.62,27.46,0.0,2.5619022205106137,2021-06-25
13.78,28.05,1.63,2.3592788734834835,2021-06-26
12.7,27.84,0.0,2.408177119598076,2021-06-27
10.44,28.98,0.0,2.7269030360999507,2021-06-28
12.34,32.67,0.0,3.0237580839683114,2021-06-29
13.63,33.7,0.0,3.0746668953211236,2021-06-30
15.55,34.72,0.0,3.0896840944039807,2021-07-01
18.62,38.46,0.0,3.3131120194917205,2021-07-02
16.65,30.02,0.0,2.3998182875016125,2021-07-03
12.64,29.32,5.76,2.1633295653730156,2021-07-04
13.63,24.34,0.0,1.750412599563521,2021-07-05
10.24,21.06,0.0,1.6243497438319012,2021-07-06
10.75,28.22,5.44,2.109679473417284,2021-07-07
14.61,26.52,8.23,1.5469781390602555,2021-07-08
12.39,29.52,0.0,2.5076268928398666,2021-07-09
13.62,31.99,0.0,2.6920992751787916,2021-07-10
15.79,32.48,0.0,2.612917486032201,2021-07-11
12.16,27.47,0.0,2.269441275037787,2021-07-12
10.28,28.97,0.0,2.561138077270636,2021-07-13
10.82,30.79,0.0,2.716188688408921,2021-07-14
13.97,34.94,0.0,2.9796652496418212,2021-07-15
15.37,31.07,0.0,2.4423509713954834,2021-07-16
17.39,34.91,0.0,2.7553691703138607,2021-07-17
13.89,27.23,0.0,2.019062158599091,2021-07-18
14.44,21.08,0.0,0.8271164153478022,2021-07-19
16.3,27.85,0.0,1.847714081379824,2021-07-20
15.75,30.76,0.0,2.3827490156259223,2021-07-21
15.11,33.77,0.0,2.7959486955093107,2021-07-22
6.95,28.74,0.0,2.5960405086193874,2021-07-23
9.62,29.27,0.0,2.553815138975163,2021-07-24
10.65,29.69,1.04,2.5444119700726953,2021-07-25
12.01,28.74,0.0,2.3420534778330904,2021-07-26
12.55,36.55,0.0,3.0629815497143476,2021-07-27
13.73,29.25,0.0,2.2484647745890154,2021-07-28
12.79,33.19,0.0,2.744041129101856,2021-07-29
13.12,31.31,0.0,2.524638365514435,2021-07-30
12.41,31.61,0.0,2.5860011621716277,2021-07-31
11.74,32.9,0.0,2.7290690140906304,2021-08-01
15.11,34.94,0.0,2.7527585584193885,2021-08-02
18.67,28.34,0.0,1.4117136286309788,2021-08-03
14.48,28.94,0.0,2.064784675874242,2021-08-04
10.74,30.49,0.0,2.4838522880876677,2021-08-05
14.98,32.87,0.0,2.4835161340629166,2021-08-06
15.14,30.12,0.0,2.110475493386706,2021-08-07
13.98,23.74,0.0,1.2549360359411703,2021-08-08
11.53,20.54,0.0,1.061902960953066,2021-08-09
10.32,19.88,3.39,0.9027749933308556,2021-08-10
11.15,25.82,0.0,1.872280159974357,2021-08-11
8.61,23.82,0.0,1.8141859493206507,2021-08-12
8.51,29.61,0.0,2.396951359273157,2021-08-13
15.96,36.95,0.0,2.74339047617929,2021-08-14
15.37,33.45,0.0,2.4097469486418595,2021-08-15
14.75,28.76,0.0,1.877592997671788,2021-08-16
9.96,20.87,5.02,1.0008831284342314,2021-08-17
9.63,17.31,5.05,0.7015093666824971,2021-08-18
8.06,18.64,5.91,0.924699706897412,2021-08-19
10.14,18.2,6.65,0.7426800746440043,2021-08-20
6.46,21.7,5.04,1.2785671821245084,2021-08-21
9.28,15.83,11.46,0.5949532448728206,2021-08-22
6.88,19.37,4.57,1.0858532915403252,2021-08-23
7.65,15.31,0.0,0.7545230755293841,2021-08-24
3.43,20.0,0.0,1.610131279934814,2021-08-25
7.79,20.56,0.0,1.4132628440838912,2021-08-26
12.41,21.78,0.0,1.0870294416287964,2021-08-27
10.89,23.72,0.2,1.5441343678919357,2021-08-28
7.39,25.95,0.0,1.9753311148712431,2021-08-29
8.69,29.24,0.0,2.1924478544590835,2021-08-30
12.68,25.81,17.19,1.2909197762314089,2021-08-31
8.9,21.71,0.0,1.3464597022908162,2021-09-01
7.97,19.54,0.0,1.148544089339247,2021-09-02
7.51,21.93,0.0,1.4448734664157483,2021-09-03
5.14,23.48,0.0,1.6931567883520926,2021-09-04
7.58,29.51,0.0,2.0720721176029233,2021-09-05
10.26,22.84,0.94,1.298949897569616,2021-09-06
7.46,23.82,0.0,1.5968162329836666,2021-09-07
5.35,25.34,0.0,1.8527379899543992,2021-09-08
10.64,28.69,0.0,1.997612386982355,2021-09-09
8.6,22.36,0.0,1.4557618492743545,2021-09-10
6.94,14.26,0.0,0.6578620960117048,2021-09-11
3.8,17.71,0.0,1.2600060079771582,2021-09-12
7.14,21.41,0.0,1.4368742104648222,2021-09-13
4.39,22.95,0.0,1.6839293173183232,2021-09-14
8.62,19.73,0.0,1.1100672261776314,2021-09-15
3.88,15.84,0.0,1.0262584838507398,2021-09-16
-0.95,20.12,0.0,1.5348373664349786,2021-09-17
11.33,32.83,0.0,2.164359552853093,2021-09-18
6.89,20.33,0.0,1.230202991570656,2021-09-19
1.7,18.95,0.0,1.3453980620506236,2021-09-20
3.11,22.09,0.0,1.5260267372642504,2021-09-21
5.63,28.24,0.0,1.8943938368192612,2021-09-22
4.85,18.03,0.0,1.0428159017199936,2021-09-23
-0.97,19.31,0.0,1.3705935597738532,2021-09-24
7.63,26.86,0.0,1.679544940425001,2021-09-25
4.19,26.05,0.0,1.7034258572457828,2021-09-26
9.34,30.37,0.0,1.8461857548068188,2021-09-27
6.48,28.32,0.0,1.7683508625713664,2021-09-28
6.35,21.0,0.0,1.144546439646779,2021-09-29
1.08,23.81,0.0,1.55020290135055,2021-09-30
6.0,23.75,0.0,1.3726756305939904,2021-10-01
0.26,21.69,0.0,1.3911630650358076,2021-10-02
6.28,24.24,0.0,1.3946176581992438,2021-10-03
1.92,22.72,0.0,1.41807540566484,2021-10-04
5.39,25.61,0.0,1.510281819708685,2021-10-05
7.18,26.68,0.0,1.5371058719711668,2021-10-06
3.5,14.79,0.0,0.7583742901744182,2021-10-07
2.27,17.07,0.0,0.985535254950015,2021-10-08
0.01,19.8,0.0,1.2672155512225451,2021-10-09
-0.41,19.3,0.0,1.227288810387239,2021-10-10
-2.01,9.83,0.0,0.6491877531002717,2021-10-11
-6.74,8.46,0.0,0.6993954010241545,2021-10-12
-3.68,4.91,4.5,0.4049472563313033,2021-10-13
-1.97,6.12,2.49,0.4066380256521461,2021-10-14
-3.49,13.63,0.0,0.8833742301261276,2021-10-15
-0.54,18.24,0.0,1.0614628370367274,2021-10-16
3.22,24.57,0.0,1.3621685552143208,2021-10-17
1.29,13.81,0.0,0.7445913066488585,2021-10-18
-5.01,7.12,0.0,0.5730429158336479,2021-10-19
-7.66,7.78,0.0,0.6604902924761308,2021-10-20
-4.3,11.57,0.0,0.7727960499615593,2021-10-21
-5.33,9.74,0.0,0.7023613221389486,2021-10-22
-1.55,7.23,1.58,0.4611147485873508,2021-10-23
1.93,6.85,0.0,0.2888306428483685,2021-10-24
2.91,9.66,2.73,0.3891495115083767,2021-10-25
2.51,10.75,2.53,0.4703289637026488,2021-10-26
0.54,13.58,0.0,0.7395405100266723,2021-10-27
-2.0,11.41,0.0,0.6962221433108778,2021-10-28
0.7,9.61,2.49,0.4769374059274416,2021-10-29
-4.35,4.73,0.0,0.4248724855450835,2021-10-30
-8.11,4.18,0.0,0.4957238607645124,2021-10-31
-10.05,2.36,0.0,0.4577938874248157,2021-11-01
-9.78,6.99,0.0,0.6338140086493864,2021-11-02
-7.5,10.66,0.0,0.7551858386143434,2021-11-03
-1.49,16.74,0.0,0.937885831400358,2021-11-04
2.25,15.03,0.0,0.7454520468993886,2021-11-05
-2.9,11.14,0.0,0.6858101551567723,2021-11-06
-5.82,10.29,0.0,0.7027839154298066,2021-11-07
-5.13,9.28,0.0,0.6429757986403877,2021-11-08
-9.48,8.5,0.0,0.6731375332905123,2021-11-09
-2.03,4.4,0.92,0.3148397626184145,2021-11-10
-6.33,-2.5,0.0,0.1542660420700532,2021-11-11
-9.07,-2.07,0.0,0.2518503785728382,2021-11-12
-7.85,4.77,0.0,0.4926198767333857,2021-11-13
-5.39,2.51,1.02,0.3359403949096406,2021-11-14
-1.38,5.82,1.28,0.3592970847542084,2021-11-15
-4.49,7.46,5.25,0.511287735056048,2021-11-16
-12.13,-4.92,0.0,0.2208021325248435,2021-11-17
-14.75,-0.8,0.0,0.3895354048153079,2021-11-18
-10.28,-1.21,0.0,0.3082801545724984,2021-11-19
-10.88,1.68,0.0,0.4206386694005132,2021-11-20
-16.52,-2.05,0.0,0.366173842177232,2021-11-21
-7.76,5.35,0.0,0.5033598092209756,2021-11-22
-9.98,3.96,0.0,0.4840776863411279,2021-11-23
-16.23,-7.91,0.0,0.200637953850781,2021-11-24
-11.14,3.27,0.0,0.4719669850090137,2021-11-25
-1.92,6.81,0.0,0.4144884648370829,2021-11-26
-6.01,2.12,0.0,0.3254163252243596,2021-11-27
-4.53,5.42,0.0,0.4262447794804674,2021-11-28
-3.34,5.79,0.0,0.4083236226169224,2021-11-29
-5.25,5.93,0.0,0.4644143144488007,2021-11-30
-0.15,7.37,0.0,0.3765249566138388,2021-12-01
-3.0,2.69,1.08,0.2539868746575519,2021-12-02
-7.54,-0.21,0.0,0.2715135586546018,2021-12-03
-10.0,-1.65,0.76,0.2813939124423531,2021-12-04
-21.73,-6.73,1.47,0.2779902200056953,2021-12-05
-24.88,-12.89,0.0,0.175781546074637,2021-12-06
-20.68,-8.06,0.0,0.2430792445180441,2021-12-07
-15.23,3.51,0.95,0.5104133353259461,2021-12-08
-12.2,-1.61,0.0,0.3219652808650203,2021-12-09
-14.64,-3.8,0.0,0.2899567151838809,2021-12-10
-10.34,3.94,0.0,0.4804320509900613,2021-12-11
-9.15,1.47,0.0,0.3712951787204632,2021-12-12
-14.49,-2.34,0.0,0.3284279555955348,2021-12-13
-9.01,-1.78,0.64,0.2495048372067817,2021-12-14
-20.97,-11.24,0.0,0.1766229858144095,2021-12-15
-24.77,-16.27,0.55,0.1184107457697125,2021-12-16
-25.68,-17.41,0.95,0.107595529774981,2021-12-17
-27.86,-7.02,0.0,0.2757337836655932,2021-12-18
-19.24,-6.9,0.0,0.2548558062322872,2021-12-19
-21.59,-12.38,0.0,0.1591114970603705,2021-12-20
-19.74,-7.02,0.0,0.2559856365681977,2021-12-21
-13.65,-5.37,2.85,0.2186691222705416,2021-12-22
-13.33,0.78,1.74,0.4085832758287587,2021-12-23
-23.72,-14.22,0.85,0.1437171913815947,2021-12-24
-28.61,-22.14,2.14,0.1,2021-12-25
-28.55,-23.34,7.41,0.1,2021-12-26
-34.66,-25.97,1.2,0.1,2021-12-27
-37.79,-27.31,0.0,0.1,2021-12-28
-34.57,-25.4,0.0,0.1,2021-12-29
-35.78,-27.04,0.0,0.1,2021-12-30
-35.92,-26.99,0.0,0.1,2021-12-31
-34.88,-22.2,0.0,0.1,2022-01-01
-26.7,-1.47,0.0,0.3832880312447684,2022-01-02
-16.65,-4.81,3.13,0.2739617415300681,2022-01-03
-23.38,-12.92,1.53,0.1640486957253399,2022-01-04
-32.2,-20.21,0.0,0.1034677106936031,2022-01-05
-34.66,-25.72,0.0,0.1,2022-01-06
-24.92,-7.78,1.84,0.2660295053362706,2022-01-07
-23.85,-12.45,0.0,0.1768176420261433,2022-01-08
-28.46,-16.06,0.0,0.1425261281118788,2022-01-09
-22.37,-1.01,0.0,0.4083895673129967,2022-01-10
-10.65,4.23,0.0,0.5023586466102163,2022-01-11
-2.07,5.15,0.0,0.3414349886720756,2022-01-12
-4.81,3.7,0.0,0.3628251695365651,2022-01-13
-5.63,1.54,0.0,0.294598916528865,2022-01-14
-5.13,4.17,0.0,0.3950124872183572,2022-01-15
-4.14,3.89,0.0,0.3549387515353827,2022-01-16
-5.52,4.77,1.0,0.4341603366048553,2022-01-17
-19.49,2.25,0.0,0.5000977260422829,2022-01-18
-26.25,-15.82,0.0,0.140068157591406,2022-01-19
-23.82,-2.71,0.0,0.3784550381059187,2022-01-20
-10.09,2.3,1.16,0.4367641890047605,2022-01-21
-8.27,4.1,2.2,0.4550946589657926,2022-01-22
-7.51,4.79,0.0,0.4905229317237342,2022-01-23
-11.33,1.25,0.0,0.423422174045911,2022-01-24
-23.16,-5.42,0.0,0.3253583585419627,2022-01-25
-10.24,1.81,0.0,0.4291883634480835,2022-01-26
-7.58,0.59,0.0,0.323844288743875,2022-01-27
-10.29,1.72,0.0,0.4307428121994619,2022-01-28
-8.22,2.88,0.0,0.4377927359622917,2022-01-29
-4.71,5.27,0.0,0.4582278615705303,2022-01-30
-12.21,4.26,3.48,0.530080541668811,2022-01-31
-26.03,-15.72,0.0,0.1486111938742743,2022-02-01
-31.53,-22.55,0.0,0.1,2022-02-02
-29.93,-18.07,0.0,0.133874890083569,2022-02-03
-31.36,-4.95,5.95,0.3143803881841404,2022-02-04
-14.22,-4.16,0.77,0.3037461538313434,2022-02-05
-15.69,1.6,0.0,0.508167036190155,2022-02-06
-5.31,5.58,0.0,0.5097402915937594,2022-02-07
-4.36,2.62,0.0,0.336921785528589,2022-02-08
-8.09,2.63,0.0,0.4524325533573685,2022-02-09
-8.52,5.35,0.68,0.5821155347123361,2022-02-10
-18.08,-10.73,0.0,0.1808541860403886,2022-02-11
-16.58,-6.5,0.0,0.2797251358651506,2022-02-12
-15.1,2.2,0.0,0.5443929081734464,2022-02-13
-17.07,-8.1,1.22,0.2413028174004465,2022-02-14
-14.5,-6.91,1.45,0.2345702177719926,2022-02-15
-23.05,-14.67,0.47,0.1562524807238197,2022-02-16
-25.42,-1.81,0.0,0.4435193734121354,2022-02-17
-20.06,-5.54,0.0,0.3518570438310236,2022-02-18
-16.66,3.51,3.43,0.5737180960266738,2022-02-19
-22.31,-13.06,0.0,0.1877282314200752,2022-02-20
-27.91,-20.46,0.0,0.1008490846974747,2022-02-21
-31.23,-20.35,0.0,0.1227844390285112,2022-02-22
-30.32,-18.39,0.0,0.1473600068748974,2022-02-23
-26.95,-16.76,0.0,0.1583190946309877,2022-02-24
-26.37,-7.87,0.0,0.3272602549155052,2022-02-25
-14.22,-2.43,0.0,0.4112069701717639,2022-02-26
-11.47,-5.0,0.0,0.2536952364107008,2022-02-27
-13.99,-6.25,0.0,0.2706161901000062,2022-02-28
-13.45,-6.3,0.0,0.258609617990842,2022-03-01
-15.3,-8.42,0.0,0.2268729226383855,2022-03-02
-16.0,-9.42,6.91,0.1908386092117376,2022-03-03
-11.51,-7.61,3.39,0.1426430320001222,2022-03-04
-15.95,-10.12,0.0,0.1899329146168995,2022-03-05
-18.81,-5.06,0.0,0.4057169462546623,2022-03-06
-15.85,1.6,1.0,0.6294887000742525,2022-03-07
-17.23,-7.65,0.0,0.3096302885049771,2022-03-08
-23.75,-13.29,0.0,0.2281145468372577,2022-03-09
-23.8,-12.05,0.0,0.2591385862395988,2022-03-10
-29.98,-10.41,0.0,0.3010967086635279,2022-03-11
-16.19,2.7,0.0,0.7117935783084748,2022-03-12
-10.62,-1.68,0.0,0.4197098571524293,2022-03-13
-10.92,2.05,0.0,0.6635295772373367,2022-03-14
-4.35,5.25,0.0,0.6902690803649305,2022-03-15
-2.38,4.41,0.0,0.4700288262529891,2022-03-16
-5.58,6.06,0.0,0.8405236530184254,2022-03-17
-1.67,6.05,0.0,0.6294014515667813,2022-03-18
-2.91,7.52,0.0,0.9096383039540498,2022-03-19
-1.07,5.2,0.0,0.5342369403473574,2022-03-20
-1.07,6.25,0.0,0.7236728837610534,2022-03-21
-2.23,8.21,0.0,1.0501953401631696,2022-03-22
-2.02,13.68,0.0,1.5170571360089782,2022-03-23
-0.41,8.19,0.2,0.9489075815370358,2022-03-24
-6.14,1.75,0.0,0.6346148229067335,2022-03-25
-8.67,-1.59,0.0,0.4673078126218144,2022-03-26
-6.27,9.09,0.0,1.2844469567171526,2022-03-27
-2.45,9.48,0.0,1.3606175560752076,2022-03-28
-5.59,1.7,0.0,0.710924642992921,2022-03-29
-7.93,9.67,0.0,1.412746517468093,2022-03-30
-1.16,5.54,1.65,0.8463131553246298,2022-03-31
-3.93,5.94,0.0,1.0877105077032243,2022-04-01
-6.97,8.18,0.0,1.33647981535201,2022-04-02
-3.82,11.75,0.0,1.597202560345532,2022-04-03
-1.46,16.13,0.0,1.8979845970483544,2022-04-04
-0.5,9.22,2.42,1.087810153679062,2022-04-05
-0.76,7.44,0.75,1.1183063868631602,2022-04-06
-3.22,10.77,0.0,1.5745939194442935,2022-04-07
-1.8,18.23,0.0,2.0322416341445244,2022-04-08
-0.12,12.53,0.0,1.7162251171757177,2022-04-09
-4.27,7.9,0.0,1.3841969002051016,2022-04-10
-7.87,-0.48,0.0,0.6876957585268357,2022-04-11
-9.89,-5.55,0.0,0.2635848147005805,2022-04-12
-9.49,-5.62,1.9,0.2330308358021708,2022-04-13
-9.13,-4.4,1.64,0.3420722248495253,2022-04-14
-10.72,-3.26,0.0,0.5844730349062117,2022-04-15
-10.62,0.72,0.0,0.9425384402444946,2022-04-16
-7.26,3.37,0.0,1.097232887599312,2022-04-17
-7.36,8.18,0.0,1.4886968068839626,2022-04-18
-3.16,4.65,1.53,1.0464089413694064,2022-04-19
-4.35,1.61,0.0,0.6982340672826767,2022-04-20
-8.44,5.32,0.0,1.29304445387172,2022-04-21
-2.38,3.66,0.73,0.8468527645366914,2022-04-22
0.06,8.26,1.96,1.3791576966296537,2022-04-23
-2.36,11.4,0.0,1.7505150921661703,2022-04-24
-2.77,11.07,0.0,1.7276043330499995,2022-04-25
-2.6,15.02,0.0,1.971448854987906,2022-04-26
0.88,15.62,0.0,2.044140494829149,2022-04-27
0.77,17.74,0.0,2.1789386905910613,2022-04-28
0.89,16.44,0.0,2.102544723560792,2022-04-29
1.78,17.06,0.0,2.1446243423404057,2022-04-30
0.16,15.78,0.0,2.053431687909702,2022-05-01
-0.71,18.25,0.0,2.200964586035815,2022-05-02
3.93,20.29,0.0,2.3749016562393455,2022-05-03
1.45,24.24,0.0,2.5875991284225996,2022-05-04
8.83,27.5,0.0,2.863965422467087,2022-05-05
9.89,22.81,1.0,2.4127212484217964,2022-05-06
6.38,14.46,5.29,1.443896424142276,2022-05-07
3.58,16.05,0.0,2.0025587787221406,2022-05-08
-0.23,14.72,2.73,1.7430983730058824,2022-05-09
2.78,14.11,2.73,1.5632206226455074,2022-05-10
-0.19,18.86,0.0,2.190619870001873,2022-05-11
2.79,19.43,0.0,2.2467346170465503,2022-05-12
4.5,10.47,12.61,0.7632906673826017,2022-05-13
2.91,16.6,0.0,1.9576517339892536,2022-05-14
3.51,20.34,0.0,2.307352770577479,2022-05-15
4.9,21.97,0.0,2.4199389074349056,2022-05-16
6.47,21.84,2.55,2.039381379436044,2022-05-17
7.0,16.8,1.21,1.7076693621181114,2022-05-18
1.59,11.81,3.44,1.1224083744612596,2022-05-19
0.77,8.18,0.0,0.901930944946086,2022-05-20
-0.52,13.58,0.0,1.7503979977107864,2022-05-21
0.48,16.62,0.0,2.0235970768319165,2022-05-22
1.88,22.08,0.0,2.4258964440949904,2022-05-23
4.57,24.3,0.0,2.588423122398262,2022-05-24
6.39,24.13,0.0,2.5762603348262427,2022-05-25
6.44,24.27,0.0,2.58970902930163,2022-05-26
6.72,21.36,1.84,2.3446763056707223,2022-05-27
7.67,22.77,0.0,2.4566707731039306,2022-05-28
9.95,19.9,0.0,1.8652870287839636,2022-05-29
7.44,18.11,0.0,1.8489991683979012,2022-05-30
3.95,18.59,0.0,2.151966474933906,2022-05-31
3.02,20.0,0.0,2.3194428907603095,2022-06-01
4.02,21.56,0.0,2.4321489810622516,2022-06-02
2.27,23.01,0.0,2.524917657383198,2022-06-03
4.2,24.95,0.0,2.667533340303033,2022-06-04
6.65,20.31,0.0,2.3112734146124567,2022-06-05
5.59,20.44,0.0,2.335817469411598,2022-06-06
7.84,20.58,0.0,2.3035113351301417,2022-06-07
6.65,24.37,1.96,2.6308142723697308,2022-06-08
11.32,25.06,5.91,2.2869608544810753,2022-06-09
10.54,26.59,0.82,2.760588724403089,2022-06-10
8.01,24.58,0.0,2.639960413564354,2022-06-11
8.6,25.56,3.04,2.3642456662006173,2022-06-12
11.16,22.5,2.29,1.7717742258497156,2022-06-13
6.94,19.54,0.0,2.093087471397594,2022-06-14
5.05,17.83,4.45,1.621644132961198,2022-06-15
11.29,21.38,0.0,1.9227491590964572,2022-06-16
10.74,29.95,0.0,3.01954954184246,2022-06-17
17.72,32.31,0.0,3.021402604970863,2022-06-18
15.85,21.68,6.33,0.7749545309046245,2022-06-19
14.19,21.78,1.44,1.4293676389396426,2022-06-20
11.96,23.14,1.98,2.059377626802114,2022-06-21
10.71,28.07,0.0,2.819140286770802,2022-06-22
10.4,27.87,5.16,2.3342196484216253,2022-06-23
8.32,19.27,1.07,1.763639509775481,2022-06-24
8.38,21.19,2.58,1.650286465680561,2022-06-25
8.41,25.18,0.0,2.525906799200534,2022-06-26
9.73,24.35,2.28,1.9160138107116231,2022-06-27
10.09,23.02,2.54,1.69620200284591,2022-06-28
12.83,26.47,0.0,2.347096015756894,2022-06-29
9.84,23.31,0.0,2.165498665907458,2022-06-30
8.74,24.38,0.0,2.3778246136071797,2022-07-01
10.03,23.37,3.85,1.739371244011408,2022-07-02
10.98,24.01,2.63,1.7232705327538906,2022-07-03
13.12,17.62,9.5,0.5239234729299571,2022-07-04
12.67,19.53,3.51,0.7885602996404271,2022-07-05
12.71,25.06,0.0,2.087397984291211,2022-07-06
13.3,24.49,0.42,1.9258733688664984,2022-07-07
16.71,31.27,0.0,2.6018340996231566,2022-07-08
16.29,29.67,2.78,1.91520787351927,2022-07-09
13.98,25.64,1.84,2.0191872779323066,2022-07-10
11.01,27.54,0.0,2.4943756630985363,2022-07-11
10.42,29.99,0.0,2.7437244348467225,2022-07-12
15.76,33.09,3.14,2.3029248810506115,2022-07-13
15.84,28.22,0.0,2.163659699992385,2022-07-14
15.94,33.84,0.0,2.8617337229972235,2022-07-15
14.78,35.24,0.0,3.024026449413084,2022-07-16
15.15,32.6,0.0,2.7469016624332676,2022-07-17
14.19,29.14,20.11,1.9290074375357016,2022-07-18
14.41,28.4,8.41,1.6890808368193222,2022-07-19
13.25,24.78,0.0,1.6425204446849833,2022-07-20
11.03,28.45,0.0,2.2987787183797237,2022-07-21
10.93,25.47,0.0,1.9608899201569228,2022-07-22
9.2,21.97,0.0,1.661181877982682,2022-07-23
7.76,27.71,0.0,2.356924626167608,2022-07-24
12.88,20.77,4.04,0.8606675342945596,2022-07-25
10.66,24.47,0.0,1.823838239393776,2022-07-26
7.93,25.59,0.0,2.1157025296303265,2022-07-27
7.9,27.15,0.0,2.250308574320373,2022-07-28
12.54,32.85,0.0,2.5709871801444217,2022-07-29
14.86,27.13,5.92,1.3367123908996372,2022-07-30
13.78,28.17,9.37,1.5461875538033982,2022-07-31
15.13,26.83,0.0,1.5398148469380617,2022-08-01
14.02,25.84,0.0,1.5204920770337802,2022-08-02
9.28,26.03,0.0,1.9406148453816363,2022-08-03
11.3,35.11,0.0,2.6513617719544884,2022-08-04
9.3,20.59,0.0,1.226001662316059,2022-08-05
4.64,22.49,0.0,1.7927301196933878,2022-08-06
10.81,30.05,0.0,2.2176108259802447,2022-08-07
10.36,33.48,0.0,2.5315377319702033,2022-08-08
10.34,26.29,0.0,1.8338658364288136,2022-08-09
10.32,26.43,0.0,1.8409204765527984,2022-08-10
15.41,25.04,0.0,1.134229917929594,2022-08-11
11.76,31.43,0.0,2.3265290680039103,2022-08-12
16.08,32.65,0.0,2.1473396608104363,2022-08-13
15.74,31.53,0.0,2.03378840837331,2022-08-14
12.5,29.85,0.0,2.087687088663827,2022-08-15
13.72,34.27,0.0,2.45459931432545,2022-08-16
16.15,30.1,0.0,1.7941427898071836,2022-08-17
12.38,29.41,0.0,2.0433213869468987,2022-08-18
10.51,29.26,0.0,2.11898501232316,2022-08-19
13.83,31.4,0.0,2.1236062852808577,2022-08-20
12.52,33.66,0.0,2.3975828584698444,2022-08-21
16.21,28.25,0.0,1.4532546251609684,2022-08-22
15.17,26.4,0.0,1.3080347360400535,2022-08-23
10.92,26.76,0.0,1.7588997649664528,2022-08-24
9.83,28.28,0.0,1.9709744226040824,2022-08-25
12.93,29.42,11.7,1.5503545606852316,2022-08-26
13.41,30.59,0.0,1.9081680830561352,2022-08-27
12.51,21.51,0.0,0.94180322594464,2022-08-28
8.96,27.23,0.0,1.8267036170102635,2022-08-29
10.15,31.49,0.0,2.133386981268203,2022-08-30
14.13,35.21,0.0,2.24247172552571,2022-08-31
14.35,33.27,0.0,2.024507731485134,2022-09-01
6.48,26.72,0.0,1.8210217576968744,2022-09-02
11.98,36.48,0.0,2.3860929647098574,2022-09-03
15.35,34.05,0.0,1.9753335151409035,2022-09-04
12.28,32.32,0.0,1.987534167909543,2022-09-05
8.42,24.96,0.0,1.4991055111020737,2022-09-06
10.38,35.5,0.0,2.307268472278868,2022-09-07
7.31,20.34,0.0,1.1214216644459605,2022-09-08
3.47,17.47,0.0,1.084409967254366,2022-09-09
2.12,22.68,0.0,1.5618382084184184,2022-09-10
7.95,31.71,0.0,2.0753465928048427,2022-09-11
8.24,24.04,0.0,1.3843060803774578,2022-09-12
9.73,15.75,1.69,0.5398828325923044,2022-09-13
8.0,15.62,2.08,0.5965058755134622,2022-09-14
7.06,15.59,0.0,0.7160503237980812,2022-09-15
10.05,20.16,0.0,0.9073741062996112,2022-09-16
7.55,23.06,0.0,1.3031885461435448,2022-09-17
5.11,22.36,0.0,1.3867710585142052,2022-09-18
8.85,20.29,0.97,0.9847214248008204,2022-09-19
4.61,14.13,0.0,0.7380628255973629,2022-09-20
-0.53,16.91,0.0,1.1491266175180983,2022-09-21
1.41,17.91,1.78,1.1573548607877662,2022-09-22
4.58,18.46,0.0,1.0468794550668437,2022-09-23
6.65,21.44,0.0,1.187629729598494,2022-09-24
2.05,21.83,0.0,1.4127780172122355,2022-09-25
5.58,22.97,0.0,1.365820500136142,2022-09-26
5.79,25.19,0.0,1.530174226147896,2022-09-27
8.41,30.85,0.0,1.8523356904979085,2022-09-28
7.54,31.1,0.0,1.8793748941235848,2022-09-29
9.57,23.71,0.0,1.1513045351106723,2022-09-30
7.21,19.44,0.0,0.9486958095529596,2022-10-01
5.65,18.68,0.0,0.9669525040942404,2022-10-02
6.28,22.31,0.0,1.2794521505408252,2022-10-03
7.07,25.58,0.0,1.5289280221832782,2022-10-04
3.93,12.88,0.0,0.6312305651507631,2022-10-05
-3.43,9.85,0.0,0.7310209320686611,2022-10-06
-3.05,19.66,0.0,1.3272199127628832,2022-10-07
2.79,22.47,0.0,1.4015086904706038,2022-10-08
2.95,22.24,0.0,1.3741841195937894,2022-10-09
2.76,25.35,0.0,1.576066560484304,2022-10-10
3.99,14.95,0.0,0.7500186926105523,2022-10-11
2.33,11.48,0.0,0.5941805652675528,2022-10-12
-0.06,14.07,0.0,0.8422375247354779,2022-10-13
-1.84,15.38,0.0,0.9796015852806688,2022-10-14
-2.08,9.46,0.0,0.6309468639840681,2022-10-15
-4.65,9.25,0.0,0.6893697242204438,2022-10-16
-2.18,17.38,0.0,1.2025927386547033,2022-10-17
0.48,22.55,0.0,1.5678069948195117,2022-10-18
1.87,21.55,0.0,1.462946684025637,2022-10-19
2.6,15.92,0.0,0.9667816306247976,2022-10-20
1.12,10.91,0.0,0.5750015921365189,2022-10-21
-2.72,10.5,6.43,0.6426787042504659,2022-10-22
-0.93,3.23,13.71,0.2099897275677842,2022-10-23
-2.93,0.61,0.0,0.174446373702551,2022-10-24
-3.53,2.43,0.0,0.2881303530916527,2022-10-25
-4.56,4.84,0.0,0.443100573778472,2022-10-26
-0.86,8.06,0.0,0.4833161289300777,2022-10-27
0.31,9.21,0.0,0.502995657668538,2022-10-28
-1.17,12.07,0.0,0.7116865820788705,2022-10-29
-0.78,13.57,0.0,0.8511209401998479,2022-10-30
-0.94,8.61,0.0,0.5124560977803025,2022-10-31
-0.18,10.37,0.0,0.5796946531075551,2022-11-01
-2.65,1.5,0.0,0.2039888581734484,2022-11-02
-7.85,-1.99,0.0,0.2305446878417009,2022-11-03
-8.2,5.18,2.2,0.517631905923065,2022-11-04
-4.93,4.91,13.06,0.4317066372075373,2022-11-05
-11.55,-5.7,0.0,0.1946471424312932,2022-11-06
-13.05,-6.15,5.02,0.2023736726383307,2022-11-07
-17.08,-6.96,0.0,0.2587566265524677,2022-11-08
-22.38,-15.1,0.0,0.1302311031775564,2022-11-09
-22.45,-14.37,0.0,0.1449206626597972,2022-11-10
-21.63,-11.02,0.0,0.2049651919712646,2022-11-11
-21.07,-9.87,1.37,0.2247002068683262,2022-11-12
-14.24,-6.2,0.0,0.2340265213006234,2022-11-13
-12.53,-5.5,1.06,0.2219291331486664,2022-11-14
-11.67,-3.86,0.0,0.25925047415558,2022-11-15
-10.97,-2.73,0.0,0.2838709552435793,2022-11-16
-16.89,-10.21,0.0,0.1651738263558742,2022-11-17
-17.18,-7.34,0.0,0.2445886077408937,2022-11-18
-12.1,-3.83,0.0,0.2692281086945624,2022-11-19
-11.76,0.53,0.0,0.4084094822019315,2022-11-20
-11.82,1.41,1.46,0.4378342407351291,2022-11-21
-6.25,2.8,0.0,0.3836972378713841,2022-11-22
-4.52,2.36,0.0,0.3121161587331509,2022-11-23
-6.55,4.18,0.0,0.4446939030684871,2022-11-24
-0.52,6.92,0.0,0.3912644733601911,2022-11-25
-2.94,2.65,0.0,0.2665264263899399,2022-11-26
-4.12,3.15,1.6,0.3305282298975217,2022-11-27
-11.48,-4.42,3.17,0.216596937608774,2022-11-28
-16.51,-10.94,0.0,0.1344697059675005,2022-11-29
-20.35,-13.35,1.47,0.1351795458054936,2022-11-30
-21.66,-13.2,0.86,0.151750539695039,2022-12-01
-27.94,-20.42,0.0,0.1,2022-12-02
-23.56,-11.41,0.0,0.1978708096539768,2022-12-03
-14.71,-3.18,0.0,0.3154281358980016,2022-12-04
-23.02,-12.48,0.78,0.1745007877528572,2022-12-05
-32.5,-20.65,0.0,0.1017012597302138,2022-12-06
-34.75,-8.66,0.0,0.2340771924141875,2022-12-07
-15.72,-4.7,0.0,0.2808590954917153,2022-12-08
-11.01,-1.96,0.0,0.2918732185382591,2022-12-09
-16.02,-5.82,0.0,0.2534976547641808,2022-12-10
-10.51,-4.29,2.44,0.1939243073946532,2022-12-11
-12.1,-7.05,3.65,0.1432545087991621,2022-12-12
-14.96,-11.32,0.0,0.1,2022-12-13
-17.15,-8.53,0.49,0.1982651865265797,2022-12-14
-16.23,-10.53,0.0,0.1346685917531789,2022-12-15
-20.36,-12.98,0.77,0.1379512601900918,2022-12-16
-20.32,-14.59,1.32,0.1051107930495315,2022-12-17
-26.01,-19.77,1.0,0.1,2022-12-18
-31.1,-22.85,2.3,0.1,2022-12-19
-35.1,-29.35,2.23,0.1,2022-12-20
-32.83,-28.45,0.74,0.1,2022-12-21
-31.83,-26.34,0.0,0.1,2022-12-22
-34.76,-20.55,0.0,0.1049396340846269,2022-12-23
-23.2,-11.65,1.89,0.1884495389909319,2022-12-24
-16.67,-6.38,0.0,0.2474398919037955,2022-12-25
-15.09,2.64,0.0,0.4829573992373127,2022-12-26
-8.95,0.26,7.47,0.3154682644978971,2022-12-27
-15.68,-6.76,1.71,0.2242507433352384,2022-12-28
-14.5,-9.74,0.0,0.1236731379148174,2022-12-29
-15.79,-7.43,0.0,0.2087434246038412,2022-12-30
-16.51,-8.63,0.0,0.1884395006498938,2022-12-31
-17.36,-6.13,0.0,0.2587726153055281,2023-01-01
-14.03,-4.15,0.0,0.2720960825392683,2023-01-02
-14.96,-5.83,0.0,0.2383431012193652,2023-01-03
-16.99,-8.94,0.0,0.1864577893231208,2023-01-04
-16.59,-10.04,0.0,0.153726650964302,2023-01-05
-16.63,-4.63,0.0,0.2918634294011221,2023-01-06
-10.92,-2.43,0.0,0.2757517705421334,2023-01-07
-13.28,-3.83,0.0,0.2733618046010746,2023-01-08
-12.46,-2.55,0.0,0.3002781237334351,2023-01-09
-14.75,-8.74,0.0,0.1582500201309375,2023-01-10
-15.31,-9.67,0.0,0.1435547939195487,2023-01-11
-13.34,-5.91,0.0,0.2148285293034867,2023-01-12
-10.52,-0.29,0.0,0.3460847229391755,2023-01-13
-10.49,-2.16,0.0,0.2817116056341378,2023-01-14
-9.55,-6.43,0.0,0.1075793754420666,2023-01-15
-9.2,-7.17,0.0,0.1,2023-01-16
-9.84,-6.59,0.0,0.1117322190049699,2023-01-17
-8.08,-2.84,0.0,0.2002936710594632,2023-01-18
-10.05,-4.67,0.0,0.1874162226666635,2023-01-19
-13.87,-4.22,0.0,0.2812257639796982,2023-01-20
-12.03,-0.83,0.0,0.3643243672082293,2023-01-21
-7.08,1.04,0.0,0.3465686049016965,2023-01-22
-12.04,-1.56,0.0,0.3572272431125669,2023-01-23
-10.26,-1.94,0.0,0.29594502195294,2023-01-24
-8.02,-1.26,1.23,0.2802489921665868,2023-01-25
-8.59,3.35,0.98,0.5995351586356217,2023-01-26
-18.92,-4.02,0.0,0.3797676820020125,2023-01-27
-23.83,-18.32,0.0,0.1,2023-01-28
-25.3,-19.21,0.0,0.1,2023-01-29
-25.66,-17.86,0.0,0.116618959909631,2023-01-30
-22.84,-12.16,0.0,0.1983958076279459,2023-01-31
-22.64,-10.63,1.19,0.2286854612261086,2023-02-01
-26.32,-17.13,0.0,0.1350127592437033,2023-02-02
-19.0,-0.93,0.0,0.5121742564958818,2023-02-03
-6.73,0.72,0.0,0.4457622241180286,2023-02-04
-10.77,1.91,0.0,0.6382723393812673,2023-02-05
-4.72,0.75,0.0,0.3335834916070877,2023-02-06
-4.23,3.13,0.0,0.561238310473752,2023-02-07
-8.89,-0.15,4.03,0.4012645849264462,2023-02-08
-13.31,-2.1,0.0,0.4993853041645711,2023-02-09
-8.69,4.71,0.0,0.8217449663336732,2023-02-10
-6.4,1.4,0.0,0.5536239386463828,2023-02-11
-7.26,1.66,0.0,0.6241290835719676,2023-02-12
-3.6,3.67,0.0,0.6418864420841117,2023-02-13
-16.77,-3.82,0.0,0.4789942707225874,2023-02-14
-17.01,-9.19,0.0,0.2451241902384935,2023-02-15
-18.98,-1.77,0.0,0.5598174085615412,2023-02-16
-8.81,-0.09,0.0,0.5662129703034913,2023-02-17
-12.45,-3.61,0.0,0.4420282778530169,2023-02-18
-12.11,-4.73,1.13,0.363042802950075,2023-02-19
-19.91,-9.26,0.0,0.3138141875284148,2023-02-20
-26.5,-16.81,0.0,0.1555976829397812,2023-02-21
-30.12,-25.1,0.0,0.1,2023-02-22
-28.41,-21.99,0.0,0.1,2023-02-23
-30.94,-19.58,0.0,0.1373043958059706,2023-02-24
-27.24,-11.86,0.0,0.282561717873068,2023-02-25
-18.14,-0.89,0.0,0.6635116765335197,2023-02-26
-15.14,-4.43,0.0,0.5156401647583186,2023-02-27
-19.54,-10.39,0.0,0.2952411799261085,2023-02-28
-18.75,-6.46,0.0,0.4606642013344829,2023-03-01
-11.7,1.47,0.0,0.834511214390374,2023-03-02
-10.0,-0.37,0.0,0.705650228395249,2023-03-03
-14.67,-4.44,0.0,0.5387613476450807,2023-03-04
-20.25,-10.2,0.0,0.3397075027500777,2023-03-05
-24.99,-13.08,0.0,0.2775549435286691,2023-03-06
-17.21,-12.94,0.0,0.1307908915792084,2023-03-07
-18.92,-13.43,1.17,0.1599849581120987,2023-03-08
-18.3,-10.38,0.0,0.3155961567974661,2023-03-09
-13.96,-6.71,4.87,0.3246093409524549,2023-03-10
-12.44,-6.72,4.85,0.2625844410323407,2023-03-11
-19.43,-9.3,0.0,0.4145266753803481,2023-03-12
-17.79,-3.26,0.0,0.6806339641538209,2023-03-13
-11.51,1.9,1.09,0.9773524247478452,2023-03-14
-14.06,-3.9,2.38,0.5253782344010396,2023-03-15
-14.05,-5.26,0.0,0.5348884252898408,2023-03-16
-20.89,-8.74,0.0,0.4434720956780374,2023-03-17
-20.11,-0.5,0.0,0.7588732203699625,2023-03-18
-14.98,-3.46,0.0,0.6771875518375531,2023-03-19
-14.27,-6.8,0.0,0.447791250406317,2023-03-20
-15.84,-6.87,0.0,0.4965090800904952,2023-03-21
-15.72,-6.77,0.0,0.5077550446941499,2023-03-22
-15.44,2.61,0.0,0.9829934584644104,2023-03-23
-14.36,-3.62,0.0,0.6876326313901668,2023-03-24
-18.45,-4.25,0.0,0.668224468284712,2023-03-25
-14.75,-6.02,0.0,0.5423463387136953,2023-03-26
-19.56,-8.58,0.0,0.4832066423072216,2023-03-27
-21.54,-6.32,0.0,0.5838724449218142,2023-03-28
-18.35,-1.19,0.0,0.8240903757123286,2023-03-29
-14.0,-1.92,0.0,0.8256420094817513,2023-03-30
-15.05,0.42,0.0,0.9385520295707462,2023-03-31
-7.57,4.05,0.0,1.1722475891735924,2023-04-01
-8.35,-2.0,2.81,0.5123941504471811,2023-04-02
-13.74,-8.02,1.87,0.3528719555331698,2023-04-03
-19.23,-7.49,0.0,0.5381048238730295,2023-04-04
-22.75,-7.03,0.0,0.5565514274617204,2023-04-05
-21.47,-4.06,0.0,0.6788769192959458,2023-04-06
-12.68,1.52,0.0,1.0290818507388737,2023-04-07
-3.71,6.32,0.0,1.3135041248137822,2023-04-08
1.04,8.82,0.0,1.3599693305040108,2023-04-09
2.65,10.03,0.0,1.410264625812631,2023-04-10
0.68,12.89,0.0,1.7340562255075993,2023-04-11
0.16,8.39,0.0,1.3994573935815542,2023-04-12
-1.29,5.83,1.82,1.150228829077225,2023-04-13
-1.09,7.9,3.12,1.153189494889361,2023-04-14
-1.99,11.82,0.0,1.695868396402228,2023-04-15
-0.83,14.88,0.0,1.8938185320386804,2023-04-16
2.71,16.29,0.0,2.0003828597941373,2023-04-17
0.61,6.77,3.48,0.7293241545550075,2023-04-18
-4.1,0.26,6.02,0.2780021906263646,2023-04-19
-5.12,-1.68,0.51,0.2424570789091323,2023-04-20
-5.3,1.17,0.0,0.6316099886538602,2023-04-21
-5.35,5.71,0.0,1.1746850825881363,2023-04-22
-5.24,8.45,0.0,1.416574535494433,2023-04-23
-1.98,10.38,0.0,1.5513013785511307,2023-04-24
1.7,16.45,1.82,2.003751324973128,2023-04-25
2.0,15.06,0.0,1.915065368506171,2023-04-26
2.48,10.37,0.0,1.3263079587609232,2023-04-27
-0.98,18.93,0.0,2.1336512327488775,2023-04-28
-0.98,16.0,0.0,1.975993457554417,2023-04-29
-2.34,16.03,0.0,1.962124460576465,2023-04-30
-0.65,19.81,0.0,2.198956431983974,2023-05-01
2.16,25.51,0.0,2.5575758752065276,2023-05-02
4.55,27.06,0.0,2.6830091973631927,2023-05-03
5.92,26.76,0.0,2.6856060870108487,2023-05-04
4.5,19.99,0.0,2.2524685391335297,2023-05-05
4.0,16.97,0.0,2.0432627475082867,2023-05-06
7.05,18.01,0.0,2.0766983186371726,2023-05-07
6.73,18.87,0.0,2.1599851799990617,2023-05-08
3.55,20.71,0.0,2.3197281217659604,2023-05-09
7.48,20.82,0.0,2.299031173533073,2023-05-10
6.03,19.99,0.0,2.258691863808304,2023-05-11
8.5,16.89,0.0,1.860211800174206,2023-05-12
5.4,23.27,0.0,2.500643870183836,2023-05-13
4.96,25.1,0.0,2.616090223639291,2023-05-14
8.8,26.9,0.0,2.741857437338498,2023-05-15
9.35,30.51,0.0,2.981546817509987,2023-05-16
6.09,18.53,0.0,2.132281795893042,2023-05-17
3.52,15.35,0.0,1.916926973855687,2023-05-18
0.71,25.18,0.65,2.574703218207665,2023-05-19
11.25,25.3,0.0,2.5623959125125704,2023-05-20
6.75,25.15,0.0,2.613869340900116,2023-05-21
11.46,30.94,2.49,2.738843715781146,2023-05-22
11.71,26.03,0.0,2.6027149632745097,2023-05-23
11.1,24.19,8.52,2.2363806152640335,2023-05-24
12.55,16.65,2.49,0.4386243661191641,2023-05-25
10.37,19.05,0.0,1.6813947910805616,2023-05-26
7.76,16.75,6.28,1.2526420340797488,2023-05-27
12.75,20.67,0.77,1.5682439159378592,2023-05-28
10.09,26.42,0.0,2.716427357601607,2023-05-29
11.11,28.69,2.78,2.5150702004450025,2023-05-30
11.48,30.25,0.0,2.9981703838823273,2023-05-31
13.67,26.2,5.99,2.0374954987023988,2023-06-01
12.86,22.41,0.0,1.8723790599280337,2023-06-02
16.15,26.49,3.08,1.759669898727756,2023-06-03
14.95,30.26,0.0,2.926422150616229,2023-06-04
16.95,32.28,0.0,3.0485525544468537,2023-06-05
15.98,28.63,0.0,2.6027476396743405,2023-06-06
13.69,29.11,9.22,2.361858836683779,2023-06-07
13.58,29.2,0.0,2.779585237912673,2023-06-08
12.2,25.72,0.0,2.4711899766077745,2023-06-09
10.05,23.77,0.0,2.4225435574486753,2023-06-10
9.52,27.62,0.0,2.8625421994653393,2023-06-11
11.61,29.81,0.0,3.00551507953035,2023-06-12
11.86,30.85,0.0,3.0820435086649884,2023-06-13
12.57,29.11,3.42,2.484887729474141,2023-06-14
9.12,17.8,0.0,1.542175156584223,2023-06-15
6.6,24.7,0.0,2.6764287267466584,2023-06-16
11.38,20.8,0.0,1.8039093668494388,2023-06-17
7.89,24.06,21.03,2.152592400650089,2023-06-18
9.26,22.56,0.0,2.1279143553179916,2023-06-19
8.85,22.55,0.0,2.1681170159795826,2023-06-20
7.52,20.71,0.0,2.0279680330590857,2023-06-21
9.02,23.79,0.0,2.329409588495813,2023-06-22
8.34,25.76,0.0,2.573773922432674,2023-06-23
8.94,25.88,0.0,2.5429099393888492,2023-06-24
10.63,28.84,0.0,2.7747779187885695,2023-06-25
11.52,26.42,0.0,2.4350600242714067,2023-06-26
11.01,28.84,0.0,2.731437896683418,2023-06-27
11.29,25.88,0.0,2.359449179033671,2023-06-28
9.32,27.72,0.0,2.6772703372888316,2023-06-29
13.61,30.52,0.0,2.7875046496383376,2023-06-30
13.99,33.07,0.0,3.0321929687013807,2023-07-01
11.76,23.41,0.0,1.9420020940914136,2023-07-02
9.46,22.88,0.0,2.0976096726710267,2023-07-03
7.75,18.77,0.0,1.6390293121088737,2023-07-04
6.53,24.09,0.0,2.4097799645841884,2023-07-05
9.0,27.05,0.0,2.6209082987309675,2023-07-06
7.64,25.29,0.0,2.4787984243306607,2023-07-07
9.38,28.27,0.0,2.718137824718968,2023-07-08
11.43,30.52,0.0,2.861182135362603,2023-07-09
10.64,24.05,0.0,2.112850614920441,2023-07-10
8.86,21.19,4.05,1.4818769191045598,2023-07-11
10.27,24.38,0.0,2.1646719785050608,2023-07-12
11.98,26.26,0.0,2.3079056896229138,2023-07-13
10.24,22.74,0.0,1.9842551293965085,2023-07-14
8.42,24.39,0.0,2.3202683024745374,2023-07-15
8.22,23.47,0.0,2.2199542578759295,2023-07-16
8.85,26.74,8.19,2.1038796017763763,2023-07-17
11.21,21.39,2.84,1.214619358466274,2023-07-18
12.86,23.86,0.0,1.815712260340777,2023-07-19
10.03,27.67,0.0,2.5699213060527137,2023-07-20
11.0,29.76,0.0,2.7331794950750323,2023-07-21
11.32,30.24,0.0,2.755789848475259,2023-07-22
14.4,31.27,0.0,2.704171922305699,2023-07-23
15.87,35.88,0.0,3.1077142892984244,2023-07-24
18.17,34.17,0.0,2.7855920573721877,2023-07-25
11.75,27.66,0.0,2.4285093430899902,2023-07-26
8.61,23.38,0.0,2.09676749765217,2023-07-27
7.61,21.43,0.0,1.9088782694418427,2023-07-28
5.52,24.61,0.0,2.350206638707926,2023-07-29
10.17,30.22,0.0,2.737739246004534,2023-07-30
15.47,33.25,0.0,2.807435653112897,2023-07-31
13.26,33.26,0.0,2.89162195818968,2023-08-01
13.23,31.31,0.0,2.677068183079502,2023-08-02
14.13,36.94,0.0,3.1465389767994867,2023-08-03
14.42,28.15,0.0,2.1498897727735735,2023-08-04
10.31,27.67,0.0,2.387752452434938,2023-08-05
9.25,26.66,0.0,2.319881845146904,2023-08-06
9.06,29.01,0.0,2.55173698445318,2023-08-07
10.37,24.94,0.0,2.031668560778122,2023-08-08
11.33,19.91,10.59,0.8490016157531862,2023-08-09
12.12,24.92,7.22,1.4036209626474625,2023-08-10
11.67,22.94,0.0,1.4536994872600506,2023-08-11
9.55,22.58,4.93,1.292323002764266,2023-08-12
9.77,25.69,0.0,1.942246475599198,2023-08-13
12.52,33.35,0.0,2.565277094020605,2023-08-14
14.24,30.58,0.0,2.1593718911567668,2023-08-15
11.74,23.82,0.0,1.4934454799246732,2023-08-16
8.54,31.84,0.0,2.516923310760691,2023-08-17
14.45,27.18,0.0,1.6383945412655951,2023-08-18
8.33,20.62,0.0,1.3504909856023712,2023-08-19
5.43,21.43,1.28,1.6546562850531212,2023-08-20
11.71,18.17,26.04,0.6164284163969739,2023-08-21
13.35,20.17,16.2,0.6737342541413881,2023-08-22
14.09,25.51,0.0,1.2679121719659825,2023-08-23
10.69,24.1,0.0,1.441774432626406,2023-08-24
9.66,20.97,0.0,1.1423713773240665,2023-08-25
9.76,29.9,0.0,2.1083989940682684,2023-08-26
11.77,28.45,0.0,1.8464404317417136,2023-08-27
10.87,30.03,0.0,2.0415611316795395,2023-08-28
12.21,31.8,0.0,2.134248204305212,2023-08-29
14.82,28.51,0.0,1.5752961339293343,2023-08-30
11.97,22.79,2.17,1.0054259397521863,2023-08-31
13.39,28.05,0.0,1.663969068194649,2023-09-01
13.25,29.79,0.0,1.879295086020632,2023-09-02
8.45,32.29,0.0,2.2767558458228043,2023-09-03
10.15,20.68,0.0,1.0377996640217326,2023-09-04
2.92,17.15,0.0,1.1909619838806746,2023-09-05
8.49,24.77,0.0,1.66098088898843,2023-09-06
8.28,21.73,0.0,1.3404892797212162,2023-09-07
3.88,22.65,0.0,1.6362644203050445,2023-09-08
7.2,23.32,0.0,1.5351695304144333,2023-09-09
5.38,24.67,0.0,1.714754347374972,2023-09-10
5.94,22.74,0.0,1.5067486657160782,2023-09-11
8.14,28.26,0.0,1.873900315619792,2023-09-12
11.67,22.71,0.97,1.0623934592813729,2023-09-13
7.52,20.86,0.0,1.2021067351727572,2023-09-14
4.56,22.02,0.0,1.4653601806556442,2023-09-15
6.43,29.79,0.0,1.9939893423356736,2023-09-16
7.37,31.45,0.0,2.184180128550679,2023-09-17
9.67,27.13,0.0,1.7412701858932609,2023-09-18
5.96,18.37,1.02,1.0649919680208642,2023-09-19
4.72,20.75,0.0,1.3537942067526216,2023-09-20
3.38,21.69,0.0,1.4688085829838085,2023-09-21
4.84,21.96,0.0,1.4139405177763382,2023-09-22
11.24,18.89,0.0,0.6849323644578219,2023-09-23
10.5,23.7,0.0,1.2023408108818208,2023-09-24
7.0,26.57,0.0,1.6741229922633656,2023-09-25
11.82,29.45,0.0,1.6729718534569826,2023-09-26
9.51,23.71,1.6,1.2424253439077524,2023-09-27
5.73,19.58,0.0,1.0674953236972284,2023-09-28
2.56,18.66,0.0,1.141840428069112,2023-09-29
2.73,10.41,14.13,0.4896901234168891,2023-09-30
7.38,10.05,3.83,0.2007905187000093,2023-10-01
7.05,15.04,1.21,0.6256216296104679,2023-10-02
5.31,15.28,0.0,0.7456266801591376,2023-10-03
3.19,14.51,1.5,0.7908951105369287,2023-10-04
-0.89,8.57,0.0,0.575552854877695,2023-10-05
-4.56,11.06,0.0,0.8302521965940045,2023-10-06
4.54,21.27,0.0,1.1711284634638182,2023-10-07
2.77,22.95,0.0,1.3185816163643658,2023-10-08
4.15,22.25,0.0,1.23206411474564,2023-10-09
3.42,21.45,0.0,1.1992376869877035,2023-10-10
3.91,16.51,0.0,0.8633459018283861,2023-10-11
1.01,10.63,0.0,0.6039304540349145,2023-10-12
-3.02,11.88,0.0,0.8081584143924391,2023-10-13
-0.44,12.4,0.0,0.7590837139525919,2023-10-14
-0.43,15.69,0.0,0.9434848659744902,2023-10-15
1.77,19.64,0.0,1.106226962924878,2023-10-16
7.19,20.36,0.0,0.9575973768502888,2023-10-17
4.28,15.36,0.0,0.7503894426282842,2023-10-18
4.4,22.01,0.0,1.1565361690839004,2023-10-19
4.23,14.82,0.0,0.7090271742791802,2023-10-20
-2.58,11.72,0.0,0.7623009629669127,2023-10-21
2.61,10.64,0.0,0.5102246161870169,2023-10-22
-3.23,2.77,4.95,0.2854282762953113,2023-10-23
-11.02,-3.71,0.0,0.2611599060155548,2023-10-24
-14.62,-5.92,0.0,0.2602377671836388,2023-10-25
-13.44,-5.61,0.0,0.2473217810241271,2023-10-26
-9.11,-3.99,0.66,0.2027378478512701,2023-10-27
-9.51,-3.36,0.57,0.2409793251836204,2023-10-28
-8.61,-1.09,0.0,0.310513283006992,2023-10-29
-14.35,-4.62,0.0,0.3021045957097324,2023-10-30
-14.18,1.9,0.0,0.5141442714724567,2023-10-31
-8.86,0.11,0.0,0.3590464495446883,2023-11-01
-6.59,3.66,0.0,0.4546402699848336,2023-11-02
-6.47,1.15,0.0,0.3351184480389116,2023-11-03
-5.16,4.21,1.26,0.4364379899201851,2023-11-04
-0.41,4.09,2.58,0.2305523604363445,2023-11-05
0.45,3.63,0.6,0.1779241928957409,2023-11-06
-0.26,3.07,7.71,0.1719147946349273,2023-11-07
-1.49,3.67,0.0,0.2707663610715718,2023-11-08
-6.0,0.52,0.0,0.2852069997715445,2023-11-09
-8.22,2.35,0.0,0.4208465387993138,2023-11-10
-3.77,7.81,0.0,0.5523874446358985,2023-11-11
-2.37,8.43,0.0,0.5421749479172304,2023-11-12
-3.2,9.35,0.0,0.6050958479053796,2023-11-13
-2.07,7.87,0.0,0.5011333098204658,2023-11-14
-4.43,6.74,0.0,0.5122873448890426,2023-11-15
-9.3,2.57,0.0,0.4401719226465476,2023-11-16
-2.72,10.79,0.0,0.6526294070078429,2023-11-17
-2.96,13.62,0.0,0.7847337237148111,2023-11-18
-1.04,11.95,0.0,0.6623702311932771,2023-11-19
-3.81,5.36,0.0,0.4241117384049965,2023-11-20
-9.1,9.18,0.0,0.6757811836049465,2023-11-21
-8.27,1.58,0.0,0.3720941101562607,2023-11-22
-16.21,-6.4,0.0,0.2457686874992412,2023-11-23
-13.01,-0.4,0.0,0.379518847148851,2023-11-24
-8.22,0.91,0.0,0.3409726178665317,2023-11-25
-14.34,-4.26,0.0,0.2770677001928315,2023-11-26
-8.45,0.91,0.0,0.3427474032577056,2023-11-27
-4.42,5.13,0.0,0.4159551745168846,2023-11-28
-5.85,2.9,0.0,0.3577517076127607,2023-11-29
-10.12,-1.56,0.0,0.2872651773480165,2023-11-30
-14.37,-0.28,0.0,0.390307822979367,2023-12-01
-10.68,1.82,0.0,0.4119622400413173,2023-12-02
-12.76,1.4,2.77,0.4147598593927729,2023-12-03
-7.19,0.68,0.0,0.3029375159661389,2023-12-04
-8.55,9.14,0.0,0.6550426299195211,2023-12-05
-2.62,8.56,0.0,0.5184463096466578,2023-12-06
-0.75,3.38,0.26,0.199383650585904,2023-12-07
-6.62,0.27,0.0,0.2624043867193999,2023-12-08
-9.19,-0.58,0.0,0.2934678034722916,2023-12-09
-7.42,1.65,0.0,0.3364856073733432,2023-12-10
-11.39,-1.29,0.0,0.3115875520762094,2023-12-11
-13.62,1.81,0.0,0.4391309757182087,2023-12-12
-6.33,8.95,0.0,0.6026339808610885,2023-12-13
-4.32,6.28,0.0,0.4485843511950027,2023-12-14
-5.43,4.05,0.0,0.3820509532253399,2023-12-15
-3.19,4.3,0.0,0.3285769137199776,2023-12-16
-10.12,1.29,0.0,0.3758546546983182,2023-12-17
-10.87,3.81,0.0,0.4736546067275347,2023-12-18
-3.0,0.02,0.0,0.1319716692471646,2023-12-19
-3.91,7.77,0.0,0.5038480711075017,2023-12-20
-5.8,4.48,0.0,0.4098528839325857,2023-12-21
-5.17,10.57,0.0,0.6490818916226366,2023-12-22
-5.62,2.72,0.0,0.3329828765559324,2023-12-23
-12.14,0.54,0.0,0.3818199618309691,2023-12-24
-10.49,5.43,0.0,0.5262924383338847,2023-12-25
-10.09,7.44,0.0,0.5936014907340458,2023-12-26
-8.13,6.0,0.0,0.5152359460747991,2023-12-27
-8.8,9.99,0.0,0.6751714306095229,2023-12-28
-8.14,4.86,0.0,0.4717956978809306,2023-12-29
-13.26,0.57,0.0,0.3959041573180403,2023-12-30
-9.9,4.02,0.0,0.4692277751697436,2023-12-31
