MinTemp,MaxTemp,Precipitation,ReferenceET,Date
-31.71,-13.41,0.0,0.1799246099893105,2018-01-01
-22.09,-4.45,0.0,0.3251156808264114,2018-01-02
-13.72,-1.5,0.0,0.3438267241176735,2018-01-03
-13.32,-4.47,0.0,0.2478684281873143,2018-01-04
-13.6,-5.25,0.0,0.2301387294351826,2018-01-05
-11.25,2.27,0.0,0.4359130494488333,2018-01-06
-8.28,1.62,0.0,0.3606924354692715,2018-01-07
-9.72,-1.1,0.0,0.2916810478835461,2018-01-08
-10.24,1.36,0.0,0.3905347156132469,2018-01-09
-23.74,-16.7,0.63,0.1040654393452197,2018-01-10
-28.9,-21.81,0.0,0.1,2018-01-11
-31.5,-20.35,0.0,0.1016162727686564,2018-01-12
-26.85,-7.2,0.0,0.2805852569756601,2018-01-13
-22.24,-8.63,0.0,0.2440592866110114,2018-01-14
-29.38,-14.77,0.0,0.165129515955112,2018-01-15
-20.59,0.1,0.0,0.4401746867730231,2018-01-16
-8.55,3.54,0.0,0.4509079108432666,2018-01-17
-6.72,7.76,0.0,0.5901981384490782,2018-01-18
-4.92,4.25,0.0,0.3989082736722159,2018-01-19
-8.34,1.53,0.0,0.3720244185444016,2018-01-20
-11.82,0.19,0.0,0.3890554935041807,2018-01-21
-10.53,4.55,0.0,0.528844178914062,2018-01-22
-11.12,1.27,0.0,0.4193587578571375,2018-01-23
-10.32,-0.61,0.0,0.3382070478264994,2018-01-24
-8.63,0.49,0.0,0.3446616689163687,2018-01-25
-12.5,-6.3,0.67,0.1892376743517027,2018-01-26
-18.45,-13.05,0.0,0.1164016437623447,2018-01-27
-20.72,-13.19,0.59,0.1456464410182986,2018-01-28
-21.91,-1.6,0.0,0.416398639334767,2018-01-29
-11.53,3.85,0.0,0.5320441016599889,2018-01-30
-22.88,-13.75,0.0,0.1596922929309802,2018-01-31
-25.86,-14.32,0.0,0.1715630287485364,2018-02-01
-21.49,-16.97,3.99,0.1,2018-02-02
-27.46,-19.98,1.22,0.1,2018-02-03
-29.17,-16.24,0.0,0.1578446125333445,2018-02-04
-27.1,-15.71,0.0,0.1588878932012251,2018-02-05
-28.58,-17.55,0.0,0.1385106181903616,2018-02-06
-27.24,-12.9,0.0,0.2067679280040653,2018-02-07
-26.29,-17.0,0.0,0.1352033357401216,2018-02-08
-28.94,-16.8,0.0,0.1529221567269403,2018-02-09
-21.49,-9.94,0.0,0.2391713227357927,2018-02-10
-27.61,-15.57,0.0,0.1679348581558311,2018-02-11
-32.91,-12.38,0.0,0.2189286497480214,2018-02-12
-19.16,2.05,0.0,0.6208028301647699,2018-02-13
-12.82,1.11,2.19,0.5089881257695359,2018-02-14
-26.95,-12.78,0.0,0.2168994706531426,2018-02-15
-20.77,-3.71,0.0,0.4400405998399554,2018-02-16
-19.27,-10.53,0.0,0.2107209071734091,2018-02-17
-23.0,-12.86,0.0,0.1971378775876595,2018-02-18
-27.89,-13.31,0.0,0.2147394879319052,2018-02-19
-24.02,-12.08,0.0,0.2235319704710114,2018-02-20
-29.0,-10.11,0.0,0.2844524426095323,2018-02-21
-24.74,-9.18,0.0,0.3122628395814094,2018-02-22
-19.6,-6.98,0.0,0.3609690836694498,2018-02-23
-15.96,-1.76,0.0,0.5586713136095027,2018-02-24
-17.1,-0.71,0.0,0.6115293081549299,2018-02-25
-14.79,-4.4,0.0,0.4125778940833771,2018-02-26
-14.29,-1.55,0.0,0.5651562248127401,2018-02-27
-13.53,0.63,0.0,0.6860965529677966,2018-02-28
-18.42,-1.49,0.0,0.6029567775863804,2018-03-01
-12.2,-4.01,0.0,0.4295864023250567,2018-03-02
-7.49,-4.24,4.22,0.1403375837933782,2018-03-03
-10.76,-5.37,8.71,0.2008577299592419,2018-03-04
-14.73,-8.59,0.0,0.2054652682361549,2018-03-05
-17.81,-7.81,0.0,0.3221197286213093,2018-03-06
-23.72,-5.66,0.0,0.4483800985339868,2018-03-07
-24.37,-7.66,0.0,0.3892389134610569,2018-03-08
-11.72,0.21,0.0,0.6658969506802939,2018-03-09
-11.86,-1.1,0.0,0.5887628350845142,2018-03-10
-14.05,2.64,0.0,0.8378143674597119,2018-03-11
-16.14,-0.39,0.0,0.6920861056123467,2018-03-12
-16.07,2.48,0.0,0.8312844100485789,2018-03-13
-15.81,-0.53,0.0,0.6983766952135355,2018-03-14
-9.76,-2.63,0.0,0.4184995165689029,2018-03-15
-6.3,2.0,0.0,0.6837539512502473,2018-03-16
-3.86,0.63,4.01,0.2499833692470013,2018-03-17
-5.51,1.61,1.01,0.5792389812355112,2018-03-18
-8.5,-0.26,0.0,0.5746532527049518,2018-03-19
-9.51,2.04,0.0,0.8165000083816255,2018-03-20
-10.92,2.73,0.0,0.8972856193249783,2018-03-21
-8.52,1.05,0.0,0.7234226634981626,2018-03-22
-5.11,0.94,4.6,0.3736241928844813,2018-03-23
-9.72,3.17,0.0,0.940128966950959,2018-03-24
-5.74,1.98,0.0,0.7154714814747124,2018-03-25
-6.58,4.59,0.0,1.0312300162622683,2018-03-26
-8.91,5.11,0.0,1.1160626345895597,2018-03-27
-12.04,-0.78,0.79,0.7580789379045455,2018-03-28
-17.36,-5.33,0.9,0.5567877579627357,2018-03-29
-21.51,-12.48,1.17,0.2794703946448789,2018-03-30
-21.92,-10.14,0.0,0.3899150405660325,2018-03-31
-18.88,-5.43,0.0,0.5803065812220487,2018-04-01
-19.89,-5.15,0.0,0.5934547337686542,2018-04-02
-16.81,-3.52,0.0,0.6683997253888347,2018-04-03
-17.88,-2.37,0.0,0.7270056782200468,2018-04-04
-17.82,-8.36,0.0,0.4163474203200752,2018-04-05
-23.12,-9.32,0.0,0.4393788913963534,2018-04-06
-20.34,-4.59,0.0,0.6360176897099115,2018-04-07
-11.52,-2.65,0.0,0.6535504690182355,2018-04-08
-6.7,1.61,0.0,0.8553302435289296,2018-04-09
-8.92,7.34,0.0,1.3706427743234502,2018-04-10
-2.34,3.05,0.79,0.7053570107706131,2018-04-11
-4.2,-0.4,0.0,0.3756085046111088,2018-04-12
-3.84,1.19,0.0,0.623297946600575,2018-04-13
-3.14,7.79,0.0,1.464946230092535,2018-04-14
-2.71,9.94,0.0,1.6058769810458515,2018-04-15
-0.91,5.29,4.15,0.7482879220837497,2018-04-16
-2.01,1.94,5.18,0.3033879439170865,2018-04-17
-4.98,9.85,0.0,1.5834017181456284,2018-04-18
-1.57,12.46,0.0,1.783804831308886,2018-04-19
0.14,18.74,0.0,2.178096859179158,2018-04-20
1.34,19.66,0.0,2.249119428430978,2018-04-21
2.07,13.99,0.0,1.8693802205770345,2018-04-22
-0.86,13.17,0.0,1.834843485035706,2018-04-23
-1.41,20.01,0.0,2.2321661575510285,2018-04-24
3.33,17.24,0.0,2.104640940146082,2018-04-25
-0.71,22.07,0.0,2.3646290115527075,2018-04-26
-0.45,16.59,0.0,1.9828036731538217,2018-04-27
2.14,26.43,0.0,2.5726636102050864,2018-04-28
6.4,20.83,0.0,2.261780520802261,2018-04-29
1.0,11.21,0.0,1.4509294634912795,2018-04-30
-2.8,16.94,0.0,1.9845514416372372,2018-05-01
0.77,18.38,0.0,2.113779953507524,2018-05-02
5.69,21.68,0.0,2.3421025165097373,2018-05-03
5.04,24.14,0.0,2.5091292285014983,2018-05-04
6.19,24.37,0.0,2.5271022266203733,2018-05-05
4.13,27.15,0.0,2.683844847774449,2018-05-06
11.1,26.27,0.0,2.625870848844197,2018-05-07
9.02,16.9,7.03,1.3203558721897848,2018-05-08
3.77,13.1,0.0,1.481910855270496,2018-05-09
3.47,10.84,2.95,0.8820159637781073,2018-05-10
4.52,9.62,1.47,0.7114292234521205,2018-05-11
3.4,17.62,0.0,2.0702400860742367,2018-05-12
5.85,26.01,0.0,2.661430893730452,2018-05-13
4.04,24.47,0.0,2.552505671331636,2018-05-14
11.93,31.43,0.0,3.0100009683073425,2018-05-15
9.27,28.12,0.0,2.7946428350128767,2018-05-16
7.36,15.32,0.0,1.3676600164850656,2018-05-17
4.26,17.7,0.0,2.0378440752730644,2018-05-18
1.45,21.32,0.0,2.337198195709542,2018-05-19
2.45,24.65,0.0,2.5597052929534594,2018-05-20
10.47,29.79,0.0,2.91711225131448,2018-05-21
9.39,26.72,0.0,2.7009672180029116,2018-05-22
8.55,28.79,2.66,2.612479953465977,2018-05-23
10.98,26.99,1.78,2.702236102770412,2018-05-24
10.43,28.1,0.0,2.799918243444258,2018-05-25
10.29,30.17,0.0,2.9599521795628676,2018-05-26
9.86,25.62,0.0,2.623341182305084,2018-05-27
9.88,30.14,0.0,2.9718526875625004,2018-05-28
13.09,27.81,0.0,2.737990561623352,2018-05-29
10.45,23.76,5.62,2.019289688532926,2018-05-30
7.97,14.39,0.0,0.9929427758631428,2018-05-31
8.42,14.77,9.66,0.7443036293094891,2018-06-01
6.97,18.87,0.0,1.917957311623254,2018-06-02
7.42,24.48,0.0,2.614794168110022,2018-06-03
10.67,28.51,1.13,2.88965808192705,2018-06-04
9.85,21.39,0.0,2.199034088737871,2018-06-05
7.13,26.79,0.0,2.7973976785279135,2018-06-06
8.53,27.35,0.0,2.826352974660348,2018-06-07
12.39,25.55,0.0,2.5912591916643684,2018-06-08
12.65,30.94,0.0,3.0395660536345703,2018-06-09
13.29,24.34,0.0,2.265740437633474,2018-06-10
5.89,18.16,0.0,1.9795170949536536,2018-06-11
7.39,22.17,0.0,2.4279500372085514,2018-06-12
7.95,25.76,0.0,2.7122649257340257,2018-06-13
9.24,22.54,1.64,2.4019678057479887,2018-06-14
8.97,23.19,0.0,2.495519884586433,2018-06-15
7.55,20.71,0.0,2.2938224549719095,2018-06-16
7.77,25.04,0.0,2.6633094092482295,2018-06-17
7.85,27.03,0.0,2.812958861117383,2018-06-18
11.21,25.82,0.0,2.672289468838517,2018-06-19
9.57,28.9,0.0,2.945344635889686,2018-06-20
11.87,29.28,0.0,2.9467721448295183,2018-06-21
14.13,27.79,5.3,2.4787009020691166,2018-06-22
12.01,26.59,10.0,2.3740641207752,2018-06-23
14.67,25.89,0.0,2.3554975720671063,2018-06-24
13.81,29.67,2.13,2.493922813005721,2018-06-25
12.16,24.75,0.0,2.42070221592239,2018-06-26
7.12,25.26,0.0,2.7112280497412415,2018-06-27
7.5,24.64,0.0,2.658941190437962,2018-06-28
11.27,22.46,0.0,2.1732397858818,2018-06-29
12.17,24.42,4.9,1.9343364751827896,2018-06-30
10.86,21.32,3.16,1.5168908138787576,2018-07-01
8.63,22.4,3.31,1.8387614728089496,2018-07-02
5.97,20.7,10.13,1.771786969782118,2018-07-03
10.16,19.13,6.77,1.09582333047322,2018-07-04
7.47,24.98,0.0,2.43844676372071,2018-07-05
14.57,33.76,0.0,3.059137958559678,2018-07-06
14.2,30.37,0.0,2.703310677462098,2018-07-07
10.3,25.46,0.0,2.341177494012512,2018-07-08
9.6,29.26,0.0,2.7793006319930296,2018-07-09
12.69,29.3,6.25,2.1591490030322036,2018-07-10
14.28,25.39,0.0,1.8574887113211307,2018-07-11
13.35,28.99,0.0,2.497346492695391,2018-07-12
13.02,32.8,0.0,2.929036118219281,2018-07-13
11.84,21.39,0.0,1.4592352740659364,2018-07-14
8.18,25.95,0.0,2.4163900886416076,2018-07-15
6.55,26.46,0.0,2.531862202272548,2018-07-16
10.68,34.33,0.0,3.1536763384262496,2018-07-17
15.94,31.46,0.0,2.6499296671008454,2018-07-18
13.84,28.3,0.0,2.3901263508914705,2018-07-19
12.62,29.97,0.0,2.6820506387787684,2018-07-20
14.72,27.84,0.0,2.2344352470097384,2018-07-21
10.87,23.37,0.0,1.940272557990784,2018-07-22
8.78,23.92,0.0,2.1759023681206036,2018-07-23
8.28,23.18,2.48,1.7094773004892077,2018-07-24
9.33,21.5,0.0,1.765553264803078,2018-07-25
6.0,23.56,0.0,2.220431637026664,2018-07-26
9.23,23.4,0.0,2.026779293110671,2018-07-27
8.19,26.95,0.0,2.4711048419822705,2018-07-28
8.3,29.5,0.0,2.6803533310615615,2018-07-29
10.5,32.17,0.0,2.841546757392337,2018-07-30
12.08,24.55,0.0,1.8524814647637993,2018-07-31
7.63,28.81,0.0,2.5871707406867097,2018-08-01
14.46,31.06,2.8,2.0437431437313833,2018-08-02
13.17,29.3,2.63,1.9003671438472816,2018-08-03
13.12,22.8,2.23,1.0154909589472203,2018-08-04
12.88,23.05,2.74,1.0788600767315235,2018-08-05
10.41,29.49,0.0,2.4371148761055954,2018-08-06
12.39,31.54,0.0,2.5920512903339517,2018-08-07
11.51,30.32,0.0,2.499747610029645,2018-08-08
12.61,33.96,0.0,2.8079925154586483,2018-08-09
13.47,39.22,0.0,3.188502722643638,2018-08-10
14.79,36.64,0.0,2.930779681603152,2018-08-11
13.23,24.0,0.9,1.48112382026225,2018-08-12
8.43,17.66,0.0,1.0432570262691647,2018-08-13
3.6,28.31,0.0,2.4454351756234396,2018-08-14
11.52,29.34,0.0,2.3133504014119755,2018-08-15
9.87,29.39,0.0,2.388925397671764,2018-08-16
10.94,33.18,0.0,2.672193656260813,2018-08-17
10.27,25.1,0.0,1.8610735060028327,2018-08-18
3.47,24.03,0.0,2.0538125193616836,2018-08-19
5.17,23.13,0.0,1.9044254238321132,2018-08-20
5.25,26.71,0.0,2.2052018532358217,2018-08-21
9.38,30.45,0.0,2.4139923790716415,2018-08-22
8.66,30.21,0.0,2.410440823550947,2018-08-23
8.62,21.52,0.0,1.460724845800174,2018-08-24
7.51,19.73,0.0,1.3207434127064777,2018-08-25
8.2,17.57,3.49,0.7872998191280939,2018-08-26
7.61,13.78,5.69,0.5115801846461615,2018-08-27
6.5,19.2,0.0,1.2811636984988788,2018-08-28
6.61,26.88,0.0,2.1013910237379365,2018-08-29
10.34,22.53,1.18,1.3808713728210082,2018-08-30
7.54,19.97,0.0,1.3635620872636989,2018-08-31
6.51,20.48,0.0,1.4987323336684064,2018-09-01
3.56,20.46,0.0,1.6412190372489377,2018-09-02
4.26,23.37,0.0,1.866667885153071,2018-09-03
2.83,14.97,0.0,1.078920217036486,2018-09-04
-0.43,21.76,0.0,1.798364200880844,2018-09-05
3.04,24.69,0.0,1.955786394681727,2018-09-06
7.69,25.03,0.0,1.824320093909393,2018-09-07
11.4,28.27,0.0,1.941534313816347,2018-09-08
7.69,22.51,0.0,1.5493747293248834,2018-09-09
3.89,23.76,0.0,1.8217159053455332,2018-09-10
6.46,17.36,0.0,1.009816628340972,2018-09-11
5.04,14.71,3.28,0.7114524075233907,2018-09-12
3.75,11.36,2.29,0.5398882644237862,2018-09-13
2.21,9.04,0.0,0.507997341315114,2018-09-14
5.39,12.61,4.88,0.539023725765623,2018-09-15
7.27,10.46,7.53,0.2568971485007958,2018-09-16
4.33,13.5,1.08,0.7379486628735267,2018-09-17
4.4,11.27,0.0,0.5553832459655504,2018-09-18
2.85,14.34,0.0,0.8817815959927982,2018-09-19
2.28,10.04,0.0,0.5897800348401987,2018-09-20
0.93,9.18,3.74,0.5438662429206481,2018-09-21
-0.29,1.23,7.76,0.1027432874557346,2018-09-22
-0.09,5.12,0.69,0.3678882860637674,2018-09-23
-0.04,12.72,1.31,0.9132270123231188,2018-09-24
1.35,13.5,0.85,0.8922905421712766,2018-09-25
3.4,16.33,0.0,1.015132978417305,2018-09-26
-1.29,9.13,0.0,0.6868099939640492,2018-09-27
-3.63,8.49,0.0,0.728373780628593,2018-09-28
-1.84,6.89,0.0,0.5631420317028846,2018-09-29
-7.33,4.0,1.0,0.603875749475053,2018-09-30
-2.28,5.38,1.68,0.4816079481419762,2018-10-01
-1.66,2.33,2.26,0.2319949920702421,2018-10-02
-3.02,4.47,0.57,0.4603278181597371,2018-10-03
-6.36,4.73,0.0,0.5882210845509767,2018-10-04
-2.99,8.25,0.0,0.6924506023298345,2018-10-05
-4.37,11.77,0.0,0.9625894443309062,2018-10-06
-2.91,13.54,0.0,1.035247804172137,2018-10-07
-2.4,2.55,0.0,0.3084457518016432,2018-10-08
-3.31,0.92,0.0,0.253835538195635,2018-10-09
-6.14,4.25,0.0,0.5505277251321563,2018-10-10
-8.98,6.01,0.0,0.6950436761019051,2018-10-11
-4.93,8.8,5.57,0.6783352976390283,2018-10-12
-5.45,-1.25,0.0,0.2238558922054932,2018-10-13
-9.58,3.84,0.0,0.5842842736394351,2018-10-14
-0.56,13.11,0.0,0.8630577083482265,2018-10-15
-0.05,11.55,0.0,0.7297122340823416,2018-10-16
-1.84,21.61,0.0,1.3555419050230475,2018-10-17
2.67,19.17,0.0,1.120926674782568,2018-10-18
-3.12,13.12,0.0,0.8720026486785272,2018-10-19
-6.61,17.77,0.0,1.1438947494613398,2018-10-20
-1.83,14.97,0.0,0.9260214212218396,2018-10-21
-6.07,11.58,0.0,0.8265854296513078,2018-10-22
-3.72,16.42,0.0,1.0215752575563248,2018-10-23
-1.97,19.9,0.0,1.175533256524537,2018-10-24
0.02,15.75,0.0,0.8966070059663056,2018-10-25
-1.52,13.05,0.0,0.7868886090620475,2018-10-26
-0.34,12.84,0.0,0.7388629287911279,2018-10-27
-5.63,9.76,0.0,0.7074352200602596,2018-10-28
-0.56,10.43,0.0,0.6047859610092888,2018-10-29
-1.9,7.46,0.0,0.4874954885026951,2018-10-30
-3.53,10.49,0.0,0.6861996762696362,2018-10-31
-3.24,3.83,1.93,0.3421170005542074,2018-11-01
-2.22,-0.03,4.36,0.1038493491164353,2018-11-02
-4.77,0.97,0.0,0.2571883906224161,2018-11-03
-2.5,3.87,3.11,0.29804202404544,2018-11-04
-8.29,-1.25,1.14,0.2768537558770507,2018-11-05
-12.9,-8.74,0.0,0.1258201206705608,2018-11-06
-12.51,-10.23,0.0,0.1,2018-11-07
-18.07,-9.66,0.0,0.1962453121445232,2018-11-08
-22.09,-3.64,2.4,0.3535673724275577,2018-11-09
-9.77,-2.25,0.84,0.2708290484444948,2018-11-10
-11.6,-6.32,0.0,0.1696703544540124,2018-11-11
-16.81,-3.74,0.0,0.3362708758539287,2018-11-12
-8.74,5.19,0.0,0.535951131523632,2018-11-13
-0.88,6.38,0.0,0.3769814841967581,2018-11-14
-1.42,4.15,2.12,0.2672534285791804,2018-11-15
-16.4,-4.56,0.0,0.3055760031063407,2018-11-16
-18.99,-6.37,0.0,0.2819361677838412,2018-11-17
-11.02,-5.76,1.71,0.1711115489525345,2018-11-18
-12.12,1.57,0.0,0.4440756602397392,2018-11-19
-5.67,3.83,0.0,0.4081165879302178,2018-11-20
-5.83,3.3,0.0,0.3892117482778728,2018-11-21
-1.49,6.21,0.0,0.3831832690395892,2018-11-22
-5.64,3.49,0.0,0.3852694721871284,2018-11-23
-7.72,-4.55,0.0,0.1184942245965033,2018-11-24
-7.94,-4.45,0.0,0.1298385552771382,2018-11-25
-7.32,-3.04,0.0,0.1650534178921185,2018-11-26
-4.69,0.98,0.0,0.2479568275365568,2018-11-27
-5.8,-1.41,0.0,0.1819969631368611,2018-11-28
-6.2,0.4,0.0,0.2703433457125706,2018-11-29
-8.57,-2.0,0.0,0.2410847409224924,2018-11-30
-7.34,-4.46,6.54,0.1063847958722054,2018-12-01
-8.24,-3.71,0.0,0.169813346786319,2018-12-02
-13.14,-4.48,0.0,0.2570176879656912,2018-12-03
-13.99,-6.13,0.84,0.2214093664842105,2018-12-04
-13.54,-6.16,0.46,0.2122782743026858,2018-12-05
-14.84,-8.77,0.0,0.1604675932917306,2018-12-06
-19.28,-6.95,0.0,0.2606756530692217,2018-12-07
-17.81,-7.27,0.0,0.239913357282219,2018-12-08
-15.34,-2.23,0.0,0.3468648145459179,2018-12-09
-13.03,1.85,0.0,0.4452137578233082,2018-12-10
-8.1,0.59,0.0,0.3241197404571563,2018-12-11
-4.93,1.02,0.0,0.2542912211070109,2018-12-12
-8.74,3.22,0.0,0.434559444250215,2018-12-13
-7.79,5.32,0.0,0.4966050908463737,2018-12-14
-2.89,4.57,0.0,0.3459199129669464,2018-12-15
-11.31,-2.36,0.0,0.2844939193056356,2018-12-16
-7.46,5.27,0.0,0.4876687130814097,2018-12-17
-3.65,4.87,0.0,0.3824483466256766,2018-12-18
-3.24,3.16,0.0,0.2927338427679258,2018-12-19
-7.15,2.82,0.0,0.3864567010241357,2018-12-20
-4.69,3.59,0.0,0.3570050072871975,2018-12-21
-8.8,-4.43,0.0,0.1542656364217006,2018-12-22
-15.04,-4.45,2.89,0.2685502839134138,2018-12-23
-14.83,-7.51,1.17,0.1917369833255202,2018-12-24
-16.0,-9.06,0.0,0.1693639469154959,2018-12-25
-13.25,-6.25,0.0,0.1991224176271387,2018-12-26
-17.59,-8.48,0.76,0.2058469971787135,2018-12-27
-18.05,-5.36,0.0,0.2859128333358443,2018-12-28
-12.17,-2.78,1.22,0.2859840284802772,2018-12-29
-18.37,-8.05,0.87,0.2248091312008011,2018-12-30
-25.71,-15.11,0.0,0.1448450123659365,2018-12-31
-24.06,-1.91,0.0,0.381189147530843,2019-01-01
-9.83,4.19,0.0,0.4842797863639052,2019-01-02
-4.49,4.2,0.0,0.3730851169452827,2019-01-03
-7.13,3.94,0.0,0.4284055165251119,2019-01-04
-5.98,-2.38,0.0,0.1414424423986091,2019-01-05
-5.62,2.51,0.0,0.3340029878025226,2019-01-06
-12.58,-2.17,1.09,0.3121820431203563,2019-01-07
-19.95,-13.81,0.0,0.1159374680778805,2019-01-08
-20.9,-7.04,0.0,0.2688870673908921,2019-01-09
-13.91,-5.93,0.0,0.2205664561409538,2019-01-10
-17.1,-8.17,0.0,0.2087495817000421,2019-01-11
-12.78,1.92,0.0,0.4515818921292677,2019-01-12
-11.63,-0.3,0.0,0.3639027035334238,2019-01-13
-11.59,-0.3,0.0,0.364350635653987,2019-01-14
-14.8,-4.03,0.0,0.2943742490483113,2019-01-15
-15.88,-11.99,0.71,0.1,2019-01-16
-22.46,-15.26,0.0,0.1202375236040692,2019-01-17
-25.01,-16.56,0.0,0.1214460218446034,2019-01-18
-19.27,-14.07,5.9,0.1,2019-01-19
-18.03,-9.65,0.0,0.1900090109446971,2019-01-20
-17.32,-5.38,0.0,0.2923188963230898,2019-01-21
-13.94,-2.24,0.0,0.3453059862661604,2019-01-22
-20.51,-4.32,0.0,0.3425043310555021,2019-01-23
-27.72,-7.65,0.0,0.2819698677080812,2019-01-24
-19.03,-2.71,0.0,0.3792267221772561,2019-01-25
-9.81,0.66,1.7,0.3839681748055966,2019-01-26
-7.05,4.02,1.48,0.4631220187964678,2019-01-27
-20.84,-9.59,0.0,0.2289064583119487,2019-01-28
-28.06,-19.18,0.0,0.1087316417091588,2019-01-29
-21.93,-9.33,0.46,0.2450010455158377,2019-01-30
-13.1,0.35,0.0,0.4357769763258951,2019-01-31
-18.39,-7.25,0.0,0.2688789728148434,2019-02-01
-22.06,-14.89,0.0,0.1332719873430964,2019-02-02
-25.27,-21.03,2.17,0.1,2019-02-03
-26.18,-22.28,4.06,0.1,2019-02-04
-32.64,-22.58,0.0,0.1,2019-02-05
-35.58,-25.96,0.0,0.1,2019-02-06
-37.92,-24.5,0.0,0.1,2019-02-07
-36.91,-24.29,0.0,0.1,2019-02-08
-33.3,-23.63,0.0,0.1,2019-02-09
-30.79,-20.94,2.31,0.1002932225498282,2019-02-10
-28.85,-17.47,1.98,0.1472970681195309,2019-02-11
-31.91,-19.62,1.0,0.1290703124064758,2019-02-12
-27.72,-20.17,0.0,0.1024497912403624,2019-02-13
-32.41,-20.14,0.0,0.125596427030972,2019-02-14
-32.69,-17.08,2.75,0.1524366842451612,2019-02-15
-21.24,-14.43,4.78,0.1335968008337916,2019-02-16
-21.37,-15.34,1.53,0.1266506888971957,2019-02-17
-26.4,-18.3,0.0,0.1250515282614504,2019-02-18
-27.71,-10.48,0.0,0.2675000489772157,2019-02-19
-23.26,-8.34,1.55,0.3059574847943576,2019-02-20
-23.79,-12.73,0.0,0.2141810153037651,2019-02-21
-27.15,-10.63,0.0,0.2693325187242218,2019-02-22
-23.49,-13.53,0.53,0.1983420021510416,2019-02-23
-31.24,-19.71,0.0,0.1362922190514691,2019-02-24
-33.96,-19.09,0.0,0.1492600121991402,2019-02-25
-28.65,-16.96,0.0,0.1692943196379906,2019-02-26
-22.58,-9.11,0.0,0.2996713542062196,2019-02-27
-18.33,-8.1,0.0,0.291654777876205,2019-02-28
-26.56,-16.06,0.0,0.1777829318409861,2019-03-01
-32.92,-21.35,0.0,0.1252778258257789,2019-03-02
-27.02,-16.72,0.0,0.1710942007381944,2019-03-03
-23.81,-11.48,0.0,0.2602154404288126,2019-03-04
-19.12,-9.14,0.0,0.2795240334175116,2019-03-05
-26.03,-13.68,0.0,0.226244824947458,2019-03-06
-23.1,-7.92,0.0,0.3611694185877731,2019-03-07
-16.45,-4.09,0.0,0.4637775283783625,2019-03-08
-15.79,-4.94,0.0,0.4165206179036317,2019-03-09
-21.4,-6.28,0.0,0.4233012507089193,2019-03-10
-16.99,1.55,0.0,0.7361063104089964,2019-03-11
-3.12,3.35,0.0,0.4944826991893087,2019-03-12
-5.61,2.29,0.0,0.5881064146116263,2019-03-13
-9.64,1.44,0.0,0.7078809524362059,2019-03-14
-11.61,2.87,0.0,0.8434824846417667,2019-03-15
-8.53,3.8,0.0,0.8734689963670155,2019-03-16
-10.15,4.27,0.0,0.9385299544865996,2019-03-17
-3.26,5.5,0.0,0.8340826104073821,2019-03-18
-3.5,10.39,0.0,1.3210185333109794,2019-03-19
-2.11,14.01,0.0,1.595040840988636,2019-03-20
-1.89,12.49,0.0,1.48950701253273,2019-03-21
-1.76,14.33,0.0,1.6448297643913536,2019-03-22
-2.36,13.93,0.0,1.6258005869919134,2019-03-23
-4.01,5.26,0.0,0.8990744987177335,2019-03-24
-6.29,4.33,0.0,0.9598804395576216,2019-03-25
-0.86,17.44,0.0,1.8919720797838455,2019-03-26
-1.16,6.44,0.0,0.9099520912667838,2019-03-27
-5.8,7.19,0.0,1.2294653756408316,2019-03-28
-4.96,4.85,0.0,0.9977891031020308,2019-03-29
-6.37,14.57,0.0,1.687622577085759,2019-03-30
-5.03,6.05,0.0,1.1287487512026573,2019-03-31
-3.54,8.5,0.84,1.330796349970386,2019-04-01
-5.91,5.86,0.0,1.1453214036500257,2019-04-02
-8.11,12.41,0.0,1.5742284052902855,2019-04-03
-0.72,14.93,0.0,1.8059109552708263,2019-04-04
-3.18,8.81,0.0,1.3616782739798257,2019-04-05
1.33,11.72,0.82,1.511408677415218,2019-04-06
0.62,16.84,0.0,1.946905084347052,2019-04-07
-2.9,16.68,0.0,1.905750942913968,2019-04-08
-4.7,11.1,0.0,1.580786595171987,2019-04-09
-4.97,8.94,0.0,1.455791852937392,2019-04-10
-7.91,7.71,0.0,1.3735104962624576,2019-04-11
-9.05,9.93,0.0,1.476283637760864,2019-04-12
-5.37,15.13,0.0,1.80682498613002,2019-04-13
3.64,16.74,0.0,1.949311041687937,2019-04-14
-1.35,14.16,0.0,1.798519813713915,2019-04-15
-4.96,13.81,0.0,1.7540528343794903,2019-04-16
0.07,15.44,0.0,1.8865823223979277,2019-04-17
-0.71,17.5,0.0,2.019564574702734,2019-04-18
5.75,21.38,0.0,2.283627629769762,2019-04-19
4.21,17.2,0.0,1.991415414274658,2019-04-20
-1.77,14.75,0.0,1.8544072396140117,2019-04-21
-1.52,21.07,0.0,2.2381213140941125,2019-04-22
5.8,20.87,0.0,2.186656459103115,2019-04-23
0.98,17.72,0.0,1.9927123543697896,2019-04-24
-2.0,12.7,0.0,1.6740940966735105,2019-04-25
-3.57,11.06,0.0,1.5702023054888514,2019-04-26
-1.44,10.27,7.61,1.3385866394849384,2019-04-27
-5.33,2.91,4.52,0.6514544254967604,2019-04-28
-9.98,5.43,0.0,1.184613732547204,2019-04-29
-4.57,8.91,1.68,1.4067686696990531,2019-04-30
-6.39,9.95,0.0,1.5074060509692864,2019-05-01
-3.06,11.96,0.0,1.6493283467424795,2019-05-02
-4.78,12.3,0.0,1.669967785590287,2019-05-03
-3.22,8.13,0.0,1.2915409258965531,2019-05-04
-7.23,7.44,0.0,1.358308693734364,2019-05-05
-7.21,12.1,0.0,1.6409739041864724,2019-05-06
-0.34,15.55,0.0,1.903808791092508,2019-05-07
-4.19,12.66,0.0,1.71238611911052,2019-05-08
1.31,14.44,0.0,1.825287535907747,2019-05-09
3.43,18.8,3.03,1.9618879026790972,2019-05-10
1.26,16.12,0.0,1.956393911280895,2019-05-11
2.4,25.29,0.0,2.567508075444634,2019-05-12
4.09,20.28,0.0,2.25025522977163,2019-05-13
2.16,22.54,0.0,2.4028970909438567,2019-05-14
6.34,21.26,0.0,2.303846094569426,2019-05-15
-0.58,15.41,0.0,1.928450309471623,2019-05-16
0.58,15.69,0.0,1.9479289704151783,2019-05-17
0.75,13.78,0.0,1.8112046006762583,2019-05-18
-3.08,15.57,0.0,1.939552227670475,2019-05-19
-1.38,18.69,0.0,2.1505816269726834,2019-05-20
1.06,19.44,0.0,2.2186858670181064,2019-05-21
3.06,23.2,0.0,2.4835692716973528,2019-05-22
3.55,23.72,0.0,2.5210525492084073,2019-05-23
3.7,22.09,0.0,2.4122736988618456,2019-05-24
5.07,16.75,4.38,1.8316160336977456,2019-05-25
1.43,18.9,0.0,2.1940885929569793,2019-05-26
1.45,20.83,0.0,2.325565144190635,2019-05-27
5.27,26.77,0.0,2.734808848882446,2019-05-28
9.24,29.76,0.0,2.936693916676543,2019-05-29
10.48,32.31,0.0,3.104397667410995,2019-05-30
5.55,21.38,0.0,2.3405257237676325,2019-05-31
6.01,25.28,0.0,2.6319626870451684,2019-06-01
11.0,32.95,0.0,3.1489118525558597,2019-06-02
9.25,34.25,0.0,3.229566658577814,2019-06-03
11.88,25.2,0.0,2.5085816206773317,2019-06-04
10.12,25.03,0.0,2.5514800023281863,2019-06-05
12.61,26.86,0.0,2.6432848121027477,2019-06-06
8.36,21.79,0.0,2.3210115078410887,2019-06-07
3.54,16.76,0.0,2.000911689325739,2019-06-08
4.11,20.32,0.0,2.280096740419952,2019-06-09
3.08,23.72,0.0,2.53129848335697,2019-06-10
6.88,21.89,3.16,2.1764003612413783,2019-06-11
6.53,25.25,2.41,2.411522337187024,2019-06-12
8.55,30.06,3.62,2.715474777060629,2019-06-13
12.38,23.82,5.36,2.206644284122574,2019-06-14
10.07,20.24,5.8,1.7735724878178076,2019-06-15
8.9,17.77,4.62,1.3735119454592986,2019-06-16
6.24,21.8,0.0,2.385705298246925,2019-06-17
8.34,26.68,0.0,2.746456425730498,2019-06-18
10.49,22.23,28.0,1.866354239612096,2019-06-19
7.78,14.8,0.0,0.9211086933053264,2019-06-20
6.66,14.99,26.42,0.8667505252519155,2019-06-21
10.92,15.01,12.43,0.4344732341236901,2019-06-22
9.44,21.89,3.01,1.3674215807348142,2019-06-23
9.18,20.77,0.0,1.5665403700908551,2019-06-24
8.71,22.13,0.0,1.8208009068459323,2019-06-25
7.95,24.08,0.0,2.1305920908689906,2019-06-26
12.25,25.04,14.51,1.5202757917060132,2019-06-27
13.81,23.0,2.67,1.0386855904071322,2019-06-28
13.55,24.61,0.0,1.637504447940556,2019-06-29
9.41,22.23,0.0,1.7463282411339651,2019-06-30
8.88,27.01,2.79,1.9323493348503185,2019-07-01
5.75,19.82,0.0,1.7303934638461682,2019-07-02
7.97,20.37,0.0,1.6484086126807298,2019-07-03
8.5,20.67,0.0,1.64002022564191,2019-07-04
11.33,20.54,0.0,1.288583988700713,2019-07-05
11.0,25.56,0.0,2.0912135950351907,2019-07-06
13.92,27.43,0.0,2.0802714280672547,2019-07-07
14.0,23.63,0.0,1.4563500374628215,2019-07-08
11.55,22.68,0.0,1.6368059235696544,2019-07-09
9.23,25.98,0.0,2.2538175921337364,2019-07-10
13.9,24.9,0.0,1.7173301273401234,2019-07-11
10.43,24.28,0.21,1.99151927384978,2019-07-12
11.79,29.83,6.01,2.0592842884224716,2019-07-13
14.08,28.15,11.59,1.7043784352077207,2019-07-14
12.85,25.23,0.0,1.7936488014858554,2019-07-15
11.49,20.03,10.71,0.9602535573324608,2019-07-16
11.54,23.35,4.65,1.2918552573255258,2019-07-17
11.21,25.47,1.62,1.9130455703423024,2019-07-18
9.27,18.54,0.0,1.1457255409811544,2019-07-19
9.43,22.3,0.0,1.6402083692567702,2019-07-20
10.1,24.7,0.0,1.8652530237468703,2019-07-21
9.87,27.57,0.0,2.157918590384704,2019-07-22
14.41,30.03,0.0,2.1130654929605193,2019-07-23
15.88,31.15,3.74,1.6906445963263417,2019-07-24
10.39,22.63,0.95,1.5041320960901865,2019-07-25
12.4,26.11,0.0,1.7670397531493136,2019-07-26
12.62,32.61,0.0,2.456317107183647,2019-07-27
9.32,23.03,0.0,1.6534787825326007,2019-07-28
5.35,25.47,0.0,2.0922239409160945,2019-07-29
12.49,30.62,0.0,2.2509475336487603,2019-07-30
12.21,27.49,0.0,1.9243185703977943,2019-07-31
14.32,33.69,0.0,2.422562081519032,2019-08-01
16.38,35.16,0.0,2.418841604215955,2019-08-02
16.13,29.6,0.0,1.769062456087523,2019-08-03
10.27,26.43,0.0,1.8813517225670728,2019-08-04
10.18,29.57,0.0,2.1897774274306823,2019-08-05
10.66,23.49,0.0,1.467365712412252,2019-08-06
6.29,22.35,0.0,1.6555765980954589,2019-08-07
7.04,25.95,0.0,1.9536293075423463,2019-08-08
10.65,28.43,0.0,2.0066323976746014,2019-08-09
9.94,20.39,0.0,1.1296405692713338,2019-08-10
8.78,23.38,9.05,1.325599392459683,2019-08-11
10.31,15.05,19.44,0.4644289975363438,2019-08-12
7.31,20.6,0.0,1.331540567984728,2019-08-13
10.2,24.12,0.0,1.4689220346360947,2019-08-14
10.18,25.29,0.0,1.5663376175290709,2019-08-15
10.63,20.66,0.0,1.0833250946878918,2019-08-16
5.66,18.09,0.0,1.1802726115012314,2019-08-17
4.44,22.95,0.0,1.63637920168383,2019-08-18
5.61,23.47,0.0,1.6155116201436723,2019-08-19
4.23,23.06,0.0,1.6273986754389802,2019-08-20
6.06,26.73,0.0,1.8533024442906083,2019-08-21
12.94,26.04,1.23,1.4004484742061112,2019-08-22
10.41,21.22,0.0,1.1172983255561977,2019-08-23
12.09,28.82,6.25,1.521425699350366,2019-08-24
11.38,21.82,7.51,0.9755207776066048,2019-08-25
8.96,20.22,0.0,1.116170970765764,2019-08-26
8.17,19.37,0.0,1.0875331869902,2019-08-27
6.61,22.82,0.83,1.4676568981618576,2019-08-28
5.39,19.81,0.0,1.2804570127902692,2019-08-29
6.62,21.17,0.0,1.3251727441903436,2019-08-30
7.54,22.36,3.59,1.2306612745174876,2019-08-31
10.28,21.76,3.19,1.0334645811378504,2019-09-01
10.32,22.8,5.3,1.1141346306252264,2019-09-02
7.23,25.22,0.0,1.591224169459255,2019-09-03
10.71,25.68,4.98,1.3124037435256122,2019-09-04
7.93,23.15,0.0,1.3892887802798124,2019-09-05
5.04,21.64,0.0,1.393886993714437,2019-09-06
7.46,21.69,0.0,1.2853804682850938,2019-09-07
6.27,20.71,0.0,1.2619080713641866,2019-09-08
8.45,12.76,23.73,0.3705453834964052,2019-09-09
8.12,11.18,17.76,0.2641781448998571,2019-09-10
8.83,14.46,4.53,0.4852292605582348,2019-09-11
7.6,15.04,0.0,0.6902243091072595,2019-09-12
4.65,24.74,0.0,1.578826782901415,2019-09-13
9.06,23.43,0.0,1.3078175251709832,2019-09-14
10.07,27.87,0.0,1.5835012932217003,2019-09-15
8.77,31.58,0.0,1.868752723982048,2019-09-16
13.04,24.31,0.83,1.110918619689787,2019-09-17
9.51,21.97,0.0,1.133464481880094,2019-09-18
7.34,21.62,0.0,1.216942731048981,2019-09-19
8.03,20.2,0.0,1.0695656910544562,2019-09-20
5.17,18.32,0.0,1.063948249284545,2019-09-21
5.04,23.81,0.0,1.437227734295586,2019-09-22
9.08,20.58,0.0,1.0201504180342549,2019-09-23
4.68,16.6,1.08,0.9403967152732104,2019-09-24
3.29,15.87,0.0,0.9452215503644636,2019-09-25
4.0,11.58,6.11,0.5339412378645005,2019-09-26
1.94,7.55,3.88,0.3690614250101048,2019-09-27
-0.76,4.16,0.0,0.3218234561205297,2019-09-28
-0.37,2.18,15.04,0.1565460682232189,2019-09-29
-0.6,1.58,3.9,0.1340145777636954,2019-09-30
-1.36,3.29,0.0,0.29943206863805,2019-10-01
-4.83,7.75,0.0,0.7058354628408438,2019-10-02
-1.1,10.64,0.0,0.7571100708621128,2019-10-03
1.39,12.23,0.0,0.7602481898633187,2019-10-04
-0.16,14.14,0.0,0.9285651082891586,2019-10-05
3.8,15.3,0.0,0.8561036790478463,2019-10-06
2.21,19.96,0.0,1.1919172540388456,2019-10-07
-2.0,7.83,1.94,0.602838045445553,2019-10-08
-6.19,0.18,0.0,0.3244260699291517,2019-10-09
-6.83,2.25,0.0,0.449094722749599,2019-10-10
-8.89,6.1,0.0,0.6699788758157452,2019-10-11
-8.71,7.13,0.0,0.7068584784637079,2019-10-12
-9.04,10.66,0.0,0.8592541314440921,2019-10-13
-0.52,4.99,0.76,0.337679415004857,2019-10-14
-1.73,5.59,0.0,0.4313718054487626,2019-10-15
-0.12,14.9,0.0,0.9119530166273976,2019-10-16
2.54,18.98,0.0,1.0640213291404497,2019-10-17
-0.02,15.73,0.0,0.9428514144025008,2019-10-18
-0.94,13.7,0.0,0.8510128152669741,2019-10-19
-4.68,8.83,0.0,0.6849238540342975,2019-10-20
-6.86,10.14,0.0,0.7802713142118024,2019-10-21
-6.66,6.43,0.0,0.6065589824569319,2019-10-22
-4.49,3.33,2.18,0.3664974043920974,2019-10-23
-2.82,8.75,0.0,0.6191149392621631,2019-10-24
0.08,18.05,0.0,1.0274762043187944,2019-10-25
-5.84,1.93,0.18,0.3618178425340984,2019-10-26
-9.29,-2.39,1.48,0.2786459009394363,2019-10-27
-10.41,-4.19,1.81,0.2348426351110113,2019-10-28
-12.43,-5.83,0.0,0.2231608578544132,2019-10-29
-17.64,0.35,0.0,0.4872134150485996,2019-10-30
-3.26,4.23,0.61,0.3820422616348689,2019-10-31
-2.54,5.3,0.0,0.4105584178681389,2019-11-01
-3.93,4.03,0.7,0.3833617128471555,2019-11-02
-4.1,2.27,1.38,0.3018043749243071,2019-11-03
-11.64,-3.64,0.0,0.2686464684625154,2019-11-04
-12.86,-2.37,1.35,0.3430891888724559,2019-11-05
-19.26,-7.74,0.0,0.2646551511525669,2019-11-06
-18.89,-2.85,0.0,0.3865833667931675,2019-11-07
-8.14,6.25,0.0,0.5852431494875763,2019-11-08
-11.6,0.6,3.54,0.3965671459500571,2019-11-09
-20.12,-11.97,0.0,0.1678491865566373,2019-11-10
-23.22,-7.17,0.0,0.2932669595305276,2019-11-11
-15.77,-1.5,0.0,0.3951514879143771,2019-11-12
-9.93,1.7,0.0,0.4238087053023876,2019-11-13
-5.83,1.48,0.0,0.3136441617817506,2019-11-14
-4.27,5.56,0.0,0.4534941373122599,2019-11-15
-0.99,3.2,4.08,0.2057426728287427,2019-11-16
-2.89,7.7,0.0,0.5142774667400766,2019-11-17
-0.82,7.3,0.0,0.4170424790766009,2019-11-18
-3.89,1.18,0.0,0.228674774246065,2019-11-19
-5.95,-0.54,0.0,0.2232481008582672,2019-11-20
-7.52,2.45,0.0,0.3897344857801449,2019-11-21
-6.14,6.49,0.0,0.5235004819572738,2019-11-22
-0.8,9.58,0.0,0.5270251912062007,2019-11-23
-1.97,5.47,1.92,0.3619586851145206,2019-11-24
-5.2,-0.46,0.67,0.199557336965043,2019-11-25
-10.49,-2.35,0.0,0.2711652769555744,2019-11-26
-10.2,-4.51,0.0,0.1885049244407075,2019-11-27
-8.63,-6.25,18.53,0.1,2019-11-28
-14.11,-6.75,0.0,0.2053351307807066,2019-11-29
-10.08,-7.31,0.0,0.1,2019-11-30
-13.05,-4.72,0.0,0.2460813727635235,2019-12-01
-11.66,-1.07,0.0,0.3385847091052072,2019-12-02
-7.82,3.68,0.0,0.4395532979339335,2019-12-03
-10.03,0.55,0.0,0.3638267788851038,2019-12-04
-11.5,-2.77,0.0,0.2769851095945222,2019-12-05
-12.4,-3.13,0.0,0.2811825162323805,2019-12-06
-11.38,-2.89,0.0,0.2705663324091226,2019-12-07
-20.56,-10.37,0.0,0.1954812567484405,2019-12-08
-24.82,-9.84,0.0,0.2284791923526633,2019-12-09
-27.23,-12.04,0.0,0.1975612699344271,2019-12-10
-23.83,-15.69,0.0,0.12307441569482,2019-12-11
-19.06,-9.71,0.55,0.1943206172370536,2019-12-12
-21.08,-13.15,0.0,0.1435001897907465,2019-12-13
-23.06,-10.72,0.47,0.2047478687729419,2019-12-14
-16.91,-7.32,0.0,0.2262028650674659,2019-12-15
-15.88,-5.44,0.0,0.2614427102058895,2019-12-16
-13.85,-1.66,0.0,0.3435433284686824,2019-12-17
-8.11,1.21,0.0,0.3440692719852538,2019-12-18
-9.45,-1.93,0.0,0.2586960210919794,2019-12-19
-9.62,4.98,0.0,0.5084600987224555,2019-12-20
-9.03,3.7,0.0,0.453357100101768,2019-12-21
-6.03,1.25,0.0,0.2927498229436495,2019-12-22
-6.11,-2.61,0.0,0.1374847079273001,2019-12-23
-6.79,-4.6,3.06,0.1,2019-12-24
-9.07,-2.52,0.0,0.2291674591806029,2019-12-25
-14.76,-5.13,0.0,0.2555170342503222,2019-12-26
-12.92,-3.88,0.0,0.2638563107474271,2019-12-27
-15.18,-5.49,0.0,0.2512133456479669,2019-12-28
-18.63,-3.81,0.0,0.3277422366843076,2019-12-29
-15.38,-4.23,0.0,0.2880974067564279,2019-12-30
-10.98,1.41,0.0,0.404120204684976,2019-12-31
-5.82,0.55,0.0,0.2598722576487635,2020-01-01
-7.51,-2.17,0.0,0.2005761098161164,2020-01-02
-12.59,-2.6,0.0,0.3000835103913971,2020-01-03
-7.84,5.53,0.0,0.5090055506853808,2020-01-04
-8.71,-0.02,0.0,0.3155898820361785,2020-01-05
-12.5,-1.69,0.0,0.3294869172744209,2020-01-06
-20.14,-11.98,0.0,0.1582287760371403,2020-01-07
-16.75,-3.38,0.0,0.3309528001194516,2020-01-08
-22.98,-15.9,0.0,0.1132262804017467,2020-01-09
-28.36,-12.9,0.0,0.1899640670840473,2020-01-10
-16.13,-7.7,3.12,0.2016814852055695,2020-01-11
-25.32,-12.81,1.01,0.1840790676317918,2020-01-12
-29.84,-23.95,0.98,0.1,2020-01-13
-34.08,-27.04,0.0,0.1,2020-01-14
-35.27,-27.56,0.0,0.1,2020-01-15
-35.13,-19.06,0.0,0.1232163952543909,2020-01-16
-24.12,-19.14,1.47,0.1,2020-01-17
-28.46,-23.84,0.0,0.1,2020-01-18
-29.19,-15.08,0.0,0.1655738291290716,2020-01-19
-20.12,1.56,0.0,0.4863960353306834,2020-01-20
-8.78,2.66,0.0,0.4386449440045346,2020-01-21
-11.86,-1.31,0.0,0.3499766018372726,2020-01-22
-12.28,-1.63,0.0,0.3471310405818314,2020-01-23
-7.47,2.45,0.0,0.4078857218413131,2020-01-24
-5.45,2.3,0.0,0.3492930298373242,2020-01-25
-6.18,-2.21,0.0,0.1709464603372628,2020-01-26
-6.09,0.15,0.0,0.2750312790140038,2020-01-27
-6.58,-1.4,0.0,0.2228077096338642,2020-01-28
-11.39,-1.66,2.01,0.3210855845636325,2020-01-29
-9.82,0.31,0.0,0.385870041697593,2020-01-30
-9.05,3.9,0.0,0.5131032150762106,2020-01-31
-3.97,7.94,0.0,0.5860208477800904,2020-02-01
-8.92,0.84,0.0,0.3920643222805171,2020-02-02
-15.65,-6.33,0.0,0.2661824603973304,2020-02-03
-17.6,-3.25,0.0,0.3774518506895309,2020-02-04
-12.08,-2.58,0.0,0.3319630917161628,2020-02-05
-11.36,-6.93,1.05,0.1570991622877683,2020-02-06
-11.45,-1.67,0.0,0.3589134849714765,2020-02-07
-13.08,-1.99,0.0,0.3770394407852479,2020-02-08
-12.65,-1.9,0.0,0.3770000971910844,2020-02-09
-10.21,-3.25,0.26,0.2749108846498579,2020-02-10
-12.99,-0.78,0.0,0.4267117466573659,2020-02-11
-28.62,-13.96,0.0,0.2018157560723856,2020-02-12
-27.84,-4.35,0.0,0.3719663955442998,2020-02-13
-12.07,-1.0,0.0,0.4082739968108918,2020-02-14
-16.55,-9.25,0.0,0.2088157320522638,2020-02-15
-14.78,-2.54,0.0,0.4019589932346574,2020-02-16
-20.59,-7.94,0.0,0.2967512805389576,2020-02-17
-28.96,-17.4,0.0,0.1550573651537116,2020-02-18
-28.97,-9.09,0.0,0.2908145469148622,2020-02-19
-16.72,1.68,0.0,0.6347163399702482,2020-02-20
-10.82,3.81,0.0,0.7251942998762235,2020-02-21
-8.15,4.44,0.0,0.732034087117841,2020-02-22
-9.69,2.99,0.0,0.6796536231598307,2020-02-23
-10.17,-1.7,0.0,0.3877990923663288,2020-02-24
-16.78,-1.66,0.0,0.5299781138072078,2020-02-25
-11.79,2.13,0.0,0.677760701210457,2020-02-26
-6.39,5.25,0.0,0.7767764624174233,2020-02-27
-5.9,7.48,0.0,0.939701785184148,2020-02-28
-4.89,6.86,0.0,0.8760392107436399,2020-02-29
-11.08,0.21,0.0,0.5777808875828571,2020-03-01
-6.73,3.71,0.0,0.7073363170220534,2020-03-02
-4.96,4.07,0.0,0.6675123997892116,2020-03-03
-2.39,3.99,0.0,0.4805184977373702,2020-03-04
-6.01,5.03,0.0,0.8304497796292653,2020-03-05
-0.61,12.46,0.0,1.3160054682184323,2020-03-06
-8.13,0.42,0.96,0.5340731851504774,2020-03-07
-15.08,-5.49,0.0,0.37587225161188,2020-03-08
-15.51,0.87,0.0,0.718511498885737,2020-03-09
-10.3,5.16,0.0,0.9783639060940688,2020-03-10
-3.52,5.77,0.0,0.8668193490520592,2020-03-11
-8.63,0.0,0.0,0.5805106108506811,2020-03-12
-15.97,-9.73,0.0,0.2104216499390638,2020-03-13
-16.42,-7.46,1.92,0.3597272784772689,2020-03-14
-14.02,-5.27,0.78,0.4182848142766456,2020-03-15
-17.04,-2.69,0.0,0.6131674830710391,2020-03-16
-12.92,-0.18,0.0,0.7246109044775702,2020-03-17
-16.55,-5.3,0.0,0.4887169392961464,2020-03-18
-16.14,-4.32,0.0,0.5421176398194092,2020-03-19
-16.18,-1.17,0.0,0.7144301002935642,2020-03-20
-10.91,3.18,0.0,0.95863691881606,2020-03-21
-10.0,6.46,0.0,1.2231351570540498,2020-03-22
-6.92,9.86,0.0,1.426657981184879,2020-03-23
-7.47,-0.33,4.29,0.6265835767043136,2020-03-24
-13.55,-0.12,0.0,0.9163517696347652,2020-03-25
-11.84,6.49,0.0,1.215694569970621,2020-03-26
-3.78,8.2,0.0,1.3861598744879533,2020-03-27
-2.33,10.86,0.0,1.5485445979857455,2020-03-28
-4.11,15.08,0.0,1.763783397876443,2020-03-29
-2.9,5.1,0.0,1.1930839383903202,2020-03-30
-8.97,0.82,0.0,0.994842969923896,2020-03-31
-15.0,-10.69,0.74,0.2283012084251564,2020-04-01
-18.21,-7.41,0.0,0.5872197580426247,2020-04-02
-17.59,-1.37,0.0,0.8524505865261518,2020-04-03
-10.01,-3.82,2.91,0.4796447830191453,2020-04-04
-10.5,-1.54,1.0,0.8600947808879577,2020-04-05
-7.09,3.04,2.12,0.9870210333508568,2020-04-06
-8.61,4.69,0.0,1.2311315299972667,2020-04-07
-5.43,2.36,0.0,1.0236881048676825,2020-04-08
-11.82,6.93,0.0,1.3087423369117717,2020-04-09
-1.84,8.47,0.0,1.4652442788499316,2020-04-10
-8.42,-1.46,0.0,0.8138897324497013,2020-04-11
-10.85,-3.54,0.0,0.7393701242766183,2020-04-12
-13.31,-2.29,0.0,0.885837211161619,2020-04-13
-14.57,5.35,0.0,1.2066177992168226,2020-04-14
-9.48,2.79,0.0,1.1554599967395442,2020-04-15
-7.78,5.93,0.0,1.3405858163612523,2020-04-16
-2.61,14.31,0.0,1.8713358016421415,2020-04-17
-3.78,4.73,0.0,1.2458790083064342,2020-04-18
-6.45,14.43,0.0,1.8265424800080263,2020-04-19
-1.78,13.03,0.0,1.8125054284040092,2020-04-20
-0.42,21.93,0.0,2.3605678966145,2020-04-21
2.14,16.5,0.0,2.054543839497075,2020-04-22
-0.15,18.07,0.0,2.148055255834304,2020-04-23
-1.25,13.91,3.25,1.714940842871589,2020-04-24
-2.62,18.99,0.0,2.173394923757441,2020-04-25
3.54,16.65,0.0,2.0570471292191335,2020-04-26
-0.72,20.89,0.0,2.3215703074769825,2020-04-27
3.12,18.33,0.0,2.192742629107428,2020-04-28
1.02,22.75,0.0,2.4630787139312567,2020-04-29
8.93,27.77,0.0,2.8336194255592755,2020-04-30
5.46,18.35,0.0,2.1460071711648747,2020-05-01
-1.15,19.14,0.0,2.212165454436345,2020-05-02
0.25,18.27,5.24,1.9791298156826345,2020-05-03
1.74,14.55,0.0,1.8925545498746648,2020-05-04
-0.93,17.25,0.0,2.0953033452102643,2020-05-05
0.42,20.84,0.0,2.337208982422854,2020-05-06
1.58,17.52,0.0,2.0417695002155507,2020-05-07
0.55,20.02,2.25,2.0194738650108053,2020-05-08
-2.61,8.32,2.5,1.2544341176967104,2020-05-09
-2.6,9.57,0.0,1.5120775593469953,2020-05-10
-6.13,10.38,0.0,1.567362356864088,2020-05-11
-4.33,12.42,0.0,1.6999022433310365,2020-05-12
1.46,9.94,1.04,1.411699627885579,2020-05-13
-1.86,18.64,0.0,2.1155779711539227,2020-05-14
-2.11,15.16,0.0,1.893207885314332,2020-05-15
1.08,24.9,0.0,2.5350156301115176,2020-05-16
8.68,25.88,0.0,2.6158612389771254,2020-05-17
8.3,25.77,0.0,2.6095507942879537,2020-05-18
9.27,25.82,0.0,2.606639654880222,2020-05-19
9.76,19.01,9.73,1.7577142219099942,2020-05-20
9.3,19.04,0.0,1.973728645913995,2020-05-21
4.4,20.03,0.0,2.2427392987873778,2020-05-22
2.63,16.26,0.0,1.9760149683142976,2020-05-23
3.32,19.17,0.0,2.1962625407838856,2020-05-24
4.89,24.98,0.0,2.6145113340678288,2020-05-25
10.33,22.54,0.0,2.3417766410976446,2020-05-26
6.17,19.28,0.0,2.177941413519621,2020-05-27
3.87,19.12,0.0,2.206240388478214,2020-05-28
6.11,19.92,0.0,2.2456639952959736,2020-05-29
7.54,25.62,0.0,2.681698920103217,2020-05-30
11.53,31.48,0.0,3.0724206116381914,2020-05-31
11.09,24.93,0.0,2.5656286126600376,2020-06-01
7.73,24.1,0.0,2.570873220011284,2020-06-02
9.93,21.23,0.0,2.2669658540955155,2020-06-03
6.09,20.25,0.0,2.2922024088459296,2020-06-04
2.96,22.15,0.0,2.4611723723724586,2020-06-05
10.4,20.24,21.25,1.8378052854981572,2020-06-06
8.98,17.52,21.06,1.1934457080185747,2020-06-07
6.88,15.81,0.0,1.292347919010141,2020-06-08
5.42,20.14,2.22,1.6839600038041111,2020-06-09
6.01,22.71,0.0,2.318341516437068,2020-06-10
7.37,23.92,0.0,2.3999261540298744,2020-06-11
8.98,28.82,0.0,2.8347782374476957,2020-06-12
15.07,30.42,0.0,2.757082354615122,2020-06-13
11.93,23.06,0.0,1.952625074031768,2020-06-14
6.8,22.44,0.0,2.301063055697815,2020-06-15
9.4,20.79,24.38,1.5003718706996436,2020-06-16
10.25,15.85,8.17,0.6025158492773545,2020-06-17
6.32,14.85,1.51,1.0718058895706837,2020-06-18
4.95,18.96,0.0,1.7867928521354468,2020-06-19
6.43,18.97,0.0,1.6748304803263383,2020-06-20
4.73,18.75,0.0,1.7726365346383857,2020-06-21
5.44,23.77,0.0,2.2771414808177903,2020-06-22
10.68,28.38,0.0,2.5689626944508297,2020-06-23
13.71,27.73,4.84,1.833364418996844,2020-06-24
14.09,25.19,0.0,1.8129368556943823,2020-06-25
11.53,30.36,0.0,2.700341513569433,2020-06-26
14.04,21.62,0.0,1.1211220570349352,2020-06-27
13.02,20.0,0.0,0.9805142772399136,2020-06-28
13.84,18.32,4.8,0.5330618375726103,2020-06-29
13.57,19.89,7.38,0.7531301546838797,2020-06-30
11.87,23.33,1.49,1.7916912438376102,2020-07-01
10.72,23.79,1.35,1.973500831486458,2020-07-02
9.55,27.07,0.0,2.409525371400056,2020-07-03
12.34,28.01,0.0,2.373798061869726,2020-07-04
12.08,23.9,0.0,1.861672832761265,2020-07-05
9.27,25.95,0.0,2.329309938084774,2020-07-06
11.79,28.06,20.56,1.9521784076283113,2020-07-07
12.42,18.34,6.6,0.6815877726712137,2020-07-08
11.66,21.81,0.0,1.415133514646841,2020-07-09
10.21,21.93,4.7,1.2605974211431683,2020-07-10
9.63,24.04,0.0,1.9277913245212124,2020-07-11
12.76,25.71,0.0,1.8865759260121835,2020-07-12
9.36,19.29,2.1,1.067221980525032,2020-07-13
9.34,21.86,2.37,1.3173565908379516,2020-07-14
8.95,23.23,0.0,1.8639702670300835,2020-07-15
9.51,25.79,0.0,2.099367656079945,2020-07-16
13.66,24.81,0.0,1.5923860019346103,2020-07-17
12.06,21.78,4.05,1.0868826095554531,2020-07-18
9.81,22.91,5.33,1.3537906078532596,2020-07-19
10.59,22.91,4.81,1.3019398816017822,2020-07-20
9.47,25.45,0.0,1.9712774451875676,2020-07-21
14.03,30.82,0.0,2.2457724363879734,2020-07-22
17.71,28.78,0.0,1.6082309616281112,2020-07-23
14.31,27.55,0.0,1.845760515183392,2020-07-24
11.2,21.69,0.0,1.339676561798385,2020-07-25
9.45,25.55,0.0,1.9775369853136169,2020-07-26
8.86,26.98,0.0,2.123132370433835,2020-07-27
10.12,30.93,0.0,2.3966250840946333,2020-07-28
14.18,34.55,0.0,2.511394888346616,2020-07-29
15.5,32.26,0.0,2.1779090840296673,2020-07-30
13.39,26.79,0.0,1.6859513322960904,2020-07-31
8.26,27.56,0.0,2.10817495427855,2020-08-01
10.68,27.81,0.0,2.0165229460696565,2020-08-02
14.16,30.45,3.32,1.662845267529863,2020-08-03
11.43,27.16,0.0,1.8587391882508069,2020-08-04
9.28,29.61,0.0,2.210369044954991,2020-08-05
12.3,33.8,0.0,2.428077705283889,2020-08-06
12.43,23.29,5.64,1.103157228398516,2020-08-07
9.16,25.93,1.63,1.8130340087083692,2020-08-08
8.13,23.15,0.0,1.5625125413028875,2020-08-09
7.41,25.23,0.0,1.8115061753400616,2020-08-10
8.72,25.17,0.0,1.7145451339467506,2020-08-11
11.54,28.73,0.0,1.8876813281609304,2020-08-12
10.68,25.12,0.0,1.5333407570908966,2020-08-13
7.36,25.5,0.0,1.7865434247258103,2020-08-14
9.01,26.16,0.0,1.746511620721325,2020-08-15
8.84,30.93,0.0,2.172822977617796,2020-08-16
11.46,34.45,0.0,2.3348113997792166,2020-08-17
12.47,36.14,0.0,2.409781642022146,2020-08-18
15.08,34.39,0.0,2.1210760254801055,2020-08-19
12.42,34.25,0.0,2.249826632620002,2020-08-20
13.89,28.6,0.0,1.5434155005882948,2020-08-21
9.8,32.4,0.0,2.1791081138900217,2020-08-22
5.92,29.19,0.0,2.040775769138441,2020-08-23
8.77,30.63,0.0,2.033517203175396,2020-08-24
14.05,28.0,0.0,1.4274384006007836,2020-08-25
12.06,25.19,0.0,1.3020944734534787,2020-08-26
7.99,25.58,4.11,1.4174508505114771,2020-08-27
5.91,24.01,0.0,1.5318276386799885,2020-08-28
8.79,31.73,0.0,2.0531653952415447,2020-08-29
6.33,19.85,0.0,1.1646239319931233,2020-08-30
2.26,19.62,0.0,1.325516082200102,2020-08-31
8.68,23.43,0.0,1.326434325529464,2020-09-01
7.88,19.01,4.43,0.8976464602062326,2020-09-02
4.62,22.02,0.0,1.397119394691974,2020-09-03
6.42,25.03,0.0,1.543300853841216,2020-09-04
8.3,31.8,0.0,2.036522517236252,2020-09-05
8.81,17.42,0.0,0.7707474948621068,2020-09-06
-0.01,10.55,0.0,0.7337517911474672,2020-09-07
-5.54,16.06,0.0,1.2561911167499535,2020-09-08
3.85,21.6,0.0,1.3934497542856288,2020-09-09
6.36,26.5,0.0,1.690589293344883,2020-09-10
7.69,29.72,0.0,1.8848765097026,2020-09-11
7.99,17.44,0.07,0.8055609059235928,2020-09-12
0.33,17.8,0.0,1.1891643203159397,2020-09-13
5.47,16.52,0.0,0.8758142099865596,2020-09-14
3.21,15.73,0.0,0.9302980190485768,2020-09-15
-0.91,14.1,0.0,1.0059666037904444,2020-09-16
1.68,20.31,0.0,1.4207288846447057,2020-09-17
0.29,25.43,0.0,1.7972614543125962,2020-09-18
7.09,25.68,0.0,1.6327828554594233,2020-09-19
11.69,18.24,10.73,0.5460375898290288,2020-09-20
7.18,23.11,0.0,1.321377784845717,2020-09-21
6.64,20.97,2.34,1.0421200068330123,2020-09-22
9.3,22.1,0.0,1.083048300348493,2020-09-23
9.76,23.7,0.0,1.1932968401914217,2020-09-24
6.98,21.49,0.0,1.1495691006873092,2020-09-25
6.72,15.4,0.0,0.6876713953521194,2020-09-26
3.77,15.48,0.0,0.8515493356556899,2020-09-27
0.73,22.68,0.0,1.4837651035670183,2020-09-28
6.44,17.04,0.0,0.8229406296915617,2020-09-29
0.8,12.83,0.0,0.7894421019577246,2020-09-30
-4.99,12.77,0.0,0.953409323072794,2020-10-01
1.1,18.11,0.0,1.1384790624489507,2020-10-02
-1.06,16.56,0.0,1.0840527837893663,2020-10-03
5.53,24.36,1.04,1.4307654347174972,2020-10-04
7.32,19.83,0.0,0.9579642583154838,2020-10-05
6.23,17.2,0.0,0.8277051699003437,2020-10-06
2.17,14.88,0.0,0.905747341552078,2020-10-07
6.69,24.54,2.13,1.2980894933016844,2020-10-08
2.65,11.56,0.0,0.5914806100252131,2020-10-09
3.64,26.06,0.0,1.711081173275773,2020-10-10
3.95,15.21,0.0,0.8120349005035581,2020-10-11
-3.08,11.15,0.0,0.821115974852605,2020-10-12
-0.83,10.42,0.0,0.6697888115100101,2020-10-13
-4.08,6.54,0.0,0.5448131080627915,2020-10-14
-3.66,5.53,0.0,0.4742796478353513,2020-10-15
-6.94,3.39,0.0,0.4660235860069063,2020-10-16
-13.16,-0.84,0.0,0.4173980043186929,2020-10-17
-7.19,-3.95,0.0,0.1390503312179879,2020-10-18
-9.62,-2.11,0.0,0.2946953169416871,2020-10-19
-8.09,-2.03,0.38,0.2590098821675869,2020-10-20
-12.11,-1.22,0.0,0.3943237651697824,2020-10-21
-14.48,-2.92,0.0,0.3697855695417895,2020-10-22
-13.62,-4.1,0.0,0.3127602900933129,2020-10-23
-10.0,-6.4,0.0,0.1357360834223344,2020-10-24
-12.37,-3.6,0.0,0.3051136264045271,2020-10-25
-15.57,2.84,0.0,0.6015387484859954,2020-10-26
-3.5,12.37,0.0,0.9128539533730672,2020-10-27
-4.44,5.75,0.0,0.4919511409903924,2020-10-28
-6.03,9.37,0.0,0.7628969346499936,2020-10-29
-1.7,14.25,0.0,0.9588205591372172,2020-10-30
-5.42,3.2,0.0,0.3913553134920398,2020-10-31
-6.78,13.63,0.0,0.9709786894546748,2020-11-01
-0.58,20.13,0.0,1.2986655571230432,2020-11-02
2.93,18.86,0.0,1.139308273873438,2020-11-03
1.97,16.02,0.0,0.9475776922794662,2020-11-04
2.54,18.77,0.0,1.1114917038607588,2020-11-05
-0.75,7.06,0.0,0.4125811949132915,2020-11-06
-1.91,1.0,1.45,0.1454003482579819,2020-11-07
-9.63,-2.54,18.53,0.2463908145983659,2020-11-08
-17.67,-9.02,0.0,0.2092146130204153,2020-11-09
-17.84,-5.13,0.0,0.313055014511798,2020-11-10
-15.6,-6.54,1.73,0.2457781010612398,2020-11-11
-21.76,-6.89,0.0,0.2928312482995548,2020-11-12
-11.78,0.22,0.0,0.4005380018997373,2020-11-13
-9.6,-0.87,1.04,0.3178139700539474,2020-11-14
-14.59,-4.05,0.0,0.2996362908272469,2020-11-15
-12.11,-5.52,0.0,0.2068096057308537,2020-11-16
-9.81,2.11,0.0,0.4300598458817017,2020-11-17
-4.72,5.0,0.0,0.4337194400639234,2020-11-18
-12.13,-5.57,4.49,0.1927237406097871,2020-11-19
-20.27,-9.41,0.0,0.2187588556929749,2020-11-20
-16.96,-4.38,0.0,0.3114018052479421,2020-11-21
-16.28,-5.71,0.0,0.2664573270712241,2020-11-22
-11.77,-3.82,0.0,0.2487127916953769,2020-11-23
-11.08,-0.67,0.0,0.3417162105524138,2020-11-24
-6.87,2.24,0.0,0.3616969938664255,2020-11-25
-10.66,-0.94,0.0,0.323919036870011,2020-11-26
-10.16,1.61,0.0,0.4045325211290004,2020-11-27
-10.01,1.54,0.0,0.3992310699630877,2020-11-28
-15.11,-0.95,0.0,0.3833450996324881,2020-11-29
-7.91,2.44,0.0,0.3891415961947307,2020-11-30
-7.33,0.74,0.0,0.3090308775137577,2020-12-01
-11.05,-1.16,0.0,0.3208354998369558,2020-12-02
-7.55,3.0,0.0,0.4043796412367325,2020-12-03
-6.39,1.82,0.0,0.3285011813453754,2020-12-04
-6.68,2.96,0.0,0.38259682192167,2020-12-05
-9.28,2.94,0.0,0.4330555671022468,2020-12-06
-7.61,3.1,0.0,0.4061814683992959,2020-12-07
-3.98,4.08,0.0,0.3540150420190557,2020-12-08
-4.82,2.1,3.45,0.2805613353776648,2020-12-09
-11.76,-3.32,0.0,0.2593621967999527,2020-12-10
-13.02,-4.73,0.0,0.238088839997224,2020-12-11
-11.72,-3.68,0.0,0.2471425332896284,2020-12-12
-23.88,-13.6,0.0,0.1573766229453725,2020-12-13
-25.9,-11.64,0.0,0.1993651307984885,2020-12-14
-17.55,-7.5,0.0,0.2266316566845576,2020-12-15
-13.78,-2.61,0.0,0.3127122198226648,2020-12-16
-13.06,2.59,0.0,0.4647607270848643,2020-12-17
-21.42,-2.55,0.0,0.3653938280761568,2020-12-18
-10.32,3.69,0.0,0.4697085555919164,2020-12-19
-5.77,3.22,0.0,0.3629831777752249,2020-12-20
-8.43,-1.72,8.55,0.2291507685410613,2020-12-21
-12.66,-2.97,9.45,0.2744864845599237,2020-12-22
-15.75,-7.89,0.0,0.1923159321009853,2020-12-23
-13.49,1.36,0.0,0.4302806703302494,2020-12-24
-11.89,-2.42,0.0,0.2887629543063108,2020-12-25
-11.99,-4.27,2.01,0.2232749135249578,2020-12-26
-13.53,-6.9,0.0,0.1821522745367022,2020-12-27
-16.31,-6.94,0.0,0.2261272049800899,2020-12-28
-16.81,-8.23,0.0,0.200493535290453,2020-12-29
-20.58,-7.3,0.0,0.2590221062214156,2020-12-30
-16.77,-0.64,0.0,0.4004330390206165,2021-01-01
-6.76,4.23,0.0,0.4349934838029249,2021-01-02
-2.3,4.25,0.0,0.3098108810684956,2021-01-03
-10.21,1.03,0.0,0.3815909565366068,2021-01-04
-8.6,0.54,0.0,0.3337092574620892,2021-01-05
-10.4,2.67,0.0,0.4442406115259202,2021-01-06
-8.62,0.78,0.0,0.3443495766380874,2021-01-07
-13.76,-1.67,0.0,0.3480321927165874,2021-01-08
-14.85,-4.21,0.0,0.2876599270984862,2021-01-09
-12.54,-3.39,0.0,0.2783485299040708,2021-01-10
-11.08,0.97,0.0,0.4004231200077521,2021-01-11
-7.13,2.23,0.0,0.3721132798429691,2021-01-12
-3.31,6.46,6.41,0.4368454981876301,2021-01-13
-7.09,-1.94,0.0,0.2031381767100472,2021-01-14
-13.83,-4.34,0.0,0.2748270173235985,2021-01-15
-9.18,-1.04,0.0,0.2971899230270151,2021-01-16
-9.71,-0.61,2.52,0.3110695974197309,2021-01-17
-8.64,-0.37,0.0,0.3124122539879546,2021-01-18
-12.75,1.94,0.0,0.4646876695318155,2021-01-19
-5.25,1.43,0.0,0.2955189858050709,2021-01-20
-11.65,-5.72,0.44,0.1925233981951798,2021-01-21
-9.65,-4.68,1.11,0.1784362118520344,2021-01-22
-25.19,-8.64,0.0,0.2641920174047611,2021-01-23
-29.19,-20.35,0.0,0.1,2021-01-24
-26.96,-20.35,0.0,0.1,2021-01-25
-26.25,-17.82,0.0,0.1170412288949763,2021-01-26
-22.07,-13.22,0.0,0.1646449189468232,2021-01-27
-17.89,-9.82,0.0,0.1943469096018457,2021-01-28
-15.93,-9.62,0.0,0.1688939576543207,2021-01-29
-17.71,-12.18,0.0,0.1327808568154686,2021-01-30
-20.02,-6.96,0.0,0.2908830264638398,2021-01-31
-13.53,1.13,0.0,0.4710938330759884,2021-02-01
-8.12,4.19,0.0,0.5123808846448543,2021-02-02
-19.29,-11.45,0.0,0.1787481015802028,2021-02-03
-23.33,-15.71,0.0,0.1346068650774475,2021-02-04
-26.84,-18.28,0.0,0.120844928219773,2021-02-05
-34.37,-25.14,0.0,0.1,2021-02-06
-35.44,-27.17,0.0,0.1,2021-02-07
-35.72,-26.55,0.0,0.1,2021-02-08
-30.31,-26.06,0.0,0.1,2021-02-09
-32.95,-26.87,0.0,0.1,2021-02-10
-36.86,-28.23,0.0,0.1,2021-02-11
-32.98,-22.66,0.0,0.1,2021-02-12
-36.48,-24.5,0.0,0.1,2021-02-13
-34.78,-22.12,0.0,0.1093953107670276,2021-02-14
-29.16,-17.91,0.0,0.1474820971080104,2021-02-15
-24.15,-14.07,0.0,0.1868128507551432,2021-02-16
-22.3,-15.14,0.0,0.147623659860626,2021-02-17
-23.71,-11.23,0.0,0.2450007197165098,2021-02-18
-21.0,-1.42,0.0,0.5057565561087443,2021-02-19
-11.16,-1.96,0.0,0.4076642313473285,2021-02-20
-11.32,2.86,0.0,0.6871329172317748,2021-02-21
-3.68,3.97,0.0,0.5455677364153247,2021-02-22
-6.23,0.56,0.0,0.3913114590589914,2021-02-23
-9.82,-1.7,0.0,0.4050581420490902,2021-02-24
-11.3,0.81,0.0,0.6159222423674657,2021-02-25
-15.69,-1.81,3.12,0.4467422736953203,2021-02-26
-23.89,-12.58,0.0,0.2293674796217908,2021-02-27
-20.9,-9.43,0.0,0.2829868293383284,2021-02-28
-16.52,4.42,0.0,0.7882282623743769,2021-03-01
-5.4,3.86,0.0,0.6593068230292445,2021-03-02
-8.92,4.65,0.0,0.8423240197546534,2021-03-03
-8.22,4.26,0.0,0.817611349801957,2021-03-04
-5.03,6.39,0.0,0.9211546021242408,2021-03-05
-0.47,7.37,0.0,0.8130766556423421,2021-03-06
-3.82,6.68,0.0,0.9458394066747656,2021-03-07
-3.12,4.87,0.0,0.735353732317973,2021-03-08
-4.38,-0.28,0.0,0.2463620705822128,2021-03-09
-7.92,3.07,0.0,0.8203571604094457,2021-03-10
-16.62,-1.65,0.0,0.6347196252316828,2021-03-11
-8.56,7.82,0.0,1.1479529017224146,2021-03-12
-6.57,7.87,0.0,1.1583642820696405,2021-03-13
-1.56,10.22,0.0,1.2734427283506515,2021-03-14
-1.68,8.63,0.0,1.1605986987051125,2021-03-15
-8.57,1.64,0.0,0.7779038435583914,2021-03-16
-8.01,9.2,0.0,1.316563965176911,2021-03-17
-2.63,15.31,0.0,1.6972879876411096,2021-03-18
0.61,19.38,0.0,1.946945770469,2021-03-19
-0.46,11.74,0.0,1.4930993241615669,2021-03-20
-4.8,4.62,0.0,0.95804920936419,2021-03-21
-5.35,9.97,0.0,1.4215423452679177,2021-03-22
-6.93,0.45,0.0,0.6840196202022936,2021-03-23
-6.01,9.1,0.0,1.3833397384495163,2021-03-24
-3.57,3.22,0.0,0.8278763594377915,2021-03-25
-10.57,2.28,0.0,1.026526038688941,2021-03-26
-8.59,6.8,0.0,1.257721984755477,2021-03-27
-0.87,17.34,0.0,1.887780099481577,2021-03-28
-9.02,4.99,6.28,1.091128575822176,2021-03-29
-13.87,-5.94,0.0,0.5357073340884367,2021-03-30
-15.41,7.38,0.0,1.1831089302175353,2021-03-31
-2.44,14.25,0.0,1.7302170601585134,2021-04-01
-0.48,13.39,0.0,1.6943976608173514,2021-04-02
-1.45,14.26,0.0,1.7476604988812403,2021-04-03
-1.31,18.3,0.0,1.97818673936368,2021-04-04
-2.7,13.04,0.0,1.6722466572709815,2021-04-05
-3.56,16.52,0.0,1.85712596344412,2021-04-06
0.05,20.85,0.0,2.0808675181565346,2021-04-07
1.51,14.42,1.68,1.7066566072840113,2021-04-08
-6.37,12.53,0.0,1.5636905578283755,2021-04-09
-0.82,12.32,0.0,1.5889797842833029,2021-04-10
-2.96,5.02,2.8,0.8437748648898917,2021-04-11
-4.11,1.59,1.27,0.6223141839644809,2021-04-12
-3.75,2.43,0.0,0.699217954202639,2021-04-13
-3.99,5.96,0.0,1.234499223144954,2021-04-14
-2.37,11.99,0.0,1.605426405511312,2021-04-15
-4.47,14.21,0.0,1.7211254662741295,2021-04-16
-1.89,20.53,0.0,2.101995114254556,2021-04-17
-3.48,6.55,0.0,1.2798807554658935,2021-04-18
-6.72,4.76,3.09,1.1396186091976843,2021-04-19
-8.78,8.66,0.0,1.4433798968857117,2021-04-20
-4.07,16.97,0.0,1.966486960056982,2021-04-21
-4.99,6.93,0.0,1.3592544447028194,2021-04-22
-12.1,4.4,0.0,1.1949675875705867,2021-04-23
-10.29,7.88,0.0,1.390712899329296,2021-04-24
-5.1,9.55,0.0,1.5297943973811818,2021-04-25
-5.47,14.75,0.0,1.838491602263772,2021-04-26
-3.62,17.9,0.0,2.0503386765205227,2021-04-27
-1.88,16.09,0.0,1.8983045768472184,2021-04-28
-0.3,13.19,0.0,1.7107354654441114,2021-04-29
3.0,26.3,0.0,2.5645458844763565,2021-04-30
4.79,20.38,0.0,2.1953213801347733,2021-05-01
0.74,15.27,0.0,1.8617137229782077,2021-05-02
-5.18,10.76,0.0,1.5728101474819327,2021-05-03
-3.93,13.98,0.0,1.7795629010255591,2021-05-04
-3.32,16.27,0.0,1.924332592639094,2021-05-05
-0.71,17.86,0.0,2.050497745733862,2021-05-06
0.52,17.86,0.0,2.062579056399273,2021-05-07
2.2,12.76,0.0,1.678482056484404,2021-05-08
-4.48,15.2,0.0,1.867750647318623,2021-05-09
-3.56,17.64,0.0,2.022271907142071,2021-05-10
-0.42,19.43,0.0,2.1660748595876553,2021-05-11
1.18,20.59,0.0,2.2480905844839305,2021-05-12
0.84,21.43,0.0,2.2965826758797734,2021-05-13
2.1,22.98,0.0,2.4034596988710577,2021-05-14
3.05,24.42,0.0,2.5033565419035564,2021-05-15
8.04,28.85,0.0,2.8087522546806487,2021-05-16
7.06,32.09,0.0,3.0188443001511573,2021-05-17
11.86,28.14,0.0,2.710198268497875,2021-05-18
3.03,14.23,0.0,1.7582211163876569,2021-05-19
-1.46,4.63,3.34,0.7962926364153412,2021-05-20
-2.83,4.14,2.8,0.8268870589030178,2021-05-21
0.51,8.43,0.0,1.345323733785564,2021-05-22
5.49,12.88,13.36,1.315493449346722,2021-05-23
7.61,11.24,18.99,0.3559383939583863,2021-05-24
2.87,8.54,0.73,0.6328267314261593,2021-05-25
-0.47,13.89,0.0,1.7117389969931305,2021-05-26
0.99,18.46,0.0,2.149601301403916,2021-05-27
6.67,21.27,0.0,2.333473271974661,2021-05-28
5.85,20.34,0.0,2.2611846595491647,2021-05-29
2.69,22.81,0.0,2.4881916243809172,2021-05-30
7.74,26.63,0.0,2.7571684094936564,2021-05-31
8.51,26.26,0.0,2.724431178132377,2021-06-01
12.29,31.9,0.0,3.10157543983917,2021-06-02
13.34,35.69,0.0,3.350905497220937,2021-06-03
16.34,29.56,0.0,2.804444775551892,2021-06-04
11.95,28.37,0.0,2.8468359790124187,2021-06-05
7.88,21.94,0.0,2.3923938773322995,2021-06-06
8.9,22.6,0.0,2.417714475297075,2021-06-07
6.46,22.96,3.52,2.161643472265318,2021-06-08
11.73,19.14,12.52,1.0873626906038023,2021-06-09
13.11,20.18,9.19,0.9444720106108436,2021-06-10
10.14,20.76,0.0,1.797833985192164,2021-06-11
6.85,23.22,0.0,2.4002316782482755,2021-06-12
6.34,27.54,0.0,2.814952196145416,2021-06-13
12.61,32.15,0.0,3.129220104375463,2021-06-14
16.5,34.3,1.16,3.207340285495802,2021-06-15
13.45,25.35,0.0,2.253781820950953,2021-06-16
7.6,24.88,0.0,2.5739558231635447,2021-06-17
8.25,19.47,0.0,1.8409245361347757,2021-06-18
6.65,20.48,1.27,2.0982007292627944,2021-06-19
6.26,19.17,0.0,1.927293804884112,2021-06-20
1.42,24.48,0.0,2.5477580883763618,2021-06-21
10.42,31.3,0.0,3.046902838341324,2021-06-22
13.42,24.38,0.0,1.942454298601393,2021-06-23
9.09,21.63,0.0,1.958654064941185,2021-06-24
9.7,27.45,0.0,2.6649586983176605,2021-06-25
13.44,28.31,0.0,2.5518308902131013,2021-06-26
12.47,28.0,0.0,2.579453601455937,2021-06-27
10.57,29.42,0.0,2.8943414501034948,2021-06-28
12.45,33.01,0.0,3.185398978374564,2021-06-29
13.72,33.85,0.0,3.2245818553303596,2021-06-30
15.94,35.1,0.0,3.261911532649724,2021-07-01
19.2,38.98,0.0,3.499934824583373,2021-07-02
16.71,29.2,0.0,2.4206948755121966,2021-07-03
12.42,29.56,4.08,2.3306732144403974,2021-07-04
13.48,24.42,0.0,1.934324015620826,2021-07-05
10.27,21.4,0.0,1.8087823301174093,2021-07-06
11.37,28.7,5.25,2.2517433033120917,2021-07-07
14.59,26.79,9.08,1.7186676998833583,2021-07-08
12.16,29.26,0.0,2.610665535856199,2021-07-09
13.38,31.86,0.0,2.813189766049245,2021-07-10
15.62,31.64,0.0,2.650318692441771,2021-07-11
11.79,27.52,0.0,2.416565329441691,2021-07-12
10.21,28.91,0.0,2.66337772809179,2021-07-13
10.75,30.72,0.0,2.8190131893445805,2021-07-14
14.33,35.28,0.0,3.118792811760569,2021-07-15
15.62,30.79,0.0,2.5118262070700954,2021-07-16
16.75,35.34,0.0,2.986076767088516,2021-07-17
13.78,26.96,0.0,2.108307491710737,2021-07-18
14.12,20.72,0.0,0.90476742636536,2021-07-19
16.13,28.24,0.0,2.0731146795303177,2021-07-20
15.53,31.0,0.0,2.571543641195344,2021-07-21
14.32,33.37,0.0,2.9251638812636456,2021-07-22
6.46,28.76,0.0,2.6981180853246536,2021-07-23
9.57,29.24,0.0,2.658904228656194,2021-07-24
10.63,29.74,0.0,2.6601962287170373,2021-07-25
12.47,28.54,0.0,2.412443621886421,2021-07-26
12.7,36.2,0.0,3.1544086077843967,2021-07-27
13.29,29.34,0.0,2.427728586686881,2021-07-28
12.92,33.42,0.0,2.8894775778509576,2021-07-29
12.63,31.11,0.0,2.660031347957018,2021-07-30
12.58,31.81,0.0,2.7254613649231803,2021-07-31
12.22,33.09,0.0,2.8527604637852697,2021-08-01
15.75,35.31,0.0,2.894930299610056,2021-08-02
18.41,28.46,0.0,1.613681735750174,2021-08-03
14.2,29.28,0.0,2.270826953513024,2021-08-04
10.87,30.79,0.0,2.6255435151624216,2021-08-05
15.45,32.86,0.0,2.587769693372402,2021-08-06
14.66,30.03,0.0,2.2758941638350523,2021-08-07
13.77,23.52,0.0,1.3575516544573196,2021-08-08
11.51,20.31,0.0,1.1205348228223424,2021-08-09
10.45,19.52,3.45,0.8627542322088843,2021-08-10
11.53,25.53,0.0,1.9112977875471877,2021-08-11
8.59,24.16,0.0,1.9563930342836389,2021-08-12
8.17,29.73,0.0,2.5165572732421717,2021-08-13
16.27,37.44,0.0,2.904224396233089,2021-08-14
15.48,33.3,0.0,2.5136437771649995,2021-08-15
14.88,27.81,0.0,1.8494459861588213,2021-08-16
10.08,19.49,4.89,0.8692271419753257,2021-08-17
9.14,16.93,0.0,0.7878248365515041,2021-08-18
7.5,18.49,5.45,0.9658221437344732,2021-08-19
9.67,18.79,6.32,0.8302174133027918,2021-08-20
6.11,21.63,5.28,1.3687888968669677,2021-08-21
9.65,16.12,12.34,0.5931338287174651,2021-08-22
7.36,18.85,5.17,1.0667178310423526,2021-08-23
7.05,14.55,0.0,0.7279256013400505,2021-08-24
3.15,19.98,0.0,1.7010416333128586,2021-08-25
7.68,20.19,0.0,1.4703705747410092,2021-08-26
12.55,22.3,0.0,1.256411032379265,2021-08-27
10.88,23.9,0.0,1.6760545980023742,2021-08-28
7.44,25.89,0.0,2.0665519919566933,2021-08-29
8.45,28.97,0.0,2.278739206141597,2021-08-30
12.26,25.04,6.55,1.3310863220496425,2021-08-31
8.22,21.5,0.0,1.5121585947842355,2021-09-01
8.04,19.38,0.0,1.2495649942864429,2021-09-02
7.29,21.97,0.0,1.5975495293543167,2021-09-03
4.78,23.82,0.0,1.853638496309335,2021-09-04
8.12,29.25,0.0,2.1765093148166876,2021-09-05
10.25,23.03,1.02,1.46411832256426,2021-09-06
7.25,23.95,0.0,1.7443935982879804,2021-09-07
5.31,25.59,0.0,2.001481550574898,2021-09-08
10.42,28.71,0.0,2.1695694649936255,2021-09-09
8.72,22.18,0.0,1.570408023387925,2021-09-10
7.44,14.16,0.0,0.6130364774095322,2021-09-11
3.25,17.65,0.0,1.3983207402109064,2021-09-12
6.91,21.33,0.0,1.5774479912798924,2021-09-13
4.07,22.95,0.0,1.8185944119669328,2021-09-14
8.87,19.21,0.0,1.15261269496549,2021-09-15
3.59,15.56,0.0,1.1247159748703572,2021-09-16
-1.41,20.21,0.0,1.6386325861990825,2021-09-17
11.58,32.56,0.0,2.301059431462973,2021-09-18
6.89,20.79,0.0,1.410861574720096,2021-09-19
1.57,19.46,0.0,1.497516927579328,2021-09-20
2.76,22.11,0.0,1.6501716843671592,2021-09-21
5.93,28.21,0.0,2.012974371969967,2021-09-22
4.94,17.77,0.0,1.11790024065244,2021-09-23
-1.51,19.83,0.0,1.5033728220828455,2021-09-24
7.57,26.62,0.0,1.783853907499381,2021-09-25
4.05,26.42,0.0,1.8364737441138883,2021-09-26
9.37,30.2,0.0,1.9578852264187117,2021-09-27
6.49,26.86,0.0,1.770899332676107,2021-09-28
6.04,20.79,0.0,1.2473844845612054,2021-09-29
1.27,23.82,0.0,1.6350933492529458,2021-09-30
6.15,23.21,0.0,1.4244782334100168,2021-10-01
-0.13,21.81,0.0,1.486961833060927,2021-10-02
6.37,24.44,0.0,1.510475689333846,2021-10-03
1.97,22.19,0.0,1.4655796433199149,2021-10-04
5.52,25.63,0.0,1.6070707690057602,2021-10-05
7.43,25.98,0.0,1.5874794077131251,2021-10-06
2.87,14.47,0.0,0.8246168194755118,2021-10-07
1.05,16.92,0.0,1.139906334719873,2021-10-08
-1.31,19.9,0.0,1.4046631501574167,2021-10-09
-0.49,19.22,0.0,1.3267534631851818,2021-10-10
-2.39,10.0,0.0,0.6739333837623689,2021-10-11
-7.12,8.76,0.0,0.747553074661331,2021-10-12
-4.71,5.06,4.08,0.4444101205771559,2021-10-13
-2.98,6.98,2.13,0.4847066641957314,2021-10-14
-4.11,13.73,0.0,0.9364244239372468,2021-10-15
-0.36,18.47,0.0,1.143683517266811,2021-10-16
3.52,24.75,0.0,1.4655897130498123,2021-10-17
1.03,13.62,0.0,0.7410223025811943,2021-10-18
-4.95,6.84,0.0,0.5564580094984536,2021-10-19
-7.22,8.24,0.0,0.6725963802586833,2021-10-20
-3.75,12.63,0.0,0.8132410177623439,2021-10-21
-5.67,9.98,0.0,0.7194163881632235,2021-10-22
-1.29,7.32,0.0,0.4549450141684836,2021-10-23
1.8,7.85,0.0,0.354074593579589,2021-10-24
2.56,10.01,2.99,0.4236911929064582,2021-10-25
2.49,11.57,0.0,0.5465857239767296,2021-10-26
0.43,13.75,0.0,0.7509635187108361,2021-10-27
-2.12,11.42,2.01,0.661355680607372,2021-10-28
1.05,9.05,1.99,0.4547898999731686,2021-10-29
-4.92,4.51,0.0,0.4301316483192355,2021-10-30
-8.9,4.01,0.0,0.5021628157057582,2021-10-31
-11.08,2.49,0.0,0.4779709997064097,2021-11-01
-10.35,7.14,0.0,0.644837497811746,2021-11-02
-7.63,11.07,0.0,0.772722931590528,2021-11-03
-1.34,16.88,0.0,0.9402220983245708,2021-11-04
2.29,14.84,0.0,0.7296176227417432,2021-11-05
-2.89,10.63,0.0,0.6577587561713181,2021-11-06
-5.95,10.13,0.0,0.6961992841075739,2021-11-07
-5.1,8.97,0.0,0.6261066782974413,2021-11-08
-9.77,8.33,0.0,0.6686770844096419,2021-11-09
-2.01,4.21,0.9,0.3031749617650289,2021-11-10
-6.61,-2.65,0.0,0.1567734759685404,2021-11-11
-9.24,-1.07,0.0,0.2927291215864518,2021-11-12
-7.62,6.16,0.0,0.5440922997515132,2021-11-13
-4.95,2.89,1.03,0.3387272659937901,2021-11-14
-1.53,6.44,1.48,0.3952423564087372,2021-11-15
-5.09,8.02,5.32,0.5478583122870893,2021-11-16
-13.07,-5.26,0.0,0.2282897580954412,2021-11-17
-15.08,-0.74,0.0,0.3935594633992887,2021-11-18
-10.72,-1.35,0.0,0.3105359343581231,2021-11-19
-11.16,1.56,0.0,0.4195459130233231,2021-11-20
-16.45,-1.39,0.0,0.3834311166625221,2021-11-21
-7.6,5.52,0.0,0.5060014979221021,2021-11-22
-10.03,3.5,0.0,0.4671470541311752,2021-11-23
-16.89,-7.55,0.0,0.2185496364448426,2021-11-24
-10.73,3.9,0.0,0.4881439702170757,2021-11-25
-1.32,7.03,0.0,0.4039134431309151,2021-11-26
-6.06,1.96,0.0,0.3194203453226281,2021-11-27
-4.2,6.01,0.0,0.4421573589294554,2021-11-28
-3.35,5.61,0.0,0.3989543154896205,2021-11-29
-4.89,6.02,0.0,0.4581455053065841,2021-11-30
-0.25,7.7,0.0,0.3950310276466712,2021-12-01
-2.79,2.87,1.4,0.2542271743227327,2021-12-02
-7.7,-0.32,0.0,0.2703066642811375,2021-12-03
-9.87,-2.07,1.02,0.2631075566757662,2021-12-04
-22.34,-6.57,1.41,0.2834302275425144,2021-12-05
-24.95,-12.64,0.0,0.1799119968071654,2021-12-06
-20.67,-7.54,0.0,0.2536517091341809,2021-12-07
-14.37,3.7,0.8,0.5116960072793374,2021-12-08
-12.35,-1.94,0.0,0.3128031040092658,2021-12-09
-14.64,-4.42,0.0,0.2715643467040155,2021-12-10
-10.11,3.93,0.0,0.4762726339741954,2021-12-11
-9.28,1.61,0.0,0.378219259310844,2021-12-12
-14.73,-2.2,0.0,0.3349409450943807,2021-12-13
-9.56,-2.02,1.57,0.2533276624682318,2021-12-14
-21.48,-12.5,0.0,0.156178586084756,2021-12-15
-24.99,-16.22,1.46,0.1205155881610295,2021-12-16
-25.62,-18.13,0.0,0.1,2021-12-17
-27.73,-6.41,0.0,0.2862462865963056,2021-12-18
-19.43,-7.7,0.0,0.2380905234459367,2021-12-19
-21.68,-12.51,0.0,0.1574271117074981,2021-12-20
-20.42,-6.83,0.0,0.264876375778367,2021-12-21
-13.51,-4.94,2.69,0.2286808712548078,2021-12-22
-13.76,1.0,1.49,0.4197451380991683,2021-12-23
-23.77,-15.32,0.8,0.1256126887302295,2021-12-24
-28.39,-22.34,2.07,0.1,2021-12-25
-28.39,-24.1,7.85,0.1,2021-12-26
-35.05,-26.81,0.0,0.1,2021-12-27
-38.14,-27.46,0.0,0.1,2021-12-28
-33.97,-25.67,0.0,0.1,2021-12-29
-35.85,-26.84,0.0,0.1,2021-12-30
-36.04,-26.75,0.0,0.1,2021-12-31
-35.04,-21.89,0.0,0.1,2022-01-01
-26.18,-1.19,0.0,0.3909308288927976,2022-01-02
-16.82,-4.6,2.83,0.2813596596871104,2022-01-03
-24.01,-12.86,1.17,0.1694628778189555,2022-01-04
-32.96,-19.82,0.0,0.1091218193680497,2022-01-05
-34.77,-26.3,0.0,0.1,2022-01-06
-24.23,-8.19,1.56,0.2567053715899626,2022-01-07
-24.18,-12.97,0.0,0.1698026761001121,2022-01-08
-28.2,-15.19,0.0,0.153852734999003,2022-01-09
-21.63,-0.2,0.0,0.4276864832172771,2022-01-10
-9.96,4.41,0.0,0.4996258524010531,2022-01-11
-1.82,5.17,0.0,0.3335202871086739,2022-01-12
-4.55,3.94,0.0,0.3663944486567762,2022-01-13
-5.24,2.0,0.0,0.3027937157502277,2022-01-14
-4.83,4.24,0.0,0.3898102019824075,2022-01-15
-4.21,4.05,0.0,0.3642672748627916,2022-01-16
-5.34,5.0,0.95,0.4400573894957021,2022-01-17
-19.27,2.61,0.0,0.5097659822334323,2022-01-18
-25.82,-15.63,0.0,0.1405649349280394,2022-01-19
-23.2,-2.9,0.0,0.3748116324657426,2022-01-20
-9.24,2.55,1.15,0.4312564813792499,2022-01-21
-7.53,4.31,1.98,0.4698304470628898,2022-01-22
-7.0,5.16,0.0,0.4959591458738127,2022-01-23
-9.94,2.43,0.0,0.4444710615276045,2022-01-24
-22.71,-5.16,0.0,0.3302584285612601,2022-01-25
-9.25,2.12,0.0,0.4230040610663179,2022-01-26
-7.36,0.9,0.0,0.3312171179164734,2022-01-27
-9.83,2.1,0.0,0.4370967265992294,2022-01-28
-8.01,2.89,0.0,0.4341855476007193,2022-01-29
-4.18,5.59,0.0,0.4586596104326179,2022-01-30
-12.18,4.37,3.61,0.5335475214557106,2022-01-31
-25.77,-14.83,0.0,0.1620918009896859,2022-02-01
-31.14,-22.33,0.0,0.1,2022-02-02
-29.14,-18.34,0.0,0.1274101484155985,2022-02-03
-30.97,-3.87,5.7,0.3343441968034238,2022-02-04
-12.68,-3.25,0.85,0.3082611430903905,2022-02-05
-14.15,2.24,0.0,0.5190617315268214,2022-02-06
-4.76,6.1,0.0,0.520428142349579,2022-02-07
-4.14,2.44,0.0,0.3210432455637959,2022-02-08
-7.61,2.91,0.46,0.4546482775752921,2022-02-09
-7.8,5.38,0.89,0.5714969027245531,2022-02-10
-16.83,-10.08,0.0,0.1781252151630313,2022-02-11
-16.03,-5.89,0.0,0.2915885830194155,2022-02-12
-14.23,2.38,0.0,0.5451038858060784,2022-02-13
-16.03,-7.93,1.37,0.2303205522318743,2022-02-14
-14.03,-6.64,1.2,0.235133102365284,2022-02-15
-22.69,-14.72,0.64,0.1521061582172848,2022-02-16
-25.01,-0.94,0.0,0.4658413793732341,2022-02-17
-19.12,-5.87,0.0,0.3371540475714302,2022-02-18
-15.96,3.74,4.22,0.5798101657731286,2022-02-19
-22.14,-13.3,0.0,0.1815377697999339,2022-02-20
-27.91,-20.29,0.0,0.1041343185802845,2022-02-21
-31.15,-20.27,0.0,0.1241360857233217,2022-02-22
-30.62,-18.42,0.0,0.1484039668443437,2022-02-23
-26.18,-16.38,0.0,0.1605821928002568,2022-02-24
-25.76,-7.4,0.0,0.3381308672471272,2022-02-25
-14.02,-1.96,0.0,0.427240419089004,2022-02-26
-10.92,-4.35,0.0,0.2666461290722463,2022-02-27
-14.04,-6.18,0.0,0.2759081422127777,2022-02-28
-13.54,-6.13,0.0,0.2684807817535733,2022-03-01
-14.19,-8.56,0.0,0.1964141231005928,2022-03-02
-15.3,-9.32,8.08,0.180833420504262,2022-03-03
-11.66,-7.63,3.78,0.1479513480791675,2022-03-04
-16.83,-10.49,0.0,0.198606616525043,2022-03-05
-18.7,-5.03,0.0,0.4074328603352442,2022-03-06
-15.6,1.56,1.57,0.6246944910181863,2022-03-07
-17.49,-8.27,0.0,0.2947506947237618,2022-03-08
-23.7,-12.97,0.0,0.236617270182029,2022-03-09
-23.77,-11.77,0.0,0.2666168748815105,2022-03-10
-29.99,-10.01,0.0,0.3089079761523458,2022-03-11
-14.61,2.78,0.0,0.7068704687508971,2022-03-12
-10.12,-1.14,0.0,0.4350353687709535,2022-03-13
-11.17,2.3,0.0,0.6704559618650408,2022-03-14
-3.93,5.52,0.0,0.6742398976551846,2022-03-15
-2.32,4.82,0.0,0.4972570094066386,2022-03-16
-5.4,6.17,0.0,0.823908004059099,2022-03-17
-1.08,6.32,0.0,0.5905699285107421,2022-03-18
-2.57,7.72,0.0,0.8912740922668103,2022-03-19
-0.78,5.65,1.3,0.5441721434155511,2022-03-20
-1.31,6.64,0.0,0.7583095297445714,2022-03-21
-2.21,9.02,0.0,1.0888013687799674,2022-03-22
-1.56,14.54,0.0,1.5353722081875836,2022-03-23
-0.59,8.95,1.05,1.010657854943267,2022-03-24
-5.83,2.3,0.0,0.6334081239654031,2022-03-25
-8.34,-1.62,0.0,0.4123473796131366,2022-03-26
-6.08,10.09,0.0,1.306497377068368,2022-03-27
-2.26,10.68,0.0,1.4055453931547723,2022-03-28
-5.27,2.44,0.0,0.730874063373402,2022-03-29
-7.76,10.87,0.0,1.44843575768453,2022-03-30
-0.63,4.8,1.84,0.6062828970482729,2022-03-31
-4.11,6.06,0.0,1.056894824316032,2022-04-01
-6.88,8.79,0.0,1.3367463708673866,2022-04-02
-4.11,12.01,0.0,1.5675324606851333,2022-04-03
-2.2,16.09,0.0,1.8854122893196337,2022-04-04
-1.17,9.32,3.19,1.0604086525751395,2022-04-05
-0.83,7.47,1.57,1.0411486740824254,2022-04-06
-3.67,11.01,0.0,1.520434837886057,2022-04-07
-1.11,18.92,0.0,2.0802018190017346,2022-04-08
-0.24,12.32,0.0,1.6003857666422856,2022-04-09
-4.34,7.93,0.0,1.3052516887186665,2022-04-10
-8.16,-0.49,0.0,0.6359304501102186,2022-04-11
-10.21,-5.87,0.0,0.2447058020584721,2022-04-12
-9.9,-6.0,2.48,0.1974885754856249,2022-04-13
-9.43,-4.21,1.89,0.3394738125896826,2022-04-14
-10.53,-3.01,0.0,0.5407638571547275,2022-04-15
-10.61,0.88,0.0,0.8932576347846727,2022-04-16
-7.22,3.77,0.0,1.055762915816454,2022-04-17
-7.35,8.48,0.0,1.4453075840473502,2022-04-18
-3.46,5.76,2.29,0.8772811109839984,2022-04-19
-4.37,1.54,0.0,0.5997235573525621,2022-04-20
-8.55,5.21,0.0,1.2128041699236474,2022-04-21
-3.01,3.52,0.0,0.7869819789306529,2022-04-22
-0.03,8.72,2.06,1.0502870640858004,2022-04-23
-2.55,11.87,0.0,1.7499704002452272,2022-04-24
-1.93,12.23,0.0,1.776559440490034,2022-04-25
-2.29,16.86,0.0,2.0790586942660703,2022-04-26
1.3,15.94,0.0,2.062297660638016,2022-04-27
0.57,17.28,0.0,2.145752739567641,2022-04-28
0.41,16.08,0.0,2.0737668399558213,2022-04-29
1.22,17.14,0.0,2.144172421505344,2022-04-30
0.57,15.87,0.0,2.056527764761124,2022-05-01
-0.31,18.29,0.0,2.208098447383431,2022-05-02
3.86,20.32,0.0,2.373688155836641,2022-05-03
1.19,24.31,0.0,2.5884252260887233,2022-05-04
8.46,27.39,0.0,2.8561928827970005,2022-05-05
9.99,22.31,1.91,2.4416651552306865,2022-05-06
6.14,14.16,7.11,1.2153203159351418,2022-05-07
3.3,15.62,0.0,1.911771303655372,2022-05-08
-0.51,13.92,5.22,1.5352079373674006,2022-05-09
2.72,14.22,3.33,1.3879015511070285,2022-05-10
-0.49,18.39,0.0,2.146539858479151,2022-05-11
3.12,19.14,0.0,2.200915981320361,2022-05-12
5.0,10.55,10.44,0.5468914307112571,2022-05-13
2.95,16.52,0.0,1.8237035177540384,2022-05-14
3.46,20.39,0.0,2.206503424976391,2022-05-15
5.29,22.1,0.0,2.347250669148657,2022-05-16
6.12,21.0,1.56,2.2181566483514388,2022-05-17
6.54,17.22,0.75,1.6859741932811818,2022-05-18
1.29,11.27,3.13,0.9917197932716448,2022-05-19
0.45,8.33,0.0,0.8827055849579282,2022-05-20
-0.64,13.59,0.0,1.674042735899774,2022-05-21
0.14,16.37,0.0,1.9248633293573385,2022-05-22
1.21,22.15,0.0,2.4071038119600683,2022-05-23
4.05,24.08,0.0,2.56558081954655,2022-05-24
6.42,23.86,0.0,2.5155541987526275,2022-05-25
6.12,24.04,0.0,2.548128154039157,2022-05-26
6.93,20.46,2.12,1.7247817784183346,2022-05-27
7.82,22.26,0.0,2.2808852683966037,2022-05-28
9.63,20.51,0.0,1.8900464808157849,2022-05-29
6.56,18.31,0.0,1.851757302170277,2022-05-30
3.21,18.62,0.0,2.088355940406539,2022-05-31
2.86,20.03,0.0,2.2472562331824295,2022-06-01
3.49,21.48,0.0,2.4257196241212897,2022-06-02
2.3,22.96,0.0,2.521889095627181,2022-06-03
4.44,24.91,0.0,2.66723564121852,2022-06-04
7.09,20.44,0.0,2.2840933168735065,2022-06-05
6.01,20.06,0.0,2.297088246862059,2022-06-06
7.93,20.08,0.0,2.193825645867826,2022-06-07
6.23,24.09,2.18,2.313194015749875,2022-06-08
11.66,25.06,5.34,2.1426492541497435,2022-06-09
11.07,26.98,0.61,2.7828776704325366,2022-06-10
7.97,24.26,0.0,2.6139292242677676,2022-06-11
8.95,25.17,4.34,2.227575781523042,2022-06-12
11.02,21.3,5.55,1.4929813248527168,2022-06-13
6.26,19.16,0.0,1.9687462272483816,2022-06-14
4.54,17.09,5.61,1.4606478473941502,2022-06-15
11.58,21.08,0.0,1.6779233013024035,2022-06-16
11.17,30.01,0.0,2.963174703348167,2022-06-17
17.5,31.14,0.0,2.6883584816968664,2022-06-18
15.7,21.54,7.41,0.6823642917452182,2022-06-19
13.87,21.04,2.93,0.8747650069574281,2022-06-20
11.79,23.0,0.0,1.9182705673629232,2022-06-21
10.99,27.79,0.0,2.6709465006441997,2022-06-22
10.27,27.14,6.34,2.1745798392757956,2022-06-23
7.57,18.47,2.12,1.2775417063144487,2022-06-24
8.03,21.06,2.9,1.5740270896667448,2022-06-25
8.14,24.97,0.0,2.4149873916054325,2022-06-26
9.56,24.26,1.96,2.253041013827761,2022-06-27
9.93,23.05,2.15,1.6264318121029542,2022-06-28
12.6,25.59,0.0,2.1389656309235123,2022-06-29
9.26,23.3,0.0,2.1201181832289957,2022-06-30
8.55,24.57,0.0,2.3224305347476175,2022-07-01
10.22,23.42,3.69,1.651067561705692,2022-07-02
11.17,23.56,2.73,1.5718353784507124,2022-07-03
12.75,17.17,9.86,0.5135532194926561,2022-07-04
12.6,19.75,4.42,0.8259328445896766,2022-07-05
12.43,24.62,0.0,1.9760011474439585,2022-07-06
13.36,24.98,2.26,1.5057967039242732,2022-07-07
16.99,31.36,0.0,2.479783223610929,2022-07-08
15.89,29.02,1.58,2.2533610460960323,2022-07-09
13.72,25.31,1.8,1.917167024757404,2022-07-10
10.66,27.32,0.0,2.4127460321745895,2022-07-11
10.14,30.37,0.0,2.7073176557145664,2022-07-12
16.07,33.3,3.1,2.2238808322033967,2022-07-13
15.47,28.3,0.0,2.1328936623687804,2022-07-14
16.04,34.05,0.0,2.7878859770664266,2022-07-15
14.62,35.16,0.0,2.9376790735213616,2022-07-16
15.02,32.81,0.0,2.6883077192946647,2022-07-17
13.89,29.12,17.98,1.8762845022596415,2022-07-18
14.31,28.52,8.97,1.6677603218155246,2022-07-19
12.95,24.95,0.0,1.6563541181679808,2022-07-20
10.87,28.87,0.0,2.3031461242988067,2022-07-21
10.68,25.29,0.0,1.905414236336776,2022-07-22
9.19,22.51,0.0,1.6828910258622476,2022-07-23
7.81,28.52,0.0,2.3785845454743098,2022-07-24
12.62,20.77,4.29,0.8816028988785686,2022-07-25
10.65,24.62,0.0,1.7887408360045325,2022-07-26
7.85,26.18,0.0,2.128246450508586,2022-07-27
8.18,27.85,0.0,2.2559051890570982,2022-07-28
12.99,33.69,0.0,2.5686554627220293,2022-07-29
15.32,26.93,4.81,1.2630634757331574,2022-07-30
13.39,28.73,9.02,1.600021844172092,2022-07-31
15.05,27.49,0.0,1.5997910703727547,2022-08-01
13.62,25.91,0.0,1.529423519546096,2022-08-02
8.36,27.01,0.0,2.046832292221923,2022-08-03
11.18,35.22,0.0,2.6227127262488388,2022-08-04
8.92,20.22,0.0,1.1986938936142422,2022-08-05
4.34,22.84,0.0,1.809485589352874,2022-08-06
11.37,30.51,0.0,2.196125668797193,2022-08-07
10.14,33.38,0.0,2.5081885216939126,2022-08-08
10.29,26.56,0.0,1.8402243959704,2022-08-09
10.84,27.14,0.0,1.85724500528823,2022-08-10
15.67,26.45,0.0,1.2611191361989988,2022-08-11
11.87,32.11,0.0,2.3453264418590773,2022-08-12
16.14,33.0,0.0,2.136273443174309,2022-08-13
15.44,31.6,0.0,2.022813360224372,2022-08-14
11.89,30.06,0.0,2.1064362623829336,2022-08-15
13.78,35.08,0.0,2.4775528753800167,2022-08-16
16.12,30.25,0.0,1.7585357291364314,2022-08-17
12.28,29.43,0.0,1.998444389151555,2022-08-18
10.24,29.59,0.0,2.1158907436625394,2022-08-19
14.17,31.74,0.0,2.080304867481468,2022-08-20
12.56,33.59,0.0,2.3404757771867266,2022-08-21
16.58,27.61,0.0,1.2524013961439022,2022-08-22
15.2,26.52,0.0,1.271640487873403,2022-08-23
10.68,26.89,0.0,1.744734245297622,2022-08-24
9.91,28.15,0.0,1.9101837365814336,2022-08-25
13.34,29.07,11.42,1.44435625559511,2022-08-26
13.23,30.57,0.0,1.879916530215831,2022-08-27
12.32,22.07,0.0,1.0078344900461296,2022-08-28
8.64,27.44,0.0,1.8284607474401784,2022-08-29
10.1,31.59,0.0,2.1102312709820823,2022-08-30
14.25,35.28,0.0,2.2048667407802105,2022-08-31
14.11,32.71,0.0,1.948803273564418,2022-09-01
6.47,27.26,0.0,1.840542595501416,2022-09-02
12.68,36.88,0.0,2.3591914767888267,2022-09-03
15.87,34.64,0.0,1.961020721239752,2022-09-04
12.53,31.68,0.0,1.883347801049906,2022-09-05
8.45,24.84,0.0,1.458671634242132,2022-09-06
10.82,35.58,0.0,2.2717032877662247,2022-09-07
7.3,19.89,0.0,1.0825254285112316,2022-09-08
3.56,17.48,0.0,1.07945488946039,2022-09-09
1.83,22.83,0.0,1.5600515748341068,2022-09-10
8.5,32.02,0.0,2.0572561105391576,2022-09-11
8.3,23.7,0.0,1.335908138657835,2022-09-12
10.29,15.67,1.53,0.4892117137554936,2022-09-13
7.68,16.03,0.0,0.7108556062754392,2022-09-14
6.31,15.65,0.0,0.7688379281814225,2022-09-15
10.49,20.49,0.0,0.9060074557909396,2022-09-16
8.03,23.64,0.0,1.335780879119954,2022-09-17
4.49,22.48,0.0,1.434618607563199,2022-09-18
9.06,19.65,2.29,0.8401707521414001,2022-09-19
4.11,13.61,0.0,0.7264980661364467,2022-09-20
-0.86,16.94,0.0,1.1637070119456792,2022-09-21
1.96,17.57,1.83,1.110159140582085,2022-09-22
4.33,20.06,0.0,1.2016738735385597,2022-09-23
6.85,21.45,0.0,1.1888179186957784,2022-09-24
1.78,22.25,0.0,1.4618614470864442,2022-09-25
5.38,23.02,0.0,1.3892380836700846,2022-09-26
6.67,25.94,0.0,1.5655906106641535,2022-09-27
8.93,31.38,0.0,1.884868931574858,2022-09-28
8.09,30.78,0.0,1.850736754450803,2022-09-29
9.66,23.75,0.0,1.1494222207037246,2022-09-30
7.27,19.29,0.0,0.9340812257928602,2022-10-01
5.65,19.29,0.0,1.009764089539381,2022-10-02
6.66,22.31,0.0,1.273881952775916,2022-10-03
7.63,25.8,0.0,1.5475251908822438,2022-10-04
3.9,12.87,0.0,0.6315865027032935,2022-10-05
-2.42,10.31,0.0,0.7267761344041487,2022-10-06
-2.29,19.74,0.0,1.3478027238213626,2022-10-07
2.85,22.54,0.0,1.429402143046467,2022-10-08
3.32,22.68,0.0,1.4202820569075407,2022-10-09
2.95,25.34,0.0,1.5960588916275815,2022-10-10
3.13,14.39,0.0,0.7515929127245123,2022-10-11
1.96,11.47,0.0,0.6101337813351752,2022-10-12
-0.45,14.36,0.0,0.8932761752422597,2022-10-13
-1.46,16.17,0.0,1.0416510952455995,2022-10-14
-1.57,9.58,0.0,0.6203170639589822,2022-10-15
-3.88,10.44,0.0,0.7310624425267015,2022-10-16
-2.39,18.55,0.0,1.293012416843989,2022-10-17
1.38,22.9,0.0,1.6110080403077596,2022-10-18
1.6,21.87,0.0,1.5197505135778149,2022-10-19
2.49,15.52,0.0,0.9643975802658072,2022-10-20
0.92,10.7,0.0,0.5898384270010142,2022-10-21
-3.21,9.88,6.21,0.6240180313090842,2022-10-22
-1.05,3.11,12.41,0.2087109822717466,2022-10-23
-3.09,0.84,0.0,0.1915637201364487,2022-10-24
-3.5,2.75,0.0,0.3031221414212936,2022-10-25
-4.7,5.3,0.0,0.4690829610630833,2022-10-26
-0.63,8.78,0.0,0.5147802028620856,2022-10-27
-0.25,9.6,0.0,0.5464684627088522,2022-10-28
-1.07,12.85,0.0,0.7639340318319944,2022-10-29
-0.59,14.32,0.0,0.9214578194559137,2022-10-30
-1.43,8.9,0.0,0.5431728339848083,2022-10-31
-0.24,10.43,0.0,0.5837579450793678,2022-11-01
-2.82,1.18,0.0,0.194483337060792,2022-11-02
-7.98,-2.37,0.0,0.218106170632982,2022-11-03
-8.59,4.9,2.27,0.5122232543587434,2022-11-04
-5.32,4.25,13.24,0.4113769542325494,2022-11-05
-11.99,-6.49,0.0,0.1772539856347254,2022-11-06
-13.53,-6.7,6.56,0.194626417123366,2022-11-07
-18.04,-8.1,0.0,0.2391967817585328,2022-11-08
-23.71,-15.61,0.0,0.133621852172254,2022-11-09
-22.63,-14.41,0.0,0.145255781612183,2022-11-10
-21.64,-10.89,0.0,0.2072500862151748,2022-11-11
-21.16,-9.61,1.64,0.2305598281517703,2022-11-12
-13.64,-5.23,0.0,0.2529292983433507,2022-11-13
-12.07,-4.76,1.08,0.2363178284266274,2022-11-14
-9.22,-3.45,0.0,0.2129564103413726,2022-11-15
-10.78,-2.82,0.0,0.2761904730619154,2022-11-16
-17.22,-10.21,0.0,0.1699647507080693,2022-11-17
-17.66,-7.6,0.0,0.2432737863874288,2022-11-18
-12.03,-3.61,0.0,0.2748888465123598,2022-11-19
-11.16,0.67,0.0,0.4040876772976864,2022-11-20
-11.28,1.67,1.19,0.4392998382322516,2022-11-21
-6.25,3.24,0.0,0.4019461869288246,2022-11-22
-4.59,2.42,0.0,0.3161681286467234,2022-11-23
-6.59,4.76,0.0,0.4691897938251352,2022-11-24
-0.18,7.04,0.0,0.3835686849991977,2022-11-25
-2.89,2.75,0.0,0.2692562602366827,2022-11-26
-4.26,2.89,2.31,0.3070999441400242,2022-11-27
-12.25,-4.91,4.17,0.2166829600067367,2022-11-28
-16.6,-11.43,0.0,0.1235940144837846,2022-11-29
-20.05,-13.05,1.85,0.1377424137733104,2022-11-30
-22.29,-14.04,0.9,0.141839504296725,2022-12-01
-28.63,-21.14,0.0,0.1,2022-12-02
-23.89,-11.04,0.0,0.2061012773483,2022-12-03
-14.88,-2.91,0.0,0.3251209514561162,2022-12-04
-23.17,-12.94,1.02,0.1673935729933365,2022-12-05
-32.87,-20.75,0.0,0.1013864737489665,2022-12-06
-34.52,-8.05,0.0,0.2429264066532845,2022-12-07
-14.61,-4.07,0.0,0.2843128300560015,2022-12-08
-10.2,-1.55,0.0,0.2894464567950029,2022-12-09
-15.98,-5.63,0.0,0.257834463089756,2022-12-10
-10.35,-4.05,1.41,0.2059194114251495,2022-12-11
-12.77,-7.78,2.85,0.1366799124156829,2022-12-12
-16.38,-11.64,0.0,0.1096962581018679,2022-12-13
-18.87,-8.17,0.82,0.226090247950651,2022-12-14
-16.63,-10.54,0.0,0.1408075070557985,2022-12-15
-19.85,-12.51,0.95,0.1412784623175262,2022-12-16
-20.06,-14.03,1.72,0.1126932207336235,2022-12-17
-26.16,-19.89,1.05,0.1,2022-12-18
-31.75,-23.06,2.37,0.1,2022-12-19
-35.57,-29.82,2.3,0.1,2022-12-20
-33.58,-28.88,0.99,0.1,2022-12-21
-32.84,-27.37,0.0,0.1,2022-12-22
-35.65,-19.59,0.0,0.1137111260759093,2022-12-23
-21.97,-10.12,1.57,0.2094712213244212,2022-12-24
-16.63,-5.75,0.0,0.2624476334849999,2022-12-25
-14.86,3.27,0.0,0.5002477668570278,2022-12-26
-8.52,-0.08,8.45,0.2933319881773569,2022-12-27
-15.85,-6.41,2.27,0.2266757033642324,2022-12-28
-14.08,-9.38,0.0,0.1244956213299702,2022-12-29
-15.47,-6.84,0.0,0.2191055677688611,2022-12-30
-16.28,-8.48,0.0,0.1880162137492086,2022-12-31
-16.58,-5.5,0.0,0.2664861761679695,2023-01-01
-13.63,-3.96,0.0,0.2715466587385692,2023-01-02
-14.52,-5.32,0.0,0.2461993287341065,2023-01-03
-16.41,-8.81,0.0,0.1809850125654715,2023-01-04
-16.43,-9.96,0.0,0.1529746899357803,2023-01-05
-16.34,-3.65,0.0,0.3145459060618506,2023-01-06
-10.54,-2.32,0.0,0.2713945186112818,2023-01-07
-12.85,-3.93,0.0,0.2629590343230651,2023-01-08
-12.22,-2.68,0.0,0.291884795356621,2023-01-09
-14.59,-8.56,0.0,0.1599727669895866,2023-01-10
-15.41,-9.59,0.0,0.1476858191644089,2023-01-11
-13.2,-5.51,0.0,0.2242840766606539,2023-01-12
-9.97,-0.02,0.0,0.3452344447051956,2023-01-13
-10.53,-1.94,0.0,0.2900386138309048,2023-01-14
-9.73,-6.55,0.0,0.108942146401729,2023-01-15
-8.94,-7.06,0.0,0.1,2023-01-16
-9.51,-6.06,0.0,0.1203327877456189,2023-01-17
-8.41,-2.48,0.0,0.2230605628502097,2023-01-18
-10.56,-4.88,0.0,0.1928634305915558,2023-01-19
-13.74,-4.33,0.0,0.2759298222944952,2023-01-20
-11.62,-0.15,0.0,0.4030427745696048,2023-01-21
-6.6,1.09,0.0,0.3276483068448224,2023-01-22
-12.51,-1.36,0.0,0.3746994192172859,2023-01-23
-8.84,-1.49,0.0,0.2795696581186635,2023-01-24
-7.99,-0.89,1.4,0.3062344431364034,2023-01-25
-9.07,3.35,1.2,0.606192564224351,2023-01-26
-18.58,-3.66,0.0,0.3896783393142403,2023-01-27
-23.81,-18.25,0.0,0.1,2023-01-28
-25.16,-19.27,0.0,0.1,2023-01-29
-25.16,-17.28,0.0,0.1219355743205003,2023-01-30
-22.24,-11.67,0.0,0.20371546054804,2023-01-31
-22.12,-10.34,1.88,0.2312609133087564,2023-02-01
-25.75,-16.62,0.0,0.1394995907696455,2023-02-02
-18.71,-0.29,0.0,0.5342944540125589,2023-02-03
-6.48,1.18,0.0,0.4703928681752589,2023-02-04
-10.8,1.83,0.0,0.6340944904788584,2023-02-05
-4.44,0.72,0.0,0.305860220147707,2023-02-06
-3.85,3.22,0.0,0.5466408676472772,2023-02-07
-8.9,-0.21,3.38,0.3966893594979845,2023-02-08
-13.1,-2.08,0.0,0.4975521897596146,2023-02-09
-8.4,4.83,0.0,0.8271830851021778,2023-02-10
-6.53,1.31,0.0,0.5514158104462281,2023-02-11
-7.59,1.72,0.0,0.6388593559872735,2023-02-12
-3.39,3.69,0.0,0.6299878707416661,2023-02-13
-16.46,-4.18,0.0,0.4632280296017106,2023-02-14
-16.33,-8.56,0.0,0.2584667778835121,2023-02-15
-17.92,-1.19,0.0,0.5866869652014847,2023-02-16
-8.57,0.05,0.0,0.5699844806440314,2023-02-17
-12.37,-3.41,0.0,0.4539091916056133,2023-02-18
-11.57,-4.39,0.97,0.365745791012635,2023-02-19
-19.35,-9.49,0.0,0.2985121398349756,2023-02-20
-25.98,-16.45,0.0,0.1585256838270472,2023-02-21
-29.68,-25.1,0.0,0.1,2023-02-22
-28.69,-22.09,0.0,0.1,2023-02-23
-30.99,-19.78,0.0,0.1349747044642054,2023-02-24
-27.02,-11.64,0.0,0.2886584331385048,2023-02-25
-17.45,-0.68,0.0,0.6789934013882208,2023-02-26
-15.56,-4.62,0.0,0.5130373379344095,2023-02-27
-19.59,-10.46,0.0,0.294638154881679,2023-02-28
-18.35,-6.56,0.0,0.4561637884601062,2023-03-01
-11.77,1.63,0.0,0.8457989960070568,2023-03-02
-10.21,-0.38,0.0,0.7133463685292588,2023-03-03
-14.97,-4.51,0.0,0.5422055523149146,2023-03-04
-20.04,-10.72,0.0,0.3160265451886904,2023-03-05
-24.73,-12.87,0.0,0.2841362851866491,2023-03-06
-16.88,-12.86,0.0,0.1260546433690097,2023-03-07
-19.04,-13.72,1.16,0.1501858398812502,2023-03-08
-18.23,-10.56,0.0,0.3067136604034953,2023-03-09
-13.84,-7.04,5.62,0.3015135970912962,2023-03-10
-12.29,-7.07,4.99,0.2297865704552642,2023-03-11
-19.15,-9.45,0.0,0.3995629588008358,2023-03-12
-16.9,-2.67,0.0,0.7058612602586141,2023-03-13
-10.96,1.63,1.38,0.9611149383176868,2023-03-14
-13.82,-3.6,2.87,0.5263914295114426,2023-03-15
-13.16,-4.68,0.0,0.5351744062884263,2023-03-16
-20.16,-7.95,0.0,0.463079900822707,2023-03-17
-19.29,-0.51,0.0,0.75965249131973,2023-03-18
-14.77,-2.98,0.0,0.6878352942650687,2023-03-19
-14.59,-7.11,0.0,0.4234994473020715,2023-03-20
-15.44,-6.61,0.0,0.4904402171353227,2023-03-21
-15.47,-6.6,0.0,0.4988191947338714,2023-03-22
-15.15,2.69,0.0,0.9900638681308568,2023-03-23
-14.32,-3.74,0.0,0.6633749234364784,2023-03-24
-18.5,-4.03,0.0,0.6651622049808505,2023-03-25
-13.76,-5.9,0.0,0.5039007859488996,2023-03-26
-19.15,-8.18,0.0,0.4886744297741117,2023-03-27
-21.2,-6.2,0.0,0.5806797452807797,2023-03-28
-18.5,-1.06,0.0,0.8150124326293586,2023-03-29
-13.89,-1.94,0.0,0.808641672967521,2023-03-30
-14.92,0.42,0.0,0.9397824306648008,2023-03-31
-7.23,3.96,0.0,1.1709349580417705,2023-04-01
-8.37,-2.18,2.8,0.4742184670673375,2023-04-02
-13.74,-8.15,1.68,0.3316397165338415,2023-04-03
-19.46,-7.6,0.0,0.5274558989586836,2023-04-04
-23.3,-6.95,0.0,0.5490047758265233,2023-04-05
-21.35,-4.08,0.0,0.6724193348789567,2023-04-06
-12.06,1.77,0.0,1.0345719293654216,2023-04-07
-2.56,6.57,0.0,1.2709867230804124,2023-04-08
1.2,8.92,0.0,1.3370595962962577,2023-04-09
2.83,9.96,0.0,1.3498290805588349,2023-04-10
0.73,12.6,0.0,1.717955104319173,2023-04-11
0.13,8.25,0.0,1.355641968274661,2023-04-12
-1.41,5.74,1.86,1.124008256310551,2023-04-13
-1.16,7.96,0.0,1.4002892078755995,2023-04-14
-2.05,11.78,0.0,1.696056821173337,2023-04-15
-0.59,15.18,0.0,1.9162917896905225,2023-04-16
2.73,16.46,0.0,2.014346279495242,2023-04-17
0.52,6.99,3.95,0.8040958321983043,2023-04-18
-4.15,0.12,6.63,0.2724890263908959,2023-04-19
-5.48,-1.65,0.76,0.2664612364763034,2023-04-20
-5.45,1.08,0.0,0.6373154414185374,2023-04-21
-5.52,5.93,0.0,1.2034658752738645,2023-04-22
-5.0,8.89,0.0,1.4522414157834724,2023-04-23
-1.51,11.27,0.0,1.629134085099646,2023-04-24
2.03,17.41,1.86,2.06507614813069,2023-04-25
1.39,15.13,0.0,1.9203322309665063,2023-04-26
2.54,10.19,0.0,1.295230207375185,2023-04-27
-0.91,18.92,0.0,2.134226905670622,2023-04-28
-1.09,16.2,0.0,1.985585289998431,2023-04-29
-2.18,16.49,0.0,1.9893540744181275,2023-04-30
-0.17,20.4,0.0,2.2388830393931127,2023-05-01
2.84,25.71,0.0,2.5802177799009054,2023-05-02
4.84,27.12,0.0,2.6902679106233767,2023-05-03
6.22,26.85,0.0,2.6933527682475016,2023-05-04
4.85,19.89,0.0,2.2441101583879286,2023-05-05
4.34,16.62,0.0,2.0109342200483167,2023-05-06
7.29,17.81,0.0,2.0524280081393287,2023-05-07
7.04,18.85,0.0,2.150821813646525,2023-05-08
3.6,20.51,0.0,2.306506217083883,2023-05-09
7.62,20.45,0.0,2.2666757655921894,2023-05-10
5.78,19.79,0.0,2.246391929299691,2023-05-11
8.18,17.0,0.0,1.9283633758444505,2023-05-12
4.75,23.01,0.0,2.4816851031081972,2023-05-13
4.86,24.94,0.0,2.605326492625807,2023-05-14
8.87,26.8,0.0,2.7340414412854592,2023-05-15
9.55,30.52,0.0,2.9825872021657713,2023-05-16
5.77,18.74,0.0,2.155896337470128,2023-05-17
3.83,15.32,0.0,1.9079950223322724,2023-05-18
1.05,25.56,0.0,2.602627788678419,2023-05-19
11.71,25.15,0.0,2.536503075705681,2023-05-20
6.97,25.66,0.0,2.650063720886042,2023-05-21
12.36,31.12,3.22,2.7439015299561675,2023-05-22
11.31,25.88,0.0,2.602384830032632,2023-05-23
11.39,23.12,9.02,2.072384826234994,2023-05-24
12.22,15.61,3.79,0.3660171172136615,2023-05-25
10.52,19.44,0.0,1.7241456515073257,2023-05-26
7.89,16.04,8.03,1.1014786965061223,2023-05-27
12.65,19.85,1.5,1.3605605273620625,2023-05-28
10.26,26.37,0.0,2.7135756011207053,2023-05-29
10.93,28.44,2.68,2.4524602671492457,2023-05-30
11.51,29.86,6.94,2.5423520032631837,2023-05-31
13.81,25.16,6.49,1.7309284799456015,2023-06-01
12.52,22.29,0.0,1.7765247885807245,2023-06-02
16.06,25.54,5.14,1.475428912114668,2023-06-03
14.67,29.56,0.0,2.703790629708246,2023-06-04
16.75,31.99,0.0,2.8610251110821667,2023-06-05
15.68,26.99,0.0,2.195900124358854,2023-06-06
13.15,28.45,23.14,2.1800212232698075,2023-06-07
13.19,28.99,0.0,2.5225929947530026,2023-06-08
12.04,25.42,0.0,2.1845140458254666,2023-06-09
10.28,23.76,0.0,2.148745467282133,2023-06-10
9.81,27.78,0.0,2.644915484344026,2023-06-11
11.5,29.74,0.0,2.784514070382201,2023-06-12
12.14,30.78,0.0,2.8812099740486397,2023-06-13
12.56,28.29,5.38,2.130506460074086,2023-06-14
8.35,16.95,0.0,1.261906436420608,2023-06-15
5.9,24.72,0.0,2.474736804875014,2023-06-16
11.62,20.36,0.0,1.4195911903864438,2023-06-17
7.94,23.56,17.27,1.8757143479194844,2023-06-18
8.38,21.9,0.0,1.9492682310426588,2023-06-19
7.36,22.25,0.0,2.0716812875923707,2023-06-20
7.12,20.52,0.0,1.8809047383636888,2023-06-21
8.39,23.68,0.0,2.1891201566313225,2023-06-22
8.06,25.57,0.0,2.4007126264611784,2023-06-23
8.67,25.75,0.0,2.3729101291590906,2023-06-24
10.2,28.84,0.0,2.6123047569027005,2023-06-25
10.9,26.09,0.0,2.2506071376003485,2023-06-26
10.51,28.79,0.0,2.565661872675648,2023-06-27
10.96,26.01,0.0,2.2143016615218496,2023-06-28
9.04,27.98,0.0,2.54037424276863,2023-06-29
14.27,30.74,0.0,2.56061311928068,2023-06-30
13.55,33.06,0.0,2.8447407278842,2023-07-01
12.03,23.01,0.0,1.6467508487986915,2023-07-02
9.52,22.62,0.0,1.8657017411900847,2023-07-03
8.02,19.0,0.0,1.475220119001096,2023-07-04
6.94,24.24,0.0,2.2393079155297535,2023-07-05
8.84,27.05,0.0,2.440571914462471,2023-07-06
7.67,25.63,0.0,2.334017947967567,2023-07-07
9.21,28.54,0.0,2.561552840406206,2023-07-08
11.33,30.8,0.0,2.688881846403161,2023-07-09
11.4,24.38,0.0,1.8843053893425108,2023-07-10
9.47,21.28,6.51,1.278609772174278,2023-07-11
9.83,24.53,0.0,2.01619169733137,2023-07-12
11.78,25.92,0.0,2.0535926022079023,2023-07-13
10.34,23.09,0.0,1.786141727305569,2023-07-14
8.13,24.68,0.0,2.1444997086527353,2023-07-15
8.47,23.83,0.0,2.0235854890176443,2023-07-16
9.75,27.18,6.66,1.8985411675872323,2023-07-17
10.95,20.62,1.88,1.2674546617584088,2023-07-18
13.07,23.94,0.0,1.5797361170076332,2023-07-19
10.02,27.62,0.0,2.3577178093737348,2023-07-20
11.08,29.89,0.0,2.5309157019939987,2023-07-21
11.44,30.66,0.0,2.5788663023530196,2023-07-22
14.52,31.44,0.0,2.473310204509814,2023-07-23
15.91,36.18,0.0,2.8880234492395545,2023-07-24
18.37,33.81,0.0,2.438234214394731,2023-07-25
11.49,27.53,0.0,2.2091225485788692,2023-07-26
8.7,22.98,0.0,1.8449850128280956,2023-07-27
7.35,21.3,0.0,1.7284059223862716,2023-07-28
5.66,24.39,0.0,2.1553667749260006,2023-07-29
10.38,30.28,0.0,2.5340495196889337,2023-07-30
15.53,33.12,0.0,2.5423704731019026,2023-07-31
12.99,33.01,0.0,2.655344141720035,2023-08-01
13.05,31.21,0.0,2.449585751199137,2023-08-02
14.6,37.01,0.0,2.911893668179181,2023-08-03
14.27,28.09,0.0,1.9268981468799016,2023-08-04
10.41,27.71,0.0,2.184244495398368,2023-08-05
8.9,26.44,0.0,2.122168929882976,2023-08-06
9.01,29.01,0.0,2.364215189976284,2023-08-07
10.55,24.94,0.0,1.8200437313452913,2023-08-08
11.67,20.67,10.46,0.8815729353034114,2023-08-09
12.24,24.86,6.04,1.2439343526337934,2023-08-10
11.53,23.27,0.0,1.3806291370970816,2023-08-11
9.77,21.89,3.47,1.123620594918728,2023-08-12
9.65,25.99,0.0,1.8599832449275449,2023-08-13
12.71,33.52,0.0,2.4307732745080273,2023-08-14
14.18,30.95,0.0,2.060588264722868,2023-08-15
11.9,24.05,0.0,1.3852044106688437,2023-08-16
8.71,32.26,0.0,2.426348583522351,2023-08-17
13.82,26.51,0.0,1.4763649602928437,2023-08-18
8.03,20.44,0.0,1.2476237789049316,2023-08-19
5.2,21.1,2.62,1.2640496020326184,2023-08-20
11.81,18.46,27.28,0.6348554886503968,2023-08-21
13.31,19.82,14.59,0.6422647976817417,2023-08-22
13.94,25.41,0.0,1.260043430843906,2023-08-23
10.65,23.61,0.0,1.325819152393578,2023-08-24
9.98,20.95,0.0,1.1176441964732196,2023-08-25
10.02,29.93,0.0,2.0176579309991864,2023-08-26
11.68,28.32,0.0,1.7559355155348333,2023-08-27
11.02,30.15,0.0,1.9630143859311864,2023-08-28
12.35,31.94,0.0,2.050754143677474,2023-08-29
14.86,27.58,0.0,1.39186774296173,2023-08-30
11.48,22.54,3.19,1.0175208651954046,2023-08-31
13.18,27.64,0.0,1.5721891148690077,2023-09-01
13.49,29.16,0.0,1.7387521105461692,2023-09-02
8.57,31.83,0.0,2.1927791613463525,2023-09-03
10.19,20.26,0.0,0.996891924505762,2023-09-04
2.68,17.23,0.0,1.1796324612445293,2023-09-05
9.21,24.28,0.0,1.5865844558218505,2023-09-06
8.42,21.87,0.0,1.3645277911936409,2023-09-07
4.16,22.5,0.0,1.6302321124361494,2023-09-08
7.04,23.05,0.0,1.5364368515961426,2023-09-09
5.71,24.42,0.0,1.6988342249958583,2023-09-10
5.91,22.98,0.0,1.5468873567349837,2023-09-11
8.93,28.65,0.0,1.893188804772668,2023-09-12
11.36,22.85,0.8,1.1430495135893113,2023-09-13
7.16,20.74,0.0,1.2437470412511888,2023-09-14
4.06,22.18,0.0,1.5237294345012329,2023-09-15
7.06,30.18,0.0,2.032461381481836,2023-09-16
7.13,31.37,0.0,2.1918511552936866,2023-09-17
9.25,27.12,0.0,1.7731460015674212,2023-09-18
6.44,18.56,1.78,1.059626770866508,2023-09-19
5.25,20.17,0.0,1.278645956236255,2023-09-20
3.02,20.97,0.0,1.428029750364699,2023-09-21
4.37,21.76,0.0,1.422956872483629,2023-09-22
10.79,18.92,0.0,0.7223016717480617,2023-09-23
10.52,24.11,0.0,1.2533465625570002,2023-09-24
6.71,26.51,0.0,1.6838678001250864,2023-09-25
12.04,30.05,0.0,1.719968024975888,2023-09-26
9.61,23.52,2.11,1.0671471638009098,2023-09-27
5.49,19.24,0.0,1.0512796581271109,2023-09-28
2.55,18.21,0.0,1.1060070800213964,2023-09-29
3.03,9.57,16.28,0.4201630261467748,2023-09-30
7.23,9.41,6.11,0.1666838280770721,2023-10-01
6.77,14.77,3.12,0.574677327543641,2023-10-02
5.44,15.68,0.0,0.7694873816508497,2023-10-03
3.24,14.56,2.31,0.7318065344606511,2023-10-04
-1.43,8.54,0.0,0.5962171904571238,2023-10-05
-5.34,11.48,0.0,0.867325011989359,2023-10-06
4.82,21.31,0.0,1.164182706045684,2023-10-07
2.99,23.1,0.0,1.321963718997712,2023-10-08
4.69,22.9,0.0,1.2548509825068934,2023-10-09
3.91,21.83,0.0,1.206769178088593,2023-10-10
4.17,16.48,0.0,0.8498021027397608,2023-10-11
0.63,10.08,0.0,0.5853068781610649,2023-10-12
-3.7,11.93,0.0,0.8265873769059321,2023-10-13
-0.72,12.32,0.0,0.7626528631152593,2023-10-14
0.16,15.95,0.0,0.94184216626597,2023-10-15
1.63,19.45,0.0,1.0982028199115343,2023-10-16
7.75,19.51,0.0,0.873314028596663,2023-10-17
4.05,15.43,0.0,0.7653005846786849,2023-10-18
4.87,22.08,0.0,1.1465766867209473,2023-10-19
3.85,14.49,0.0,0.7046523645984901,2023-10-20
-2.82,11.58,0.0,0.7607085266955935,2023-10-21
2.18,9.71,0.0,0.4715331404540756,2023-10-22
-3.38,2.1,5.47,0.258661364369839,2023-10-23
-11.39,-4.13,0.0,0.2545125856878303,2023-10-24
-15.29,-6.03,0.0,0.2680361455390477,2023-10-25
-13.66,-5.83,0.0,0.2448549186800857,2023-10-26
-9.27,-4.11,0.66,0.2034116751413484,2023-10-27
-9.64,-3.32,0.5,0.2461972269389594,2023-10-28
-8.54,-1.14,0.0,0.3064631968523912,2023-10-29
-14.01,-4.56,0.0,0.2983200951795051,2023-10-30
-13.36,2.28,0.0,0.5200860676310908,2023-10-31
-8.67,0.48,0.0,0.3701886588527057,2023-11-01
-6.15,3.92,0.0,0.4543830071421834,2023-11-02
-6.55,1.32,0.0,0.3453439968362101,2023-11-03
-5.44,4.57,0.66,0.4614270066389531,2023-11-04
-0.42,4.23,0.0,0.2517908060141252,2023-11-05
0.24,3.7,0.0,0.1923990931914977,2023-11-06
-0.06,3.41,8.83,0.1807587065718107,2023-11-07
-1.54,3.95,0.0,0.2877549872268515,2023-11-08
-6.11,0.89,0.0,0.3051183488893427,2023-11-09
-7.47,2.86,0.0,0.42472783432842,2023-11-10
-3.14,8.29,0.0,0.5582359272663705,2023-11-11
-2.32,8.48,0.0,0.5427961804713181,2023-11-12
-2.78,9.94,0.0,0.6225037519700408,2023-11-13
-2.26,7.88,0.0,0.5077347375649534,2023-11-14
-4.44,6.55,0.0,0.5041654280833238,2023-11-15
-9.64,2.45,0.0,0.4412668610726708,2023-11-16
-2.8,11.16,0.0,0.6711673233597769,2023-11-17
-2.9,14.07,0.0,0.8039135810743986,2023-11-18
-0.59,12.54,0.0,0.6782734140265457,2023-11-19
-4.33,5.27,0.0,0.4342201849212134,2023-11-20
-9.16,10.02,0.0,0.7078885810988242,2023-11-21
-7.74,1.65,0.0,0.3624937054224793,2023-11-22
-15.38,-6.03,0.0,0.2441549455857612,2023-11-23
-12.34,-0.42,0.0,0.3696328158225647,2023-11-24
-8.11,0.56,0.42,0.3302443596712079,2023-11-25
-14.3,-3.87,0.0,0.2927762166965561,2023-11-26
-8.86,0.99,0.0,0.3603623166840189,2023-11-27
-4.51,4.99,0.0,0.4113910134458715,2023-11-28
-6.15,2.49,0.0,0.3478897384036022,2023-11-29
-10.8,-1.78,0.0,0.2925517397159065,2023-11-30
-14.61,-0.32,0.0,0.3908037981763943,2023-12-01
-10.7,1.74,0.0,0.4087633949465564,2023-12-02
-12.51,1.45,2.08,0.4129974824555972,2023-12-03
-6.7,1.04,0.0,0.3036364595214947,2023-12-04
-7.85,9.5,0.0,0.6610608750516489,2023-12-05
-2.69,8.91,0.0,0.5360465390754844,2023-12-06
-0.7,3.38,0.42,0.1968307952009392,2023-12-07
-6.84,-0.03,0.0,0.2562578425461246,2023-12-08
-9.08,-0.52,0.0,0.2928607750137733,2023-12-09
-7.15,1.56,0.0,0.3259807536588519,2023-12-10
-11.26,-1.4,0.0,0.3058360536577365,2023-12-11
-13.07,1.68,0.0,0.4295808996735647,2023-12-12
-5.97,9.07,0.0,0.6009956206295792,2023-12-13
-3.95,6.27,0.0,0.4379977768270079,2023-12-14
-5.23,4.31,0.0,0.3873922068188669,2023-12-15
-3.04,4.3,0.0,0.3239919208183398,2023-12-16
-9.5,0.97,0.0,0.3532383630979849,2023-12-17
-10.22,4.1,0.0,0.4754905195684799,2023-12-18
-3.0,0.13,0.0,0.1366243108338362,2023-12-19
-4.06,8.47,0.0,0.5376512546861916,2023-12-20
-5.44,4.68,0.0,0.4096503594614245,2023-12-21
-4.57,10.97,0.0,0.6555699321999745,2023-12-22
-6.1,2.6,0.0,0.3409478104484943,2023-12-23
-12.44,0.83,0.0,0.3948814742474612,2023-12-24
-9.99,6.01,0.0,0.5405705914578525,2023-12-25
-9.6,7.78,0.0,0.6005342198345042,2023-12-26
-8.03,6.63,0.0,0.537435580795615,2023-12-27
-8.2,10.65,0.0,0.6940416687905121,2023-12-28
-8.25,5.13,0.0,0.4836011228124103,2023-12-29
-12.92,1.31,0.0,0.4156124054551704,2023-12-30
-8.78,4.48,0.0,0.4684126699463044,2023-12-31
