MinTemp,MaxTemp,Precipitation,ReferenceET,Date
-31.16,-13.88,0.0,0.1727162838698071,2018-01-01
-20.72,-5.44,0.0,0.296257728530892,2018-01-02
-15.27,-3.67,0.0,0.2977541918395069,2018-01-03
-14.21,-6.68,0.0,0.1978784411011278,2018-01-04
-14.08,-7.54,0.0,0.1717179627268532,2018-01-05
-12.93,0.08,0.0,0.3827378343820906,2018-01-06
-8.93,0.93,0.0,0.3464542353627186,2018-01-07
-9.85,-2.54,0.0,0.242335425126132,2018-01-08
-12.56,-1.68,0.0,0.3239423709731826,2018-01-09
-24.51,-15.91,0.32,0.1230678521960637,2018-01-10
-29.74,-21.94,0.0,0.1,2018-01-11
-31.37,-20.26,0.0,0.1014014989299037,2018-01-12
-27.98,-9.3,0.0,0.2422984117595858,2018-01-13
-23.3,-10.36,0.0,0.2138375145751099,2018-01-14
-29.67,-16.11,0.0,0.146937782469362,2018-01-15
-20.85,-2.09,0.0,0.383528157552179,2018-01-16
-9.63,4.42,0.31,0.5422468621464108,2018-01-17
-7.88,7.78,0.0,0.6940970993568102,2018-01-18
-5.02,4.04,0.0,0.3905252711553402,2018-01-19
-8.09,0.44,0.0,0.3215651815974295,2018-01-20
-11.88,-2.26,0.0,0.3048368244699712,2018-01-21
-10.97,2.26,0.0,0.4907931304026138,2018-01-22
-10.43,-1.4,0.0,0.3088678973525273,2018-01-23
-10.51,-4.01,0.0,0.2184779210189362,2018-01-24
-10.24,-2.68,0.0,0.2608751637412778,2018-01-25
-13.01,-7.67,1.14,0.1569650695254419,2018-01-26
-21.3,-13.39,0.0,0.147021893418301,2018-01-27
-23.74,-15.33,0.0,0.1344404684495486,2018-01-28
-24.33,-4.65,0.0,0.3492002092434155,2018-01-29
-12.66,2.49,0.0,0.5691054188658383,2018-01-30
-23.85,-13.67,0.0,0.1682955230208176,2018-01-31
-27.23,-16.14,0.0,0.1482804369218312,2018-02-01
-22.21,-17.94,2.15,0.1,2018-02-02
-27.58,-21.03,1.05,0.1,2018-02-03
-28.27,-16.82,0.0,0.1453493248114053,2018-02-04
-26.11,-15.51,0.0,0.1559200571655733,2018-02-05
-27.46,-17.38,0.0,0.1347634947982448,2018-02-06
-28.41,-15.22,0.0,0.1717521278109459,2018-02-07
-27.17,-17.4,0.0,0.134060809735957,2018-02-08
-28.41,-15.78,0.0,0.1650181179507247,2018-02-09
-20.53,-9.31,0.0,0.2517345865462899,2018-02-10
-28.23,-15.74,0.0,0.1665824529886269,2018-02-11
-31.97,-13.02,0.0,0.2099949298698429,2018-02-12
-18.25,1.86,0.0,0.6515558455249932,2018-02-13
-15.4,1.21,1.26,0.6485598901440659,2018-02-14
-28.39,-13.56,0.0,0.2053379100040809,2018-02-15
-21.29,-5.08,0.0,0.4227739749146557,2018-02-16
-19.16,-10.54,0.0,0.2092586179238214,2018-02-17
-23.16,-12.81,0.0,0.1988091742828363,2018-02-18
-27.9,-14.03,0.0,0.2042731939522071,2018-02-19
-23.83,-12.18,0.0,0.230491682130597,2018-02-20
-30.42,-10.4,0.0,0.2808232237850669,2018-02-21
-24.55,-7.94,0.0,0.3587636419524553,2018-02-22
-20.49,-5.99,0.0,0.4219850565293956,2018-02-23
-16.53,-1.74,0.0,0.5875721376352088,2018-02-24
-16.45,-1.96,0.0,0.5805692861150245,2018-02-25
-15.54,-4.64,0.0,0.4434140114056337,2018-02-26
-15.16,-2.02,0.0,0.5810942356087754,2018-02-27
-13.9,0.41,0.0,0.7097503144317923,2018-02-28
-17.63,-3.25,0.0,0.5536106332590083,2018-03-01
-15.13,-4.53,0.0,0.4690648761244049,2018-03-02
-8.63,-4.25,3.85,0.1774547527551854,2018-03-03
-11.01,-5.1,5.74,0.2163809995371721,2018-03-04
-13.93,-8.73,0.92,0.1776788302784528,2018-03-05
-17.35,-7.02,0.0,0.4012882905954573,2018-03-06
-23.75,-7.15,0.0,0.4346974832438443,2018-03-07
-24.04,-8.09,0.0,0.4077261439885776,2018-03-08
-14.2,-2.73,0.0,0.602655186965168,2018-03-09
-12.24,-1.26,0.0,0.6690621636851704,2018-03-10
-14.31,2.21,0.0,0.8853461273150905,2018-03-11
-15.85,-0.94,0.0,0.7292874193066353,2018-03-12
-15.7,1.49,0.0,0.851922486910678,2018-03-13
-15.56,-1.1,0.0,0.7356968101477968,2018-03-14
-11.38,-3.21,0.0,0.5368864126108925,2018-03-15
-7.77,1.66,0.0,0.8415280640602911,2018-03-16
-4.37,-0.16,1.36,0.3816122540627452,2018-03-17
-6.72,0.49,0.0,0.6831282910149596,2018-03-18
-9.01,-0.62,0.0,0.703745780471167,2018-03-19
-7.65,1.55,0.0,0.8640271878566194,2018-03-20
-10.69,2.31,0.0,0.9922448363602204,2018-03-21
-9.6,0.81,0.0,0.8803330480326916,2018-03-22
-4.57,0.38,4.14,0.3961570301679181,2018-03-23
-8.07,2.99,0.0,1.0163385132030234,2018-03-24
-6.66,1.56,1.21,0.8602217896482581,2018-03-25
-8.21,3.82,0.0,1.1022999481066265,2018-03-26
-10.54,1.99,0.0,0.9987633594424946,2018-03-27
-15.41,-3.03,0.43,0.7177795954488355,2018-03-28
-20.52,-8.24,0.65,0.4841506621304809,2018-03-29
-23.6,-12.22,0.0,0.3498793796195652,2018-03-30
-21.88,-9.35,0.0,0.4620814714138699,2018-03-31
-18.79,-5.49,0.0,0.6315627367025246,2018-04-01
-20.82,-5.44,0.0,0.6252646541172073,2018-04-02
-17.41,-4.53,0.0,0.6805076323531082,2018-04-03
-18.59,-3.06,0.0,0.7469298686636803,2018-04-04
-18.91,-8.89,0.0,0.4639201826846594,2018-04-05
-23.06,-9.08,0.0,0.4865657319584245,2018-04-06
-21.94,-5.01,0.0,0.6504398283531223,2018-04-07
-13.49,-2.72,0.0,0.78486445519083,2018-04-08
-8.34,0.28,0.0,0.908943064899838,2018-04-09
-11.11,6.14,0.0,1.2700511062775954,2018-04-10
-3.63,0.72,1.4,0.5994332827056171,2018-04-11
-5.98,-0.81,0.0,0.6342730108832768,2018-04-12
-6.9,1.08,0.0,0.9820090398719332,2018-04-13
-3.5,6.45,0.0,1.36375334436975,2018-04-14
-4.19,7.77,0.0,1.4559301953492716,2018-04-15
-1.33,4.73,1.74,1.0708487372032478,2018-04-16
-1.86,1.71,5.18,0.3544801232213593,2018-04-17
-4.97,9.48,0.0,1.5664178435216165,2018-04-18
-2.0,11.89,0.0,1.7308826556006252,2018-04-19
-0.56,17.19,0.0,2.0639309080606485,2018-04-20
1.11,18.7,0.0,2.174442749364522,2018-04-21
3.15,13.64,0.0,1.8151966578795156,2018-04-22
-0.39,13.21,0.0,1.8222660321444577,2018-04-23
-1.12,20.43,0.0,2.2454900522231784,2018-04-24
2.79,17.28,0.0,2.024850945167738,2018-04-25
-0.73,21.6,0.0,2.2450003650316197,2018-04-26
-0.78,16.17,0.0,1.9446910578917207,2018-04-27
1.38,26.4,0.0,2.5463294433232093,2018-04-28
5.86,20.27,0.0,2.21546924580398,2018-04-29
0.27,11.83,0.0,1.658293008078492,2018-04-30
-2.8,16.68,0.0,1.96178156244349,2018-05-01
1.25,18.36,0.0,2.106380765429702,2018-05-02
5.33,21.33,0.0,2.309133221954241,2018-05-03
3.46,23.74,0.0,2.4624666507913413,2018-05-04
4.27,24.48,0.0,2.51492426335895,2018-05-05
4.45,27.26,0.0,2.6835135588612817,2018-05-06
10.44,26.68,0.0,2.6548535352806857,2018-05-07
7.56,16.9,5.57,1.715632245095068,2018-05-08
2.39,13.57,0.0,1.7633295251119685,2018-05-09
1.55,10.68,2.61,1.2027288556161908,2018-05-10
3.96,10.68,1.69,1.1718905522143723,2018-05-11
1.98,19.68,0.0,2.222050031488714,2018-05-12
6.7,26.25,0.0,2.6665249000464977,2018-05-13
3.18,24.71,0.0,2.547689483491068,2018-05-14
10.79,31.57,0.0,3.0091404972521296,2018-05-15
9.33,27.11,0.93,2.7044776778842348,2018-05-16
7.02,14.03,2.97,0.9950658657256624,2018-05-17
3.47,18.51,0.0,2.1216477781034806,2018-05-18
2.67,22.1,0.0,2.380748089248937,2018-05-19
3.14,25.24,0.0,2.589591192259962,2018-05-20
10.43,30.19,0.0,2.92791697181787,2018-05-21
10.42,27.17,0.0,2.7010913399262972,2018-05-22
9.8,29.78,4.86,2.6580243774261265,2018-05-23
12.32,26.23,3.69,2.2484502151738504,2018-05-24
10.73,26.4,0.0,2.6432079840642055,2018-05-25
9.93,29.68,2.71,2.6629064076171343,2018-05-26
9.6,25.47,0.0,2.600410365369892,2018-05-27
9.01,30.71,0.0,2.997867855126622,2018-05-28
13.2,26.52,0.0,2.598043731219421,2018-05-29
9.88,23.11,6.39,1.941856315621261,2018-05-30
9.08,13.92,0.0,0.6458841623642902,2018-05-31
8.34,13.52,7.47,0.5042181267979096,2018-06-01
7.04,17.71,0.0,1.7114126626476465,2018-06-02
7.16,23.73,0.0,2.550913510799514,2018-06-03
9.5,27.36,2.3,2.4754770324783952,2018-06-04
9.13,20.79,0.0,2.113292487489444,2018-06-05
6.16,27.29,0.0,2.821072364202205,2018-06-06
8.46,27.47,0.0,2.827998974006324,2018-06-07
13.24,24.23,0.0,2.236251705903911,2018-06-08
13.04,30.25,0.0,2.977333168125351,2018-06-09
13.14,24.88,0.0,2.3371320233056525,2018-06-10
6.95,17.91,0.0,1.8266147343707448,2018-06-11
7.29,21.56,0.0,2.3427741485728175,2018-06-12
7.04,25.93,0.0,2.7341250860042523,2018-06-13
8.7,23.79,1.39,2.55356487492155,2018-06-14
9.11,23.54,0.0,2.5082043512927523,2018-06-15
7.08,21.64,0.0,2.376454361586622,2018-06-16
7.98,25.54,0.0,2.7015574254489914,2018-06-17
8.66,27.72,0.0,2.8585778961268526,2018-06-18
10.38,27.46,0.0,2.8260221268227967,2018-06-19
10.79,29.76,0.0,2.9968637938572553,2018-06-20
12.2,29.79,0.0,2.9802533926447974,2018-06-21
13.92,28.91,0.0,2.872548194754155,2018-06-22
12.92,27.03,9.35,2.343166147896109,2018-06-23
15.6,26.57,0.0,2.3607373454536567,2018-06-24
14.21,29.68,0.0,2.9383231657948543,2018-06-25
12.28,24.76,0.0,2.4408621800721817,2018-06-26
6.99,25.33,0.0,2.712477803443827,2018-06-27
7.49,24.02,0.0,2.607117643165768,2018-06-28
10.02,23.67,0.0,2.469839136850558,2018-06-29
11.9,24.79,6.81,2.0089377727189923,2018-06-30
11.1,20.06,8.23,1.2438268883410704,2018-07-01
8.77,22.48,3.56,1.7610884948966932,2018-07-02
6.92,20.93,6.59,1.672506867149555,2018-07-03
10.69,19.06,4.41,0.9779145122507332,2018-07-04
8.12,24.95,0.0,2.3896634649184216,2018-07-05
13.84,32.81,0.0,2.9773246585113635,2018-07-06
14.22,30.55,0.18,2.7054767965000965,2018-07-07
10.63,24.07,0.0,2.106201837909272,2018-07-08
8.86,27.2,3.9,2.136346116957434,2018-07-09
13.23,29.12,7.74,2.0539138587197137,2018-07-10
14.75,25.19,0.84,1.6915817763991623,2018-07-11
14.65,28.61,0.0,2.2611923317889624,2018-07-12
13.99,31.47,0.0,2.6806045241324363,2018-07-13
12.15,21.37,0.0,1.3626062871209914,2018-07-14
8.75,24.44,0.0,2.1745153901351277,2018-07-15
6.7,25.89,0.0,2.415694702546068,2018-07-16
9.96,34.06,0.0,3.0672181585701064,2018-07-17
15.7,30.62,0.0,2.4743611732368427,2018-07-18
13.83,27.96,0.0,2.27211008382468,2018-07-19
12.59,29.04,0.0,2.50537547262678,2018-07-20
15.96,26.37,0.0,1.7576771187854838,2018-07-21
11.76,23.06,0.0,1.7460336952297593,2018-07-22
10.08,22.93,0.0,1.89983414519766,2018-07-23
8.59,22.99,0.0,2.0143575035460906,2018-07-24
8.9,22.08,0.0,1.866634490869276,2018-07-25
6.96,23.57,0.0,2.155196711177647,2018-07-26
9.17,24.49,0.0,2.139768804092521,2018-07-27
9.03,27.05,0.0,2.416031408464716,2018-07-28
8.81,29.39,0.0,2.623391584400152,2018-07-29
11.93,32.26,0.0,2.771308428968748,2018-07-30
11.65,24.47,0.0,1.86580396493095,2018-07-31
7.96,27.64,0.73,2.441210755780412,2018-08-01
14.57,30.44,5.97,1.9318339566386051,2018-08-02
13.24,28.27,3.33,1.7249486749780658,2018-08-03
13.1,23.13,1.92,1.3496851789278048,2018-08-04
12.94,23.4,0.0,1.4131440172217236,2018-08-05
10.84,29.08,0.0,2.338436369675834,2018-08-06
12.72,30.27,0.0,2.3840148449245806,2018-08-07
11.54,29.6,0.0,2.368200788150346,2018-08-08
12.8,33.44,0.0,2.684225311714595,2018-08-09
14.08,38.17,0.0,3.021157010343724,2018-08-10
14.69,33.18,0.0,2.530520800335954,2018-08-11
12.54,22.91,0.0,1.3478650887089605,2018-08-12
8.02,17.08,0.0,0.975901190846224,2018-08-13
3.74,27.51,0.0,2.3372004866785434,2018-08-14
10.77,28.58,0.0,2.2258774700388195,2018-08-15
9.62,27.22,0.0,2.1627373134977703,2018-08-16
10.07,31.32,0.0,2.510179118549981,2018-08-17
10.65,24.51,0.0,1.7437760968057885,2018-08-18
3.96,23.75,0.0,1.9980367045476253,2018-08-19
4.92,23.44,0.0,1.922417377981205,2018-08-20
5.22,27.34,0.0,2.2293981244276493,2018-08-21
10.33,30.75,0.0,2.3900309004170985,2018-08-22
8.46,26.71,0.0,2.093812071834682,2018-08-23
7.83,20.55,0.0,1.415246582341309,2018-08-24
7.16,18.77,0.0,1.2546419714539694,2018-08-25
7.12,17.52,4.23,0.8541229425149066,2018-08-26
8.02,13.73,5.9,0.4819049079664061,2018-08-27
6.73,18.07,0.0,1.140450238890146,2018-08-28
6.29,27.0,0.0,2.1365584942986606,2018-08-29
9.64,22.78,0.91,1.5088097617156848,2018-08-30
7.26,20.02,0.0,1.4069198489066088,2018-08-31
6.44,20.08,0.0,1.465859667065262,2018-09-01
3.4,20.19,0.0,1.6246175818882131,2018-09-02
4.98,21.05,0.0,1.637870676243094,2018-09-03
2.46,14.29,0.0,1.0464870243750164,2018-09-04
-0.7,21.68,0.0,1.7987248906741975,2018-09-05
3.0,24.48,0.0,1.94513407716598,2018-09-06
6.5,24.35,0.0,1.823623443562756,2018-09-07
11.02,25.91,0.0,1.7210045534346046,2018-09-08
8.38,21.66,0.0,1.418023722275218,2018-09-09
3.52,20.51,1.65,1.5627325387738222,2018-09-10
5.92,16.91,0.0,1.005368190434393,2018-09-11
4.03,14.63,3.82,0.7592469434241197,2018-09-12
3.92,11.97,0.62,0.6343686659881266,2018-09-13
2.36,8.73,0.0,0.4773867712787514,2018-09-14
5.35,11.44,3.32,0.4550196284576196,2018-09-15
5.99,9.57,10.17,0.2766967261951994,2018-09-16
3.89,11.67,0.68,0.6189120588336127,2018-09-17
4.05,11.04,0.0,0.5606441322601718,2018-09-18
1.95,15.19,0.0,1.0115183810128652,2018-09-19
3.35,12.37,0.0,0.7092077752607863,2018-09-20
0.43,6.63,2.62,0.4008021209883237,2018-09-21
-0.42,1.28,8.06,0.1119644680686066,2018-09-22
-0.46,2.63,0.0,0.2164019198576133,2018-09-23
-0.26,12.0,0.52,0.8496554737027238,2018-09-24
1.55,13.44,0.77,0.8691907455386484,2018-09-25
2.96,16.11,0.0,0.989104728522968,2018-09-26
-2.01,8.15,0.0,0.6522107016671904,2018-09-27
-4.12,7.87,0.0,0.705543416017186,2018-09-28
-2.67,7.12,0.0,0.6098841429114361,2018-09-29
-7.73,4.32,0.4,0.6284504388659788,2018-09-30
-1.86,4.37,1.61,0.3971562265323968,2018-10-01
-1.54,4.26,1.81,0.3746158693560125,2018-10-02
-2.46,6.36,0.0,0.5506209269431819,2018-10-03
-5.69,6.21,0.0,0.6430754414994161,2018-10-04
-3.62,8.38,0.0,0.7030747391778132,2018-10-05
-5.5,12.24,0.0,0.9783869484142952,2018-10-06
-3.0,13.2,0.0,0.9866432878568184,2018-10-07
-2.73,1.1,0.27,0.2324804946242815,2018-10-08
-4.94,2.46,0.0,0.4114237394147598,2018-10-09
-8.88,4.86,0.0,0.6391218900006062,2018-10-10
-9.52,6.36,0.0,0.7143051351024918,2018-10-11
-4.65,6.46,8.95,0.555255520593818,2018-10-12
-4.85,-0.46,0.0,0.2370456256056813,2018-10-13
-8.84,3.71,0.0,0.5598417706091718,2018-10-14
-0.48,13.39,0.0,0.8555412653020238,2018-10-15
-1.59,10.01,0.0,0.6830633020492123,2018-10-16
-1.65,20.9,0.0,1.2941474093913607,2018-10-17
1.52,19.13,0.0,1.123441457863342,2018-10-18
-3.65,13.21,0.0,0.8767073923026429,2018-10-19
-8.23,16.04,0.0,1.0489167718914485,2018-10-20
-1.79,13.91,0.0,0.8608891877039446,2018-10-21
-6.37,10.72,0.0,0.783787261211204,2018-10-22
-4.85,15.78,0.0,0.989418163287988,2018-10-23
-1.93,18.5,0.0,1.0750874406791897,2018-10-24
-1.21,14.91,0.0,0.8724357816462536,2018-10-25
-3.02,11.59,0.0,0.7403889444078073,2018-10-26
-1.62,12.85,0.0,0.7661574662562198,2018-10-27
-5.22,9.36,0.0,0.6725805023632605,2018-10-28
0.68,8.6,0.0,0.4475853217520448,2018-10-29
-1.6,6.8,0.0,0.4368195096219363,2018-10-30
-3.26,9.81,0.0,0.6391625979140949,2018-10-31
-2.7,4.54,0.94,0.3543065179426326,2018-11-01
-2.29,0.18,2.4,0.1158782373660004,2018-11-02
-4.73,1.4,0.0,0.2732134845073493,2018-11-03
-2.34,3.74,3.11,0.2835854419232693,2018-11-04
-8.4,-0.13,2.01,0.3055703364923584,2018-11-05
-12.66,-8.41,0.28,0.1290664734953228,2018-11-06
-13.1,-9.73,0.0,0.1,2018-11-07
-18.31,-9.88,0.0,0.1919317533798786,2018-11-08
-21.89,-4.93,1.87,0.3370504626462125,2018-11-09
-10.03,-4.16,0.51,0.2042614530217507,2018-11-10
-11.66,-6.65,0.0,0.1584365052196986,2018-11-11
-14.76,-5.59,0.0,0.2538643456959311,2018-11-12
-8.6,3.62,0.0,0.4669720709942367,2018-11-13
-3.47,4.82,0.0,0.3881690335574094,2018-11-14
-3.22,2.77,0.0,0.280135862393684,2018-11-15
-18.56,-5.88,0.0,0.2892451653026564,2018-11-16
-19.85,-6.03,0.0,0.2940787902414551,2018-11-17
-12.69,-7.45,0.52,0.1547057650227173,2018-11-18
-15.56,0.63,0.0,0.4427282604890893,2018-11-19
-6.2,1.26,0.0,0.3083073080988078,2018-11-20
-5.65,0.25,0.0,0.2479630462145738,2018-11-21
-3.36,5.47,0.0,0.4128709455078445,2018-11-22
-5.39,2.64,0.0,0.3454896668463467,2018-11-23
-8.25,-5.0,0.0,0.1199919814485231,2018-11-24
-8.39,-5.14,0.0,0.1193707104921616,2018-11-25
-7.5,-3.7,0.0,0.1467737108183666,2018-11-26
-5.53,-2.33,0.0,0.1349809498327236,2018-11-27
-7.12,-3.92,0.0,0.1254947845554502,2018-11-28
-5.58,-1.18,0.0,0.1864056853342278,2018-11-29
-7.45,-3.65,0.0,0.1476347455326404,2018-11-30
-7.57,-5.01,2.78,0.1,2018-12-01
-9.42,-4.42,0.0,0.1766070249457954,2018-12-02
-13.15,-5.36,0.0,0.2284248103945907,2018-12-03
-13.4,-6.76,0.51,0.1907572415107462,2018-12-04
-14.14,-6.41,0.29,0.213905509043698,2018-12-05
-15.27,-8.08,0.0,0.1856632963207425,2018-12-06
-19.24,-8.0,0.0,0.2345689898100212,2018-12-07
-18.61,-7.3,0.0,0.2444017358127482,2018-12-08
-15.27,-3.77,0.0,0.3004622739526335,2018-12-09
-15.12,-0.1,0.0,0.4006064415691947,2018-12-10
-8.55,0.75,0.0,0.3371666096398411,2018-12-11
-6.17,0.88,0.0,0.2839376190985517,2018-12-12
-9.99,2.49,0.0,0.4243944731103754,2018-12-13
-8.82,4.84,0.0,0.4900492357343754,2018-12-14
-3.06,5.37,0.0,0.3846551043021129,2018-12-15
-12.52,-3.86,0.0,0.2561601040475496,2018-12-16
-8.11,4.45,0.0,0.4636722565240909,2018-12-17
-5.88,4.67,0.0,0.4279081778501159,2018-12-18
-4.59,1.79,0.0,0.2732512450098029,2018-12-19
-8.77,2.2,0.0,0.3918135687106036,2018-12-20
-4.39,3.83,0.0,0.3548546407936863,2018-12-21
-8.89,-3.69,0.0,0.1814701625340282,2018-12-22
-16.42,-5.98,0.97,0.2519809959663047,2018-12-23
-16.45,-9.15,0.52,0.172192140032647,2018-12-24
-17.84,-10.1,0.0,0.1688001383364942,2018-12-25
-15.06,-7.49,0.0,0.1935190676236376,2018-12-26
-21.31,-8.91,0.0,0.2269957762605756,2018-12-27
-20.93,-4.95,0.0,0.3087175089321986,2018-12-28
-13.27,-4.11,1.46,0.2596288002325191,2018-12-29
-20.0,-11.58,0.65,0.1608640509839215,2018-12-30
-28.48,-16.46,0.0,0.1358026824077257,2018-12-31
-25.33,-2.1,0.0,0.3707432160108988,2019-01-01
-10.54,3.79,0.0,0.4733441478002089,2019-01-02
-5.51,3.42,0.0,0.3622701100083623,2019-01-03
-8.37,0.88,0.0,0.3314792511532161,2019-01-04
-7.03,-2.63,0.0,0.1631123264762288,2019-01-05
-6.04,1.29,0.0,0.2897902745045286,2019-01-06
-14.03,-2.24,1.01,0.3262628347253972,2019-01-07
-21.9,-14.39,0.0,0.1254045312467786,2019-01-08
-23.78,-9.74,0.49,0.2253013566311734,2019-01-09
-15.29,-8.81,0.0,0.160866009634687,2019-01-10
-16.78,-9.87,0.0,0.1583473845655669,2019-01-11
-14.71,-1.65,0.0,0.355385014700982,2019-01-12
-12.39,-1.27,0.0,0.337979461564082,2019-01-13
-11.14,-2.31,0.0,0.2824083990765186,2019-01-14
-19.58,-5.41,0.0,0.2991847228461139,2019-01-15
-20.17,-14.99,0.34,0.1,2019-01-16
-26.35,-16.56,0.0,0.1281132211677307,2019-01-17
-29.39,-18.76,0.0,0.1137551359573581,2019-01-18
-23.26,-15.84,2.21,0.11178853899494,2019-01-19
-19.23,-11.35,0.0,0.1624492635192767,2019-01-20
-18.26,-6.6,0.0,0.2656371432668066,2019-01-21
-16.3,-3.11,0.0,0.3408069756754965,2019-01-22
-22.66,-5.63,0.0,0.3146097696158883,2019-01-23
-28.86,-10.64,0.0,0.2289987415614977,2019-01-24
-22.38,-5.95,0.0,0.3095462517442477,2019-01-25
-13.24,-1.36,1.56,0.3636136461131308,2019-01-26
-8.48,4.05,1.72,0.541961590805087,2019-01-27
-22.85,-10.82,0.0,0.2135155644430116,2019-01-28
-30.24,-21.76,0.0,0.1,2019-01-29
-24.42,-13.36,0.55,0.177018626675279,2019-01-30
-16.18,-1.98,0.0,0.3954309008050497,2019-01-31
-19.07,-9.16,0.0,0.2235574452235159,2019-02-01
-23.11,-16.94,0.88,0.103371402118689,2019-02-02
-25.49,-22.16,0.23,0.1,2019-02-03
-25.57,-22.03,2.29,0.1,2019-02-04
-32.98,-22.81,0.0,0.1,2019-02-05
-36.69,-25.78,0.0,0.1,2019-02-06
-37.62,-24.75,0.0,0.1,2019-02-07
-37.17,-25.43,0.0,0.1,2019-02-08
-33.79,-23.43,0.0,0.1,2019-02-09
-32.8,-21.67,0.0,0.1040542298852384,2019-02-10
-28.36,-16.85,1.83,0.1512575725130941,2019-02-11
-31.79,-20.79,0.0,0.1123017692247973,2019-02-12
-29.01,-20.75,0.0,0.1004310329241039,2019-02-13
-32.67,-19.82,0.0,0.127334886726126,2019-02-14
-32.78,-18.55,1.57,0.1429241414999139,2019-02-15
-20.89,-13.81,2.79,0.1402728606307702,2019-02-16
-19.62,-14.01,1.09,0.1285634946545773,2019-02-17
-27.06,-17.6,0.31,0.1392384314384138,2019-02-18
-28.92,-11.86,0.0,0.2393318716554155,2019-02-19
-23.41,-9.69,0.0,0.2817065122908144,2019-02-20
-24.09,-12.47,0.0,0.2176366879183511,2019-02-21
-27.05,-11.92,0.0,0.2442933679915302,2019-02-22
-23.52,-13.99,0.0,0.1852617197062681,2019-02-23
-31.09,-21.18,0.0,0.1141536079554899,2019-02-24
-33.02,-18.74,0.0,0.1504983578239022,2019-02-25
-30.16,-16.88,0.0,0.1723488638756417,2019-02-26
-20.2,-8.02,0.0,0.384240940671524,2019-02-27
-17.78,-9.06,0.0,0.3092899376783963,2019-02-28
-26.73,-16.24,0.0,0.1783798497231428,2019-03-01
-33.15,-21.14,0.31,0.1263603042738851,2019-03-02
-25.56,-15.91,0.0,0.1821741891962019,2019-03-03
-20.66,-10.67,0.0,0.3073345321643461,2019-03-04
-18.04,-8.64,0.0,0.3594878757101163,2019-03-05
-25.38,-13.38,0.0,0.2594895061730894,2019-03-06
-24.39,-8.56,0.0,0.4029555648905787,2019-03-07
-16.79,-5.86,0.0,0.4933689880189713,2019-03-08
-15.66,-5.71,0.0,0.4918470039556056,2019-03-09
-21.75,-6.77,0.0,0.48390994377868,2019-03-10
-16.62,0.98,0.0,0.8291784519435527,2019-03-11
-3.84,3.31,0.0,0.8205476500790615,2019-03-12
-4.98,2.69,0.0,0.8424716117306883,2019-03-13
-9.75,1.28,0.0,0.8932400842955686,2019-03-14
-11.99,2.27,0.0,0.9699553414510806,2019-03-15
-9.29,3.05,0.0,1.0287055250959851,2019-03-16
-11.16,4.08,0.0,1.0647601443759245,2019-03-17
-3.7,4.79,0.0,1.059913955128789,2019-03-18
-3.76,8.74,0.0,1.349915228388826,2019-03-19
-2.53,12.28,0.0,1.5485768829176902,2019-03-20
-1.9,11.61,0.0,1.5228025028645078,2019-03-21
-2.24,14.29,0.0,1.668964141263924,2019-03-22
-1.87,12.47,0.0,1.5790959697653908,2019-03-23
-5.37,3.15,0.0,1.0102240276754548,2019-03-24
-7.49,4.98,0.0,1.167763677880025,2019-03-25
-1.15,16.22,0.0,1.806642310223622,2019-03-26
-1.55,5.36,0.0,1.0669534585323732,2019-03-27
-6.02,7.22,0.0,1.3035968592938372,2019-03-28
-4.62,4.56,0.0,1.1570347931411054,2019-03-29
-6.08,13.55,0.0,1.627227503950231,2019-03-30
-4.11,5.23,0.0,1.1960060452996693,2019-03-31
-3.65,9.23,1.29,1.438954411208373,2019-04-01
-6.46,3.64,0.63,1.124753818598654,2019-04-02
-8.23,11.13,0.0,1.497103136303351,2019-04-03
-1.46,12.26,0.0,1.630722835899982,2019-04-04
-4.45,8.85,0.0,1.427831918316593,2019-04-05
1.0,7.88,0.0,1.2708977465342433,2019-04-06
0.39,16.95,0.0,1.8810249941514543,2019-04-07
-2.77,16.7,0.0,1.8346262226237984,2019-04-08
-4.61,9.13,0.0,1.4171179795471978,2019-04-09
-5.96,9.14,0.0,1.4156591046746074,2019-04-10
-7.2,8.71,0.0,1.383064760299893,2019-04-11
-8.3,10.33,0.0,1.449326278760641,2019-04-12
-4.81,15.39,0.0,1.7580526131799403,2019-04-13
3.18,16.78,0.4,1.8940417477367668,2019-04-14
-0.59,13.61,0.0,1.7041046709910186,2019-04-15
-3.85,13.75,0.0,1.6995015046265878,2019-04-16
0.35,15.37,0.0,1.820622720453399,2019-04-17
-0.66,17.67,0.0,1.9583122950013725,2019-04-18
5.72,20.48,0.0,2.1487408451122247,2019-04-19
3.12,17.31,0.0,1.9524740929465427,2019-04-20
-1.7,14.5,0.0,1.7794491701360944,2019-04-21
-1.38,21.71,0.0,2.1946021085163774,2019-04-22
7.27,20.22,0.0,2.1213996997820344,2019-04-23
0.53,17.43,0.0,1.9755101019936776,2019-04-24
-2.1,12.49,0.0,1.6640389023617668,2019-04-25
-4.86,11.89,0.0,1.616083468671886,2019-04-26
-2.15,10.83,5.67,1.4455275814374953,2019-04-27
-4.7,4.22,2.05,0.9725428371530772,2019-04-28
-8.87,7.55,0.0,1.3554538200018642,2019-04-29
-5.08,10.41,2.52,1.422419028728812,2019-04-30
-7.03,10.0,0.5,1.561596924914198,2019-05-01
-3.04,10.62,0.44,1.5602377262791796,2019-05-02
-4.9,11.68,0.0,1.628737794172035,2019-05-03
-4.79,8.76,0.0,1.453268173417239,2019-05-04
-7.03,6.42,0.0,1.314530110833946,2019-05-05
-6.68,12.08,0.0,1.641126951859387,2019-05-06
0.22,14.57,0.0,1.82906454793871,2019-05-07
-4.92,12.39,0.0,1.6861058776238105,2019-05-08
0.81,15.12,0.0,1.873016727161997,2019-05-09
3.46,18.38,1.84,2.094502793258201,2019-05-10
2.75,16.2,0.0,1.943170327070368,2019-05-11
2.52,24.38,0.0,2.5071728726568265,2019-05-12
4.67,21.49,0.0,2.3288992982732917,2019-05-13
1.99,21.94,0.54,2.3571434032373277,2019-05-14
5.12,18.34,0.0,2.0852638151014347,2019-05-15
-0.89,15.55,0.0,1.932427499906856,2019-05-16
-0.24,17.42,0.0,2.0616214829625785,2019-05-17
0.88,15.47,0.0,1.928276003179513,2019-05-18
-2.12,16.56,0.0,2.001961787835838,2019-05-19
-0.19,19.69,0.0,2.2171311084645726,2019-05-20
1.89,21.64,0.0,2.359991912219781,2019-05-21
4.5,23.92,0.0,2.528042080525803,2019-05-22
4.77,24.2,0.0,2.547110890738596,2019-05-23
5.21,23.52,0.0,2.5008753615258374,2019-05-24
4.63,14.43,3.58,1.659744338310894,2019-05-25
0.06,18.79,0.0,2.1765084338714633,2019-05-26
2.09,22.5,0.0,2.4331965733391985,2019-05-27
6.9,27.81,0.0,2.8002316605099633,2019-05-28
10.44,30.64,0.0,2.9839336170861555,2019-05-29
10.95,32.49,0.0,3.10785824095853,2019-05-30
5.53,20.94,0.0,2.302928683170863,2019-05-31
5.48,24.77,0.0,2.5925529606681272,2019-06-01
10.27,32.69,0.0,3.127939191751804,2019-06-02
8.87,34.49,0.0,3.2372612502458717,2019-06-03
11.75,24.79,0.0,2.471921314660812,2019-06-04
10.2,24.85,0.0,2.529220502503956,2019-06-05
13.63,26.48,0.0,2.567998581638282,2019-06-06
9.08,21.96,0.0,2.3128467259308683,2019-06-07
4.16,16.86,0.0,1.9962335743333832,2019-06-08
3.92,19.47,0.0,2.214326084579716,2019-06-09
3.19,23.78,0.0,2.531977776663946,2019-06-10
6.72,21.09,0.95,2.3026964550522635,2019-06-11
6.17,23.99,0.7,2.545541771589471,2019-06-12
8.53,29.25,0.0,2.919022812776764,2019-06-13
11.43,23.07,0.55,2.3429897241893176,2019-06-14
9.97,18.53,6.04,1.843032595245974,2019-06-15
9.26,17.71,0.41,1.9241730407523,2019-06-16
5.54,22.63,0.0,2.462320847209453,2019-06-17
8.24,26.82,0.0,2.7580134293609113,2019-06-18
10.45,23.76,24.41,2.269838459271968,2019-06-19
8.57,14.63,10.38,0.7213326850446793,2019-06-20
6.26,18.04,20.08,1.4687916218816512,2019-06-21
11.44,15.84,13.1,0.4707524715041655,2019-06-22
10.18,22.08,0.8,1.7993653503252838,2019-06-23
9.29,20.74,3.21,1.3150309162901614,2019-06-24
9.64,20.96,0.0,1.6605040118941612,2019-06-25
8.16,23.71,0.0,2.183111641990793,2019-06-26
10.8,25.75,10.85,1.8374463013256992,2019-06-27
14.18,23.59,3.64,1.1190071541045752,2019-06-28
13.38,25.5,0.0,1.9236076838807337,2019-06-29
9.89,22.37,0.0,1.822020886656628,2019-06-30
8.89,28.06,4.07,2.116205824835814,2019-07-01
6.08,20.61,0.0,1.886707644664894,2019-07-02
8.97,20.32,0.0,1.6359490807941912,2019-07-03
7.74,20.96,0.0,1.8374400645417992,2019-07-04
11.39,20.2,0.0,1.310526362959918,2019-07-05
11.84,25.48,0.0,2.1143870234847912,2019-07-06
14.08,27.74,0.0,2.2196045780413387,2019-07-07
14.02,24.03,1.79,1.6246137816207762,2019-07-08
11.38,23.36,0.0,1.8412442187586595,2019-07-09
9.44,26.28,0.0,2.353682969284761,2019-07-10
13.98,24.29,0.0,1.6848788443665337,2019-07-11
10.05,24.63,0.0,2.1389060069573964,2019-07-12
12.16,28.96,12.73,2.0358535397413564,2019-07-13
14.51,27.35,13.47,1.6047237606513076,2019-07-14
13.08,24.78,0.0,1.7234364039469203,2019-07-15
10.94,19.92,13.49,0.9881085882819474,2019-07-16
12.94,22.72,1.44,1.350508137280451,2019-07-17
11.11,25.5,2.02,1.5567142034622483,2019-07-18
10.06,17.58,4.75,0.8269321225564722,2019-07-19
10.47,22.88,0.0,1.6295633238911706,2019-07-20
11.45,24.72,0.0,1.773799418264017,2019-07-21
10.91,27.13,0.0,2.070276600211402,2019-07-22
14.04,29.34,0.0,2.0814895081269933,2019-07-23
15.45,29.96,4.36,1.6115881741494191,2019-07-24
11.87,18.69,5.43,0.7557660493939939,2019-07-25
13.04,25.26,0.0,1.597044724031838,2019-07-26
12.2,31.68,0.0,2.3837787729711217,2019-07-27
9.52,20.87,0.0,1.3543504275912583,2019-07-28
5.49,23.96,0.0,1.9501216604903244,2019-07-29
11.47,29.32,0.0,2.175965420451776,2019-07-30
12.51,25.96,0.0,1.722739172575692,2019-07-31
13.75,32.26,0.0,2.3207057288643074,2019-08-01
15.77,33.52,0.0,2.298560397069212,2019-08-02
15.89,28.3,0.0,1.6388518813538062,2019-08-03
10.47,25.82,0.0,1.8148444002309596,2019-08-04
10.8,28.41,0.0,2.051726598941919,2019-08-05
10.72,21.87,1.09,1.2738418623834,2019-08-06
5.01,21.86,0.0,1.685062862754157,2019-08-07
6.2,24.31,0.0,1.8462209299250816,2019-08-08
10.31,26.04,2.76,1.4841762462518802,2019-08-09
8.4,20.69,0.0,1.2940174125428798,2019-08-10
7.23,22.06,3.09,1.3134635669869572,2019-08-11
10.35,16.65,9.09,0.6261534842520298,2019-08-12
7.32,21.69,0.0,1.4483539143633504,2019-08-13
9.98,24.54,0.0,1.5551036025406628,2019-08-14
9.95,25.58,0.9,1.6529066574374645,2019-08-15
10.73,21.45,0.0,1.1696526663136226,2019-08-16
5.03,17.95,0.0,1.214762918475684,2019-08-17
3.39,21.34,0.0,1.56026347499945,2019-08-18
4.3,21.33,0.0,1.5051326837568442,2019-08-19
3.71,23.59,0.0,1.7093053036086885,2019-08-20
5.96,26.43,0.0,1.848859595296508,2019-08-21
12.23,26.82,4.54,1.3652416118526758,2019-08-22
10.01,21.48,0.0,1.1762167161255224,2019-08-23
12.25,28.53,4.31,1.487733113886622,2019-08-24
11.51,21.16,10.17,0.9066442066669124,2019-08-25
8.94,19.81,0.0,1.0794006412835588,2019-08-26
8.4,19.4,0.0,1.0733874542589852,2019-08-27
6.9,23.41,0.76,1.4950456072507683,2019-08-28
6.06,19.99,0.0,1.258351522077368,2019-08-29
5.23,19.84,0.0,1.2800385477001768,2019-08-30
7.47,21.89,1.52,1.3304406245626594,2019-08-31
8.14,22.28,0.0,1.3237851082627694,2019-09-01
10.45,21.63,1.31,1.1168187144366466,2019-09-02
7.51,25.18,0.0,1.5666631615455593,2019-09-03
9.94,22.63,2.19,1.108126825671257,2019-09-04
8.02,22.81,0.0,1.3474897546939264,2019-09-05
5.55,22.13,0.0,1.399672618944577,2019-09-06
7.14,22.43,0.0,1.3492050865776368,2019-09-07
6.77,21.32,0.0,1.2743843382789284,2019-09-08
8.68,14.29,8.0,0.477846193509593,2019-09-09
8.28,11.19,12.39,0.251910653652498,2019-09-10
8.8,13.33,3.55,0.3879444524989845,2019-09-11
7.33,15.58,0.0,0.7525823679859526,2019-09-12
3.97,23.33,0.0,1.4954350194394523,2019-09-13
9.1,23.7,0.0,1.3167175841979968,2019-09-14
9.2,26.87,0.0,1.5377976884629745,2019-09-15
9.51,31.27,0.0,1.8142143497811385,2019-09-16
12.97,25.79,1.08,1.2371166787455197,2019-09-17
10.8,22.11,0.0,1.0577960007237923,2019-09-18
8.64,21.5,0.0,1.1352570947360718,2019-09-19
8.9,20.79,0.0,1.062028831896199,2019-09-20
5.13,18.37,0.0,1.0636947607757303,2019-09-21
5.2,24.92,0.0,1.4942879396909348,2019-09-22
8.33,20.57,0.0,1.0564065828381966,2019-09-23
4.97,16.96,0.0,0.9467624773416008,2019-09-24
3.05,15.55,0.96,0.9258580390778008,2019-09-25
2.45,10.32,7.89,0.5238822795458631,2019-09-26
1.55,7.93,2.92,0.4118822441529702,2019-09-27
0.65,5.62,0.0,0.3402766935885575,2019-09-28
0.0,3.78,10.06,0.2299351100552424,2019-09-29
0.04,1.84,5.47,0.1146731014069835,2019-09-30
-0.03,4.29,0.59,0.2907607916817679,2019-10-01
-3.73,9.57,0.0,0.7700180250040225,2019-10-02
-1.12,11.46,0.0,0.7997270905792284,2019-10-03
1.62,11.34,0.0,0.682928566701187,2019-10-04
-0.85,13.95,0.0,0.9273755459341976,2019-10-05
3.64,15.57,0.0,0.8718365676241225,2019-10-06
2.39,19.95,0.0,1.175891067709436,2019-10-07
-1.96,7.81,0.77,0.5933973638755041,2019-10-08
-6.39,2.16,0.0,0.4297897970445183,2019-10-09
-8.12,3.8,0.0,0.5511720551952775,2019-10-10
-8.57,6.51,0.0,0.6753838130360087,2019-10-11
-8.42,7.33,0.0,0.7044256431526829,2019-10-12
-8.84,9.73,0.0,0.8093092938226879,2019-10-13
-1.21,4.2,0.56,0.3183820762022658,2019-10-14
-2.76,5.91,0.0,0.4844694738695252,2019-10-15
-1.03,12.85,0.0,0.8140712932445472,2019-10-16
1.24,18.61,0.0,1.065279697480985,2019-10-17
-0.43,15.63,0.0,0.9371723272740974,2019-10-18
-1.08,14.09,0.0,0.8646829386535543,2019-10-19
-4.38,7.48,0.0,0.6022994889513433,2019-10-20
-6.68,9.6,0.0,0.7451525547788044,2019-10-21
-5.84,6.39,0.0,0.5794797480831434,2019-10-22
-5.37,4.11,1.31,0.4553787853141836,2019-10-23
-4.95,8.43,0.0,0.6494976517016352,2019-10-24
-0.43,17.11,0.0,0.9788993710924522,2019-10-25
-5.76,2.37,0.22,0.3750345884406444,2019-10-26
-9.12,-2.94,1.96,0.2462395270593886,2019-10-27
-9.32,-4.3,1.72,0.1954176713304282,2019-10-28
-12.11,-4.96,0.0,0.2434706506849052,2019-10-29
-17.16,0.48,0.0,0.483834274850289,2019-10-30
-2.78,3.93,0.57,0.3430823628006068,2019-10-31
-3.01,4.71,0.0,0.3915755137658241,2019-11-01
-4.55,4.5,0.85,0.4314477223117734,2019-11-02
-4.74,1.72,0.0,0.2944117730933164,2019-11-03
-12.81,-4.5,0.0,0.259856602001759,2019-11-04
-14.67,-4.4,1.37,0.3006917569628005,2019-11-05
-19.91,-8.03,0.0,0.2599328033460022,2019-11-06
-20.2,-3.9,0.0,0.3608794876342034,2019-11-07
-8.39,4.06,0.0,0.4932539861080683,2019-11-08
-12.95,-0.98,2.11,0.3600872800847559,2019-11-09
-20.51,-11.63,0.0,0.1777885330796617,2019-11-10
-22.99,-8.86,0.0,0.2548135441648476,2019-11-11
-15.06,-1.86,0.0,0.3731579336833421,2019-11-12
-14.06,0.61,0.0,0.4377473567575072,2019-11-13
-7.18,0.18,0.0,0.2940656896883327,2019-11-14
-5.19,3.37,3.09,0.3565594182197182,2019-11-15
-1.11,2.22,1.77,0.1690774184509832,2019-11-16
-2.37,5.97,1.13,0.4013161679672726,2019-11-17
-0.4,7.35,0.0,0.4004232128679904,2019-11-18
-4.0,0.89,0.0,0.2174536902396776,2019-11-19
-5.89,-0.87,0.0,0.205634117295655,2019-11-20
-6.34,3.56,0.0,0.4034162757766278,2019-11-21
-5.57,6.18,0.0,0.493391875026455,2019-11-22
-0.88,10.48,0.0,0.5689816225255272,2019-11-23
-1.9,4.2,1.11,0.2940174141197476,2019-11-24
-5.56,-0.42,0.25,0.2117394005825299,2019-11-25
-9.89,-2.3,0.52,0.2618472497639412,2019-11-26
-8.23,-5.15,0.0,0.1115104291462412,2019-11-27
-8.36,-5.49,3.65,0.1,2019-11-28
-10.74,-5.34,0.0,0.1757914827789756,2019-11-29
-10.35,-7.39,0.0,0.1,2019-11-30
-13.35,-5.86,0.0,0.2149726270487199,2019-12-01
-14.02,-1.88,0.0,0.3422593040814727,2019-12-02
-7.97,3.71,0.0,0.4392179182862583,2019-12-03
-8.59,-0.17,0.0,0.3052788810187819,2019-12-04
-13.73,-3.9,0.0,0.276578377463901,2019-12-05
-12.02,-4.78,0.0,0.219488171530388,2019-12-06
-12.23,-4.97,0.0,0.2179369252835869,2019-12-07
-21.61,-11.81,0.0,0.1735929241794003,2019-12-08
-24.63,-10.04,0.0,0.2222069036940214,2019-12-09
-27.45,-14.68,0.0,0.1574658014649635,2019-12-10
-26.39,-16.66,0.0,0.124750528160014,2019-12-11
-19.43,-12.14,0.28,0.1442244809288941,2019-12-12
-24.49,-14.23,0.0,0.1506195304062721,2019-12-13
-26.58,-11.54,0.33,0.2014852595607799,2019-12-14
-19.49,-8.23,0.0,0.2282547848874928,2019-12-15
-15.69,-4.99,0.0,0.2686339009557182,2019-12-16
-14.65,-3.82,0.0,0.287610913745456,2019-12-17
-10.27,0.79,0.0,0.3670176894561538,2019-12-18
-11.19,-3.5,0.0,0.2401490013065008,2019-12-19
-11.15,3.77,0.0,0.4796915725528262,2019-12-20
-11.36,0.23,0.0,0.3642804577616609,2019-12-21
-9.04,-0.47,0.0,0.298034992785845,2019-12-22
-7.51,-3.67,0.0,0.1402099277252906,2019-12-23
-7.22,-5.0,0.0,0.1,2019-12-24
-8.77,-2.3,0.0,0.2266836471516898,2019-12-25
-15.28,-6.53,0.0,0.2217028480262513,2019-12-26
-15.13,-6.03,0.0,0.2326280263844192,2019-12-27
-15.91,-6.41,0.0,0.2330970074303871,2019-12-28
-18.94,-5.68,0.0,0.28121104486352,2019-12-29
-16.22,-5.58,0.0,0.2581048075304436,2019-12-30
-12.86,0.24,0.0,0.3858206047505068,2019-12-31
-8.16,-1.07,0.0,0.2579736556046201,2020-01-01
-7.98,-2.87,0.0,0.1853393340026984,2020-01-02
-11.72,-3.91,0.0,0.2399731442497278,2020-01-03
-8.59,4.87,0.0,0.4914541879253971,2020-01-04
-11.16,-2.0,0.0,0.2930256463074812,2020-01-05
-15.66,-2.22,0.0,0.3483006564452062,2020-01-06
-24.76,-15.66,0.0,0.1306213891725809,2020-01-07
-18.98,-7.8,0.97,0.2373262845902193,2020-01-08
-24.75,-16.19,0.0,0.1227596311075647,2020-01-09
-30.3,-16.01,0.0,0.1493211451594623,2020-01-10
-19.28,-10.23,2.39,0.1789557494642526,2020-01-11
-25.7,-14.05,1.22,0.1636015538660712,2020-01-12
-30.25,-24.34,0.72,0.1,2020-01-13
-34.56,-26.93,0.0,0.1,2020-01-14
-36.35,-28.5,0.0,0.1,2020-01-15
-36.61,-19.54,0.0,0.1171855598672367,2020-01-16
-22.86,-18.75,2.82,0.1,2020-01-17
-27.91,-22.79,0.0,0.1,2020-01-18
-29.18,-16.72,0.0,0.141856869392881,2020-01-19
-20.48,0.05,0.0,0.44312139250963,2020-01-20
-10.44,1.99,0.0,0.4372724678743705,2020-01-21
-12.76,-3.07,0.0,0.3025880327131241,2020-01-22
-11.43,-3.51,0.0,0.2638709287960463,2020-01-23
-8.61,0.59,0.0,0.3551914576551013,2020-01-24
-5.63,1.41,0.0,0.3109449983216433,2020-01-25
-7.45,-2.98,0.0,0.1800156777480723,2020-01-26
-7.32,-1.24,0.0,0.2506194206032279,2020-01-27
-4.74,-1.27,0.0,0.1590373377181819,2020-01-28
-10.01,-2.64,2.07,0.2554148954731567,2020-01-29
-10.74,-0.63,0.0,0.3641777288101593,2020-01-30
-10.55,2.92,0.0,0.4926378315384064,2020-01-31
-6.87,6.43,0.0,0.5751715669365953,2020-02-01
-10.49,-0.17,0.0,0.3803321657569805,2020-02-02
-18.58,-9.32,0.0,0.2206183345030823,2020-02-03
-19.36,-4.27,0.0,0.3562531663289404,2020-02-04
-13.27,-5.16,0.0,0.2624694022111301,2020-02-05
-14.53,-9.23,0.37,0.1578247521425356,2020-02-06
-12.74,-2.75,0.0,0.3395791619149322,2020-02-07
-12.95,-2.75,0.0,0.3544693461617716,2020-02-08
-14.15,-2.39,0.59,0.4037737956652189,2020-02-09
-9.94,-3.63,0.2,0.2491054856429327,2020-02-10
-14.49,-2.13,0.14,0.4403280597493446,2020-02-11
-30.34,-16.12,0.0,0.1705844777546792,2020-02-12
-29.48,-6.26,0.0,0.3295315328875127,2020-02-13
-12.68,-2.17,0.0,0.4194978619273987,2020-02-14
-20.06,-11.49,0.0,0.1990661698438492,2020-02-15
-16.29,-4.94,0.0,0.3673260091288035,2020-02-16
-21.72,-10.2,0.0,0.247932483936662,2020-02-17
-30.14,-18.26,0.0,0.1454210174439285,2020-02-18
-29.91,-9.89,0.0,0.2853776940944396,2020-02-19
-16.73,1.86,0.0,0.7060154104025048,2020-02-20
-11.13,2.15,0.0,0.7368165098111672,2020-02-21
-8.52,3.14,0.0,0.7725023090105285,2020-02-22
-11.56,0.99,0.0,0.6902399784285265,2020-02-23
-12.41,-2.43,0.0,0.5045687669460805,2020-02-24
-17.85,-3.22,0.0,0.5308566365128475,2020-02-25
-13.6,0.58,0.0,0.6991863138870549,2020-02-26
-8.87,4.13,0.0,0.8744905162022597,2020-02-27
-7.65,6.17,0.0,1.0045442269986276,2020-02-28
-6.27,6.72,0.86,1.037427958704982,2020-02-29
-10.99,-0.96,0.81,0.5807882857785419,2020-03-01
-6.39,3.26,0.0,0.7606157857747009,2020-03-02
-7.07,3.14,0.0,0.7880448261997369,2020-03-03
-3.19,3.29,0.0,0.5830523148398079,2020-03-04
-6.59,3.97,0.0,0.8729173903808777,2020-03-05
-2.01,11.14,0.0,1.3785897102501925,2020-03-06
-10.93,-1.12,0.49,0.6104081257124552,2020-03-07
-16.37,-9.32,0.67,0.2424638773685439,2020-03-08
-17.63,0.25,0.0,0.7342850279056968,2020-03-09
-11.88,5.3,0.0,1.0260167642054896,2020-03-10
-4.39,4.61,0.0,0.8639214978466533,2020-03-11
-10.4,-1.69,0.0,0.5652760015726597,2020-03-12
-16.99,-10.5,0.0,0.2100468347916982,2020-03-13
-16.97,-8.7,1.52,0.3310765463599644,2020-03-14
-15.04,-6.84,0.75,0.3843200199506508,2020-03-15
-18.46,-2.14,0.0,0.6676127015010506,2020-03-16
-13.92,-2.69,0.0,0.6277489321332225,2020-03-17
-17.7,-6.19,0.0,0.4902706674401235,2020-03-18
-17.98,-5.32,0.0,0.5421737599621245,2020-03-19
-17.7,-0.48,0.0,0.7712370217269185,2020-03-20
-11.14,2.66,0.0,0.9767083875075886,2020-03-21
-10.9,6.22,0.0,1.190023057150079,2020-03-22
-7.78,6.91,0.0,1.265091654072825,2020-03-23
-8.7,-1.33,2.08,0.5728713329200502,2020-03-24
-14.93,-0.59,0.0,0.8769329661678548,2020-03-25
-13.69,5.71,0.0,1.1410661262466535,2020-03-26
-4.27,6.73,0.0,1.288658050886622,2020-03-27
-3.51,8.02,0.0,1.368882557222688,2020-03-28
-5.45,13.37,0.0,1.6452584181133811,2020-03-29
-3.74,4.34,0.93,1.14875377132439,2020-03-30
-10.67,-1.85,0.0,0.8091341629985109,2020-03-31
-15.27,-11.33,0.69,0.1794447391857877,2020-04-01
-18.06,-9.01,0.0,0.4776891977892896,2020-04-02
-18.79,-3.14,0.0,0.7713588195853822,2020-04-03
-12.88,-5.36,2.03,0.4714811342670055,2020-04-04
-10.94,-1.66,0.0,0.8374044339026637,2020-04-05
-7.72,1.63,3.82,0.8696753590766517,2020-04-06
-10.58,4.18,0.0,1.1818830741634556,2020-04-07
-7.13,1.03,0.0,0.9365408457537486,2020-04-08
-13.41,5.78,0.0,1.2214544611880644,2020-04-09
-2.41,7.76,0.0,1.4149393675037087,2020-04-10
-8.22,-1.4,0.0,0.7742786089697786,2020-04-11
-10.35,-4.07,0.0,0.624684987625378,2020-04-12
-12.8,-4.33,0.0,0.7354130383139796,2020-04-13
-15.06,3.69,0.0,1.1239017658543555,2020-04-14
-9.74,2.24,0.0,1.1231745946486935,2020-04-15
-6.28,5.61,0.0,1.3218368145898274,2020-04-16
-2.58,13.09,0.0,1.7940687534538584,2020-04-17
-3.57,4.62,0.0,1.2356119629340234,2020-04-18
-5.08,14.12,0.0,1.8322577207390165,2020-04-19
-2.02,10.8,0.0,1.6662495077535595,2020-04-20
-1.8,21.52,0.0,2.302415380316028,2020-04-21
1.22,16.08,0.23,2.0274226780714417,2020-04-22
0.49,18.16,0.0,2.1574158916351474,2020-04-23
-1.08,13.96,2.58,1.7197888448402645,2020-04-24
-2.18,18.91,0.0,2.1726637422430266,2020-04-25
2.94,14.73,3.63,1.7627783096040168,2020-04-26
-1.04,19.37,0.0,2.225048078355483,2020-04-27
2.26,18.24,0.0,2.190406840771513,2020-04-28
1.01,22.62,0.0,2.451234481716703,2020-04-29
7.37,27.85,0.0,2.8336487249847977,2020-04-30
4.68,18.21,0.0,2.151341597153574,2020-05-01
-0.95,18.42,0.0,2.167367524357157,2020-05-02
-0.89,17.95,3.37,1.9490498617272085,2020-05-03
3.23,14.79,0.0,1.8887000644787593,2020-05-04
-0.81,17.98,0.0,2.142726569000678,2020-05-05
1.13,21.07,0.0,2.355921485993362,2020-05-06
0.59,17.69,0.0,2.055466035919476,2020-05-07
0.77,19.52,2.21,1.9929550262896296,2020-05-08
-1.35,7.07,1.14,1.2371663479538435,2020-05-09
-3.45,9.6,0.0,1.525526527932477,2020-05-10
-6.31,10.63,0.0,1.5835837141916975,2020-05-11
-3.59,13.7,0.0,1.7865958367518702,2020-05-12
0.99,11.6,0.0,1.6100389962330957,2020-05-13
-1.57,19.29,0.0,2.1558460352118343,2020-05-14
-2.66,14.5,0.0,1.8465766058921511,2020-05-15
0.93,25.27,0.0,2.549376197220009,2020-05-16
9.26,26.73,0.0,2.6682805077957115,2020-05-17
8.5,25.23,0.0,2.560578144796032,2020-05-18
10.77,26.14,0.0,2.5984347400480856,2020-05-19
9.88,18.31,14.72,1.640247076324664,2020-05-20
9.43,21.17,0.0,2.2208991851636073,2020-05-21
5.33,20.78,0.0,2.285420628393941,2020-05-22
3.73,15.66,0.0,1.8611468905620951,2020-05-23
4.6,19.8,0.0,2.228226561875412,2020-05-24
5.71,25.8,0.0,2.666132678243817,2020-05-25
10.7,21.66,0.0,2.233452617299867,2020-05-26
6.83,18.57,0.0,2.094831337553664,2020-05-27
4.13,18.39,0.0,2.1422527588209217,2020-05-28
4.86,18.83,0.0,2.175255582914182,2020-05-29
7.17,25.65,0.0,2.6832174157125372,2020-05-30
11.37,31.0,0.0,3.037399968508669,2020-05-31
11.91,25.31,0.0,2.5743145763291606,2020-06-01
7.88,24.59,0.0,2.6067414589204723,2020-06-02
9.61,20.51,0.0,2.2102060816365174,2020-06-03
6.11,18.73,0.0,2.1629317562295554,2020-06-04
3.79,20.62,0.0,2.353108683135028,2020-06-05
9.77,17.63,21.56,1.385419917520824,2020-06-06
9.2,16.77,22.39,1.0120611989255426,2020-06-07
6.94,15.47,0.0,1.2041487479630997,2020-06-08
5.19,20.68,0.0,2.1170802632657817,2020-06-09
7.04,22.5,0.0,2.244777546816674,2020-06-10
6.35,22.17,0.0,2.2442786929968253,2020-06-11
8.06,28.1,0.0,2.780766332206573,2020-06-12
14.66,30.34,0.0,2.7730134242620417,2020-06-13
12.69,23.64,0.0,1.9651270868389523,2020-06-14
7.37,22.14,0.0,2.2365731186799795,2020-06-15
9.12,23.24,25.46,1.845855761238331,2020-06-16
9.38,16.46,5.87,0.7506056131429972,2020-06-17
6.63,15.71,4.31,0.8995126422234491,2020-06-18
5.84,18.23,0.0,1.620243988871533,2020-06-19
6.24,17.45,0.0,1.473107966005016,2020-06-20
4.22,18.42,0.0,1.7594321370179933,2020-06-21
6.3,23.75,0.0,2.233361107641682,2020-06-22
10.39,28.02,0.0,2.512348789456728,2020-06-23
13.99,26.59,0.83,2.0724957664542982,2020-06-24
14.48,25.91,0.0,1.8921983645124685,2020-06-25
11.76,30.29,0.0,2.6754043934242726,2020-06-26
13.81,21.34,0.0,1.1103053732647503,2020-06-27
12.89,20.47,0.0,1.108445971092215,2020-06-28
14.37,19.22,1.42,0.6746802262848651,2020-06-29
13.65,20.48,8.56,0.818287900414975,2020-06-30
13.67,23.98,1.03,1.6916449346379592,2020-07-01
10.95,24.08,1.8,2.0132930244678633,2020-07-02
10.19,26.59,0.0,2.3411667012865376,2020-07-03
12.38,28.84,0.0,2.469719506511173,2020-07-04
12.37,23.59,0.0,1.777367082229893,2020-07-05
10.65,25.07,0.0,2.1560059471439583,2020-07-06
12.27,28.47,14.38,1.967520537086296,2020-07-07
13.55,19.93,3.04,0.7499568404596432,2020-07-08
11.99,22.13,0.86,1.4747979067326111,2020-07-09
9.93,23.01,3.88,1.451201336663244,2020-07-10
10.23,24.81,0.0,2.015700809561455,2020-07-11
12.91,25.64,0.76,1.9063939117580115,2020-07-12
10.06,19.85,2.39,1.067485168138122,2020-07-13
10.44,21.85,4.9,1.2455288814292438,2020-07-14
10.56,23.05,1.06,1.7361825462483245,2020-07-15
10.16,25.54,0.0,2.059947710631209,2020-07-16
13.97,24.86,0.0,1.6003379676958478,2020-07-17
11.73,22.13,0.0,1.437255434714206,2020-07-18
10.37,23.17,0.0,1.7291711497296087,2020-07-19
11.3,23.58,4.58,1.3267229288619249,2020-07-20
9.63,25.49,0.0,2.0237133750937604,2020-07-21
14.37,30.5,0.0,2.255038652612256,2020-07-22
17.69,28.82,0.0,1.6927939782113026,2020-07-23
14.61,27.45,0.0,1.8664332203987704,2020-07-24
11.82,21.47,0.0,1.2837557457209547,2020-07-25
10.46,25.12,0.0,1.9405319959684024,2020-07-26
9.39,27.53,0.0,2.218591306727992,2020-07-27
10.94,30.89,0.0,2.4336910910389338,2020-07-28
14.52,34.0,0.0,2.5264445584774395,2020-07-29
15.76,32.08,0.0,2.2289204985729083,2020-07-30
13.18,26.6,0.0,1.76240954446976,2020-07-31
9.13,27.93,0.0,2.171219184663504,2020-08-01
10.77,28.03,0.0,2.1009037762820406,2020-08-02
13.58,29.84,0.0,2.1021360678440595,2020-08-03
11.97,27.12,0.0,1.89586966982563,2020-08-04
9.38,29.21,0.0,2.2401497251315807,2020-08-05
11.64,33.55,0.0,2.506753153990956,2020-08-06
13.42,24.03,1.77,1.2723178573509242,2020-08-07
10.98,25.48,1.61,1.7133089298550714,2020-08-08
8.74,22.44,0.0,1.5122376053609916,2020-08-09
7.89,24.35,0.0,1.7750243515655102,2020-08-10
8.68,24.28,0.0,1.703996273476818,2020-08-11
11.57,28.55,0.0,1.9518006288506344,2020-08-12
9.25,24.91,0.0,1.6984524277664228,2020-08-13
7.8,24.83,2.61,1.4622332529022166,2020-08-14
8.59,25.22,0.0,1.7368529759333624,2020-08-15
9.14,29.42,0.0,2.089984059238016,2020-08-16
11.45,34.36,0.0,2.390704291233973,2020-08-17
12.48,35.88,0.0,2.4504266443928877,2020-08-18
14.14,34.02,0.0,2.2497289436078045,2020-08-19
13.12,33.4,0.0,2.231333587950415,2020-08-20
14.21,27.72,0.0,1.499772452022331,2020-08-21
10.04,31.81,0.0,2.204146228332567,2020-08-22
6.92,28.39,0.0,2.01515754710687,2020-08-23
9.62,29.31,0.0,1.9572992199011336,2020-08-24
12.69,26.45,0.0,1.4072388397427753,2020-08-25
10.07,24.94,0.0,1.4532803620713577,2020-08-26
7.48,22.98,7.01,1.2497065971882595,2020-08-27
6.56,23.27,0.0,1.482325584388395,2020-08-28
8.36,31.24,0.0,2.0900048735575756,2020-08-29
6.57,17.46,0.0,0.952654972992255,2020-08-30
2.56,19.12,0.0,1.2805846835615822,2020-08-31
8.2,22.51,0.0,1.280490016218438,2020-09-01
7.61,16.68,5.75,0.7317062229859254,2020-09-02
5.1,21.62,0.0,1.3513062073810151,2020-09-03
5.02,24.05,0.0,1.5430986426860884,2020-09-04
8.01,30.21,0.0,1.988960951172003,2020-09-05
7.77,17.24,0.0,0.832677320267639,2020-09-06
0.03,10.37,0.0,0.7230457339660201,2020-09-07
-5.02,15.44,0.0,1.2494119580674483,2020-09-08
3.86,21.08,0.0,1.4163066473185306,2020-09-09
4.66,26.13,0.0,1.7921193862452305,2020-09-10
7.74,30.16,0.0,1.9926947440985427,2020-09-11
6.53,16.23,1.77,0.7981187171199361,2020-09-12
-0.41,15.69,0.0,1.0820725093198718,2020-09-13
5.36,15.7,0.0,0.8191694738738958,2020-09-14
3.32,14.41,0.0,0.8323066569165816,2020-09-15
-0.9,13.6,0.0,1.033611263361215,2020-09-16
1.88,18.38,0.0,1.357248750507681,2020-09-17
-0.59,24.36,0.0,1.8225259894200332,2020-09-18
6.44,26.47,0.0,1.8500847141940804,2020-09-19
12.06,19.04,8.43,0.5867771366393947,2020-09-20
7.82,23.09,0.0,1.3999425688609235,2020-09-21
7.07,20.81,0.0,1.2076530797428342,2020-09-22
9.18,21.67,0.0,1.1402666965086714,2020-09-23
8.65,23.97,0.0,1.4084079514656456,2020-09-24
5.55,21.9,0.0,1.3663639623034736,2020-09-25
7.6,15.25,0.0,0.6203029638506654,2020-09-26
4.48,14.92,0.0,0.7749034956863108,2020-09-27
0.91,22.41,0.0,1.5222793734106923,2020-09-28
7.05,17.74,0.0,0.8636737494091192,2020-09-29
0.85,12.49,0.0,0.7698882050571023,2020-09-30
-4.4,11.75,0.0,0.9299297098305948,2020-10-01
0.8,17.35,0.0,1.1688813981046786,2020-10-02
-1.09,15.88,0.0,1.1042139999449925,2020-10-03
4.69,23.55,0.65,1.4919154203601663,2020-10-04
7.76,19.27,0.0,0.9180458843300484,2020-10-05
6.43,17.62,0.0,0.9474584553833446,2020-10-06
0.18,15.51,0.0,1.105808090606274,2020-10-07
7.16,22.61,2.01,1.1895463023451034,2020-10-08
1.62,10.47,0.0,0.5657704162390993,2020-10-09
2.37,25.9,0.0,1.7750057984710617,2020-10-10
4.56,15.21,0.0,0.841520085309495,2020-10-11
-3.39,11.94,0.0,0.9449534339552542,2020-10-12
-0.02,10.66,0.0,0.737439550989607,2020-10-13
-5.32,6.74,0.0,0.6587512421289583,2020-10-14
-5.37,5.69,0.0,0.5716767130632916,2020-10-15
-9.19,3.68,0.0,0.5594216631462392,2020-10-16
-12.85,-0.45,0.0,0.4224151038071701,2020-10-17
-6.09,-3.03,0.0,0.1367290206367856,2020-10-18
-7.2,-0.9,0.0,0.2718446198172937,2020-10-19
-7.03,-1.78,0.3,0.2319204512898117,2020-10-20
-9.77,0.16,0.0,0.409356427993338,2020-10-21
-13.79,-2.2,0.0,0.3852625980946925,2020-10-22
-13.88,-3.67,0.0,0.3292538214341936,2020-10-23
-8.53,-5.15,0.0,0.1361916544508571,2020-10-24
-11.42,-2.29,0.0,0.330869656709377,2020-10-25
-14.84,3.23,0.0,0.6210290985807274,2020-10-26
-3.92,11.99,0.0,0.913253524045914,2020-10-27
-4.58,4.72,0.0,0.4409448673902884,2020-10-28
-6.2,7.56,0.37,0.7163330656550921,2020-10-29
-0.76,12.51,0.0,0.8250946172498919,2020-10-30
-6.6,1.84,0.0,0.3607699680685867,2020-10-31
-7.41,13.58,0.0,0.9787988568435152,2020-11-01
0.07,18.37,0.0,1.158933925414532,2020-11-02
1.32,16.73,0.0,1.0114672254156076,2020-11-03
-0.24,14.47,0.0,0.8854714052935767,2020-11-04
1.2,18.1,0.0,1.073075081998535,2020-11-05
-2.35,6.86,1.71,0.4556977213113496,2020-11-06
-2.54,0.92,2.62,0.1586808734679268,2020-11-07
-9.74,-3.55,19.03,0.2108441929948976,2020-11-08
-18.91,-9.38,0.0,0.2131213084593106,2020-11-09
-17.13,-6.12,0.0,0.2759014517063967,2020-11-10
-17.12,-6.51,1.65,0.2642141771014556,2020-11-11
-22.92,-9.37,0.0,0.2429114394959877,2020-11-12
-12.93,-0.27,0.0,0.3966139531264382,2020-11-13
-9.69,-1.22,0.56,0.3039079268182492,2020-11-14
-12.97,-6.08,0.0,0.2065593539088913,2020-11-15
-9.89,-5.58,0.0,0.1477695403234977,2020-11-16
-7.79,-0.08,0.0,0.2987036480890778,2020-11-17
-4.85,4.24,0.0,0.4007009308718301,2020-11-18
-12.68,-5.09,4.39,0.2178148439909382,2020-11-19
-19.85,-10.28,0.0,0.1936501632102322,2020-11-20
-18.66,-4.47,0.0,0.3202740832893291,2020-11-21
-16.68,-7.45,0.0,0.2232549437755641,2020-11-22
-11.57,-4.98,0.0,0.2046430462396243,2020-11-23
-10.14,-2.39,0.0,0.2607993175930714,2020-11-24
-8.42,1.93,0.0,0.3829836425611687,2020-11-25
-12.52,-1.23,0.0,0.3435480889152983,2020-11-26
-10.94,0.55,0.0,0.3770683894239278,2020-11-27
-10.21,-0.64,0.0,0.3219877196063295,2020-11-28
-15.62,-2.92,0.0,0.3288064974704807,2020-11-29
-9.03,1.85,0.0,0.3873251241716519,2020-11-30
-7.98,1.91,0.0,0.3684418856956451,2020-12-01
-11.18,-1.68,0.0,0.3030671755619488,2020-12-02
-7.48,2.66,0.0,0.3859710779224176,2020-12-03
-6.55,2.19,0.0,0.3450938420572773,2020-12-04
-7.32,1.98,0.0,0.3559349602212424,2020-12-05
-9.82,0.99,0.0,0.3695908068177555,2020-12-06
-8.42,3.07,0.0,0.418043704158147,2020-12-07
-4.66,3.5,0.0,0.3460605379729883,2020-12-08
-5.84,1.83,0.0,0.3083875023323858,2020-12-09
-12.84,-3.79,0.0,0.2620279264840406,2020-12-10
-13.71,-4.68,0.0,0.2494951926705286,2020-12-11
-11.23,-3.58,0.0,0.2385327935494987,2020-12-12
-27.58,-13.68,0.0,0.1713988583695102,2020-12-13
-28.94,-14.38,0.39,0.1643556527425841,2020-12-14
-19.49,-10.36,0.0,0.1803991660950102,2020-12-15
-16.67,-5.11,0.0,0.2748653975675735,2020-12-16
-15.12,1.86,0.0,0.4538938995301765,2020-12-17
-22.68,-4.23,0.0,0.3272093989226864,2020-12-18
-12.93,3.95,0.0,0.5017078278342257,2020-12-19
-6.92,2.52,0.0,0.3583971147143156,2020-12-20
-9.23,-1.43,3.68,0.2557912701329561,2020-12-21
-13.98,-4.32,5.7,0.2524876899601587,2020-12-22
-17.64,-8.83,0.0,0.1923914386677823,2020-12-23
-15.57,-0.04,0.0,0.4017167893713313,2020-12-24
-13.24,-2.7,0.0,0.2979463196727068,2020-12-25
-12.97,-5.52,0.87,0.2089378177921207,2020-12-26
-15.47,-6.87,0.0,0.2126523613516802,2020-12-27
-18.13,-8.34,0.0,0.2103748703987593,2020-12-28
-16.81,-7.63,0.0,0.2121007113569639,2020-12-29
-20.36,-9.2,0.0,0.2130511156382926,2020-12-30
-16.77,-3.74,0.0,0.3130153839594837,2021-01-01
-10.09,3.86,0.0,0.4731457963201825,2021-01-02
-3.23,3.76,0.0,0.3144418623437846,2021-01-03
-11.0,-1.14,0.0,0.3164886756540792,2021-01-04
-10.56,-0.31,0.0,0.3372331081000891,2021-01-05
-11.85,2.33,0.0,0.4459125060124849,2021-01-06
-9.59,0.77,0.0,0.358755595648525,2021-01-07
-13.45,-3.21,0.0,0.292897904772863,2021-01-08
-14.67,-5.46,0.0,0.2457321720595783,2021-01-09
-14.75,-5.62,0.0,0.2428884176756253,2021-01-10
-12.96,-1.37,0.0,0.3448628791095498,2021-01-11
-8.65,0.25,0.0,0.3242022892345398,2021-01-12
-6.28,6.02,5.31,0.4829338636895905,2021-01-13
-6.66,-1.0,0.0,0.2242122668848177,2021-01-14
-14.42,-5.32,0.0,0.2504854702253151,2021-01-15
-10.56,-0.64,0.0,0.3360899141627103,2021-01-16
-10.96,-1.71,1.87,0.3073439468023628,2021-01-17
-11.03,-0.21,0.57,0.3619077331318027,2021-01-18
-14.54,2.11,0.0,0.4789642161528349,2021-01-19
-6.08,2.23,0.0,0.350060005691309,2021-01-20
-12.4,-6.06,0.3,0.1951707486835078,2021-01-21
-9.94,-4.79,0.86,0.1791227902097096,2021-01-22
-28.11,-9.68,0.0,0.2447412447982473,2021-01-23
-32.75,-23.72,0.0,0.1,2021-01-24
-30.03,-22.95,0.0,0.1,2021-01-25
-28.83,-20.02,0.0,0.1004248627937793,2021-01-26
-23.63,-14.67,0.0,0.1481359486523629,2021-01-27
-19.15,-10.96,0.0,0.1796687037364437,2021-01-28
-15.37,-9.6,0.0,0.1556108000018894,2021-01-29
-15.12,-10.7,0.0,0.1198717605868638,2021-01-30
-18.12,-9.49,0.0,0.2058941183039012,2021-01-31
-14.06,-1.61,0.0,0.3830397112771773,2021-02-01
-9.35,0.64,0.0,0.3878722664223614,2021-02-02
-19.71,-11.02,0.0,0.1917294285703932,2021-02-03
-22.53,-15.78,0.0,0.1228137649349364,2021-02-04
-28.19,-18.39,0.0,0.1258170405383063,2021-02-05
-35.44,-25.94,0.0,0.1,2021-02-06
-37.15,-28.77,0.0,0.1,2021-02-07
-37.06,-26.92,0.0,0.1,2021-02-08
-29.24,-25.48,0.0,0.1,2021-02-09
-34.08,-26.92,0.0,0.1,2021-02-10
-37.8,-28.12,0.0,0.1,2021-02-11
-33.34,-23.04,0.0,0.1,2021-02-12
-37.31,-24.7,0.0,0.1,2021-02-13
-34.92,-22.68,0.0,0.1027375689143058,2021-02-14
-30.84,-18.85,0.0,0.1380506053978762,2021-02-15
-26.12,-15.87,0.0,0.1640830657161733,2021-02-16
-23.2,-15.95,0.0,0.1390121279407355,2021-02-17
-25.59,-13.25,0.0,0.2114007356697435,2021-02-18
-22.83,-3.24,0.0,0.4564734730670653,2021-02-19
-11.17,-3.08,0.0,0.3664308512200806,2021-02-20
-12.92,2.76,0.0,0.7206901449870717,2021-02-21
-3.44,3.94,0.0,0.5846082428062649,2021-02-22
-7.59,-0.34,0.0,0.4374086385984853,2021-02-23
-10.44,-1.75,0.0,0.4637198001863082,2021-02-24
-11.82,0.66,0.0,0.6507216298594202,2021-02-25
-16.89,-2.39,0.37,0.540774792676815,2021-02-26
-24.81,-13.05,0.0,0.2225888879150069,2021-02-27
-21.87,-11.71,0.0,0.239283595499015,2021-02-28
-17.55,3.48,0.0,0.7886930833013625,2021-03-01
-7.02,2.79,0.0,0.73243348584937,2021-03-02
-11.59,1.75,0.0,0.7792071308510858,2021-03-03
-10.04,1.68,0.0,0.7677510953601046,2021-03-04
-6.86,4.19,0.0,0.8954720263104577,2021-03-05
-1.06,6.33,0.0,0.8498657912732704,2021-03-06
-4.21,4.97,0.0,0.907314530513478,2021-03-07
-4.85,3.8,0.0,0.8325136357583901,2021-03-08
-5.43,-0.7,0.0,0.3698927827833823,2021-03-09
-9.1,1.5,0.0,0.8252467789724934,2021-03-10
-17.88,-3.08,0.0,0.6236112595622473,2021-03-11
-10.13,5.55,0.0,1.097662530362865,2021-03-12
-6.96,6.27,0.0,1.158429089740602,2021-03-13
-2.25,8.6,0.0,1.2871558791656144,2021-03-14
-1.63,7.44,0.0,1.1558208885666743,2021-03-15
-9.16,0.64,0.0,0.7995612350932738,2021-03-16
-7.78,8.74,0.0,1.3076483512079131,2021-03-17
-3.25,13.89,0.0,1.612916011072308,2021-03-18
-0.14,18.17,0.0,1.8682410982022084,2021-03-19
-1.22,12.52,0.0,1.5650378438043,2021-03-20
-5.04,3.28,0.0,0.9404433138172072,2021-03-21
-6.09,8.71,0.0,1.3476168831083903,2021-03-22
-7.96,0.39,0.69,0.8355809272518108,2021-03-23
-6.12,8.81,0.0,1.3634959063318983,2021-03-24
-4.07,3.45,0.0,0.9772820018647376,2021-03-25
-9.98,2.39,0.0,1.0330602731347036,2021-03-26
-8.84,6.61,0.0,1.2426580704627732,2021-03-27
-1.02,17.84,0.0,1.905895423256864,2021-03-28
-9.06,5.74,5.09,1.122461807470075,2021-03-29
-14.01,-5.64,0.0,0.5616817302203989,2021-03-30
-15.7,7.76,0.0,1.1854691646816775,2021-03-31
-2.41,15.55,0.0,1.7942453692453486,2021-04-01
-0.08,12.63,0.0,1.641324433893265,2021-04-02
-1.27,14.04,0.0,1.7309245670787352,2021-04-03
-0.92,17.97,0.0,1.958318566986743,2021-04-04
-2.91,12.37,0.0,1.6280430220373483,2021-04-05
-3.01,16.67,0.0,1.8664182801996017,2021-04-06
-0.86,21.19,0.0,2.07778619578548,2021-04-07
1.89,15.17,1.51,1.7492688805769927,2021-04-08
-6.19,11.86,0.0,1.5271353465794528,2021-04-09
-0.92,13.51,0.0,1.6589432003335003,2021-04-10
-2.06,4.31,2.48,0.7059552219365334,2021-04-11
-3.45,3.17,1.33,0.8814530573935024,2021-04-12
-3.14,3.5,0.0,0.8997897028161503,2021-04-13
-2.88,7.77,0.0,1.334824652441803,2021-04-14
-2.86,13.53,0.0,1.6862885105034529,2021-04-15
-4.82,14.89,0.0,1.7434380301118173,2021-04-16
-0.7,20.47,0.0,2.107465495540399,2021-04-17
-3.39,7.08,0.0,1.305766668704693,2021-04-18
-6.87,4.98,0.0,1.2003782174024116,2021-04-19
-9.29,9.54,0.0,1.422857512496137,2021-04-20
-3.91,17.82,0.0,1.9365499375266624,2021-04-21
-4.93,7.56,0.0,1.347391585549855,2021-04-22
-12.43,5.06,0.0,1.17330373152155,2021-04-23
-10.08,7.55,0.0,1.3213038822055865,2021-04-24
-5.67,11.6,0.0,1.5847589412399476,2021-04-25
-3.41,14.95,0.0,1.8005211514972626,2021-04-26
-4.06,13.83,0.0,1.7347129630428173,2021-04-27
-2.23,15.34,0.0,1.8421548206775695,2021-04-28
-2.85,11.38,0.0,1.5927607854898898,2021-04-29
2.26,26.39,0.0,2.5496529976670534,2021-04-30
5.12,20.18,0.0,2.169342365780731,2021-05-01
0.97,13.68,0.0,1.739125107306687,2021-05-02
-5.31,10.13,0.0,1.528600047828715,2021-05-03
-5.33,14.51,0.0,1.787634817402331,2021-05-04
-3.33,17.02,0.0,1.9596312426369424,2021-05-05
-0.71,17.43,0.0,2.0139371552356877,2021-05-06
-0.15,17.49,0.79,2.027534350696468,2021-05-07
2.66,14.8,0.0,1.8231809014647724,2021-05-08
-4.03,15.97,0.0,1.9096304487365825,2021-05-09
-2.55,18.43,0.0,2.0748586716405257,2021-05-10
0.52,20.14,0.0,2.2084924364558676,2021-05-11
2.56,20.89,0.0,2.262512810978228,2021-05-12
1.7,22.11,0.0,2.337659579426467,2021-05-13
3.14,22.86,0.7,2.392089975965936,2021-05-14
3.37,24.36,0.0,2.4944138619839853,2021-05-15
8.27,27.36,0.0,2.6980944627173673,2021-05-16
7.53,32.6,0.0,3.0452325314396664,2021-05-17
11.66,28.64,0.0,2.7493452844217128,2021-05-18
1.81,13.39,0.0,1.713014237564528,2021-05-19
-1.1,4.37,2.18,0.7055225516498606,2021-05-20
-1.76,5.66,0.0,1.2116950645224542,2021-05-21
-0.74,10.62,0.0,1.5652045125357872,2021-05-22
6.66,16.14,15.81,1.7308741637727585,2021-05-23
8.51,11.59,22.23,0.3505705689567052,2021-05-24
2.15,9.46,1.7,0.9195339867804438,2021-05-25
-0.66,13.58,0.0,1.6970455206682145,2021-05-26
1.14,19.21,0.0,2.2170009954727203,2021-05-27
7.25,21.93,0.0,2.3601463028418292,2021-05-28
6.74,20.85,0.0,2.2563248866528016,2021-05-29
2.25,22.99,0.0,2.4883232906041233,2021-05-30
8.37,27.05,0.0,2.77369401847255,2021-05-31
8.95,26.8,0.0,2.7486997022218747,2021-06-01
12.15,32.21,0.0,3.1120181532133833,2021-06-02
13.49,35.7,0.0,3.339452848949219,2021-06-03
15.67,29.29,0.0,2.7955026030923285,2021-06-04
11.37,28.18,0.0,2.8311526295494915,2021-06-05
8.57,20.59,0.0,2.129106892993996,2021-06-06
9.06,22.82,0.0,2.417334720440191,2021-06-07
5.8,23.39,2.27,2.2061717643724332,2021-06-08
11.94,19.7,7.66,1.1617121879703476,2021-06-09
13.72,21.84,11.61,1.220944299277109,2021-06-10
10.91,20.55,0.0,1.6710664616748727,2021-06-11
6.91,23.85,0.0,2.4754480357672235,2021-06-12
6.73,27.43,0.0,2.814599259351267,2021-06-13
12.81,31.82,0.0,3.107128812955045,2021-06-14
16.72,33.58,1.41,3.130783834320384,2021-06-15
12.73,24.84,0.0,2.252914349868314,2021-06-16
7.26,23.82,0.0,2.4814080994924823,2021-06-17
8.28,18.54,0.0,1.6892893546893617,2021-06-18
6.93,20.65,0.8,2.110807509686424,2021-06-19
6.02,18.42,0.0,1.8526828451171424,2021-06-20
1.83,24.5,0.0,2.5657457180073555,2021-06-21
10.5,30.96,0.0,3.047151429301019,2021-06-22
13.2,24.16,0.0,1.972340411099275,2021-06-23
8.67,24.36,0.0,2.3945968894575307,2021-06-24
9.96,27.73,0.0,2.716046285030735,2021-06-25
13.3,29.11,0.0,2.7036652682006244,2021-06-26
12.1,28.37,0.0,2.6834766410951216,2021-06-27
10.77,29.69,0.0,2.934884810495783,2021-06-28
12.98,33.19,0.0,3.1983238060703334,2021-06-29
14.78,34.54,0.0,3.267930881587119,2021-06-30
15.98,35.29,0.0,3.2978834692259205,2021-07-01
18.48,39.26,0.0,3.534460154977294,2021-07-02
17.22,30.45,3.05,2.085223214548081,2021-07-03
13.01,27.56,4.47,2.0475598280550886,2021-07-04
13.45,23.99,0.0,1.84501086359152,2021-07-05
10.6,20.88,0.0,1.6626306996897726,2021-07-06
11.87,28.28,4.32,2.1674734733639287,2021-07-07
13.52,27.96,0.0,2.4533835941731947,2021-07-08
12.6,30.81,0.0,2.840369439912493,2021-07-09
13.83,33.07,0.0,3.0016052513069305,2021-07-10
15.74,31.89,0.0,2.762228868138029,2021-07-11
11.84,27.93,0.0,2.543572372858558,2021-07-12
10.21,29.09,0.0,2.7528658120253504,2021-07-13
11.62,31.27,0.0,2.915050547753467,2021-07-14
14.15,35.05,0.0,3.1813515423430108,2021-07-15
16.08,30.24,0.0,2.476679335808766,2021-07-16
16.73,35.21,0.0,3.062357524778323,2021-07-17
13.77,25.83,0.0,2.008417633069194,2021-07-18
13.91,20.71,0.0,0.980685946940818,2021-07-19
15.67,27.98,0.0,2.138552835792177,2021-07-20
15.03,31.17,0.0,2.6830901355038432,2021-07-21
13.92,33.52,0.0,3.0016041806102085,2021-07-22
6.6,28.7,0.0,2.7220725465802578,2021-07-23
10.16,29.01,0.0,2.6571227437290696,2021-07-24
10.74,28.26,1.42,2.5431131037205863,2021-07-25
12.06,27.85,1.6,2.3924459313641475,2021-07-26
12.45,34.51,0.0,3.0381378913652606,2021-07-27
12.63,29.44,0.0,2.508841855657975,2021-07-28
12.74,33.89,0.0,2.957336516008561,2021-07-29
12.39,31.07,0.0,2.6863061933100325,2021-07-30
12.13,31.46,0.0,2.7278996064182883,2021-07-31
12.34,33.15,0.0,2.871399973187382,2021-08-01
15.98,35.13,0.0,2.887422640894139,2021-08-02
18.84,28.59,0.0,1.5884771142088068,2021-08-03
14.02,27.73,0.0,2.089252230014841,2021-08-04
11.1,30.75,0.0,2.6277208352180743,2021-08-05
15.45,33.28,0.0,2.6629158011873035,2021-08-06
15.51,28.68,0.0,2.029959009460533,2021-08-07
13.35,22.25,0.0,1.2212850456961108,2021-08-08
11.12,20.17,0.0,1.184483090332953,2021-08-09
10.39,21.89,3.95,1.2329431292712234,2021-08-10
10.88,25.77,0.0,2.019775493870388,2021-08-11
8.81,23.56,0.0,1.8902690382807956,2021-08-12
8.57,29.9,0.0,2.5417229258221368,2021-08-13
15.81,37.26,0.0,2.9355097603901195,2021-08-14
15.77,32.41,0.0,2.422256287355937,2021-08-15
14.7,26.07,0.0,1.632334967575385,2021-08-16
10.27,19.15,0.0,1.0570604020806642,2021-08-17
9.83,18.31,2.05,0.7761604629788283,2021-08-18
7.74,19.99,0.0,1.4511528804594946,2021-08-19
9.91,19.35,3.22,0.862550256060264,2021-08-20
6.06,21.93,3.07,1.454351558351804,2021-08-21
9.48,15.5,7.03,0.5493539158014458,2021-08-22
7.13,17.19,12.78,1.0583607192468456,2021-08-23
7.38,15.03,0.0,0.8665129243735032,2021-08-24
3.47,20.17,0.0,1.824526312171464,2021-08-25
7.04,21.39,0.0,1.7936177322443887,2021-08-26
12.16,20.38,0.0,1.1259045484782146,2021-08-27
10.66,24.13,2.0,1.8818585034419428,2021-08-28
7.72,26.15,0.0,2.1983640423757085,2021-08-29
9.2,29.38,0.0,2.4142154520114647,2021-08-30
11.79,25.91,14.12,1.5872575536105633,2021-08-31
8.84,21.41,0.0,1.499554977165277,2021-09-01
9.13,18.48,0.0,1.05242216118432,2021-09-02
8.56,21.6,0.0,1.5187792892197374,2021-09-03
5.56,22.94,0.0,1.7975055287586554,2021-09-04
7.46,29.34,0.0,2.2357180955158524,2021-09-05
9.82,22.49,2.14,1.182851830176724,2021-09-06
7.63,23.46,0.0,1.7048927512598906,2021-09-07
5.47,25.51,0.0,1.9839946481118789,2021-09-08
10.26,28.23,0.0,2.1555984482161454,2021-09-09
8.39,21.68,0.0,1.5626538356912223,2021-09-10
5.51,14.83,0.0,0.925568963412816,2021-09-11
2.46,18.91,0.0,1.5550480010848329,2021-09-12
7.14,21.37,0.0,1.585009053314992,2021-09-13
4.18,23.34,0.0,1.8580474706235892,2021-09-14
7.64,18.77,0.0,1.2246022611590066,2021-09-15
3.54,15.05,0.0,1.080897780961973,2021-09-16
-1.15,19.22,0.0,1.5769101287150928,2021-09-17
11.16,32.71,0.0,2.333848922950876,2021-09-18
6.67,19.53,0.0,1.2996984641807487,2021-09-19
1.69,18.28,0.0,1.4080643832102775,2021-09-20
2.37,22.23,0.0,1.6743104665635842,2021-09-21
5.97,27.04,0.0,1.9354664502025,2021-09-22
3.87,16.64,0.0,1.0806588946521205,2021-09-23
-0.69,19.28,0.0,1.4597175241132587,2021-09-24
7.11,25.53,0.0,1.7212046141025266,2021-09-25
3.74,25.09,0.0,1.7548969351771404,2021-09-26
8.66,29.75,0.0,1.9574448962367177,2021-09-27
6.36,28.37,0.0,1.8954800748058829,2021-09-28
6.48,21.07,0.0,1.256697144974911,2021-09-29
1.93,24.35,0.0,1.6640156340069017,2021-09-30
5.74,23.39,0.0,1.4662219486630528,2021-10-01
0.38,21.3,0.0,1.4655087744316984,2021-10-02
4.99,23.51,0.0,1.5237303681032228,2021-10-03
1.74,19.51,0.0,1.298033047771848,2021-10-04
4.91,22.56,0.0,1.418723865202247,2021-10-05
5.81,26.9,0.0,1.7506281880194996,2021-10-06
2.93,14.33,0.0,0.7656135848530096,2021-10-07
0.82,16.94,0.0,1.1060195739537035,2021-10-08
-1.47,19.82,0.0,1.3581175606362323,2021-10-09
-1.09,18.3,0.0,1.2332536825707106,2021-10-10
-1.73,8.66,0.0,0.5689939811845713,2021-10-11
-6.74,8.96,0.0,0.7248910190906621,2021-10-12
-3.9,5.67,3.61,0.4473457012947002,2021-10-13
-1.36,5.87,2.37,0.3687701518883472,2021-10-14
-3.54,13.68,0.0,0.8920026898397869,2021-10-15
-1.1,17.76,0.0,1.0844802161234497,2021-10-16
2.51,23.84,0.0,1.3893447665462906,2021-10-17
1.21,13.52,0.0,0.725734118221478,2021-10-18
-5.7,7.26,0.0,0.5928544737416331,2021-10-19
-7.51,8.01,0.0,0.663142694067754,2021-10-20
-4.45,9.43,0.0,0.6641798101249056,2021-10-21
-5.58,9.56,0.0,0.6937050440882961,2021-10-22
-1.76,7.14,0.51,0.4602362080032168,2021-10-23
2.33,6.15,0.0,0.2261417701580872,2021-10-24
4.0,9.35,1.81,0.334208765917612,2021-10-25
1.97,10.32,1.83,0.4910593165384962,2021-10-26
-0.35,12.89,0.0,0.7234478893480961,2021-10-27
-2.4,11.16,0.0,0.6886160909149629,2021-10-28
-0.17,8.7,2.02,0.4574614110903546,2021-10-29
-5.1,5.03,0.0,0.4581467470829432,2021-10-30
-8.33,4.16,0.0,0.4951240516109143,2021-10-31
-9.67,2.38,0.0,0.4478100007737222,2021-11-01
-10.23,6.95,0.0,0.6321835545973903,2021-11-02
-8.84,9.55,0.0,0.7178097107283179,2021-11-03
-2.92,14.54,0.0,0.8502197339797548,2021-11-04
1.54,13.98,0.0,0.7028195460549228,2021-11-05
-3.5,9.56,0.0,0.617428677184867,2021-11-06
-6.33,9.93,0.0,0.6890450570756452,2021-11-07
-6.55,8.88,0.0,0.6457228716578667,2021-11-08
-9.82,8.16,0.0,0.6576240110837078,2021-11-09
-2.33,3.58,1.62,0.2826791636797781,2021-11-10
-6.74,-2.04,0.0,0.1842348681706015,2021-11-11
-8.7,-4.13,0.0,0.1623282891394251,2021-11-12
-10.19,4.43,0.0,0.5131441662971999,2021-11-13
-6.58,1.27,1.14,0.3198804971972258,2021-11-14
-1.28,4.39,1.17,0.2799836441162171,2021-11-15
-4.24,5.98,6.34,0.4365589151334457,2021-11-16
-11.93,-4.62,0.0,0.2248987404954757,2021-11-17
-14.84,-1.5,0.0,0.3660331554070575,2021-11-18
-11.16,-1.91,0.0,0.2986336217698765,2021-11-19
-11.25,0.34,0.0,0.3765023012640879,2021-11-20
-17.46,-3.51,0.0,0.3308651335561289,2021-11-21
-7.06,4.35,0.0,0.4457421444302037,2021-11-22
-10.08,3.14,0.0,0.45189249764682,2021-11-23
-16.39,-8.93,0.0,0.1748898647793473,2021-11-24
-11.51,1.06,0.0,0.3974691978499929,2021-11-25
-3.87,5.9,0.0,0.4270136576203057,2021-11-26
-7.83,2.4,0.0,0.3783724167830876,2021-11-27
-5.7,3.34,0.0,0.3636138405514071,2021-11-28
-4.52,5.29,1.49,0.4149401543968165,2021-11-29
-6.58,4.55,0.0,0.4335477371322567,2021-11-30
-0.81,6.57,0.0,0.3575530359088998,2021-12-01
-4.75,1.99,1.54,0.2788786168754896,2021-12-02
-9.38,-1.8,0.0,0.2553961887780737,2021-12-03
-12.47,-3.66,0.0,0.2567379615171414,2021-12-04
-22.72,-9.36,0.59,0.2267638165342772,2021-12-05
-24.84,-13.37,0.0,0.1659371705732214,2021-12-06
-21.23,-10.02,0.0,0.2039757390377801,2021-12-07
-15.4,2.47,1.24,0.4759556260498381,2021-12-08
-12.67,-1.76,0.0,0.3213616205902386,2021-12-09
-14.66,-3.87,0.0,0.2852876857232989,2021-12-10
-10.44,4.21,0.0,0.4865904501104749,2021-12-11
-9.3,1.11,0.0,0.3576404219163667,2021-12-12
-14.03,-3.8,0.0,0.2773772810965139,2021-12-13
-9.51,-2.04,0.0,0.2502746603373786,2021-12-14
-22.04,-11.53,0.0,0.1781732315501339,2021-12-15
-25.25,-17.86,0.25,0.1,2021-12-16
-26.26,-17.99,0.81,0.1025648388693144,2021-12-17
-28.44,-10.82,0.0,0.2131903507302174,2021-12-18
-19.61,-10.75,0.0,0.1711190941201041,2021-12-19
-20.95,-12.02,0.0,0.1588234666688841,2021-12-20
-19.13,-8.0,0.0,0.2271136224146282,2021-12-21
-14.34,-7.28,2.17,0.1766669050635212,2021-12-22
-15.58,-2.97,1.52,0.3190777337881696,2021-12-23
-25.53,-14.84,0.4,0.1443927413788118,2021-12-24
-29.85,-22.9,1.8,0.1,2021-12-25
-28.11,-24.26,6.05,0.1,2021-12-26
-34.64,-25.91,0.44,0.1,2021-12-27
-36.79,-27.37,0.0,0.1,2021-12-28
-35.3,-26.26,0.0,0.1,2021-12-29
-37.56,-28.02,0.0,0.1,2021-12-30
-35.96,-28.01,0.0,0.1,2021-12-31
-35.13,-23.42,0.0,0.1,2022-01-01
-26.31,-1.39,0.0,0.3831432726391295,2022-01-02
-17.34,-5.67,4.43,0.2572801134772679,2022-01-03
-23.34,-12.78,1.96,0.1645254865426807,2022-01-04
-32.48,-19.78,0.0,0.1074791176470691,2022-01-05
-35.32,-26.23,0.0,0.1,2022-01-06
-24.4,-7.46,1.56,0.2684906778162756,2022-01-07
-24.53,-14.74,0.0,0.1402999926494994,2022-01-08
-29.27,-17.58,0.0,0.1242555250594704,2022-01-09
-21.78,-0.32,0.0,0.4213101857301295,2022-01-10
-12.93,3.23,0.0,0.4874225698294218,2022-01-11
-1.92,5.36,0.0,0.3416404140895799,2022-01-12
-5.55,4.22,2.64,0.3867213266093935,2022-01-13
-6.22,1.34,0.0,0.2990009521483499,2022-01-14
-4.49,4.74,0.0,0.3979286762435717,2022-01-15
-4.72,4.46,0.0,0.3925789160295694,2022-01-16
-5.96,4.09,0.95,0.4109899328575377,2022-01-17
-19.24,2.44,0.0,0.50041269653781,2022-01-18
-26.66,-15.58,0.0,0.1441813258741127,2022-01-19
-23.25,-2.37,2.07,0.3697737572928892,2022-01-20
-9.54,2.71,1.51,0.4382223766114891,2022-01-21
-7.42,4.73,1.49,0.4791586510735184,2022-01-22
-8.22,5.1,0.0,0.5109943945368493,2022-01-23
-10.7,1.75,0.0,0.4266192139476233,2022-01-24
-21.9,-4.55,0.0,0.3386984677746246,2022-01-25
-9.87,2.29,0.0,0.4362137751232679,2022-01-26
-7.62,1.59,0.0,0.3627316247443914,2022-01-27
-11.78,0.72,0.0,0.4131623812114315,2022-01-28
-9.34,1.99,0.0,0.4200052314707602,2022-01-29
-4.7,5.18,0.0,0.448043681110472,2022-01-30
-12.53,3.16,3.55,0.4906397668514498,2022-01-31
-26.41,-18.55,0.0,0.1050410404723621,2022-02-01
-33.25,-24.23,0.0,0.1,2022-02-02
-31.34,-20.71,0.0,0.1048739326536167,2022-02-03
-32.72,-9.89,5.67,0.232991074049688,2022-02-04
-17.0,-8.96,0.34,0.2018063418390266,2022-02-05
-18.4,0.97,0.0,0.4948700680072298,2022-02-06
-5.51,4.9,0.0,0.4777674074639862,2022-02-07
-4.36,3.03,0.0,0.3539779272667646,2022-02-08
-8.21,2.8,0.64,0.4579379652222201,2022-02-09
-9.48,5.29,0.47,0.5890901106698102,2022-02-10
-18.55,-13.04,0.0,0.1271047830392903,2022-02-11
-17.13,-7.55,0.0,0.2542936682490025,2022-02-12
-16.12,1.75,0.0,0.5298379861135388,2022-02-13
-18.76,-9.98,1.0,0.2113359796246963,2022-02-14
-15.34,-6.99,1.73,0.2462521799651095,2022-02-15
-25.17,-15.59,0.0,0.1561825175566631,2022-02-16
-27.29,-5.71,0.0,0.3503899228740856,2022-02-17
-20.9,-7.91,0.0,0.2933802959855137,2022-02-18
-17.87,3.32,2.3,0.5653914774209089,2022-02-19
-22.49,-15.99,0.0,0.12490381997573,2022-02-20
-28.41,-20.05,0.0,0.1104056761707016,2022-02-21
-31.39,-20.52,0.0,0.1204689707369705,2022-02-22
-30.11,-18.36,0.0,0.1461666976422875,2022-02-23
-27.18,-16.74,0.0,0.1593156017423696,2022-02-24
-26.69,-8.25,0.0,0.316707855907133,2022-02-25
-13.64,-2.68,0.0,0.3906301210154731,2022-02-26
-12.11,-7.4,0.0,0.1753094673314549,2022-02-27
-12.81,-7.7,0.0,0.1856846732365494,2022-02-28
-11.39,-6.94,0.0,0.175553333812308,2022-03-01
-17.76,-9.03,0.0,0.2545184147879588,2022-03-02
-18.82,-10.14,5.12,0.2177734266322448,2022-03-03
-11.64,-8.26,3.89,0.1223715271578861,2022-03-04
-16.65,-9.77,0.0,0.2170358417111538,2022-03-05
-18.08,-4.44,0.0,0.4163183129782161,2022-03-06
-15.37,1.88,0.68,0.6230321140948617,2022-03-07
-17.9,-8.26,0.0,0.2977712991003463,2022-03-08
-24.1,-14.85,0.0,0.1941027324035235,2022-03-09
-23.7,-12.78,0.0,0.2396519648061615,2022-03-10
-30.58,-10.53,0.0,0.2948677709215351,2022-03-11
-15.8,3.09,0.0,0.7114563867103716,2022-03-12
-12.64,-3.06,0.0,0.4053156552986501,2022-03-13
-11.36,-0.91,0.0,0.4758346056670944,2022-03-14
-7.27,3.76,0.0,0.6668696031532447,2022-03-15
-4.77,3.8,0.0,0.5559844242449722,2022-03-16
-6.81,4.95,0.0,0.7592839054950962,2022-03-17
-2.62,5.44,0.0,0.5918428219140283,2022-03-18
-4.57,5.69,0.0,0.7689325358746956,2022-03-19
-1.83,3.91,0.62,0.4229107861056869,2022-03-20
-0.63,5.36,0.0,0.4891230639615564,2022-03-21
-2.84,7.26,0.0,0.9023405241723966,2022-03-22
-2.06,12.03,0.0,1.3029985284348835,2022-03-23
-0.95,6.64,1.75,0.7170236587930049,2022-03-24
-7.45,0.02,0.0,0.4960674735106173,2022-03-25
-9.6,-3.17,0.0,0.3567971120152525,2022-03-26
-7.61,7.02,0.0,1.1044415801212837,2022-03-27
-2.12,6.5,0.0,0.9763037283781104,2022-03-28
-5.68,1.76,0.0,0.6856741052991067,2022-03-29
-7.71,8.83,0.0,1.3174061306414353,2022-03-30
-1.27,5.45,2.42,0.5878014434536625,2022-03-31
-4.11,4.75,0.0,0.9111224379531664,2022-04-01
-7.19,6.36,0.0,1.1599300643904278,2022-04-02
-3.26,11.51,0.0,1.5205477293334058,2022-04-03
-1.3,15.65,0.0,1.8722436917187424,2022-04-04
-0.52,8.59,2.48,0.9762996567877176,2022-04-05
-1.61,7.03,0.69,1.094655418893363,2022-04-06
-3.29,11.05,0.0,1.5600828004418958,2022-04-07
-1.67,18.41,0.0,2.0402772747666265,2022-04-08
0.08,12.52,0.0,1.6652212462921143,2022-04-09
-3.92,5.83,0.0,1.1258608742083125,2022-04-10
-8.25,-2.46,0.0,0.4619228545707263,2022-04-11
-9.82,-5.12,0.0,0.2950057899416727,2022-04-12
-9.45,-4.37,0.0,0.3608584757242467,2022-04-13
-8.34,-2.84,0.8,0.4811145389746868,2022-04-14
-9.36,-1.44,0.0,0.7187084302442313,2022-04-15
-8.9,2.03,0.0,1.0360507383889186,2022-04-16
-8.05,4.18,0.0,1.2029770908549848,2022-04-17
-7.85,9.09,0.0,1.5269683734843005,2022-04-18
-2.3,4.17,2.22,0.7060099198801616,2022-04-19
-4.7,1.87,1.26,0.7935750018077898,2022-04-20
-8.67,6.07,0.0,1.3580083865195862,2022-04-21
-1.94,3.85,1.0,0.8579340903053184,2022-04-22
0.35,10.27,1.72,1.6529080293611187,2022-04-23
-2.62,11.38,0.0,1.7456148620150214,2022-04-24
-2.73,10.46,0.0,1.686729495053948,2022-04-25
-2.55,14.39,0.0,1.9317122478378657,2022-04-26
0.95,15.53,0.0,2.0338639667193092,2022-04-27
0.62,18.08,0.0,2.192704850938898,2022-04-28
0.33,16.79,0.0,2.1145704712116444,2022-04-29
1.23,17.7,0.0,2.177451555756885,2022-04-30
0.51,14.93,0.0,1.9898769633467035,2022-05-01
-0.5,18.84,0.0,2.231047572427874,2022-05-02
3.77,20.19,0.0,2.358380022981947,2022-05-03
0.53,24.16,0.0,2.556258640197947,2022-05-04
8.46,27.56,0.0,2.8561692048029026,2022-05-05
9.56,22.8,1.88,2.40691612477592,2022-05-06
5.26,15.01,6.16,1.6050303650122677,2022-05-07
2.56,14.85,0.0,1.9112764954161776,2022-05-08
-0.17,16.11,0.0,2.008849803304287,2022-05-09
3.43,13.94,2.27,1.4993179181954133,2022-05-10
-0.51,19.12,0.0,2.190353125008685,2022-05-11
3.19,21.08,0.0,2.3432676512654593,2022-05-12
4.63,11.89,13.25,1.0087798569745774,2022-05-13
3.1,17.1,0.0,1.9954983515416844,2022-05-14
2.86,20.54,0.0,2.305599669239543,2022-05-15
4.34,19.8,0.0,2.249615230430637,2022-05-16
6.84,19.15,3.29,1.713144900513612,2022-05-17
7.42,16.19,1.05,1.5328970041585852,2022-05-18
1.52,11.09,3.28,1.0246524405057815,2022-05-19
1.24,8.16,0.0,0.8332237976892626,2022-05-20
-0.97,14.74,0.0,1.85784305414538,2022-05-21
1.0,17.1,0.0,2.042882656714899,2022-05-22
1.99,22.91,0.0,2.4722370853349034,2022-05-23
4.75,24.77,0.0,2.61214075151153,2022-05-24
6.13,24.64,0.0,2.6039957193353107,2022-05-25
5.74,24.11,0.0,2.5700584865417833,2022-05-26
6.9,22.18,0.0,2.4080191866448812,2022-05-27
8.48,23.5,0.0,2.500682673567206,2022-05-28
9.17,20.28,0.0,2.0158983965474424,2022-05-29
7.34,17.42,0.0,1.7407808544758152,2022-05-30
3.69,18.93,0.0,2.1948533433080497,2022-05-31
2.26,19.55,0.0,2.2777457922291973,2022-06-01
4.66,21.51,0.0,2.415960026317641,2022-06-02
2.41,23.24,0.0,2.532676810200015,2022-06-03
3.89,25.07,0.0,2.6646323177254665,2022-06-04
6.42,20.64,0.0,2.3338115060677285,2022-06-05
6.08,21.29,0.0,2.389344003284664,2022-06-06
8.04,21.79,0.0,2.395300401777779,2022-06-07
7.01,24.94,0.0,2.662681021873311,2022-06-08
11.25,24.01,3.93,2.1692309204232085,2022-06-09
10.23,25.64,1.44,2.6800808931031437,2022-06-10
8.26,24.17,0.0,2.598310603334356,2022-06-11
8.4,24.27,7.81,2.2775544385235342,2022-06-12
11.17,21.85,4.55,1.6393511845262112,2022-06-13
7.62,19.03,0.0,1.9129056748556497,2022-06-14
5.61,16.71,3.76,1.3918527190732126,2022-06-15
10.96,20.92,0.0,1.8323154350653204,2022-06-16
10.71,29.13,0.0,2.953670175158018,2022-06-17
17.82,31.83,0.0,2.8820690989621194,2022-06-18
15.91,21.15,4.14,0.6132293866608148,2022-06-19
14.7,20.6,6.86,0.7164959136695009,2022-06-20
11.65,22.42,2.43,1.497459869229398,2022-06-21
10.88,28.2,4.08,2.2781686645092885,2022-06-22
10.74,25.93,7.05,2.025855842726822,2022-06-23
8.72,18.21,0.0,1.4556258200331675,2022-06-24
8.93,21.38,3.76,1.5665960857961083,2022-06-25
8.93,24.8,0.0,2.3809627313315453,2022-06-26
9.99,22.8,0.0,2.0505193466771128,2022-06-27
8.82,22.62,0.69,2.112759526577592,2022-06-28
12.38,24.74,0.0,2.0917504798821587,2022-06-29
9.75,22.89,0.0,2.0873553975499863,2022-06-30
7.69,23.79,0.0,2.330845114243431,2022-07-01
9.76,22.11,0.0,1.9794066251982811,2022-07-02
10.5,23.55,0.0,2.1422176969071254,2022-07-03
12.6,19.94,0.0,1.2301040627956032,2022-07-04
11.95,17.82,3.46,0.6756842215525242,2022-07-05
12.7,24.06,0.0,2.054644492186129,2022-07-06
11.77,23.83,3.62,1.6766672339485402,2022-07-07
16.48,31.59,2.84,2.2237352399748036,2022-07-08
16.57,29.21,2.03,1.88544048427068,2022-07-09
13.69,24.87,5.83,1.5629921667730244,2022-07-10
11.11,26.9,0.0,2.443500350279502,2022-07-11
10.74,30.06,0.0,2.7550420308828887,2022-07-12
16.01,33.02,3.41,2.2851730382913527,2022-07-13
14.64,27.85,0.0,2.2409691339522366,2022-07-14
16.29,33.44,0.0,2.788682360666678,2022-07-15
15.11,35.2,0.0,2.9936471950522097,2022-07-16
15.98,30.4,0.0,2.421408313998082,2022-07-17
14.32,29.19,19.0,1.9253336851106309,2022-07-18
15.73,28.5,5.58,1.585160366009978,2022-07-19
12.6,24.64,0.0,1.7367085957622328,2022-07-20
10.86,28.01,0.0,2.289617595551418,2022-07-21
11.38,24.53,0.0,1.835146220774987,2022-07-22
8.76,21.49,0.0,1.6650238477927013,2022-07-23
7.7,28.14,0.0,2.4133165495596804,2022-07-24
13.73,20.68,1.51,0.8876318597236617,2022-07-25
10.36,24.0,0.0,1.826321455234264,2022-07-26
7.83,25.44,0.0,2.132966332226963,2022-07-27
8.09,27.78,0.0,2.3278448432550354,2022-07-28
12.87,33.7,0.0,2.660792574930186,2022-07-29
15.13,24.49,3.18,1.0375267412528375,2022-07-30
13.58,26.67,4.1,1.42804834962126,2022-07-31
14.65,26.01,0.0,1.5486226514041006,2022-08-01
13.16,23.98,0.0,1.4150887659741818,2022-08-02
8.16,25.11,0.0,1.9724001036537495,2022-08-03
11.47,33.45,0.0,2.575133296788996,2022-08-04
8.76,18.22,0.0,1.0216838093470944,2022-08-05
5.0,23.03,0.0,1.8949956352690271,2022-08-06
11.99,29.79,0.0,2.212149495628902,2022-08-07
11.04,32.6,0.0,2.4997332143407025,2022-08-08
9.45,25.47,0.0,1.874559803675088,2022-08-09
9.69,25.77,0.0,1.8811354768170068,2022-08-10
15.43,25.71,0.0,1.284429219838401,2022-08-11
11.53,31.38,0.0,2.413922455254036,2022-08-12
15.67,32.68,2.98,1.8656919200665911,2022-08-13
15.3,30.18,0.0,1.9822378257683892,2022-08-14
12.2,29.44,0.0,2.1293455583363388,2022-08-15
13.71,34.06,0.0,2.5036072735381096,2022-08-16
15.83,29.12,0.0,1.7724078170058335,2022-08-17
12.43,29.39,0.0,2.1080368433470733,2022-08-18
10.61,29.56,0.0,2.2053355071243894,2022-08-19
14.44,32.14,0.0,2.2320912573898175,2022-08-20
12.52,34.3,0.0,2.5131685053157193,2022-08-21
16.07,25.7,0.0,1.1332905727216462,2022-08-22
13.42,26.85,0.0,1.641515493669556,2022-08-23
10.37,27.22,0.0,1.904267815122851,2022-08-24
10.44,28.94,0.0,2.0556056884247265,2022-08-25
12.42,28.56,6.83,1.538962137599568,2022-08-26
13.6,30.78,0.0,1.9846221728673727,2022-08-27
12.42,21.53,0.0,0.9520694902241168,2022-08-28
8.77,27.34,0.0,1.9014448490959743,2022-08-29
10.19,32.01,0.0,2.2277697348080223,2022-08-30
13.13,35.26,0.0,2.3537877187386793,2022-08-31
13.86,31.86,0.0,1.9752846488530589,2022-09-01
5.76,26.7,0.0,1.8859182497496407,2022-09-02
11.51,36.14,0.0,2.4241672149519844,2022-09-03
15.12,34.58,0.0,2.096326387768227,2022-09-04
12.21,31.15,0.0,1.9302123437614735,2022-09-05
8.49,24.69,0.0,1.504594200669252,2022-09-06
9.6,34.84,0.0,2.314144899048347,2022-09-07
6.77,19.2,0.0,1.0502775383890672,2022-09-08
3.22,16.92,0.0,1.0473440084740848,2022-09-09
1.74,23.08,0.0,1.621268532844882,2022-09-10
8.09,32.37,0.0,2.17041400813301,2022-09-11
8.69,22.91,0.0,1.295702238840981,2022-09-12
7.99,15.26,1.01,0.6189257706396272,2022-09-13
7.22,15.39,1.31,0.6822798787588494,2022-09-14
5.13,16.95,0.0,0.9320489759129658,2022-09-15
10.12,20.35,0.0,0.9095411043569732,2022-09-16
7.48,22.63,0.0,1.3200832386378192,2022-09-17
5.46,22.24,0.0,1.4079427521823782,2022-09-18
8.12,17.14,3.34,0.6956470216185053,2022-09-19
4.66,13.72,0.0,0.6975263259918936,2022-09-20
-0.22,17.02,0.0,1.2173147865035432,2022-09-21
1.69,19.74,0.0,1.3934187258748298,2022-09-22
5.2,19.79,0.0,1.2295190421415438,2022-09-23
5.87,21.39,0.0,1.362844502995328,2022-09-24
1.96,21.64,0.0,1.51471638583143,2022-09-25
6.5,22.85,0.0,1.433248971393876,2022-09-26
5.54,25.23,0.0,1.6569097343201793,2022-09-27
8.31,29.98,0.0,1.9182526740058976,2022-09-28
7.5,29.83,0.0,1.9109897003247824,2022-09-29
10.98,23.19,0.0,1.0912170701685282,2022-09-30
7.76,20.49,0.0,1.0471641316728293,2022-10-01
4.88,20.43,0.0,1.214463023752043,2022-10-02
6.56,22.45,0.0,1.3021773692173582,2022-10-03
7.0,25.87,0.0,1.584072472130624,2022-10-04
2.66,11.65,0.0,0.603768403432508,2022-10-05
-4.97,9.9,0.0,0.7799334148796643,2022-10-06
-2.56,19.77,0.0,1.375509117411268,2022-10-07
3.17,22.88,0.0,1.4829681159526538,2022-10-08
3.06,22.16,0.0,1.4643346102357215,2022-10-09
2.9,25.2,0.0,1.6609863532618114,2022-10-10
4.42,15.41,0.0,0.782153878506349,2022-10-11
2.61,11.25,0.0,0.5595965439185573,2022-10-12
-0.01,13.94,0.0,0.9059359829765656,2022-10-13
-2.71,15.2,0.74,1.0672758629475063,2022-10-14
-2.37,9.17,0.0,0.6193151612298076,2022-10-15
-4.31,8.12,0.0,0.6175169923984195,2022-10-16
-2.79,16.72,0.0,1.3069256388127468,2022-10-17
0.47,21.75,0.0,1.6851930989169812,2022-10-18
2.05,21.23,0.0,1.6190211395468448,2022-10-19
3.2,15.39,0.0,1.06577550450567,2022-10-20
0.03,11.82,0.0,0.8770694900864634,2022-10-21
-4.39,11.21,2.35,0.8271187367819863,2022-10-22
-0.49,3.96,10.18,0.2265916905289372,2022-10-23
-2.23,0.99,0.61,0.1625463182134202,2022-10-24
-2.73,3.67,0.0,0.3172858116213371,2022-10-25
-4.4,6.58,0.0,0.5183468823386133,2022-10-26
-0.31,10.59,0.0,0.5984140916585291,2022-10-27
-0.65,10.27,0.0,0.5909814727431195,2022-10-28
-2.27,13.07,0.0,0.8914128309430153,2022-10-29
-1.24,14.83,0.0,1.0210076486575923,2022-10-30
-0.93,8.92,0.0,0.5329770754684139,2022-10-31
-0.25,8.33,0.0,0.4625674711936752,2022-11-01
-2.61,1.49,0.0,0.1987416438241128,2022-11-02
-7.93,-2.12,0.0,0.2247916999311449,2022-11-03
-9.72,2.93,1.68,0.491461961952827,2022-11-04
-5.56,2.98,9.05,0.3589313028609833,2022-11-05
-12.68,-5.71,0.0,0.217506772530226,2022-11-06
-15.89,-7.01,4.3,0.2239367724052715,2022-11-07
-18.43,-6.27,0.0,0.2875180901217906,2022-11-08
-24.23,-15.13,0.0,0.1446176242919824,2022-11-09
-24.71,-14.66,0.0,0.1557185154901077,2022-11-10
-21.77,-11.06,0.0,0.2016689250960497,2022-11-11
-21.7,-10.7,1.03,0.2078287672942868,2022-11-12
-14.16,-6.19,0.31,0.2281831782800435,2022-11-13
-11.6,-5.59,0.91,0.1937885176968475,2022-11-14
-11.27,-3.85,0.0,0.2455484171933142,2022-11-15
-10.5,-2.55,0.43,0.2746576571946174,2022-11-16
-16.25,-10.04,0.0,0.1552744855548288,2022-11-17
-15.88,-6.59,0.0,0.2432370339133092,2022-11-18
-12.92,-4.46,0.0,0.2588436080105857,2022-11-19
-12.1,0.77,0.0,0.415277846527338,2022-11-20
-11.7,1.55,0.86,0.4345221085289276,2022-11-21
-6.15,1.94,0.0,0.3382449158795879,2022-11-22
-5.42,1.99,0.0,0.3170936213222566,2022-11-23
-7.02,3.39,0.0,0.4157172045223319,2022-11-24
-0.5,6.74,0.0,0.3742311563173988,2022-11-25
-4.33,2.82,0.0,0.3170676802096979,2022-11-26
-4.62,2.66,1.96,0.3186327586464525,2022-11-27
-10.48,-4.92,4.13,0.1751349945063491,2022-11-28
-16.79,-10.01,0.73,0.160089656245521,2022-11-29
-21.55,-14.73,1.01,0.1197962695122213,2022-11-30
-24.03,-15.29,0.96,0.1326343661068939,2022-12-01
-29.92,-22.15,0.0,0.1,2022-12-02
-24.74,-11.23,0.0,0.2038245934223083,2022-12-03
-15.37,-3.24,0.0,0.3171750696703312,2022-12-04
-25.08,-14.09,0.0,0.1573492551862866,2022-12-05
-33.69,-21.92,0.0,0.1,2022-12-06
-34.68,-9.5,0.0,0.2219824828873432,2022-12-07
-16.0,-6.12,0.0,0.2431297509430396,2022-12-08
-11.99,-2.29,0.0,0.2950134839458673,2022-12-09
-17.76,-7.01,0.0,0.2400461185462147,2022-12-10
-10.36,-4.64,1.53,0.1837116967496181,2022-12-11
-12.4,-6.99,2.69,0.1502672439939772,2022-12-12
-15.95,-11.67,0.0,0.1000230479952194,2022-12-13
-17.8,-8.26,0.19,0.2102167002054144,2022-12-14
-16.92,-10.35,0.0,0.1480918616507251,2022-12-15
-20.89,-13.93,0.3,0.1235454146209479,2022-12-16
-20.72,-14.64,0.0,0.1076544138407375,2022-12-17
-25.96,-20.29,1.12,0.1,2022-12-18
-30.44,-23.58,1.84,0.1,2022-12-19
-35.3,-28.1,0.77,0.1,2022-12-20
-33.27,-27.22,0.62,0.1,2022-12-21
-31.85,-24.91,0.0,0.1,2022-12-22
-35.35,-21.36,0.0,0.1,2022-12-23
-23.85,-12.72,4.7,0.165286545464757,2022-12-24
-16.54,-9.79,2.28,0.1508120409566889,2022-12-25
-15.29,-1.4,0.0,0.3633285759449374,2022-12-26
-11.94,-4.33,7.98,0.2211212432807075,2022-12-27
-16.49,-10.47,2.05,0.1340059149423445,2022-12-28
-15.19,-10.47,0.0,0.1164280785661256,2022-12-29
-17.23,-9.19,0.0,0.18221340527207,2022-12-30
-19.48,-11.56,0.0,0.1567566368278611,2022-12-31
-19.83,-7.26,0.0,0.2499306505453021,2023-01-01
-15.58,-5.69,0.0,0.2473149863075271,2023-01-02
-15.26,-6.03,0.0,0.2342673857470652,2023-01-03
-18.75,-9.48,0.0,0.1927376981335538,2023-01-04
-19.07,-10.61,0.0,0.171812545017483,2023-01-05
-17.38,-6.93,0.0,0.2385545369394522,2023-01-06
-14.04,-4.48,0.0,0.261960380337265,2023-01-07
-14.97,-5.29,0.0,0.2524116873663825,2023-01-08
-14.72,-5.23,0.0,0.2516367037450616,2023-01-09
-16.71,-9.99,0.0,0.1562861789371759,2023-01-10
-15.02,-9.47,0.0,0.1412413291108372,2023-01-11
-14.56,-7.79,0.0,0.1790260797464078,2023-01-12
-13.58,-4.61,0.0,0.254708181157077,2023-01-13
-12.47,-5.85,0.0,0.1973756399341234,2023-01-14
-9.47,-7.07,0.0,0.1,2023-01-15
-9.66,-7.01,0.0,0.1,2023-01-16
-10.91,-7.87,0.0,0.1,2023-01-17
-8.3,-3.5,0.0,0.1777839166823746,2023-01-18
-9.38,-3.9,0.0,0.1937627838951713,2023-01-19
-14.37,-4.9,0.0,0.2647405210820994,2023-01-20
-12.98,-1.64,0.0,0.3450686172896198,2023-01-21
-7.62,1.32,0.59,0.3953756432798697,2023-01-22
-12.84,-1.33,0.59,0.3901822861309847,2023-01-23
-11.33,-3.21,0.0,0.2756000109670859,2023-01-24
-8.08,-1.05,2.07,0.264612718631016,2023-01-25
-8.47,3.74,1.07,0.5911615327513848,2023-01-26
-19.95,-4.92,0.0,0.3426719274658966,2023-01-27
-24.71,-18.22,0.0,0.1,2023-01-28
-26.19,-19.37,0.0,0.1,2023-01-29
-26.79,-18.24,0.0,0.1169120014292922,2023-01-30
-24.2,-14.22,0.23,0.1661584998062891,2023-01-31
-24.38,-12.83,0.46,0.1932278973447771,2023-02-01
-29.3,-18.2,0.0,0.1319710943633771,2023-02-02
-19.81,-3.56,0.0,0.4155455145806654,2023-02-03
-8.14,-0.96,0.0,0.3589137968971413,2023-02-04
-10.84,1.04,0.0,0.5730518560003068,2023-02-05
-5.1,1.33,0.0,0.4014762033639899,2023-02-06
-5.54,2.63,0.0,0.5586799422096121,2023-02-07
-9.74,-0.61,0.42,0.4856889903204788,2023-02-08
-14.29,-3.0,0.0,0.4497597566523802,2023-02-09
-10.17,4.4,0.0,0.7838766832448794,2023-02-10
-6.86,1.0,0.0,0.5139862808790298,2023-02-11
-7.84,1.16,0.0,0.5779563148615255,2023-02-12
-4.61,3.07,0.0,0.607515006494617,2023-02-13
-17.62,-4.52,0.0,0.439176310366397,2023-02-14
-17.95,-11.0,0.0,0.1817176104051611,2023-02-15
-20.79,-2.81,0.0,0.5024241177912421,2023-02-16
-9.48,-0.83,0.0,0.5083496258511168,2023-02-17
-13.02,-4.75,0.0,0.3668856405073168,2023-02-18
-13.51,-7.92,1.56,0.1897563685724838,2023-02-19
-22.34,-11.85,0.0,0.2385661509944279,2023-02-20
-28.08,-18.88,0.0,0.1294156354892156,2023-02-21
-32.03,-25.83,0.0,0.1,2023-02-22
-30.15,-21.8,0.0,0.1016371638766971,2023-02-23
-31.3,-19.86,0.0,0.1328175830495901,2023-02-24
-28.85,-12.81,0.0,0.2527840272919774,2023-02-25
-19.06,-4.82,0.0,0.4999882695792482,2023-02-26
-16.29,-7.19,0.0,0.3741793748442822,2023-02-27
-21.73,-11.54,0.0,0.2723900266234656,2023-02-28
-21.38,-7.1,0.0,0.4306192457411036,2023-03-01
-13.43,0.02,0.0,0.7403969317052779,2023-03-02
-10.91,-1.06,0.0,0.6575266560379551,2023-03-03
-15.54,-6.15,0.0,0.4435059859349069,2023-03-04
-21.76,-11.55,0.0,0.2941780316851004,2023-03-05
-26.11,-14.26,0.0,0.2424565466933447,2023-03-06
-18.66,-12.93,0.0,0.1652657436960165,2023-03-07
-19.72,-14.07,0.0,0.1495609442710095,2023-03-08
-20.13,-11.03,0.0,0.3115136686767536,2023-03-09
-14.96,-6.96,2.35,0.3301024823104787,2023-03-10
-13.24,-6.83,2.37,0.2805611546723484,2023-03-11
-19.92,-9.06,0.0,0.4171726386041216,2023-03-12
-17.99,-4.07,0.0,0.631480994458575,2023-03-13
-11.93,0.05,1.22,0.8561679938029069,2023-03-14
-15.96,-4.38,0.0,0.6278095055398111,2023-03-15
-16.18,-6.56,0.0,0.517526215765941,2023-03-16
-21.64,-8.62,0.0,0.4606368648874586,2023-03-17
-19.64,-1.23,0.0,0.7526473255723547,2023-03-18
-15.11,-3.54,0.0,0.6933614382961962,2023-03-19
-12.95,-6.1,0.0,0.4709510793613872,2023-03-20
-15.52,-6.99,0.0,0.4997548161718272,2023-03-21
-16.91,-6.98,0.0,0.534323771579114,2023-03-22
-15.44,1.77,0.0,0.944953704122656,2023-03-23
-14.7,-4.1,0.0,0.6825190241153218,2023-03-24
-19.56,-4.25,0.0,0.6747785025848523,2023-03-25
-15.31,-6.84,0.0,0.5216082887432416,2023-03-26
-20.11,-9.35,0.0,0.4658954738055996,2023-03-27
-22.29,-6.88,0.0,0.5682232944793084,2023-03-28
-18.47,-1.58,0.0,0.8054648646702682,2023-03-29
-11.98,-1.78,0.0,0.8392168127851687,2023-03-30
-14.78,0.12,0.0,0.9231022583231622,2023-03-31
-9.96,2.25,0.0,1.0632177492324162,2023-04-01
-8.8,-3.54,2.58,0.4071258231415754,2023-04-02
-13.99,-8.19,1.39,0.4049790187863399,2023-04-03
-19.36,-6.96,0.0,0.6145166872662364,2023-04-04
-22.49,-5.84,0.0,0.6382636246850911,2023-04-05
-20.49,-4.28,0.0,0.7162201224101862,2023-04-06
-13.8,1.38,0.0,1.008517114238457,2023-04-07
-5.12,5.62,0.0,1.2699843557273136,2023-04-08
-0.32,7.39,0.0,1.3314044961044784,2023-04-09
2.29,8.76,0.0,1.3728094589714115,2023-04-10
0.63,9.41,0.0,1.4742191181072757,2023-04-11
-0.19,8.78,0.0,1.449373017323537,2023-04-12
-2.42,7.91,0.0,1.4242600895572424,2023-04-13
-0.77,9.56,0.0,1.5269806769536134,2023-04-14
-2.29,12.75,0.0,1.6852031804149117,2023-04-15
-1.1,15.27,0.0,1.8422889678658012,2023-04-16
2.81,16.71,0.0,1.9541555163353417,2023-04-17
-0.16,6.45,4.06,1.0329955933423611,2023-04-18
-3.91,0.25,6.8,0.427142264723773,2023-04-19
-4.53,-1.19,0.32,0.3159349105684673,2023-04-20
-5.1,2.49,0.0,0.954086043101835,2023-04-21
-4.19,7.2,0.0,1.3953015477384434,2023-04-22
-5.07,9.56,0.0,1.5324263182553326,2023-04-23
-1.59,10.96,0.0,1.6369524089073246,2023-04-24
2.09,16.72,1.71,2.0114777560403168,2023-04-25
1.38,15.14,0.0,1.9109973947307444,2023-04-26
1.52,10.92,0.0,1.612367537185186,2023-04-27
-0.71,18.75,0.0,2.1194989844101713,2023-04-28
-1.12,16.1,0.0,1.9691043545610936,2023-04-29
-2.1,16.1,0.0,1.9595969318435724,2023-04-30
-0.25,20.16,0.0,2.2152784945230493,2023-05-01
3.21,26.28,0.0,2.6069513318607127,2023-05-02
5.98,26.83,0.0,2.6762240293080106,2023-05-03
5.97,27.11,0.0,2.69492887727928,2023-05-04
4.55,19.73,0.0,2.2225490851380605,2023-05-05
4.32,17.64,0.0,2.0779379232611666,2023-05-06
7.48,18.65,0.0,2.108366990310325,2023-05-07
7.13,19.6,0.0,2.200082825827168,2023-05-08
3.55,20.88,0.0,2.3199479071681677,2023-05-09
7.07,21.5,0.0,2.3459467735394988,2023-05-10
5.7,21.81,0.0,2.380153835155583,2023-05-11
8.6,18.74,0.0,2.071657357906128,2023-05-12
4.86,24.41,0.0,2.558895318080229,2023-05-13
6.1,26.4,0.0,2.6908768002208845,2023-05-14
9.94,27.81,0.0,2.782193370665619,2023-05-15
9.84,30.74,0.0,2.982549475203393,2023-05-16
6.12,17.04,0.0,1.989251700186976,2023-05-17
3.62,16.39,0.0,1.98817879444788,2023-05-18
1.21,26.16,0.0,2.629761972114198,2023-05-19
10.6,25.71,0.0,2.5969063551580356,2023-05-20
6.72,24.64,0.0,2.56440115571385,2023-05-21
11.9,30.91,3.34,2.7235607258171575,2023-05-22
11.67,24.35,2.04,2.2617155771350888,2023-05-23
10.08,21.95,12.4,2.114049641483282,2023-05-24
12.26,16.14,2.89,0.4630444665215595,2023-05-25
10.55,19.77,0.0,1.9046289227966713,2023-05-26
8.12,17.86,5.1,1.4845936591068,2023-05-27
12.89,21.36,0.0,1.8159295460543456,2023-05-28
10.1,26.76,0.0,2.733381489007936,2023-05-29
10.91,28.82,2.09,2.632995387308218,2023-05-30
11.68,30.9,0.0,3.0324404347568747,2023-05-31
14.06,27.39,0.0,2.7045000794642524,2023-06-01
12.85,23.2,0.0,2.2419655386949846,2023-06-02
16.36,26.46,9.26,1.952513514432381,2023-06-03
15.19,30.59,0.0,2.9832796321831476,2023-06-04
17.25,32.99,0.0,3.123594110898495,2023-06-05
16.0,27.62,0.0,2.537846617722661,2023-06-06
12.66,29.05,0.0,2.917851698815359,2023-06-07
13.47,29.82,0.0,2.9659051269038343,2023-06-08
11.37,25.52,0.0,2.6536760443625096,2023-06-09
9.76,24.45,0.0,2.6052443671636674,2023-06-10
10.47,28.41,0.0,2.90413137884625,2023-06-11
12.55,30.64,0.0,3.0479527029774816,2023-06-12
12.88,30.93,0.0,3.068301668926652,2023-06-13
12.98,29.72,2.51,2.6596296075573287,2023-06-14
9.79,18.85,0.0,1.7800216070236576,2023-06-15
7.05,25.06,0.0,2.695783136679819,2023-06-16
12.16,21.7,0.0,2.008980164416033,2023-06-17
8.05,24.59,20.85,2.3122080269018315,2023-06-18
9.84,22.65,0.0,2.1823511237228064,2023-06-19
8.61,22.56,0.0,2.271252376587183,2023-06-20
8.36,20.24,0.0,1.9770088741623737,2023-06-21
7.31,23.89,0.0,2.495947841525314,2023-06-22
8.39,26.41,0.0,2.711897909822472,2023-06-23
9.38,27.01,0.0,2.7226571299669557,2023-06-24
11.2,29.67,4.36,2.4267390181273165,2023-06-25
11.89,26.38,0.0,2.4408653861269607,2023-06-26
11.42,28.29,0.0,2.6933992136194345,2023-06-27
11.7,25.08,0.0,2.2575151879628925,2023-06-28
10.83,27.74,0.0,2.6627778097223667,2023-06-29
13.59,30.12,0.0,2.7960312969924437,2023-06-30
14.19,32.39,0.0,3.0095795938459284,2023-07-01
12.17,22.8,0.0,1.842562318855998,2023-07-02
10.06,21.11,0.0,1.816315078510871,2023-07-03
8.03,19.06,0.0,1.708361343130521,2023-07-04
5.82,23.91,0.0,2.4568627990159224,2023-07-05
8.47,26.34,0.0,2.613809342584514,2023-07-06
8.28,24.78,0.0,2.44767265539648,2023-07-07
8.74,27.97,0.0,2.7557991548170837,2023-07-08
11.59,30.26,0.0,2.8855855907221897,2023-07-09
9.56,23.33,0.0,2.161602589426354,2023-07-10
9.09,22.07,0.0,2.0257007775347793,2023-07-11
9.53,24.71,0.0,2.3540936338597565,2023-07-12
11.45,25.9,0.0,2.380818901941681,2023-07-13
10.91,21.71,0.0,1.7929803430045983,2023-07-14
8.53,24.12,0.0,2.327968098792619,2023-07-15
7.89,23.27,0.0,2.2590872885014286,2023-07-16
8.32,26.78,6.36,2.166731660314995,2023-07-17
12.34,19.77,5.55,0.8399862475193479,2023-07-18
13.02,24.12,0.0,1.906998706813803,2023-07-19
10.83,27.1,0.0,2.5221164729567667,2023-07-20
11.33,28.98,0.0,2.6924676666530507,2023-07-21
11.71,29.13,0.0,2.681432131307305,2023-07-22
13.99,30.5,0.0,2.708103320626682,2023-07-23
15.76,34.45,0.0,3.0395382391173813,2023-07-24
18.3,33.72,0.0,2.8024585697734095,2023-07-25
12.08,26.59,0.0,2.3422200999771,2023-07-26
9.27,21.24,0.0,1.8196401617168976,2023-07-27
8.12,21.42,0.0,1.937623111473788,2023-07-28
5.91,23.9,0.0,2.3241331769571647,2023-07-29
8.32,29.76,0.0,2.785838350368425,2023-07-30
15.46,32.94,0.0,2.8470756812519853,2023-07-31
12.31,32.17,0.0,2.8799816190618963,2023-08-01
12.66,30.83,0.0,2.7134535118628627,2023-08-02
13.54,36.8,0.0,3.197481506712516,2023-08-03
13.92,27.67,0.0,2.1979769489805134,2023-08-04
9.54,27.19,0.0,2.4247865822250354,2023-08-05
9.31,27.4,0.0,2.4433629002840105,2023-08-06
9.49,28.18,0.0,2.50511752379299,2023-08-07
9.48,24.22,1.31,2.0575770369679027,2023-08-08
11.13,19.79,9.28,0.8909065382514262,2023-08-09
12.03,24.23,6.07,1.3654978509182412,2023-08-10
12.11,21.75,0.0,1.2606040040830948,2023-08-11
9.56,23.86,4.53,1.4860970894395458,2023-08-12
9.79,26.06,0.0,2.0316489853881747,2023-08-13
12.36,33.52,0.0,2.629591289479482,2023-08-14
14.63,30.0,4.9,1.7114442418064848,2023-08-15
11.69,23.17,0.0,1.421399220597538,2023-08-16
8.52,31.19,0.0,2.468938168299744,2023-08-17
14.26,25.01,0.0,1.3425194725319518,2023-08-18
8.3,20.56,0.0,1.3570427491640789,2023-08-19
4.15,22.12,2.3,1.482412990338548,2023-08-20
12.38,18.87,16.39,0.6276727994640171,2023-08-21
13.22,17.32,11.67,0.4103881905232613,2023-08-22
13.6,23.22,0.0,1.0801483151527531,2023-08-23
10.51,22.9,0.0,1.4058087719662646,2023-08-24
10.13,21.13,0.0,1.1960398917950634,2023-08-25
9.36,29.48,0.0,2.1811390436023057,2023-08-26
11.34,27.83,0.0,1.90682978764166,2023-08-27
10.56,30.6,0.0,2.1963007969300437,2023-08-28
12.31,31.88,0.0,2.233471675872331,2023-08-29
14.88,28.23,0.0,1.6358697205719974,2023-08-30
12.71,21.23,4.76,0.8114900158049566,2023-08-31
13.18,27.33,0.0,1.6496868352409586,2023-09-01
13.02,28.45,0.0,1.8494101311675732,2023-09-02
8.27,30.5,0.0,2.2242237041107056,2023-09-03
9.36,20.91,0.0,1.2110352840416048,2023-09-04
2.0,17.29,0.0,1.3107229267506373,2023-09-05
8.56,23.8,0.0,1.5931977075107566,2023-09-06
7.57,21.07,0.0,1.3539839985953712,2023-09-07
3.28,22.54,0.0,1.6673049607862678,2023-09-08
7.38,24.06,0.0,1.6231407219188878,2023-09-09
6.95,24.67,0.0,1.6774157309772475,2023-09-10
6.74,22.16,0.0,1.4363445168111744,2023-09-11
8.13,28.29,0.0,1.901647578965421,2023-09-12
11.13,23.02,0.44,1.1881808375691312,2023-09-13
7.45,19.83,0.0,1.1205550421094908,2023-09-14
4.95,22.14,0.0,1.481062710630635,2023-09-15
6.44,29.72,0.0,2.0044568422127003,2023-09-16
7.46,31.19,0.0,2.18946027294734,2023-09-17
9.44,27.02,0.0,1.777303835509237,2023-09-18
5.93,18.61,0.0,1.1271773871849615,2023-09-19
4.98,20.43,0.0,1.3471878621592974,2023-09-20
2.92,21.73,0.0,1.514895211789245,2023-09-21
4.33,22.97,0.0,1.5485869240300514,2023-09-22
9.77,20.94,0.0,0.9837278317573928,2023-09-23
10.71,23.96,0.0,1.2775078697471527,2023-09-24
6.95,26.36,0.0,1.7138421638699337,2023-09-25
12.52,29.51,0.0,1.7035658711292965,2023-09-26
10.3,23.74,0.0,1.2465144562047965,2023-09-27
5.94,19.82,0.0,1.1355778015878724,2023-09-28
2.37,18.62,1.65,1.1954371525398428,2023-09-29
2.05,10.9,15.59,0.5490961398585158,2023-09-30
7.21,9.59,5.18,0.1778763521348071,2023-10-01
6.57,13.77,1.99,0.5522574766781384,2023-10-02
5.0,16.25,0.0,0.8236202115564655,2023-10-03
2.85,14.11,1.2,0.7712527578520715,2023-10-04
-0.51,8.53,0.0,0.5519378781667302,2023-10-05
-4.6,11.35,0.0,0.839067274298524,2023-10-06
4.18,21.55,0.0,1.189914510657639,2023-10-07
3.29,22.75,0.0,1.2827242670097794,2023-10-08
3.83,22.0,0.0,1.2155933355824582,2023-10-09
3.38,20.73,0.0,1.1458445053737707,2023-10-10
4.2,16.57,0.0,0.8467679048016955,2023-10-11
2.51,10.42,0.0,0.5157546922078414,2023-10-12
-1.51,12.42,0.0,0.789850297010332,2023-10-13
0.04,12.4,0.0,0.7357698514185813,2023-10-14
-0.49,15.53,0.0,0.926952410293876,2023-10-15
1.59,18.21,0.0,1.0193687183149671,2023-10-16
7.72,19.7,0.0,0.880199675617804,2023-10-17
2.8,15.58,0.0,0.8175013179276851,2023-10-18
3.8,21.7,0.0,1.1454589918227052,2023-10-19
4.22,15.37,0.0,0.7383107385166388,2023-10-20
-2.72,11.0,0.0,0.7204562548065142,2023-10-21
1.34,10.84,0.0,0.5737469019703464,2023-10-22
-3.81,2.22,2.71,0.2782544097670338,2023-10-23
-11.28,-3.96,4.2,0.2453767753984011,2023-10-24
-15.55,-4.91,0.0,0.3123173451128557,2023-10-25
-12.81,-3.9,0.0,0.2986439063206034,2023-10-26
-7.96,-2.88,0.55,0.2105102502731206,2023-10-27
-10.98,-3.01,0.54,0.2904490930297825,2023-10-28
-8.88,-0.5,0.0,0.3383086713006893,2023-10-29
-13.39,-3.95,0.0,0.3039843445991936,2023-10-30
-13.48,1.9,0.0,0.5027173311648768,2023-10-31
-8.69,-0.14,0.0,0.3400075962759426,2023-11-01
-6.55,3.74,0.0,0.4522495731311101,2023-11-02
-5.09,1.35,0.0,0.2958488040617311,2023-11-03
-5.33,3.35,1.82,0.3960771587940057,2023-11-04
-0.16,2.29,0.99,0.1367225560119103,2023-11-05
0.54,2.91,0.0,0.1326791540322958,2023-11-06
0.05,2.8,3.86,0.1429684467651818,2023-11-07
-0.91,4.12,0.8,0.2675888511937502,2023-11-08
-5.33,0.35,0.0,0.2520289100094422,2023-11-09
-7.3,2.76,0.0,0.4122778967221157,2023-11-10
-2.95,8.03,0.0,0.5349875550492594,2023-11-11
-2.63,8.87,0.0,0.5640621975821428,2023-11-12
-3.79,8.8,0.0,0.5871926494264771,2023-11-13
-2.27,7.89,0.0,0.5032629303634156,2023-11-14
-5.49,6.53,0.0,0.5214845068979296,2023-11-15
-9.38,3.7,0.0,0.4783227639803435,2023-11-16
-3.52,11.6,0.0,0.69891570485038,2023-11-17
-2.72,13.65,0.0,0.7740009221079123,2023-11-18
-1.46,11.71,0.0,0.6537409557174254,2023-11-19
-3.94,5.75,0.0,0.4399780842615055,2023-11-20
-9.49,6.78,0.0,0.5836950469513513,2023-11-21
-10.11,-1.24,0.0,0.3025120747582581,2023-11-22
-17.52,-6.8,0.0,0.248134624265254,2023-11-23
-12.57,1.3,0.0,0.4241051532792594,2023-11-24
-8.7,1.05,0.0,0.3527436764836766,2023-11-25
-14.93,-4.77,0.32,0.2720886077402194,2023-11-26
-8.34,1.17,0.0,0.3524519061173274,2023-11-27
-4.75,5.86,0.0,0.4507664888439646,2023-11-28
-5.91,3.15,0.0,0.3653133522805184,2023-11-29
-9.46,-0.95,0.0,0.2910332011427383,2023-11-30
-14.57,-0.54,0.0,0.38100413119201,2023-12-01
-12.44,-0.61,0.0,0.353050295250876,2023-12-02
-14.22,0.07,0.0,0.3937940365104161,2023-12-03
-9.3,0.54,0.0,0.3370968952965628,2023-12-04
-9.27,6.91,0.0,0.5661684272205803,2023-12-05
-3.99,6.57,0.0,0.4525092425216906,2023-12-06
-0.47,3.26,1.23,0.1795375434618632,2023-12-07
-6.5,0.24,0.0,0.2549966426912687,2023-12-08
-9.68,-1.0,0.0,0.2858687074333999,2023-12-09
-8.17,0.95,0.0,0.323190414672109,2023-12-10
-12.0,-1.8,0.0,0.3023720079931205,2023-12-11
-14.04,0.53,0.0,0.4000030491328977,2023-12-12
-6.91,7.98,0.0,0.5679392889558037,2023-12-13
-4.34,6.62,0.0,0.4591362820827579,2023-12-14
-5.06,4.3,0.0,0.3786238004787851,2023-12-15
-4.16,4.24,0.0,0.3520907127525683,2023-12-16
-10.47,1.24,0.0,0.3763377915213181,2023-12-17
-11.26,1.62,0.0,0.4009968159776974,2023-12-18
-4.18,-1.13,0.0,0.1248883198992278,2023-12-19
-5.69,4.69,0.0,0.4114133236842104,2023-12-20
-7.21,3.03,0.0,0.3806480495589008,2023-12-21
-6.42,8.94,0.0,0.5977639450783729,2023-12-22
-5.51,2.75,0.0,0.3282959333120013,2023-12-23
-12.28,0.01,0.0,0.3635446774647738,2023-12-24
-11.12,3.51,0.0,0.463402054693307,2023-12-25
-9.74,6.51,0.0,0.5518220677064873,2023-12-26
-8.35,5.59,0.0,0.4992068368356362,2023-12-27
-8.29,8.68,0.0,0.6150477219307253,2023-12-28
-8.65,2.67,0.0,0.3957820190739309,2023-12-29
-13.38,0.17,0.0,0.3819730231434632,2023-12-30
-9.62,3.33,0.0,0.4366191699655648,2023-12-31
