MinTemp,MaxTemp,Precipitation,ReferenceET,Date
-31.37,-14.17,0.0,0.1687620472917052,2018-01-01
-19.49,-5.21,0.0,0.2943974267524377,2018-01-02
-14.95,-3.56,0.0,0.2960386735806181,2018-01-03
-14.21,-6.69,0.0,0.1970539924229178,2018-01-04
-14.26,-7.69,0.0,0.170277623747343,2018-01-05
-13.44,-0.09,0.0,0.3824948322458765,2018-01-06
-9.28,0.91,0.0,0.3520183078140985,2018-01-07
-10.09,-2.69,0.0,0.242082677558771,2018-01-08
-13.15,-1.93,0.0,0.3236952396115785,2018-01-09
-24.85,-15.75,0.24,0.1276456541761287,2018-01-10
-30.11,-21.99,0.0,0.1,2018-01-11
-31.58,-20.03,0.0,0.1042558061071872,2018-01-12
-28.08,-9.55,0.0,0.2376747413081684,2018-01-13
-23.69,-9.56,0.0,0.2301676478150482,2018-01-14
-29.79,-16.11,0.0,0.1467880197022353,2018-01-15
-20.69,-2.13,0.0,0.3815168253909866,2018-01-16
-9.12,4.66,0.38,0.5388191518391047,2018-01-17
-7.99,8.06,0.0,0.7027798352730814,2018-01-18
-5.28,4.16,0.0,0.4031621649515922,2018-01-19
-8.39,0.18,0.0,0.3173403421402508,2018-01-20
-12.04,-2.61,0.0,0.2951548369102547,2018-01-21
-10.95,2.13,0.0,0.4777340308837848,2018-01-22
-10.67,-1.47,0.0,0.3102461276148252,2018-01-23
-10.33,-4.25,0.0,0.204684310562306,2018-01-24
-10.49,-3.3,0.0,0.2436809896648755,2018-01-25
-13.16,-7.72,0.43,0.1579096808593278,2018-01-26
-21.11,-12.99,0.0,0.1524934460037522,2018-01-27
-23.63,-15.49,0.18,0.1302413037615797,2018-01-28
-24.28,-4.77,0.0,0.3478660336987475,2018-01-29
-12.79,2.75,0.0,0.5865183580504385,2018-01-30
-24.31,-13.0,0.0,0.182972037365057,2018-01-31
-26.91,-16.23,0.0,0.1446311024920342,2018-02-01
-22.12,-17.95,1.56,0.1,2018-02-02
-27.82,-21.06,1.07,0.1,2018-02-03
-28.17,-16.88,0.0,0.1435291853450562,2018-02-04
-26.05,-15.3,0.0,0.1582441209636864,2018-02-05
-27.62,-17.54,0.0,0.132612884698101,2018-02-06
-28.46,-15.35,0.0,0.169416210124389,2018-02-07
-27.28,-17.55,0.0,0.1318192454372475,2018-02-08
-28.64,-15.64,0.0,0.1673005701681668,2018-02-09
-20.57,-8.79,0.0,0.2663960690114629,2018-02-10
-28.56,-15.01,0.0,0.1779967239994531,2018-02-11
-32.02,-13.09,0.0,0.2084466704465592,2018-02-12
-18.12,1.99,0.0,0.653183398233273,2018-02-13
-15.92,1.34,1.19,0.6474037274358192,2018-02-14
-28.31,-13.57,0.0,0.2041634560012356,2018-02-15
-21.29,-5.01,0.0,0.4210802561877344,2018-02-16
-19.3,-10.44,0.0,0.212761881103038,2018-02-17
-23.5,-12.94,0.0,0.1977357673470134,2018-02-18
-27.98,-14.23,0.0,0.1982557473157507,2018-02-19
-23.82,-12.17,0.0,0.2277364614269551,2018-02-20
-30.57,-10.14,0.0,0.2833927201536797,2018-02-21
-24.59,-8.07,0.0,0.3520375913233939,2018-02-22
-20.36,-5.5,0.0,0.4352008873374949,2018-02-23
-16.18,-1.73,0.0,0.5810094937071753,2018-02-24
-16.82,-2.25,0.0,0.5630492931834106,2018-02-25
-15.53,-4.84,0.0,0.426588498089185,2018-02-26
-15.13,-2.32,0.0,0.5590059816857501,2018-02-27
-14.16,0.21,0.0,0.6938304025989926,2018-02-28
-17.82,-3.58,0.0,0.5346427491170157,2018-03-01
-15.19,-4.42,0.0,0.4707435626040473,2018-03-02
-8.42,-3.93,2.76,0.1831098759596804,2018-03-03
-11.1,-4.94,4.71,0.2236878800054864,2018-03-04
-14.38,-8.84,0.4,0.18417008034222,2018-03-05
-17.88,-7.19,0.0,0.40191227927426,2018-03-06
-23.84,-7.28,0.0,0.4303195791576718,2018-03-07
-23.99,-7.84,0.0,0.4155819261267769,2018-03-08
-13.75,-2.77,0.0,0.592569142507763,2018-03-09
-12.55,-1.1,0.0,0.6854471963632257,2018-03-10
-14.24,2.24,0.0,0.8875291451327165,2018-03-11
-15.7,-0.86,0.0,0.7336265509328582,2018-03-12
-15.66,1.64,0.0,0.8600447555247849,2018-03-13
-15.33,-1.24,0.0,0.7293795430610986,2018-03-14
-10.65,-2.95,0.0,0.5282709794675983,2018-03-15
-7.19,1.33,0.0,0.7893743236837462,2018-03-16
-4.2,-0.37,2.24,0.2106742420852601,2018-03-17
-6.8,0.24,0.0,0.6909141993388517,2018-03-18
-9.16,-0.82,0.0,0.7198452667247158,2018-03-19
-7.97,1.3,0.0,0.8835738741327444,2018-03-20
-11.13,2.19,0.0,0.9975590097161792,2018-03-21
-9.58,1.09,0.0,0.9278133302489652,2018-03-22
-4.9,0.85,4.42,0.5237215073115737,2018-03-23
-8.42,3.03,0.0,1.0604711674750755,2018-03-24
-6.59,1.41,0.38,0.8739909345465348,2018-03-25
-7.94,3.62,0.0,1.115446043369506,2018-03-26
-10.74,1.61,0.38,1.0081938406397766,2018-03-27
-15.86,-2.38,0.29,0.773885231760868,2018-03-28
-20.5,-7.49,0.53,0.5310174531633394,2018-03-29
-22.84,-12.22,0.0,0.3581694910507465,2018-03-30
-21.87,-9.35,0.0,0.4801756519832714,2018-03-31
-19.14,-5.52,0.0,0.6516302825697373,2018-04-01
-21.01,-5.23,0.0,0.6504142177106719,2018-04-02
-18.0,-4.87,0.0,0.6871745438326278,2018-04-03
-18.76,-3.22,0.0,0.7596591218947567,2018-04-04
-19.18,-8.89,0.0,0.4906648210240549,2018-04-05
-23.7,-9.2,0.0,0.4962372736828672,2018-04-06
-22.19,-4.46,0.0,0.6834939495201946,2018-04-07
-13.13,-2.48,0.0,0.8281743792737871,2018-04-08
-7.76,0.12,0.0,0.9122782620922064,2018-04-09
-11.25,6.04,0.0,1.2590514634943135,2018-04-10
-3.53,0.92,0.76,0.6814933318863411,2018-04-11
-5.79,-0.55,0.0,0.7152931567029024,2018-04-12
-6.33,1.83,0.0,1.0808912526151622,2018-04-13
-2.31,7.14,0.0,1.3922442326706237,2018-04-14
-4.13,8.4,0.0,1.4878032926335092,2018-04-15
-0.52,5.43,2.15,0.939836998784061,2018-04-16
-1.72,2.29,4.86,0.4891415279307492,2018-04-17
-5.28,10.44,0.0,1.6086668430781017,2018-04-18
-1.76,12.86,0.0,1.782605880191164,2018-04-19
-0.3,18.09,0.0,2.1089032238762737,2018-04-20
1.04,19.31,0.0,2.1987607633071367,2018-04-21
3.47,14.13,0.0,1.7820380259958093,2018-04-22
-0.51,13.38,0.0,1.7646528583875205,2018-04-23
-1.1,21.15,0.0,2.2005039660100767,2018-04-24
2.62,17.42,0.0,2.0260164563548995,2018-04-25
-0.81,21.76,0.0,2.2468793132112928,2018-04-26
-0.86,17.0,0.0,1.986117684224528,2018-04-27
1.71,27.23,0.0,2.5907556191366705,2018-04-28
5.96,20.09,0.0,2.1914150766941116,2018-04-29
0.25,12.41,0.0,1.6915113687765542,2018-04-30
-2.66,17.26,0.0,1.9898977394346269,2018-05-01
0.78,18.93,0.0,2.130610939419919,2018-05-02
5.18,21.65,0.0,2.3212534374986924,2018-05-03
3.32,23.98,0.0,2.4670996462260986,2018-05-04
4.35,24.61,0.0,2.514315636415364,2018-05-05
4.59,27.52,0.0,2.6926973133498637,2018-05-06
10.29,26.89,0.0,2.6608690806470117,2018-05-07
7.67,16.61,5.56,1.713219877041662,2018-05-08
2.81,14.07,0.0,1.785009560267844,2018-05-09
2.27,10.34,1.82,1.3988402852886208,2018-05-10
3.98,10.46,0.66,1.1731181143445664,2018-05-11
1.77,20.61,0.0,2.2737084075050342,2018-05-12
6.8,26.5,0.0,2.67279187319684,2018-05-13
3.13,25.4,0.0,2.5809211652229744,2018-05-14
10.54,31.75,0.0,3.0115473815892804,2018-05-15
9.59,27.78,0.47,2.7386975254365997,2018-05-16
7.25,14.38,3.26,1.1066890099839164,2018-05-17
3.33,18.96,0.0,2.146545565222259,2018-05-18
2.6,22.62,0.0,2.406188964742374,2018-05-19
3.21,26.02,0.0,2.6311503670629524,2018-05-20
10.86,30.47,0.0,2.9335583751012067,2018-05-21
10.04,27.57,0.0,2.727430542817455,2018-05-22
10.06,30.43,2.42,2.6894368778806177,2018-05-23
12.26,27.41,1.36,2.675692636726434,2018-05-24
10.6,26.85,0.0,2.670445585698531,2018-05-25
9.75,30.22,1.23,2.9412515948331692,2018-05-26
9.09,25.91,0.0,2.6309633934762977,2018-05-27
9.05,31.71,0.0,3.052996364958802,2018-05-28
13.6,26.08,0.0,2.530960264588934,2018-05-29
9.49,22.94,5.83,2.115395133319951,2018-05-30
9.3,14.15,0.0,0.7785509632931437,2018-05-31
8.44,13.19,6.8,0.5090262885063203,2018-06-01
7.37,18.33,0.0,1.908994746547684,2018-06-02
7.22,24.14,0.0,2.5709472571704426,2018-06-03
9.53,28.06,2.65,2.598694828915897,2018-06-04
9.09,21.08,0.0,2.276537528488745,2018-06-05
6.05,27.83,0.0,2.8463300033481835,2018-06-06
8.55,28.17,0.0,2.865719422529359,2018-06-07
13.35,25.68,0.0,2.553971882673251,2018-06-08
13.1,31.29,0.0,3.0407392731879335,2018-06-09
12.55,24.7,0.0,2.4757332946543444,2018-06-10
7.3,17.37,0.0,1.801937513950003,2018-06-11
7.25,22.03,0.0,2.4097493360656785,2018-06-12
7.2,26.37,0.0,2.7516786556923543,2018-06-13
8.7,24.41,1.31,2.590619072127434,2018-06-14
9.3,23.74,0.0,2.525688196493786,2018-06-15
6.96,22.12,0.0,2.4294177260757563,2018-06-16
7.7,25.87,0.0,2.714069990420307,2018-06-17
8.64,28.16,0.0,2.876839399966865,2018-06-18
10.35,28.08,0.0,2.859382918100158,2018-06-19
10.66,30.24,0.0,3.0176309322447614,2018-06-20
12.07,30.33,0.0,3.0076687078154523,2018-06-21
14.2,29.77,0.0,2.920499712814131,2018-06-22
12.76,27.58,4.72,2.5390905889400193,2018-06-23
15.81,26.98,0.0,2.595280512036773,2018-06-24
14.35,30.37,0.0,2.976921857567904,2018-06-25
12.2,24.64,0.0,2.5336867583645293,2018-06-26
6.81,25.51,0.0,2.7137430956640127,2018-06-27
7.34,23.76,0.0,2.574389178346538,2018-06-28
9.58,24.07,0.0,2.558640582819559,2018-06-29
12.06,25.1,4.68,2.248578424048841,2018-06-30
11.31,20.1,10.43,1.4101422039238285,2018-07-01
8.69,22.23,3.84,1.863864479205404,2018-07-02
7.55,20.69,4.67,1.708008050206561,2018-07-03
11.12,19.6,2.64,1.1178062362979604,2018-07-04
7.98,25.32,0.0,2.573775090946551,2018-07-05
13.9,33.17,0.0,3.1811436559275177,2018-07-06
14.03,31.06,0.34,2.951823812294444,2018-07-07
10.79,24.39,1.54,2.2926549180438536,2018-07-08
8.92,27.36,0.0,2.724971646650354,2018-07-09
13.0,29.73,8.04,2.308900468357871,2018-07-10
15.07,25.49,0.58,1.8547618147307257,2018-07-11
14.87,28.32,0.0,2.3640157346762094,2018-07-12
14.34,31.76,0.0,2.8610525681885624,2018-07-13
11.99,21.33,0.0,1.516030072251098,2018-07-14
8.67,24.32,0.0,2.300767325964177,2018-07-15
7.02,26.57,0.0,2.604180540782447,2018-07-16
10.17,34.67,0.0,3.253532333973142,2018-07-17
15.47,29.9,0.0,2.5933757999569536,2018-07-18
13.68,28.19,0.0,2.5052447642797455,2018-07-19
12.96,29.5,0.0,2.720876725890299,2018-07-20
16.25,26.6,0.0,1.9546171854860963,2018-07-21
11.75,23.4,0.0,1.974922104258392,2018-07-22
10.07,22.86,0.0,2.0567768109664057,2018-07-23
8.47,23.21,0.0,2.207081734609245,2018-07-24
8.83,22.64,0.0,2.106270121168208,2018-07-25
6.98,24.22,0.0,2.368617084760007,2018-07-26
9.59,24.76,0.0,2.3081325637297603,2018-07-27
9.01,27.24,0.0,2.5931627003694753,2018-07-28
8.73,29.5,0.0,2.7864982150398485,2018-07-29
11.89,32.54,0.0,2.9688633911312228,2018-07-30
11.53,24.99,0.0,2.122579899241007,2018-07-31
8.1,28.37,0.85,2.650908034972509,2018-08-01
14.44,30.73,6.15,2.1362409199833365,2018-08-02
12.98,28.02,3.1,1.8487751314368568,2018-08-03
13.34,23.09,1.37,1.4370295375521327,2018-08-04
12.99,23.54,0.0,1.5645098024325637,2018-08-05
10.81,29.16,0.0,2.489658764209767,2018-08-06
12.61,30.04,0.0,2.5306485609155085,2018-08-07
11.54,29.78,0.0,2.5439659251059186,2018-08-08
12.84,33.84,0.0,2.879573273247661,2018-08-09
14.15,38.35,0.0,3.1890391435535452,2018-08-10
14.73,32.26,0.0,2.5949964297665105,2018-08-11
12.33,23.25,0.0,1.5672166648778252,2018-08-12
7.99,17.23,0.0,1.106618401937211,2018-08-13
3.74,27.9,0.0,2.469092665404076,2018-08-14
10.66,28.46,0.0,2.357546240109914,2018-08-15
9.49,27.68,0.0,2.3567150390531992,2018-08-16
9.76,31.34,0.0,2.6606387091964425,2018-08-17
10.52,24.6,0.0,1.9067114409969168,2018-08-18
3.67,23.85,0.0,2.1225699494891113,2018-08-19
4.75,23.89,0.0,2.0820688000404313,2018-08-20
5.15,27.67,0.0,2.369698573092944,2018-08-21
10.57,31.41,0.0,2.56684469433167,2018-08-22
8.49,26.34,0.0,2.157130504607728,2018-08-23
7.74,19.24,0.0,1.3390258642337929,2018-08-24
7.28,19.13,0.0,1.3729298123254163,2018-08-25
7.37,18.63,4.65,1.0201132711038372,2018-08-26
7.83,13.84,6.23,0.5028601009324375,2018-08-27
6.36,18.46,0.0,1.2789839473450646,2018-08-28
6.22,27.35,0.0,2.2322877447777163,2018-08-29
9.37,23.13,1.11,1.6455038516401796,2018-08-30
7.31,20.19,0.0,1.4889997410713638,2018-08-31
6.38,19.78,0.0,1.4987499441597416,2018-09-01
3.16,20.22,0.0,1.694273411612295,2018-09-02
4.81,20.86,0.0,1.6937473277081243,2018-09-03
2.33,14.26,0.0,1.1062099672408188,2018-09-04
-0.68,21.95,0.0,1.8698698564962748,2018-09-05
3.17,25.03,0.0,2.0462317351232575,2018-09-06
6.73,25.03,0.0,1.949262046728754,2018-09-07
10.88,26.61,0.0,1.8939516009652932,2018-09-08
8.31,21.82,0.0,1.5130833668075006,2018-09-09
3.44,20.8,1.75,1.6504878336695263,2018-09-10
6.0,17.25,0.0,1.0929534520697892,2018-09-11
3.96,15.19,5.88,0.797738071818161,2018-09-12
3.89,11.42,0.63,0.5880166093009511,2018-09-13
2.68,8.21,0.0,0.4148410589123168,2018-09-14
5.88,11.25,2.17,0.4057932855956881,2018-09-15
5.96,9.78,9.91,0.2921992608442926,2018-09-16
4.08,10.97,0.61,0.5470146164532472,2018-09-17
4.7,11.16,0.0,0.5256706955582865,2018-09-18
1.89,15.4,0.0,1.064970581446304,2018-09-19
3.84,12.85,0.0,0.7161671258737056,2018-09-20
0.53,6.99,2.19,0.4179101630318451,2018-09-21
-0.01,1.49,8.64,0.1017452729888891,2018-09-22
-0.19,2.61,0.0,0.1976326692166992,2018-09-23
-0.26,12.38,1.06,0.8724052670669221,2018-09-24
1.96,13.82,0.78,0.8748580284272663,2018-09-25
3.23,16.21,0.0,0.9900997710488209,2018-09-26
-1.91,8.29,0.0,0.6546159689895764,2018-09-27
-3.82,7.96,0.0,0.6999096280755552,2018-09-28
-2.02,7.34,0.0,0.5966096229920796,2018-09-29
-7.84,4.48,0.28,0.6373389079726955,2018-09-30
-0.99,4.25,1.78,0.344144357266925,2018-10-01
-1.47,4.91,1.75,0.4133521124707522,2018-10-02
-2.24,6.77,0.0,0.5658527648242286,2018-10-03
-5.41,6.84,0.0,0.6666641401737231,2018-10-04
-4.09,9.07,0.0,0.7633551819103233,2018-10-05
-5.6,13.1,0.0,1.0233580869001695,2018-10-06
-2.76,13.61,0.0,1.0115339791723308,2018-10-07
-2.51,1.46,0.26,0.2418179515709114,2018-10-08
-4.71,3.05,0.0,0.4343818087130929,2018-10-09
-8.95,5.32,0.0,0.6537849322249977,2018-10-10
-9.44,6.31,0.0,0.7004537647621192,2018-10-11
-4.19,6.29,8.7,0.5338235213952848,2018-10-12
-4.33,-0.04,0.0,0.235549630113278,2018-10-13
-8.61,3.88,0.0,0.562217925002472,2018-10-14
0.66,13.71,0.0,0.8271277482744471,2018-10-15
-1.27,10.06,0.0,0.6742328740458498,2018-10-16
-1.51,21.36,0.0,1.305123479843184,2018-10-17
1.38,18.95,0.0,1.100594975979278,2018-10-18
-3.62,13.63,0.0,0.8945270750554283,2018-10-19
-7.87,17.01,0.0,1.0855980840870492,2018-10-20
-2.03,14.1,0.0,0.8731362614952303,2018-10-21
-6.58,11.0,0.0,0.7976746094123252,2018-10-22
-4.61,16.48,0.0,1.0170644166340808,2018-10-23
-2.14,19.23,0.0,1.1119140007436563,2018-10-24
-1.26,15.29,0.0,0.8908103108751444,2018-10-25
-3.14,12.47,0.0,0.7851506008009737,2018-10-26
-1.55,12.99,0.0,0.7687284171889002,2018-10-27
-5.43,9.63,0.0,0.6869586859325905,2018-10-28
0.34,8.2,0.0,0.4365025166915687,2018-10-29
-1.59,6.99,0.0,0.4440205473324021,2018-10-30
-3.49,10.16,0.0,0.6596329682013827,2018-10-31
-2.54,4.77,0.94,0.3582322023097052,2018-11-01
-1.79,0.73,2.57,0.1195077438484354,2018-11-02
-4.9,1.56,0.0,0.2846550902371025,2018-11-03
-2.43,4.28,2.05,0.3115830467357564,2018-11-04
-8.73,0.13,1.63,0.3400847530803329,2018-11-05
-12.76,-8.69,0.0,0.1221029561022749,2018-11-06
-12.68,-9.69,0.0,0.1,2018-11-07
-18.17,-9.96,0.0,0.1871536499683891,2018-11-08
-21.83,-4.48,1.78,0.346284707685863,2018-11-09
-10.19,-3.26,0.4,0.240035542532129,2018-11-10
-11.46,-5.74,0.0,0.1830822439857878,2018-11-11
-14.99,-5.45,0.0,0.2603224864547678,2018-11-12
-7.81,3.75,0.0,0.4547761371348773,2018-11-13
-3.56,5.04,0.0,0.3993028738564231,2018-11-14
-3.35,2.75,0.0,0.2816911756783871,2018-11-15
-18.57,-5.18,0.0,0.3055715716489156,2018-11-16
-19.43,-5.62,0.0,0.2998502604875356,2018-11-17
-12.8,-7.38,0.33,0.1585941201134323,2018-11-18
-15.54,0.49,0.0,0.4368604105221126,2018-11-19
-6.47,1.25,0.0,0.313936522673391,2018-11-20
-5.84,0.2,0.0,0.250925412178954,2018-11-21
-3.51,5.57,0.0,0.4202616214674254,2018-11-22
-5.64,2.38,0.0,0.3391730043629113,2018-11-23
-8.24,-4.48,0.0,0.1380103305994859,2018-11-24
-7.95,-4.37,0.0,0.1336054144466618,2018-11-25
-6.41,-2.87,0.54,0.1428886003552335,2018-11-26
-5.19,-1.95,0.0,0.1385286427530668,2018-11-27
-7.01,-3.48,0.0,0.1384080363803605,2018-11-28
-5.06,-0.93,0.0,0.1777555259545249,2018-11-29
-7.17,-3.73,0.0,0.1338699999079341,2018-11-30
-7.43,-5.21,2.91,0.1,2018-12-01
-9.47,-4.3,0.0,0.1811874108281735,2018-12-02
-13.34,-5.6,0.0,0.2237483600580197,2018-12-03
-13.64,-6.85,0.27,0.1917491682366025,2018-12-04
-12.86,-5.71,0.03,0.2104954198940631,2018-12-05
-15.48,-7.96,0.0,0.1914565074321596,2018-12-06
-19.59,-8.26,0.0,0.2309840452060407,2018-12-07
-18.68,-7.17,0.0,0.2473579183345632,2018-12-08
-15.58,-4.12,0.0,0.293355997696722,2018-12-09
-15.18,-0.32,0.0,0.394167597900866,2018-12-10
-8.24,0.79,0.0,0.3308158625864597,2018-12-11
-6.32,1.13,0.0,0.2971324512576707,2018-12-12
-10.13,2.79,0.0,0.4357056305253725,2018-12-13
-8.98,4.98,0.0,0.4961295063904328,2018-12-14
-3.3,5.87,0.0,0.4126749397905573,2018-12-15
-12.81,-3.35,0.0,0.2759977196675559,2018-12-16
-7.55,4.34,0.0,0.4479707105502553,2018-12-17
-6.07,4.96,0.0,0.4421615798387185,2018-12-18
-4.79,1.6,0.0,0.2701637851720772,2018-12-19
-8.95,2.56,0.0,0.4066461331445917,2018-12-20
-4.51,4.45,0.0,0.3833938269728671,2018-12-21
-9.31,-3.1,0.0,0.2128923689661567,2018-12-22
-16.88,-5.78,0.0,0.2611425692387312,2018-12-23
-16.53,-8.82,0.0,0.1809498337571873,2018-12-24
-18.19,-10.26,0.0,0.1688918653479373,2018-12-25
-14.44,-7.44,0.0,0.1838731050532265,2018-12-26
-20.78,-8.26,0.0,0.2364780453322855,2018-12-27
-20.11,-4.43,0.0,0.3163918933194449,2018-12-28
-13.41,-4.0,1.65,0.2643085923965267,2018-12-29
-19.69,-11.69,0.81,0.1546099756997437,2018-12-30
-28.46,-16.19,0.0,0.139005523393413,2018-12-31
-25.02,-1.96,0.0,0.3738723525846217,2019-01-01
-10.56,3.73,0.0,0.470523232700144,2019-01-02
-5.55,3.37,0.0,0.3600742306208144,2019-01-03
-8.37,0.75,0.0,0.3258738586958279,2019-01-04
-6.37,-2.09,0.0,0.1628458719785691,2019-01-05
-5.31,2.0,0.0,0.2977029455156809,2019-01-06
-14.18,-1.85,1.29,0.3386244788883612,2019-01-07
-22.35,-13.61,0.0,0.1435679821788306,2019-01-08
-24.03,-9.88,0.47,0.2231361257769248,2019-01-09
-15.53,-9.11,0.0,0.1566262874428087,2019-01-10
-17.06,-9.88,0.0,0.1620407374762798,2019-01-11
-14.75,-1.55,0.0,0.3578465315688985,2019-01-12
-12.56,-1.2,0.0,0.3414002190388437,2019-01-13
-11.39,-2.43,0.0,0.2825246871522271,2019-01-14
-19.26,-4.87,0.0,0.309151545349061,2019-01-15
-19.71,-15.19,0.27,0.1,2019-01-16
-26.51,-16.62,0.0,0.1277443424105091,2019-01-17
-29.51,-18.51,0.0,0.1170364990797267,2019-01-18
-22.89,-15.34,2.28,0.1164157511687112,2019-01-19
-19.22,-11.25,0.0,0.1637236665964957,2019-01-20
-18.54,-6.25,0.0,0.2761827545570615,2019-01-21
-15.99,-3.39,0.0,0.3288210772377989,2019-01-22
-22.9,-4.88,0.0,0.3306545663018528,2019-01-23
-28.77,-9.93,0.0,0.2396239729690238,2019-01-24
-22.39,-5.53,0.0,0.3179653649537606,2019-01-25
-12.64,-0.77,0.82,0.3737109125277301,2019-01-26
-7.85,4.47,0.94,0.533255170118024,2019-01-27
-23.03,-9.97,0.0,0.2308743287845827,2019-01-28
-30.43,-21.37,0.0,0.1,2019-01-29
-23.01,-12.89,0.4,0.1752406637051242,2019-01-30
-15.03,-1.75,0.0,0.3841582195352775,2019-01-31
-18.79,-8.48,0.0,0.2363927560089291,2019-02-01
-23.26,-16.59,0.82,0.1109444951691127,2019-02-02
-24.9,-21.33,0.28,0.1,2019-02-03
-25.68,-21.89,2.08,0.1,2019-02-04
-33.41,-23.17,0.0,0.1,2019-02-05
-37.14,-25.74,0.0,0.1,2019-02-06
-37.99,-24.8,0.0,0.1,2019-02-07
-37.17,-25.3,0.0,0.1,2019-02-08
-33.76,-23.43,0.0,0.1,2019-02-09
-32.8,-21.53,0.0,0.1051521467016495,2019-02-10
-28.56,-16.48,1.89,0.1570308168735278,2019-02-11
-32.17,-20.97,0.13,0.1109687775313534,2019-02-12
-29.53,-20.84,0.0,0.1018605522642799,2019-02-13
-32.9,-19.82,0.0,0.1272818597179311,2019-02-14
-32.58,-18.62,1.74,0.1412848860096555,2019-02-15
-20.21,-13.61,2.95,0.1349541991775281,2019-02-16
-19.32,-13.61,1.37,0.1328141538582098,2019-02-17
-27.5,-17.72,0.0,0.1392776874641168,2019-02-18
-28.8,-12.04,0.0,0.2358365645341769,2019-02-19
-23.09,-9.62,0.0,0.2732671861969704,2019-02-20
-23.88,-12.57,0.0,0.2133021851053254,2019-02-21
-27.19,-11.99,0.0,0.2397773518951867,2019-02-22
-23.67,-13.89,0.19,0.1880972478850747,2019-02-23
-31.21,-21.02,0.0,0.1164120768569827,2019-02-24
-33.05,-18.82,0.0,0.1491091642968769,2019-02-25
-30.44,-16.96,0.0,0.1713865408188549,2019-02-26
-19.44,-7.91,0.0,0.3608794022733214,2019-02-27
-17.81,-8.89,0.0,0.2954968311257407,2019-02-28
-26.95,-15.64,0.0,0.1848818529479823,2019-03-01
-33.29,-20.7,0.0,0.1313908322744278,2019-03-02
-25.77,-15.78,0.0,0.176958715633011,2019-03-03
-20.66,-10.62,0.0,0.289051070771069,2019-03-04
-18.12,-8.72,0.0,0.3322474616288268,2019-03-05
-25.45,-13.47,0.0,0.2437751660332589,2019-03-06
-24.07,-8.1,0.0,0.4012366827326884,2019-03-07
-17.13,-6.04,0.0,0.4597054885974138,2019-03-08
-15.96,-5.92,0.0,0.4543705455994651,2019-03-09
-21.97,-6.74,0.0,0.4644371737230459,2019-03-10
-16.46,0.84,0.0,0.7970457208811673,2019-03-11
-3.61,3.27,0.0,0.7317815079079775,2019-03-12
-5.32,2.61,0.0,0.7913292567399857,2019-03-13
-9.96,1.29,0.0,0.8503871568779153,2019-03-14
-12.07,2.23,0.0,0.9317869848477348,2019-03-15
-9.71,2.96,0.0,0.9827156037737748,2019-03-16
-11.66,3.95,0.0,1.047000537480565,2019-03-17
-3.96,4.8,0.0,1.0101253380018127,2019-03-18
-3.87,8.71,0.0,1.3451138287652389,2019-03-19
-2.63,12.17,0.0,1.5393072472266085,2019-03-20
-2.11,11.72,0.0,1.5247710616377486,2019-03-21
-2.17,14.87,0.0,1.696537247551355,2019-03-22
-1.75,12.8,0.0,1.59425611333771,2019-03-23
-5.13,4.1,0.0,1.0400778851898125,2019-03-24
-6.95,5.73,0.0,1.204676794208886,2019-03-25
-1.43,16.12,0.0,1.794468353420346,2019-03-26
-1.69,5.29,0.0,1.0527689174409638,2019-03-27
-5.84,7.36,0.0,1.3082207917259454,2019-03-28
-4.5,4.82,0.0,1.1676640121282786,2019-03-29
-5.78,13.97,0.0,1.6496908000386767,2019-03-30
-3.81,5.69,0.0,1.2175848479492202,2019-03-31
-3.16,9.48,1.53,1.4499792053617877,2019-04-01
-6.44,3.61,0.0,1.1190317171770137,2019-04-02
-8.04,11.78,0.0,1.527721365192927,2019-04-03
-1.69,12.11,0.0,1.617204799762887,2019-04-04
-4.62,9.56,0.0,1.4633596837751277,2019-04-05
1.24,8.72,0.0,1.3637151863554449,2019-04-06
0.38,17.11,0.0,1.943463631411416,2019-04-07
-2.95,16.98,0.0,1.8416334307584088,2019-04-08
-4.65,9.83,0.0,1.4505884174692638,2019-04-09
-5.94,9.97,0.0,1.4539177518237538,2019-04-10
-7.15,9.42,0.0,1.4141621573613683,2019-04-11
-8.36,11.04,0.0,1.4772853656235214,2019-04-12
-4.74,15.79,0.0,1.774091380209336,2019-04-13
3.06,17.47,0.0,1.9317421928735707,2019-04-14
-0.74,13.61,0.0,1.6962804920832826,2019-04-15
-3.61,14.06,0.0,1.7126299074433076,2019-04-16
0.44,16.06,0.0,1.855951875677214,2019-04-17
-0.86,18.12,0.0,1.9751377398875871,2019-04-18
5.81,19.98,0.0,2.102424189251926,2019-04-19
2.56,17.03,0.0,1.927316896759713,2019-04-20
-2.0,14.4,0.0,1.7645899081220828,2019-04-21
-1.13,22.48,0.0,2.2344814779270257,2019-04-22
6.78,20.12,0.0,2.1116531267917753,2019-04-23
0.33,17.45,0.0,1.9683762085753929,2019-04-24
-2.33,12.59,0.0,1.662258715671162,2019-04-25
-4.81,12.14,0.0,1.624090006993542,2019-04-26
-2.41,10.96,7.38,1.4469823431785211,2019-04-27
-5.0,5.34,1.21,1.2161093737845965,2019-04-28
-9.12,8.4,0.0,1.3900919354347647,2019-04-29
-5.53,10.83,3.55,1.4345817662830458,2019-04-30
-7.38,10.62,0.85,1.5849661856678128,2019-05-01
-3.54,9.96,0.54,1.508431939517341,2019-05-02
-4.75,12.01,0.0,1.639968347926712,2019-05-03
-5.01,8.9,0.0,1.4522279675526986,2019-05-04
-7.18,7.04,0.0,1.3419198447243448,2019-05-05
-6.57,12.4,0.0,1.652451007183593,2019-05-06
0.39,14.35,0.0,1.8007242981555975,2019-05-07
-4.94,12.63,0.0,1.6914919842662235,2019-05-08
1.87,15.78,0.0,1.901451678826943,2019-05-09
3.72,18.95,1.66,2.123166113663361,2019-05-10
2.29,16.81,0.0,1.9828144480775765,2019-05-11
2.81,25.14,0.0,2.54793781415797,2019-05-12
4.44,21.9,0.0,2.347210947132332,2019-05-13
1.99,22.4,0.0,2.377211146311242,2019-05-14
4.89,18.04,0.0,2.053325428856169,2019-05-15
-0.94,16.24,0.0,1.9685356438640984,2019-05-16
-0.29,18.03,0.0,2.0919938657781834,2019-05-17
1.0,16.19,0.0,1.9689851510606344,2019-05-18
-2.04,17.28,0.0,2.038369861619885,2019-05-19
-0.23,20.35,0.0,2.2489174815437156,2019-05-20
1.89,22.19,0.0,2.3849189783489884,2019-05-21
4.6,24.41,0.0,2.549586882504074,2019-05-22
5.21,24.5,0.0,2.5554464920886786,2019-05-23
5.22,24.08,0.0,2.5281602661148,2019-05-24
4.67,14.73,4.92,1.6726245253971743,2019-05-25
0.19,19.3,0.0,2.2002970973163736,2019-05-26
2.25,23.09,0.0,2.4615904478011896,2019-05-27
7.13,28.19,0.0,2.814766466667974,2019-05-28
10.03,31.03,0.0,3.0019930855191705,2019-05-29
10.73,32.74,0.0,3.1148798484421074,2019-05-30
5.67,21.57,0.0,2.339660183782964,2019-05-31
5.51,25.49,0.0,2.6323057397619314,2019-06-01
10.44,33.13,0.0,3.1456989656179783,2019-06-02
8.62,35.03,0.0,3.2589044882014004,2019-06-03
11.82,24.85,0.0,2.461437615520961,2019-06-04
10.18,25.09,0.0,2.537719163556617,2019-06-05
14.46,27.23,0.0,2.592087688955384,2019-06-06
8.6,21.34,0.0,2.259568911012112,2019-06-07
4.58,16.59,0.0,1.9522842310939768,2019-06-08
3.78,19.73,0.0,2.2248977594742874,2019-06-09
3.11,23.56,0.0,2.5072536683567948,2019-06-10
6.48,21.26,0.46,2.310676291623034,2019-06-11
6.37,24.47,0.16,2.569965067614255,2019-06-12
8.73,30.04,0.0,2.9631730778297256,2019-06-13
11.34,23.1,1.32,2.3380386077955393,2019-06-14
9.99,18.86,9.2,1.862446639061889,2019-06-15
9.99,18.25,2.02,1.522004063397504,2019-06-16
5.56,23.05,0.0,2.484846780935128,2019-06-17
8.56,27.53,0.0,2.798770184305496,2019-06-18
10.5,24.56,22.82,2.3227214931893285,2019-06-19
8.76,14.66,9.47,0.625250335255852,2019-06-20
6.23,18.86,19.16,1.5185852994794828,2019-06-21
11.72,16.16,14.72,0.4742327589925098,2019-06-22
10.2,22.29,1.7,1.768767047067676,2019-06-23
9.3,20.76,5.54,1.2645132234974477,2019-06-24
9.59,20.95,0.0,1.5864657229950876,2019-06-25
7.95,24.03,0.0,2.1585000521565356,2019-06-26
10.65,26.25,12.14,1.8330662808853515,2019-06-27
14.41,23.64,5.86,1.0430114011432474,2019-06-28
13.11,25.77,0.0,1.8951788482161336,2019-06-29
9.99,22.46,0.0,1.7367140916410884,2019-06-30
8.51,28.74,3.96,2.1160334543093224,2019-07-01
6.44,20.78,0.0,1.8067352977963145,2019-07-02
9.16,20.38,0.0,1.540230131423667,2019-07-03
7.49,20.91,0.0,1.768893559309273,2019-07-04
11.65,19.91,0.0,1.1315387478489765,2019-07-05
11.62,26.04,0.0,2.112415096558337,2019-07-06
14.5,27.39,0.0,2.021018258915684,2019-07-07
14.06,24.1,6.33,1.1700061082166275,2019-07-08
11.06,23.9,0.0,1.8363845631903053,2019-07-09
9.42,26.62,0.0,2.280727708091689,2019-07-10
13.56,24.1,0.0,1.584984931112657,2019-07-11
9.68,24.91,0.0,2.082370010523588,2019-07-12
12.06,28.96,0.0,2.389815886041117,2019-07-13
14.38,27.39,11.22,1.5819108052521231,2019-07-14
12.98,24.82,0.0,1.7084111442018728,2019-07-15
10.72,19.91,13.21,0.9964138966945963,2019-07-16
13.39,22.88,0.43,1.2841819831899646,2019-07-17
10.94,25.93,1.35,1.990236406888395,2019-07-18
10.44,17.45,5.54,0.7719898786342121,2019-07-19
10.19,23.28,0.0,1.6868971425296977,2019-07-20
11.69,24.89,0.0,1.7537269347283064,2019-07-21
10.93,27.5,0.0,2.0897820300306216,2019-07-22
14.12,29.7,0.0,2.096329502233541,2019-07-23
15.59,30.77,2.35,1.6720093463062875,2019-07-24
12.23,18.48,4.52,0.6928337059513604,2019-07-25
13.44,25.72,0.0,1.6086044754017703,2019-07-26
12.37,32.2,0.0,2.4249312081851713,2019-07-27
9.46,21.19,0.0,1.398221477960909,2019-07-28
5.51,24.26,0.59,1.9738643819453192,2019-07-29
11.68,29.68,0.0,2.199405439728831,2019-07-30
12.48,25.81,0.0,1.7054609654334103,2019-07-31
13.65,32.69,0.0,2.3692734298912717,2019-08-01
15.66,33.81,0.0,2.337733006652579,2019-08-02
15.65,28.05,0.0,1.6289538436070952,2019-08-03
10.09,26.07,0.0,1.866694406680597,2019-08-04
10.48,28.96,0.0,2.1227885751989213,2019-08-05
10.41,21.62,1.86,1.261757059361429,2019-08-06
4.76,22.19,0.0,1.722571103947734,2019-08-07
6.34,24.81,0.0,1.8806214150745224,2019-08-08
10.38,25.89,1.61,1.7584293753943536,2019-08-09
8.28,21.12,0.0,1.3447871218534764,2019-08-10
7.68,22.06,0.96,1.4967160812328153,2019-08-11
10.17,17.36,4.01,0.7059086611745587,2019-08-12
7.06,22.06,0.0,1.5190571441362817,2019-08-13
9.68,25.14,0.0,1.6583892188563418,2019-08-14
9.94,25.88,0.0,1.7006710159205596,2019-08-15
10.62,22.05,0.0,1.228119295325346,2019-08-16
4.79,18.11,0.0,1.2314430096285387,2019-08-17
3.37,21.75,0.0,1.607979506488686,2019-08-18
4.35,21.61,0.0,1.5402367607839804,2019-08-19
3.44,24.36,0.0,1.7921079910452762,2019-08-20
6.15,27.16,0.0,1.9157818317927744,2019-08-21
12.5,27.12,2.13,1.3662295772136317,2019-08-22
9.1,22.35,0.0,1.3059717907919746,2019-08-23
11.92,28.56,5.13,1.4985135603948485,2019-08-24
11.22,21.34,14.4,0.9346958054589602,2019-08-25
8.8,19.99,0.0,1.0933617897416186,2019-08-26
8.45,19.58,0.0,1.0749683893328628,2019-08-27
6.96,23.8,0.89,1.5120759955552343,2019-08-28
5.88,20.23,0.0,1.2750508727685628,2019-08-29
5.17,20.33,0.0,1.3094209882659815,2019-08-30
7.32,22.34,1.19,1.363750979978627,2019-08-31
8.1,22.81,3.75,1.220921754117532,2019-09-01
10.6,22.22,1.23,1.148860404323588,2019-09-02
7.0,26.13,0.0,1.6449265319855169,2019-09-03
9.72,22.73,1.89,1.2422946023752917,2019-09-04
7.96,23.14,0.0,1.364606163978712,2019-09-05
5.38,22.65,0.0,1.4335732542807382,2019-09-06
7.21,23.2,0.0,1.393574848753926,2019-09-07
6.9,21.86,0.0,1.2979241362790142,2019-09-08
9.1,14.94,5.25,0.4968681945420075,2019-09-09
8.44,11.72,10.69,0.2791991316986532,2019-09-10
8.91,13.83,2.39,0.4171447057083197,2019-09-11
7.42,16.6,0.0,0.8254758618043306,2019-09-12
4.17,24.25,0.0,1.5409653875688596,2019-09-13
9.05,24.29,0.0,1.3528308273035257,2019-09-14
9.23,27.14,0.0,1.546358993091424,2019-09-15
9.15,31.64,0.0,1.841434791664286,2019-09-16
12.79,26.18,0.31,1.269007558389838,2019-09-17
10.51,22.38,0.0,1.0867667841202102,2019-09-18
9.11,21.09,0.0,1.0632192136952368,2019-09-19
8.46,21.34,0.0,1.1184667190690558,2019-09-20
4.88,18.89,0.0,1.101710665452522,2019-09-21
5.24,25.56,0.0,1.536951051592758,2019-09-22
8.31,20.74,0.0,1.059798142872748,2019-09-23
4.66,17.49,0.0,0.9902750387028676,2019-09-24
3.03,15.87,0.96,0.9402479315458616,2019-09-25
2.44,10.74,6.95,0.5473204666836219,2019-09-26
1.57,8.33,0.0,0.472733357594049,2019-09-27
1.21,5.84,0.0,0.3187570496506463,2019-09-28
0.1,4.57,10.3,0.2701051754537089,2019-09-29
0.4,2.13,5.23,0.1109992583049446,2019-09-30
0.16,4.6,0.0,0.2969162686481091,2019-10-01
-3.98,10.31,0.0,0.8102110130369231,2019-10-02
-1.24,12.09,0.0,0.8340923215837304,2019-10-03
1.6,12.33,0.0,0.7425040768780442,2019-10-04
-0.98,14.04,0.0,0.9297437155018856,2019-10-05
3.66,16.11,0.0,0.898963882322708,2019-10-06
3.07,20.51,0.0,1.18506136776323,2019-10-07
-2.21,8.36,0.33,0.6281858746624874,2019-10-08
-6.94,2.74,0.0,0.4711089610253782,2019-10-09
-8.45,4.14,0.0,0.5685706143917046,2019-10-10
-8.8,6.98,0.0,0.6952291289464556,2019-10-11
-8.93,7.77,0.0,0.7259751592688996,2019-10-12
-9.04,10.0,0.55,0.8425072797133132,2019-10-13
-1.41,4.22,0.25,0.3253657688020221,2019-10-14
-2.9,6.58,0.0,0.5221123528389101,2019-10-15
-1.2,12.79,0.0,0.8096897600808108,2019-10-16
1.25,19.0,0.0,1.0816704317721633,2019-10-17
-0.73,16.17,0.0,0.9680045004568332,2019-10-18
-1.28,14.2,0.0,0.8701420900526373,2019-10-19
-4.6,7.61,0.0,0.6094711547035174,2019-10-20
-6.97,9.99,0.0,0.7629955788411843,2019-10-21
-5.81,6.9,0.0,0.5985133724828777,2019-10-22
-5.04,4.43,1.28,0.456957740283709,2019-10-23
-4.68,9.16,0.0,0.6741658736514566,2019-10-24
-0.52,17.78,0.0,1.0114220650819177,2019-10-25
-5.89,2.75,0.0,0.3931818430972414,2019-10-26
-8.27,-2.27,1.08,0.2460539614436136,2019-10-27
-8.89,-3.54,0.79,0.2107524954152529,2019-10-28
-12.46,-4.44,0.0,0.2670137276694271,2019-10-29
-17.31,0.93,0.0,0.4958020482027525,2019-10-30
-2.43,4.64,0.11,0.3635583975310332,2019-10-31
-3.0,5.48,0.0,0.4171109866657135,2019-11-01
-4.58,4.82,0.95,0.4338163085429848,2019-11-02
-4.88,2.08,0.0,0.312707316410593,2019-11-03
-12.3,-4.27,0.0,0.2552123645887917,2019-11-04
-14.78,-4.33,0.94,0.3019715618994536,2019-11-05
-20.14,-7.88,0.0,0.2638565085407612,2019-11-06
-20.22,-3.89,0.0,0.3596845048021482,2019-11-07
-7.32,4.61,0.44,0.4919712143958691,2019-11-08
-12.97,-0.27,1.28,0.4009468373994866,2019-11-09
-20.93,-11.05,0.0,0.1934736017401999,2019-11-10
-23.5,-8.7,0.0,0.2587764173238471,2019-11-11
-14.69,-1.51,0.0,0.3779919932734749,2019-11-12
-13.8,0.87,0.0,0.4415697404307889,2019-11-13
-6.89,0.52,0.0,0.2985510682919193,2019-11-14
-4.68,3.54,3.88,0.34783582019966,2019-11-15
-0.94,2.55,1.99,0.1742335350676031,2019-11-16
-1.86,6.25,0.0,0.3949667889504766,2019-11-17
-0.64,8.08,0.0,0.4442884041041952,2019-11-18
-4.17,0.93,0.0,0.2239361405722476,2019-11-19
-4.99,-0.23,0.0,0.2015866709358091,2019-11-20
-5.27,4.32,0.0,0.4070237911822813,2019-11-21
-4.81,6.18,0.0,0.4740444861482029,2019-11-22
-0.48,11.07,0.0,0.584039701406525,2019-11-23
-1.93,4.43,0.54,0.3053559918480936,2019-11-24
-5.35,0.17,0.0,0.2284266669145732,2019-11-25
-10.16,-1.94,0.42,0.2793342337123258,2019-11-26
-7.9,-5.1,0.0,0.1024021202226364,2019-11-27
-7.86,-4.85,3.58,0.1057819669793969,2019-11-28
-11.01,-5.13,0.0,0.1883306384738802,2019-11-29
-10.07,-6.99,0.0,0.1010125247668664,2019-11-30
-13.53,-5.8,0.0,0.2190174147361437,2019-12-01
-14.12,-1.8,0.0,0.3447168961913411,2019-12-02
-8.07,3.95,0.0,0.4485216754896654,2019-12-03
-8.8,-0.29,0.0,0.3040666273845818,2019-12-04
-13.67,-3.79,0.0,0.2779479289503312,2019-12-05
-11.99,-4.86,0.0,0.2157552571836221,2019-12-06
-12.43,-5.11,0.0,0.2166872598715022,2019-12-07
-21.07,-11.75,0.0,0.1696495282338384,2019-12-08
-24.59,-9.35,0.0,0.2336649014270105,2019-12-09
-27.07,-13.04,0.0,0.1797108295450272,2019-12-10
-25.75,-16.28,0.0,0.1261153420447897,2019-12-11
-18.74,-12.22,0.0,0.1332021272198096,2019-12-12
-24.32,-13.56,0.0,0.1602938178981062,2019-12-13
-26.12,-11.47,0.19,0.2010566876709377,2019-12-14
-19.19,-8.36,0.0,0.2224550048775064,2019-12-15
-14.59,-4.68,0.0,0.2621748933499624,2019-12-16
-14.21,-3.54,0.0,0.2888894516609266,2019-12-17
-10.14,0.63,0.0,0.3582099324909003,2019-12-18
-10.42,-2.99,0.0,0.2403240522714331,2019-12-19
-11.42,4.06,0.0,0.4910165772391178,2019-12-20
-11.42,-0.35,0.0,0.3449655906135903,2019-12-21
-9.05,-0.19,0.0,0.3072333137304842,2019-12-22
-6.58,-3.56,0.0,0.11451481162633,2019-12-23
-6.8,-4.86,4.16,0.1,2019-12-24
-9.54,-2.05,0.0,0.2532966401123701,2019-12-25
-15.57,-6.87,0.0,0.2161343977995617,2019-12-26
-15.43,-6.33,0.0,0.228453522628769,2019-12-27
-16.09,-6.38,0.0,0.2359348652654951,2019-12-28
-19.29,-5.26,0.0,0.2930422397905988,2019-12-29
-16.5,-5.63,0.0,0.2599002116359281,2019-12-30
-12.59,0.2,0.0,0.3808764335204747,2019-12-31
-8.39,-1.04,0.0,0.2633471898250217,2020-01-01
-8.05,-2.88,0.0,0.1860297774155173,2020-01-02
-12.07,-4.08,0.0,0.2401962451735031,2020-01-03
-8.06,4.97,0.0,0.4846328617806739,2020-01-04
-11.35,-1.96,0.0,0.29636742300869,2020-01-05
-15.96,-1.56,0.0,0.3680925931044918,2020-01-06
-24.95,-15.46,1.65,0.13468339683399,2020-01-07
-18.23,-7.79,0.8,0.2294465495543501,2020-01-08
-25.0,-15.95,0.0,0.1277639861029853,2020-01-09
-30.65,-16.08,0.34,0.1485272095308575,2020-01-10
-18.69,-10.21,1.58,0.1798068190384608,2020-01-11
-26.32,-13.8,0.99,0.1696790080720392,2020-01-12
-30.17,-24.06,0.67,0.1,2020-01-13
-34.81,-27.02,0.0,0.1,2020-01-14
-36.73,-28.65,0.0,0.1,2020-01-15
-36.7,-19.45,0.0,0.1175739102467052,2020-01-16
-22.44,-18.65,1.73,0.1,2020-01-17
-28.11,-22.92,0.0,0.1,2020-01-18
-29.43,-16.71,0.0,0.1422194374304214,2020-01-19
-19.98,0.34,0.0,0.4490835919556152,2020-01-20
-11.31,1.91,0.0,0.4453063885506499,2020-01-21
-12.82,-3.11,0.0,0.3007268758269547,2020-01-22
-11.45,-3.36,0.0,0.2682058832632586,2020-01-23
-8.88,0.65,0.0,0.3615047402418538,2020-01-24
-5.81,2.07,0.0,0.3440426570213813,2020-01-25
-7.24,-2.38,0.0,0.1970708734585517,2020-01-26
-6.86,-0.95,0.0,0.2466759265426965,2020-01-27
-4.86,-1.38,0.0,0.1576237764683898,2020-01-28
-11.22,-2.96,1.22,0.2854421278980392,2020-01-29
-10.65,-0.45,0.0,0.3671042164340649,2020-01-30
-10.19,2.81,0.0,0.4810065082412711,2020-01-31
-6.73,6.25,0.0,0.5621085489416545,2020-02-01
-10.92,0.56,0.0,0.4128423951663205,2020-02-02
-18.74,-9.31,0.0,0.221267887685475,2020-02-03
-19.0,-4.03,0.0,0.359339060459123,2020-02-04
-13.3,-5.45,0.35,0.2513757736281965,2020-02-05
-14.3,-9.18,0.21,0.1531147408288769,2020-02-06
-12.0,-2.68,0.0,0.3268007757613857,2020-02-07
-13.59,-3.19,0.0,0.3772003742524598,2020-02-08
-14.48,-2.57,0.15,0.4303761102354573,2020-02-09
-10.01,-3.58,0.0,0.251685295108298,2020-02-10
-14.39,-2.29,0.06,0.4714297538028839,2020-02-11
-30.41,-15.52,0.0,0.178014216659101,2020-02-12
-29.5,-6.05,0.0,0.3454290964295388,2020-02-13
-12.82,-2.49,0.0,0.4499254996853136,2020-02-14
-20.24,-11.82,0.0,0.1917971687395892,2020-02-15
-16.59,-5.19,0.0,0.3949055078120225,2020-02-16
-22.19,-9.66,0.0,0.2844694602670407,2020-02-17
-30.55,-18.44,0.0,0.1434676432748472,2020-02-18
-30.16,-10.07,0.0,0.2858251188459502,2020-02-19
-17.14,2.47,0.0,0.7419816066245415,2020-02-20
-11.51,1.82,0.0,0.7459328034195921,2020-02-21
-8.57,2.89,0.0,0.7849504861922783,2020-02-22
-11.96,0.78,0.0,0.7062712413288792,2020-02-23
-12.75,-2.59,0.0,0.524393145999055,2020-02-24
-18.4,-3.37,0.0,0.540511290618783,2020-02-25
-13.48,0.55,0.0,0.7194802387027504,2020-02-26
-8.76,4.08,0.0,0.9003878188720137,2020-02-27
-7.58,6.06,0.0,1.029591133896283,2020-02-28
-6.47,6.93,0.85,1.0903047685541032,2020-02-29
-10.77,-1.0,0.0,0.6080418141529956,2020-03-01
-5.57,3.32,0.0,0.7951302620502788,2020-03-02
-6.52,3.36,0.0,0.8526365039399435,2020-03-03
-2.4,3.15,0.0,0.5600722663803626,2020-03-04
-6.58,4.54,0.0,0.986831823749726,2020-03-05
-1.77,10.74,0.0,1.3946416180645125,2020-03-06
-11.56,-1.04,0.37,0.6820513884717354,2020-03-07
-16.36,-9.51,0.0,0.261031426098184,2020-03-08
-17.72,0.83,0.0,0.7965951926118104,2020-03-09
-12.09,5.77,0.0,1.0849952919703356,2020-03-10
-4.01,4.24,0.0,0.896839541244073,2020-03-11
-10.6,-1.53,0.0,0.6511919399168412,2020-03-12
-16.73,-9.96,0.0,0.2672285204797828,2020-03-13
-16.26,-8.47,1.16,0.3625757264594696,2020-03-14
-15.14,-7.42,0.0,0.4028511670382174,2020-03-15
-18.93,-1.69,0.0,0.7320364464575552,2020-03-16
-14.29,-2.68,0.0,0.7038182331081458,2020-03-17
-17.5,-6.09,0.0,0.5489538381867158,2020-03-18
-17.82,-5.46,0.0,0.5892022223017489,2020-03-19
-17.73,0.14,0.0,0.8434519528795955,2020-03-20
-11.06,3.16,0.0,1.050286583787704,2020-03-21
-10.77,6.39,0.0,1.1947931938655014,2020-03-22
-7.9,6.95,0.0,1.260701802089214,2020-03-23
-8.69,-1.52,2.29,0.5447175003796003,2020-03-24
-14.85,-0.47,0.0,0.8790173317702595,2020-03-25
-14.05,5.57,0.0,1.1246391960651776,2020-03-26
-4.54,6.99,0.0,1.2992832485576669,2020-03-27
-3.79,7.37,0.0,1.3255042709907294,2020-03-28
-5.31,13.43,0.0,1.6445108668625985,2020-03-29
-4.15,4.41,1.25,1.1543183821091665,2020-03-30
-11.05,-2.24,1.66,0.7783883366027723,2020-03-31
-14.94,-11.27,0.72,0.156459497187721,2020-04-01
-17.62,-8.69,0.0,0.4872782415095233,2020-04-02
-18.27,-2.58,0.0,0.7934379438540707,2020-04-03
-12.95,-5.84,2.19,0.4343363885557095,2020-04-04
-11.29,-2.08,0.0,0.8306361406312953,2020-04-05
-8.58,1.18,5.36,0.8828225490757051,2020-04-06
-11.26,3.9,0.0,1.156827369214162,2020-04-07
-7.25,0.85,0.0,0.9443132044004036,2020-04-08
-13.77,5.82,0.0,1.2120049694034063,2020-04-09
-2.46,7.43,0.0,1.3870545745473053,2020-04-10
-7.88,-0.96,0.0,0.8216650730432485,2020-04-11
-9.81,-4.14,0.0,0.5894004570844142,2020-04-12
-12.3,-4.4,0.0,0.7192359186891595,2020-04-13
-15.13,3.87,0.0,1.1259749312788097,2020-04-14
-9.32,2.03,0.0,1.1084685069657223,2020-04-15
-5.41,6.07,0.0,1.3451934472987894,2020-04-16
-1.67,12.64,0.0,1.7657734455409109,2020-04-17
-3.37,4.88,0.0,1.248644471639623,2020-04-18
-4.18,14.67,0.0,1.8725740579520709,2020-04-19
-1.7,11.09,0.0,1.682042016551979,2020-04-20
-1.77,21.94,0.0,2.3181812952672853,2020-04-21
1.43,15.99,0.0,2.016813164200226,2020-04-22
0.44,18.14,0.0,2.150032606311125,2020-04-23
-1.11,13.96,2.06,1.7160726186419737,2020-04-24
-2.16,19.56,0.0,2.202576673923799,2020-04-25
2.91,14.72,2.93,1.7594975279087248,2020-04-26
-0.98,19.62,0.0,2.2340775009461624,2020-04-27
2.35,18.59,0.0,2.2083493699833836,2020-04-28
1.0,22.63,0.0,2.4449747041723344,2020-04-29
7.59,28.3,0.0,2.8550130009476855,2020-04-30
4.57,18.5,0.0,2.1701643790127947,2020-05-01
-1.17,18.7,0.0,2.175526349804517,2020-05-02
-0.41,18.85,2.18,1.998897122142128,2020-05-03
3.58,15.21,0.0,1.85248034274204,2020-05-04
-1.01,18.29,0.0,2.079124838743931,2020-05-05
1.01,21.76,0.0,2.3096811978817886,2020-05-06
1.01,18.55,0.0,2.109868582603981,2020-05-07
0.69,19.53,0.98,2.170771128756785,2020-05-08
-1.06,7.44,0.25,1.3309808068345332,2020-05-09
-3.21,10.03,0.0,1.550610056379462,2020-05-10
-6.21,10.7,0.0,1.5861143310642405,2020-05-11
-3.38,14.44,0.0,1.8302061731672223,2020-05-12
0.9,11.97,0.0,1.6367702464338143,2020-05-13
-1.73,19.92,0.0,2.187325341638951,2020-05-14
-2.81,14.65,0.0,1.850314659659004,2020-05-15
1.23,25.84,0.0,2.581706808479707,2020-05-16
10.0,27.48,0.0,2.705989728180461,2020-05-17
8.24,25.09,0.0,2.544798773593699,2020-05-18
10.84,26.31,0.0,2.6009298439441144,2020-05-19
10.03,17.26,13.8,1.50793880240974,2020-05-20
9.67,20.95,0.0,2.18680237996511,2020-05-21
5.54,20.79,0.0,2.2760887559234537,2020-05-22
4.17,15.15,0.0,1.8167907169705464,2020-05-23
4.37,20.27,0.0,2.2603944412444026,2020-05-24
6.26,26.21,0.0,2.6885091541920643,2020-05-25
10.61,21.38,0.0,2.2117434378228245,2020-05-26
6.86,18.19,0.0,2.055518181893038,2020-05-27
3.82,18.75,0.0,2.1689365865276113,2020-05-28
5.36,19.12,0.0,2.184647309759865,2020-05-29
8.22,26.41,0.0,2.725938568694694,2020-05-30
12.3,31.83,0.0,3.081391055699505,2020-05-31
12.77,25.52,0.0,2.5581630008024936,2020-06-01
7.82,24.92,0.0,2.6279405270358396,2020-06-02
10.03,20.62,0.0,2.2001946516468163,2020-06-03
6.14,19.05,0.0,2.186345361244914,2020-06-04
3.98,20.97,0.0,2.3752375168679385,2020-06-05
10.26,18.17,25.31,1.4902722919936138,2020-06-06
9.53,16.52,24.52,0.8960524426987587,2020-06-07
7.19,15.23,0.0,1.0986805121062295,2020-06-08
5.18,20.82,0.0,2.1047441226146035,2020-06-09
7.51,22.8,0.0,2.225912445006628,2020-06-10
6.28,22.8,0.0,2.2866376238538617,2020-06-11
8.65,28.92,0.0,2.812109964280754,2020-06-12
15.41,30.75,0.0,2.7279137476178836,2020-06-13
12.76,24.23,0.0,2.0132383446730837,2020-06-14
7.36,22.6,0.0,2.2527081661081247,2020-06-15
8.91,23.48,23.32,1.8475387293318997,2020-06-16
9.34,17.17,4.36,0.8260258778437612,2020-06-17
7.12,16.46,0.0,1.2410756259344886,2020-06-18
6.06,18.75,0.0,1.684166996632575,2020-06-19
6.78,18.54,0.0,1.591935633541023,2020-06-20
4.38,19.05,0.0,1.833204055072885,2020-06-21
6.45,24.41,0.0,2.304322619254025,2020-06-22
10.28,28.68,0.0,2.5985160154072813,2020-06-23
13.98,26.48,0.0,2.0669120006378296,2020-06-24
14.77,26.28,0.0,1.9353485865799451,2020-06-25
11.48,30.75,0.0,2.7495028867618534,2020-06-26
13.87,21.44,0.0,1.1309461502552427,2020-06-27
13.15,20.95,0.0,1.1706956504646668,2020-06-28
14.56,20.04,0.59,0.755531592710965,2020-06-29
13.89,20.7,6.84,0.8113459533667643,2020-06-30
13.92,24.18,0.36,1.7293036127015524,2020-07-01
10.62,24.45,1.32,2.129589019721662,2020-07-02
10.16,26.63,0.0,2.393814873092513,2020-07-03
12.25,29.46,0.0,2.5941761333863793,2020-07-04
12.31,23.61,0.0,1.8300990059929676,2020-07-05
10.52,25.12,0.0,2.2286692496809586,2020-07-06
12.36,28.98,14.35,2.0697448694376814,2020-07-07
14.04,19.94,3.02,0.6934289494265006,2020-07-08
12.23,22.16,0.0,1.4822766100240157,2020-07-09
10.03,23.17,2.5,1.4978144178116537,2020-07-10
10.0,24.99,0.0,2.104435907101747,2020-07-11
12.76,25.73,0.0,1.9869493424080928,2020-07-12
10.0,20.19,2.4,1.1132891287004634,2020-07-13
10.89,22.28,4.79,1.2941142158590777,2020-07-14
10.48,23.12,1.47,1.8005252763549702,2020-07-15
10.24,25.69,0.0,2.121691923618535,2020-07-16
13.8,24.93,0.0,1.682612855322985,2020-07-17
11.5,21.9,0.07,1.4697428573376408,2020-07-18
10.2,23.25,0.0,1.800852232709284,2020-07-19
11.29,24.13,2.47,1.4315706496603218,2020-07-20
9.7,25.81,0.0,2.1092062074122295,2020-07-21
14.45,30.8,0.0,2.3512349221896325,2020-07-22
17.33,28.93,0.0,1.825822628372172,2020-07-23
14.45,27.4,0.0,1.938706829860642,2020-07-24
11.61,21.69,0.0,1.3920693932510064,2020-07-25
10.55,25.05,0.0,1.981170039568418,2020-07-26
9.12,27.81,0.0,2.309896604421711,2020-07-27
10.85,31.33,0.0,2.5327192705185,2020-07-28
14.39,34.35,0.0,2.6313767754567934,2020-07-29
15.74,32.36,0.0,2.326937899967551,2020-07-30
13.22,27.04,0.0,1.871017358852037,2020-07-31
9.0,28.53,0.0,2.282057569720392,2020-08-01
10.8,28.65,0.0,2.212101520073708,2020-08-02
13.55,30.53,0.0,2.2340796144452577,2020-08-03
11.62,27.36,0.0,1.9969161497913468,2020-08-04
9.11,29.59,0.0,2.330013593031837,2020-08-05
11.7,34.01,0.0,2.594891443752006,2020-08-06
13.54,24.47,1.71,1.3572837487376572,2020-08-07
11.31,25.53,1.87,1.724615267173081,2020-08-08
8.83,22.54,0.0,1.5427022075595158,2020-08-09
7.53,24.35,0.0,1.822667793346219,2020-08-10
8.8,24.55,0.0,1.753745744002653,2020-08-11
11.73,28.27,0.0,1.9450740963319757,2020-08-12
8.75,25.19,0.0,1.789360458831358,2020-08-13
7.56,24.6,0.31,1.7837326180849182,2020-08-14
8.4,25.21,0.0,1.7831719972758713,2020-08-15
8.91,29.9,0.0,2.182206266209632,2020-08-16
11.38,34.6,0.0,2.457990165719472,2020-08-17
12.31,36.1,0.0,2.5211702269136733,2020-08-18
14.01,34.29,0.0,2.336004916157694,2020-08-19
13.32,33.86,0.0,2.3158835387607724,2020-08-20
14.05,27.54,0.0,1.5360508084649194,2020-08-21
9.89,32.11,0.0,2.2822323991152773,2020-08-22
6.82,28.72,0.0,2.0856920081743273,2020-08-23
9.48,29.77,0.0,2.049271636553059,2020-08-24
12.37,26.36,0.0,1.4660428995249222,2020-08-25
9.79,25.35,0.0,1.5573269510319696,2020-08-26
7.37,22.03,8.4,1.1766960632802634,2020-08-27
6.67,23.59,0.0,1.5319389783937885,2020-08-28
8.5,31.28,0.0,2.120321627544953,2020-08-29
6.11,17.47,0.0,0.9748088807557176,2020-08-30
2.29,19.34,0.0,1.325325942605838,2020-08-31
8.43,22.89,0.0,1.2964606267922278,2020-09-01
7.61,17.05,6.68,0.757529662482809,2020-09-02
5.2,21.89,0.0,1.3699080751864074,2020-09-03
4.83,24.41,0.0,1.6016950727895043,2020-09-04
7.99,30.89,0.0,2.094922628218438,2020-09-05
7.59,17.51,0.0,0.8629790276504833,2020-09-06
-0.15,11.0,0.0,0.7708984875120433,2020-09-07
-5.15,15.94,0.0,1.3289980960007042,2020-09-08
3.49,21.3,0.0,1.5199603622360611,2020-09-09
4.5,26.89,0.0,1.9270165706044105,2020-09-10
7.77,30.66,0.0,2.1135392821679706,2020-09-11
6.11,16.59,2.68,0.7734711504645351,2020-09-12
-0.52,16.33,0.0,1.1821603311795386,2020-09-13
5.09,15.92,0.0,0.8448754764932018,2020-09-14
3.21,14.55,0.0,0.9194782965688596,2020-09-15
-0.41,14.2,0.0,1.123826065297806,2020-09-16
1.91,18.65,0.0,1.42313743183862,2020-09-17
-0.28,25.19,0.0,1.916066864741809,2020-09-18
6.58,27.09,0.0,1.952470991816247,2020-09-19
12.22,18.89,6.63,0.5593403259342142,2020-09-20
7.47,23.51,0.0,1.5183915773814736,2020-09-21
6.97,20.96,0.0,1.2812264748403506,2020-09-22
9.29,22.28,0.0,1.2497206270787615,2020-09-23
8.66,24.14,0.0,1.475967002037681,2020-09-24
5.22,22.24,0.0,1.4572571064444666,2020-09-25
7.22,15.26,0.0,0.6388873929356753,2020-09-26
4.06,15.14,0.0,0.8159289419286908,2020-09-27
0.61,23.38,0.0,1.6248129874753992,2020-09-28
6.82,17.94,0.0,0.9347626461153248,2020-09-29
0.54,12.88,0.0,0.8403559124090262,2020-09-30
-4.71,12.25,0.0,0.9852181165341042,2020-10-01
0.58,18.18,0.0,1.2584574487664122,2020-10-02
-0.6,16.8,0.0,1.1759424582201004,2020-10-03
4.91,23.32,0.14,1.493033362577119,2020-10-04
7.96,19.43,0.0,0.9430486901465152,2020-10-05
6.16,17.74,0.0,1.0237335831551568,2020-10-06
-0.04,15.61,0.0,1.1617071985577538,2020-10-07
7.95,22.63,1.88,1.436340234314465,2020-10-08
1.58,10.49,0.0,0.5833538320849289,2020-10-09
2.82,26.88,0.0,1.8636784319251063,2020-10-10
4.2,15.75,0.0,0.9394374432023715,2020-10-11
-3.56,12.45,0.0,0.9990561383863672,2020-10-12
0.21,10.81,0.0,0.7564865047949072,2020-10-13
-5.3,7.19,0.0,0.7099689714362468,2020-10-14
-5.4,6.34,0.0,0.6395807543532136,2020-10-15
-9.14,3.73,0.0,0.5748263006358468,2020-10-16
-12.85,-0.2,0.0,0.4369637383357533,2020-10-17
-5.47,-2.86,0.0,0.120106550152098,2020-10-18
-6.55,-0.44,0.0,0.2695789955999927,2020-10-19
-6.89,-1.36,0.2,0.2440581575962852,2020-10-20
-10.11,0.75,0.0,0.4587070460205283,2020-10-21
-13.98,-1.94,0.0,0.4025062718396521,2020-10-22
-13.85,-3.52,0.0,0.3313769693894226,2020-10-23
-7.88,-4.75,0.0,0.1289332388180348,2020-10-24
-11.45,-1.82,0.0,0.3468211446415507,2020-10-25
-14.31,3.56,0.0,0.6361188017578346,2020-10-26
-2.89,12.63,0.0,0.9401282552305807,2020-10-27
-4.72,5.29,0.0,0.4774964171472865,2020-10-28
-6.08,7.59,0.0,0.673695425766092,2020-10-29
-0.12,13.25,0.0,0.8676361638150958,2020-10-30
-6.36,2.4,0.0,0.3767890333462322,2020-10-31
-7.18,14.07,0.0,1.0121500139056545,2020-11-01
-0.06,18.56,0.0,1.1872484507242178,2020-11-02
1.27,16.39,0.0,1.0027121230382627,2020-11-03
-0.28,14.86,0.0,0.9258126710902096,2020-11-04
2.09,17.88,0.0,1.0477262833626986,2020-11-05
-2.44,6.99,1.01,0.4633706338216568,2020-11-06
-2.56,1.21,1.87,0.1808894894429043,2020-11-07
-9.8,-2.86,18.35,0.2358696493991575,2020-11-08
-18.65,-9.45,0.0,0.2076288525267166,2020-11-09
-16.77,-5.89,0.0,0.2771013371865095,2020-11-10
-17.43,-5.87,1.68,0.2838826074852566,2020-11-11
-23.0,-9.29,0.0,0.2441434737183956,2020-11-12
-12.17,-0.07,0.0,0.391411401035663,2020-11-13
-9.96,-0.65,0.5,0.3301152741610312,2020-11-14
-13.3,-6.26,0.0,0.2065043582089181,2020-11-15
-9.07,-5.69,0.0,0.1197021916634568,2020-11-16
-7.18,-0.04,0.0,0.282646781673416,2020-11-17
-4.36,4.54,0.0,0.3989886007809057,2020-11-18
-12.79,-4.53,4.04,0.2364989758429867,2020-11-19
-19.77,-10.56,0.0,0.1860911186924489,2020-11-20
-18.69,-4.59,0.0,0.3167744463673329,2020-11-21
-17.14,-7.52,0.0,0.2267170808218039,2020-11-22
-10.89,-5.18,0.0,0.1820036926958421,2020-11-23
-9.35,-2.29,0.0,0.2451611232226225,2020-11-24
-8.59,2.49,0.0,0.4065035423417584,2020-11-25
-12.45,-1.21,0.0,0.3418573699331196,2020-11-26
-10.61,0.42,0.0,0.3660369046533881,2020-11-27
-10.44,-0.86,0.0,0.3177168814511922,2020-11-28
-15.93,-2.86,0.0,0.3329829915046375,2020-11-29
-8.92,1.89,0.0,0.3860152308590537,2020-11-30
-8.04,2.53,0.0,0.392129327119736,2020-12-01
-11.22,-1.64,0.0,0.304425761382844,2020-12-02
-7.62,2.56,0.0,0.3842878692184128,2020-12-03
-6.54,2.07,0.0,0.3397038649555229,2020-12-04
-7.44,1.84,0.0,0.3526189017175823,2020-12-05
-9.66,0.8,0.0,0.359121576343003,2020-12-06
-8.51,3.15,0.0,0.4218984117625455,2020-12-07
-4.77,3.56,0.0,0.3508465829797267,2020-12-08
-5.88,1.72,0.0,0.3045151573233758,2020-12-09
-12.98,-4.02,0.0,0.2568853824107097,2020-12-10
-13.5,-4.49,0.0,0.2512923473197869,2020-12-11
-11.56,-3.29,0.0,0.2541812094369142,2020-12-12
-27.6,-13.23,0.0,0.1776322296328168,2020-12-13
-28.9,-14.63,0.27,0.1605912333434556,2020-12-14
-18.99,-10.84,0.0,0.1640319847142781,2020-12-15
-16.78,-5.02,0.0,0.2775733996399098,2020-12-16
-15.3,2.35,0.0,0.4683775488958895,2020-12-17
-22.91,-4.39,0.0,0.3234359252466303,2020-12-18
-12.3,4.24,0.0,0.5048811125494371,2020-12-19
-6.02,2.6,0.0,0.3387323025379891,2020-12-20
-9.26,-1.39,2.43,0.2575744361893897,2020-12-21
-13.8,-4.23,4.35,0.2517283234609951,2020-12-22
-17.36,-8.6,0.0,0.1937983139037094,2020-12-23
-14.43,0.16,0.0,0.3969963817815281,2020-12-24
-13.11,-2.93,0.0,0.2881969089971429,2020-12-25
-12.49,-5.02,0.16,0.2142183101014483,2020-12-26
-15.25,-6.69,0.0,0.2139086847900442,2020-12-27
-17.86,-8.48,0.0,0.2034375171119695,2020-12-28
-17.24,-7.87,0.0,0.2113156119611251,2020-12-29
-20.54,-9.28,0.0,0.2124209144108255,2020-12-30
-16.58,-3.45,0.0,0.3179680221854529,2021-01-01
-10.13,3.78,0.0,0.469184736567145,2021-01-02
-3.5,3.71,0.0,0.3194044873791676,2021-01-03
-10.95,-1.26,0.0,0.3105814178093127,2021-01-04
-10.41,-0.15,0.0,0.3387028279713958,2021-01-05
-11.9,2.6,0.0,0.4542561435172864,2021-01-06
-9.64,0.8,0.0,0.3593821385070038,2021-01-07
-13.39,-3.01,0.0,0.296815989174907,2021-01-08
-14.54,-5.15,0.0,0.2518055267233594,2021-01-09
-14.87,-5.87,0.0,0.2367237736554507,2021-01-10
-12.99,-1.37,0.0,0.3440466438824293,2021-01-11
-8.94,0.27,0.0,0.3303107797697946,2021-01-12
-6.45,5.8,5.55,0.4763915688585788,2021-01-13
-6.83,-0.34,0.0,0.2553058745039457,2021-01-14
-14.76,-5.32,0.0,0.2547667909882145,2021-01-15
-10.42,-0.6,0.0,0.3331525550714929,2021-01-16
-11.1,-1.68,0.92,0.3096491231112062,2021-01-17
-10.56,0.34,0.0,0.3716676398699014,2021-01-18
-14.36,2.66,0.0,0.4936030405160219,2021-01-19
-6.2,2.93,0.0,0.3812371568638234,2021-01-20
-12.0,-5.64,0.0,0.1993733111348896,2021-01-21
-9.18,-4.58,0.08,0.1646635928151049,2021-01-22
-28.42,-9.41,0.0,0.2481151329470967,2021-01-23
-32.75,-23.42,0.0,0.1,2021-01-24
-30.1,-22.93,0.0,0.1,2021-01-25
-28.43,-19.42,0.0,0.1056266718870218,2021-01-26
-22.65,-14.16,0.0,0.1483817500754735,2021-01-27
-19.45,-11.24,0.0,0.1758949569721302,2021-01-28
-15.08,-10.19,0.0,0.1321815280545933,2021-01-29
-15.41,-11.09,0.0,0.1142790352316212,2021-01-30
-18.37,-9.84,0.0,0.1994959056538443,2021-01-31
-14.15,-1.65,0.0,0.3918094590457968,2021-02-01
-9.9,-0.17,0.0,0.3764859603539593,2021-02-02
-19.95,-10.61,0.0,0.2032865090354538,2021-02-03
-22.43,-15.78,0.0,0.1210582424610115,2021-02-04
-28.39,-17.85,0.0,0.1337015699068801,2021-02-05
-35.73,-26.04,0.0,0.1,2021-02-06
-37.44,-28.7,0.0,0.1,2021-02-07
-37.09,-26.91,0.0,0.1,2021-02-08
-28.73,-25.47,0.0,0.1,2021-02-09
-34.13,-26.91,0.0,0.1,2021-02-10
-37.74,-27.9,0.0,0.1,2021-02-11
-32.84,-22.85,0.0,0.1,2021-02-12
-37.1,-24.53,0.0,0.1,2021-02-13
-34.95,-22.65,0.0,0.1025894702917176,2021-02-14
-30.69,-18.74,0.0,0.1383916216543665,2021-02-15
-26.04,-16.11,0.0,0.1586851834658792,2021-02-16
-23.16,-15.71,0.0,0.142783166137021,2021-02-17
-25.69,-13.0,0.0,0.2268842305125278,2021-02-18
-22.44,-3.08,0.0,0.4994100689309055,2021-02-19
-11.25,-3.07,0.0,0.4460187806415004,2021-02-20
-12.88,2.97,0.0,0.8083461813888061,2021-02-21
-3.52,4.22,0.0,0.7519354244247858,2021-02-22
-7.56,-0.17,0.0,0.5510470978757104,2021-02-23
-10.5,-1.85,0.0,0.5452787847056354,2021-02-24
-11.35,0.81,0.0,0.7416405693704424,2021-02-25
-16.92,-1.8,0.44,0.6241455425070973,2021-02-26
-24.45,-12.21,0.0,0.2696453356271271,2021-02-27
-21.96,-11.78,0.0,0.2663824356755553,2021-02-28
-16.55,3.47,0.0,0.8525007657501982,2021-03-01
-7.01,2.94,0.0,0.8440126710847689,2021-03-02
-11.59,1.75,0.0,0.8361011760216852,2021-03-03
-10.14,1.41,0.0,0.8141182086647021,2021-03-04
-7.13,4.24,0.0,0.9813466287059328,2021-03-05
-0.95,6.54,0.0,0.961299538512968,2021-03-06
-4.67,4.91,0.0,0.9997411536476792,2021-03-07
-5.44,3.54,0.0,0.9092773847515736,2021-03-08
-5.54,-0.9,0.0,0.3975339009012028,2021-03-09
-9.63,0.97,0.0,0.8374159010394197,2021-03-10
-17.93,-2.8,0.0,0.6572762793326733,2021-03-11
-10.15,5.28,0.0,1.1008113431083906,2021-03-12
-7.12,6.04,0.0,1.16805629761791,2021-03-13
-2.12,8.69,0.0,1.3213301362715049,2021-03-14
-1.88,6.93,0.0,1.171994992715881,2021-03-15
-8.91,0.55,0.0,0.8270432379015217,2021-03-16
-7.59,8.97,0.0,1.3163769838209474,2021-03-17
-3.07,14.39,0.0,1.634356345085057,2021-03-18
-0.09,18.48,0.0,1.878515359637586,2021-03-19
-1.29,12.67,0.0,1.568071936294516,2021-03-20
-5.07,3.58,0.0,1.005314453450858,2021-03-21
-6.02,9.3,0.45,1.37235753600643,2021-03-22
-7.89,0.73,0.0,0.8546582243184212,2021-03-23
-5.96,9.28,0.0,1.3831597458673452,2021-03-24
-4.5,3.84,0.0,1.0363375052071713,2021-03-25
-9.76,2.86,0.0,1.051773879429303,2021-03-26
-8.34,6.8,0.0,1.251892328997964,2021-03-27
-0.14,18.52,0.0,1.8923657400199696,2021-03-28
-9.14,6.13,4.23,1.1343160625089004,2021-03-29
-14.02,-5.07,0.0,0.5962593703581776,2021-03-30
-15.21,8.76,0.0,1.229844855264388,2021-03-31
-2.13,16.2,0.0,1.8246812922043665,2021-04-01
-0.34,12.91,0.0,1.6513161493029065,2021-04-02
-1.34,14.52,0.0,1.6997741816114642,2021-04-03
-0.91,18.26,0.0,1.9095426732557457,2021-04-04
-2.9,12.59,0.0,1.5869484546864625,2021-04-05
-3.04,16.94,0.0,1.8188480601559405,2021-04-06
-0.92,21.79,0.0,2.102786787447202,2021-04-07
1.51,15.11,1.12,1.7410524435576045,2021-04-08
-6.74,12.49,0.0,1.5469552582726505,2021-04-09
-1.3,13.83,0.0,1.671307531414695,2021-04-10
-1.75,5.16,0.69,0.9864110924032904,2021-04-11
-2.83,4.48,0.21,0.9981935563247016,2021-04-12
-2.61,4.8,0.0,1.0381641113079132,2021-04-13
-2.37,8.93,0.0,1.3964042443485192,2021-04-14
-3.13,14.72,0.0,1.7427262639606562,2021-04-15
-4.76,15.7,0.0,1.7792359965049978,2021-04-16
-0.67,20.9,0.0,2.1234374926436903,2021-04-17
-2.56,7.78,0.0,1.3335358625924425,2021-04-18
-6.72,5.16,0.22,1.2378993748654987,2021-04-19
-9.61,10.06,0.0,1.4856944751966912,2021-04-20
-3.92,17.86,0.0,1.9313880046078753,2021-04-21
-5.28,8.14,0.0,1.373686214260764,2021-04-22
-12.59,5.46,0.0,1.1832588593885551,2021-04-23
-10.19,7.63,0.0,1.3171572921040422,2021-04-24
-5.66,12.28,0.0,1.6148005530338725,2021-04-25
-2.66,15.43,0.0,1.8260266103390603,2021-04-26
-4.25,13.35,0.0,1.695976502638653,2021-04-27
-1.98,16.11,0.0,1.8808530043172051,2021-04-28
-2.75,11.5,0.0,1.5906596550982537,2021-04-29
2.68,26.66,0.0,2.562822712645446,2021-04-30
4.76,19.91,0.0,2.140812761207572,2021-05-01
0.76,14.19,0.0,1.7676259607714766,2021-05-02
-5.71,10.46,0.0,1.5378283445682188,2021-05-03
-5.07,15.23,0.0,1.823552590901709,2021-05-04
-3.29,17.29,0.0,1.9671989319813104,2021-05-05
-1.05,18.06,0.0,2.04130291510374,2021-05-06
0.39,18.2,0.0,2.064883168270751,2021-05-07
2.58,15.47,0.0,1.8636081918097376,2021-05-08
-4.01,16.57,0.0,1.9361952709000296,2021-05-09
-2.47,18.67,0.0,2.081327906825095,2021-05-10
0.31,20.21,0.0,2.2019378695202723,2021-05-11
2.74,21.35,0.0,2.2839283928900485,2021-05-12
1.51,22.75,0.0,2.368042048567191,2021-05-13
3.09,23.03,1.38,2.393680296814657,2021-05-14
3.35,24.84,0.0,2.5168320502733894,2021-05-15
8.03,27.73,0.0,2.7150975032563474,2021-05-16
7.68,33.25,0.0,3.077000527227542,2021-05-17
11.24,28.58,0.0,2.7410034025414163,2021-05-18
1.51,13.35,0.0,1.7059348371463812,2021-05-19
-0.63,4.31,1.76,0.8281407358417822,2021-05-20
-1.23,6.86,0.0,1.2820352609545846,2021-05-21
-1.25,11.36,0.0,1.6183535820088544,2021-05-22
7.3,17.12,14.08,1.7832535529128446,2021-05-23
8.57,11.74,22.91,0.4989572310160178,2021-05-24
2.25,10.15,1.03,1.0665886237666449,2021-05-25
-0.35,14.48,0.0,1.827286121110547,2021-05-26
1.23,20.21,0.0,2.2745139237294123,2021-05-27
8.11,21.79,0.0,2.336707060482802,2021-05-28
6.69,21.12,0.0,2.31366952464186,2021-05-29
1.89,23.76,0.0,2.5239300827938767,2021-05-30
8.63,27.63,0.0,2.8006883777675973,2021-05-31
8.64,27.33,0.0,2.7768102821371703,2021-06-01
11.99,32.76,0.0,3.138049026788752,2021-06-02
13.1,36.5,0.0,3.3803257585205086,2021-06-03
15.48,29.72,0.0,2.8264791226302393,2021-06-04
11.17,28.49,0.0,2.8434187020284902,2021-06-05
8.84,20.77,0.0,2.1983303062556785,2021-06-06
9.35,23.13,0.0,2.4424363806213516,2021-06-07
5.56,23.84,0.8,2.5609636478566338,2021-06-08
11.98,20.18,3.4,1.336197815491293,2021-06-09
14.13,22.22,8.97,1.3694720774024898,2021-06-10
10.72,21.04,0.0,1.9329637992549835,2021-06-11
6.51,24.13,0.0,2.6122246183168114,2021-06-12
6.41,27.91,0.0,2.8744778052540823,2021-06-13
12.81,32.71,0.0,3.1896518912301826,2021-06-14
17.45,34.47,1.74,3.2415097195322455,2021-06-15
12.41,25.23,0.0,2.493351357238447,2021-06-16
7.1,24.03,0.0,2.6177813869954174,2021-06-17
8.46,18.95,0.0,1.8625589895966057,2021-06-18
6.67,21.07,0.7,2.293438867233821,2021-06-19
5.87,18.78,0.0,2.0231243994036876,2021-06-20
1.65,25.02,0.0,2.6457300331963634,2021-06-21
10.43,31.34,0.0,3.0999949356941667,2021-06-22
13.05,24.6,0.0,2.216111584132185,2021-06-23
8.7,25.14,0.0,2.6082241755344437,2021-06-24
9.84,27.85,0.0,2.832978718342714,2021-06-25
12.98,29.8,0.0,2.9325358903191208,2021-06-26
12.07,29.09,0.0,2.890455536481562,2021-06-27
10.82,30.39,0.0,3.006259217168231,2021-06-28
12.97,33.84,0.0,3.2309859129242673,2021-06-29
14.76,35.33,0.0,3.3126175116360046,2021-06-30
16.06,36.2,0.0,3.351406725196901,2021-07-01
18.61,40.04,0.0,3.572135621568433,2021-07-02
17.21,30.36,2.3,2.236692091523663,2021-07-03
12.76,27.32,2.78,2.180608587666474,2021-07-04
13.46,24.41,0.0,2.084129731801671,2021-07-05
10.63,21.4,0.0,1.8941460832579495,2021-07-06
12.45,29.03,2.44,2.3658649533762133,2021-07-07
13.42,28.47,0.0,2.706779902076899,2021-07-08
12.36,31.25,0.0,3.0322609638636813,2021-07-09
13.5,33.68,0.0,3.1836919723957453,2021-07-10
15.53,31.91,0.0,2.9502982391774197,2021-07-11
11.43,28.09,0.0,2.722182390744303,2021-07-12
9.85,29.66,0.0,2.920457231226255,2021-07-13
11.62,31.77,0.0,3.0528576508787113,2021-07-14
14.22,35.3,0.0,3.2659027082447296,2021-07-15
16.35,30.48,0.0,2.649906675647058,2021-07-16
16.88,35.88,0.0,3.2473427444374456,2021-07-17
13.78,25.97,0.0,2.1761266545952,2021-07-18
14.1,21.24,0.0,1.187769679389147,2021-07-19
15.77,28.24,0.0,2.333302349970745,2021-07-20
15.01,32.05,0.0,2.9518063201873717,2021-07-21
13.26,33.62,0.0,3.13631120366997,2021-07-22
6.69,29.04,0.0,2.842615996091318,2021-07-23
9.89,29.18,0.0,2.8128802522492857,2021-07-24
10.64,28.76,0.77,2.7361735916545653,2021-07-25
12.21,27.96,0.0,2.54549363221592,2021-07-26
12.42,34.0,0.0,3.131516447886431,2021-07-27
12.34,29.89,0.0,2.7465514241593296,2021-07-28
12.49,34.46,0.0,3.15101630753698,2021-07-29
12.07,31.35,0.0,2.8937213475735133,2021-07-30
12.01,31.92,0.0,2.940698400633385,2021-07-31
12.53,33.62,0.0,3.073763220892644,2021-08-01
16.04,35.7,0.0,3.1325861752345254,2021-08-02
18.6,29.19,0.0,1.942828784372057,2021-08-03
14.02,27.84,0.0,2.282775753341521,2021-08-04
11.15,31.48,0.0,2.8531744435828332,2021-08-05
15.41,33.97,0.0,2.9186536036944424,2021-08-06
15.54,28.85,0.0,2.2282224212031885,2021-08-07
13.3,21.78,0.0,1.277205739823402,2021-08-08
10.94,20.09,1.79,1.326824465767641,2021-08-09
10.74,22.36,4.37,1.3646041683384234,2021-08-10
10.89,26.37,0.0,2.2089218173133087,2021-08-11
9.04,23.9,0.0,2.023910135940246,2021-08-12
8.45,30.49,0.0,2.7070088089303677,2021-08-13
16.36,37.65,0.0,3.099370177525376,2021-08-14
15.86,32.31,0.0,2.554971733022542,2021-08-15
14.44,25.78,0.0,1.7518647997848762,2021-08-16
10.63,19.34,1.5,1.1404687528807471,2021-08-17
10.22,19.2,0.0,1.1462476546415985,2021-08-18
7.39,20.8,0.0,1.690832970560784,2021-08-19
9.53,20.09,0.0,1.387503571295874,2021-08-20
5.87,22.6,1.71,1.9750507599584035,2021-08-21
9.96,15.79,6.78,0.5345024241053763,2021-08-22
7.43,16.76,14.36,1.1833843368657655,2021-08-23
7.12,15.18,0.0,1.0645813716936954,2021-08-24
3.19,20.85,0.0,2.0309403179290477,2021-08-25
6.96,22.21,0.0,2.0475349710357267,2021-08-26
12.25,21.07,0.0,1.4139995386068185,2021-08-27
10.64,24.67,0.0,2.135109655324006,2021-08-28
7.66,26.65,0.0,2.4234800358361257,2021-08-29
9.07,30.03,0.0,2.6549962687840956,2021-08-30
12.1,26.56,5.1,1.8301019656939543,2021-08-31
8.44,21.7,0.0,1.803021155205524,2021-09-01
9.61,18.36,0.0,1.1896482538949071,2021-09-02
8.33,22.11,0.0,1.8307976967196296,2021-09-03
5.12,23.41,0.0,2.061631667219086,2021-09-04
7.52,29.86,0.0,2.4989691521296646,2021-09-05
9.57,23.01,1.18,1.8059278022114995,2021-09-06
7.52,23.8,0.0,1.964867214429808,2021-09-07
5.12,26.32,0.0,2.233233053545415,2021-09-08
10.03,28.58,0.0,2.4346475299074775,2021-09-09
8.26,22.02,0.0,1.8339394702213612,2021-09-10
5.49,15.31,0.0,1.168395051380112,2021-09-11
2.35,19.65,0.0,1.794467626650668,2021-09-12
6.8,21.67,0.0,1.842452976556791,2021-09-13
3.76,23.95,0.0,2.102095635412774,2021-09-14
7.6,18.59,0.0,1.4148640291692829,2021-09-15
3.17,15.48,0.0,1.326848400611578,2021-09-16
-1.68,20.01,0.0,1.778330611689261,2021-09-17
11.68,33.08,0.0,2.606397385490184,2021-09-18
6.46,19.57,0.0,1.524297422661412,2021-09-19
1.43,18.51,0.0,1.6047129565429046,2021-09-20
1.95,22.6,0.0,1.881249090611866,2021-09-21
6.0,27.15,0.0,2.1474095095179977,2021-09-22
3.72,16.22,0.0,1.213476843009059,2021-09-23
-1.16,19.93,0.0,1.6572309218541057,2021-09-24
6.82,25.42,0.0,1.931030734671083,2021-09-25
3.59,25.79,0.0,1.986966956297395,2021-09-26
8.33,30.16,0.0,2.2146936898068788,2021-09-27
6.41,28.33,0.0,2.091483398298085,2021-09-28
6.42,21.27,0.0,1.4712827714729555,2021-09-29
2.13,25.03,0.0,1.8714273738207223,2021-09-30
5.57,23.4,0.0,1.6615802471616483,2021-10-01
-0.08,21.78,0.0,1.6559271192171534,2021-10-02
4.68,23.72,0.0,1.7360101142179496,2021-10-03
1.57,18.92,0.0,1.4138853771501234,2021-10-04
4.94,21.98,0.0,1.551196622877233,2021-10-05
5.67,27.08,0.0,1.9547253154546975,2021-10-06
2.5,14.42,0.0,0.9441385946812484,2021-10-07
-0.04,17.25,0.0,1.2991146835455842,2021-10-08
-2.26,19.91,0.0,1.5007459740216498,2021-10-09
-1.21,18.21,0.0,1.3610510353128369,2021-10-10
-1.99,8.83,0.0,0.6212587487280554,2021-10-11
-7.11,9.23,0.0,0.8361823516831065,2021-10-12
-4.41,6.41,3.66,0.4962472615846027,2021-10-13
-1.83,6.23,2.75,0.4030253273474468,2021-10-14
-4.03,13.96,0.0,1.0026882823381629,2021-10-15
-1.45,17.78,0.0,1.1883827249143315,2021-10-16
2.57,24.12,0.0,1.5232516631018989,2021-10-17
0.82,13.78,0.0,0.7781993140378735,2021-10-18
-5.81,7.73,0.0,0.6150335052893872,2021-10-19
-7.39,8.72,0.0,0.7001711555311749,2021-10-20
-3.94,9.69,0.0,0.6608565660292418,2021-10-21
-5.73,10.3,0.0,0.7413800442321504,2021-10-22
-1.08,7.59,0.0,0.4562798070135372,2021-10-23
2.59,7.06,0.0,0.2656273335566832,2021-10-24
4.66,9.86,0.89,0.3301242137228912,2021-10-25
1.78,11.09,0.0,0.5420841270235071,2021-10-26
-0.74,12.85,0.0,0.7290508651482465,2021-10-27
-2.52,11.38,0.0,0.6999441571343017,2021-10-28
-0.13,8.84,1.52,0.4852755192365799,2021-10-29
-5.56,5.4,0.0,0.4847074391676933,2021-10-30
-8.98,4.52,0.0,0.5191752910109825,2021-10-31
-10.45,2.69,0.0,0.4706496114798283,2021-11-01
-10.64,7.69,0.0,0.6622669273233824,2021-11-02
-9.23,9.47,0.0,0.7158776651259358,2021-11-03
-3.24,14.49,0.0,0.8500327660659294,2021-11-04
1.25,13.97,0.0,0.708096720695361,2021-11-05
-3.84,9.15,0.0,0.6031072052285187,2021-11-06
-6.57,10.31,0.0,0.7067573739221763,2021-11-07
-6.82,9.14,0.0,0.6583938538174088,2021-11-08
-10.17,8.65,0.0,0.6772650135341279,2021-11-09
-2.44,4.19,0.77,0.3139857720444201,2021-11-10
-6.9,-1.54,0.0,0.2078877506220122,2021-11-11
-8.22,-3.72,0.0,0.1624454760963149,2021-11-12
-10.34,5.21,0.0,0.541652592516844,2021-11-13
-6.57,1.54,0.32,0.3288711844231397,2021-11-14
-0.86,5.13,0.21,0.2986864757395365,2021-11-15
-4.46,6.67,5.16,0.4705921127910074,2021-11-16
-12.72,-4.06,0.0,0.2563771586369381,2021-11-17
-15.23,-0.79,0.0,0.38923270489801,2021-11-18
-11.6,-1.28,0.0,0.325953679800847,2021-11-19
-11.66,0.33,0.0,0.3799962247145915,2021-11-20
-17.07,-3.47,0.0,0.3273318686682375,2021-11-21
-6.37,4.38,0.0,0.4291983029636733,2021-11-22
-10.43,3.29,0.0,0.4600860533136836,2021-11-23
-16.36,-9.13,0.0,0.1684931196148199,2021-11-24
-10.72,1.01,0.0,0.3814656587721206,2021-11-25
-3.96,5.98,0.0,0.4311487659296366,2021-11-26
-8.21,2.71,0.0,0.3957527221722303,2021-11-27
-5.54,3.36,0.0,0.3583784180847629,2021-11-28
-4.82,5.26,1.16,0.4194009087110114,2021-11-29
-6.55,4.6,0.0,0.4329192801489595,2021-11-30
-0.03,6.94,0.0,0.3457159920037849,2021-12-01
-5.02,2.28,1.49,0.2974652839603923,2021-12-02
-9.97,-1.61,0.0,0.2737436149970063,2021-12-03
-12.91,-3.92,0.0,0.2549177048410455,2021-12-04
-23.07,-8.99,0.18,0.2346968257202919,2021-12-05
-24.62,-12.84,0.0,0.1728323799790068,2021-12-06
-21.42,-10.0,0.0,0.2049462150070011,2021-12-07
-14.23,2.82,1.02,0.4781009729362552,2021-12-08
-13.02,-1.39,0.0,0.3365561493158743,2021-12-09
-15.0,-3.68,0.0,0.294013968069264,2021-12-10
-10.17,4.77,0.0,0.5020024664033443,2021-12-11
-9.45,1.35,0.0,0.367993486589484,2021-12-12
-14.07,-3.84,0.0,0.2756453694777082,2021-12-13
-10.16,-1.61,0.0,0.2780693214798089,2021-12-14
-22.47,-11.4,0.0,0.1830339167867496,2021-12-15
-25.3,-17.93,0.3,0.1,2021-12-16
-26.42,-18.13,0.0,0.101230507159559,2021-12-17
-28.6,-11.44,0.0,0.2036670158908587,2021-12-18
-19.03,-11.09,0.0,0.1567339796629541,2021-12-19
-20.57,-11.52,0.0,0.164680485428944,2021-12-20
-18.98,-7.9,0.0,0.2272948143504785,2021-12-21
-14.38,-7.01,1.21,0.1902070282886567,2021-12-22
-15.68,-3.7,0.77,0.2991585788139376,2021-12-23
-25.71,-14.48,0.0,0.1503912680010247,2021-12-24
-29.76,-23.05,1.05,0.1,2021-12-25
-27.27,-24.29,5.02,0.1,2021-12-26
-34.69,-26.11,0.0,0.1,2021-12-27
-36.78,-27.49,0.0,0.1,2021-12-28
-35.05,-26.23,0.0,0.1,2021-12-29
-37.56,-28.0,0.0,0.1,2021-12-30
-35.84,-27.97,0.0,0.1,2021-12-31
-35.01,-23.28,0.0,0.1,2022-01-01
-25.55,-0.69,0.0,0.3994129187686045,2022-01-02
-17.2,-5.54,4.06,0.2585478616171736,2022-01-03
-23.08,-12.22,1.93,0.1724799287358028,2022-01-04
-32.46,-19.44,0.0,0.1106564017345689,2022-01-05
-35.3,-26.12,0.0,0.1,2022-01-06
-23.69,-7.26,1.53,0.2699917631804751,2022-01-07
-24.53,-15.22,0.0,0.1322623727601395,2022-01-08
-29.18,-17.42,0.0,0.1255889358516267,2022-01-09
-21.09,0.39,0.0,0.437491078861688,2022-01-10
-13.05,3.38,0.0,0.4922148843657484,2022-01-11
-1.23,5.95,0.0,0.3450156244454785,2022-01-12
-5.29,4.77,1.88,0.4167646033763405,2022-01-13
-5.94,1.73,0.0,0.3063047539819152,2022-01-14
-3.99,5.22,0.0,0.4035652096552584,2022-01-15
-4.61,4.93,0.0,0.4089569715884866,2022-01-16
-5.81,4.3,0.99,0.4148114203531621,2022-01-17
-18.6,3.23,0.0,0.5205490650625322,2022-01-18
-26.15,-15.02,0.0,0.1495999922888599,2022-01-19
-22.58,-2.08,2.15,0.3751905348202536,2022-01-20
-8.76,3.19,1.46,0.4405987503224517,2022-01-21
-6.49,5.38,1.19,0.4847920206054785,2022-01-22
-7.91,5.54,0.0,0.5215719425035473,2022-01-23
-9.32,2.85,0.0,0.4427817458157717,2022-01-24
-20.92,-3.98,0.0,0.3479822922697073,2022-01-25
-9.13,2.8,0.0,0.4405966441829851,2022-01-26
-7.33,2.18,0.0,0.3785256497593884,2022-01-27
-11.76,0.92,0.0,0.4183801477346637,2022-01-28
-9.3,2.09,0.0,0.4218696052194857,2022-01-29
-4.06,5.8,0.0,0.4569607938473963,2022-01-30
-12.35,3.24,3.29,0.4898218115121243,2022-01-31
-26.51,-18.66,0.0,0.1037285924723664,2022-02-01
-33.34,-24.25,0.0,0.1,2022-02-02
-31.04,-20.97,0.0,0.1003940841490207,2022-02-03
-32.7,-10.12,6.37,0.229427533770419,2022-02-04
-17.05,-8.95,0.95,0.2022893583846516,2022-02-05
-18.02,1.29,0.0,0.5015689568945005,2022-02-06
-5.09,4.99,0.0,0.4684717539620875,2022-02-07
-4.57,3.05,0.0,0.3609697475382076,2022-02-08
-8.24,2.96,0.03,0.4635228142889777,2022-02-09
-9.33,5.45,0.0,0.5911002974423528,2022-02-10
-17.63,-12.71,0.0,0.1185590314768135,2022-02-11
-16.25,-7.23,0.0,0.2498604101760319,2022-02-12
-15.36,1.88,0.0,0.5283049104781526,2022-02-13
-18.53,-9.81,1.06,0.2121518606083193,2022-02-14
-15.1,-6.51,1.67,0.2564339193049655,2022-02-15
-24.88,-14.83,0.0,0.167648681303181,2022-02-16
-26.76,-5.41,0.0,0.356538375140281,2022-02-17
-20.16,-7.76,0.0,0.2907396582115092,2022-02-18
-16.82,3.39,1.82,0.6017446005601587,2022-02-19
-21.98,-15.2,0.0,0.1347209495754583,2022-02-20
-28.45,-19.96,0.0,0.1115977145108087,2022-02-21
-31.16,-20.49,0.0,0.1196956472064061,2022-02-22
-29.84,-17.99,0.0,0.1500596583677496,2022-02-23
-26.98,-16.65,0.0,0.1590236447852539,2022-02-24
-26.35,-8.07,0.0,0.3194180495502937,2022-02-25
-13.61,-2.58,0.0,0.3924044935623925,2022-02-26
-12.13,-7.52,0.0,0.1703965837854705,2022-02-27
-12.06,-7.88,0.0,0.1564922002847536,2022-02-28
-10.61,-6.72,0.0,0.1593466749597161,2022-03-01
-17.47,-8.23,0.0,0.2744940409857773,2022-03-02
-18.04,-9.88,3.79,0.2127569578789575,2022-03-03
-11.01,-8.03,2.3,0.1112332545497318,2022-03-04
-17.23,-9.75,0.0,0.2291128099264303,2022-03-05
-17.88,-4.31,0.0,0.4170814149499902,2022-03-06
-15.38,2.09,0.38,0.6453415404630909,2022-03-07
-18.05,-7.63,0.0,0.3190317198229099,2022-03-08
-24.2,-14.72,0.0,0.197029870671801,2022-03-09
-23.8,-12.32,0.0,0.2498704068952866,2022-03-10
-30.9,-10.29,0.0,0.2962802077211852,2022-03-11
-14.53,3.17,0.0,0.7293128187571667,2022-03-12
-12.77,-3.29,0.0,0.3959327906041569,2022-03-13
-11.0,-1.22,0.0,0.4540809728280527,2022-03-14
-7.4,3.85,0.0,0.7063633833774925,2022-03-15
-4.88,3.88,0.0,0.6005633143912564,2022-03-16
-6.86,5.14,0.0,0.8031313380201006,2022-03-17
-2.4,5.44,0.0,0.6096301600823975,2022-03-18
-4.73,5.62,0.0,0.8010557872388837,2022-03-19
-1.26,4.16,5.69,0.3595674120601873,2022-03-20
-0.33,5.43,0.0,0.4601971762617209,2022-03-21
-2.89,7.49,0.0,0.9168528533842716,2022-03-22
-1.8,12.9,0.0,1.352651167631998,2022-03-23
-1.14,7.45,2.04,0.6280310234879171,2022-03-24
-7.32,0.62,0.0,0.5374078690683163,2022-03-25
-8.72,-2.54,0.0,0.3544626074523626,2022-03-26
-6.8,7.95,0.0,1.144718253164383,2022-03-27
-1.41,6.78,0.0,0.9403668218775606,2022-03-28
-5.42,2.48,0.0,0.7328276250254833,2022-03-29
-7.35,9.65,0.0,1.3528402407545963,2022-03-30
-0.44,5.61,1.87,0.6953957252027761,2022-03-31
-4.33,5.32,0.0,0.9697516106752336,2022-04-01
-7.39,6.97,0.0,1.1891611860967195,2022-04-02
-2.93,12.18,0.0,1.5510067633493163,2022-04-03
-1.45,16.66,0.0,1.9128539765645425,2022-04-04
-0.7,9.25,2.91,1.037638869051796,2022-04-05
-1.6,7.35,0.83,1.100113549124513,2022-04-06
-3.5,11.68,0.0,1.5794831919613015,2022-04-07
-1.46,19.65,0.0,2.094759678479275,2022-04-08
-0.04,13.02,0.0,1.6787032080389268,2022-04-09
-4.03,5.83,0.0,1.0967924484688585,2022-04-10
-8.02,-2.47,0.0,0.4171484208011382,2022-04-11
-9.45,-4.68,0.0,0.29252454206881,2022-04-12
-9.1,-3.66,0.0,0.389735536850605,2022-04-13
-7.77,-1.84,0.0,0.5230085701391869,2022-04-14
-8.5,-0.77,0.0,0.7110620392152898,2022-04-15
-8.24,2.95,0.0,1.0708025261457226,2022-04-16
-8.25,4.63,0.0,1.2094840673959473,2022-04-17
-8.08,9.93,0.0,1.5511868690938608,2022-04-18
-2.0,4.7,1.6,0.9336699330104076,2022-04-19
-4.79,2.28,0.16,0.8244654434115403,2022-04-20
-8.68,6.77,0.0,1.3907103907946632,2022-04-21
-2.0,4.37,1.05,0.9295239603266036,2022-04-22
0.7,11.48,1.38,1.7215372134546925,2022-04-23
-2.9,12.28,0.0,1.7804424866112882,2022-04-24
-2.08,11.24,0.0,1.7189645033158951,2022-04-25
-2.06,15.55,0.0,1.9868427233180683,2022-04-26
1.49,16.14,0.0,2.052746526237482,2022-04-27
0.38,18.4,0.0,2.1879016543149667,2022-04-28
-0.19,16.94,0.0,2.0970999703986197,2022-04-29
0.74,18.16,0.0,2.1797974572583567,2022-04-30
0.48,15.75,0.0,2.0212505708714783,2022-05-01
-0.44,19.8,0.0,2.1859713077275003,2022-05-02
3.69,20.64,0.0,2.2818065548803097,2022-05-03
0.31,24.8,0.0,2.479091787993314,2022-05-04
8.28,27.94,0.0,2.7618708101538196,2022-05-05
9.42,23.22,1.79,2.424244944018449,2022-05-06
4.6,15.27,6.36,1.6989058901624456,2022-05-07
2.13,14.64,0.0,1.8837469503848712,2022-05-08
-0.44,16.56,0.0,2.023112058944565,2022-05-09
3.62,14.45,2.6,1.5539503128842165,2022-05-10
-0.91,19.53,0.0,2.197797958972836,2022-05-11
3.16,21.83,0.0,2.3774920841183977,2022-05-12
4.76,12.71,11.51,1.1035893692324266,2022-05-13
3.5,17.86,0.0,2.0584869064575844,2022-05-14
2.76,20.96,0.0,2.3179812551705172,2022-05-15
4.47,20.4,0.0,2.2756069893016915,2022-05-16
7.22,18.97,3.32,1.6567984652663124,2022-05-17
7.74,16.75,0.91,1.5843416440322116,2022-05-18
1.92,11.42,2.38,1.029404416425847,2022-05-19
1.55,8.66,0.0,0.8794636741803192,2022-05-20
-1.19,15.26,0.0,1.91063810728805,2022-05-21
0.6,17.33,0.0,2.073522757498717,2022-05-22
1.77,23.41,0.0,2.4891761610558287,2022-05-23
4.55,25.38,0.0,2.6379047391967374,2022-05-24
5.91,25.31,0.0,2.636149924278117,2022-05-25
5.37,24.39,0.0,2.5753552295827635,2022-05-26
6.68,22.72,0.0,2.4447473613238646,2022-05-27
8.29,23.78,0.0,2.509872800567895,2022-05-28
8.65,21.43,0.0,2.235547491467728,2022-05-29
7.1,17.59,0.0,1.790637632274885,2022-05-30
3.34,19.29,0.0,2.234532775331092,2022-05-31
1.98,19.81,0.0,2.2806012909630837,2022-06-01
4.52,21.9,0.0,2.428801067921248,2022-06-02
2.19,23.69,0.0,2.5465412916214265,2022-06-03
3.9,25.87,0.0,2.7023419924830483,2022-06-04
6.85,21.23,0.0,2.3557678400527835,2022-06-05
7.05,21.93,0.0,2.40915423894623,2022-06-06
8.55,22.55,0.0,2.4305431387404277,2022-06-07
6.62,25.57,0.0,2.693944074132136,2022-06-08
11.32,24.68,3.1,2.2105280443394952,2022-06-09
10.27,26.61,0.8,2.739979709985227,2022-06-10
8.13,24.73,0.0,2.6262021944267775,2022-06-11
8.29,24.35,9.46,2.2766492034184216,2022-06-12
11.08,22.15,9.96,1.6520197868476123,2022-06-13
7.72,19.78,0.0,1.910983625643396,2022-06-14
5.8,16.38,5.0,1.241080793198622,2022-06-15
11.4,20.94,0.0,1.6443900676933103,2022-06-16
10.86,29.8,0.0,2.928901247092168,2022-06-17
18.08,31.92,0.0,2.7106415968709183,2022-06-18
16.1,20.97,0.97,0.7506407637758004,2022-06-19
15.01,20.45,4.86,0.623401350886778,2022-06-20
11.65,22.68,1.39,1.9473864180289964,2022-06-21
11.01,28.39,4.08,2.3082528353170777,2022-06-22
10.77,25.84,7.12,2.0304675886407986,2022-06-23
8.87,18.01,0.0,1.402368438995423,2022-06-24
9.33,21.87,3.96,1.6057983573515031,2022-06-25
8.7,24.83,0.0,2.4063589008657376,2022-06-26
9.83,22.67,0.0,2.053902320667286,2022-06-27
8.77,23.17,0.0,2.199599170999859,2022-06-28
12.42,24.51,0.0,2.0694802938857224,2022-06-29
9.72,23.09,0.0,2.133953217000598,2022-06-30
7.55,24.43,0.0,2.423157605892625,2022-07-01
9.71,22.3,0.0,2.0292408620944022,2022-07-02
10.42,23.85,0.0,2.2084628058888947,2022-07-03
12.71,20.83,0.0,1.419976722251541,2022-07-04
12.23,17.78,2.14,0.6373350355220497,2022-07-05
12.81,24.12,0.0,2.0890138307795327,2022-07-06
11.95,24.38,2.47,1.7681206264836693,2022-07-07
16.54,32.37,2.04,2.35925098297355,2022-07-08
16.85,29.39,1.45,2.4480001068806323,2022-07-09
13.37,24.81,7.56,1.642101616013758,2022-07-10
10.86,26.94,0.0,2.501480714139271,2022-07-11
10.41,30.64,0.0,2.8502502319989667,2022-07-12
16.14,33.48,3.19,2.3640848587432415,2022-07-13
14.61,28.03,0.0,2.304942934214973,2022-07-14
16.42,33.92,0.0,2.872919677528386,2022-07-15
15.14,35.58,0.0,3.0636776410524194,2022-07-16
15.77,30.33,0.0,2.466911127581801,2022-07-17
13.97,29.63,17.8,2.027263976778638,2022-07-18
15.77,28.69,4.89,1.6261656346726432,2022-07-19
12.43,24.71,0.0,1.7782121966257052,2022-07-20
10.59,28.19,0.0,2.3403429756670544,2022-07-21
11.22,24.54,0.0,1.8646151432416929,2022-07-22
8.55,21.49,0.0,1.6929532762936277,2022-07-23
7.61,29.04,0.0,2.5067857833967713,2022-07-24
13.85,20.8,0.8,0.8798058710104306,2022-07-25
10.19,24.26,0.0,1.886615459276373,2022-07-26
7.64,25.94,0.0,2.2050901913353145,2022-07-27
8.21,28.51,0.0,2.405813378165258,2022-07-28
13.08,34.53,0.0,2.746704712314446,2022-07-29
15.3,24.14,2.63,0.9757256360555584,2022-07-30
13.37,26.64,3.33,1.455807849218218,2022-07-31
15.06,26.39,0.0,1.5730009878694973,2022-08-01
12.86,23.72,0.0,1.4259387817658784,2022-08-02
7.75,25.46,0.0,2.048115164067739,2022-08-03
12.03,34.04,0.0,2.6313279128191205,2022-08-04
8.55,17.89,0.0,0.993535110565098,2022-08-05
4.83,23.65,0.0,1.9782796246336984,2022-08-06
12.59,30.02,0.0,2.227775081728456,2022-08-07
11.01,32.44,0.0,2.5172109313635675,2022-08-08
9.35,25.57,0.0,1.9186593658629336,2022-08-09
9.79,26.65,0.0,1.9988461638028296,2022-08-10
15.97,26.76,0.0,1.40586587223044,2022-08-11
11.58,31.7,0.0,2.4701098525924627,2022-08-12
15.95,33.21,3.49,1.9259123894573713,2022-08-13
15.03,30.27,0.0,2.0400882100432978,2022-08-14
11.73,30.03,0.0,2.240633003779702,2022-08-15
13.67,34.57,0.0,2.578229747316163,2022-08-16
15.78,29.11,0.0,1.7978228413315436,2022-08-17
12.27,29.73,0.0,2.17136945495748,2022-08-18
10.4,30.14,0.0,2.2868269342213705,2022-08-19
14.63,32.77,0.0,2.3060874099978923,2022-08-20
12.42,34.96,0.0,2.592248380989025,2022-08-21
15.88,25.18,0.0,1.081887458340341,2022-08-22
13.09,27.45,0.0,1.7644987161010497,2022-08-23
10.19,27.88,0.0,1.9969275561707824,2022-08-24
10.39,29.41,0.0,2.1184635956424476,2022-08-25
12.35,28.67,2.72,1.566950488058187,2022-08-26
13.31,31.14,6.0,1.7219466773645864,2022-08-27
12.18,22.01,0.0,1.0103638902321908,2022-08-28
8.45,27.78,0.0,1.9558839240868315,2022-08-29
9.95,32.61,0.0,2.28740480558773,2022-08-30
12.92,35.85,0.0,2.4143952088118974,2022-08-31
13.4,31.52,0.0,1.969233097835437,2022-09-01
5.31,27.35,0.0,1.9514966090441872,2022-09-02
11.64,37.07,0.0,2.493153538050134,2022-09-03
15.16,35.46,0.0,2.176262311630818,2022-09-04
12.08,30.97,0.0,1.9196514751974325,2022-09-05
8.39,24.76,0.0,1.51339943902229,2022-09-06
9.6,35.42,0.0,2.358026908573822,2022-09-07
6.49,18.74,0.0,1.019475242898927,2022-09-08
3.11,16.75,0.0,1.030869773194762,2022-09-09
1.38,23.77,0.0,1.6757626967436647,2022-09-10
8.09,33.23,0.0,2.237931791281343,2022-09-11
8.89,23.15,0.0,1.3379002593473757,2022-09-12
8.23,15.11,0.74,0.5842089322012032,2022-09-13
7.09,16.07,0.0,0.740283772769364,2022-09-14
4.62,17.44,0.0,1.0353719630155989,2022-09-15
10.61,20.99,0.0,0.9234940646994734,2022-09-16
7.67,23.02,0.0,1.3961219203961897,2022-09-17
5.13,22.57,0.0,1.4832892529327726,2022-09-18
7.97,16.77,5.37,0.6711067633906619,2022-09-19
4.34,13.92,0.0,0.7237382106190531,2022-09-20
-0.64,17.39,0.0,1.2614658066640536,2022-09-21
1.74,20.57,0.0,1.4646859655756803,2022-09-22
5.08,20.94,0.0,1.352662268684047,2022-09-23
5.76,21.39,0.0,1.3783625622179865,2022-09-24
1.53,22.0,0.0,1.5623576332630569,2022-09-25
6.52,23.28,0.0,1.4833342502359668,2022-09-26
5.81,26.04,0.0,1.72211435320728,2022-09-27
8.2,30.34,0.0,1.960652075891616,2022-09-28
7.7,30.24,0.0,1.9479960449374616,2022-09-29
11.56,23.8,0.0,1.116763379507525,2022-09-30
8.25,21.18,0.0,1.0879643048403729,2022-10-01
5.02,21.49,0.0,1.3076382412546952,2022-10-02
6.62,22.94,0.0,1.3500515756282936,2022-10-03
6.94,26.32,0.0,1.6230439487858184,2022-10-04
2.72,11.69,0.0,0.5989933853997407,2022-10-05
-4.76,10.33,0.0,0.7949653888393519,2022-10-06
-2.34,20.01,0.0,1.3790637326077964,2022-10-07
2.98,23.36,0.0,1.504077945479457,2022-10-08
3.05,22.6,0.0,1.4930151021131797,2022-10-09
2.87,25.32,0.0,1.669216708645223,2022-10-10
4.57,15.74,0.0,0.7987218961802379,2022-10-11
2.65,11.59,0.0,0.5759441443765384,2022-10-12
-0.11,14.57,0.0,0.9542268134384814,2022-10-13
-2.61,15.94,0.0,1.1104964251962317,2022-10-14
-2.38,9.78,0.0,0.6487700977754313,2022-10-15
-3.99,8.81,0.0,0.6404929340194099,2022-10-16
-2.96,17.51,0.0,1.3538127830728517,2022-10-17
0.65,21.98,0.0,1.6845806206817064,2022-10-18
1.86,21.5,0.0,1.6219764736920892,2022-10-19
3.3,15.57,0.0,1.0567610980435245,2022-10-20
-0.35,11.82,0.0,0.8765033134484892,2022-10-21
-4.74,11.61,2.61,0.848447718020385,2022-10-22
-0.11,4.7,9.12,0.2473820284369083,2022-10-23
-2.23,1.16,0.0,0.1698890605929256,2022-10-24
-2.15,4.3,0.0,0.3250397211743863,2022-10-25
-4.32,7.5,0.0,0.5583576633161982,2022-10-26
0.14,11.92,0.0,0.6779177701517645,2022-10-27
-1.13,11.03,0.0,0.6658474520420928,2022-10-28
-2.48,13.64,0.0,0.9221578168142738,2022-10-29
-1.42,15.68,0.0,1.0586489793176574,2022-10-30
-1.05,9.25,0.0,0.5445728621235004,2022-10-31
0.01,8.11,0.0,0.4374677202940498,2022-11-01
-2.65,1.73,0.51,0.2107643199932642,2022-11-02
-8.09,-1.75,0.0,0.2420231086178983,2022-11-03
-10.27,2.16,0.0,0.4436674040827809,2022-11-04
-5.55,3.03,6.65,0.3526319682536961,2022-11-05
-13.15,-5.42,0.0,0.2298844510980104,2022-11-06
-16.56,-7.12,4.13,0.2289738662710031,2022-11-07
-19.0,-6.07,0.0,0.2956860304136769,2022-11-08
-25.12,-15.38,0.0,0.1457116190972958,2022-11-09
-25.29,-14.86,0.0,0.1550204097501615,2022-11-10
-22.09,-11.28,0.0,0.198330995134255,2022-11-11
-22.22,-10.79,0.65,0.2085429398547804,2022-11-12
-13.8,-5.6,0.0,0.2380127962267048,2022-11-13
-10.95,-5.2,0.56,0.1895457335815611,2022-11-14
-10.37,-3.73,0.0,0.2267138685045553,2022-11-15
-10.38,-2.23,0.0,0.2817036712161005,2022-11-16
-16.35,-10.08,0.0,0.1547257155601208,2022-11-17
-15.87,-6.32,0.0,0.2491841508821666,2022-11-18
-13.03,-4.59,0.0,0.2549772273542495,2022-11-19
-12.19,1.03,0.0,0.4234993451684485,2022-11-20
-11.36,2.07,0.22,0.4462823077181622,2022-11-21
-5.85,2.07,0.0,0.3330718077932113,2022-11-22
-5.49,2.03,0.0,0.3187012472292463,2022-11-23
-7.24,3.54,0.0,0.4247340114291005,2022-11-24
-0.24,7.11,0.0,0.3812092316666967,2022-11-25
-4.09,3.31,0.0,0.3299898468340321,2022-11-26
-4.4,3.1,1.41,0.3294925879817544,2022-11-27
-10.31,-4.47,3.29,0.1855059423998266,2022-11-28
-16.99,-9.59,0.0,0.172641412137476,2022-11-29
-21.62,-15.0,0.33,0.1146549913447923,2022-11-30
-24.7,-15.16,0.84,0.1390316207382747,2022-12-01
-30.2,-22.48,0.0,0.1,2022-12-02
-24.57,-11.15,0.0,0.2038627629618465,2022-12-03
-14.58,-2.77,0.0,0.3203680584627027,2022-12-04
-25.35,-13.5,0.0,0.1674001027336941,2022-12-05
-33.99,-21.41,0.0,0.1,2022-12-06
-34.88,-9.7,0.0,0.2183923853007881,2022-12-07
-15.96,-6.02,0.0,0.2441334636945115,2022-12-08
-12.18,-1.7,0.0,0.3153832585244418,2022-12-09
-18.13,-7.16,0.0,0.2392653933293489,2022-12-10
-9.79,-4.81,1.16,0.1630460809781127,2022-12-11
-12.79,-6.94,2.39,0.1591002094360466,2022-12-12
-16.75,-11.95,0.0,0.1070750854077361,2022-12-13
-18.43,-7.61,0.26,0.2314211047148751,2022-12-14
-17.08,-9.79,0.0,0.163326352096695,2022-12-15
-20.73,-13.87,0.0,0.1219154429457058,2022-12-16
-19.98,-13.75,0.0,0.1153375909497914,2022-12-17
-26.04,-19.93,0.69,0.1,2022-12-18
-30.66,-23.88,1.42,0.1,2022-12-19
-35.56,-28.31,0.37,0.1,2022-12-20
-33.46,-27.39,0.16,0.1,2022-12-21
-32.43,-25.2,0.0,0.1,2022-12-22
-35.84,-21.13,0.0,0.1,2022-12-23
-22.65,-12.71,5.1,0.1567896305540498,2022-12-24
-15.92,-9.16,1.51,0.1617856676584296,2022-12-25
-14.98,-1.07,0.0,0.3684511200941727,2022-12-26
-12.14,-4.11,7.93,0.2303898250656723,2022-12-27
-15.98,-10.71,2.13,0.1194203039871129,2022-12-28
-14.57,-10.29,0.0,0.1082209238688791,2022-12-29
-17.36,-9.31,0.0,0.1801138436245803,2022-12-30
-19.74,-11.69,0.0,0.1561360311678907,2022-12-31
-19.51,-7.17,0.0,0.2490988271227243,2023-01-01
-15.64,-5.77,0.0,0.2452454868263564,2023-01-02
-15.26,-6.01,0.0,0.2342568968421769,2023-01-03
-18.85,-9.53,0.0,0.1923426081758499,2023-01-04
-18.9,-10.61,0.0,0.1691167623854577,2023-01-05
-17.47,-6.92,0.0,0.2388055635254352,2023-01-06
-14.18,-4.65,0.0,0.2583991425086255,2023-01-07
-15.06,-5.15,0.0,0.2571583479085541,2023-01-08
-14.96,-5.42,0.0,0.2490977695277686,2023-01-09
-16.93,-10.14,0.0,0.1556521936825866,2023-01-10
-15.21,-9.53,0.0,0.1426556162172023,2023-01-11
-14.65,-7.83,0.0,0.1789817223967157,2023-01-12
-13.9,-4.99,0.0,0.24783581474427,2023-01-13
-12.54,-6.12,0.0,0.1899626429182394,2023-01-14
-9.11,-6.93,0.0,0.1,2023-01-15
-9.58,-6.56,0.0,0.1023855842188164,2023-01-16
-10.48,-7.7,0.0,0.1,2023-01-17
-7.55,-3.09,0.0,0.1704212188213934,2023-01-18
-9.81,-3.58,0.0,0.2162331421557195,2023-01-19
-14.46,-5.07,0.0,0.2603961610320983,2023-01-20
-12.88,-1.25,0.0,0.3549668741120816,2023-01-21
-7.2,1.49,0.37,0.3827645111956671,2023-01-22
-13.27,-0.76,0.48,0.4159620733455291,2023-01-23
-10.26,-2.89,0.0,0.262045498396909,2023-01-24
-8.19,-0.8,2.17,0.2762018732854963,2023-01-25
-8.44,3.91,1.06,0.5932157587366175,2023-01-26
-19.85,-4.11,0.0,0.3634578108326166,2023-01-27
-24.65,-18.02,0.0,0.1014505256697012,2023-01-28
-25.92,-18.45,0.0,0.1063438902771249,2023-01-29
-26.48,-17.93,0.0,0.1189805337680548,2023-01-30
-23.77,-13.97,0.0,0.1669687386086707,2023-01-31
-24.35,-12.88,0.0,0.1915493429499347,2023-02-01
-28.7,-18.26,0.0,0.1284641699991885,2023-02-02
-19.4,-3.5,0.0,0.414160514059105,2023-02-03
-8.19,-0.8,0.0,0.3672776157030208,2023-02-04
-11.03,1.07,0.0,0.5707213206599983,2023-02-05
-5.0,1.96,0.0,0.448100962884759,2023-02-06
-5.57,2.61,0.0,0.550206246592194,2023-02-07
-9.83,-0.51,0.0,0.4881825953881807,2023-02-08
-14.28,-2.97,0.0,0.4457269079964797,2023-02-09
-10.15,4.68,0.0,0.7908456693206934,2023-02-10
-6.93,0.93,0.0,0.5018811093980362,2023-02-11
-8.09,1.13,0.0,0.5755377988555496,2023-02-12
-4.6,3.06,0.0,0.5954997068208461,2023-02-13
-17.44,-3.94,0.0,0.4560776616279688,2023-02-14
-17.19,-10.9,0.0,0.1705672566165098,2023-02-15
-20.1,-2.65,0.0,0.5076240626509334,2023-02-16
-9.33,-0.71,0.0,0.5045194060367012,2023-02-17
-13.06,-4.76,0.0,0.3623039968163659,2023-02-18
-12.95,-7.76,1.13,0.1799081799699952,2023-02-19
-22.24,-11.75,0.0,0.2380752864261175,2023-02-20
-27.97,-18.14,0.0,0.1398104430134409,2023-02-21
-31.9,-25.55,0.0,0.1,2023-02-22
-29.92,-21.82,0.0,0.1,2023-02-23
-31.39,-19.77,0.0,0.1338184659282423,2023-02-24
-28.87,-12.74,0.0,0.252352650280468,2023-02-25
-18.89,-5.2,0.0,0.4820836647830563,2023-02-26
-16.56,-7.33,0.0,0.3685700202890337,2023-02-27
-22.07,-11.65,0.0,0.269827600752165,2023-02-28
-21.37,-6.7,0.0,0.4412348022841462,2023-03-01
-13.7,0.02,0.0,0.7354874920209948,2023-03-02
-11.13,-1.11,0.0,0.6535422679338035,2023-03-03
-15.81,-6.24,0.0,0.4386490893190714,2023-03-04
-21.8,-11.1,0.0,0.3079338372940184,2023-03-05
-25.92,-14.31,0.0,0.2378556580297594,2023-03-06
-17.72,-12.68,0.0,0.1477454673953459,2023-03-07
-19.04,-13.88,0.0,0.1411820415820439,2023-03-08
-20.12,-10.73,0.0,0.3217451113672369,2023-03-09
-14.56,-6.67,1.98,0.4263798969403656,2023-03-10
-13.3,-6.68,1.19,0.3854792239419328,2023-03-11
-20.1,-9.06,0.0,0.4151469249266572,2023-03-12
-17.59,-4.1,0.0,0.62763347016465,2023-03-13
-11.9,-0.33,0.3,0.8270275579813655,2023-03-14
-16.3,-4.35,0.0,0.6263953808311167,2023-03-15
-16.2,-6.24,0.0,0.5321893744895414,2023-03-16
-21.63,-8.38,0.0,0.4660177036183345,2023-03-17
-19.56,-1.21,0.0,0.7506698926142513,2023-03-18
-15.06,-3.46,0.0,0.692097537227988,2023-03-19
-12.88,-5.62,0.0,0.502260835799972,2023-03-20
-15.27,-6.83,0.0,0.497566073702503,2023-03-21
-16.97,-6.9,0.0,0.534323256239028,2023-03-22
-15.35,1.62,0.0,0.9387671073318812,2023-03-23
-14.79,-4.3,0.0,0.665540983749861,2023-03-24
-19.74,-4.28,0.0,0.6675642708046278,2023-03-25
-14.99,-6.6,0.0,0.5241492627007002,2023-03-26
-20.03,-9.35,0.0,0.4611078926409016,2023-03-27
-22.22,-6.65,0.0,0.5732480689886593,2023-03-28
-18.42,-1.43,0.0,0.8087559385425236,2023-03-29
-11.9,-1.9,0.0,0.8223181458772945,2023-03-30
-14.75,0.51,0.0,0.9359043020196574,2023-03-31
-9.9,1.82,0.0,1.0401393058539576,2023-04-01
-8.85,-3.62,2.62,0.3969177871952798,2023-04-02
-14.14,-8.09,0.0,0.4181586626011323,2023-04-03
-19.69,-6.9,0.0,0.612643569092762,2023-04-04
-22.87,-5.76,0.0,0.6323697951961363,2023-04-05
-20.57,-4.16,0.0,0.7166278482047242,2023-04-06
-13.56,1.84,0.0,1.0272139175236052,2023-04-07
-4.57,5.81,0.0,1.2743389389296698,2023-04-08
-0.37,7.46,0.0,1.333370252429409,2023-04-09
2.36,8.76,0.0,1.3666035661526257,2023-04-10
0.63,9.41,0.0,1.4691447645148348,2023-04-11
-0.24,9.32,0.0,1.4448052154025794,2023-04-12
-2.73,8.65,0.0,1.4264238478932685,2023-04-13
-0.66,10.34,0.0,1.5290279399260205,2023-04-14
-2.47,13.5,0.0,1.7212025123680534,2023-04-15
-1.13,16.1,0.0,1.8834911695635492,2023-04-16
3.22,17.77,0.0,2.0162188028029484,2023-04-17
-0.36,7.14,2.93,1.1362661736562505,2023-04-18
-3.55,0.99,6.31,0.514529242944706,2023-04-19
-4.01,-0.92,0.0,0.3902559866623534,2023-04-20
-5.12,3.02,0.0,1.1195945297796976,2023-04-21
-4.18,7.71,0.0,1.4196701449736342,2023-04-22
-5.24,10.36,0.0,1.5684599530387555,2023-04-23
-0.91,11.85,0.0,1.6853426752528893,2023-04-24
2.53,17.85,1.93,2.075921502031714,2023-04-25
1.34,15.74,0.0,1.9408588737798775,2023-04-26
1.53,10.96,0.0,1.6034258583267509,2023-04-27
-0.63,19.11,0.0,2.1339973620171686,2023-04-28
-1.45,16.62,0.0,1.986365856758244,2023-04-29
-2.16,16.99,0.0,2.0006450233992146,2023-04-30
-0.09,21.04,0.0,2.2585334794241843,2023-05-01
3.63,27.14,0.0,2.6529059222652096,2023-05-02
6.19,27.56,0.0,2.710821249253512,2023-05-03
6.09,27.96,0.0,2.7357329867772644,2023-05-04
4.64,20.44,0.0,2.2581576233989633,2023-05-05
4.57,18.27,0.0,2.107334680966902,2023-05-06
8.33,19.21,0.0,2.1154020100720374,2023-05-07
7.56,20.42,0.0,2.240448491933062,2023-05-08
3.38,21.55,0.0,2.3501052592149736,2023-05-09
7.29,21.81,0.0,2.348749680727946,2023-05-10
5.35,22.49,0.0,2.41332066767163,2023-05-11
8.26,19.35,0.0,2.1193264935356604,2023-05-12
4.53,25.17,0.0,2.5914385592803613,2023-05-13
5.94,27.07,0.0,2.7188882219496504,2023-05-14
10.22,28.45,0.0,2.8087372011657386,2023-05-15
9.9,31.23,0.0,2.999788479515329,2023-05-16
6.33,17.42,0.0,1.9995128800253632,2023-05-17
3.85,16.99,0.0,2.0171229013876975,2023-05-18
1.22,27.13,0.0,2.676068782111645,2023-05-19
10.69,26.38,0.0,2.631871641121585,2023-05-20
6.82,25.62,0.0,2.618753086181588,2023-05-21
12.96,31.63,2.71,2.7472651075295556,2023-05-22
12.35,25.09,2.77,2.2889949357069086,2023-05-23
10.58,21.47,13.46,2.050451840828335,2023-05-24
12.13,16.3,3.88,0.5828811515165253,2023-05-25
11.22,20.5,0.0,1.9941129398699,2023-05-26
8.18,18.8,5.97,1.659974796313228,2023-05-27
12.98,21.7,0.0,1.8835524934908527,2023-05-28
10.0,26.77,0.0,2.719871670477242,2023-05-29
10.66,29.39,0.49,2.9144751061005123,2023-05-30
11.5,31.48,0.0,3.061246897431952,2023-05-31
14.19,27.9,0.0,2.727790133667569,2023-06-01
12.9,23.48,0.0,2.3275676111421197,2023-06-02
16.4,26.84,9.39,2.065328040830162,2023-06-03
15.04,31.05,0.0,3.0080571316571194,2023-06-04
17.01,33.66,0.0,3.1676940204529203,2023-06-05
15.5,27.3,0.0,2.5657784423258247,2023-06-06
12.08,29.38,0.0,2.9368628852319594,2023-06-07
13.04,30.23,0.0,2.989225375427804,2023-06-08
11.1,26.08,0.0,2.690890777409652,2023-06-09
9.88,25.31,0.0,2.6561626028541987,2023-06-10
10.75,29.36,0.0,2.9553057918061016,2023-06-11
12.55,31.29,0.0,3.080251838422296,2023-06-12
12.85,31.62,0.0,3.103854440501028,2023-06-13
13.19,30.26,2.37,2.701251853065049,2023-06-14
9.92,19.4,0.0,1.852559860821093,2023-06-15
6.75,25.67,0.0,2.725809337413115,2023-06-16
12.16,22.67,0.0,2.1767901705475934,2023-06-17
7.84,25.34,15.2,2.3827594846182705,2023-06-18
9.93,23.18,0.0,2.294232467589944,2023-06-19
8.31,22.67,0.0,2.3440798348304974,2023-06-20
8.53,20.32,0.0,2.009050189618014,2023-06-21
6.78,24.23,0.0,2.586113648670187,2023-06-22
8.04,26.92,0.0,2.808543783957785,2023-06-23
9.07,27.65,0.0,2.8369937912841743,2023-06-24
10.99,30.48,5.38,2.5540886451813822,2023-06-25
11.61,26.92,0.0,2.5562583228752933,2023-06-26
11.24,28.72,0.0,2.7765527729721793,2023-06-27
11.46,25.43,0.0,2.347777858551964,2023-06-28
10.67,28.26,0.0,2.7526502865660993,2023-06-29
13.59,30.65,0.0,2.8869489141230615,2023-06-30
13.86,32.91,0.0,3.1090918517262867,2023-07-01
12.11,22.82,0.0,1.8717484868619207,2023-07-02
10.38,20.97,0.0,1.7565097065013329,2023-07-03
8.64,19.53,0.0,1.7220868935377769,2023-07-04
5.6,24.41,0.0,2.523468071389137,2023-07-05
8.32,26.83,0.0,2.683325410493292,2023-07-06
8.21,25.51,0.0,2.543262571870351,2023-07-07
8.65,28.13,0.0,2.7907100689774933,2023-07-08
11.44,30.94,0.0,2.978490487002151,2023-07-09
9.77,23.78,0.0,2.2199822431160547,2023-07-10
9.66,22.75,0.0,2.0872003881968317,2023-07-11
9.88,25.01,0.0,2.384824074209938,2023-07-12
11.39,25.98,0.0,2.4136143712863753,2023-07-13
10.91,21.82,0.0,1.8243857190637025,2023-07-14
8.37,24.67,0.0,2.4163852429572152,2023-07-15
7.84,23.73,0.0,2.3319594542841653,2023-07-16
8.6,27.61,3.85,2.254993770393114,2023-07-17
12.68,19.91,3.78,0.8332672227055129,2023-07-18
12.97,24.49,0.0,2.02926475113761,2023-07-19
10.65,27.35,0.0,2.6101831576417243,2023-07-20
11.25,29.15,0.0,2.7649960119816552,2023-07-21
11.51,29.23,1.98,2.7531322769848847,2023-07-22
13.92,31.22,0.0,2.8279438801334047,2023-07-23
16.14,35.14,0.0,3.129889139572646,2023-07-24
18.18,33.82,0.0,2.870453975906186,2023-07-25
11.83,26.58,0.0,2.39312116049759,2023-07-26
9.5,20.88,0.0,1.770127226153628,2023-07-27
8.17,21.97,0.0,2.039482646404142,2023-07-28
6.0,24.13,0.0,2.374419198024359,2023-07-29
8.28,30.41,0.0,2.873579169966878,2023-07-30
15.4,33.21,0.0,2.9251427645537427,2023-07-31
12.13,32.15,0.0,2.925081841323291,2023-08-01
12.3,31.42,0.0,2.828121723761253,2023-08-02
13.69,37.04,0.0,3.255738425550833,2023-08-03
13.81,27.71,0.0,2.2520599217978248,2023-08-04
9.38,27.15,0.0,2.4629664825525506,2023-08-05
8.94,27.88,0.0,2.540316800051801,2023-08-06
9.25,28.29,0.0,2.559502407217507,2023-08-07
9.26,24.71,0.0,2.165764009800386,2023-08-08
11.73,19.8,8.39,0.8430466451094005,2023-08-09
12.3,24.63,4.23,1.4329276465931973,2023-08-10
12.42,22.04,0.0,1.319646297723569,2023-08-11
9.54,24.13,4.77,1.564419342752608,2023-08-12
9.61,26.71,0.0,2.163936738779111,2023-08-13
12.23,33.94,0.0,2.729394327164478,2023-08-14
14.34,30.62,6.31,1.8535950043667175,2023-08-15
11.48,23.42,0.0,1.5120390188998962,2023-08-16
8.43,31.73,0.0,2.5491317674409313,2023-08-17
13.97,24.94,0.0,1.3997049926308498,2023-08-18
7.91,20.6,0.0,1.4225250083704293,2023-08-19
3.71,22.45,1.05,1.854148158149877,2023-08-20
12.88,19.26,12.6,0.6183881264509847,2023-08-21
13.42,17.21,7.49,0.3787819702145281,2023-08-22
13.62,23.2,0.0,1.1572620764674566,2023-08-23
10.38,22.89,0.0,1.5123730846054355,2023-08-24
10.12,21.14,0.0,1.2881040947330684,2023-08-25
9.3,29.93,0.0,2.3406725917466873,2023-08-26
11.13,28.06,0.0,2.0684314298226125,2023-08-27
10.44,31.25,0.0,2.379410662924542,2023-08-28
12.23,32.53,0.0,2.414503301813518,2023-08-29
14.9,28.46,0.0,1.7859955971212111,2023-08-30
12.5,20.95,3.95,0.7946222384262328,2023-08-31
13.25,27.08,0.0,1.7246058041830497,2023-09-01
12.84,28.62,0.0,2.0195098435714405,2023-09-02
8.08,30.68,0.0,2.3596625364574133,2023-09-03
9.07,20.64,0.0,1.3080654626744426,2023-09-04
1.61,17.84,0.0,1.457882803086333,2023-09-05
9.06,23.82,0.0,1.677272788497132,2023-09-06
7.53,21.35,0.0,1.4923160891483709,2023-09-07
3.23,22.71,0.0,1.7740807339223066,2023-09-08
7.56,24.62,0.0,1.7748497325897106,2023-09-09
7.04,25.17,0.0,1.8230958435066948,2023-09-10
6.73,23.04,0.0,1.6211856545394825,2023-09-11
8.63,29.35,0.0,2.081384392941054,2023-09-12
10.67,23.39,0.0,1.3864647101599676,2023-09-13
7.2,19.78,0.0,1.2298430870183985,2023-09-14
4.53,22.79,0.0,1.647405369130279,2023-09-15
6.49,30.7,0.0,2.1759190663869523,2023-09-16
6.92,31.46,0.0,2.319907936622746,2023-09-17
9.02,27.02,0.0,1.9079320504052804,2023-09-18
5.8,19.11,0.0,1.277344887924802,2023-09-19
5.11,20.42,0.0,1.4286466156898368,2023-09-20
2.54,21.82,0.0,1.6142176971729392,2023-09-21
3.79,23.6,0.0,1.7004254991688166,2023-09-22
9.36,21.84,0.0,1.2192392018395184,2023-09-23
10.5,24.58,0.0,1.486687434026902,2023-09-24
6.52,26.48,0.0,1.8511776035456764,2023-09-25
12.78,30.17,0.0,1.8909320701443213,2023-09-26
10.3,23.74,0.0,1.3625687239824027,2023-09-27
5.65,20.03,0.0,1.2709851995614283,2023-09-28
2.26,18.45,0.68,1.2709234998742096,2023-09-29
2.0,11.0,15.6,0.5535783020949052,2023-09-30
7.35,9.82,6.29,0.1841776984959858,2023-10-01
6.75,13.87,2.68,0.5038231172104448,2023-10-02
4.78,17.07,0.0,0.8851243058658591,2023-10-03
2.58,14.46,1.09,0.7990701816394081,2023-10-04
-0.88,9.09,0.0,0.5958086703730188,2023-10-05
-4.84,12.08,0.0,0.8760501923850367,2023-10-06
4.14,21.93,0.0,1.2290245809239415,2023-10-07
3.2,23.49,0.0,1.361500415986707,2023-10-08
3.91,22.98,0.0,1.287592874969807,2023-10-09
3.52,21.41,0.0,1.1764191466464788,2023-10-10
4.95,17.13,0.0,0.8434321148716041,2023-10-11
2.22,10.91,0.0,0.5550298826617529,2023-10-12
-1.83,13.28,0.0,0.8410443736760572,2023-10-13
-0.27,13.07,0.0,0.7786120103241916,2023-10-14
-0.37,16.41,0.0,0.9675298360277348,2023-10-15
1.24,18.2,0.0,1.0230792731719958,2023-10-16
8.04,20.0,0.0,0.8780799209239,2023-10-17
2.62,16.04,0.0,0.8459083695351826,2023-10-18
3.66,21.89,0.0,1.155180926943075,2023-10-19
3.86,15.54,0.0,0.7584037375581958,2023-10-20
-3.13,11.19,0.0,0.7356659903150233,2023-10-21
1.0,10.98,0.0,0.5909698982529005,2023-10-22
-4.0,2.7,1.76,0.3245176698574682,2023-10-23
-11.52,-4.14,0.0,0.2525411004978668,2023-10-24
-15.76,-5.03,0.0,0.3011697758004478,2023-10-25
-13.05,-3.93,0.0,0.2916001876106186,2023-10-26
-7.83,-2.73,0.26,0.2103322248141791,2023-10-27
-11.03,-2.64,0.31,0.302539079024137,2023-10-28
-9.13,-0.2,0.0,0.3534277547145244,2023-10-29
-13.42,-3.78,0.0,0.307394039391782,2023-10-30
-12.73,2.34,0.0,0.5072503185820889,2023-10-31
-8.71,0.02,0.0,0.344182243390218,2023-11-01
-6.23,4.02,0.0,0.4526253783875864,2023-11-02
-5.15,1.79,0.0,0.3156284019517069,2023-11-03
-5.16,3.6,1.48,0.3909041087355496,2023-11-04
0.08,2.19,0.81,0.1156106840905704,2023-11-05
0.93,3.22,0.0,0.1293376046824499,2023-11-06
0.53,3.31,2.65,0.1462663769844405,2023-11-07
-0.4,4.57,0.0,0.2670082563632728,2023-11-08
-5.86,0.34,0.0,0.2678974480402401,2023-11-09
-7.28,3.71,0.0,0.4490493641894043,2023-11-10
-2.21,8.94,0.0,0.5554102006382414,2023-11-11
-2.98,9.33,0.0,0.5918803059988872,2023-11-12
-3.89,9.36,0.0,0.6129877725249576,2023-11-13
-2.13,8.38,0.0,0.5201698558751899,2023-11-14
-5.67,6.61,0.0,0.5269137904934827,2023-11-15
-9.42,4.21,0.0,0.4964474422667522,2023-11-16
-3.72,12.38,0.0,0.73569746974983,2023-11-17
-2.98,13.72,0.0,0.7800053305553212,2023-11-18
-1.44,12.3,0.0,0.6792754778735386,2023-11-19
-4.31,6.46,0.0,0.4797725179976426,2023-11-20
-9.78,7.09,0.0,0.5970584257926569,2023-11-21
-10.06,-0.9,0.0,0.3121162114041805,2023-11-22
-17.51,-6.51,0.0,0.2540363229474406,2023-11-23
-12.12,1.72,0.0,0.4312530172581538,2023-11-24
-8.76,1.58,0.0,0.3719347409404374,2023-11-25
-15.03,-4.58,0.26,0.2775689201431596,2023-11-26
-8.53,1.3,0.0,0.3594707517204157,2023-11-27
-4.87,6.31,0.0,0.4715255690046874,2023-11-28
-6.11,3.39,0.0,0.3781602984475228,2023-11-29
-10.07,-0.76,0.0,0.3091959112823115,2023-11-30
-14.91,-0.04,0.0,0.3974926631606775,2023-12-01
-12.82,-0.93,0.0,0.3468878305504603,2023-12-02
-14.37,0.03,0.0,0.3928448105840976,2023-12-03
-9.43,0.65,0.0,0.3420999235288137,2023-12-04
-9.25,7.42,0.0,0.5831686435841511,2023-12-05
-4.25,6.52,0.52,0.4556965717557829,2023-12-06
-0.21,3.27,1.21,0.1685733236836073,2023-12-07
-6.63,0.23,0.0,0.2566285421856499,2023-12-08
-9.7,-1.05,0.0,0.2830693204239907,2023-12-09
-8.34,1.18,0.0,0.3341317214985447,2023-12-10
-12.32,-1.17,0.0,0.3257511705627793,2023-12-11
-13.98,0.65,0.0,0.4019174563657776,2023-12-12
-6.95,8.13,0.0,0.5728231331067204,2023-12-13
-4.21,6.87,0.0,0.4646296844512387,2023-12-14
-5.32,4.62,0.0,0.3968614675328232,2023-12-15
-4.09,4.36,0.0,0.3530627325955697,2023-12-16
-10.36,1.98,0.0,0.3982180663518052,2023-12-17
-11.02,1.62,0.0,0.396099016589225,2023-12-18
-3.86,-0.67,0.0,0.1316549479559669,2023-12-19
-5.94,4.72,0.0,0.4171528411540099,2023-12-20
-7.25,3.02,0.0,0.379687824406234,2023-12-21
-6.43,9.51,0.0,0.6194482555328756,2023-12-22
-5.77,3.52,0.0,0.3647283836279104,2023-12-23
-12.52,0.2,0.0,0.371368396938229,2023-12-24
-11.2,3.5,0.0,0.4626658870997094,2023-12-25
-9.55,6.64,0.0,0.5527652149991046,2023-12-26
-8.5,5.78,0.0,0.5072543547064301,2023-12-27
-8.14,9.15,0.0,0.6297346772435812,2023-12-28
-8.91,2.68,0.0,0.3994797985904303,2023-12-29
-13.32,0.65,0.0,0.3954011155982068,2023-12-30
-9.21,3.98,0.0,0.4523344946523757,2023-12-31
