MinTemp,MaxTemp,Precipitation,ReferenceET,Date
-31.59,-13.63,0.0,0.1770098805966571,2018-01-01
-21.69,-4.82,0.0,0.3156788092920278,2018-01-02
-14.5,-2.25,0.0,0.3307652242603097,2018-01-03
-14.07,-5.6,0.0,0.2267590349481665,2018-01-04
-13.73,-6.02,0.0,0.2094871150663742,2018-01-05
-11.22,2.1,0.0,0.4292187763714176,2018-01-06
-7.91,2.06,0.0,0.3689643064596514,2018-01-07
-9.58,-1.64,0.0,0.2686253235005569,2018-01-08
-10.37,1.19,0.0,0.3862068659145095,2018-01-09
-23.6,-14.93,0.36,0.1322879067636831,2018-01-10
-28.9,-21.68,0.0,0.1,2018-01-11
-31.25,-20.06,0.0,0.1037664119077667,2018-01-12
-27.49,-7.75,0.0,0.270273824230881,2018-01-13
-22.48,-9.11,0.0,0.2352881177177397,2018-01-14
-29.25,-15.61,0.0,0.1533495202257546,2018-01-15
-21.4,-0.41,0.0,0.4273153473333361,2018-01-16
-9.5,3.95,0.0,0.4827514147911796,2018-01-17
-7.16,7.86,0.0,0.6452394462152299,2018-01-18
-4.95,4.66,0.0,0.4173157551008936,2018-01-19
-8.26,1.53,0.0,0.3694921793562991,2018-01-20
-12.12,-0.22,0.0,0.3788112941595448,2018-01-21
-11.16,4.53,0.0,0.5679743977284558,2018-01-22
-10.89,0.52,0.0,0.3877682092199507,2018-01-23
-10.83,-1.75,0.0,0.3065601314349755,2018-01-24
-9.05,0.27,0.0,0.344942654661309,2018-01-25
-12.28,-5.62,0.5,0.2063587788641747,2018-01-26
-19.49,-13.16,0.0,0.1292712388222477,2018-01-27
-21.76,-13.61,0.34,0.1481032847009206,2018-01-28
-22.55,-2.39,0.0,0.3989533628573483,2018-01-29
-12.32,4.13,0.0,0.6085766022117034,2018-01-30
-22.67,-13.26,0.0,0.1670802412751797,2018-01-31
-26.24,-14.6,0.0,0.1682649796504438,2018-02-01
-21.71,-16.6,3.87,0.1,2018-02-02
-27.48,-20.04,1.3,0.1,2018-02-03
-29.09,-16.36,0.0,0.155497881052944,2018-02-04
-26.75,-15.53,0.0,0.1594420473145858,2018-02-05
-28.43,-17.14,0.0,0.1433834376545899,2018-02-06
-27.66,-13.53,0.0,0.1967627616063239,2018-02-07
-26.94,-17.05,0.0,0.1380673127803064,2018-02-08
-28.9,-16.18,0.0,0.1612963665781291,2018-02-09
-21.33,-9.72,0.0,0.2492934717515757,2018-02-10
-27.7,-15.31,0.0,0.1717646103455959,2018-02-11
-32.59,-12.89,0.0,0.2125570688277702,2018-02-12
-19.24,1.94,0.0,0.6557442781713625,2018-02-13
-13.61,1.17,1.48,0.6525019293192823,2018-02-14
-26.61,-12.92,0.0,0.2159776972711517,2018-02-15
-21.13,-3.95,0.0,0.4649849669330715,2018-02-16
-18.79,-10.04,0.0,0.2224333218622872,2018-02-17
-22.72,-12.38,0.0,0.2078127560903141,2018-02-18
-27.84,-13.29,0.0,0.2226980597774936,2018-02-19
-23.57,-11.61,0.0,0.2472950454683148,2018-02-20
-29.14,-9.86,0.0,0.3011021314829882,2018-02-21
-25.0,-8.74,0.0,0.3414530841391803,2018-02-22
-19.95,-6.59,0.0,0.4040921190493937,2018-02-23
-16.35,-1.79,0.0,0.594876797860927,2018-02-24
-16.51,-1.13,0.0,0.6287461899681256,2018-02-25
-14.75,-4.02,0.0,0.4703352759947339,2018-02-26
-14.78,-1.12,0.0,0.6339132455001149,2018-02-27
-13.56,0.86,0.0,0.7433092100324294,2018-02-28
-17.9,-1.55,0.0,0.6351724559521181,2018-03-01
-13.02,-3.74,0.0,0.4722208292456013,2018-03-02
-7.73,-3.87,4.14,0.1636450163291336,2018-03-03
-10.42,-4.81,7.9,0.2121424265661721,2018-03-04
-13.76,-8.72,0.8,0.1747581513447431,2018-03-05
-17.3,-7.6,0.0,0.3306120507207885,2018-03-06
-23.51,-5.87,0.0,0.4501809288084507,2018-03-07
-24.12,-7.91,0.0,0.3888719146476766,2018-03-08
-13.07,-0.68,0.0,0.6517702809305624,2018-03-09
-11.85,-1.69,0.0,0.5655433387682798,2018-03-10
-14.06,2.37,0.0,0.8418337019747888,2018-03-11
-16.19,-0.56,0.0,0.6995310469987966,2018-03-12
-16.09,2.28,0.0,0.8375546854298266,2018-03-13
-15.87,-0.82,0.0,0.6997841250125948,2018-03-14
-10.7,-2.84,0.0,0.4709187304639089,2018-03-15
-7.23,2.2,0.0,0.7795085814912414,2018-03-16
-5.17,0.89,1.66,0.5150157694460278,2018-03-17
-5.49,1.42,0.22,0.6057893225810348,2018-03-18
-8.08,0.29,0.0,0.6578001189883651,2018-03-19
-8.15,2.21,0.0,0.8485574614566667,2018-03-20
-10.44,2.76,0.0,0.9454247186954934,2018-03-21
-8.65,1.1,0.0,0.7894660096611791,2018-03-22
-4.77,0.7,4.43,0.3677623436175284,2018-03-23
-8.95,2.97,0.0,0.9654103758367246,2018-03-24
-6.16,1.85,0.0,0.7904329028204184,2018-03-25
-7.55,4.78,0.0,1.1241529744190395,2018-03-26
-9.21,5.28,0.0,1.176098073404579,2018-03-27
-12.34,-2.0,0.69,0.7183547309187929,2018-03-28
-19.06,-5.89,0.76,0.5659835958099076,2018-03-29
-22.7,-12.6,0.0,0.3110070682237359,2018-03-30
-21.88,-9.63,0.0,0.4344397347546482,2018-03-31
-18.27,-5.2,0.0,0.6232218923608729,2018-04-01
-19.81,-5.34,0.0,0.6158421498094392,2018-04-02
-15.83,-3.22,0.0,0.7204956089887257,2018-04-03
-17.76,-2.24,0.0,0.7690005866581165,2018-04-04
-17.83,-7.68,0.0,0.4894310944092246,2018-04-05
-22.42,-9.2,0.0,0.4661302517414003,2018-04-06
-20.72,-4.7,0.0,0.6572975965689569,2018-04-07
-11.93,-2.62,0.0,0.7241220429923155,2018-04-08
-7.2,1.23,0.0,0.9105681879495934,2018-04-09
-9.76,7.29,0.0,1.3514347765353494,2018-04-10
-2.88,2.28,1.08,0.7223726294952406,2018-04-11
-4.07,-0.06,0.0,0.4767634098839068,2018-04-12
-4.03,1.18,0.0,0.7136200657946824,2018-04-13
-3.56,7.04,0.0,1.4128590845093916,2018-04-14
-3.21,9.27,0.0,1.5587840451404402,2018-04-15
-1.4,5.19,3.0,0.8723090180154729,2018-04-16
-1.78,1.9,5.34,0.3293066732450754,2018-04-17
-5.23,9.33,0.0,1.5645740860123638,2018-04-18
-2.38,11.92,0.0,1.7418149293380984,2018-04-19
-0.34,18.18,0.0,2.134032478651521,2018-04-20
1.08,20.06,0.0,2.2633582952577687,2018-04-21
2.19,14.41,0.0,1.8985476137259816,2018-04-22
-0.8,13.22,0.0,1.831785320406167,2018-04-23
-1.66,20.08,0.0,2.2254128605568675,2018-04-24
3.02,17.41,0.0,2.0408063544215453,2018-04-25
-0.91,22.16,0.0,2.278680959311617,2018-04-26
-0.86,16.27,0.0,1.9565349694599072,2018-04-27
0.99,26.12,0.0,2.531689433592036,2018-04-28
5.97,21.31,0.0,2.295599231549618,2018-04-29
0.24,11.5,0.0,1.6095858001709369,2018-04-30
-3.32,16.46,0.0,1.94652045954234,2018-05-01
1.41,18.12,0.0,2.096115730543326,2018-05-02
5.87,21.72,0.0,2.3390798880222112,2018-05-03
4.6,24.19,0.0,2.5049272688015516,2018-05-04
5.76,24.59,0.0,2.5357844533660288,2018-05-05
4.19,27.2,0.0,2.683400305177143,2018-05-06
11.19,26.66,0.0,2.64738992347882,2018-05-07
8.95,18.06,6.05,1.674367665460986,2018-05-08
3.3,13.64,0.0,1.7035076423569195,2018-05-09
2.76,11.88,2.95,1.2057424647760189,2018-05-10
4.52,10.93,2.63,0.8028519857739168,2018-05-11
2.89,18.03,0.0,2.110867998980722,2018-05-12
5.88,26.42,0.0,2.67948588512285,2018-05-13
4.19,24.42,0.0,2.542051726055193,2018-05-14
11.69,31.89,0.0,3.0328244925886745,2018-05-15
9.0,28.17,0.0,2.789615440761987,2018-05-16
7.35,15.28,1.45,1.4258889851282988,2018-05-17
4.4,18.05,0.0,2.0769660013527855,2018-05-18
1.65,21.67,0.0,2.352654964082014,2018-05-19
2.37,24.76,0.0,2.557690968287132,2018-05-20
9.64,29.91,0.0,2.920112069450614,2018-05-21
10.46,27.35,0.0,2.7220347624157064,2018-05-22
8.76,29.18,4.28,2.62931330772783,2018-05-23
11.46,26.13,2.37,2.270158185728141,2018-05-24
10.72,27.88,0.0,2.7684999062196516,2018-05-25
10.15,30.54,0.0,2.9783374325836527,2018-05-26
10.59,25.93,0.0,2.6229293341322184,2018-05-27
9.37,30.1,0.0,2.963699358642941,2018-05-28
12.75,28.19,0.0,2.7698166138706166,2018-05-29
11.13,25.01,5.91,2.1437398583203477,2018-05-30
8.74,14.86,0.0,0.9581106452173592,2018-05-31
9.04,15.8,10.0,0.8371456470076677,2018-06-01
7.39,18.31,0.0,1.7810020940084363,2018-06-02
7.48,24.16,0.0,2.5813618389546105,2018-06-03
9.73,28.41,1.3,2.88298936467742,2018-06-04
9.56,21.33,0.0,2.2040587029339593,2018-06-05
6.8,27.2,0.0,2.8174666088015305,2018-06-06
8.92,27.31,0.0,2.813162017108474,2018-06-07
12.91,24.08,0.0,2.2978378345523756,2018-06-08
12.61,30.29,0.0,2.986374216617048,2018-06-09
13.77,25.22,0.0,2.374799090262104,2018-06-10
6.55,18.92,0.0,2.0473915396395936,2018-06-11
7.2,22.36,0.0,2.4467664360211963,2018-06-12
7.34,26.22,0.0,2.748257510950425,2018-06-13
9.34,22.5,1.78,2.395512445166822,2018-06-14
8.91,23.15,0.0,2.492503139115581,2018-06-15
7.5,21.04,0.0,2.3126243822444716,2018-06-16
8.19,25.12,0.0,2.6632365656964323,2018-06-17
8.02,27.33,0.0,2.8321350955569837,2018-06-18
10.87,26.16,0.0,2.7088940376433994,2018-06-19
9.85,29.09,0.0,2.95588688247243,2018-06-20
11.96,29.29,0.0,2.944797361118029,2018-06-21
13.79,28.25,0.0,2.8181629850425116,2018-06-22
12.38,27.08,17.22,2.4496519385391857,2018-06-23
14.81,26.48,0.0,2.360890289409774,2018-06-24
13.73,29.31,2.22,2.3843991128868036,2018-06-25
11.91,24.97,0.0,2.4019572178064466,2018-06-26
7.21,25.27,0.0,2.689185785801233,2018-06-27
8.01,25.26,0.0,2.672004050059995,2018-06-28
11.62,22.94,0.0,2.123883385405185,2018-06-29
12.38,24.25,4.19,1.7999690329455784,2018-06-30
11.13,20.92,2.14,1.353177271898183,2018-07-01
9.22,22.75,2.95,1.789276864024793,2018-07-02
6.67,21.46,10.94,1.7779645372424384,2018-07-03
10.31,19.37,7.94,1.0786151244324995,2018-07-04
7.58,25.04,0.0,2.389705826863822,2018-07-05
14.12,33.79,0.0,3.01918940982364,2018-07-06
14.27,30.78,0.0,2.6835235858085396,2018-07-07
10.1,25.35,0.0,2.2786290404683114,2018-07-08
9.31,28.69,0.0,2.6772875215522185,2018-07-09
13.07,28.96,4.26,2.038236911388506,2018-07-10
14.76,25.43,0.0,1.7532721836702314,2018-07-11
13.58,29.17,0.0,2.462034865773753,2018-07-12
12.92,32.85,0.0,2.9005285783948267,2018-07-13
12.01,21.72,0.0,1.461670910078003,2018-07-14
8.3,25.69,0.0,2.3523823172705,2018-07-15
6.35,26.17,0.0,2.4725031837387834,2018-07-16
9.91,34.24,0.0,3.11089351125591,2018-07-17
16.14,31.9,0.0,2.633184890814216,2018-07-18
14.18,28.5,0.0,2.334965792422264,2018-07-19
11.97,29.35,0.0,2.597935032952499,2018-07-20
15.18,27.93,0.0,2.1434269524254357,2018-07-21
11.57,23.62,0.0,1.8603729519046284,2018-07-22
9.22,23.92,0.0,2.105406777492469,2018-07-23
8.13,23.37,2.0,1.7052186618524685,2018-07-24
9.22,21.77,0.0,1.7822996995250808,2018-07-25
6.23,23.34,0.0,2.157979048765382,2018-07-26
8.22,24.13,0.0,2.1442812511159026,2018-07-27
8.36,27.31,0.0,2.46403112725542,2018-07-28
8.44,29.64,0.0,2.6543248742322603,2018-07-29
10.95,32.12,0.0,2.7872218231133923,2018-07-30
11.89,24.57,0.0,1.8351416408247057,2018-07-31
7.43,28.08,0.0,2.491824054626943,2018-08-01
14.54,30.44,2.46,1.9302578296051505,2018-08-02
13.15,29.25,1.81,2.286848914230404,2018-08-03
12.74,23.06,2.16,1.08465766030267,2018-08-04
12.8,23.2,5.06,1.0923973297977323,2018-08-05
10.56,29.13,0.0,2.354100957511467,2018-08-06
12.62,31.66,0.0,2.5382057681521233,2018-08-07
11.33,30.26,0.0,2.4491473040322886,2018-08-08
12.63,33.8,0.0,2.7356371095542844,2018-08-09
13.24,38.89,0.0,3.1219577154929676,2018-08-10
14.93,37.37,0.0,2.9358285392376526,2018-08-11
13.32,24.66,0.53,1.5302312297686589,2018-08-12
8.19,17.8,0.0,1.0606427729619283,2018-08-13
3.63,27.84,0.0,2.3793259904853277,2018-08-14
11.46,29.9,0.0,2.329545205799826,2018-08-15
10.05,29.06,0.0,2.3191378457622767,2018-08-16
11.37,33.26,0.0,2.6350016608714237,2018-08-17
10.78,25.4,0.0,1.8285685234570992,2018-08-18
3.88,24.02,0.0,2.0210197762742257,2018-08-19
5.38,23.36,0.0,1.8932277468862404,2018-08-20
5.13,26.9,0.0,2.198750842196325,2018-08-21
9.83,30.37,0.0,2.3734051524020146,2018-08-22
8.67,30.63,0.0,2.433220203741245,2018-08-23
8.41,23.62,0.0,1.7261775658483212,2018-08-24
7.25,19.75,0.0,1.3311195737664494,2018-08-25
7.47,16.93,2.35,0.7787149121710811,2018-08-26
7.83,14.28,4.82,0.5376728351305489,2018-08-27
7.27,18.42,0.0,1.113797449005508,2018-08-28
6.11,27.02,0.0,2.1303967760888236,2018-08-29
10.34,23.01,1.27,1.4490053670544318,2018-08-30
7.24,20.0,0.0,1.398031512956074,2018-08-31
6.41,21.58,0.0,1.6317401779456742,2018-09-01
3.51,20.35,0.0,1.6351162126595944,2018-09-02
4.63,24.05,0.0,1.9202979836626368,2018-09-03
2.81,15.06,0.0,1.093526229842219,2018-09-04
-0.51,21.83,0.0,1.8083483981615935,2018-09-05
2.71,25.03,0.0,1.9908990556539423,2018-09-06
6.58,24.65,0.0,1.841697630063598,2018-09-07
11.29,27.52,0.0,1.8718107560479185,2018-09-08
7.89,22.6,0.0,1.5501974395350897,2018-09-09
3.37,23.7,0.0,1.8333679851953004,2018-09-10
5.56,17.59,0.0,1.1159159439460615,2018-09-11
4.67,15.01,0.91,0.8678136459283698,2018-09-12
3.53,12.72,2.0,0.6461035403554991,2018-09-13
2.9,9.47,0.0,0.4964688393501523,2018-09-14
5.42,13.41,7.13,0.5955895085322075,2018-09-15
7.07,10.78,8.49,0.2929193812538991,2018-09-16
4.91,13.98,1.06,0.7363915648744038,2018-09-17
4.08,11.03,0.0,0.5520263705075938,2018-09-18
2.24,14.73,0.0,0.9458126598614388,2018-09-19
2.26,10.34,0.0,0.6081035181535495,2018-09-20
0.68,9.12,4.13,0.547662209085893,2018-09-21
-0.08,1.76,8.94,0.1209544164568801,2018-09-22
-0.13,4.49,0.4,0.3227489613168049,2018-09-23
0.36,12.14,0.62,0.8392270050892471,2018-09-24
1.49,13.34,0.79,0.8704657616335897,2018-09-25
2.99,16.33,0.0,1.04048918288343,2018-09-26
-1.94,9.1,0.0,0.7055760442056525,2018-09-27
-4.01,8.47,0.0,0.7345510236687842,2018-09-28
-2.5,7.58,0.0,0.6286223829191356,2018-09-29
-7.24,4.45,0.75,0.6208178973106886,2018-09-30
-1.92,5.74,1.61,0.4848753117753759,2018-10-01
-1.27,2.89,2.2,0.2436017927771758,2018-10-02
-2.52,5.26,0.27,0.483693282189494,2018-10-03
-6.3,5.38,0.0,0.6164581135517752,2018-10-04
-2.86,7.46,0.0,0.6282459534600755,2018-10-05
-4.45,11.84,0.0,0.9772847600050196,2018-10-06
-2.99,13.28,0.0,1.031390283145465,2018-10-07
-2.49,2.8,0.0,0.3260484191056758,2018-10-08
-3.21,1.57,0.0,0.2862966670783196,2018-10-09
-7.08,4.72,0.0,0.5930202966488393,2018-10-10
-9.17,6.18,0.0,0.7060784195955576,2018-10-11
-5.48,8.23,6.21,0.6615669568539719,2018-10-12
-4.79,-0.61,0.0,0.2278605053745294,2018-10-13
-8.61,3.75,0.0,0.5628969176118003,2018-10-14
-1.12,13.4,0.0,0.897300336168889,2018-10-15
-0.74,10.68,0.0,0.7000871948379493,2018-10-16
-1.82,21.51,0.0,1.3501423308008056,2018-10-17
2.8,19.71,0.0,1.1523876456327824,2018-10-18
-3.26,13.24,0.0,0.8797811513399145,2018-10-19
-7.75,16.53,0.0,1.0869285603287828,2018-10-20
-1.62,14.85,0.0,0.913853702250425,2018-10-21
-5.99,11.22,0.0,0.8082354125186653,2018-10-22
-4.75,16.19,0.0,1.0208033387787172,2018-10-23
-2.19,18.82,0.0,1.114844559651277,2018-10-24
-0.63,15.76,0.0,0.911467232216504,2018-10-25
-1.88,12.9,0.0,0.7869503321761379,2018-10-26
-0.6,13.05,0.0,0.7559578101564769,2018-10-27
-5.45,10.0,0.0,0.7134012515655364,2018-10-28
0.0,10.73,0.0,0.6007612985115259,2018-10-29
-2.02,7.23,0.0,0.4783289703054811,2018-10-30
-3.03,10.27,0.0,0.6622806736031374,2018-10-31
-3.02,4.85,1.18,0.3845731128002183,2018-11-01
-2.11,0.5,3.08,0.1233665171624139,2018-11-02
-4.71,1.24,0.0,0.2670188163777965,2018-11-03
-2.17,3.94,3.47,0.2886814500576479,2018-11-04
-7.86,-0.08,1.25,0.3128825575745079,2018-11-05
-12.37,-8.53,0.3,0.1190480239888399,2018-11-06
-12.23,-9.84,0.0,0.1,2018-11-07
-18.17,-9.49,0.0,0.201563114260156,2018-11-08
-22.52,-4.47,2.0,0.3517291843644232,2018-11-09
-10.2,-3.14,0.47,0.2476569110087576,2018-11-10
-11.44,-6.62,0.0,0.1551713271846384,2018-11-11
-15.46,-4.63,0.0,0.2949999086429513,2018-11-12
-8.36,4.73,0.0,0.5105036571036566,2018-11-13
-1.66,5.8,0.0,0.3763332874497543,2018-11-14
-1.49,3.52,0.59,0.2519546815009958,2018-11-15
-16.77,-4.36,0.0,0.3149438672183455,2018-11-16
-19.05,-6.39,0.0,0.2817274219952921,2018-11-17
-10.99,-6.09,1.3,0.1590849397851624,2018-11-18
-13.2,1.53,0.0,0.454858928707639,2018-11-19
-5.8,3.05,0.0,0.3773519592214819,2018-11-20
-5.51,2.35,0.0,0.3386216669665146,2018-11-21
-2.38,6.16,0.0,0.4108246622972487,2018-11-22
-5.2,3.46,0.0,0.3721913668071248,2018-11-23
-7.29,-4.44,0.0,0.1085287402803827,2018-11-24
-7.65,-4.63,0.0,0.1136276853817996,2018-11-25
-7.53,-3.47,0.0,0.1552785079019477,2018-11-26
-5.01,-0.06,0.0,0.2139034827652411,2018-11-27
-5.85,-2.04,0.0,0.1575402355585385,2018-11-28
-6.0,0.06,0.0,0.2509679304191916,2018-11-29
-8.23,-2.67,0.0,0.207206578369421,2018-11-30
-7.09,-4.46,3.65,0.1,2018-12-01
-8.19,-3.6,0.0,0.1730753050555254,2018-12-02
-12.78,-4.53,0.0,0.2497207977578396,2018-12-03
-13.63,-6.11,0.55,0.2162692512402692,2018-12-04
-14.15,-6.0,0.16,0.2278919902727171,2018-12-05
-14.57,-8.19,0.0,0.1719304889776327,2018-12-06
-18.87,-6.94,0.0,0.2576382218963478,2018-12-07
-17.75,-7.45,0.0,0.2350895470236654,2018-12-08
-15.05,-2.38,0.0,0.3395881789903374,2018-12-09
-13.54,1.75,0.0,0.4465185235713538,2018-12-10
-8.07,0.91,0.0,0.3355457376557491,2018-12-11
-5.22,1.12,0.0,0.2681626659182792,2018-12-12
-8.92,3.03,0.0,0.4307648074029073,2018-12-13
-7.92,5.28,0.0,0.4966152986125397,2018-12-14
-2.86,4.87,0.0,0.3589915302007693,2018-12-15
-11.05,-2.96,0.0,0.2601504298746795,2018-12-16
-7.7,5.21,0.0,0.4894692443004062,2018-12-17
-4.18,5.11,0.0,0.4083041147638358,2018-12-18
-3.39,3.08,0.0,0.2942169411535587,2018-12-19
-7.35,2.81,0.0,0.3903789773150928,2018-12-20
-4.43,3.83,0.0,0.3598142823992475,2018-12-21
-8.08,-4.07,0.0,0.1466479306354278,2018-12-22
-15.04,-4.64,2.45,0.2632135106805419,2018-12-23
-15.18,-7.58,1.02,0.1951959062090203,2018-12-24
-16.15,-9.03,0.0,0.1721834062468672,2018-12-25
-14.2,-6.71,0.0,0.2027999704130966,2018-12-26
-19.33,-8.53,0.48,0.2226974244358379,2018-12-27
-20.07,-5.23,0.0,0.30170472913006,2018-12-28
-12.74,-3.0,1.25,0.2879660240411047,2018-12-29
-18.11,-8.74,0.71,0.2052868353660921,2018-12-30
-27.18,-16.04,0.0,0.1381532413230652,2018-12-31
-25.12,-2.14,0.0,0.3738277650672639,2019-01-01
-10.28,4.13,0.0,0.4871726202325704,2019-01-02
-5.27,3.83,0.0,0.3771039852185894,2019-01-03
-7.72,3.21,0.0,0.4106393134850277,2019-01-04
-6.34,-2.14,0.0,0.1622276306974073,2019-01-05
-5.58,2.04,0.0,0.3119761590962382,2019-01-06
-12.58,-1.57,0.59,0.3302588840384954,2019-01-07
-20.12,-14.0,0.0,0.1135582506830588,2019-01-08
-21.71,-8.26,0.0,0.2466533680162496,2019-01-09
-14.6,-6.29,0.0,0.2207721363673663,2019-01-10
-17.0,-8.98,0.0,0.1863531633056827,2019-01-11
-13.65,0.84,0.0,0.4250815417211813,2019-01-12
-11.93,-0.48,0.0,0.3615308747112012,2019-01-13
-11.36,-0.57,0.0,0.3500788700871369,2019-01-14
-16.14,-4.09,0.0,0.3079853579898695,2019-01-15
-16.98,-12.49,0.56,0.1015224342104005,2019-01-16
-23.63,-15.41,0.0,0.1284075174500414,2019-01-17
-26.21,-17.24,0.0,0.1191178475590392,2019-01-18
-20.73,-14.66,4.81,0.1069183365305618,2019-01-19
-18.35,-10.68,0.0,0.1684770715768427,2019-01-20
-17.46,-5.75,0.0,0.2828048450272368,2019-01-21
-15.12,-2.08,0.0,0.3630612226518357,2019-01-22
-21.04,-4.42,0.0,0.3412309019710801,2019-01-23
-28.45,-8.88,0.0,0.2598353772621244,2019-01-24
-20.61,-3.93,0.0,0.353879643501186,2019-01-25
-12.17,-0.71,1.58,0.3744301652843573,2019-01-26
-8.22,4.04,1.94,0.4862760178990682,2019-01-27
-21.5,-9.82,0.0,0.2281638747643812,2019-01-28
-28.58,-20.25,0.0,0.1,2019-01-29
-23.37,-11.74,0.27,0.2035794708956413,2019-01-30
-15.17,-0.77,0.0,0.4195654410354253,2019-01-31
-17.93,-7.62,0.0,0.2530247345767962,2019-02-01
-21.86,-14.99,0.0,0.1282650026430354,2019-02-02
-25.19,-21.53,1.09,0.1,2019-02-03
-26.07,-21.71,3.45,0.1,2019-02-04
-31.7,-22.03,0.0,0.1,2019-02-05
-34.8,-25.99,0.0,0.1,2019-02-06
-37.58,-24.92,0.0,0.1,2019-02-07
-37.57,-25.02,0.0,0.1,2019-02-08
-33.78,-23.77,0.0,0.1,2019-02-09
-31.7,-20.8,0.0,0.1121188694063331,2019-02-10
-28.76,-16.97,1.79,0.1534290274579667,2019-02-11
-31.78,-19.54,0.34,0.129111601747392,2019-02-12
-27.87,-20.25,0.0,0.1015626392940808,2019-02-13
-32.79,-20.32,0.0,0.1237434561632583,2019-02-14
-33.29,-17.4,2.08,0.1484428263551373,2019-02-15
-20.9,-14.01,4.09,0.1375884549446783,2019-02-16
-20.73,-14.25,1.22,0.1419998429605461,2019-02-17
-26.44,-18.0,0.67,0.129887967203062,2019-02-18
-28.42,-10.8,0.0,0.2604961130045607,2019-02-19
-23.94,-9.32,1.02,0.2850729073970403,2019-02-20
-24.28,-12.81,0.0,0.2145880478078017,2019-02-21
-27.04,-10.7,0.0,0.2668934964956403,2019-02-22
-23.07,-13.52,0.0,0.1936620769227063,2019-02-23
-31.29,-20.25,0.0,0.1286067502604995,2019-02-24
-34.06,-19.27,0.0,0.1466524913076286,2019-02-25
-28.95,-16.76,0.0,0.1728762328891098,2019-02-26
-22.17,-8.98,0.0,0.3239997902570295,2019-02-27
-18.21,-8.37,0.0,0.303627487785697,2019-02-28
-26.47,-15.97,0.0,0.1780665374166485,2019-03-01
-32.79,-21.57,0.0,0.1216300207413501,2019-03-02
-26.38,-16.51,0.0,0.1701661772701067,2019-03-03
-22.77,-11.15,0.0,0.2769935601996857,2019-03-04
-18.62,-8.88,0.0,0.3096293725629064,2019-03-05
-25.68,-13.46,0.0,0.2332595857863935,2019-03-06
-24.22,-7.86,0.0,0.3923152158722738,2019-03-07
-16.39,-4.12,0.0,0.513425701565734,2019-03-08
-15.57,-4.97,0.0,0.4628403900678068,2019-03-09
-21.49,-6.68,0.0,0.4448822256616215,2019-03-10
-17.29,1.33,0.0,0.7777523259075477,2019-03-11
-3.51,3.46,0.0,0.6585670042573055,2019-03-12
-5.08,2.38,0.0,0.6707961837532229,2019-03-13
-9.27,1.42,0.0,0.7880356364393039,2019-03-14
-11.64,2.73,0.0,0.9173747395241092,2019-03-15
-8.52,3.75,0.0,0.9704083293043018,2019-03-16
-10.26,4.63,0.0,1.050571111494194,2019-03-17
-3.55,5.11,0.0,0.942504969057006,2019-03-18
-3.77,9.99,0.0,1.4209534266939272,2019-03-19
-2.27,13.59,0.0,1.628392962670734,2019-03-20
-1.93,12.22,0.0,1.563604089485638,2019-03-21
-2.04,14.02,0.0,1.6661700854135364,2019-03-22
-2.47,13.9,0.0,1.6605008329326771,2019-03-23
-4.76,4.21,0.0,0.9578199808155528,2019-03-24
-6.94,4.21,0.0,1.07788705450428,2019-03-25
-1.02,17.29,0.0,1.876415635955783,2019-03-26
-1.04,6.71,0.0,1.0859716286246388,2019-03-27
-5.76,7.24,0.0,1.3109682346353508,2019-03-28
-5.27,4.88,0.0,1.1324449006006805,2019-03-29
-6.93,13.81,0.0,1.6350639397764013,2019-03-30
-4.48,5.64,0.0,1.1881097479519085,2019-03-31
-3.84,9.01,0.7,1.4304869507036997,2019-04-01
-6.26,4.97,0.0,1.1810186201728423,2019-04-02
-8.66,12.04,0.0,1.54057359902539,2019-04-03
-0.66,15.0,0.0,1.8040140847361756,2019-04-04
-3.02,8.99,0.0,1.4377427009735062,2019-04-05
1.32,10.44,1.09,1.496212403381049,2019-04-06
0.52,17.1,0.0,1.9566290673339253,2019-04-07
-2.63,16.9,0.0,1.9149978981799471,2019-04-08
-4.74,10.27,0.0,1.52823999122533,2019-04-09
-5.54,8.56,0.0,1.4338062857916292,2019-04-10
-7.95,8.16,0.0,1.3950558010083658,2019-04-11
-8.97,10.16,0.0,1.4837461640430667,2019-04-12
-5.52,15.21,0.0,1.8020470235612704,2019-04-13
3.57,16.64,0.0,1.9365281779529844,2019-04-14
-0.95,14.37,0.0,1.8064213070678117,2019-04-15
-5.01,14.06,0.0,1.760922097770529,2019-04-16
0.19,14.47,0.0,1.8151410165553357,2019-04-17
-0.79,17.59,0.0,2.0177995320389024,2019-04-18
5.3,21.99,0.0,2.2505934121148057,2019-04-19
4.77,17.62,0.0,1.9533852830031064,2019-04-20
-1.33,15.0,0.0,1.8091087322381625,2019-04-21
-1.87,21.09,0.0,2.155612359607173,2019-04-22
6.91,21.14,0.0,2.192981597851099,2019-04-23
1.17,17.75,0.0,1.9946706577960125,2019-04-24
-1.81,12.74,0.0,1.6768425451093505,2019-04-25
-3.96,11.86,0.0,1.6183154574848069,2019-04-26
-1.25,11.07,5.43,1.4558321627346154,2019-04-27
-4.52,2.65,3.4,0.6968212528459523,2019-04-28
-9.73,5.94,0.0,1.2641244880538514,2019-04-29
-3.89,9.46,0.98,1.4866610608971942,2019-04-30
-5.95,10.4,0.0,1.5420757668415774,2019-05-01
-2.65,12.87,0.0,1.7078885138285225,2019-05-02
-5.32,12.86,0.0,1.696599348547431,2019-05-03
-3.31,8.58,0.0,1.437706513522974,2019-05-04
-7.26,7.17,0.0,1.3604011334359254,2019-05-05
-7.41,12.22,0.0,1.64300966215871,2019-05-06
-0.52,15.7,0.0,1.911235385194184,2019-05-07
-4.4,12.61,0.0,1.7056832851373869,2019-05-08
0.25,14.56,0.0,1.8397943280641147,2019-05-09
2.51,18.37,2.69,1.9335535578597047,2019-05-10
1.84,15.53,0.0,1.9048255275912267,2019-05-11
1.79,24.84,0.0,2.5298688120393895,2019-05-12
4.16,21.18,0.0,2.3108272705327955,2019-05-13
2.03,22.9,0.0,2.4209830063048794,2019-05-14
6.09,21.92,0.0,2.3523802863198213,2019-05-15
-0.53,15.6,0.0,1.9367172021418797,2019-05-16
0.33,16.38,0.0,1.9918455461081872,2019-05-17
0.72,14.24,0.0,1.8399853846195915,2019-05-18
-3.07,15.99,0.0,1.9609290185666528,2019-05-19
-1.16,19.23,0.0,2.181673769588629,2019-05-20
1.51,20.56,0.0,2.289300453287092,2019-05-21
3.51,23.56,0.0,2.5035923348261444,2019-05-22
3.16,23.99,0.0,2.530151469992598,2019-05-23
4.08,22.54,0.0,2.435729467104541,2019-05-24
4.67,17.04,2.17,1.852281138705696,2019-05-25
1.35,18.72,0.0,2.1744341926175625,2019-05-26
0.88,21.09,0.0,2.332903517747879,2019-05-27
5.34,27.16,0.0,2.7531508772051305,2019-05-28
9.91,30.2,0.0,2.9552185527231543,2019-05-29
10.91,32.56,0.0,3.1110077248020223,2019-05-30
5.46,20.94,0.0,2.298307390552163,2019-05-31
5.67,25.26,0.0,2.6237802115779756,2019-06-01
10.41,32.66,0.0,3.125033809763556,2019-06-02
9.79,34.61,0.0,3.24775070776569,2019-06-03
12.42,25.27,0.0,2.487651076553971,2019-06-04
10.53,25.38,0.0,2.5637353462511534,2019-06-05
12.53,27.47,0.0,2.692640822036429,2019-06-06
9.29,22.49,0.0,2.350049345574341,2019-06-07
3.92,17.1,0.0,2.01635878885907,2019-06-08
3.94,20.42,0.0,2.284361248370744,2019-06-09
3.32,23.99,0.0,2.5454129369163407,2019-06-10
7.24,21.89,1.3,2.356292081153053,2019-06-11
6.01,24.69,0.66,2.596815378627536,2019-06-12
8.14,30.1,1.48,2.976989793172172,2019-06-13
11.92,23.84,2.77,2.2192359010290628,2019-06-14
10.19,19.14,3.04,1.884156834874113,2019-06-15
8.67,17.88,0.97,1.9600384614022852,2019-06-16
5.97,22.33,0.0,2.428637770909417,2019-06-17
8.15,26.73,0.0,2.7478283320761547,2019-06-18
10.31,22.26,28.31,2.149553202758133,2019-06-19
8.19,15.01,7.15,0.8177599258959661,2019-06-20
6.8,15.77,24.88,1.0801129860006002,2019-06-21
10.53,15.56,9.23,0.5235971793170553,2019-06-22
10.21,22.34,1.31,1.8320927764193256,2019-06-23
9.32,20.99,0.0,1.705069898715797,2019-06-24
8.98,22.49,0.0,1.9706562944284396,2019-06-25
8.11,24.21,0.0,2.2609713974634973,2019-06-26
12.0,25.55,12.67,1.7313273500774944,2019-06-27
13.72,23.93,2.63,1.2373873030757403,2019-06-28
13.91,25.22,0.0,1.8191519643383152,2019-06-29
9.92,22.56,0.0,1.8546932763042363,2019-06-30
9.11,27.47,2.93,2.063353744159385,2019-07-01
6.26,19.96,0.0,1.805443665908788,2019-07-02
8.35,20.56,0.0,1.7406911133464047,2019-07-03
8.77,21.27,0.0,1.8011328472307402,2019-07-04
11.22,21.11,0.0,1.5059735347943888,2019-07-05
11.59,25.76,0.0,2.1921602099555044,2019-07-06
13.71,28.09,0.0,2.3206799904038697,2019-07-07
14.06,24.4,0.0,1.7038381032830394,2019-07-08
11.87,22.64,0.0,1.7018593143997502,2019-07-09
9.24,26.09,0.0,2.377224048043173,2019-07-10
14.2,25.5,0.0,1.9005079558712523,2019-07-11
10.57,24.28,1.85,2.094571028473969,2019-07-12
11.77,29.84,11.09,2.159724606661168,2019-07-13
14.24,28.4,16.33,1.785681732267162,2019-07-14
13.01,25.31,0.0,1.821496418786233,2019-07-15
11.51,21.21,12.03,1.074140920912603,2019-07-16
11.8,23.28,4.48,1.2604260933427094,2019-07-17
11.41,25.7,1.89,1.9480068431592477,2019-07-18
9.64,18.92,2.54,0.9954189382558122,2019-07-19
9.85,22.75,0.0,1.6697011322794095,2019-07-20
10.42,24.91,0.0,1.877217161449264,2019-07-21
10.0,27.65,0.0,2.174353314482089,2019-07-22
13.73,29.69,0.0,2.142664149804802,2019-07-23
15.59,30.81,4.73,1.6917448493199243,2019-07-24
11.02,22.02,1.79,1.35567042873487,2019-07-25
12.78,25.98,0.0,1.7213967768895215,2019-07-26
12.16,32.77,0.0,2.4941164950857777,2019-07-27
9.21,22.47,0.0,1.592144338945106,2019-07-28
5.32,25.07,0.0,2.060239287187539,2019-07-29
11.41,29.98,0.0,2.245576591909172,2019-07-30
12.54,27.75,0.0,1.9264053583860632,2019-07-31
14.19,33.51,0.0,2.4104779562143377,2019-08-01
15.85,34.69,0.0,2.405600694202424,2019-08-02
16.04,30.43,0.0,1.8879362483118427,2019-08-03
10.7,26.47,0.0,1.852761370596817,2019-08-04
10.41,29.07,0.0,2.1286998410299858,2019-08-05
11.03,23.76,0.0,1.46670454219311,2019-08-06
6.07,22.04,0.0,1.6363617591293167,2019-08-07
6.38,25.86,0.0,1.9730405899064096,2019-08-08
10.17,28.89,2.34,1.719400722002565,2019-08-09
10.12,20.82,0.0,1.1578963145448051,2019-08-10
8.4,23.31,10.61,1.3385469397980083,2019-08-11
10.71,15.23,21.88,0.4474288754677091,2019-08-12
8.1,20.91,0.0,1.3094629219924057,2019-08-13
10.64,24.23,0.0,1.4501130194434304,2019-08-14
10.25,25.43,0.0,1.5748787119148326,2019-08-15
10.85,21.61,0.0,1.163183280809633,2019-08-16
5.76,18.18,0.0,1.1815640561422267,2019-08-17
3.99,23.11,0.0,1.6543339450326644,2019-08-18
5.1,23.76,0.0,1.64988617767633,2019-08-19
4.24,23.13,0.0,1.6235585467790288,2019-08-20
5.83,26.51,0.0,1.8279141703445447,2019-08-21
12.49,27.18,0.0,1.535288222719736,2019-08-22
11.49,20.94,0.0,1.0018930548774156,2019-08-23
12.28,28.93,5.87,1.5179772379067904,2019-08-24
11.64,21.32,5.81,0.9096591786180996,2019-08-25
9.28,20.47,0.0,1.1149028220990724,2019-08-26
8.11,19.27,0.0,1.0795824015949629,2019-08-27
6.49,22.9,0.87,1.476977906412708,2019-08-28
5.73,19.94,0.0,1.2726817788198246,2019-08-29
5.92,21.02,1.67,1.3438579312098229,2019-08-30
7.73,22.71,1.81,1.3888540743107438,2019-08-31
9.81,22.06,1.64,1.2103790676407993,2019-09-01
10.17,22.78,0.0,1.246592549219986,2019-09-02
7.84,24.67,0.0,1.5224270137772176,2019-09-03
10.51,25.34,3.37,1.2946049938056758,2019-09-04
7.76,23.32,0.0,1.4084004990556112,2019-09-05
5.2,22.07,0.0,1.416127215911568,2019-09-06
7.46,21.36,0.0,1.256161582518458,2019-09-07
5.74,20.97,0.0,1.3037919300382004,2019-09-08
8.35,12.88,22.07,0.386686384900789,2019-09-09
8.52,11.45,19.65,0.2560512268050642,2019-09-10
9.18,13.82,6.41,0.40401973863067,2019-09-11
7.55,14.7,0.0,0.6617182451895764,2019-09-12
3.98,24.16,0.96,1.5572875365165166,2019-09-13
9.2,23.62,0.0,1.3135513205459868,2019-09-14
9.89,27.79,0.0,1.5843650853185227,2019-09-15
9.44,31.9,0.0,1.8676565877671432,2019-09-16
13.0,24.58,1.38,1.1376497034908413,2019-09-17
10.26,22.49,0.0,1.132748508913316,2019-09-18
7.29,22.6,0.0,1.2914658367620024,2019-09-19
8.9,20.43,0.0,1.0377512094155592,2019-09-20
5.59,18.23,0.0,1.038093978212701,2019-09-21
4.85,23.8,0.0,1.4416144800775537,2019-09-22
8.82,21.15,0.0,1.0805066934452008,2019-09-23
5.41,16.9,0.0,0.925228337385302,2019-09-24
3.49,15.67,0.88,0.9218239000879316,2019-09-25
3.66,10.96,6.69,0.5086415499716618,2019-09-26
2.0,7.9,3.79,0.3883910382029869,2019-09-27
-0.4,5.16,0.0,0.3692664637070955,2019-09-28
-0.18,2.5,13.73,0.1645144844401315,2019-09-29
-0.21,1.98,4.16,0.1363365067120614,2019-09-30
-0.68,4.06,0.0,0.3131440150679753,2019-10-01
-4.27,8.21,0.0,0.715767590918003,2019-10-02
-0.81,11.12,0.0,0.7760097932005919,2019-10-03
1.36,10.75,0.0,0.6617691988357816,2019-10-04
-0.21,14.33,0.0,0.940582440969742,2019-10-05
3.93,15.44,0.0,0.8591988456032464,2019-10-06
2.27,20.02,0.0,1.1928216844831745,2019-10-07
-1.37,8.51,1.7,0.6196772143782899,2019-10-08
-5.69,0.72,0.0,0.3345524134784642,2019-10-09
-7.04,3.02,0.0,0.493466189697775,2019-10-10
-8.61,6.05,0.0,0.6627949550388421,2019-10-11
-8.09,7.06,0.0,0.6941750049960798,2019-10-12
-8.94,10.31,0.0,0.8427637515053807,2019-10-13
-0.72,4.93,0.86,0.3445197767087489,2019-10-14
-2.14,5.49,0.0,0.4431736029451236,2019-10-15
-0.51,14.52,0.0,0.900999151804221,2019-10-16
1.8,18.55,0.0,1.0584750299375,2019-10-17
0.2,15.6,0.0,0.9294697076192276,2019-10-18
-1.0,13.98,0.0,0.8673091470007833,2019-10-19
-4.5,8.68,0.0,0.6729434994740567,2019-10-20
-6.6,10.26,0.0,0.7815814489461533,2019-10-21
-6.61,6.58,0.0,0.6118129859773968,2019-10-22
-5.37,4.38,1.22,0.4746300353332319,2019-10-23
-3.19,8.6,0.0,0.621361579682241,2019-10-24
-0.01,17.99,0.0,1.0255340016217531,2019-10-25
-5.14,2.88,0.0,0.3846869836261789,2019-10-26
-9.39,-2.86,0.77,0.2610903471135624,2019-10-27
-10.1,-4.0,0.94,0.233116313471603,2019-10-28
-11.83,-5.47,0.0,0.2213150695196521,2019-10-29
-17.42,0.14,0.0,0.479570978203638,2019-10-30
-3.31,3.86,0.06,0.3646616967121656,2019-10-31
-3.02,4.7,0.0,0.3868696581940433,2019-11-01
-4.2,4.04,0.0,0.3927338760436302,2019-11-02
-4.06,2.11,1.09,0.2924374083093189,2019-11-03
-12.51,-4.03,0.0,0.272959360544176,2019-11-04
-13.41,-2.88,1.14,0.3341333018394966,2019-11-05
-19.54,-7.67,0.0,0.2687606449428019,2019-11-06
-19.33,-3.44,0.0,0.3727171083566209,2019-11-07
-8.82,5.5,0.0,0.5646204373333908,2019-11-08
-11.27,0.4,3.14,0.3840486924868754,2019-11-09
-19.43,-11.51,0.0,0.1694798136868797,2019-11-10
-22.62,-7.78,0.0,0.2783388459262486,2019-11-11
-15.2,-1.46,0.0,0.390898257375348,2019-11-12
-11.74,1.59,0.0,0.4483083020651357,2019-11-13
-6.78,1.13,0.0,0.3256714857410672,2019-11-14
-4.21,4.74,0.0,0.4127972162059783,2019-11-15
-0.74,3.3,3.33,0.2001139335721575,2019-11-16
-2.69,7.34,3.16,0.4599775467602479,2019-11-17
-0.41,7.57,0.0,0.415403618507366,2019-11-18
-3.82,1.37,0.0,0.2343575373959502,2019-11-19
-6.26,-1.06,0.0,0.2112578069455133,2019-11-20
-8.12,2.58,0.0,0.4074073756668158,2019-11-21
-5.98,6.39,0.0,0.5159553065151962,2019-11-22
-1.14,10.04,0.0,0.5597661040808924,2019-11-23
-1.96,5.42,1.2,0.3591329528754543,2019-11-24
-4.99,-0.28,0.19,0.2001438002424198,2019-11-25
-9.83,-1.84,0.0,0.2746493520474238,2019-11-26
-9.12,-4.36,0.0,0.1654437026940804,2019-11-27
-8.27,-5.68,13.75,0.1,2019-11-28
-11.72,-5.42,0.0,0.1980953695131438,2019-11-29
-10.43,-6.95,0.0,0.1142485311418209,2019-11-30
-13.04,-4.87,0.0,0.2408837313843726,2019-12-01
-11.86,-1.05,0.0,0.3420519038258464,2019-12-02
-7.75,3.87,0.0,0.4455291144761237,2019-12-03
-9.6,0.5,0.0,0.3538281628232607,2019-12-04
-12.14,-3.01,0.0,0.2809868728417593,2019-12-05
-12.21,-3.43,0.0,0.2682074523990544,2019-12-06
-11.22,-2.82,0.0,0.2692867338050035,2019-12-07
-20.77,-10.57,0.0,0.193125066517173,2019-12-08
-25.01,-9.69,0.0,0.2315134178968586,2019-12-09
-27.71,-13.64,0.0,0.1746526175567302,2019-12-10
-24.77,-15.88,0.0,0.1271269454540409,2019-12-11
-19.44,-10.18,0.38,0.187635668692997,2019-12-12
-22.33,-13.08,0.0,0.1563555761562347,2019-12-13
-24.74,-10.66,0.43,0.2126855523531218,2019-12-14
-18.3,-7.48,0.0,0.2368200691710714,2019-12-15
-15.89,-5.12,0.0,0.2696982170767822,2019-12-16
-13.78,-2.6,0.0,0.3144168326852926,2019-12-17
-9.09,1.13,0.0,0.3607707302067111,2019-12-18
-10.24,-2.99,0.0,0.2388165815783706,2019-12-19
-10.41,4.76,0.0,0.5096153212085283,2019-12-20
-9.31,3.44,0.0,0.4473935776184286,2019-12-21
-6.38,1.68,0.0,0.3185749599000325,2019-12-22
-6.34,-2.52,0.0,0.1487654648128667,2019-12-23
-6.58,-3.98,1.79,0.1,2019-12-24
-8.02,-2.17,0.0,0.2136979866090868,2019-12-25
-14.64,-5.04,0.0,0.255754852838333,2019-12-26
-13.23,-3.94,0.0,0.2665734190611717,2019-12-27
-15.17,-5.45,0.0,0.2513976235726597,2019-12-28
-18.29,-5.34,0.0,0.2872944424221568,2019-12-29
-15.33,-4.74,0.0,0.2729905082474627,2019-12-30
-12.08,1.23,0.0,0.4123032037265771,2019-12-31
-6.32,-0.12,0.0,0.2469546536986052,2020-01-01
-7.39,-2.24,0.0,0.1943193267547767,2020-01-02
-11.76,-2.29,0.0,0.2958387083290276,2020-01-03
-8.07,5.71,0.0,0.519144484431597,2020-01-04
-9.13,-0.56,0.0,0.3051879612304716,2020-01-05
-13.03,-1.51,0.0,0.3425795311574756,2020-01-06
-21.31,-12.72,0.0,0.1555073274687818,2020-01-07
-17.55,-4.02,0.0,0.320464057128579,2020-01-08
-22.98,-14.86,0.0,0.1316731913190658,2020-01-09
-28.47,-13.96,0.0,0.174699931762818,2020-01-10
-17.33,-8.17,3.17,0.2056920510928936,2020-01-11
-24.23,-12.43,1.1,0.1853636912102611,2020-01-12
-29.89,-23.63,0.76,0.1,2020-01-13
-33.71,-26.73,0.0,0.1,2020-01-14
-35.14,-27.69,0.0,0.1,2020-01-15
-35.28,-19.05,0.0,0.1231575235777373,2020-01-16
-23.63,-18.75,1.76,0.1,2020-01-17
-28.2,-23.41,0.0,0.1,2020-01-18
-28.94,-15.79,0.0,0.1552989294178094,2020-01-19
-20.62,1.07,0.0,0.472883664750073,2020-01-20
-9.07,2.43,0.0,0.4350627982548818,2020-01-21
-12.18,-1.78,0.0,0.3394129978699056,2020-01-22
-12.07,-2.3,0.0,0.3207229561938477,2020-01-23
-8.12,1.78,0.0,0.3952533562680035,2020-01-24
-5.29,2.54,0.0,0.3550811409145301,2020-01-25
-6.79,-2.21,0.0,0.192323731702715,2020-01-26
-6.33,-0.11,0.99,0.2709552545870787,2020-01-27
-5.4,-0.65,0.0,0.2152460092834566,2020-01-28
-9.42,-2.04,2.28,0.2652873967517475,2020-01-29
-10.21,-0.15,0.0,0.3759051623862803,2020-01-30
-9.84,3.67,0.0,0.5164251260424202,2020-01-31
-4.63,7.82,0.0,0.596053509430012,2020-02-01
-8.85,0.64,0.0,0.381602066434657,2020-02-02
-16.25,-6.98,0.0,0.2558064576207394,2020-02-03
-18.5,-3.15,0.0,0.3850492928067253,2020-02-04
-12.58,-2.98,0.0,0.3271640182725815,2020-02-05
-12.07,-7.46,0.64,0.1572242776353561,2020-02-06
-11.5,-1.6,0.0,0.3620795831319009,2020-02-07
-12.18,-1.39,0.0,0.3835616032832343,2020-02-08
-12.82,-1.56,0.0,0.391403714113049,2020-02-09
-10.41,-3.13,0.09,0.2846951798583612,2020-02-10
-13.49,-0.72,0.0,0.4450907007878224,2020-02-11
-28.93,-13.15,0.0,0.2144117830511758,2020-02-12
-28.51,-5.42,0.0,0.3481987423361703,2020-02-13
-11.37,-0.71,0.0,0.411721743063263,2020-02-14
-16.71,-9.22,0.0,0.2122049114426224,2020-02-15
-14.46,-2.68,0.0,0.395235745919083,2020-02-16
-19.97,-8.06,0.0,0.2886750232438279,2020-02-17
-28.72,-17.19,0.0,0.1572213105984788,2020-02-18
-29.03,-9.15,0.0,0.2892505595594349,2020-02-19
-16.48,1.98,0.0,0.6489574179951624,2020-02-20
-10.68,3.82,0.0,0.7274727531300239,2020-02-21
-8.49,4.74,0.0,0.7603304338073156,2020-02-22
-9.68,2.97,0.0,0.6803785551462099,2020-02-23
-10.1,-1.52,0.0,0.4004473654717217,2020-02-24
-16.18,-1.98,0.0,0.5142355918289542,2020-02-25
-12.56,1.94,0.0,0.6777039984651305,2020-02-26
-6.98,5.29,0.0,0.7998876450229353,2020-02-27
-6.51,7.37,0.0,0.9448805911183902,2020-02-28
-4.71,7.33,0.4,0.9094422887365268,2020-02-29
-10.66,0.11,0.05,0.5569304102373454,2020-03-01
-6.76,3.8,0.0,0.7129723072318319,2020-03-02
-5.9,4.08,0.0,0.7107300518683569,2020-03-03
-2.69,4.35,0.0,0.5471461385575117,2020-03-04
-5.6,4.9,0.0,0.800010001759007,2020-03-05
-0.75,12.86,0.0,1.3492667472698607,2020-03-06
-7.72,1.21,0.91,0.5796529270928322,2020-03-07
-14.77,-6.13,1.07,0.3266172749073986,2020-03-08
-15.74,0.78,0.0,0.7063484147771676,2020-03-09
-10.64,5.53,0.0,0.9846851273518634,2020-03-10
-3.47,6.47,0.0,0.9139960095753544,2020-03-11
-8.75,-0.02,0.0,0.567664152792429,2020-03-12
-15.82,-9.45,0.0,0.2162935790880111,2020-03-13
-16.15,-6.89,1.84,0.3756779219527461,2020-03-14
-13.83,-4.99,0.58,0.4193600459020264,2020-03-15
-16.59,-2.46,0.0,0.6136781230968598,2020-03-16
-12.87,0.03,0.0,0.7252274807200079,2020-03-17
-16.22,-5.12,0.0,0.4832878806245714,2020-03-18
-16.3,-4.1,0.0,0.5458968080603661,2020-03-19
-16.58,-0.72,0.0,0.725542379327151,2020-03-20
-10.66,3.22,0.0,0.945590192941676,2020-03-21
-9.92,6.87,0.0,1.2394985559614675,2020-03-22
-6.62,10.49,0.0,1.457859160335927,2020-03-23
-7.52,0.3,1.28,0.8503986573403189,2020-03-24
-13.26,0.01,0.0,0.9207033432847492,2020-03-25
-11.92,6.95,0.0,1.2297839915318969,2020-03-26
-3.94,8.37,0.0,1.3899025030675582,2020-03-27
-2.41,11.18,0.0,1.5610626576740536,2020-03-28
-4.48,15.4,0.0,1.7683370306342188,2020-03-29
-2.36,6.64,0.0,1.2824006495555824,2020-03-30
-8.86,0.8,0.0,0.98802765037595,2020-03-31
-14.62,-10.27,0.4,0.2326993057161101,2020-04-01
-17.63,-7.49,0.0,0.5688694031438158,2020-04-02
-17.81,-1.49,0.0,0.8423984014228284,2020-04-03
-10.43,-2.98,2.11,0.576162220083573,2020-04-04
-9.91,-0.63,0.09,0.9348840170733966,2020-04-05
-6.37,4.13,0.74,1.1913202145837194,2020-04-06
-8.39,5.76,0.0,1.2813584460466152,2020-04-07
-5.61,2.5,0.0,1.0914358935256836,2020-04-08
-12.15,7.09,0.0,1.3034964410079264,2020-04-09
-2.26,9.36,0.0,1.5197388850986877,2020-04-10
-8.28,-0.86,0.0,0.8895599813157855,2020-04-11
-11.04,-3.15,0.0,0.7828210157739752,2020-04-12
-13.27,-2.87,0.0,0.8516618731628983,2020-04-13
-15.0,4.54,0.0,1.1593803923180173,2020-04-14
-10.24,3.6,0.0,1.1866314585514055,2020-04-15
-8.23,5.59,0.0,1.3094545026874156,2020-04-16
-3.42,14.74,0.0,1.8757671810380152,2020-04-17
-4.29,4.97,0.0,1.2595876070957654,2020-04-18
-7.03,14.58,0.0,1.8131889528566776,2020-04-19
-2.22,12.43,0.0,1.7590062721273425,2020-04-20
-1.07,22.45,0.0,2.365764576422535,2020-04-21
1.29,17.12,0.0,2.082916724982107,2020-04-22
-0.07,18.33,0.0,2.1518783966493733,2020-04-23
-1.7,13.84,3.84,1.6980432267802132,2020-04-24
-2.88,18.93,0.0,2.154650588176706,2020-04-25
3.33,16.61,0.0,2.039678793778513,2020-04-26
-1.06,20.83,0.0,2.301263900873867,2020-04-27
2.87,17.67,0.0,2.129972368249871,2020-04-28
1.05,23.08,0.0,2.471766608444666,2020-04-29
8.14,27.82,0.0,2.822543407545173,2020-04-30
5.36,18.58,0.0,2.149955595063617,2020-05-01
-1.21,19.09,0.0,2.196207457446243,2020-05-02
-0.5,18.17,4.85,1.9573892451038435,2020-05-03
2.14,14.87,0.0,1.8970870595336176,2020-05-04
-0.78,17.45,0.0,2.023511021980416,2020-05-05
0.69,21.09,0.0,2.262642873359535,2020-05-06
1.16,17.37,0.0,2.0233161080875526,2020-05-07
0.48,20.45,1.4,2.2229053869205377,2020-05-08
-1.68,7.78,0.9,1.363336015817308,2020-05-09
-3.58,9.84,0.0,1.5305915784257402,2020-05-10
-6.69,10.69,0.0,1.575750837509782,2020-05-11
-4.45,12.96,0.0,1.7268461039965637,2020-05-12
1.82,10.43,0.83,1.4901981623596152,2020-05-13
-1.23,18.57,0.0,2.11072501689505,2020-05-14
-1.8,15.49,0.0,1.9096648246801111,2020-05-15
0.66,24.97,0.0,2.5278737268270004,2020-05-16
7.97,26.09,0.0,2.6314359367043045,2020-05-17
8.87,26.19,0.0,2.6263073671374877,2020-05-18
10.2,26.81,0.0,2.6615053744210644,2020-05-19
10.58,21.41,5.46,2.038206692113089,2020-05-20
9.94,21.29,0.0,2.211238631459408,2020-05-21
5.07,21.0,0.0,2.302540493074695,2020-05-22
3.38,16.78,0.0,1.998925472993886,2020-05-23
4.01,19.14,0.0,2.180047267934712,2020-05-24
4.47,25.24,0.0,2.624623621508612,2020-05-25
10.31,22.66,0.0,2.345276794101215,2020-05-26
6.86,19.66,0.0,2.187300915197186,2020-05-27
4.37,18.94,0.0,2.1786424060168064,2020-05-28
5.04,19.93,0.0,2.2567128455388414,2020-05-29
6.85,25.5,0.0,2.6696827267230683,2020-05-30
11.12,31.29,0.0,3.0554518423001076,2020-05-31
11.3,25.56,0.0,2.6067221043095157,2020-06-01
8.19,24.39,0.0,2.5800629367113315,2020-06-02
9.71,21.63,0.0,2.304889600610478,2020-06-03
6.3,20.41,0.0,2.293054740858331,2020-06-04
2.98,22.28,0.0,2.463576717282767,2020-06-05
10.45,19.76,19.55,1.9617559224933243,2020-06-06
9.33,18.5,18.9,1.5352814068174931,2020-06-07
7.28,16.04,0.0,1.4308946074581308,2020-06-08
5.71,20.56,5.2,1.8580699282831352,2020-06-09
6.06,22.8,0.0,2.442827567888861,2020-06-10
6.98,23.97,0.0,2.5420798277831302,2020-06-11
8.63,28.44,0.0,2.9083111722964774,2020-06-12
14.24,30.41,0.0,2.9768372845794895,2020-06-13
12.02,23.24,0.0,2.124352476121442,2020-06-14
7.32,22.61,0.0,2.4227256713219405,2020-06-15
9.58,22.27,22.26,1.8200032981879009,2020-06-16
10.09,16.55,4.68,0.6861102392101566,2020-06-17
6.34,14.43,0.07,1.082078216987027,2020-06-18
5.22,19.09,0.0,1.9000655469614056,2020-06-19
6.38,17.95,0.0,1.6553908376963968,2020-06-20
4.27,18.73,0.0,1.9131568807996813,2020-06-21
5.37,23.61,0.0,2.3865707845055386,2020-06-22
10.62,28.37,0.0,2.7029367195629246,2020-06-23
13.51,28.37,2.67,2.0589095946452396,2020-06-24
13.87,25.53,0.0,2.0516505014553985,2020-06-25
11.84,30.7,0.0,2.8678021636428217,2020-06-26
13.99,22.23,0.0,1.388266779500856,2020-06-27
13.35,20.22,0.0,1.0786796066172146,2020-06-28
14.33,18.95,3.05,0.551640798786586,2020-06-29
13.94,20.82,8.26,0.822550736792812,2020-06-30
12.83,23.99,1.09,1.9140100298709977,2020-07-01
10.94,24.38,1.7,2.160226250962713,2020-07-02
9.91,27.34,0.0,2.5410326604980793,2020-07-03
12.28,28.29,0.0,2.539376615917097,2020-07-04
12.73,24.04,0.0,1.9254386410920423,2020-07-05
10.11,25.91,0.0,2.3898142698349742,2020-07-06
11.6,28.46,17.4,2.1027980111920277,2020-07-07
12.67,19.66,4.15,0.8002300619765808,2020-07-08
11.84,21.95,1.76,1.509534282635589,2020-07-09
9.92,22.7,5.13,1.4551037078790006,2020-07-10
10.34,24.25,0.0,1.986133392677683,2020-07-11
12.84,25.88,0.0,1.994455052015237,2020-07-12
9.83,19.94,2.78,1.097374459009463,2020-07-13
10.01,22.2,4.28,1.3629616561787312,2020-07-14
9.51,23.59,1.25,1.935039595500585,2020-07-15
9.88,25.92,0.0,2.160333791692563,2020-07-16
13.9,25.05,0.0,1.6744649120513933,2020-07-17
12.37,22.23,4.74,1.103387858597419,2020-07-18
10.33,23.12,4.56,1.375090326310409,2020-07-19
10.74,23.15,5.73,1.3200408229698697,2020-07-20
9.23,25.58,0.0,2.0513532559968213,2020-07-21
13.9,30.48,0.0,2.281481373921467,2020-07-22
18.01,28.78,0.0,1.624880651815438,2020-07-23
14.72,27.99,0.0,1.9307302493110947,2020-07-24
11.56,21.96,0.0,1.3915740995150088,2020-07-25
9.59,25.44,0.0,2.0163023596791123,2020-07-26
9.07,27.01,0.0,2.1764475009831292,2020-07-27
10.48,30.49,0.0,2.409834488999767,2020-07-28
14.36,34.0,0.0,2.5249507450845337,2020-07-29
15.35,32.41,0.0,2.2809702292252556,2020-07-30
13.01,26.95,0.0,1.8084603321232455,2020-07-31
8.43,27.63,0.0,2.1643047315747586,2020-08-01
10.4,27.81,0.0,2.0958270591898387,2020-08-02
13.58,29.73,3.06,1.6893539920943104,2020-08-03
12.03,27.07,0.0,1.865315628448149,2020-08-04
9.3,29.44,0.0,2.2518422281833907,2020-08-05
11.76,33.28,0.0,2.4714500178901018,2020-08-06
13.22,24.04,0.0,1.2795948096363068,2020-08-07
9.76,26.19,1.35,1.8719933695431683,2020-08-08
8.74,23.09,0.0,1.5765804112884914,2020-08-09
7.68,25.42,0.0,1.881701475165931,2020-08-10
8.41,25.43,0.0,1.8278242388194592,2020-08-11
11.4,29.48,0.0,2.0483414359418712,2020-08-12
10.87,25.21,0.0,1.5951611228254572,2020-08-13
8.0,25.34,0.0,1.7993657214069307,2020-08-14
8.98,26.03,0.0,1.8002239690367496,2020-08-15
8.96,30.16,0.0,2.1695050123064457,2020-08-16
11.37,34.54,0.0,2.417175845970034,2020-08-17
12.51,36.18,0.0,2.483804203318572,2020-08-18
14.63,34.9,0.0,2.266583671346692,2020-08-19
12.03,34.48,0.0,2.348055837890136,2020-08-20
14.15,29.0,0.0,1.6283781146652585,2020-08-21
9.88,33.0,0.0,2.278689548752909,2020-08-22
6.27,29.03,0.0,2.0624543179145953,2020-08-23
9.11,30.89,0.0,2.091587030448767,2020-08-24
13.95,28.38,0.29,1.4856142743322207,2020-08-25
11.67,25.27,0.0,1.3351187935157802,2020-08-26
7.82,26.15,1.34,1.6901128634273948,2020-08-27
6.24,24.21,0.0,1.577132103475479,2020-08-28
8.2,32.01,0.0,2.149071597305472,2020-08-29
6.75,19.62,0.0,1.1207844166049097,2020-08-30
2.53,19.56,0.0,1.3100063540151938,2020-08-31
8.27,23.32,0.0,1.3386722663672306,2020-09-01
7.71,18.28,3.48,0.8482051651890795,2020-09-02
5.06,21.92,0.0,1.3711531783964548,2020-09-03
6.11,24.69,0.0,1.5413073072706818,2020-09-04
7.93,31.47,0.0,2.079961333556294,2020-09-05
8.61,17.78,0.0,0.8163416748316551,2020-09-06
-0.01,10.6,0.0,0.7360532133201148,2020-09-07
-5.33,15.6,0.0,1.262502053174517,2020-09-08
4.33,21.36,0.0,1.4118416871749475,2020-09-09
6.17,26.54,0.0,1.7737037377794538,2020-09-10
7.51,29.51,0.0,1.951179063539751,2020-09-11
8.03,17.59,0.16,0.8148848100730945,2020-09-12
0.33,17.01,0.0,1.1629678524524052,2020-09-13
5.58,16.61,0.0,0.8766580655126914,2020-09-14
3.12,15.71,0.0,0.967979848984931,2020-09-15
-0.53,13.9,0.0,1.0222882087000824,2020-09-16
1.69,20.31,0.0,1.474963522821939,2020-09-17
-0.6,24.99,0.0,1.8256020139506963,2020-09-18
6.7,26.17,0.0,1.7602608118927732,2020-09-19
11.96,19.03,7.81,0.5914812708863478,2020-09-20
7.91,23.37,0.0,1.3745961346392348,2020-09-21
6.54,21.67,1.14,1.282971634377666,2020-09-22
9.51,22.12,0.0,1.1201964299428848,2020-09-23
9.08,24.19,0.0,1.3622358313339156,2020-09-24
6.91,21.94,0.0,1.260496002412164,2020-09-25
7.11,15.79,1.96,0.6952705971254624,2020-09-26
4.53,15.52,0.0,0.8169500378916729,2020-09-27
0.86,22.16,0.0,1.485211258112738,2020-09-28
6.83,17.21,0.0,0.814561808999523,2020-09-29
1.16,12.74,0.0,0.7684560357694031,2020-09-30
-4.38,12.45,0.0,0.9543915297721084,2020-10-01
1.26,17.4,0.0,1.126650670341966,2020-10-02
-1.78,16.03,0.0,1.1092624286959902,2020-10-03
4.71,24.56,0.92,1.5323544343836957,2020-10-04
7.8,19.78,0.0,0.9303064788388394,2020-10-05
6.56,17.36,0.0,0.8743307964693731,2020-10-06
1.77,15.16,0.0,0.9909610413792668,2020-10-07
7.06,23.92,1.96,1.5356433578033528,2020-10-08
2.2,11.21,0.0,0.5937507218251389,2020-10-09
2.75,25.94,0.0,1.7819444022327686,2020-10-10
4.17,15.56,0.0,0.8968445923334192,2020-10-11
-3.02,11.55,0.0,0.9038258220771506,2020-10-12
0.03,10.9,0.0,0.7432569094899174,2020-10-13
-4.08,6.57,0.0,0.584048644653468,2020-10-14
-3.96,5.61,0.0,0.4891719957221969,2020-10-15
-7.87,3.85,0.0,0.527143112209132,2020-10-16
-12.96,-0.22,0.0,0.4519036506331869,2020-10-17
-6.45,-3.49,0.0,0.1317078667225761,2020-10-18
-8.37,-1.43,0.0,0.2876293934482495,2020-10-19
-6.99,-1.67,0.32,0.2379619710582707,2020-10-20
-10.74,-0.58,0.0,0.479180594040807,2020-10-21
-14.17,-2.43,0.0,0.4505963179223726,2020-10-22
-13.89,-3.61,0.0,0.375127394589053,2020-10-23
-9.57,-5.85,0.0,0.1436139267747234,2020-10-24
-12.36,-3.48,0.0,0.3327441664604582,2020-10-25
-15.67,2.95,0.0,0.6809087409275703,2020-10-26
-3.88,12.35,0.0,1.0739515009364995,2020-10-27
-4.38,5.72,0.0,0.6080440876367685,2020-10-28
-6.51,8.56,0.0,0.8519762018784586,2020-10-29
-1.76,13.32,0.0,1.0662617057829644,2020-10-30
-6.43,3.18,0.0,0.4697528472363273,2020-10-31
-7.68,13.39,0.0,1.0812090939278278,2020-11-01
-0.72,19.83,0.0,1.4801947721398985,2020-11-02
2.72,18.74,0.0,1.371810862385221,2020-11-03
1.21,16.0,0.0,1.1869955713630882,2020-11-04
1.52,19.61,0.0,1.4080197742167933,2020-11-05
-1.27,6.98,0.0,0.4900867871913499,2020-11-06
-1.81,1.27,0.78,0.153768594198345,2020-11-07
-9.24,-2.65,17.92,0.2320104265990153,2020-11-08
-18.09,-8.59,0.0,0.2251758425274939,2020-11-09
-18.5,-5.52,0.0,0.3075728928774296,2020-11-10
-15.4,-6.35,0.87,0.2472615485949484,2020-11-11
-21.47,-7.5,0.0,0.2772590433585724,2020-11-12
-12.02,0.47,0.0,0.4120853559313046,2020-11-13
-8.78,-0.56,0.43,0.3095630528407969,2020-11-14
-14.02,-4.56,0.0,0.2746405961348969,2020-11-15
-11.94,-5.08,0.0,0.2177235926337385,2020-11-16
-8.59,1.09,0.0,0.3665277966700241,2020-11-17
-4.54,5.34,0.0,0.4437198009444715,2020-11-18
-11.86,-4.92,3.59,0.2075345366773247,2020-11-19
-19.91,-9.11,0.0,0.2218835865456939,2020-11-20
-16.88,-3.85,0.0,0.3242897294892202,2020-11-21
-15.82,-5.95,0.0,0.2534378896874302,2020-11-22
-11.36,-4.04,0.0,0.2326700102420582,2020-11-23
-10.55,-1.43,0.0,0.3046446045486793,2020-11-24
-6.93,2.65,0.0,0.380115942293956,2020-11-25
-11.27,-0.91,0.0,0.3360163580420706,2020-11-26
-10.63,1.64,0.0,0.4132012636349477,2020-11-27
-9.57,1.42,0.0,0.3861942468080366,2020-11-28
-14.77,-1.4,0.0,0.3664438229042365,2020-11-29
-8.33,2.63,0.0,0.4048433301657529,2020-11-30
-7.34,1.42,0.0,0.3359468101230715,2020-12-01
-11.23,-1.08,0.0,0.3267015764398202,2020-12-02
-7.48,3.0,0.0,0.4021534121751576,2020-12-03
-6.46,2.18,0.0,0.3449167503181471,2020-12-04
-6.69,3.1,0.0,0.3884697712595453,2020-12-05
-9.57,2.84,0.0,0.4338818780292582,2020-12-06
-7.74,3.16,0.0,0.4111083551907587,2020-12-07
-4.07,3.97,0.0,0.351525558288591,2020-12-08
-4.92,2.11,3.09,0.284115061865744,2020-12-09
-11.6,-2.9,0.0,0.2697117006104315,2020-12-10
-12.9,-4.63,0.0,0.2390935767319134,2020-12-11
-11.07,-3.37,0.0,0.2438249658983389,2020-12-12
-24.8,-13.17,0.0,0.170004885451984,2020-12-13
-26.75,-11.66,0.0,0.2009849406389339,2020-12-14
-17.62,-7.36,0.0,0.2307580166784262,2020-12-15
-14.35,-3.16,0.0,0.3035269110178843,2020-12-16
-13.44,2.46,0.0,0.4632233683147271,2020-12-17
-21.25,-2.94,0.0,0.3559115821232191,2020-12-18
-10.97,3.8,0.0,0.4811523111004063,2020-12-19
-5.96,3.31,0.0,0.3709887210603048,2020-12-20
-8.48,-1.33,7.25,0.2441037368329021,2020-12-21
-13.22,-2.95,9.51,0.2831223137898232,2020-12-22
-16.93,-8.46,0.0,0.1941728312947124,2020-12-23
-15.22,0.75,0.0,0.4257815389623163,2020-12-24
-12.32,-2.39,0.0,0.2963029732615411,2020-12-25
-12.92,-4.52,1.97,0.2407067819623276,2020-12-26
-14.73,-6.7,0.0,0.2083367507162205,2020-12-27
-16.88,-6.77,0.0,0.2370156828188983,2020-12-28
-16.14,-7.32,0.0,0.2135609779271435,2020-12-29
-20.51,-7.88,0.0,0.2452757291984849,2020-12-30
-17.15,-1.62,0.0,0.3756145997981807,2021-01-01
-7.44,4.26,0.0,0.4492847158191503,2021-01-02
-2.04,4.22,0.0,0.2984808367163623,2021-01-03
-10.23,0.43,0.0,0.3601676988534688,2021-01-04
-9.59,0.74,0.0,0.360723730867501,2021-01-05
-11.15,2.76,0.0,0.4569368153355854,2021-01-06
-9.27,0.73,0.0,0.3552637375062298,2021-01-07
-13.86,-2.2,0.0,0.3329380179029081,2021-01-08
-15.22,-4.91,0.0,0.271860469830428,2021-01-09
-12.71,-3.44,0.0,0.2787031913827995,2021-01-10
-11.64,0.24,0.0,0.3829812979257893,2021-01-11
-7.29,1.67,0.0,0.3528061019892367,2021-01-12
-3.9,6.48,5.19,0.4529833893430621,2021-01-13
-6.63,-1.39,0.0,0.210320419480218,2021-01-14
-13.36,-4.72,0.0,0.2543796763543209,2021-01-15
-9.92,-0.9,0.0,0.3180147546271975,2021-01-16
-10.13,-0.9,1.82,0.3236810313775176,2021-01-17
-10.04,-0.28,0.52,0.3457437068545125,2021-01-18
-13.73,1.8,0.0,0.4684244762759504,2021-01-19
-5.32,2.0,0.0,0.3218985143146903,2021-01-20
-11.83,-5.54,0.29,0.2020618522625056,2021-01-21
-10.05,-4.62,0.93,0.1913566001994213,2021-01-22
-25.37,-8.06,0.0,0.2747829306575917,2021-01-23
-30.24,-21.45,0.0,0.1,2021-01-24
-27.73,-20.6,0.0,0.1,2021-01-25
-27.38,-18.87,0.0,0.1087389701139299,2021-01-26
-23.08,-13.89,0.0,0.1599881054012139,2021-01-27
-18.31,-9.94,0.0,0.1964467720327606,2021-01-28
-14.85,-8.8,0.0,0.1710326372803645,2021-01-29
-16.69,-11.42,0.0,0.133728231160297,2021-01-30
-19.38,-8.02,0.0,0.2597207810345364,2021-01-31
-13.57,0.19,0.0,0.4396216171667632,2021-02-01
-8.24,4.21,0.0,0.5143572213153381,2021-02-02
-19.07,-10.5,0.0,0.1985355715713873,2021-02-03
-22.89,-15.93,0.0,0.1251488736507589,2021-02-04
-27.02,-17.88,0.0,0.1278956023734761,2021-02-05
-34.56,-25.28,0.0,0.1,2021-02-06
-35.73,-27.69,0.0,0.1,2021-02-07
-36.2,-26.49,0.0,0.1,2021-02-08
-29.89,-25.76,0.0,0.1,2021-02-09
-33.11,-26.65,0.0,0.1,2021-02-10
-36.95,-28.43,0.0,0.1,2021-02-11
-33.44,-23.21,0.0,0.1,2021-02-12
-37.07,-24.89,0.0,0.1,2021-02-13
-34.82,-22.22,0.0,0.1081660398767387,2021-02-14
-29.9,-18.02,0.0,0.1480284313705226,2021-02-15
-24.89,-14.25,0.0,0.1876355291382546,2021-02-16
-22.59,-15.42,0.0,0.1444578578996514,2021-02-17
-24.29,-12.08,0.0,0.2300735267123802,2021-02-18
-22.25,-2.17,0.0,0.4840127128054217,2021-02-19
-11.72,-2.19,0.0,0.4228730891255269,2021-02-20
-11.84,2.7,0.0,0.6971381998474744,2021-02-21
-3.61,3.86,0.0,0.5499390788361741,2021-02-22
-6.28,0.14,0.0,0.3712067053879002,2021-02-23
-9.84,-1.44,0.0,0.4397189077941453,2021-02-24
-11.23,0.99,0.0,0.6405035824098687,2021-02-25
-15.55,-1.36,2.27,0.4734154242632984,2021-02-26
-24.17,-13.17,0.0,0.218204180583179,2021-02-27
-21.36,-10.28,0.0,0.2648281949891811,2021-02-28
-17.3,4.38,0.0,0.7928767309033529,2021-03-01
-5.7,3.84,0.0,0.6973530591542809,2021-03-02
-9.45,4.22,0.0,0.8415329510917517,2021-03-03
-8.37,3.99,0.0,0.823196025753102,2021-03-04
-5.05,6.05,0.0,0.9178058033548836,2021-03-05
-0.74,7.35,0.0,0.8611150336067315,2021-03-06
-3.28,6.88,0.0,0.9700033888812172,2021-03-07
-2.96,5.25,0.0,0.794267706182283,2021-03-08
-4.67,-0.17,0.0,0.2908374228268614,2021-03-09
-7.98,3.03,0.0,0.842589242073963,2021-03-10
-16.83,-2.53,0.0,0.6085579646209263,2021-03-11
-9.33,7.59,0.0,1.1530452298992806,2021-03-12
-6.35,8.12,0.0,1.2014466873003895,2021-03-13
-1.9,10.16,0.0,1.3111399902299936,2021-03-14
-1.34,8.67,0.0,1.166287332814714,2021-03-15
-8.24,2.11,0.0,0.8181022894449304,2021-03-16
-8.03,9.42,0.0,1.3293750807303932,2021-03-17
-3.43,15.28,0.0,1.682694643318281,2021-03-18
-0.03,19.92,0.0,1.9636841012750863,2021-03-19
-0.25,12.25,0.0,1.5516573452115476,2021-03-20
-4.98,4.54,0.0,0.969908813061902,2021-03-21
-5.74,10.13,0.0,1.4231651570806678,2021-03-22
-7.04,0.85,1.6,0.7514082166135458,2021-03-23
-6.47,9.51,0.0,1.3961774328816814,2021-03-24
-3.07,3.99,0.0,0.8869937177630545,2021-03-25
-9.98,2.45,0.0,1.0354022527167606,2021-03-26
-8.92,6.6,0.0,1.2425885112087651,2021-03-27
-1.74,17.74,0.0,1.8946509599759296,2021-03-28
-8.57,6.02,6.38,1.1394385162971736,2021-03-29
-14.23,-5.9,0.0,0.5461791530590895,2021-03-30
-16.14,7.57,0.0,1.1727860394076004,2021-03-31
-2.95,15.08,0.0,1.7655939279508177,2021-04-01
-0.02,13.7,0.0,1.7076275385747894,2021-04-02
-1.62,14.72,0.0,1.7683184910413772,2021-04-03
-1.43,19.19,0.0,2.019625278204619,2021-04-04
-2.73,13.15,0.0,1.6726609046906429,2021-04-05
-3.6,16.87,0.0,1.8707406296177531,2021-04-06
-0.2,21.1,0.0,2.0856809749798653,2021-04-07
1.94,15.49,1.08,1.7664902591501892,2021-04-08
-5.71,12.33,0.0,1.5567195964412115,2021-04-09
-0.76,13.32,0.0,1.6442061026351311,2021-04-10
-2.46,4.56,3.73,0.7607871308517187,2021-04-11
-3.83,1.11,1.98,0.5137453552436395,2021-04-12
-3.7,1.59,0.0,0.5517636452855764,2021-04-13
-3.69,5.3,0.0,1.180620483721598,2021-04-14
-2.54,10.92,0.0,1.5344411401413012,2021-04-15
-5.11,13.3,0.0,1.660578655953446,2021-04-16
-1.79,20.22,0.0,2.08455533763745,2021-04-17
-4.3,6.5,0.0,1.2801975600718651,2021-04-18
-7.22,4.96,2.56,1.1467279004177338,2021-04-19
-8.34,8.54,0.0,1.438687047923744,2021-04-20
-4.11,17.33,0.0,1.9824845716166728,2021-04-21
-4.66,7.72,0.0,1.4051607978196674,2021-04-22
-12.0,4.51,0.0,1.19893914176679,2021-04-23
-9.86,8.01,0.0,1.4007559129525038,2021-04-24
-5.47,10.12,0.0,1.560356871190226,2021-04-25
-4.74,14.51,0.0,1.8315650221784312,2021-04-26
-3.43,18.11,0.0,1.9920883674951884,2021-04-27
-1.55,15.58,0.0,1.8671257413220057,2021-04-28
-1.09,12.56,0.0,1.6711713238859576,2021-04-29
2.43,26.62,0.0,2.5735807919054197,2021-04-30
5.13,20.83,0.0,2.22410687370396,2021-05-01
0.65,15.14,0.0,1.8524499307471605,2021-05-02
-4.84,10.31,0.0,1.5465979175018552,2021-05-03
-5.03,14.43,0.0,1.7940341651351472,2021-05-04
-3.32,16.61,0.0,1.9437404485173069,2021-05-05
-0.38,17.87,0.0,2.0529581777766723,2021-05-06
-0.46,17.91,0.0,2.0616231476945894,2021-05-07
2.2,13.57,0.0,1.7433578423891956,2021-05-08
-4.71,15.51,0.0,1.881368676799872,2021-05-09
-3.66,18.06,0.0,2.044005256201893,2021-05-10
-0.56,20.11,0.0,2.2050248316989283,2021-05-11
1.33,20.85,0.0,2.2630337144702817,2021-05-12
1.23,21.88,0.0,2.324928512667623,2021-05-13
2.49,23.14,0.0,2.4123683240391243,2021-05-14
3.23,24.5,0.0,2.505302871921137,2021-05-15
8.34,28.88,0.0,2.8056504312027237,2021-05-16
7.24,32.26,0.0,3.0266752900270464,2021-05-17
12.46,29.49,0.0,2.8007424479355407,2021-05-18
3.15,14.5,0.0,1.7741446085308248,2021-05-19
-0.85,4.9,4.6,0.7640085669649344,2021-05-20
-2.19,4.29,4.74,0.7237830694092725,2021-05-21
0.64,9.07,0.0,1.3237940629132194,2021-05-22
5.87,13.4,16.01,1.2235050539139092,2021-05-23
8.16,12.0,18.79,0.3664726261515974,2021-05-24
2.64,9.05,0.25,0.6901002823314406,2021-05-25
-0.42,13.25,0.0,1.5716101340855173,2021-05-26
0.63,18.57,0.0,2.0973499172957295,2021-05-27
6.08,22.03,0.0,2.342161151021145,2021-05-28
6.13,20.78,0.0,2.1961542449359137,2021-05-29
2.71,22.74,0.0,2.477820351626812,2021-05-30
7.48,26.88,0.0,2.7691042653372766,2021-05-31
8.74,26.6,0.0,2.739430786950952,2021-06-01
12.11,32.33,0.0,3.1253803846130697,2021-06-02
13.48,35.76,0.0,3.348419263152783,2021-06-03
16.4,29.91,0.0,2.733845665529885,2021-06-04
12.66,29.05,0.0,2.87601284578424,2021-06-05
8.55,22.33,0.0,2.2903090964474253,2021-06-06
9.09,23.42,0.0,2.400119762895322,2021-06-07
6.3,23.33,5.78,2.1064445579950224,2021-06-08
12.16,19.31,14.69,0.9254499346381758,2021-06-09
13.46,21.66,12.52,1.056927610970287,2021-06-10
10.76,20.73,0.0,1.5610962235438282,2021-06-11
7.11,23.87,0.0,2.3254706700383108,2021-06-12
6.9,27.37,0.0,2.671767272433476,2021-06-13
12.66,31.49,0.0,2.90727211124419,2021-06-14
16.12,33.37,0.76,2.942251205588234,2021-06-15
13.6,25.36,0.0,2.0697802613951093,2021-06-16
7.64,25.0,0.0,2.4559398706990683,2021-06-17
8.14,19.25,0.0,1.6834480768645128,2021-06-18
6.76,20.47,1.1,1.961954940455889,2021-06-19
6.26,19.01,0.0,1.7826195808068248,2021-06-20
1.7,24.17,0.0,2.4356831189713497,2021-06-21
10.18,31.25,0.0,2.9297388136176647,2021-06-22
13.16,24.55,0.0,1.8692957662534715,2021-06-23
8.75,21.51,0.0,1.855889468077688,2021-06-24
9.65,27.55,0.0,2.5569878428138098,2021-06-25
13.85,28.17,1.23,2.3530913037875547,2021-06-26
12.67,27.92,0.0,2.4112897881787787,2021-06-27
10.48,29.03,0.0,2.7204037210024263,2021-06-28
12.37,32.72,0.0,3.017256230262352,2021-06-29
13.72,33.83,0.0,3.0730823513851404,2021-06-30
15.48,34.78,0.0,3.087462190442463,2021-07-01
18.49,38.51,0.0,3.3123457101356757,2021-07-02
16.7,30.22,0.0,2.4136386353405883,2021-07-03
12.7,29.21,5.97,2.137395352453021,2021-07-04
13.64,24.37,0.0,1.7425184033987535,2021-07-05
10.31,21.07,0.0,1.6048606678125714,2021-07-06
10.7,28.23,5.3,2.1032621132471623,2021-07-07
14.62,26.57,7.55,1.543039953034172,2021-07-08
12.47,29.72,0.0,2.520368404850567,2021-07-09
13.72,32.17,0.0,2.7002281893015407,2021-07-10
15.83,32.61,0.0,2.62086530762238,2021-07-11
12.2,27.52,0.0,2.2702792037267043,2021-07-12
10.32,29.09,0.0,2.568122313711099,2021-07-13
10.89,30.94,0.0,2.72462243489615,2021-07-14
13.92,34.94,0.0,2.9771744350370626,2021-07-15
15.37,31.13,0.0,2.44574268872535,2021-07-16
17.51,34.98,0.0,2.7500285919386416,2021-07-17
13.88,27.29,0.0,2.025178517576729,2021-07-18
14.49,21.23,0.0,0.8436675668361489,2021-07-19
16.29,27.99,0.0,1.864619917934378,2021-07-20
15.7,30.86,0.0,2.391323504467739,2021-07-21
15.14,33.85,0.0,2.793745783836653,2021-07-22
7.04,28.78,0.0,2.590763590695726,2021-07-23
9.7,29.29,0.0,2.5460356027380766,2021-07-24
10.69,29.65,0.9,2.5315762450867005,2021-07-25
11.95,28.76,0.0,2.3426561793238467,2021-07-26
12.53,36.49,0.0,3.053606845685782,2021-07-27
13.68,29.3,0.0,2.2521495342029194,2021-07-28
12.81,33.32,0.0,2.749000015137306,2021-07-29
13.14,31.38,0.0,2.5245045029536057,2021-07-30
12.41,31.61,0.0,2.58006470540126,2021-07-31
11.71,32.95,0.0,2.7285924678540874,2021-08-01
15.11,34.94,0.0,2.7463869266641803,2021-08-02
18.71,28.41,0.0,1.4121618062430987,2021-08-03
14.53,28.81,0.0,2.034533783187898,2021-08-04
10.76,30.55,0.0,2.4836416561134285,2021-08-05
14.98,32.99,0.0,2.491476093839833,2021-08-06
15.28,30.06,0.0,2.0820263959279615,2021-08-07
14.05,23.67,0.0,1.2276952006413175,2021-08-08
11.5,20.63,0.0,1.076019915862252,2021-08-09
10.39,20.13,3.38,0.9192331342465974,2021-08-10
11.1,25.96,0.0,1.888279496916045,2021-08-11
8.7,23.75,0.0,1.7949098875133669,2021-08-12
8.56,29.65,0.0,2.3942844682180526,2021-08-13
16.0,36.91,0.0,2.7321881327088895,2021-08-14
15.35,33.47,0.0,2.4083573938171217,2021-08-15
14.73,28.71,0.0,1.868411215751383,2021-08-16
9.95,21.04,0.0,1.2716697527812708,2021-08-17
9.78,17.51,4.89,0.7068835614682346,2021-08-18
8.11,18.87,5.73,0.9395323141097552,2021-08-19
10.22,18.23,6.47,0.7388860898492469,2021-08-20
6.49,21.83,4.87,1.3097087264504896,2021-08-21
9.23,15.81,10.8,0.5960367106165331,2021-08-22
6.82,19.33,4.47,1.118673427440917,2021-08-23
7.76,15.5,0.0,0.7631630765264175,2021-08-24
3.5,20.12,0.0,1.653204662831438,2021-08-25
7.74,20.76,0.0,1.4812550346570537,2021-08-26
12.4,21.72,0.0,1.1201265260396942,2021-08-27
10.92,23.75,0.0,1.5907938424445025,2021-08-28
7.4,26.0,0.0,2.021000659627715,2021-08-29
8.78,29.38,0.0,2.24476412746815,2021-08-30
12.67,25.98,19.38,1.350646609997056,2021-08-31
9.01,21.76,0.0,1.3627860341174989,2021-09-01
8.14,19.51,0.0,1.1477032543471493,2021-09-02
7.63,21.97,0.0,1.461438902234766,2021-09-03
5.25,23.41,0.0,1.7023650826334598,2021-09-04
7.48,29.63,0.0,2.104065377776265,2021-09-05
10.26,22.87,0.98,1.3225953666985977,2021-09-06
7.51,23.78,0.0,1.6099412860387772,2021-09-07
5.4,25.38,0.0,1.878966325634744,2021-09-08
10.63,28.7,0.0,2.038981512556502,2021-09-09
8.56,22.38,0.0,1.496487800866818,2021-09-10
6.76,14.37,0.0,0.6801803187611175,2021-09-11
3.74,17.92,0.0,1.311478388028386,2021-09-12
7.18,21.48,0.0,1.473868459084835,2021-09-13
4.45,23.05,0.0,1.720884610163644,2021-09-14
8.52,19.76,0.0,1.1549765060533137,2021-09-15
3.92,15.9,0.0,1.05588067417762,2021-09-16
-0.86,20.15,0.0,1.558567934286987,2021-09-17
11.27,32.91,0.0,2.2118294523114264,2021-09-18
6.88,20.25,0.0,1.2521265696468538,2021-09-19
1.72,18.87,0.0,1.3638310037817616,2021-09-20
3.12,22.13,0.0,1.5554659488850175,2021-09-21
5.58,28.21,0.0,1.9231410797169073,2021-09-22
4.78,17.98,0.0,1.067638897641762,2021-09-23
-0.81,19.27,0.0,1.3865243622593002,2021-09-24
7.62,26.78,0.0,1.7039862450102812,2021-09-25
4.2,25.98,0.0,1.7241039576639203,2021-09-26
9.28,30.43,0.0,1.8837155382262851,2021-09-27
6.45,28.58,0.0,1.816008684931032,2021-09-28
6.38,21.07,0.0,1.1752256759738204,2021-09-29
1.09,23.92,0.0,1.577743354780152,2021-09-30
5.93,23.85,0.0,1.4090807423384577,2021-10-01
0.36,21.68,0.0,1.4070331712193245,2021-10-02
6.18,24.15,0.0,1.4196422882674573,2021-10-03
1.92,22.57,0.0,1.4317053996783602,2021-10-04
5.33,25.42,0.0,1.5256099283760889,2021-10-05
7.08,26.9,0.0,1.590750136678988,2021-10-06
3.61,14.86,0.0,0.7566127008802613,2021-10-07
2.34,17.14,0.0,1.0119365838532357,2021-10-08
0.11,19.8,0.0,1.2878954225175308,2021-10-09
-0.47,19.3,0.0,1.2508930809675212,2021-10-10
-1.95,9.84,0.0,0.6470942065632561,2021-10-11
-6.7,8.51,0.0,0.6998298130524411,2021-10-12
-3.54,5.03,4.42,0.4057932802135029,2021-10-13
-1.77,6.0,2.5,0.3929205692071307,2021-10-14
-3.38,13.65,0.0,0.881605493593935,2021-10-15
-0.59,18.17,0.0,1.0668522170761832,2021-10-16
3.09,24.55,0.0,1.3863084905116403,2021-10-17
1.36,13.85,0.0,0.743674120686295,2021-10-18
-5.07,7.27,0.0,0.5812006510862002,2021-10-19
-7.73,7.78,0.0,0.6610686191285562,2021-10-20
-4.41,11.23,0.0,0.7573943365821585,2021-10-21
-5.31,9.77,0.0,0.7026612193780286,2021-10-22
-1.59,7.22,1.43,0.4614686189911391,2021-10-23
2.06,6.65,0.0,0.2710505581345868,2021-10-24
3.02,9.64,2.66,0.3827687073232684,2021-10-25
2.45,10.62,2.65,0.4646220478834393,2021-10-26
0.55,13.53,0.0,0.7357542323226892,2021-10-27
-2.02,11.43,0.0,0.6972840743901612,2021-10-28
0.56,9.65,2.38,0.4841921736350866,2021-10-29
-4.27,4.85,0.0,0.4277544372361648,2021-10-30
-8.0,4.3,0.0,0.4982488921018385,2021-10-31
-9.87,2.37,0.0,0.4542578619790762,2021-11-01
-9.74,7.03,0.0,0.6345475917330425,2021-11-02
-7.57,10.52,0.0,0.7497965945664408,2021-11-03
-1.62,16.6,0.0,0.9329205596977648,2021-11-04
2.2,15.07,0.0,0.7484207933277803,2021-11-05
-2.92,11.13,0.0,0.6851899384316427,2021-11-06
-5.82,10.41,0.0,0.7077012576203843,2021-11-07
-5.21,9.4,0.0,0.6494713086759455,2021-11-08
-9.45,8.57,0.0,0.675125810602683,2021-11-09
-1.99,4.47,0.93,0.3164706075514665,2021-11-10
-6.34,-2.38,0.0,0.1587205262542723,2021-11-11
-8.94,-2.37,0.0,0.2367024609612006,2021-11-12
-8.02,4.57,0.0,0.4875938149324597,2021-11-13
-5.55,2.45,0.95,0.3379134643255062,2021-11-14
-1.36,5.62,1.17,0.3480504126249194,2021-11-15
-4.39,7.33,5.17,0.5027435885913409,2021-11-16
-11.94,-4.75,0.0,0.2225836628362893,2021-11-17
-14.65,-0.77,0.0,0.389147642559209,2021-11-18
-10.28,-1.15,0.0,0.3098403246952188,2021-11-19
-10.87,1.62,0.0,0.4181679266964976,2021-11-20
-16.54,-2.24,0.0,0.3607325212139846,2021-11-21
-7.72,5.34,0.0,0.5019697036938972,2021-11-22
-9.94,4.06,0.0,0.4867768553817664,2021-11-23
-16.06,-8.04,0.0,0.1945914698483587,2021-11-24
-11.13,3.07,0.0,0.4646064132507483,2021-11-25
-2.15,6.67,0.0,0.4147469482603204,2021-11-26
-6.1,2.2,0.0,0.3308447314683274,2021-11-27
-4.62,5.14,0.0,0.4156775273041065,2021-11-28
-3.41,5.86,0.0,0.413225182979211,2021-11-29
-5.4,5.76,0.0,0.4599736539944778,2021-11-30
-0.11,7.26,0.0,0.3688299176061742,2021-12-01
-3.1,2.68,1.03,0.2570002570652209,2021-12-02
-7.59,-0.2,0.0,0.2727024693646875,2021-12-03
-10.16,-1.58,0.68,0.2872215984215273,2021-12-04
-21.64,-6.83,1.4,0.2751457881008398,2021-12-05
-24.8,-12.85,0.0,0.1757440876857651,2021-12-06
-20.73,-8.22,0.0,0.2397003798134651,2021-12-07
-15.36,3.49,0.94,0.5101870691563699,2021-12-08
-12.2,-1.49,0.0,0.3252070245019207,2021-12-09
-14.57,-3.56,0.0,0.2955921185975074,2021-12-10
-10.29,4.06,0.0,0.4834240426580428,2021-12-11
-9.14,1.45,0.0,0.3698034228253204,2021-12-12
-14.46,-2.48,0.0,0.3237025840005562,2021-12-13
-8.9,-1.7,0.5,0.2496946277865454,2021-12-14
-20.88,-10.96,0.0,0.1811896941543684,2021-12-15
-24.71,-16.43,0.44,0.1152690807966934,2021-12-16
-25.65,-17.34,0.91,0.1083427722805502,2021-12-17
-27.93,-7.35,0.0,0.2699402153722528,2021-12-18
-19.2,-7.04,0.0,0.2509215853326748,2021-12-19
-21.49,-12.25,0.0,0.1606024191128716,2021-12-20
-19.62,-7.08,0.0,0.2535892581664004,2021-12-21
-13.75,-5.66,2.87,0.2119088908817601,2021-12-22
-13.29,0.52,1.82,0.3998644771665297,2021-12-23
-23.83,-14.06,0.86,0.1470881790275538,2021-12-24
-28.71,-22.13,2.15,0.1,2021-12-25
-28.5,-23.24,7.3,0.1,2021-12-26
-34.63,-25.75,1.2,0.1,2021-12-27
-37.68,-27.3,0.0,0.1,2021-12-28
-34.74,-25.33,0.0,0.1,2021-12-29
-35.92,-27.19,0.0,0.1,2021-12-30
-35.97,-26.99,0.0,0.1,2021-12-31
-34.83,-22.31,0.0,0.1,2022-01-01
-26.69,-1.43,0.0,0.383823189622224,2022-01-02
-16.6,-4.86,3.15,0.2720992709378908,2022-01-03
-23.21,-12.84,1.5,0.1640736630888832,2022-01-04
-32.04,-20.25,0.0,0.1024952882831132,2022-01-05
-34.64,-25.57,0.0,0.1,2022-01-06
-24.94,-7.65,1.83,0.2681249577573694,2022-01-07
-23.81,-12.5,0.0,0.1753912884127634,2022-01-08
-28.53,-16.27,0.0,0.1397851573657654,2022-01-09
-22.41,-1.05,0.0,0.4069130976095362,2022-01-10
-10.9,4.16,0.0,0.5021894716136496,2022-01-11
-2.03,5.23,0.0,0.3435503661661867,2022-01-12
-4.84,3.74,0.0,0.3653795076432477,2022-01-13
-5.69,1.5,0.0,0.2936282852507673,2022-01-14
-5.08,4.26,0.0,0.3972358578963256,2022-01-15
-4.12,3.96,0.0,0.3567881359330188,2022-01-16
-5.55,4.73,0.99,0.4329129784466558,2022-01-17
-19.45,2.29,0.0,0.5004185129373953,2022-01-18
-26.3,-15.79,0.0,0.1405384646873334,2022-01-19
-23.83,-2.62,0.0,0.3799492831906402,2022-01-20
-10.12,2.33,1.18,0.437926757097495,2022-01-21
-8.24,4.19,2.25,0.457448493186543,2022-01-22
-7.56,4.81,0.0,0.4914235202941659,2022-01-23
-11.43,1.16,0.0,0.4210223833780351,2022-01-24
-23.05,-5.36,0.0,0.3259764064178888,2022-01-25
-10.33,1.84,0.0,0.4314345449032165,2022-01-26
-7.56,0.66,0.0,0.3260343474218096,2022-01-27
-10.45,1.62,0.0,0.4290714876546943,2022-01-28
-8.27,2.88,0.0,0.4383344357662841,2022-01-29
-4.73,5.27,0.0,0.4583243159587161,2022-01-30
-12.21,4.21,3.45,0.5277056979678685,2022-01-31
-26.04,-15.91,0.0,0.1452819565504935,2022-02-01
-31.75,-22.64,0.0,0.1,2022-02-02
-30.19,-18.25,0.0,0.1322209489876643,2022-02-03
-31.51,-5.44,6.22,0.3054648942888731,2022-02-04
-14.62,-4.66,0.8,0.293580836852112,2022-02-05
-16.19,1.47,0.0,0.5062091204092286,2022-02-06
-5.41,5.45,0.0,0.5047824981757664,2022-02-07
-4.4,2.7,0.0,0.3422973442105544,2022-02-08
-8.18,2.59,0.0,0.4522932105327149,2022-02-09
-8.68,5.37,0.59,0.5845727532912499,2022-02-10
-18.29,-11.02,0.0,0.1758362341408703,2022-02-11
-16.64,-6.66,0.0,0.2752656241522764,2022-02-12
-15.35,2.18,0.0,0.543975754095797,2022-02-13
-17.36,-8.19,1.19,0.2426593312632284,2022-02-14
-14.6,-6.88,1.58,0.236936132898156,2022-02-15
-23.16,-14.65,0.43,0.1574406293176455,2022-02-16
-25.58,-2.1,0.0,0.4356739916910008,2022-02-17
-20.14,-5.66,0.0,0.3485834653180313,2022-02-18
-16.81,3.44,3.21,0.5709719831704254,2022-02-19
-22.24,-13.23,0.0,0.1829092037333299,2022-02-20
-27.89,-20.45,0.0,0.1007572688508922,2022-02-21
-31.16,-20.37,0.0,0.1220054077775992,2022-02-22
-30.14,-18.32,0.0,0.1474950507033486,2022-02-23
-27.12,-16.84,0.0,0.1577669506637721,2022-02-24
-26.51,-7.95,0.0,0.325093097068762,2022-02-25
-14.21,-2.53,0.0,0.4065577655173208,2022-02-26
-11.66,-5.34,0.0,0.2441525826894187,2022-02-27
-13.94,-6.39,0.0,0.2637320603074386,2022-02-28
-13.31,-6.4,0.0,0.2507260756128227,2022-03-01
-15.66,-8.35,0.0,0.23696741275881,2022-03-02
-16.25,-9.51,6.68,0.1931073484680892,2022-03-03
-11.39,-7.6,3.51,0.1393394450214976,2022-03-04
-15.86,-9.97,0.0,0.1926342333062053,2022-03-05
-18.81,-4.92,0.0,0.4093907844179362,2022-03-06
-15.86,1.66,0.87,0.6298898054829345,2022-03-07
-17.26,-7.54,0.0,0.3132618833232894,2022-03-08
-23.8,-13.33,0.0,0.227143336584133,2022-03-09
-23.8,-12.02,0.0,0.2592627430728708,2022-03-10
-30.01,-10.43,0.0,0.3002011942165283,2022-03-11
-16.39,2.72,0.0,0.7107914803826035,2022-03-12
-10.85,-1.83,0.0,0.4183194976556798,2022-03-13
-10.94,1.8,0.0,0.6461979139981727,2022-03-14
-4.67,5.15,0.0,0.6950065759660206,2022-03-15
-2.57,4.27,0.0,0.4691943872561114,2022-03-16
-5.71,6.04,0.0,0.8399988512541567,2022-03-17
-1.8,5.94,0.0,0.622425407571198,2022-03-18
-3.08,7.34,0.0,0.8961656773595236,2022-03-19
-1.12,5.02,0.0,0.5110250062783247,2022-03-20
-0.92,6.12,0.0,0.6883788676123181,2022-03-21
-2.3,8.04,0.0,1.0305560606336155,2022-03-22
-2.08,13.5,0.0,1.4993314331968748,2022-03-23
-0.37,8.02,0.01,0.919364227520112,2022-03-24
-6.27,1.61,0.0,0.6270646442367871,2022-03-25
-8.68,-1.58,0.0,0.4678058516033714,2022-03-26
-6.3,8.88,0.0,1.2690781397754256,2022-03-27
-2.45,9.07,0.0,1.3222880988906998,2022-03-28
-5.64,1.6,0.0,0.7045901664287701,2022-03-29
-7.93,9.46,0.0,1.402006919148917,2022-03-30
-1.14,5.69,1.61,0.8696912356496813,2022-03-31
-3.88,5.92,0.0,1.0865554984827288,2022-04-01
-6.99,8.05,0.0,1.3299465437225042,2022-04-02
-3.67,11.8,0.0,1.6037052570431314,2022-04-03
-1.35,16.19,0.0,1.9016359394115077,2022-04-04
-0.43,9.27,2.3,1.0951895280187651,2022-04-05
-0.74,7.45,0.59,1.1255603217736654,2022-04-06
-3.12,10.84,0.0,1.586429715343034,2022-04-07
-1.9,18.24,0.0,2.029904536343536,2022-04-08
-0.05,12.66,0.0,1.724793911023389,2022-04-09
-4.21,7.92,0.0,1.3924658004444692,2022-04-10
-7.72,-0.56,0.0,0.673841656395669,2022-04-11
-9.74,-5.4,0.0,0.2714969614165601,2022-04-12
-9.35,-5.38,1.66,0.2494963483406351,2022-04-13
-8.94,-4.22,1.56,0.3538514789834055,2022-04-14
-10.6,-3.1,0.0,0.6011605100241052,2022-04-15
-10.39,0.88,0.0,0.9591211738058432,2022-04-16
-7.33,3.4,0.0,1.112286267854652,2022-04-17
-7.39,8.29,0.0,1.4938463675157314,2022-04-18
-3.08,4.4,1.22,1.0173305158475443,2022-04-19
-4.38,1.66,0.0,0.7238407024956631,2022-04-20
-8.45,5.48,0.0,1.3149250192727386,2022-04-21
-2.28,3.74,0.62,0.8654873320580182,2022-04-22
0.15,8.41,1.96,1.416576257645068,2022-04-23
-2.37,11.4,0.0,1.7494470021454838,2022-04-24
-2.88,10.82,0.0,1.7108587606968009,2022-04-25
-2.6,14.67,0.0,1.9503432816253892,2022-04-26
0.86,15.65,0.0,2.045537472194273,2022-04-27
0.78,17.91,0.0,2.188111616085186,2022-04-28
0.93,16.57,0.0,2.1096609228256575,2022-04-29
1.86,17.14,0.0,2.1487450082758923,2022-04-30
0.15,15.82,0.0,2.0545258856060356,2022-05-01
-0.74,18.38,0.0,2.206336659735583,2022-05-02
3.89,20.41,0.0,2.3805740137807887,2022-05-03
1.44,24.33,0.0,2.590468771593696,2022-05-04
8.94,27.6,0.0,2.7654837857367256,2022-05-05
9.87,22.96,0.7,2.4245547090093766,2022-05-06
6.4,14.57,4.72,1.5071612614173535,2022-05-07
3.58,16.09,0.0,2.0040296246463254,2022-05-08
-0.17,15.07,0.0,1.9509156906768168,2022-05-09
2.86,14.16,2.66,1.6523594597462246,2022-05-10
-0.15,19.06,0.0,2.2015271851670173,2022-05-11
2.77,19.7,0.0,2.2629828032292982,2022-05-12
4.43,10.65,12.73,0.8853469547779911,2022-05-13
2.95,16.76,0.0,2.031048705710674,2022-05-14
3.47,20.44,0.0,2.312287821725422,2022-05-15
4.81,21.89,0.0,2.4124621382419424,2022-05-16
6.55,21.9,2.67,2.113342831533577,2022-05-17
7.17,16.77,1.2,1.7562688645233764,2022-05-18
1.74,11.9,3.41,1.1727600953284585,2022-05-19
0.96,8.22,0.0,0.9301502167119868,2022-05-20
-0.54,13.74,0.0,1.8129438426261737,2022-05-21
0.61,16.75,0.0,2.0666264687385048,2022-05-22
1.98,22.23,0.0,2.434619424565267,2022-05-23
4.68,24.47,0.0,2.5979228723505337,2022-05-24
6.41,24.31,0.0,2.586853096317519,2022-05-25
6.42,24.35,0.0,2.592715392131582,2022-05-26
6.76,21.65,1.72,2.384984405861006,2022-05-27
7.74,22.97,0.0,2.4811390533976305,2022-05-28
9.96,19.9,0.0,1.93662440217634,2022-05-29
7.67,18.06,0.0,1.883116891571172,2022-05-30
4.14,18.64,0.0,2.201750114976808,2022-05-31
2.96,20.0,0.0,2.3173579401955045,2022-06-01
4.13,21.63,0.0,2.434544278586634,2022-06-02
2.33,23.11,0.0,2.530293074985096,2022-06-03
4.16,25.07,0.0,2.673204525259649,2022-06-04
6.55,20.4,0.0,2.3190438219120075,2022-06-05
5.52,20.67,0.0,2.3530879008080943,2022-06-06
7.81,20.85,0.0,2.325030421650151,2022-06-07
6.77,24.55,1.81,2.641080666510154,2022-06-08
11.25,25.08,5.81,2.3809381514697745,2022-06-09
10.46,26.51,0.66,2.7533442972619047,2022-06-10
8.05,24.71,0.0,2.6468779917360625,2022-06-11
8.57,25.61,2.96,2.4398517776058024,2022-06-12
11.2,22.69,2.01,1.8738500475126123,2022-06-13
7.12,19.66,0.0,2.166747403380343,2022-06-14
5.15,17.97,4.19,1.694828996092052,2022-06-15
11.35,21.42,0.0,2.003255463442087,2022-06-16
10.7,30.0,0.0,3.02091757656906,2022-06-17
17.77,32.58,0.0,3.0632852181405283,2022-06-18
15.94,21.69,5.9,0.823836596808257,2022-06-19
14.36,21.84,1.15,1.488594893402822,2022-06-20
11.99,23.13,1.57,2.135895289690793,2022-06-21
10.65,28.21,0.0,2.8973050470856174,2022-06-22
10.41,27.93,4.87,2.4097937484472847,2022-06-23
8.53,19.36,0.93,1.8235282605552472,2022-06-24
8.59,21.29,2.58,1.7093779725952418,2022-06-25
8.57,25.24,0.0,2.5914449580284815,2022-06-26
9.81,24.28,2.15,1.9682884339469116,2022-06-27
10.1,23.05,2.28,1.763196921686231,2022-06-28
12.92,26.51,0.0,2.4235048803014103,2022-06-29
10.02,23.33,0.0,2.224856901184881,2022-06-30
8.72,24.41,0.0,2.4498638882886428,2022-07-01
10.01,23.35,3.91,1.8031978023939492,2022-07-02
10.91,24.16,2.44,1.8104467910666031,2022-07-03
13.15,17.91,9.25,0.5517477409802919,2022-07-04
12.69,19.36,3.19,0.7656789793581669,2022-07-05
12.73,25.1,0.0,2.159112924745206,2022-07-06
13.23,24.44,0.42,1.9953781645749888,2022-07-07
16.68,31.38,0.0,2.697835734826484,2022-07-08
16.41,29.83,3.03,1.9923633727722805,2022-07-09
14.03,25.76,2.06,1.648043738296446,2022-07-10
11.07,27.59,0.0,2.552796435845893,2022-07-11
10.52,30.01,0.0,2.7966255444511496,2022-07-12
15.74,33.17,3.17,2.369685007796835,2022-07-13
15.88,28.2,0.0,2.2179864111438747,2022-07-14
15.95,33.87,0.0,2.927533805396205,2022-07-15
14.8,35.31,0.0,3.088838803957167,2022-07-16
15.27,32.39,0.0,2.778785775729061,2022-07-17
14.28,29.23,20.73,1.9846162848252176,2022-07-18
14.56,28.46,8.05,1.7156193653024363,2022-07-19
13.28,24.76,0.0,1.669650236964776,2022-07-20
11.06,28.37,0.0,2.323546836160761,2022-07-21
11.03,25.48,0.0,1.9884648181895908,2022-07-22
9.15,21.84,0.0,1.6791113914136375,2022-07-23
7.78,27.68,0.0,2.3851698463555846,2022-07-24
13.0,20.76,3.83,0.8493442577938453,2022-07-25
10.65,24.43,0.0,1.853130035952004,2022-07-26
7.94,25.52,0.0,2.1383742520433997,2022-07-27
7.89,27.12,0.0,2.2782294809900705,2022-07-28
12.51,32.83,0.0,2.605885296089471,2022-07-29
14.84,26.98,5.7,1.348139056985038,2022-07-30
13.83,28.02,8.99,1.552804166564704,2022-07-31
15.17,26.66,0.0,1.5411065476543913,2022-08-01
14.04,25.73,0.44,1.534817115810029,2022-08-02
9.41,25.8,0.0,1.935859717222444,2022-08-03
11.26,35.06,0.0,2.6775293161195517,2022-08-04
9.29,20.55,0.0,1.2442593050043806,2022-08-05
4.7,22.5,0.0,1.8120720492141735,2022-08-06
10.8,29.99,0.0,2.2388209280573528,2022-08-07
10.47,33.44,0.0,2.5386457234026527,2022-08-08
10.29,26.21,0.0,1.842174581701464,2022-08-09
10.21,26.39,0.0,1.859036330997302,2022-08-10
15.44,24.88,0.0,1.1152162389608375,2022-08-11
11.74,31.32,0.0,2.3355643603563383,2022-08-12
16.07,32.64,0.0,2.1702413261868623,2022-08-13
15.79,31.47,0.0,2.044483651779455,2022-08-14
12.59,29.86,0.0,2.1024237512405275,2022-08-15
13.71,34.19,0.0,2.4682413684448496,2022-08-16
16.14,30.03,0.0,1.8091911396117977,2022-08-17
12.4,29.47,0.0,2.06937178185523,2022-08-18
10.61,29.3,0.0,2.1377786969978936,2022-08-19
13.8,31.46,0.0,2.153187972561281,2022-08-20
12.54,33.76,0.0,2.4258305674831626,2022-08-21
16.18,28.18,0.0,1.4669413442476096,2022-08-22
15.02,26.5,0.0,1.3610518071852358,2022-08-23
10.92,26.88,0.0,1.790839819595085,2022-08-24
9.9,28.41,0.0,1.99625328317028,2022-08-25
12.82,29.46,12.13,1.57619896548219,2022-08-26
13.48,30.66,0.0,1.9236164906750868,2022-08-27
12.56,21.51,0.0,0.9369439541211632,2022-08-28
9.02,27.22,0.0,1.8339307467642905,2022-08-29
10.22,31.55,0.0,2.14709207443381,2022-08-30
14.04,35.25,0.0,2.2633455868472874,2022-08-31
14.42,33.25,0.0,2.030401871526715,2022-09-01
6.46,26.66,0.0,1.8249756591582695,2022-09-02
11.83,36.51,0.0,2.4033157724628933,2022-09-03
15.25,34.08,0.0,1.9964353961558856,2022-09-04
12.28,32.4,0.0,2.005793262779968,2022-09-05
8.44,24.96,0.0,1.505343939647719,2022-09-06
10.25,35.49,0.0,2.318726345342215,2022-09-07
7.3,20.31,0.0,1.118728550380628,2022-09-08
3.5,17.43,0.0,1.0791843963637324,2022-09-09
2.16,22.78,0.0,1.573550073922101,2022-09-10
7.88,31.77,0.0,2.088604387757195,2022-09-11
8.29,24.08,0.0,1.3908550311691454,2022-09-12
9.54,15.66,1.68,0.5460525134754178,2022-09-13
8.06,15.62,2.3,0.592709427287865,2022-09-14
7.03,15.68,0.0,0.724335582185533,2022-09-15
10.02,20.21,0.0,0.9120005608593243,2022-09-16
7.47,22.97,0.0,1.3032157736716758,2022-09-17
5.27,22.33,0.0,1.3785908641468916,2022-09-18
8.78,20.21,0.82,0.9806710894421312,2022-09-19
4.66,14.25,0.0,0.7432892988995203,2022-09-20
-0.43,16.96,0.0,1.149029437806103,2022-09-21
1.34,18.19,1.54,1.181207077816922,2022-09-22
4.65,18.31,0.0,1.0314442147059637,2022-09-23
6.55,21.47,0.0,1.195216288214566,2022-09-24
2.12,21.74,0.0,1.4038609199692211,2022-09-25
5.71,22.97,0.0,1.358687163395805,2022-09-26
5.65,25.11,0.0,1.5263739454365517,2022-09-27
8.34,30.73,0.0,1.8429015532027355,2022-09-28
7.46,31.17,0.0,1.8832528722106725,2022-09-29
9.66,23.78,0.0,1.1509126883752208,2022-09-30
7.24,19.65,0.0,0.9609825192161908,2022-10-01
5.54,18.81,0.0,0.9801492860665356,2022-10-02
6.27,22.39,0.0,1.2808944904602713,2022-10-03
7.03,25.6,0.0,1.5237246922179837,2022-10-04
3.9,12.82,0.0,0.627954981870467,2022-10-05
-3.72,9.82,0.0,0.7367335472224991,2022-10-06
-3.15,19.69,0.0,1.324643250668438,2022-10-07
2.83,22.51,0.0,1.397305068008336,2022-10-08
2.9,22.18,0.0,1.3661405495284549,2022-10-09
2.75,25.42,0.0,1.575561954443599,2022-10-10
4.21,15.16,0.0,0.7531955662927338,2022-10-11
2.43,11.53,0.0,0.5915594995896609,2022-10-12
0.1,14.08,0.0,0.8370780704336843,2022-10-13
-1.97,15.32,0.0,0.9755040229275984,2022-10-14
-2.11,9.51,0.0,0.6336845542585421,2022-10-15
-4.74,9.03,0.0,0.679600750484282,2022-10-16
-2.2,17.19,0.0,1.1917098703239588,2022-10-17
0.32,22.49,0.0,1.5623878059306002,2022-10-18
1.95,21.49,0.0,1.4550412926122929,2022-10-19
2.68,16.02,0.0,0.969456938363376,2022-10-20
1.06,11.06,0.0,0.5908708338842216,2022-10-21
-2.81,10.79,5.99,0.6583711040731631,2022-10-22
-0.83,3.34,13.79,0.2108525604966528,2022-10-23
-2.79,0.68,0.0,0.1714490223157463,2022-10-24
-3.43,2.59,0.0,0.2919248993750821,2022-10-25
-4.42,5.0,0.0,0.4458119987963114,2022-10-26
-0.76,8.26,0.0,0.4901675269171888,2022-10-27
0.36,9.35,0.0,0.5080788437846557,2022-10-28
-1.26,12.07,0.0,0.713427027003935,2022-10-29
-0.83,13.57,0.0,0.8451620701042819,2022-10-30
-0.89,8.65,0.0,0.5119853624989779,2022-10-31
-0.17,10.2,0.0,0.5691314035001735,2022-11-01
-2.58,1.58,0.0,0.2043969603149487,2022-11-02
-7.83,-1.88,0.0,0.2345454864577216,2022-11-03
-8.27,5.09,2.17,0.5150170925832316,2022-11-04
-4.89,4.99,12.8,0.4334171521359234,2022-11-05
-11.51,-5.51,0.0,0.1998293002129976,2022-11-06
-13.16,-6.07,4.7,0.2069824469812174,2022-11-07
-17.09,-6.69,0.0,0.2655380926734487,2022-11-08
-22.32,-15.06,0.0,0.1300096527968035,2022-11-09
-22.56,-14.38,0.0,0.1456288710175747,2022-11-10
-21.64,-11.05,0.0,0.2039419018183516,2022-11-11
-21.08,-9.99,1.3,0.2216509911637461,2022-11-12
-14.32,-6.34,0.0,0.2308247777000201,2022-11-13
-12.58,-5.61,1.04,0.2189703272135974,2022-11-14
-12.05,-3.88,0.0,0.2658076372476761,2022-11-15
-10.99,-2.62,0.0,0.2881187060816475,2022-11-16
-16.74,-10.15,0.0,0.1640731556894302,2022-11-17
-16.95,-7.2,0.0,0.2451834954676717,2022-11-18
-12.05,-3.87,0.0,0.2661199754564288,2022-11-19
-11.87,0.57,0.0,0.4110414365117144,2022-11-20
-11.92,1.49,1.41,0.4409287417336308,2022-11-21
-6.2,2.75,0.0,0.3800893237153712,2022-11-22
-4.58,2.4,0.0,0.3148020787238683,2022-11-23
-6.57,4.03,0.0,0.4387596745182986,2022-11-24
-0.5,6.95,0.0,0.3912448019913654,2022-11-25
-2.92,2.73,0.0,0.2690626068651292,2022-11-26
-4.06,3.22,1.38,0.3312131030425978,2022-11-27
-11.23,-4.32,2.82,0.2145510245084367,2022-11-28
-16.54,-10.7,0.0,0.1406058597393976,2022-11-29
-20.52,-13.55,1.36,0.132808279181097,2022-11-30
-21.73,-13.14,0.82,0.1532658178009818,2022-12-01
-27.86,-20.41,0.0,0.1,2022-12-02
-23.5,-11.5,0.0,0.1955337810713898,2022-12-03
-14.66,-3.16,0.0,0.3148123116832405,2022-12-04
-23.16,-12.48,0.69,0.1753731150798853,2022-12-05
-32.53,-20.68,0.0,0.1012716502069317,2022-12-06
-34.82,-8.82,0.0,0.2314825938852932,2022-12-07
-15.91,-4.81,0.0,0.2797218437047976,2022-12-08
-11.17,-1.98,0.0,0.2936785025429976,2022-12-09
-16.17,-5.96,0.0,0.2511325913374005,2022-12-10
-10.57,-4.36,2.57,0.1926332085576285,2022-12-11
-11.97,-6.85,3.7,0.1462079018001621,2022-12-12
-14.84,-11.32,0.0,0.1,2022-12-13
-16.93,-8.52,0.42,0.1952164886585692,2022-12-14
-16.22,-10.47,0.0,0.1358986404253137,2022-12-15
-20.45,-13.15,0.73,0.1353348853829092,2022-12-16
-20.36,-14.66,1.18,0.1042816920702318,2022-12-17
-25.94,-19.7,1.06,0.1,2022-12-18
-30.94,-22.85,2.29,0.1,2022-12-19
-35.07,-29.22,2.19,0.1,2022-12-20
-32.62,-28.31,0.74,0.1,2022-12-21
-31.69,-25.95,0.0,0.1,2022-12-22
-34.69,-20.72,0.0,0.1032456914875121,2022-12-23
-23.4,-11.9,1.99,0.1847980274155443,2022-12-24
-16.58,-6.69,0.0,0.2379969739715263,2022-12-25
-15.19,2.39,0.0,0.4753784056044736,2022-12-26
-9.27,0.06,7.57,0.3146819798547254,2022-12-27
-15.63,-7.17,1.87,0.2126168083881739,2022-12-28
-14.53,-9.84,0.0,0.1211843281408126,2022-12-29
-15.99,-7.66,0.0,0.2053040028753063,2022-12-30
-16.81,-8.94,0.0,0.1846807985210362,2022-12-31
-17.68,-6.31,0.0,0.2573369245594746,2023-01-01
-14.24,-4.33,0.0,0.2696867191793818,2023-01-02
-15.07,-5.96,0.0,0.2361595095667563,2023-01-03
-17.21,-9.05,0.0,0.1863561188013416,2023-01-04
-16.73,-10.18,0.0,0.1523738508967446,2023-01-05
-16.76,-4.96,0.0,0.2839931921600215,2023-01-06
-11.3,-2.61,0.0,0.276614092799768,2023-01-07
-13.51,-4.04,0.0,0.2703524932615234,2023-01-08
-12.71,-2.76,0.0,0.2971686488388451,2023-01-09
-14.95,-8.95,0.0,0.155642538839146,2023-01-10
-15.31,-9.7,0.0,0.1426110862746369,2023-01-11
-13.49,-6.12,0.0,0.2111256721585943,2023-01-12
-10.83,-0.63,0.0,0.3393392962548575,2023-01-13
-10.67,-2.5,0.0,0.2733899644700667,2023-01-14
-9.49,-6.46,0.0,0.1045604209472076,2023-01-15
-9.29,-7.11,0.0,0.1,2023-01-16
-9.94,-6.78,0.0,0.1074243220400728,2023-01-17
-7.97,-2.88,0.0,0.1950638976975321,2023-01-18
-9.93,-4.49,0.0,0.1900512134150679,2023-01-19
-13.96,-4.28,0.0,0.2804553836770233,2023-01-20
-12.2,-1.03,0.0,0.3659859365390943,2023-01-21
-7.24,1.1,0.0,0.3545776547902835,2023-01-22
-12.04,-1.51,0.0,0.3567753316016477,2023-01-23
-10.58,-2.02,0.0,0.2991532402978797,2023-01-24
-7.95,-1.34,1.13,0.2691486521573526,2023-01-25
-8.46,3.43,0.87,0.5989809762652771,2023-01-26
-19.06,-4.03,0.0,0.3780716836742194,2023-01-27
-23.83,-18.28,0.0,0.1,2023-01-28
-25.28,-19.16,0.0,0.1,2023-01-29
-25.76,-17.96,0.0,0.1154405323455325,2023-01-30
-22.93,-12.37,0.0,0.1944034475550376,2023-01-31
-22.85,-10.87,0.78,0.2244032517572753,2023-02-01
-26.51,-17.3,0.0,0.1333089264777776,2023-02-02
-19.1,-1.25,0.0,0.5001020547541996,2023-02-03
-6.91,0.48,0.0,0.4316805873798561,2023-02-04
-10.81,1.95,0.0,0.637584687520363,2023-02-05
-4.81,0.87,0.0,0.3514013533815179,2023-02-06
-4.37,3.1,0.0,0.5629354751118304,2023-02-07
-9.03,-0.24,3.78,0.3980051932874142,2023-02-08
-13.45,-2.11,0.0,0.4984986652852609,2023-02-09
-8.9,4.69,0.0,0.8184198588642538,2023-02-10
-6.46,1.38,0.0,0.5506326241328667,2023-02-11
-7.28,1.59,0.0,0.6158322343133963,2023-02-12
-3.69,3.63,0.0,0.6389011530174596,2023-02-13
-16.93,-3.75,0.0,0.4804675368216602,2023-02-14
-17.12,-9.44,0.0,0.2337954518183083,2023-02-15
-19.34,-1.95,0.0,0.5497451155568939,2023-02-16
-8.94,-0.13,0.0,0.5639316138479006,2023-02-17
-12.53,-3.74,0.0,0.4332007372942353,2023-02-18
-12.28,-4.96,1.2,0.3502280737800816,2023-02-19
-20.21,-9.34,0.0,0.3126547967379651,2023-02-20
-26.72,-16.94,0.0,0.1543258911374676,2023-02-21
-30.31,-25.14,0.0,0.1,2023-02-22
-28.35,-21.96,0.0,0.1,2023-02-23
-30.98,-19.51,0.0,0.1381751763809914,2023-02-24
-27.45,-12.0,0.0,0.2780265329353123,2023-02-25
-18.34,-1.18,0.0,0.6491379578211274,2023-02-26
-15.19,-4.62,0.0,0.5033040136558613,2023-02-27
-19.71,-10.49,0.0,0.2919445331176011,2023-02-28
-19.01,-6.4,0.0,0.4623751056027844,2023-03-01
-11.84,1.42,0.0,0.8287940571271338,2023-03-02
-10.08,-0.46,0.0,0.6970560146582774,2023-03-03
-14.71,-4.58,0.0,0.5288408330125492,2023-03-04
-20.42,-10.13,0.0,0.3428547578509633,2023-03-05
-25.2,-13.22,0.0,0.272970291610963,2023-03-06
-17.29,-12.93,0.0,0.1323240511032641,2023-03-07
-18.87,-13.39,1.07,0.1582098075371539,2023-03-08
-18.42,-10.33,0.0,0.3189838090809155,2023-03-09
-13.97,-6.64,4.55,0.3269085539385085,2023-03-10
-12.5,-6.64,4.61,0.2693549300103727,2023-03-11
-19.47,-9.29,0.0,0.4132396903242816,2023-03-12
-17.97,-3.41,0.0,0.6706304938952857,2023-03-13
-11.66,1.85,0.89,0.9723228510907204,2023-03-14
-14.2,-3.99,2.0,0.5294380854208042,2023-03-15
-14.33,-5.47,0.0,0.5480468448059294,2023-03-16
-21.04,-8.88,0.0,0.4507624875905383,2023-03-17
-20.18,-0.45,0.0,0.7722327002640652,2023-03-18
-15.07,-3.54,0.0,0.6929398722726506,2023-03-19
-14.17,-6.6,0.0,0.4796146179026044,2023-03-20
-15.96,-6.91,0.0,0.5149092448642473,2023-03-21
-15.83,-6.79,0.0,0.5272329210171788,2023-03-22
-15.53,2.57,0.0,0.9786518298914422,2023-03-23
-14.45,-3.62,0.0,0.7091883215532154,2023-03-24
-18.54,-4.3,0.0,0.6804942425144578,2023-03-25
-14.97,-6.04,0.0,0.5666339129499685,2023-03-26
-19.71,-8.71,0.0,0.4923445782677695,2023-03-27
-21.68,-6.29,0.0,0.5959127128474345,2023-03-28
-18.38,-1.15,0.0,0.8269371171649676,2023-03-29
-13.87,-1.91,0.0,0.8459124843370445,2023-03-30
-15.08,0.49,0.0,0.9394349084815612,2023-03-31
-7.86,3.97,0.0,1.1649512188273252,2023-04-01
-8.36,-2.13,2.82,0.5265069872132151,2023-04-02
-13.76,-7.98,1.93,0.3733393816539433,2023-04-03
-19.22,-7.41,0.0,0.5532280034230013,2023-04-04
-22.66,-7.0,0.0,0.5669353434828015,2023-04-05
-21.44,-4.08,0.0,0.6877141633082225,2023-04-06
-12.92,1.49,0.0,1.0291496449022284,2023-04-07
-4.04,6.25,0.0,1.3089314197681483,2023-04-08
0.97,8.72,0.0,1.3874570729857665,2023-04-09
2.57,9.98,0.0,1.4502407545750284,2023-04-10
0.66,12.66,0.0,1.7154307363931771,2023-04-11
0.16,8.51,0.0,1.4231007604409205,2023-04-12
-1.34,6.05,1.63,1.2238788789580466,2023-04-13
-1.03,8.09,3.24,1.2092002139909652,2023-04-14
-2.0,11.95,0.0,1.7013382708459737,2023-04-15
-0.91,14.96,0.0,1.894912057082563,2023-04-16
2.78,16.37,0.0,1.9384232989623045,2023-04-17
0.56,6.73,3.26,0.7574901043202238,2023-04-18
-4.03,0.36,5.81,0.2925967898490268,2023-04-19
-4.95,-1.62,0.43,0.2354615574330265,2023-04-20
-5.25,1.32,0.0,0.6673760256952872,2023-04-21
-5.18,5.83,0.0,1.2035718940281233,2023-04-22
-5.25,8.48,0.0,1.4414351985459612,2023-04-23
-1.98,10.29,0.0,1.569294923677493,2023-04-24
1.68,16.43,1.82,2.0003372646781656,2023-04-25
2.12,15.15,0.0,1.919095788597436,2023-04-26
2.36,10.45,0.0,1.3842949790642314,2023-04-27
-0.99,18.99,0.0,2.1351839941698865,2023-04-28
-0.95,16.05,0.0,1.977531007860748,2023-04-29
-2.35,16.05,0.0,1.961499809723724,2023-04-30
-0.71,19.8,0.0,2.195921201213717,2023-05-01
2.07,25.62,0.0,2.560278435034476,2023-05-02
4.56,27.13,0.0,2.6853763884782498,2023-05-03
5.88,26.86,0.0,2.6892783824321365,2023-05-04
4.47,20.09,0.0,2.257694119875555,2023-05-05
3.97,17.21,0.0,2.0589178218236848,2023-05-06
7.1,18.19,0.0,2.087960181226127,2023-05-07
6.75,19.03,0.0,2.169999537202556,2023-05-08
3.55,20.86,0.0,2.3273778012050426,2023-05-09
7.45,20.97,0.0,2.309182421912529,2023-05-10
6.05,20.27,0.0,2.2774560745029975,2023-05-11
8.55,17.02,0.0,1.9088534208057952,2023-05-12
5.44,23.48,0.0,2.5123885201470646,2023-05-13
5.05,25.27,0.0,2.6252796825420663,2023-05-14
8.86,27.04,0.0,2.7483115850061237,2023-05-15
9.32,30.59,0.0,2.983842220097875,2023-05-16
6.23,18.44,0.0,2.118412722530429,2023-05-17
3.47,15.51,0.0,1.92835541838814,2023-05-18
0.73,25.28,0.57,2.579040103715602,2023-05-19
11.1,25.46,0.0,2.576401215553404,2023-05-20
6.69,25.15,0.0,2.6111345256325063,2023-05-21
11.34,30.99,2.52,2.7400600502551016,2023-05-22
11.85,26.03,0.0,2.5954650765920215,2023-05-23
11.07,24.29,8.81,2.276213780187792,2023-05-24
12.61,16.86,2.39,0.4889438426694941,2023-05-25
10.35,19.1,0.0,1.7147587023256292,2023-05-26
7.76,17.0,5.9,1.312672114440625,2023-05-27
12.79,20.9,0.67,1.635335769725085,2023-05-28
10.07,26.48,0.0,2.7173839227964476,2023-05-29
11.15,28.84,2.9,2.551252506430962,2023-05-30
11.49,30.45,0.0,3.008494061127914,2023-05-31
13.69,26.52,5.89,2.1039522360444423,2023-06-01
12.89,22.52,0.0,1.9086005943257365,2023-06-02
16.21,26.7,2.57,1.8095844454693877,2023-06-03
14.99,30.48,0.0,2.9775244292113165,2023-06-04
17.0,32.46,0.0,3.0896670244687185,2023-06-05
16.06,28.92,0.0,2.667753300943615,2023-06-06
13.71,29.32,5.25,2.410423497241728,2023-06-07
13.64,29.38,0.0,2.8677134022634747,2023-06-08
12.18,25.82,0.0,2.5576490258673075,2023-06-09
9.97,23.92,0.0,2.5141371841007976,2023-06-10
9.57,27.72,0.0,2.8669766068983953,2023-06-11
11.77,29.98,0.0,3.0128598199657715,2023-06-12
11.88,30.98,0.0,3.0873673101419583,2023-06-13
12.6,29.33,3.18,2.5743502762460113,2023-06-14
9.37,18.1,0.0,1.6221746732212907,2023-06-15
6.87,24.8,0.0,2.68250481282452,2023-06-16
11.38,21.02,0.0,1.912606856707988,2023-06-17
7.93,24.26,21.69,2.227757351500614,2023-06-18
9.51,22.75,0.0,2.1703482360670576,2023-06-19
9.16,22.67,0.0,2.1973507368869605,2023-06-20
7.69,20.76,0.0,2.0566767230299967,2023-06-21
8.99,23.89,0.0,2.380222940424616,2023-06-22
8.4,25.92,0.0,2.623397764599718,2023-06-23
9.02,26.07,0.0,2.5969825316161796,2023-06-24
10.71,28.99,0.0,2.8252096400119804,2023-06-25
11.65,26.57,0.0,2.485165347453039,2023-06-26
11.11,28.91,0.0,2.775378283721124,2023-06-27
11.36,25.85,0.0,2.3917773746209647,2023-06-28
9.43,27.73,0.0,2.712585711262133,2023-06-29
13.53,30.53,0.0,2.838010563033419,2023-06-30
14.07,33.11,0.0,3.0786485258045313,2023-07-01
11.77,23.45,0.0,1.992846324681128,2023-07-02
9.5,22.83,0.0,2.131510628161498,2023-07-03
7.77,18.82,0.0,1.6842057460410709,2023-07-04
6.46,24.1,0.0,2.451464169644473,2023-07-05
8.95,27.11,0.0,2.671927515865515,2023-07-06
7.69,25.29,0.0,2.5175208729823013,2023-07-07
9.34,28.22,0.0,2.7566462195005363,2023-07-08
11.45,30.55,0.0,2.9102580005539314,2023-07-09
10.45,23.95,0.0,2.161162868678693,2023-07-10
8.77,21.41,2.45,1.555718411714133,2023-07-11
10.38,24.4,0.0,2.218106799207032,2023-07-12
12.05,26.36,0.0,2.3793162055941304,2023-07-13
10.3,22.68,0.0,2.032177993919255,2023-07-14
8.51,24.4,0.0,2.3762359383334233,2023-07-15
8.15,23.46,0.0,2.2811051018091124,2023-07-16
8.67,26.73,8.56,2.1648761746110083,2023-07-17
11.32,21.43,3.16,1.250854797432898,2023-07-18
12.84,23.93,0.0,1.8856176388540116,2023-07-19
10.11,27.75,0.0,2.62295153312231,2023-07-20
11.01,29.74,0.0,2.7793807514265194,2023-07-21
11.36,30.1,0.0,2.7901466882682833,2023-07-22
14.37,31.26,0.0,2.76159885549503,2023-07-23
15.9,35.83,0.0,3.16007576200803,2023-07-24
18.14,34.26,0.0,2.867214445220264,2023-07-25
11.82,27.63,0.0,2.4747368451621803,2023-07-26
8.63,23.3,0.0,2.1341129267479895,2023-07-27
7.66,21.51,0.0,1.9615885023311976,2023-07-28
5.51,24.67,0.0,2.396198473757903,2023-07-29
10.0,30.28,0.0,2.7953062951364607,2023-07-30
15.46,33.34,0.0,2.877794106288794,2023-07-31
13.21,33.31,0.0,2.951177173811049,2023-08-01
13.23,31.4,0.0,2.74153952731728,2023-08-02
14.01,36.97,0.0,3.204303482176939,2023-08-03
14.47,28.14,0.0,2.199719542504796,2023-08-04
10.26,27.65,0.0,2.4373560167933848,2023-08-05
9.32,26.85,0.0,2.3840821025690726,2023-08-06
9.1,29.01,0.0,2.5954862301379045,2023-08-07
10.32,25.0,0.0,2.090838047237863,2023-08-08
11.29,19.77,10.54,0.8667783637604697,2023-08-09
12.17,24.95,7.2,1.438889017523232,2023-08-10
11.77,22.83,0.0,1.4590082033322096,2023-08-11
9.53,22.89,4.87,1.3587642622525664,2023-08-12
9.8,25.73,0.0,1.9787672001844108,2023-08-13
12.49,33.4,0.0,2.607176303533194,2023-08-14
14.33,30.52,0.0,2.1839615554926746,2023-08-15
11.72,23.76,0.0,1.5193742655179872,2023-08-16
8.52,31.77,0.0,2.543321670850373,2023-08-17
14.51,27.17,0.0,1.667509002769611,2023-08-18
8.41,20.66,0.0,1.37757408513987,2023-08-19
5.38,21.58,0.88,1.699464300891878,2023-08-20
11.76,18.19,25.43,0.6134627832356679,2023-08-21
13.36,20.04,17.41,0.6590179840905355,2023-08-22
14.08,25.37,0.0,1.2695479958822482,2023-08-23
10.69,24.15,0.0,1.4680859789684986,2023-08-24
9.63,20.97,0.0,1.1528838942496713,2023-08-25
9.69,29.95,0.0,2.136243877671663,2023-08-26
11.74,28.46,0.0,1.870244166731737,2023-08-27
10.82,30.13,0.0,2.0728247061009957,2023-08-28
12.18,31.87,0.0,2.165248996839455,2023-08-29
14.81,28.71,0.0,1.6255809048530918,2023-08-30
12.17,22.7,2.14,0.9830172901896284,2023-08-31
13.47,28.08,0.0,1.6842742141225138,2023-09-01
13.21,29.86,0.0,1.9121763607221185,2023-09-02
8.42,32.35,0.0,2.2998844919954946,2023-09-03
10.09,20.74,0.0,1.0497538972981295,2023-09-04
2.88,17.19,0.0,1.2093769473890792,2023-09-05
8.37,24.82,0.0,1.671738374350171,2023-09-06
8.18,21.7,0.0,1.3441353666743614,2023-09-07
3.76,22.75,0.0,1.6465298320402677,2023-09-08
7.24,23.52,0.0,1.5504942429495865,2023-09-09
5.44,24.76,0.0,1.7180372863940132,2023-09-10
6.0,22.76,0.0,1.503885177990036,2023-09-11
8.0,28.31,0.0,1.881321509681008,2023-09-12
11.68,22.7,0.88,1.058302805200355,2023-09-13
7.6,20.85,0.0,1.1918530947832129,2023-09-14
4.67,22.07,0.0,1.4635961693441617,2023-09-15
6.33,29.8,0.0,1.9948410615392531,2023-09-16
7.43,31.49,0.0,2.1884825490930724,2023-09-17
9.69,27.12,0.0,1.74127799647441,2023-09-18
5.89,18.37,0.66,1.0713273710281264,2023-09-19
4.67,20.87,0.0,1.370899452684178,2023-09-20
3.41,21.87,0.0,1.4854492412027505,2023-09-21
4.88,22.19,0.0,1.4353570625804932,2023-09-22
11.23,19.09,0.0,0.7016927968612716,2023-09-23
10.5,23.69,0.0,1.2050170855211393,2023-09-24
7.01,26.57,0.0,1.676552032303853,2023-09-25
11.84,29.4,0.0,1.6719133878299273,2023-09-26
9.54,23.77,1.29,1.25044566599296,2023-09-27
5.77,19.69,0.0,1.0789890504041375,2023-09-28
2.56,18.75,0.0,1.15351525543094,2023-09-29
2.64,10.62,13.62,0.5061478248506799,2023-09-30
7.42,10.17,3.26,0.2062945974417558,2023-10-01
7.11,15.04,0.87,0.6207720387357449,2023-10-02
5.29,15.35,0.0,0.7505567822895085,2023-10-03
3.17,14.53,1.27,0.7911646699145627,2023-10-04
-0.8,8.62,0.0,0.5741980220536296,2023-10-05
-4.4,11.06,0.0,0.8254056945487361,2023-10-06
4.51,21.31,0.0,1.1731905523052757,2023-10-07
2.79,22.97,0.0,1.318056171716688,2023-10-08
4.04,22.2,0.0,1.2308414213522112,2023-10-09
3.33,21.39,0.0,1.196313147257544,2023-10-10
3.95,16.58,0.0,0.8648024821732727,2023-10-11
1.16,10.81,0.0,0.6078044109691865,2023-10-12
-2.83,12.01,0.0,0.809917102560476,2023-10-13
-0.35,12.51,0.0,0.7613030157657755,2023-10-14
-0.53,15.74,0.0,0.947174564323454,2023-10-15
1.79,19.61,0.0,1.102648690229716,2023-10-16
7.17,20.58,0.0,0.9726028799882374,2023-10-17
4.22,15.41,0.0,0.7553596955787106,2023-10-18
4.31,22.0,0.0,1.1573222245112842,2023-10-19
4.27,14.95,0.0,0.7150319976940094,2023-10-20
-2.54,11.73,0.0,0.7605820518048547,2023-10-21
2.64,10.83,0.0,0.5194566753513851,2023-10-22
-3.28,2.92,4.81,0.2941997932104419,2023-10-23
-11.01,-3.69,0.0,0.2610564660346424,2023-10-24
-14.66,-5.82,0.0,0.2635643367514238,2023-10-25
-13.35,-5.48,0.0,0.249282715227917,2023-10-26
-8.97,-3.87,0.65,0.2029208754136232,2023-10-27
-9.53,-3.3,0.57,0.2430612200731734,2023-10-28
-8.59,-0.97,0.0,0.3143235264363543,2023-10-29
-14.28,-4.57,0.0,0.3021718653666078,2023-10-30
-14.21,1.92,0.0,0.5146317893622816,2023-10-31
-8.9,0.0,0.0,0.3552662929467637,2023-11-01
-6.71,3.63,0.0,0.4550329766069195,2023-11-02
-6.38,1.16,0.0,0.3318303465633966,2023-11-03
-5.18,4.08,1.22,0.4301551559105969,2023-11-04
-0.41,3.88,2.16,0.2192344710336022,2023-11-05
0.56,3.59,0.6,0.1698697000739504,2023-11-06
-0.24,3.01,7.17,0.1673249381060793,2023-11-07
-1.38,3.7,0.0,0.2671881328413398,2023-11-08
-5.9,0.46,0.0,0.2789732820786015,2023-11-09
-8.26,2.35,0.0,0.4210269390634256,2023-11-10
-3.78,7.86,0.0,0.5539254990794027,2023-11-11
-2.41,8.51,0.0,0.5458801476091417,2023-11-12
-3.3,9.27,0.0,0.6033222034594351,2023-11-13
-1.96,7.94,0.0,0.5012054839329049,2023-11-14
-4.48,6.8,0.0,0.5155220156460766,2023-11-15
-9.16,2.78,0.0,0.444904676682754,2023-11-16
-2.68,10.91,0.0,0.6563826685719155,2023-11-17
-2.95,13.66,0.0,0.785579425917828,2023-11-18
-1.15,11.92,0.0,0.6627587436978095,2023-11-19
-3.79,5.52,0.0,0.4301202971097012,2023-11-20
-9.12,8.95,0.0,0.66686017406214,2023-11-21
-8.49,1.37,0.0,0.3685647035350858,2023-11-22
-16.41,-6.45,0.0,0.2466156534397182,2023-11-23
-13.11,-0.21,0.0,0.3863433031126203,2023-11-24
-8.27,1.08,0.0,0.3480574531309851,2023-11-25
-14.36,-4.33,0.0,0.2753953140108218,2023-11-26
-8.37,0.95,0.0,0.3425187870074941,2023-11-27
-4.37,5.25,0.0,0.4194274486504633,2023-11-28
-5.81,3.04,0.0,0.3620556860206433,2023-11-29
-9.95,-1.44,0.0,0.2871794810758089,2023-11-30
-14.34,-0.18,0.0,0.3924211243527987,2023-12-01
-10.81,1.74,0.0,0.4107884453644767,2023-12-02
-12.94,1.34,2.87,0.4142202553879812,2023-12-03
-7.42,0.61,0.0,0.3054514355213029,2023-12-04
-8.73,9.0,0.0,0.6513377580932561,2023-12-05
-2.75,8.34,0.0,0.5108016390654336,2023-12-06
-0.69,3.32,0.22,0.1935384804254027,2023-12-07
-6.62,0.38,0.0,0.2667415139217247,2023-12-08
-9.3,-0.6,0.0,0.2947151035360461,2023-12-09
-7.55,1.69,0.0,0.3402283429960236,2023-12-10
-11.45,-1.22,0.0,0.3145082740694533,2023-12-11
-13.74,1.82,0.0,0.4401804828325388,2023-12-12
-6.42,8.95,0.0,0.6036346894307008,2023-12-13
-4.41,6.37,0.0,0.4542957379556332,2023-12-14
-5.42,4.05,0.0,0.3813142394497957,2023-12-15
-3.23,4.33,0.0,0.3306554633305997,2023-12-16
-10.24,1.42,0.0,0.3816991748590396,2023-12-17
-11.0,3.63,0.0,0.4689243033388006,2023-12-18
-2.97,-0.04,0.0,0.1275438832229552,2023-12-19
-4.04,7.45,0.0,0.4921015491025204,2023-12-20
-5.96,4.38,0.0,0.40952979498495,2023-12-21
-5.37,10.49,0.0,0.6488975809985129,2023-12-22
-5.58,2.82,0.0,0.3356136486458493,2023-12-23
-12.12,0.5,0.0,0.3801312034821661,2023-12-24
-10.63,5.26,0.0,0.5212411991391274,2023-12-25
-10.18,7.36,0.0,0.5910892089524474,2023-12-26
-8.16,5.85,0.0,0.5096552068236151,2023-12-27
-8.86,9.85,0.0,0.670021703526285,2023-12-28
-8.19,4.71,0.0,0.4663125315061922,2023-12-29
-13.34,0.42,0.0,0.3918946452441011,2023-12-30
-10.07,4.02,0.0,0.4707775328941329,2023-12-31
