MinTemp,MaxTemp,Precipitation,ReferenceET,Date
-31.21,-14.59,0.0,0.163627886389695,2018-01-01
-20.39,-5.88,0.0,0.284364736842897,2018-01-02
-15.67,-4.57,0.0,0.2769961351659263,2018-01-03
-14.53,-7.31,0.0,0.1856686731482473,2018-01-04
-14.02,-8.29,0.0,0.1495673555263916,2018-01-05
-13.55,-0.69,0.0,0.3656772723152131,2018-01-06
-9.44,0.71,0.0,0.3487229354730629,2018-01-07
-10.0,-2.81,0.0,0.2367483129306178,2018-01-08
-13.76,-2.78,0.0,0.3064881981384388,2018-01-09
-25.04,-15.57,0.0,0.1320381857355337,2018-01-10
-30.26,-22.15,0.0,0.1,2018-01-11
-31.56,-20.57,0.0,0.1,2018-01-12
-28.1,-10.17,0.0,0.2278766047653621,2018-01-13
-24.03,-10.73,0.0,0.2099969002632926,2018-01-14
-30.04,-16.59,0.0,0.1412903434769852,2018-01-15
-20.5,-3.37,0.0,0.3511318915581949,2018-01-16
-9.9,4.81,0.0,0.5592275183544398,2018-01-17
-8.18,7.39,0.0,0.6714222303197032,2018-01-18
-5.17,3.75,0.0,0.3812554212295406,2018-01-19
-8.26,0.0,0.0,0.3085669892287482,2018-01-20
-11.75,-3.09,0.0,0.2742636855971818,2018-01-21
-10.82,0.65,0.0,0.4030422032555165,2018-01-22
-9.61,-2.48,0.0,0.2509588598374918,2018-01-23
-10.01,-4.78,0.0,0.1783836289584389,2018-01-24
-10.79,-3.69,5.38,0.2262052182098062,2018-01-25
-13.43,-8.44,1.89,0.1428809742653591,2018-01-26
-22.12,-13.33,0.0,0.1566936511661927,2018-01-27
-24.81,-16.19,0.16,0.1288040547376057,2018-01-28
-25.32,-6.3,0.0,0.3095485258591011,2018-01-29
-12.69,2.03,0.49,0.5427570570248691,2018-01-30
-24.39,-13.44,0.0,0.1761470916924699,2018-01-31
-28.02,-17.02,0.23,0.138693583760585,2018-02-01
-22.41,-18.44,1.44,0.1,2018-02-02
-27.9,-21.44,0.0,0.1,2018-02-03
-27.89,-17.09,0.0,0.1396208570932411,2018-02-04
-25.76,-15.74,0.0,0.1498045937316407,2018-02-05
-27.24,-17.3,0.0,0.1348107305932763,2018-02-06
-28.96,-16.08,0.0,0.1605865343885012,2018-02-07
-27.58,-17.67,0.0,0.1323292655827091,2018-02-08
-28.39,-15.64,0.0,0.1670269493684923,2018-02-09
-20.12,-9.22,0.0,0.2496046594759735,2018-02-10
-28.78,-15.77,0.0,0.1679384357678228,2018-02-11
-31.8,-13.41,0.0,0.2044283518516177,2018-02-12
-17.75,1.8,0.0,0.6503871220188732,2018-02-13
-16.31,1.16,0.67,0.6415333080693287,2018-02-14
-28.99,-13.82,0.0,0.2017892440145386,2018-02-15
-21.27,-5.76,0.0,0.3991370646414336,2018-02-16
-19.23,-10.83,0.0,0.2020620260852156,2018-02-17
-23.69,-13.23,0.0,0.1940992550422461,2018-02-18
-28.21,-14.56,0.0,0.1937945208183825,2018-02-19
-24.53,-12.61,0.0,0.2232825662871115,2018-02-20
-30.9,-10.99,0.0,0.2666852043436206,2018-02-21
-24.41,-7.33,0.0,0.374117840949164,2018-02-22
-20.92,-5.93,0.0,0.422736110425015,2018-02-23
-16.31,-1.89,0.0,0.5766323152264378,2018-02-24
-16.39,-2.48,0.0,0.5535356960792259,2018-02-25
-15.99,-4.9,0.0,0.4359532189055312,2018-02-26
-15.25,-2.6,0.0,0.5500368604043567,2018-02-27
-14.28,0.15,0.0,0.695061001563747,2018-02-28
-17.74,-4.04,0.0,0.5170611120248941,2018-03-01
-16.14,-5.18,0.0,0.4507752828341677,2018-03-02
-9.25,-4.47,2.99,0.1883218675454165,2018-03-03
-11.09,-5.13,4.38,0.2171758098268269,2018-03-04
-13.43,-8.77,0.02,0.1626586062262941,2018-03-05
-17.5,-6.79,0.0,0.4195692629138504,2018-03-06
-23.88,-7.51,0.0,0.4246329004413228,2018-03-07
-23.97,-7.94,0.0,0.4138713794194104,2018-03-08
-14.79,-3.76,0.0,0.5550608486539009,2018-03-09
-12.27,-1.24,0.0,0.6766905284615705,2018-03-10
-14.56,1.88,0.0,0.8709150191768329,2018-03-11
-16.05,-0.85,0.0,0.7364373649868344,2018-03-12
-15.69,1.02,0.0,0.8338784030421779,2018-03-13
-15.5,-0.8,0.0,0.7550056642614179,2018-03-14
-11.61,-3.41,0.0,0.5363624793650507,2018-03-15
-7.9,1.2,0.0,0.8124573861385821,2018-03-16
-4.38,-0.42,1.23,0.3519691088232424,2018-03-17
-7.1,-0.32,0.0,0.6284003850550843,2018-03-18
-8.89,-1.12,0.0,0.6617341501090354,2018-03-19
-7.22,1.17,0.0,0.8229588714239499,2018-03-20
-10.8,2.17,0.0,0.9939210110441784,2018-03-21
-9.97,0.84,0.0,0.9060689064114892,2018-03-22
-4.4,0.14,4.03,0.364466857701456,2018-03-23
-7.17,3.03,0.0,1.0022646875948271,2018-03-24
-6.81,1.45,0.68,0.8530033655672805,2018-03-25
-8.62,3.22,0.0,1.0643738461030228,2018-03-26
-11.18,-0.04,0.49,0.8681800763074919,2018-03-27
-16.59,-3.78,0.0,0.6789303398275605,2018-03-28
-21.33,-8.95,0.0,0.4577419790932876,2018-03-29
-24.31,-12.18,0.0,0.3578551343842528,2018-03-30
-21.94,-9.15,0.0,0.4719709149358894,2018-03-31
-19.09,-5.57,0.0,0.6292978592844325,2018-04-01
-21.33,-5.62,0.0,0.6154540669525064,2018-04-02
-18.14,-5.13,0.0,0.6532830900890522,2018-04-03
-18.98,-3.51,0.0,0.7251967761218129,2018-04-04
-19.34,-9.46,0.0,0.4426114207264903,2018-04-05
-23.23,-9.15,0.0,0.4852301020911947,2018-04-06
-22.58,-5.45,0.0,0.628092129334546,2018-04-07
-13.98,-3.0,0.0,0.7759556527254929,2018-04-08
-9.14,-0.2,0.0,0.898402069258277,2018-04-09
-11.76,5.36,0.0,1.22316578986914,2018-04-10
-4.06,0.14,1.89,0.5554033611649671,2018-04-11
-7.0,-1.32,0.0,0.653347622783314,2018-04-12
-8.45,1.0,0.0,1.0273103506226138,2018-04-13
-3.63,5.7,0.0,1.3122316552769375,2018-04-14
-4.66,6.61,0.0,1.3827854976220295,2018-04-15
-1.38,4.65,0.62,1.0509613396219104,2018-04-16
-1.72,1.69,4.81,0.3390779866289318,2018-04-17
-4.95,9.3,0.0,1.5542383171085856,2018-04-18
-2.11,11.73,0.0,1.7178237896522557,2018-04-19
-0.58,16.57,0.0,2.025433889793129,2018-04-20
1.01,18.09,0.0,2.1348230354452995,2018-04-21
3.56,13.28,0.0,1.7755983656097116,2018-04-22
-0.3,13.1,0.0,1.813162988285373,2018-04-23
-1.11,20.53,0.0,2.248054447523377,2018-04-24
2.53,17.28,0.0,2.0235471609338185,2018-04-25
-0.9,21.41,0.0,2.2291636064778175,2018-04-26
-1.02,16.15,0.0,1.9390000656138449,2018-04-27
1.51,26.34,0.0,2.5427174902138394,2018-04-28
5.58,20.33,0.38,2.220621311734176,2018-04-29
0.12,11.83,0.0,1.6593330931186885,2018-04-30
-2.59,16.7,0.0,1.964040580423666,2018-05-01
1.23,18.36,0.0,2.1049276427131853,2018-05-02
5.03,21.06,0.0,2.2903714775168713,2018-05-03
2.7,23.46,0.0,2.4359485108190766,2018-05-04
3.66,24.33,0.0,2.498264261826042,2018-05-05
4.46,27.34,0.0,2.685876018649901,2018-05-06
9.71,26.66,0.0,2.659895245599043,2018-05-07
7.07,17.18,4.53,1.8140776627135,2018-05-08
1.94,13.63,0.0,1.774304186370997,2018-05-09
0.63,10.43,2.22,1.3654952668443228,2018-05-10
3.6,10.9,0.99,1.4066981181868898,2018-05-11
1.49,20.39,0.0,2.261992514429314,2018-05-12
6.62,26.29,0.0,2.665707695755657,2018-05-13
2.82,24.76,0.0,2.5438324684957023,2018-05-14
10.44,31.52,0.0,3.0021517496150465,2018-05-15
9.24,26.83,1.47,2.6799317783348333,2018-05-16
6.71,13.72,2.26,1.1124278643697652,2018-05-17
2.9,18.78,0.0,2.1415185037695235,2018-05-18
2.8,22.27,0.0,2.388207831431736,2018-05-19
3.54,25.33,0.0,2.5939411966099417,2018-05-20
10.69,30.3,0.0,2.927036522435929,2018-05-21
10.33,27.28,0.0,2.7042855681707,2018-05-22
10.27,30.0,2.78,2.664927162868383,2018-05-23
12.85,26.11,7.58,2.3570058958577382,2018-05-24
10.89,25.83,0.0,2.5855875174502883,2018-05-25
9.7,29.26,3.67,2.635123309318849,2018-05-26
9.25,25.37,0.0,2.592449052083926,2018-05-27
8.65,30.92,0.0,3.007045347467719,2018-05-28
13.31,25.77,0.0,2.5200634542304,2018-05-29
9.45,22.59,6.5,1.9712085870040312,2018-05-30
9.23,13.68,0.0,0.6010868355122928,2018-05-31
8.09,12.88,6.47,0.4618549771473173,2018-06-01
6.82,17.26,0.0,1.7100949533814271,2018-06-02
6.92,23.61,0.0,2.5399339889579537,2018-06-03
9.38,26.84,2.6,2.4571691501503667,2018-06-04
8.91,20.58,0.0,2.1245150248903197,2018-06-05
5.81,27.37,0.0,2.8217217613474763,2018-06-06
8.48,27.31,0.0,2.8136803550044474,2018-06-07
13.49,24.15,0.0,2.2219271398610427,2018-06-08
13.38,30.14,1.55,2.96074279362069,2018-06-09
12.7,25.15,0.0,2.436714491423587,2018-06-10
7.22,17.61,0.03,1.7591205548896385,2018-06-11
7.44,20.96,0.0,2.2662341789393032,2018-06-12
6.95,25.81,0.0,2.7276215253262537,2018-06-13
8.47,24.11,1.19,2.5880840972440886,2018-06-14
9.3,23.54,0.0,2.5126736695592733,2018-06-15
6.83,21.88,0.0,2.428173614521114,2018-06-16
7.9,25.56,0.0,2.70576774833261,2018-06-17
8.62,27.75,0.0,2.8631626017520566,2018-06-18
9.92,27.97,0.0,2.872902703206682,2018-06-19
11.04,30.01,0.0,3.0132097997486516,2018-06-20
12.16,30.05,0.0,3.0022843642107055,2018-06-21
13.89,29.38,5.57,2.581770683072675,2018-06-22
13.05,26.91,0.0,2.7172513101064872,2018-06-23
16.02,26.73,13.51,1.912374865528328,2018-06-24
14.52,29.97,0.0,2.864474826247155,2018-06-25
12.38,24.74,0.0,2.298044300736763,2018-06-26
6.82,25.28,0.0,2.6706887878752528,2018-06-27
7.33,23.87,0.0,2.5065607022044225,2018-06-28
9.4,24.06,0.0,2.428731941019758,2018-06-29
11.37,24.96,10.73,1.938178279745252,2018-06-30
10.97,19.88,9.63,1.0929707427884578,2018-07-01
8.39,22.34,2.75,1.6384284591936842,2018-07-02
7.38,20.89,3.99,1.5220115445730067,2018-07-03
10.75,19.04,3.71,0.8841748326660446,2018-07-04
8.07,25.22,0.0,2.327757315530075,2018-07-05
13.7,32.64,0.0,2.852967434227145,2018-07-06
14.23,30.56,0.0,2.589205905234381,2018-07-07
10.53,23.68,0.0,1.9572212015742632,2018-07-08
8.61,27.01,0.0,2.4797506685122563,2018-07-09
13.37,29.31,10.41,2.002358756871102,2018-07-10
14.72,24.95,0.28,1.567708100304667,2018-07-11
15.08,28.28,0.0,2.0812052045373735,2018-07-12
14.54,30.74,0.0,2.475206465869783,2018-07-13
12.06,21.42,0.0,1.3231900540133967,2018-07-14
8.81,23.85,0.0,2.0336626932559394,2018-07-15
6.91,25.73,0.0,2.327017913104595,2018-07-16
9.97,33.98,0.0,2.982289353749783,2018-07-17
15.54,29.98,0.0,2.2976948129452097,2018-07-18
13.69,27.79,0.0,2.170188804208624,2018-07-19
12.85,28.88,0.0,2.38076107088373,2018-07-20
16.38,25.84,0.0,1.5008090628598754,2018-07-21
11.99,22.8,0.94,1.6025781195300888,2018-07-22
10.6,22.54,0.0,1.7129861434843252,2018-07-23
8.75,22.62,0.0,1.8798554943185803,2018-07-24
8.77,22.24,0.0,1.8251122101436743,2018-07-25
7.09,23.52,0.0,2.0717820103498896,2018-07-26
9.49,24.8,0.0,2.0782992908687903,2018-07-27
9.15,27.06,0.0,2.3329436285458685,2018-07-28
8.74,29.21,0.0,2.5347694103290963,2018-07-29
12.12,32.34,0.0,2.6882132228429128,2018-07-30
11.52,24.34,0.0,1.7855586205663327,2018-07-31
8.19,27.31,0.31,2.333604570113481,2018-08-01
14.46,30.08,9.99,1.831014978306335,2018-08-02
13.26,27.78,0.0,1.9749950336828936,2018-08-03
12.94,23.4,2.31,1.0728547478766333,2018-08-04
12.95,23.33,0.0,1.3423835026301003,2018-08-05
11.0,29.01,0.0,2.2542204895049105,2018-08-06
12.74,29.66,0.0,2.232064219445661,2018-08-07
11.6,29.31,0.0,2.2530795795405,2018-08-08
12.61,33.27,0.0,2.583947452714543,2018-08-09
14.08,37.8,0.0,2.8887962026584724,2018-08-10
14.38,31.66,0.0,2.283929723233693,2018-08-11
12.25,22.28,0.0,1.2079056794015144,2018-08-12
7.78,16.84,0.0,0.9121250514926692,2018-08-13
3.68,27.4,0.0,2.260170948535321,2018-08-14
10.44,28.2,0.0,2.118106709773125,2018-08-15
9.53,26.5,0.0,2.0011068339884344,2018-08-16
9.86,30.57,0.0,2.358960722065861,2018-08-17
10.53,24.02,0.0,1.6036287503240438,2018-08-18
3.81,23.64,0.0,1.9208967110798545,2018-08-19
4.56,23.41,0.0,1.8577740746368407,2018-08-20
5.07,27.47,0.0,2.1636771827047476,2018-08-21
10.46,30.74,0.0,2.266644566045353,2018-08-22
8.27,25.01,0.0,1.842029373183094,2018-08-23
7.53,19.79,0.0,1.2694339450855034,2018-08-24
7.09,18.12,0.0,1.1084921962862646,2018-08-25
6.88,17.32,5.95,0.8547484206725916,2018-08-26
8.01,13.82,4.87,0.4914488294085305,2018-08-27
6.69,17.79,0.0,1.0532448095060618,2018-08-28
6.3,26.89,0.0,2.0503513827147373,2018-08-29
9.34,22.78,1.24,1.4584802119135902,2018-08-30
7.21,20.02,0.0,1.32461274243883,2018-08-31
6.2,19.87,0.0,1.373019114757934,2018-09-01
3.13,20.26,0.0,1.562200822220393,2018-09-02
4.98,20.13,0.0,1.460013373451132,2018-09-03
2.21,13.87,0.0,0.952624253224642,2018-09-04
-0.92,21.59,0.0,1.7258616252893804,2018-09-05
2.89,24.22,0.0,1.8461302584295252,2018-09-06
6.68,24.09,0.0,1.699520324907912,2018-09-07
11.12,24.54,1.91,1.4593998998560027,2018-09-08
8.71,21.12,0.0,1.237090309038846,2018-09-09
3.51,19.1,1.74,1.356157401415799,2018-09-10
5.92,16.53,0.0,0.8909868920479662,2018-09-11
3.69,14.63,7.06,0.7773757643018004,2018-09-12
4.07,11.75,0.0,0.6098368659363671,2018-09-13
2.15,8.44,0.0,0.4697535723221118,2018-09-14
5.33,11.05,1.96,0.4740398581048673,2018-09-15
5.51,9.16,10.6,0.27767976271265,2018-09-16
3.72,11.04,0.27,0.5813881731226154,2018-09-17
3.73,10.55,0.0,0.5441454277200098,2018-09-18
1.85,15.28,0.0,0.9928623942916636,2018-09-19
3.59,12.91,4.18,0.6699039626359886,2018-09-20
0.16,5.88,2.24,0.3677181445426258,2018-09-21
-0.55,1.48,4.71,0.1302811868102606,2018-09-22
-0.49,2.21,1.32,0.1904379616900741,2018-09-23
-0.28,11.67,0.53,0.8294180044154682,2018-09-24
1.59,13.41,0.0,0.8661455686415337,2018-09-25
2.56,16.12,0.0,1.0010409544424432,2018-09-26
-2.29,7.64,0.0,0.6315536043971195,2018-09-27
-4.36,7.54,0.0,0.6948264587267463,2018-09-28
-3.51,6.82,0.0,0.6228696883021091,2018-09-29
-7.78,4.3,0.35,0.6284502261596345,2018-09-30
-1.86,3.79,1.72,0.3607940616612527,2018-10-01
-1.72,4.95,0.0,0.4304252655855995,2018-10-02
-2.84,6.58,0.0,0.5790983323383705,2018-10-03
-5.56,6.44,0.0,0.6506874355322549,2018-10-04
-4.15,8.34,0.0,0.7131504706462827,2018-10-05
-6.09,12.3,0.0,0.9699743446805348,2018-10-06
-3.14,12.76,0.0,0.9434412665782268,2018-10-07
-3.14,0.87,0.0,0.2384072661879722,2018-10-08
-5.81,2.96,0.0,0.4672393256281837,2018-10-09
-9.81,4.88,0.0,0.6379116543949973,2018-10-10
-9.84,6.32,0.0,0.6931575568797801,2018-10-11
-4.34,6.02,8.06,0.5232890103304103,2018-10-12
-4.82,-0.16,0.0,0.2505893715638496,2018-10-13
-8.72,3.66,0.0,0.5532842520009057,2018-10-14
-0.41,13.48,0.0,0.8429529874582311,2018-10-15
-2.34,9.77,0.0,0.6888462457704739,2018-10-16
-1.72,20.78,0.0,1.2628787938617096,2018-10-17
0.93,19.01,0.0,1.1015004195636402,2018-10-18
-3.96,13.18,0.0,0.8769533971761729,2018-10-19
-8.79,15.37,0.0,1.0140105951155287,2018-10-20
-2.14,13.79,0.0,0.8586980994245992,2018-10-21
-6.62,10.41,0.0,0.7706322714977818,2018-10-22
-5.04,15.58,0.0,0.9795269171219796,2018-10-23
-2.07,18.16,0.0,1.0567634212482866,2018-10-24
-1.68,14.37,0.0,0.8520251048194292,2018-10-25
-3.5,10.9,0.0,0.713996785238557,2018-10-26
-2.11,12.74,0.0,0.7688319236146369,2018-10-27
-5.2,9.14,0.0,0.6593686960418985,2018-10-28
0.9,7.92,0.0,0.3970819622258404,2018-10-29
-1.31,6.67,0.0,0.4163966057333234,2018-10-30
-3.31,9.47,0.0,0.6208860557662067,2018-10-31
-2.44,4.46,0.97,0.3395796369603033,2018-11-01
-2.42,0.1,0.0,0.1235314072016774,2018-11-02
-4.58,1.51,0.0,0.2716620910371294,2018-11-03
-2.12,3.86,2.34,0.2803430538477297,2018-11-04
-8.53,0.25,2.84,0.3224636643209769,2018-11-05
-12.85,-8.29,0.0,0.1366284221105833,2018-11-06
-13.73,-9.54,0.02,0.118688340437776,2018-11-07
-18.35,-9.92,0.0,0.1906273738791439,2018-11-08
-21.63,-5.54,1.81,0.3209181693889735,2018-11-09
-10.11,-4.51,0.47,0.1928110125049688,2018-11-10
-11.96,-6.66,0.0,0.1650462116312042,2018-11-11
-14.36,-6.21,0.0,0.2277912318367307,2018-11-12
-8.87,3.08,0.0,0.4494154120589948,2018-11-13
-4.48,4.45,0.0,0.400418964761402,2018-11-14
-3.91,2.13,0.0,0.2739006844195777,2018-11-15
-19.35,-6.38,0.0,0.2819000832121538,2018-11-16
-20.57,-6.25,0.0,0.2919323103560436,2018-11-17
-13.56,-8.12,0.45,0.1530211839953979,2018-11-18
-16.76,0.1,0.0,0.4329111453124412,2018-11-19
-6.49,0.32,0.0,0.2762214554987189,2018-11-20
-5.8,-0.62,0.0,0.2147752119936123,2018-11-21
-4.0,4.79,0.0,0.3991013301353772,2018-11-22
-5.49,2.04,0.0,0.320720355156316,2018-11-23
-8.78,-5.15,0.0,0.1304452307623463,2018-11-24
-8.86,-5.47,0.0,0.1214516103662455,2018-11-25
-7.74,-4.07,1.0,0.1391827288850193,2018-11-26
-6.02,-3.3,0.0,0.1120023430267041,2018-11-27
-7.58,-4.55,0.93,0.1156125325468378,2018-11-28
-5.63,-1.92,0.0,0.1560950707994648,2018-11-29
-7.35,-3.83,0.0,0.1364658165051439,2018-11-30
-7.79,-5.07,0.0,0.1022603129017322,2018-12-01
-9.71,-4.69,0.0,0.1738874555905364,2018-12-02
-13.11,-5.74,0.36,0.2152172329786928,2018-12-03
-13.15,-7.01,0.39,0.1777001361900619,2018-12-04
-14.11,-6.47,0.0,0.2107730119058975,2018-12-05
-16.32,-8.2,0.0,0.1977594836344693,2018-12-06
-19.67,-8.47,0.0,0.226959463514348,2018-12-07
-19.02,-7.35,0.0,0.2459704386247846,2018-12-08
-15.63,-4.5,0.0,0.2838446553002539,2018-12-09
-16.04,-0.91,0.0,0.3835533859639646,2018-12-10
-8.97,0.42,0.0,0.3327475837017329,2018-12-11
-6.66,0.83,0.0,0.2935008546106571,2018-12-12
-10.23,2.03,0.0,0.4102288500755143,2018-12-13
-9.22,4.58,0.0,0.48397098134717,2018-12-14
-3.38,5.67,0.0,0.4047836894235859,2018-12-15
-12.98,-4.1,0.0,0.2552728008992124,2018-12-16
-8.47,3.78,0.0,0.4423638816381183,2018-12-17
-6.86,4.15,0.0,0.4261344497625021,2018-12-18
-5.13,1.05,0.0,0.2568953950535078,2018-12-19
-9.49,1.9,0.0,0.3918568438273914,2018-12-20
-4.45,3.86,0.21,0.3553872546879528,2018-12-21
-9.2,-3.35,0.0,0.2009168898861808,2018-12-22
-17.14,-6.58,0.0,0.2434647897931092,2018-12-23
-16.7,-9.38,0.0,0.169250241308583,2018-12-24
-18.12,-10.5,0.0,0.162260536536898,2018-12-25
-14.97,-7.88,0.0,0.1801436168452484,2018-12-26
-22.08,-9.05,0.0,0.2273825788796774,2018-12-27
-21.8,-4.93,0.0,0.3103930356089842,2018-12-28
-13.71,-4.68,1.27,0.2485064344540114,2018-12-29
-20.78,-12.09,0.45,0.1577109324359822,2018-12-30
-29.3,-16.76,0.0,0.1341117224109607,2018-12-31
-25.45,-2.04,0.61,0.3711089369742623,2019-01-01
-11.4,3.64,0.0,0.4775553962103932,2019-01-02
-5.41,3.27,0.0,0.35176821352201,2019-01-03
-8.5,-0.02,0.0,0.2996465829862351,2019-01-04
-7.7,-3.01,0.0,0.1677745868714697,2019-01-05
-6.44,0.61,0.43,0.2725476538528414,2019-01-06
-14.42,-2.26,1.25,0.3293493377493631,2019-01-07
-22.55,-14.4,0.0,0.1310829189948073,2019-01-08
-24.6,-10.55,0.65,0.2131038108634349,2019-01-09
-15.95,-9.53,0.0,0.1527046297560473,2019-01-10
-16.22,-10.32,0.0,0.1377569252535241,2019-01-11
-15.05,-2.79,0.0,0.3250238685377582,2019-01-12
-12.87,-1.65,0.0,0.3316711017136418,2019-01-13
-10.89,-2.86,0.0,0.2575065968373103,2019-01-14
-21.1,-5.87,0.0,0.295372001130906,2019-01-15
-21.66,-15.78,0.0,0.1,2019-01-16
-27.33,-16.7,0.0,0.1308806971619235,2019-01-17
-30.66,-19.5,0.0,0.1093736876408043,2019-01-18
-24.77,-16.37,2.18,0.1156146154866736,2019-01-19
-19.46,-11.84,0.0,0.1538611619618571,2019-01-20
-18.6,-7.41,0.0,0.2477761273945455,2019-01-21
-16.82,-3.67,0.0,0.3288815302508572,2019-01-22
-23.37,-6.39,0.0,0.299277284883845,2019-01-23
-29.12,-11.62,0.0,0.2134471344259483,2019-01-24
-22.67,-7.34,0.0,0.2799717807377846,2019-01-25
-13.75,-1.94,2.33,0.3349440013385643,2019-01-26
-9.01,4.2,0.95,0.5143352026574163,2019-01-27
-23.47,-10.88,0.0,0.2153945256752807,2019-01-28
-30.94,-22.47,0.0,0.1,2019-01-29
-25.07,-14.51,0.75,0.1603691186137629,2019-01-30
-16.82,-2.95,0.48,0.3628247716930751,2019-01-31
-19.39,-9.82,0.97,0.2104618267268094,2019-02-01
-23.68,-17.6,1.34,0.1,2019-02-02
-25.81,-22.57,0.28,0.1,2019-02-03
-25.52,-22.27,2.04,0.1,2019-02-04
-33.42,-22.92,0.0,0.1,2019-02-05
-37.24,-25.52,0.0,0.1,2019-02-06
-38.11,-24.87,0.0,0.1,2019-02-07
-37.62,-25.73,0.0,0.1,2019-02-08
-34.15,-23.28,0.0,0.1,2019-02-09
-33.52,-22.13,0.0,0.1006976575177875,2019-02-10
-28.42,-17.14,1.73,0.146761584101222,2019-02-11
-32.16,-21.29,0.0,0.1072626656662313,2019-02-12
-29.8,-21.02,0.0,0.1010536493125831,2019-02-13
-32.89,-19.71,0.0,0.1285254384720522,2019-02-14
-32.85,-18.96,1.33,0.1377009019644537,2019-02-15
-20.98,-13.75,2.16,0.1420425560959976,2019-02-16
-19.52,-14.05,1.02,0.1254906165170963,2019-02-17
-27.67,-17.6,0.0,0.1424303353727015,2019-02-18
-28.8,-12.48,0.0,0.2287584823654244,2019-02-19
-23.51,-10.42,0.86,0.2554950779758925,2019-02-20
-24.08,-12.55,0.0,0.2154765130001548,2019-02-21
-27.07,-12.23,0.0,0.2354509969358647,2019-02-22
-23.55,-14.12,0.0,0.1823108681575921,2019-02-23
-31.17,-21.33,0.0,0.112259359019467,2019-02-24
-33.07,-18.79,0.0,0.1495319468168593,2019-02-25
-30.78,-16.93,0.0,0.1723525648674816,2019-02-26
-19.36,-7.47,0.0,0.3588188229414815,2019-02-27
-18.13,-9.77,0.36,0.2422115023863236,2019-02-28
-26.91,-16.32,0.0,0.1721391989489083,2019-03-01
-33.5,-21.21,0.0,0.1259949466441164,2019-03-02
-25.21,-15.83,0.0,0.1720892051938755,2019-03-03
-19.89,-10.43,0.0,0.2666941994407675,2019-03-04
-18.11,-8.55,0.0,0.3188051359944656,2019-03-05
-25.37,-13.32,0.0,0.2359812448820071,2019-03-06
-24.46,-9.09,0.0,0.3563205306589107,2019-03-07
-16.85,-6.46,0.0,0.4084942670578329,2019-03-08
-15.83,-6.12,0.0,0.4141676882880786,2019-03-09
-22.03,-6.85,0.0,0.442156317504732,2019-03-10
-16.44,0.17,0.0,0.7399179128712773,2019-03-11
-4.32,3.25,0.0,0.7280182120129568,2019-03-12
-4.81,2.81,0.0,0.7327290217008421,2019-03-13
-10.03,1.36,0.0,0.8186353660077161,2019-03-14
-12.44,1.77,0.0,0.8701581318396806,2019-03-15
-9.9,2.57,0.0,0.9172594773194804,2019-03-16
-11.78,3.61,0.0,0.9928502235058124,2019-03-17
-4.04,4.78,0.0,0.9566625294208024,2019-03-18
-3.99,8.29,0.0,1.30090931648985,2019-03-19
-2.85,11.53,0.0,1.5070629958299042,2019-03-20
-2.07,11.22,0.0,1.5014169874109395,2019-03-21
-2.4,13.94,0.0,1.649308093851211,2019-03-22
-1.77,11.57,0.0,1.530433160999846,2019-03-23
-5.84,2.43,0.0,0.8480296307430993,2019-03-24
-7.66,5.4,0.0,1.1889523679425027,2019-03-25
-1.13,15.38,1.91,1.7626312048940111,2019-03-26
-1.72,4.81,0.0,0.9043395695167876,2019-03-27
-6.14,7.14,0.0,1.3006168329765588,2019-03-28
-4.47,4.43,0.0,1.0827277314628985,2019-03-29
-5.88,12.91,0.0,1.6010537228416943,2019-03-30
-4.09,5.06,0.0,1.1431519310895286,2019-03-31
-3.7,9.22,1.26,1.4409478975549035,2019-04-01
-6.76,2.98,0.0,1.0384853671803151,2019-04-02
-8.13,10.47,0.0,1.468948737966017,2019-04-03
-1.71,11.15,0.0,1.566135379466787,2019-04-04
-4.75,8.7,0.0,1.4220474333699356,2019-04-05
0.88,6.67,0.0,0.9918862624895218,2019-04-06
0.43,16.71,0.0,1.9287050266175003,2019-04-07
-2.74,16.62,0.0,1.890800707604416,2019-04-08
-4.51,8.6,0.0,1.4330158767033134,2019-04-09
-6.18,9.22,0.0,1.465211431466495,2019-04-10
-6.81,8.89,0.0,1.4433013493429965,2019-04-11
-8.3,10.2,0.0,1.4924004532208492,2019-04-12
-4.62,15.31,0.0,1.8165511988304708,2019-04-13
2.9,16.49,0.14,1.879097264086086,2019-04-14
-0.45,13.19,1.05,1.6805501225101025,2019-04-15
-3.47,13.59,0.0,1.6969067756508185,2019-04-16
0.4,15.51,0.0,1.8332205518684033,2019-04-17
-0.83,17.62,0.0,1.9560591282353692,2019-04-18
5.89,20.02,0.0,2.119124963048384,2019-04-19
2.53,17.15,0.0,1.949044665376908,2019-04-20
-1.8,14.39,0.0,1.7755046845870213,2019-04-21
-1.04,21.86,0.0,2.2085558293973593,2019-04-22
7.32,20.06,0.0,2.112291940906972,2019-04-23
0.33,17.29,0.0,1.968625329466285,2019-04-24
-2.24,12.37,0.0,1.6589796408628648,2019-04-25
-5.38,12.24,0.0,1.6332540907340742,2019-04-26
-2.82,10.79,0.0,1.560051880887504,2019-04-27
-4.74,5.2,0.0,1.2132954963367075,2019-04-28
-8.88,8.46,0.0,1.402943974534512,2019-04-29
-5.46,10.8,1.99,1.5634162399584572,2019-04-30
-7.19,9.88,0.98,1.5527993388818155,2019-05-01
-3.15,9.97,0.0,1.5175719463651052,2019-05-02
-4.9,11.53,0.0,1.618964264812839,2019-05-03
-5.27,8.86,0.0,1.4584793201767898,2019-05-04
-6.75,6.21,0.0,1.3010638016424323,2019-05-05
-6.51,12.06,0.0,1.6404096091100735,2019-05-06
0.42,14.19,0.0,1.7993542317549138,2019-05-07
-4.91,12.34,0.0,1.6816354037511576,2019-05-08
0.08,15.33,0.0,1.8892621233868792,2019-05-09
3.56,18.05,2.07,1.9059439796329785,2019-05-10
3.24,16.3,0.0,1.9426187364471552,2019-05-11
2.71,24.11,0.0,2.4900199591005907,2019-05-12
4.5,21.74,0.0,2.3450760060339495,2019-05-13
1.84,21.27,0.49,2.311124755224269,2019-05-14
4.55,16.93,0.0,1.9793237365655816,2019-05-15
-1.16,15.35,0.0,1.9162934533153215,2019-05-16
-0.54,17.65,0.0,2.072925952982419,2019-05-17
1.13,15.84,0.0,1.951505252272998,2019-05-18
-1.87,16.79,0.0,2.0160695602974137,2019-05-19
0.28,19.89,0.0,2.231739767927488,2019-05-20
2.37,22.06,0.0,2.387956483373568,2019-05-21
4.93,24.03,0.0,2.5333804339489694,2019-05-22
5.11,24.36,0.0,2.555564398122811,2019-05-23
5.81,23.87,2.14,2.30722865029842,2019-05-24
4.58,13.79,4.34,1.611950579498773,2019-05-25
-0.09,18.44,0.0,2.1511586755239467,2019-05-26
2.37,23.03,0.0,2.468861450164052,2019-05-27
6.82,28.08,0.0,2.8179550397285995,2019-05-28
10.38,30.85,0.0,2.999102976081579,2019-05-29
10.97,32.27,0.0,3.094068703214279,2019-05-30
5.66,20.77,0.0,2.2889737545649473,2019-05-31
5.09,24.58,0.0,2.58050029184066,2019-06-01
10.29,32.51,0.0,3.1163428398729063,2019-06-02
8.41,34.09,0.0,3.210575583246877,2019-06-03
11.18,24.69,0.33,2.4831274647524313,2019-06-04
10.16,24.66,0.0,2.5157326646975298,2019-06-05
13.8,26.14,2.33,2.3448437296925175,2019-06-06
9.09,21.76,0.0,2.296302922711625,2019-06-07
4.2,16.56,1.39,1.9720413093410172,2019-06-08
3.72,18.97,0.0,2.1787626015545154,2019-06-09
3.37,23.71,0.38,2.528762813355837,2019-06-10
6.61,20.97,0.48,2.297120381492818,2019-06-11
6.23,23.62,1.17,2.51889968782717,2019-06-12
8.61,28.86,0.0,2.8917284954939126,2019-06-13
11.47,23.02,1.1,2.338077607119605,2019-06-14
10.1,17.76,4.56,1.7141491687338082,2019-06-15
9.44,17.68,0.0,1.9167608474461688,2019-06-16
5.32,22.74,0.0,2.47560334729573,2019-06-17
8.53,26.79,0.0,2.7559913548246877,2019-06-18
10.63,24.5,16.04,2.3262814337871207,2019-06-19
8.89,14.78,15.79,0.812451855224488,2019-06-20
6.31,19.13,23.06,1.6461273808508097,2019-06-21
11.47,16.33,12.58,0.5191129493723416,2019-06-22
10.16,22.03,0.73,1.7999384571069108,2019-06-23
9.32,20.51,3.09,1.2843638246919546,2019-06-24
9.95,20.36,3.33,1.1986229941789197,2019-06-25
8.14,23.44,0.0,2.1493385046223814,2019-06-26
10.29,25.84,9.66,1.8799988623435244,2019-06-27
14.44,23.73,2.52,1.1098589956890486,2019-06-28
13.17,25.66,0.0,1.9877529220299217,2019-06-29
10.04,22.51,0.0,1.840738917555659,2019-06-30
8.63,28.28,3.31,2.1517517722435127,2019-07-01
6.0,20.91,0.0,1.935702358889497,2019-07-02
9.31,20.22,0.0,1.5946266192986065,2019-07-03
7.21,21.24,0.0,1.9221596067442792,2019-07-04
11.32,20.14,0.6,1.321284332262776,2019-07-05
12.24,25.27,0.0,2.0564614468246014,2019-07-06
14.52,27.59,0.0,2.163124185922225,2019-07-07
13.92,24.06,0.0,1.653568173418109,2019-07-08
10.99,23.54,0.0,1.9247129619958885,2019-07-09
9.33,26.28,0.0,2.373940225242387,2019-07-10
13.78,23.85,0.0,1.6520430506689303,2019-07-11
9.6,24.82,0.0,2.202027865583937,2019-07-12
12.02,28.29,10.46,1.99130136320422,2019-07-13
14.62,27.01,11.07,1.5711970140230025,2019-07-14
13.1,24.63,1.55,1.7344113849760845,2019-07-15
10.59,19.95,8.88,1.0171736430407856,2019-07-16
13.46,22.52,0.72,1.2810276202990865,2019-07-17
10.98,25.37,2.35,1.5907582838336691,2019-07-18
10.07,17.75,7.58,0.8435607339918528,2019-07-19
10.39,22.91,0.0,1.669414147515537,2019-07-20
11.79,24.72,0.0,1.7751616882379642,2019-07-21
11.09,27.0,0.0,2.0800693213607406,2019-07-22
14.06,29.35,0.0,2.1203006747209363,2019-07-23
15.26,29.58,3.24,1.6175177955184044,2019-07-24
12.21,17.78,5.01,0.6247470749087123,2019-07-25
13.37,25.0,0.0,1.5617190438277666,2019-07-26
12.31,31.26,0.0,2.3599040051157285,2019-07-27
9.56,20.31,0.51,1.2826336012809438,2019-07-28
5.4,23.5,0.0,1.9196444660360372,2019-07-29
11.61,28.91,2.57,1.7435184613803671,2019-07-30
12.41,25.56,0.0,1.684303787955438,2019-07-31
13.41,31.43,0.0,2.260338039981803,2019-08-01
15.56,32.87,0.0,2.248270401729819,2019-08-02
15.72,27.88,0.0,1.6084197316356903,2019-08-03
10.4,25.51,0.0,1.7897507068206515,2019-08-04
10.8,28.03,0.0,2.017893191030112,2019-08-05
10.48,21.2,1.7,1.2290710011387564,2019-08-06
4.59,21.78,0.0,1.697380808030787,2019-08-07
5.78,23.52,0.0,1.791615653115895,2019-08-08
10.11,25.1,2.67,1.4230167859459604,2019-08-09
7.84,20.57,0.0,1.3267494920842813,2019-08-10
6.39,21.68,0.0,1.5499232824239744,2019-08-11
10.22,17.68,4.64,0.7419378414261847,2019-08-12
7.19,22.17,0.0,1.5289745954547602,2019-08-13
9.73,24.59,0.0,1.6013533741761328,2019-08-14
9.6,25.76,0.0,1.7163367281113864,2019-08-15
10.55,21.66,0.0,1.2073013427145187,2019-08-16
4.85,17.81,0.0,1.2137639707507195,2019-08-17
2.84,20.82,0.0,1.5516062647147997,2019-08-18
3.95,20.64,0.0,1.4744609160859508,2019-08-19
3.47,23.77,0.0,1.7451381517951572,2019-08-20
5.8,26.32,0.0,1.8603493841736385,2019-08-21
12.09,27.0,7.53,1.388313350922599,2019-08-22
9.57,21.6,0.0,1.218346786894148,2019-08-23
12.38,28.1,2.44,1.4465824951275712,2019-08-24
11.39,21.42,10.06,0.9381899018722852,2019-08-25
8.81,19.5,0.0,1.0574706709818815,2019-08-26
8.65,19.38,0.0,1.0527200158009855,2019-08-27
7.04,23.71,0.63,1.5100112344164467,2019-08-28
6.24,20.1,0.0,1.254583021844009,2019-08-29
4.64,19.31,0.89,1.2619961483121702,2019-08-30
7.35,21.6,1.3,1.3092042213722228,2019-08-31
6.95,22.19,7.57,1.233492267411734,2019-09-01
10.48,20.93,1.5,1.0458897574653272,2019-09-02
7.42,25.14,0.0,1.563472909809115,2019-09-03
9.54,21.76,1.62,1.1757205417425045,2019-09-04
8.08,22.75,0.0,1.3349714096819532,2019-09-05
5.48,22.07,0.0,1.3938679286905655,2019-09-06
7.03,22.39,0.0,1.346039948587897,2019-09-07
7.08,21.29,0.0,1.2514895275766502,2019-09-08
8.84,14.72,4.07,0.5005528495756056,2019-09-09
8.28,11.29,9.09,0.2588397480057912,2019-09-10
8.75,12.99,3.58,0.3624779178044058,2019-09-11
7.32,15.84,0.0,0.7734235709334802,2019-09-12
3.88,22.83,0.0,1.4625027777669457,2019-09-13
8.8,23.69,0.0,1.3276340215260318,2019-09-14
8.77,26.82,0.0,1.548704087850181,2019-09-15
9.4,31.27,0.0,1.8145487130026503,2019-09-16
13.05,26.04,0.72,1.2499617336543918,2019-09-17
10.93,21.93,2.58,0.9367948068763604,2019-09-18
9.1,21.29,0.0,1.089289425632452,2019-09-19
9.03,20.94,0.0,1.0642383672853906,2019-09-20
5.0,18.34,0.0,1.0649219541157968,2019-09-21
5.09,25.38,0.0,1.5224307297182085,2019-09-22
8.15,20.57,1.8,1.063390318439253,2019-09-23
5.2,16.99,0.0,0.9348632404148716,2019-09-24
2.69,15.57,1.25,0.9404047891789024,2019-09-25
1.91,10.05,8.11,0.5312143127523482,2019-09-26
1.16,7.78,0.0,0.4612258728095178,2019-09-27
0.74,5.87,0.0,0.3508936821883353,2019-09-28
0.12,4.47,7.91,0.2654842341566346,2019-09-29
0.19,1.81,4.98,0.1048104029364572,2019-09-30
0.08,4.52,0.0,0.2983509134795647,2019-10-01
-3.37,10.07,0.0,0.7854328071039306,2019-10-02
-1.33,11.67,0.0,0.81541929182096,2019-10-03
1.75,11.12,0.0,0.6590159659752046,2019-10-04
-1.14,13.75,0.0,0.9199744095571808,2019-10-05
3.25,15.62,0.0,0.8865620825880391,2019-10-06
2.33,19.99,0.0,1.17619254041488,2019-10-07
-2.16,7.91,0.41,0.6029356542945626,2019-10-08
-6.69,2.75,0.0,0.4663272958778712,2019-10-09
-8.85,4.06,0.0,0.5745478551098568,2019-10-10
-8.74,6.7,0.0,0.6829438050855821,2019-10-11
-8.29,7.46,0.0,0.7050650433977469,2019-10-12
-9.11,9.58,0.0,0.8022079147499891,2019-10-13
-1.47,4.13,0.86,0.3244257568757531,2019-10-14
-2.71,5.92,0.0,0.480167801438902,2019-10-15
-0.99,12.31,0.0,0.7794297890240458,2019-10-16
0.81,18.42,0.0,1.0608254829542625,2019-10-17
-0.59,15.54,0.0,0.9319787652081648,2019-10-18
-1.33,14.12,0.0,0.8690132745786138,2019-10-19
-4.41,7.2,0.0,0.5857319504369447,2019-10-20
-6.81,9.17,0.0,0.7249789566903504,2019-10-21
-5.81,6.44,0.0,0.5780631424512415,2019-10-22
-5.56,4.1,0.0,0.4578073697064839,2019-10-23
-5.55,8.11,0.0,0.6443208168444977,2019-10-24
-0.67,16.81,1.1,0.9650914410397832,2019-10-25
-5.93,2.64,0.32,0.3903181413403893,2019-10-26
-9.23,-3.43,2.9,0.2129663601777763,2019-10-27
-9.06,-4.3,1.48,0.1861756647163892,2019-10-28
-12.12,-5.02,0.0,0.2400523244172855,2019-10-29
-17.36,0.24,0.0,0.4757450002991372,2019-10-30
-2.72,3.71,0.65,0.3276164408630482,2019-10-31
-3.19,4.42,0.0,0.3811452153955824,2019-11-01
-5.05,4.66,0.94,0.4515556440130724,2019-11-02
-5.29,1.54,0.0,0.3099735222208444,2019-11-03
-12.94,-4.61,0.0,0.2633330696858211,2019-11-04
-15.38,-4.95,1.15,0.2924208573670974,2019-11-05
-20.1,-8.26,0.0,0.2547625207844231,2019-11-06
-20.58,-4.49,0.0,0.3462922716471552,2019-11-07
-7.75,3.26,0.86,0.4454684693059387,2019-11-08
-13.42,-1.36,1.27,0.3714900466430297,2019-11-09
-20.68,-11.63,0.0,0.1791069952564879,2019-11-10
-22.85,-9.16,0.0,0.2469054183234648,2019-11-11
-14.97,-2.02,0.0,0.3663152613961024,2019-11-12
-14.93,-0.07,0.0,0.4233292697714382,2019-11-13
-7.53,-0.15,0.0,0.2894751950945861,2019-11-14
-5.86,2.69,2.9,0.3457305657186905,2019-11-15
-1.31,2.05,1.91,0.1685121518531906,2019-11-16
-2.36,5.35,0.0,0.3762269486383525,2019-11-17
-0.59,7.29,0.0,0.4031067345904133,2019-11-18
-4.23,0.98,0.0,0.2285110844099924,2019-11-19
-6.19,-1.12,0.0,0.2040487965322359,2019-11-20
-6.25,3.75,0.0,0.4074047853157796,2019-11-21
-5.61,5.82,0.0,0.4776457343820315,2019-11-22
-1.24,10.62,0.0,0.5834509073913817,2019-11-23
-1.97,3.88,1.27,0.2801919777697077,2019-11-24
-5.7,-0.53,0.38,0.2110104765554683,2019-11-25
-9.99,-2.32,0.68,0.2623624905918889,2019-11-26
-8.01,-5.4,0.0,0.1,2019-11-27
-8.45,-5.37,3.36,0.1052925274168296,2019-11-28
-10.05,-5.42,0.0,0.1546245382055372,2019-11-29
-10.52,-7.44,0.0,0.1,2019-11-30
-13.41,-6.23,0.0,0.2036095770794286,2019-12-01
-14.78,-2.1,0.0,0.3431110878878191,2019-12-02
-8.1,3.6,0.0,0.4355617693195711,2019-12-03
-8.37,-0.21,0.0,0.2975604978913999,2019-12-04
-14.69,-4.54,0.0,0.27073103402434,2019-12-05
-12.22,-5.39,0.0,0.2034050893201626,2019-12-06
-12.97,-5.47,0.0,0.2157771098972457,2019-12-07
-22.38,-12.18,0.0,0.1718880594153435,2019-12-08
-24.89,-10.3,0.0,0.2176584613078686,2019-12-09
-27.42,-15.53,0.0,0.144929843905296,2019-12-10
-27.17,-17.13,0.0,0.1218319004536883,2019-12-11
-19.89,-12.37,0.35,0.1441439318367037,2019-12-12
-25.49,-14.34,0.0,0.1536594972886671,2019-12-13
-27.86,-11.82,0.0,0.1983186414585062,2019-12-14
-20.29,-8.62,0.0,0.2249340550264114,2019-12-15
-15.9,-4.69,0.0,0.27724620068646,2019-12-16
-15.48,-4.36,0.0,0.2813029596692298,2019-12-17
-11.07,0.56,0.0,0.3697474271007668,2019-12-18
-11.47,-3.8,0.0,0.2344379188884152,2019-12-19
-11.64,3.08,0.0,0.459999619396974,2019-12-20
-12.1,-1.37,0.0,0.322302586278855,2019-12-21
-10.28,-0.96,0.0,0.3042345287275488,2019-12-22
-8.23,-4.19,0.0,0.1416192821735472,2019-12-23
-7.75,-5.26,3.6,0.1,2019-12-24
-9.25,-2.46,0.0,0.231060834425379,2019-12-25
-15.68,-6.91,0.0,0.2157001740580854,2019-12-26
-15.97,-6.88,0.0,0.2202240722777647,2019-12-27
-16.34,-6.81,0.0,0.2270054442863611,2019-12-28
-19.32,-6.11,0.0,0.2726967884173519,2019-12-29
-16.86,-6.3,0.0,0.2459572426209305,2019-12-30
-13.41,-0.22,0.0,0.3766991606446865,2019-12-31
-9.17,-1.53,0.0,0.2644048439904767,2020-01-01
-8.3,-2.7,0.0,0.2001968028084069,2020-01-02
-11.74,-4.17,0.0,0.2308794427904578,2020-01-03
-8.44,4.27,0.0,0.4641759287589137,2020-01-04
-11.92,-2.58,0.0,0.2864641937391631,2020-01-05
-17.04,-2.37,0.0,0.3539779399297837,2020-01-06
-26.02,-16.64,1.15,0.1234656759181859,2020-01-07
-19.83,-9.26,0.91,0.2114218852328326,2020-01-08
-25.31,-16.24,0.0,0.1253946095812269,2020-01-09
-31.02,-17.04,0.86,0.1374084618852551,2020-01-10
-20.48,-10.96,2.14,0.175240742594331,2020-01-11
-25.91,-13.97,0.0,0.1651370603598773,2020-01-12
-30.44,-24.54,0.64,0.1,2020-01-13
-34.62,-26.71,0.0,0.1,2020-01-14
-36.76,-28.77,0.0,0.1,2020-01-15
-37.14,-19.65,0.0,0.1153909780118694,2020-01-16
-22.64,-18.76,4.19,0.1,2020-01-17
-27.7,-22.42,0.0,0.1,2020-01-18
-29.3,-17.24,0.0,0.1349622120007886,2020-01-19
-20.74,-0.55,0.0,0.4266101069153759,2020-01-20
-11.5,1.7,0.0,0.4395575873838995,2020-01-21
-13.21,-3.6,0.0,0.2916852858301376,2020-01-22
-11.18,-3.81,0.0,0.2469517162352461,2020-01-23
-8.92,-0.02,0.0,0.3365225069395921,2020-01-24
-5.57,1.08,0.0,0.2925125852341186,2020-01-25
-7.76,-3.04,0.0,0.1870585621605789,2020-01-26
-7.59,-1.93,0.0,0.2283154375208767,2020-01-27
-4.54,-1.5,0.0,0.1402224749519571,2020-01-28
-9.7,-3.11,2.36,0.2299596299777853,2020-01-29
-10.98,-0.8,0.0,0.3602710791196857,2020-01-30
-10.71,2.49,0.0,0.4767203007556507,2020-01-31
-7.66,5.98,0.0,0.5672866744940773,2020-02-01
-11.37,-0.27,0.0,0.3904610507157742,2020-02-02
-19.8,-10.37,0.0,0.2076795496277513,2020-02-03
-20.25,-5.07,0.0,0.3388873726175631,2020-02-04
-13.62,-6.03,0.3,0.238840866556337,2020-02-05
-15.81,-9.98,0.26,0.1614346972253038,2020-02-06
-13.52,-3.12,0.0,0.3381057328708713,2020-02-07
-13.52,-3.24,0.0,0.3469292244867672,2020-02-08
-14.98,-2.94,0.0,0.394502547209561,2020-02-09
-10.22,-3.63,0.0,0.2557173020266845,2020-02-10
-15.05,-2.61,0.0,0.4341164605960393,2020-02-11
-31.23,-17.09,0.0,0.1579535429004193,2020-02-12
-30.12,-6.89,0.0,0.3158061308959048,2020-02-13
-13.19,-2.92,0.0,0.402899909622618,2020-02-14
-21.52,-12.43,0.0,0.1923358367845413,2020-02-15
-16.75,-6.08,0.4,0.3333497392011261,2020-02-16
-22.5,-10.92,0.0,0.2363228754687773,2020-02-17
-30.61,-18.62,0.0,0.1411911518400415,2020-02-18
-30.45,-10.49,0.0,0.2747967608459126,2020-02-19
-16.61,1.7,0.0,0.7117063758163069,2020-02-20
-11.75,1.46,0.0,0.7213281753977404,2020-02-21
-8.98,2.51,0.0,0.7597702768305193,2020-02-22
-12.19,0.06,0.0,0.6621095647318854,2020-02-23
-14.03,-2.74,0.0,0.5337968063451674,2020-02-24
-18.6,-4.13,0.0,0.5113384220406844,2020-02-25
-14.23,-0.36,0.0,0.6764436845800778,2020-02-26
-10.1,3.55,0.0,0.878918142192036,2020-02-27
-8.44,5.5,0.0,0.9976892225944513,2020-02-28
-7.03,6.39,1.02,1.0575463650859154,2020-02-29
-11.11,-1.54,0.0,0.5712227578418386,2020-03-01
-6.33,2.96,0.0,0.7849938508656196,2020-03-02
-8.19,2.65,0.0,0.833006029244692,2020-03-03
-3.73,3.04,1.7,0.6599600105743043,2020-03-04
-7.33,3.03,0.0,0.8389486535645785,2020-03-05
-2.85,9.84,0.0,1.312113082106554,2020-03-06
-12.24,-2.0,0.48,0.599709981739238,2020-03-07
-17.38,-10.17,0.0,0.23730907559432,2020-03-08
-18.99,-0.45,0.0,0.7084281422686672,2020-03-09
-12.71,4.82,0.0,1.0149863922381366,2020-03-10
-5.0,3.97,0.0,0.8659967212271189,2020-03-11
-11.07,-2.79,0.0,0.5268466972137714,2020-03-12
-17.78,-10.87,0.0,0.2299410006927569,2020-03-13
-17.38,-9.55,1.21,0.3082679998017718,2020-03-14
-15.7,-7.71,0.0,0.3676192527349829,2020-03-15
-19.53,-2.15,0.0,0.6799203491098051,2020-03-16
-14.79,-3.99,0.0,0.5902358089685067,2020-03-17
-18.84,-7.08,0.0,0.4799197448823201,2020-03-18
-19.23,-5.89,0.0,0.5422564759290857,2020-03-19
-18.52,-0.71,0.0,0.7738800886415752,2020-03-20
-11.61,1.98,0.0,0.968711893655962,2020-03-21
-11.8,5.46,0.0,1.1404901220689685,2020-03-22
-8.62,5.2,0.68,1.171398710499311,2020-03-23
-8.98,-1.42,1.66,0.7191268365235828,2020-03-24
-15.25,-1.18,0.0,0.8396156069571099,2020-03-25
-14.49,4.94,0.0,1.0931614679262251,2020-03-26
-4.85,5.9,0.0,1.237437012778865,2020-03-27
-4.1,6.74,0.0,1.290759353651467,2020-03-28
-5.74,11.84,0.0,1.5612609802749364,2020-03-29
-4.54,4.1,1.2,1.1414773775256206,2020-03-30
-11.54,-2.88,2.02,0.580662689394721,2020-03-31
-16.02,-11.85,0.73,0.1556636225879318,2020-04-01
-18.39,-9.94,0.0,0.3937194739611043,2020-04-02
-19.63,-4.19,0.0,0.6961464784687895,2020-04-03
-14.32,-6.22,2.2,0.418402590291666,2020-04-04
-10.99,-2.07,0.33,0.7479315895027507,2020-04-05
-8.68,1.22,5.88,0.7990288229350697,2020-04-06
-11.43,3.82,0.0,1.1436104788727004,2020-04-07
-7.65,0.5,0.0,0.8275821237988771,2020-04-08
-14.13,5.03,0.0,1.175228515172773,2020-04-09
-3.13,6.88,0.0,1.3562282125118914,2020-04-10
-8.63,-1.54,0.0,0.7133286884277238,2020-04-11
-10.51,-4.52,0.0,0.5063186153102482,2020-04-12
-12.91,-5.03,0.0,0.6044723897054646,2020-04-13
-15.29,3.07,0.0,1.0937706377320449,2020-04-14
-9.76,1.66,0.0,1.0920928327060215,2020-04-15
-5.98,5.29,0.0,1.302492656367826,2020-04-16
-2.5,12.16,0.0,1.7380809687166527,2020-04-17
-3.84,4.49,0.0,1.2337826027872885,2020-04-18
-4.32,13.72,0.0,1.8245512049634136,2020-04-19
-1.79,9.84,0.0,1.6031828958849492,2020-04-20
-2.02,21.25,0.0,2.282916558298175,2020-04-21
0.73,15.96,0.0,2.0222299162785453,2020-04-22
0.2,18.1,0.0,2.152842181169945,2020-04-23
-1.11,13.99,2.27,1.7235433390510024,2020-04-24
-2.19,18.8,0.0,2.167326115997863,2020-04-25
2.35,14.07,3.31,1.7268755160752525,2020-04-26
-1.21,18.49,0.0,2.1728179919735418,2020-04-27
2.08,18.2,0.0,2.189800195818075,2020-04-28
1.11,22.46,0.0,2.445102237834084,2020-04-29
6.7,27.81,0.0,2.8288568437093535,2020-04-30
4.21,18.14,0.0,2.1554141403678018,2020-05-01
-1.11,18.08,0.0,2.146569119939665,2020-05-02
-0.95,18.01,2.93,1.953429037073202,2020-05-03
3.7,14.8,0.0,1.8838604980375513,2020-05-04
-0.95,18.16,0.0,2.1555824589130164,2020-05-05
0.92,20.9,0.0,2.3458276553694737,2020-05-06
0.46,17.76,0.0,2.1362970886000654,2020-05-07
0.55,18.84,3.64,1.953757947598003,2020-05-08
-1.24,6.86,1.53,1.1269462489437614,2020-05-09
-3.61,9.54,0.0,1.524760311226398,2020-05-10
-6.16,10.51,0.0,1.5796243887996633,2020-05-11
-3.3,14.11,0.0,1.8155650306883433,2020-05-12
0.72,12.24,0.0,1.6672204522641665,2020-05-13
-1.67,19.55,0.0,2.170527135701271,2020-05-14
-3.19,14.28,0.0,1.8299549985475072,2020-05-15
0.82,25.2,0.0,2.5426331595926,2020-05-16
9.72,26.74,0.0,2.661741097054859,2020-05-17
8.63,24.82,0.0,2.526975087664902,2020-05-18
11.09,25.94,0.0,2.573842741300086,2020-05-19
9.59,17.62,18.3,1.4021831834531746,2020-05-20
9.15,21.64,0.0,2.1712751429547685,2020-05-21
5.59,20.8,0.0,2.276935593561257,2020-05-22
4.06,15.24,0.0,1.6538909909180468,2020-05-23
4.76,20.01,0.0,2.238567198810917,2020-05-24
6.21,25.95,0.0,2.676066275390096,2020-05-25
10.78,21.32,2.38,1.6056311583505836,2020-05-26
6.89,17.99,0.15,1.8348324651510717,2020-05-27
4.19,18.22,0.0,2.060264872451909,2020-05-28
4.8,18.39,0.0,2.0684614624919253,2020-05-29
6.81,25.44,0.0,2.6707451202765533,2020-05-30
11.36,30.79,0.0,3.0235348664513437,2020-05-31
11.93,25.23,0.0,2.5660599222417195,2020-06-01
7.94,24.62,0.0,2.6108067938758266,2020-06-02
9.43,20.01,0.0,2.019154639272283,2020-06-03
6.16,17.89,0.0,1.996986903657011,2020-06-04
4.36,19.87,0.0,2.296042524055117,2020-06-05
9.65,16.42,21.6,0.9949902134409212,2020-06-06
9.06,16.41,20.0,0.8759711015794265,2020-06-07
6.72,15.11,0.0,1.1225179177814548,2020-06-08
4.85,20.81,0.0,2.091347254367201,2020-06-09
7.32,22.51,0.0,2.172313539365698,2020-06-10
6.0,21.43,0.0,2.119033542890319,2020-06-11
7.84,27.93,0.0,2.70884096110157,2020-06-12
14.61,30.28,0.0,2.687233755104857,2020-06-13
12.7,24.03,6.6,1.5351972110986434,2020-06-14
7.99,21.87,3.0,1.6458508561485172,2020-06-15
9.11,23.75,28.21,1.7722374785981891,2020-06-16
8.9,16.5,6.7,0.8008558737370604,2020-06-17
6.86,15.97,0.0,1.112744035893688,2020-06-18
6.24,17.72,0.0,1.4416980566199369,2020-06-19
6.26,16.95,0.0,1.3306599415413936,2020-06-20
4.14,18.37,0.0,1.6889239091908963,2020-06-21
6.45,23.83,0.0,2.155978618929122,2020-06-22
10.17,28.02,0.0,2.42349609934894,2020-06-23
14.32,26.24,0.54,1.8743238427498192,2020-06-24
14.4,26.16,0.0,1.8429650698465951,2020-06-25
11.56,30.07,3.96,2.0945490640013156,2020-06-26
13.83,21.25,0.0,0.9977195456136329,2020-06-27
12.75,20.54,0.0,1.0509399734903944,2020-06-28
14.52,19.51,0.0,0.6999685185158618,2020-06-29
13.7,20.54,12.21,0.8237995439445459,2020-06-30
14.18,24.03,0.44,1.51938045555027,2020-07-01
11.18,23.97,2.05,1.479126267920907,2020-07-02
10.23,26.27,0.0,2.2011286434168764,2020-07-03
12.34,29.14,0.0,2.387182721952026,2020-07-04
12.21,23.53,0.0,1.6816775831846065,2020-07-05
10.96,24.84,0.0,2.00062671822423,2020-07-06
12.46,28.51,9.04,1.8676152908378707,2020-07-07
13.89,20.23,2.96,0.7523815495695939,2020-07-08
12.22,22.27,0.0,1.413325967074022,2020-07-09
9.81,23.43,3.83,1.4655527409181928,2020-07-10
10.3,25.16,0.0,1.997513651583612,2020-07-11
12.78,25.55,0.98,1.846681676534848,2020-07-12
10.28,19.96,2.18,1.0641251441189263,2020-07-13
10.64,21.66,4.52,1.2021815029771532,2020-07-14
11.33,23.03,0.0,1.6107995267172257,2020-07-15
10.08,25.49,0.0,2.0168924547906397,2020-07-16
13.86,24.97,0.0,1.5889029703300326,2020-07-17
11.54,22.1,0.0,1.4170499283306794,2020-07-18
10.42,23.19,0.0,1.6860337290553344,2020-07-19
11.67,23.62,4.03,1.297457264813869,2020-07-20
9.65,25.46,0.0,1.9794346997609316,2020-07-21
14.55,30.53,0.0,2.198155663167002,2020-07-22
17.46,29.02,0.0,1.709901259068021,2020-07-23
14.83,27.07,0.0,1.7411472086176771,2020-07-24
11.84,21.22,0.0,1.20165729891191,2020-07-25
10.73,24.9,0.0,1.8512990360171624,2020-07-26
9.35,27.59,0.0,2.180476668819319,2020-07-27
11.02,30.89,0.0,2.3817941085666887,2020-07-28
14.84,33.47,0.0,2.406351028749717,2020-07-29
15.79,31.97,0.0,2.1620710640201466,2020-07-30
13.21,26.49,0.0,1.7031622969333295,2020-07-31
9.19,28.04,0.0,2.136878327247038,2020-08-01
10.71,28.14,0.0,2.0686864781698144,2020-08-02
13.84,29.68,1.02,2.01438929609321,2020-08-03
12.0,27.07,0.0,1.8369205185427675,2020-08-04
9.04,29.14,0.0,2.197865443476898,2020-08-05
11.5,33.57,0.0,2.458817181079227,2020-08-06
13.15,24.53,0.18,1.3409587363268831,2020-08-07
11.46,25.18,3.31,1.337090567076911,2020-08-08
8.86,22.09,0.0,1.4236810297168154,2020-08-09
8.01,23.97,0.0,1.6918900417592098,2020-08-10
8.52,24.23,0.0,1.6724875525276628,2020-08-11
11.71,28.13,0.0,1.8553743566423,2020-08-12
8.51,24.79,0.0,1.6976052448615626,2020-08-13
7.6,24.5,2.01,1.4461515770021875,2020-08-14
8.11,24.94,0.0,1.7031513906969225,2020-08-15
8.86,29.01,0.0,2.0295268155236563,2020-08-16
11.36,34.45,0.0,2.359594562405769,2020-08-17
12.09,35.65,0.0,2.405652451013761,2020-08-18
13.68,33.55,0.0,2.196880971365143,2020-08-19
13.46,32.8,0.0,2.1210353993052222,2020-08-20
14.25,27.17,0.0,1.3947420598451992,2020-08-21
10.15,31.53,0.0,2.1464596622539833,2020-08-22
6.97,28.06,0.0,1.9598397220531152,2020-08-23
9.58,28.73,6.7,1.590798255220229,2020-08-24
12.18,25.59,0.0,1.3380407283630522,2020-08-25
9.08,25.0,0.0,1.4959928167743963,2020-08-26
7.06,21.99,9.85,1.1949222674243438,2020-08-27
6.64,22.85,0.0,1.4108617995287691,2020-08-28
8.3,30.71,0.0,2.0034164326923665,2020-08-29
6.4,16.65,0.0,0.8940169727286609,2020-08-30
2.93,18.92,0.0,1.2519903036325994,2020-08-31
8.37,22.04,0.0,1.2315221948009465,2020-09-01
7.39,16.38,7.18,0.7219325910334808,2020-09-02
4.95,21.38,0.0,1.339856496275445,2020-09-03
4.47,23.54,0.0,1.5092080003320318,2020-09-04
7.72,29.39,0.0,1.8783323942221992,2020-09-05
7.28,17.09,0.0,0.8539812041504369,2020-09-06
-0.11,10.2,0.0,0.7180364379943988,2020-09-07
-4.85,15.33,0.0,1.1954428402496575,2020-09-08
3.7,20.61,0.0,1.3171486331684166,2020-09-09
4.08,25.93,0.0,1.7229756147225204,2020-09-10
7.93,30.29,0.0,1.9147779205804485,2020-09-11
5.79,15.91,1.71,0.817156021692044,2020-09-12
-0.92,15.0,0.0,1.0446019986122652,2020-09-13
5.33,15.78,0.0,0.8276850598599325,2020-09-14
3.4,13.8,0.0,0.7794930207634755,2020-09-15
-1.13,13.73,0.0,1.033343347818488,2020-09-16
1.97,17.69,0.0,1.2402624329164111,2020-09-17
-0.56,24.0,0.0,1.748609783931149,2020-09-18
6.32,26.49,0.0,1.7874155548919288,2020-09-19
12.07,19.48,9.46,0.6241459932214614,2020-09-20
7.88,23.0,0.0,1.3230361175481469,2020-09-21
7.13,20.64,0.0,1.1276420507727445,2020-09-22
8.82,21.52,0.0,1.0896235310739215,2020-09-23
8.38,23.95,0.0,1.3545314227280194,2020-09-24
5.07,21.85,0.0,1.344807751891408,2020-09-25
7.69,15.35,1.02,0.6221496525782343,2020-09-26
4.62,15.0,0.0,0.7723662225024263,2020-09-27
0.81,22.35,0.0,1.4730104375824344,2020-09-28
6.83,18.13,0.0,0.8913391159818292,2020-09-29
0.71,12.43,0.0,0.7618468616267241,2020-09-30
-4.4,11.33,0.0,0.8734048101092066,2020-10-01
0.59,16.93,0.0,1.1070862753355464,2020-10-02
-0.97,15.61,0.0,1.0474436304862622,2020-10-03
4.62,23.15,0.47,1.4193673973341818,2020-10-04
7.77,18.98,0.0,0.8663117620576556,2020-10-05
6.18,17.89,0.0,0.9000917522402913,2020-10-06
-0.28,15.5,0.0,1.0344201467087508,2020-10-07
7.06,21.86,1.81,1.2311797901617372,2020-10-08
1.45,10.36,0.0,0.5647875574300522,2020-10-09
2.37,25.46,0.0,1.6363737437163266,2020-10-10
4.24,15.15,0.0,0.7541863823055788,2020-10-11
-3.54,12.05,0.0,0.8714054307994616,2020-10-12
-0.1,10.61,0.0,0.6343788177236326,2020-10-13
-5.6,6.6,0.0,0.5853394246689209,2020-10-14
-5.9,5.56,0.0,0.5385275283778799,2020-10-15
-9.88,3.33,0.0,0.5223208207722618,2020-10-16
-12.66,-0.71,0.0,0.4087413205835764,2020-10-17
-5.97,-2.72,0.0,0.1455154352344169,2020-10-18
-6.97,-0.77,0.78,0.2769464666828859,2020-10-19
-7.15,-1.88,0.37,0.2309021222807568,2020-10-20
-9.15,0.33,0.0,0.3876934803576386,2020-10-21
-13.49,-2.24,0.0,0.3730778938606415,2020-10-22
-13.94,-3.67,0.0,0.3290427891896737,2020-10-23
-8.09,-4.81,0.0,0.1345319839614174,2020-10-24
-11.27,-2.25,0.0,0.328045513647581,2020-10-25
-14.26,3.04,0.19,0.5564666702769149,2020-10-26
-3.8,11.7,0.46,0.8171411249282755,2020-10-27
-4.8,4.09,0.34,0.4158360657835681,2020-10-28
-5.78,6.88,0.44,0.5699128797438687,2020-10-29
-0.86,11.47,0.0,0.6641068739963745,2020-10-30
-6.85,1.29,0.0,0.3431186033277428,2020-10-31
-7.51,13.66,0.0,0.8821115314141874,2020-11-01
0.14,17.52,0.0,0.962905740714864,2020-11-02
0.74,16.08,0.0,0.8487669893552835,2020-11-03
-1.13,13.79,0.0,0.7745632839606745,2020-11-04
0.76,17.32,0.0,0.9051139154718824,2020-11-05
-2.91,6.49,0.76,0.4541542061190279,2020-11-06
-2.97,0.81,4.04,0.1702291212100759,2020-11-07
-10.02,-3.55,17.85,0.2173411672649987,2020-11-08
-19.19,-9.62,0.0,0.2100133020241204,2020-11-09
-16.84,-6.29,0.0,0.2670859358759688,2020-11-10
-18.11,-6.37,1.43,0.2778375762669071,2020-11-11
-23.69,-9.94,0.0,0.2345357407067222,2020-11-12
-13.26,-0.63,0.0,0.3877592727062023,2020-11-13
-10.19,-1.35,0.69,0.3093375750779012,2020-11-14
-11.98,-6.3,0.0,0.1770198831125013,2020-11-15
-9.33,-5.77,0.0,0.1247146999367489,2020-11-16
-7.75,-0.87,0.0,0.2653764778480332,2020-11-17
-5.09,3.69,0.0,0.3821324737273426,2020-11-18
-12.86,-4.84,4.45,0.2285659889065968,2020-11-19
-19.34,-10.69,0.0,0.1787828370762797,2020-11-20
-19.06,-4.89,0.0,0.3115232260755907,2020-11-21
-17.37,-8.21,0.0,0.2123089693918916,2020-11-22
-11.94,-5.3,0.0,0.2022569430763597,2020-11-23
-10.0,-2.98,0.0,0.236384460682668,2020-11-24
-9.17,1.69,0.71,0.3877023708783048,2020-11-25
-12.9,-1.41,0.0,0.3421255798880668,2020-11-26
-10.64,0.26,0.0,0.3612575090977561,2020-11-27
-10.65,-1.17,0.4,0.3114220497057796,2020-11-28
-15.91,-3.49,0.0,0.3150651034629263,2020-11-29
-9.54,1.65,0.0,0.3879484307532854,2020-11-30
-8.53,2.31,0.0,0.3934188067891001,2020-12-01
-11.34,-1.88,0.0,0.2983695950020917,2020-12-02
-7.89,2.31,0.0,0.3801174096326393,2020-12-03
-6.84,2.22,0.0,0.352403486051992,2020-12-04
-7.76,1.6,0.0,0.3494280361310171,2020-12-05
-10.12,0.2,0.0,0.3458647468178625,2020-12-06
-8.8,3.08,0.0,0.4241095037515051,2020-12-07
-4.92,3.64,0.0,0.3584698891163922,2020-12-08
-6.33,1.6,0.0,0.3115166480941015,2020-12-09
-13.23,-4.21,0.0,0.2545681986681534,2020-12-10
-13.29,-4.54,0.0,0.2458968489693453,2020-12-11
-11.7,-3.68,0.0,0.2437033986607422,2020-12-12
-28.44,-13.6,0.0,0.173613564684316,2020-12-13
-29.79,-15.37,0.36,0.1523233898233852,2020-12-14
-20.24,-11.09,0.0,0.17164573096944,2020-12-15
-17.52,-6.06,0.0,0.2580801633664945,2020-12-16
-16.02,1.39,0.0,0.4437160420160255,2020-12-17
-23.06,-5.18,0.0,0.30688363629921,2020-12-18
-13.72,4.0,0.0,0.5070042805584513,2020-12-19
-7.69,2.4,0.0,0.3694519461238114,2020-12-20
-9.25,-1.05,1.62,0.276890990996153,2020-12-21
-14.35,-4.88,3.25,0.2412273126082596,2020-12-22
-18.13,-9.34,0.0,0.1852791509853142,2020-12-23
-15.32,-0.41,0.0,0.3870619024567494,2020-12-24
-13.91,-3.01,0.0,0.2960955671073162,2020-12-25
-13.28,-5.99,0.48,0.1992274273431401,2020-12-26
-15.89,-7.06,0.29,0.2125897590913597,2020-12-27
-18.87,-8.77,0.0,0.2070737599689361,2020-12-28
-17.02,-7.12,0.0,0.2262874879711531,2020-12-29
-20.07,-9.52,0.0,0.2028569296683586,2020-12-30
-16.71,-4.77,0.0,0.2845728935500898,2021-01-01
-10.81,3.72,0.0,0.4753580324981145,2021-01-02
-3.94,3.59,0.0,0.3269281382431439,2021-01-03
-11.15,-1.73,0.0,0.2975524074639127,2021-01-04
-11.07,-0.68,0.0,0.3318596621689126,2021-01-05
-12.19,1.94,0.0,0.4352336575123681,2021-01-06
-10.05,0.62,0.0,0.3598760226736247,2021-01-07
-13.7,-3.52,0.0,0.2855064053266495,2021-01-08
-14.72,-5.63,0.0,0.2401612273076438,2021-01-09
-15.22,-6.41,0.0,0.226434840964898,2021-01-10
-13.61,-2.1,0.0,0.3296451156587123,2021-01-11
-9.59,-0.25,0.0,0.3241317745240774,2021-01-12
-7.55,5.96,5.24,0.5020481367446469,2021-01-13
-6.65,-0.69,0.0,0.2349706581540221,2021-01-14
-14.43,-5.59,0.0,0.2409389376346136,2021-01-15
-10.9,-0.33,0.0,0.3508131021647374,2021-01-16
-11.48,-2.12,2.54,0.2881374269858601,2021-01-17
-11.57,-0.14,0.08,0.3710133901627733,2021-01-18
-14.56,2.38,0.0,0.4856359698383369,2021-01-19
-6.32,2.59,0.0,0.3689209782024481,2021-01-20
-12.94,-6.39,0.25,0.1950430183369365,2021-01-21
-10.3,-4.88,1.34,0.1843449099777515,2021-01-22
-28.66,-10.09,0.0,0.2369665580475887,2021-01-23
-33.53,-24.49,0.0,0.1,2021-01-24
-31.2,-23.81,0.0,0.1,2021-01-25
-29.66,-20.38,0.0,0.1,2021-01-26
-23.91,-14.89,0.0,0.1455302843370831,2021-01-27
-18.82,-11.19,0.0,0.1687381988883517,2021-01-28
-15.61,-9.8,0.0,0.1531856199648167,2021-01-29
-14.56,-10.37,0.0,0.1161342374173107,2021-01-30
-17.31,-10.08,0.0,0.1777782432920041,2021-01-31
-13.59,-2.59,0.0,0.3431257418230133,2021-02-01
-10.31,-0.95,0.0,0.344908951254663,2021-02-02
-19.71,-10.65,0.0,0.1992544516545627,2021-02-03
-21.96,-15.74,0.0,0.1160394417400349,2021-02-04
-28.71,-18.24,0.0,0.1297040498932702,2021-02-05
-35.84,-26.24,0.0,0.1,2021-02-06
-37.88,-29.1,0.0,0.1,2021-02-07
-37.52,-26.72,0.0,0.1,2021-02-08
-28.98,-25.41,0.0,0.1,2021-02-09
-34.49,-26.98,0.0,0.1,2021-02-10
-37.96,-28.11,0.0,0.1,2021-02-11
-33.08,-23.29,0.0,0.1,2021-02-12
-37.61,-24.85,0.0,0.1,2021-02-13
-35.11,-22.49,0.0,0.1042370645338648,2021-02-14
-31.26,-18.86,0.0,0.1382399167121717,2021-02-15
-26.54,-16.58,0.0,0.1534713091944707,2021-02-16
-23.69,-16.0,0.0,0.1424656156706359,2021-02-17
-26.31,-13.73,0.0,0.2043154308270664,2021-02-18
-23.26,-3.98,0.0,0.4503028973078976,2021-02-19
-11.61,-3.22,0.0,0.4106431870748227,2021-02-20
-13.38,2.96,0.0,0.7676541181071421,2021-02-21
-3.93,4.18,0.0,0.7070715046678794,2021-02-22
-8.49,-0.45,0.0,0.5231389485262836,2021-02-23
-10.77,-1.89,0.0,0.5075672803169443,2021-02-24
-11.86,0.47,0.0,0.6841615113004276,2021-02-25
-17.48,-2.93,0.26,0.5487552536991763,2021-02-26
-24.73,-13.4,0.17,0.2229142022205137,2021-02-27
-22.18,-12.37,0.22,0.2300680874468283,2021-02-28
-17.65,2.64,0.0,0.7720011491226838,2021-03-01
-7.77,2.11,0.0,0.7347392047342681,2021-03-02
-12.44,1.06,0.0,0.7797574623791944,2021-03-03
-10.92,0.97,0.0,0.7727073901582803,2021-03-04
-7.63,3.72,0.0,0.9241349332112796,2021-03-05
-1.11,6.32,0.0,0.9050046929725332,2021-03-06
-4.28,4.67,0.0,0.9273708510630604,2021-03-07
-5.76,3.52,0.0,0.8890931262183611,2021-03-08
-6.01,-1.01,0.0,0.4299880142426763,2021-03-09
-9.71,0.77,0.0,0.8231970916633072,2021-03-10
-18.22,-3.54,0.0,0.6251932775351299,2021-03-11
-10.15,4.79,0.0,1.0807283937562775,2021-03-12
-7.5,5.99,0.0,1.1630287321215054,2021-03-13
-2.08,8.2,0.0,1.2938432960372588,2021-03-14
-2.07,6.97,0.0,1.1879426807196114,2021-03-15
-9.62,0.31,0.0,0.8270517613523862,2021-03-16
-7.82,8.52,0.0,1.2939030596949783,2021-03-17
-3.27,13.24,0.0,1.5767423737324906,2021-03-18
-0.5,17.48,0.0,1.824552480515138,2021-03-19
-1.49,12.69,0.0,1.5698429043291096,2021-03-20
-5.01,3.15,0.0,0.9599880351951228,2021-03-21
-6.28,8.08,0.99,1.312523185363918,2021-03-22
-8.35,-0.03,0.0,0.805994465686327,2021-03-23
-5.9,8.42,0.0,1.3441559056514092,2021-03-24
-4.73,3.19,0.0,0.9851979398613316,2021-03-25
-9.92,2.22,0.0,1.0247052008573432,2021-03-26
-8.96,6.58,0.0,1.238415174541431,2021-03-27
-0.77,17.97,0.0,1.913145744000202,2021-03-28
-9.22,6.08,3.84,1.1338847892320256,2021-03-29
-14.11,-5.51,0.0,0.5725004547096868,2021-03-30
-15.45,8.09,0.0,1.2008190224928548,2021-03-31
-2.12,15.92,0.0,1.8136768775339112,2021-04-01
-0.26,12.4,0.0,1.6245642460446634,2021-04-02
-1.35,13.85,0.0,1.715825372515998,2021-04-03
-0.73,17.65,0.0,1.9396330308183884,2021-04-04
-3.04,12.07,0.0,1.5610871095842247,2021-04-05
-3.02,16.64,0.0,1.806212829230231,2021-04-06
-1.09,21.29,0.0,2.076501453297183,2021-04-07
1.8,15.34,1.19,1.760163907977115,2021-04-08
-6.25,11.58,0.0,1.510972493661865,2021-04-09
-1.14,13.73,0.0,1.6711703811822347,2021-04-10
-1.92,4.22,2.01,0.6762626051303782,2021-04-11
-3.26,3.9,0.0,0.968533867589194,2021-04-12
-3.01,4.04,0.0,0.9805416944437442,2021-04-13
-2.68,8.19,0.0,1.358765115780222,2021-04-14
-3.39,13.98,0.0,1.7048809912274063,2021-04-15
-5.06,15.19,0.0,1.752602660633943,2021-04-16
-0.48,20.2,0.0,2.0926846797917644,2021-04-17
-3.25,7.21,0.0,1.3102696131112597,2021-04-18
-6.84,4.87,0.0,1.1924002877942248,2021-04-19
-9.35,9.77,0.0,1.4307856265215677,2021-04-20
-3.94,18.15,0.0,1.9503427015505808,2021-04-21
-5.04,7.66,0.0,1.3513074072427576,2021-04-22
-12.53,5.26,0.0,1.1785577648660222,2021-04-23
-10.09,7.33,0.0,1.3078934597742835,2021-04-24
-5.75,11.87,0.0,1.5961153547994442,2021-04-25
-2.75,15.04,0.0,1.808367275511988,2021-04-26
-4.12,11.99,0.0,1.6233583593724057,2021-04-27
-2.51,14.85,0.0,1.8085092611279765,2021-04-28
-3.32,11.1,0.0,1.5741166712749155,2021-04-29
2.35,26.17,0.0,2.5362383470693715,2021-04-30
5.03,20.18,0.0,2.167890612549789,2021-05-01
1.06,13.15,0.0,1.697757197523688,2021-05-02
-5.63,10.05,0.0,1.5212735241109296,2021-05-03
-5.65,14.42,0.0,1.7761736779875288,2021-05-04
-3.58,17.14,0.0,1.961054076904605,2021-05-05
-1.01,17.11,0.0,1.9897473608599392,2021-05-06
0.08,17.4,0.0,2.020232156376644,2021-05-07
2.66,15.3,0.0,1.8599767361645456,2021-05-08
-3.75,16.05,0.0,1.9158772227204517,2021-05-09
-2.28,18.57,0.0,2.0844777927746594,2021-05-10
0.48,20.25,0.0,2.2130213958025484,2021-05-11
2.88,20.92,0.0,2.262945591682375,2021-05-12
1.59,22.2,0.0,2.341141783039335,2021-05-13
3.54,22.81,0.0,2.3879900751100283,2021-05-14
3.31,24.15,0.0,2.479299302674312,2021-05-15
8.24,26.41,0.0,2.6291750399449927,2021-05-16
7.97,32.61,0.0,3.0479040708434466,2021-05-17
11.39,28.66,0.0,2.757056773533284,2021-05-18
1.61,13.03,0.0,1.689259148244458,2021-05-19
-1.11,4.55,1.86,0.950207610546722,2021-05-20
-1.47,6.27,0.0,1.2509369572315212,2021-05-21
-1.46,11.52,0.0,1.6418187956826096,2021-05-22
6.8,17.21,15.54,1.8107126147522583,2021-05-23
8.88,11.82,18.75,0.4269667271921357,2021-05-24
2.16,9.69,0.0,1.0559711885603038,2021-05-25
-0.47,13.75,0.0,1.8140214802943984,2021-05-26
1.38,19.46,0.0,2.233260756304655,2021-05-27
7.58,22.06,0.0,2.3840988264874654,2021-05-28
6.65,20.89,0.0,2.306838154066549,2021-05-29
2.01,23.04,0.0,2.4873330044934736,2021-05-30
8.48,27.21,0.0,2.782313805257774,2021-05-31
8.87,26.88,0.0,2.7524966877617945,2021-06-01
11.9,32.19,0.0,3.1093419716721513,2021-06-02
13.21,35.63,0.0,3.333677726189779,2021-06-03
15.44,28.97,0.0,2.775043606021716,2021-06-04
11.11,27.87,0.0,2.8090753496539005,2021-06-05
8.53,20.2,3.01,1.8355678617799365,2021-06-06
8.96,22.71,0.0,2.429178836180151,2021-06-07
5.42,23.31,1.23,2.533930804152167,2021-06-08
11.94,19.91,5.96,1.3282433800740687,2021-06-09
13.91,22.2,13.53,1.3999764071345455,2021-06-10
10.94,20.35,0.0,1.7146964357472383,2021-06-11
6.77,23.95,0.0,2.563023500541683,2021-06-12
6.64,27.39,0.0,2.850754474696523,2021-06-13
13.01,31.87,0.0,3.1403691868493926,2021-06-14
17.19,33.65,1.76,3.1913089598459488,2021-06-15
12.39,24.72,0.0,2.354510133764016,2021-06-16
7.22,23.1,0.0,2.4743036640371923,2021-06-17
8.29,18.32,0.0,1.724850566344433,2021-06-18
6.87,20.84,0.73,2.2078357668257915,2021-06-19
6.03,18.13,0.0,1.8774226526021704,2021-06-20
1.74,24.51,0.0,2.6234841230024353,2021-06-21
10.44,30.76,0.0,3.072809836991786,2021-06-22
12.9,24.11,0.0,2.102962055245558,2021-06-23
8.61,25.1,0.0,2.5657815835971007,2021-06-24
9.94,27.63,0.0,2.788120387918412,2021-06-25
13.08,29.26,0.19,2.832790964551643,2021-06-26
12.0,28.5,0.0,2.7917393692188006,2021-06-27
10.58,29.78,0.0,2.9782679276639152,2021-06-28
13.22,33.35,0.0,3.2083525086540896,2021-06-29
15.09,34.77,0.0,3.2834220391580167,2021-06-30
16.25,35.4,0.0,3.306152138292779,2021-07-01
18.64,39.23,0.0,3.532514639722923,2021-07-02
17.3,30.78,2.5,2.2196975466605107,2021-07-03
13.15,26.94,2.31,2.0392295452254587,2021-07-04
13.38,23.85,0.0,1.941545280157159,2021-07-05
10.75,20.7,3.83,1.335899880504792,2021-07-06
12.33,28.07,0.0,2.649866147424062,2021-07-07
12.99,28.52,0.0,2.6786674352320357,2021-07-08
12.38,31.23,0.0,2.9939763832365087,2021-07-09
13.7,33.45,0.0,3.1480520474661065,2021-07-10
15.59,31.86,0.0,2.8822284139094263,2021-07-11
11.78,27.96,0.0,2.6349612659699972,2021-07-12
9.98,28.87,0.0,2.813578503606461,2021-07-13
11.84,31.21,0.0,2.982299289189087,2021-07-14
14.3,34.96,0.0,3.2495707778471044,2021-07-15
16.32,29.86,0.0,2.493623821465801,2021-07-16
16.53,34.81,0.0,3.1256654949003053,2021-07-17
13.91,25.58,0.0,2.037190399590757,2021-07-18
13.91,20.5,0.5,1.0098551463722636,2021-07-19
15.51,27.37,0.0,2.1460888746354,2021-07-20
14.88,30.89,0.0,2.747449943061959,2021-07-21
13.47,33.46,0.0,3.0918336074882298,2021-07-22
6.56,28.51,0.0,2.766816089861813,2021-07-23
10.15,28.8,0.0,2.7084667500574704,2021-07-24
10.61,27.59,2.17,2.1092519779695227,2021-07-25
12.05,27.61,0.0,2.434125306355376,2021-07-26
12.31,33.6,0.0,3.045705768756632,2021-07-27
12.42,29.5,0.0,2.619341990847486,2021-07-28
12.4,33.8,0.56,3.041606885193033,2021-07-29
12.04,31.0,0.0,2.7728085554218582,2021-07-30
11.63,31.36,0.0,2.8131789606008732,2021-07-31
12.27,33.23,0.0,2.956743080469619,2021-08-01
15.86,35.06,0.0,2.976334307501158,2021-08-02
18.64,28.57,0.0,1.7122140058419937,2021-08-03
13.9,27.15,0.0,2.1003580619836733,2021-08-04
11.06,30.7,0.0,2.697072049766188,2021-08-05
15.5,33.33,0.0,2.7419654646505074,2021-08-06
15.56,28.04,0.0,2.0031496553246324,2021-08-07
12.95,21.84,0.0,1.274173371736345,2021-08-08
11.04,20.06,4.01,0.9432058387494644,2021-08-09
10.33,22.7,4.14,1.369823752740942,2021-08-10
10.51,25.82,0.0,2.0756700176992102,2021-08-11
8.76,23.4,0.0,1.8952596507141783,2021-08-12
8.41,30.0,0.0,2.5659192120501357,2021-08-13
15.33,37.16,0.0,2.960619465181633,2021-08-14
15.86,31.97,0.0,2.37842425829817,2021-08-15
14.61,25.64,0.0,1.5898701605030128,2021-08-16
10.29,18.98,1.59,1.0377031732817077,2021-08-17
9.88,18.78,0.0,1.0367896754167834,2021-08-18
7.83,20.37,0.0,1.504089108107193,2021-08-19
9.66,19.46,0.0,1.1791208862822078,2021-08-20
5.98,21.92,2.01,1.4855697267489,2021-08-21
9.61,15.45,4.93,0.5346590321595649,2021-08-22
7.19,16.69,19.2,1.0276380639551943,2021-08-23
7.54,15.14,0.0,0.8323633109083168,2021-08-24
3.54,20.2,0.0,1.7911506365931948,2021-08-25
6.89,21.89,10.6,1.4864499506015645,2021-08-26
12.04,19.46,0.0,0.8459778518516503,2021-08-27
10.38,24.23,0.0,1.7690711287340817,2021-08-28
7.73,26.11,0.0,2.08331362444693,2021-08-29
9.37,29.43,0.0,2.299005913183513,2021-08-30
11.68,26.47,8.36,1.5466022451064587,2021-08-31
8.79,21.39,1.07,1.448085765369601,2021-09-01
9.22,18.11,0.0,0.9352493233567633,2021-09-02
8.85,21.34,0.0,1.4063175070025746,2021-09-03
5.5,22.69,0.0,1.7249714453953158,2021-09-04
7.24,29.21,0.0,2.1927563766306486,2021-09-05
9.32,22.62,3.06,1.2023503155770363,2021-09-06
7.51,23.42,0.0,1.6567578151191875,2021-09-07
5.19,25.5,0.0,1.9260361492458695,2021-09-08
10.17,27.97,0.0,2.063132636826864,2021-09-09
8.35,21.52,0.0,1.48234139536667,2021-09-10
4.8,15.06,0.0,0.9724972534099002,2021-09-11
2.21,19.46,0.0,1.55582468515536,2021-09-12
6.93,21.24,0.0,1.5190776842716085,2021-09-13
3.83,23.32,0.0,1.808100573077042,2021-09-14
7.28,18.55,0.0,1.168188370541862,2021-09-15
3.37,14.57,0.0,0.9899734133627944,2021-09-16
-1.35,18.64,0.0,1.4976246082079223,2021-09-17
10.97,32.72,0.0,2.2694623312105517,2021-09-18
6.7,19.3,0.0,1.2147463280221964,2021-09-19
1.55,17.98,0.0,1.3397482910343643,2021-09-20
1.85,22.23,0.0,1.6346883758506086,2021-09-21
6.11,26.45,0.0,1.83026593692244,2021-09-22
3.45,16.18,0.0,1.0127091141311777,2021-09-23
-0.73,19.07,0.0,1.4042595275987426,2021-09-24
6.76,25.35,0.0,1.662996808862917,2021-09-25
3.34,24.7,0.0,1.6858627728463065,2021-09-26
8.25,29.48,0.0,1.889954370012294,2021-09-27
6.36,28.99,0.0,1.8853740314582783,2021-09-28
6.77,21.06,0.0,1.1867023302852484,2021-09-29
2.14,24.46,0.0,1.6233280254296825,2021-09-30
5.54,23.3,0.0,1.4174166280184837,2021-10-01
0.14,21.04,0.0,1.4056167609083394,2021-10-02
4.29,23.31,0.0,1.4555378800394958,2021-10-03
1.42,18.47,0.0,1.1615250924233134,2021-10-04
4.7,21.54,0.0,1.2947057469488576,2021-10-05
4.7,26.85,0.0,1.685757784182237,2021-10-06
2.76,14.29,0.0,0.7496792159297592,2021-10-07
0.54,16.99,0.0,1.053372755534115,2021-10-08
-2.09,19.64,0.0,1.2923165279568547,2021-10-09
-1.28,17.57,0.0,1.1241067803884934,2021-10-10
-1.5,8.19,0.0,0.5325695585568989,2021-10-11
-6.65,9.0,0.0,0.7170047277338483,2021-10-12
-3.99,5.97,4.35,0.4639595205156558,2021-10-13
-1.29,5.57,1.84,0.3718675768783094,2021-10-14
-3.73,13.7,0.0,0.8840238830345356,2021-10-15
-1.55,17.48,0.0,1.0319930936811026,2021-10-16
2.13,23.41,0.0,1.3097289267213956,2021-10-17
0.74,13.3,0.0,0.7277990288551861,2021-10-18
-5.97,7.24,0.0,0.5967347709328434,2021-10-19
-7.45,7.99,0.0,0.6593895065185484,2021-10-20
-4.44,8.68,0.0,0.6244987977394343,2021-10-21
-5.73,9.45,0.0,0.6895289222632056,2021-10-22
-1.75,7.28,0.52,0.4662963346224716,2021-10-23
2.42,5.95,0.0,0.2094456111469376,2021-10-24
4.14,9.06,2.03,0.2917919439274056,2021-10-25
1.67,10.05,0.0,0.4867127613663029,2021-10-26
-0.98,12.43,0.0,0.7155123403074694,2021-10-27
-2.64,11.14,0.0,0.6924835692974955,2021-10-28
-0.43,8.79,0.0,0.495676472526886,2021-10-29
-5.26,5.06,0.0,0.4622218940505918,2021-10-30
-8.32,4.08,0.0,0.4901602197727125,2021-10-31
-9.11,2.41,0.0,0.4365082480784653,2021-11-01
-10.35,6.91,0.0,0.6302888655122033,2021-11-02
-9.52,9.04,0.0,0.7024443163292429,2021-11-03
-3.55,13.83,0.0,0.8242816481967157,2021-11-04
0.96,13.51,0.0,0.6942808668409709,2021-11-05
-3.99,9.0,0.0,0.6012102264412942,2021-11-06
-6.69,9.73,0.0,0.6845346162341954,2021-11-07
-7.15,8.67,0.0,0.6442812972723349,2021-11-08
-10.18,7.97,0.0,0.6516197435884831,2021-11-09
-2.53,3.43,3.41,0.2695993130134249,2021-11-10
-6.95,-1.91,0.0,0.1955506179482742,2021-11-11
-8.75,-4.7,0.0,0.14303157499361,2021-11-12
-11.07,3.34,0.0,0.4836107482391122,2021-11-13
-7.25,0.66,0.0,0.3058470643526592,2021-11-14
-1.72,3.6,0.82,0.2574080596378153,2021-11-15
-4.07,5.62,9.39,0.4152107643865103,2021-11-16
-11.71,-4.37,0.0,0.2272070210239624,2021-11-17
-14.37,-1.83,0.0,0.3501547791724612,2021-11-18
-11.68,-2.07,0.0,0.3020209275428855,2021-11-19
-11.51,0.02,0.0,0.3681698378175133,2021-11-20
-18.23,-4.27,0.0,0.3160890795732646,2021-11-21
-7.39,3.58,0.0,0.4207264881011677,2021-11-22
-10.69,2.75,0.0,0.4452731520585403,2021-11-23
-16.23,-9.31,0.0,0.1622562116737576,2021-11-24
-11.83,0.0,0.0,0.3656125885885676,2021-11-25
-5.21,5.76,0.0,0.4541403349821497,2021-11-26
-8.62,2.44,0.0,0.3941547008912067,2021-11-27
-6.46,2.45,0.0,0.346082771559626,2021-11-28
-5.47,5.09,0.0,0.4295324553156794,2021-11-29
-7.28,4.14,0.0,0.4302227370514138,2021-11-30
-1.93,6.55,0.0,0.3935012322781468,2021-12-01
-5.88,1.68,2.32,0.2882651488866971,2021-12-02
-10.55,-2.59,0.0,0.2526964963174359,2021-12-03
-13.73,-4.91,0.0,0.239205001245429,2021-12-04
-23.23,-10.33,0.0,0.2075405287925068,2021-12-05
-25.3,-13.94,0.0,0.1562493005883919,2021-12-06
-21.84,-10.84,0.0,0.188910579296625,2021-12-07
-15.75,1.73,1.36,0.4548188824677295,2021-12-08
-13.13,-1.71,0.0,0.3280577641477413,2021-12-09
-15.43,-4.06,0.0,0.2882765911268635,2021-12-10
-11.0,3.95,0.0,0.4830523397966502,2021-12-11
-9.56,0.79,0.0,0.3499065681564204,2021-12-12
-13.77,-4.21,0.0,0.260196126226378,2021-12-13
-10.1,-2.16,0.0,0.2576611481003898,2021-12-14
-22.31,-11.34,0.0,0.18288912198506,2021-12-15
-25.84,-18.28,0.54,0.1,2021-12-16
-26.56,-18.18,0.0,0.1011869805628619,2021-12-17
-28.72,-12.54,0.0,0.1874803764450759,2021-12-18
-19.83,-11.63,0.0,0.1542309724629322,2021-12-19
-21.56,-11.85,0.0,0.1668577302330738,2021-12-20
-19.0,-8.5,0.0,0.213325276750245,2021-12-21
-14.4,-7.56,1.73,0.175039403069059,2021-12-22
-16.25,-4.14,1.58,0.2929576626441565,2021-12-23
-26.2,-14.64,0.0,0.1499293281579991,2021-12-24
-30.29,-23.07,0.9,0.1,2021-12-25
-28.08,-24.35,4.85,0.1,2021-12-26
-34.57,-25.72,0.0,0.1,2021-12-27
-36.42,-27.23,0.0,0.1,2021-12-28
-35.59,-26.59,0.0,0.1,2021-12-29
-38.24,-28.26,0.0,0.1,2021-12-30
-36.04,-28.22,0.0,0.1,2021-12-31
-35.22,-23.94,0.0,0.1,2022-01-01
-26.43,-1.75,0.0,0.3746409275057721,2022-01-02
-17.76,-6.22,5.21,0.2471296036421794,2022-01-03
-23.42,-13.09,1.92,0.1589289844491324,2022-01-04
-32.52,-19.7,0.0,0.1078910383503946,2022-01-05
-35.7,-26.51,0.0,0.1,2022-01-06
-24.44,-7.27,1.63,0.2713579772952413,2022-01-07
-24.78,-15.61,0.0,0.1276211409815169,2022-01-08
-29.67,-18.36,0.0,0.1155323961957116,2022-01-09
-21.76,-0.24,0.0,0.4216256594815364,2022-01-10
-14.06,2.71,0.0,0.4786657767973121,2022-01-11
-2.27,5.18,0.0,0.3439998840347342,2022-01-12
-6.08,4.28,2.99,0.4005316491913404,2022-01-13
-6.69,1.01,0.0,0.297067633210763,2022-01-14
-4.39,4.87,0.0,0.3985673908134751,2022-01-15
-5.06,4.55,0.0,0.404022448319427,2022-01-16
-6.2,3.75,1.02,0.4008184014545176,2022-01-17
-19.36,2.05,0.0,0.4882792630985722,2022-01-18
-27.15,-15.63,0.0,0.1453517660489792,2022-01-19
-23.23,-2.17,1.8,0.3862057831036104,2022-01-20
-9.7,2.74,1.92,0.4399679098836405,2022-01-21
-7.43,4.8,1.21,0.4806632124166839,2022-01-22
-8.8,5.03,0.0,0.5163679256878336,2022-01-23
-11.11,1.39,0.0,0.41858149725876,2022-01-24
-21.57,-4.26,0.0,0.343399153910106,2022-01-25
-10.02,2.38,0.0,0.4402311100411416,2022-01-26
-7.78,1.86,0.0,0.3759629853086206,2022-01-27
-12.5,0.21,0.0,0.4044541102372869,2022-01-28
-10.01,1.45,0.0,0.4100349517234266,2022-01-29
-5.0,4.85,0.0,0.439424771590016,2022-01-30
-12.69,2.6,3.56,0.4718989252165525,2022-01-31
-26.62,-19.15,0.0,0.1,2022-02-01
-33.9,-24.78,0.0,0.1,2022-02-02
-32.0,-21.53,0.0,0.1,2022-02-03
-33.29,-12.06,4.07,0.2024925276474631,2022-02-04
-18.27,-10.82,0.88,0.1714727921234842,2022-02-05
-19.37,0.6,0.0,0.4844075323982831,2022-02-06
-6.1,4.54,0.0,0.4744489958828685,2022-02-07
-4.43,3.31,0.0,0.368766832750502,2022-02-08
-8.33,2.82,1.21,0.4593096122112546,2022-02-09
-10.0,5.34,0.41,0.5959188747210447,2022-02-10
-18.87,-13.73,0.0,0.1150813033798381,2022-02-11
-17.26,-8.15,0.0,0.237895309200835,2022-02-12
-16.24,1.58,0.0,0.5233777595413518,2022-02-13
-19.47,-10.45,1.12,0.2079096435272204,2022-02-14
-15.86,-7.11,1.11,0.2507511360513633,2022-02-15
-25.99,-15.95,0.0,0.1550264702138696,2022-02-16
-28.13,-7.81,1.05,0.3073120979484257,2022-02-17
-21.57,-8.94,0.96,0.2720565917042719,2022-02-18
-18.32,3.19,1.3,0.5965599339234823,2022-02-19
-22.86,-16.52,0.0,0.1180259553396635,2022-02-20
-28.72,-20.11,0.0,0.1112502058508642,2022-02-21
-31.76,-20.68,0.0,0.1195390153590938,2022-02-22
-30.35,-18.37,0.0,0.1465580764354959,2022-02-23
-27.45,-16.74,0.0,0.1603959698076928,2022-02-24
-26.81,-8.34,0.0,0.3140285508601497,2022-02-25
-13.22,-2.86,0.0,0.3758127880807601,2022-02-26
-12.21,-7.95,0.0,0.1567462328291596,2022-02-27
-12.65,-7.83,0.0,0.1761452416550193,2022-02-28
-10.88,-6.95,0.0,0.1590601598328824,2022-03-01
-18.9,-9.27,0.0,0.2636248085298508,2022-03-02
-20.1,-10.22,4.09,0.2312428221071769,2022-03-03
-11.97,-8.36,4.13,0.1284416953095411,2022-03-04
-16.75,-9.49,0.0,0.2279223074603674,2022-03-05
-17.82,-4.32,0.0,0.4168044883993858,2022-03-06
-15.22,1.88,1.14,0.6201023188016427,2022-03-07
-18.0,-8.23,0.0,0.2990242965882208,2022-03-08
-24.17,-15.1,0.0,0.1885676759913045,2022-03-09
-23.86,-13.11,0.0,0.2325954053504955,2022-03-10
-30.81,-10.89,0.0,0.2872232727132337,2022-03-11
-16.02,3.2,0.0,0.7137395021983685,2022-03-12
-13.33,-3.65,0.0,0.3940546417592103,2022-03-13
-11.4,-1.96,0.0,0.4271538515429241,2022-03-14
-8.17,3.09,0.0,0.644608798301196,2022-03-15
-5.63,3.69,0.0,0.5908249695047643,2022-03-16
-7.37,4.82,0.0,0.7609985550634603,2022-03-17
-3.19,5.3,0.0,0.6122630192816879,2022-03-18
-5.41,5.28,0.0,0.7563628935240848,2022-03-19
-2.43,3.53,3.07,0.3782959307811213,2022-03-20
-0.69,4.96,1.56,0.4431749369635425,2022-03-21
-3.13,6.78,0.0,0.8229807113936873,2022-03-22
-2.19,10.98,0.0,1.1703492873085872,2022-03-23
-1.22,6.15,2.63,0.5075262566611687,2022-03-24
-8.14,-0.48,0.0,0.4665015614320691,2022-03-25
-10.17,-3.87,0.0,0.3391104547920009,2022-03-26
-8.28,6.06,0.0,1.0119530965495247,2022-03-27
-2.34,5.53,1.5,0.8216742426991589,2022-03-28
-5.77,1.63,0.0,0.6195144819184498,2022-03-29
-7.71,8.24,0.0,1.2245560808781275,2022-03-30
-1.61,5.56,3.24,0.5709618830314036,2022-03-31
-4.28,4.18,0.0,0.7892045431288615,2022-04-01
-7.33,5.4,0.0,1.0307156805547588,2022-04-02
-3.17,11.12,0.0,1.4158750124775898,2022-04-03
-0.66,15.15,0.0,1.766503509830694,2022-04-04
-0.23,8.1,2.39,0.8198745041956889,2022-04-05
-1.94,6.76,0.78,1.0113402206166051,2022-04-06
-3.19,10.93,0.0,1.48108731329731,2022-04-07
-1.63,18.08,0.0,2.015638360746961,2022-04-08
0.12,12.38,0.0,1.5673221521744731,2022-04-09
-3.99,4.89,0.68,0.9564407406505326,2022-04-10
-8.62,-3.32,0.0,0.351803586562724,2022-04-11
-9.79,-5.03,0.0,0.286071314114928,2022-04-12
-9.51,-3.98,0.0,0.3723516041671952,2022-04-13
-8.04,-2.48,0.0,0.452367845729649,2022-04-14
-8.98,-1.03,0.0,0.6954308791078856,2022-04-15
-8.57,2.48,0.0,1.0178772009442578,2022-04-16
-8.25,4.26,0.0,1.15995923362817,2022-04-17
-8.14,9.26,0.0,1.5094702252487353,2022-04-18
-2.01,4.36,2.28,0.6437338104593244,2022-04-19
-4.77,2.2,0.56,0.7925157648439353,2022-04-20
-8.8,6.27,0.0,1.3250099734662295,2022-04-21
-1.72,3.98,1.42,0.7908895754434148,2022-04-22
0.42,10.7,0.0,1.6234729343915786,2022-04-23
-2.66,11.17,0.0,1.7351095079472194,2022-04-24
-2.95,10.21,0.0,1.6607745618665772,2022-04-25
-2.41,13.96,0.0,1.9107851700827447,2022-04-26
0.91,15.31,0.0,2.0220456497299364,2022-04-27
0.49,18.08,0.0,2.193036448329405,2022-04-28
0.14,16.87,0.0,2.1198301949195257,2022-04-29
0.91,17.77,0.0,2.1822618163094663,2022-04-30
0.42,14.45,0.0,1.959062762024511,2022-05-01
-0.42,18.92,0.0,2.238491800256314,2022-05-02
3.65,19.99,0.0,2.3465398474712513,2022-05-03
0.16,23.94,0.0,2.536732180495662,2022-05-04
8.59,27.56,2.29,2.600237041734283,2022-05-05
9.47,22.91,2.25,2.2885275013852486,2022-05-06
4.71,15.26,5.75,1.5130243903632692,2022-05-07
2.09,14.73,0.0,1.8618355499621615,2022-05-08
-0.13,16.56,0.0,2.0343752654725433,2022-05-09
3.49,13.83,1.9,1.6743195365275856,2022-05-10
-0.63,19.16,0.0,2.187497120464066,2022-05-11
3.21,21.59,0.0,2.3715639267210133,2022-05-12
4.57,12.29,14.07,0.9697974578812802,2022-05-13
3.33,16.99,0.0,1.874616383623758,2022-05-14
2.47,20.48,0.0,2.2440116422887115,2022-05-15
3.99,18.93,1.27,2.071502853875373,2022-05-16
7.23,18.15,3.51,1.4144163063444148,2022-05-17
7.61,15.71,1.23,1.2830612685867515,2022-05-18
1.56,10.99,4.34,0.9291487151093538,2022-05-19
1.4,8.0,0.0,0.7147435320223373,2022-05-20
-1.13,15.0,0.0,1.7968914906812044,2022-05-21
1.1,17.28,0.0,1.9618060432071345,2022-05-22
2.12,22.98,0.0,2.4469979818833725,2022-05-23
4.73,24.78,0.0,2.588834567160361,2022-05-24
5.86,24.64,0.0,2.564481857231315,2022-05-25
5.57,24.04,0.0,2.516239441680227,2022-05-26
6.85,22.6,0.0,2.3318713717522335,2022-05-27
8.69,23.76,0.0,2.3922628420985155,2022-05-28
8.85,20.09,0.0,1.871879953045132,2022-05-29
7.4,17.07,0.0,1.5418664530816637,2022-05-30
3.54,19.0,0.0,2.0969008972874454,2022-05-31
2.12,19.39,0.0,2.181101223118769,2022-06-01
4.98,21.42,0.0,2.3643979267115123,2022-06-02
2.19,23.24,0.0,2.5292096727435327,2022-06-03
3.61,24.95,0.0,2.6524330929219087,2022-06-04
6.69,20.45,0.0,2.243421748252068,2022-06-05
6.32,21.5,0.0,2.3976667774161253,2022-06-06
7.96,22.17,0.0,2.4053946732185105,2022-06-07
7.03,25.12,0.0,2.674828017044615,2022-06-08
11.16,23.66,2.19,1.9474759815734208,2022-06-09
9.96,25.12,2.94,2.2008104052686845,2022-06-10
8.26,23.98,0.0,2.5641379127092394,2022-06-11
8.12,23.81,6.28,2.104923983558609,2022-06-12
10.91,21.86,7.71,1.562355632426347,2022-06-13
8.02,18.74,0.0,1.696617558877608,2022-06-14
6.1,16.32,3.19,1.1890636919811373,2022-06-15
10.46,20.93,0.0,1.770139818736367,2022-06-16
10.59,28.64,0.0,2.8055182112863037,2022-06-17
17.99,31.53,0.0,2.647278229874609,2022-06-18
15.78,21.26,2.1,0.6401095836156206,2022-06-19
14.71,20.42,12.34,0.6586262798692125,2022-06-20
11.64,22.15,0.0,1.750032139008398,2022-06-21
10.98,28.25,4.73,2.204420720575443,2022-06-22
11.0,25.4,8.47,1.8780097532443123,2022-06-23
8.94,18.0,3.77,1.0075607313652346,2022-06-24
9.07,21.55,4.51,1.4906929180113009,2022-06-25
8.86,24.7,0.0,2.2731056488337056,2022-06-26
9.89,22.35,0.0,1.902287028640326,2022-06-27
8.28,22.47,0.0,2.043852680543672,2022-06-28
12.12,24.34,0.0,1.962893290853275,2022-06-29
9.51,22.73,0.0,2.0032412184203388,2022-06-30
6.91,23.28,0.72,2.2324094539853276,2022-07-01
9.58,21.47,0.0,1.8145362826102416,2022-07-02
10.31,23.3,0.0,2.0317857236398975,2022-07-03
12.34,21.08,0.0,1.4330413420888666,2022-07-04
11.56,17.66,3.67,0.6972303913185027,2022-07-05
12.56,23.65,0.0,1.899205754736398,2022-07-06
11.23,23.57,6.17,1.606545663681813,2022-07-07
16.35,31.44,1.71,2.612794716515155,2022-07-08
16.57,29.0,1.51,2.2312978926508533,2022-07-09
13.48,24.84,3.82,1.5026666542404157,2022-07-10
11.18,26.69,0.0,2.343572223034477,2022-07-11
10.75,29.9,0.0,2.6700008357095535,2022-07-12
16.11,32.65,5.27,2.1684501873649116,2022-07-13
14.08,27.64,0.0,2.1683874630430173,2022-07-14
16.39,32.99,0.0,2.6275483831813253,2022-07-15
15.32,35.12,0.0,2.878435393848516,2022-07-16
16.0,29.75,16.73,1.7704506218624314,2022-07-17
14.17,29.17,15.32,1.7670809605181026,2022-07-18
15.96,28.42,5.66,1.4316785446073124,2022-07-19
12.34,24.64,0.0,1.6422857601387897,2022-07-20
10.76,27.75,0.0,2.1407479543281207,2022-07-21
11.41,24.19,0.0,1.6659633608412132,2022-07-22
8.76,21.27,0.0,1.5202173521511435,2022-07-23
7.56,27.99,0.63,2.284463368837552,2022-07-24
14.02,20.8,0.59,0.8723690482490886,2022-07-25
10.21,23.76,0.0,1.686465299940065,2022-07-26
7.77,25.18,0.0,1.994524401676676,2022-07-27
8.01,27.87,0.0,2.2202200575426203,2022-07-28
12.78,33.87,0.0,2.538950664063232,2022-07-29
14.98,23.58,3.37,0.9567055354825438,2022-07-30
13.65,25.93,2.58,1.301533042673924,2022-07-31
14.44,25.75,18.42,1.2219965907321615,2022-08-01
12.77,23.24,1.57,1.2578778652472336,2022-08-02
7.9,24.75,0.0,1.7958652387226255,2022-08-03
12.05,32.66,0.0,2.309910201894947,2022-08-04
8.72,17.77,0.0,0.981245393919257,2022-08-05
5.05,23.14,0.0,1.764112296383646,2022-08-06
12.35,29.52,0.0,1.9760343600355164,2022-08-07
10.99,32.28,0.0,2.295256297458961,2022-08-08
9.12,25.03,0.0,1.685580155161965,2022-08-09
9.27,25.18,0.0,1.6806047083786626,2022-08-10
15.25,25.75,0.0,1.2420794229775345,2022-08-11
11.4,31.07,0.0,2.179366591109475,2022-08-12
15.26,32.5,4.9,1.6911268422316428,2022-08-13
15.14,29.51,0.0,1.6892658517099994,2022-08-14
12.08,29.21,0.0,1.909313285546784,2022-08-15
13.69,33.76,0.0,2.2498540179780204,2022-08-16
15.64,28.6,0.0,1.5019081039154594,2022-08-17
12.3,29.33,0.0,1.8933741314209551,2022-08-18
10.47,29.54,0.0,2.007000013720535,2022-08-19
14.84,32.31,0.0,1.9903907330685984,2022-08-20
12.45,34.22,0.0,2.2916311076011113,2022-08-21
15.82,24.97,0.0,1.0372560094130192,2022-08-22
12.82,26.87,0.0,1.500522659220806,2022-08-23
10.13,27.16,0.0,1.7210721392303332,2022-08-24
10.49,29.23,0.0,1.8852230455597505,2022-08-25
12.09,28.37,4.94,1.4587799525347642,2022-08-26
13.72,30.77,4.44,1.5545940168176098,2022-08-27
12.29,21.42,0.0,0.9530791843268952,2022-08-28
8.66,27.26,0.0,1.7273406126415929,2022-08-29
9.96,32.14,0.0,2.06326894224631,2022-08-30
12.75,35.19,0.0,2.1648332505613292,2022-08-31
13.34,31.49,0.0,1.775163401384421,2022-09-01
5.52,26.6,0.0,1.7362599328589094,2022-09-02
11.23,35.62,0.0,2.2089203897728393,2022-09-03
14.98,34.52,0.0,1.8948374492653104,2022-09-04
11.91,30.81,0.0,1.7322222204891278,2022-09-05
8.29,24.6,0.0,1.4153262009235468,2022-09-06
9.18,34.5,0.0,2.1335035011023047,2022-09-07
6.49,18.91,0.0,1.040280138171653,2022-09-08
3.08,16.65,0.0,1.0316993942847432,2022-09-09
1.44,23.2,0.0,1.5259259460937205,2022-09-10
7.81,32.29,0.0,1.9861240177615949,2022-09-11
8.45,22.6,0.0,1.204571963713604,2022-09-12
7.33,15.54,0.72,0.6861008482174764,2022-09-13
6.94,15.37,0.0,0.6963087152706573,2022-09-14
4.53,17.63,0.0,1.0100893324341378,2022-09-15
9.93,20.26,0.0,0.9109262361934506,2022-09-16
7.43,22.07,0.0,1.1979994956844502,2022-09-17
5.64,22.26,0.0,1.2868339926543146,2022-09-18
7.66,16.52,3.78,0.6737804835763199,2022-09-19
4.74,13.56,0.0,0.6772058375123197,2022-09-20
-0.15,17.04,0.0,1.1196294091206755,2022-09-21
1.73,20.29,0.0,1.263888431018467,2022-09-22
5.48,19.92,0.0,1.0985931988229232,2022-09-23
5.5,21.27,0.0,1.18913404969231,2022-09-24
1.8,21.51,0.0,1.339166051837309,2022-09-25
6.6,22.72,0.0,1.2321146691711853,2022-09-26
5.2,25.04,0.0,1.4552779127384825,2022-09-27
8.0,29.42,0.0,1.665626965918917,2022-09-28
7.28,29.23,0.0,1.662407419886769,2022-09-29
11.26,22.69,0.0,0.964776121524174,2022-09-30
8.08,20.83,0.0,0.9967614929634704,2022-10-01
4.76,20.87,0.0,1.1429692616585532,2022-10-02
6.29,22.2,0.0,1.169532057546616,2022-10-03
6.47,25.74,0.0,1.3898221607876602,2022-10-04
2.24,11.45,0.0,0.6084372486991175,2022-10-05
-5.55,9.91,0.0,0.7766691412209873,2022-10-06
-2.39,19.73,0.0,1.228031772089417,2022-10-07
2.95,22.98,0.0,1.2981993896039348,2022-10-08
2.9,21.92,0.0,1.2271213250905748,2022-10-09
2.78,24.96,0.0,1.4208553420406749,2022-10-10
4.6,15.57,0.0,0.754227737950462,2022-10-11
2.57,11.11,0.0,0.5504945874867263,2022-10-12
0.0,13.75,0.0,0.8108643839239851,2022-10-13
-3.17,14.87,0.49,0.9464599062839144,2022-10-14
-2.72,9.1,0.0,0.6249311105645808,2022-10-15
-4.26,7.64,0.0,0.5896033124997058,2022-10-16
-2.9,16.39,0.0,1.0800964944088445,2022-10-17
0.27,21.3,0.0,1.363395052809502,2022-10-18
1.82,21.02,0.0,1.2921219090882914,2022-10-19
3.14,15.28,0.0,0.7548191582538828,2022-10-20
-0.38,11.95,0.0,0.6826244202766502,2022-10-21
-4.71,11.21,1.77,0.7684191270997034,2022-10-22
-0.37,4.36,7.32,0.2416261041649689,2022-10-23
-2.1,1.32,1.03,0.172064506471199,2022-10-24
-2.55,3.9,0.0,0.3210908890894307,2022-10-25
-4.65,6.86,0.0,0.5372771536299902,2022-10-26
-0.37,11.1,0.0,0.6263471821020551,2022-10-27
-1.15,10.15,0.0,0.5989569795104346,2022-10-28
-2.72,13.06,0.0,0.7901547023618857,2022-10-29
-1.5,14.96,0.0,0.8538461971759901,2022-10-30
-1.01,8.98,0.0,0.5241150471380664,2022-10-31
-0.39,7.65,0.0,0.4287946414102634,2022-11-01
-2.68,1.59,0.72,0.2051243241676659,2022-11-02
-7.96,-1.92,0.0,0.2322959158526266,2022-11-03
-10.09,2.05,1.22,0.4455763803695284,2022-11-04
-5.82,2.26,5.86,0.3333365101871918,2022-11-05
-13.06,-5.42,0.0,0.2340273054264187,2022-11-06
-16.91,-7.4,3.46,0.2266905014014705,2022-11-07
-18.65,-6.06,0.0,0.2934623328781711,2022-11-08
-24.58,-14.95,0.0,0.1494250583299249,2022-11-09
-25.44,-14.64,0.0,0.1599430567818954,2022-11-10
-21.89,-11.3,0.0,0.1964160738624007,2022-11-11
-21.99,-10.93,0.75,0.2041149015984402,2022-11-12
-13.79,-6.51,0.0,0.2101051607098683,2022-11-13
-11.43,-5.81,0.82,0.1808510711980651,2022-11-14
-11.78,-3.89,0.0,0.2536633962228189,2022-11-15
-10.49,-2.6,0.13,0.2708274714556599,2022-11-16
-16.09,-9.79,0.0,0.1579214421055209,2022-11-17
-15.43,-6.31,0.0,0.243149600207041,2022-11-18
-13.23,-4.77,0.0,0.2527942567742877,2022-11-19
-12.38,0.77,0.0,0.4164940824968267,2022-11-20
-11.83,1.39,0.84,0.4286764606350162,2022-11-21
-6.51,1.64,0.0,0.3331314955483082,2022-11-22
-5.93,1.89,0.0,0.3257312824138783,2022-11-23
-7.52,2.95,0.0,0.4069360398543071,2022-11-24
-1.04,6.31,0.0,0.3698920383202265,2022-11-25
-5.28,2.73,0.0,0.3396809361883802,2022-11-26
-5.1,2.17,2.12,0.2962502682381642,2022-11-27
-10.07,-4.86,4.2,0.1664550244283695,2022-11-28
-16.75,-9.65,0.69,0.1676134643622742,2022-11-29
-21.65,-14.92,1.13,0.1165706180262161,2022-11-30
-24.74,-15.67,0.72,0.1308188640428125,2022-12-01
-30.33,-22.47,0.0,0.1,2022-12-02
-25.22,-11.16,0.0,0.2058652050295834,2022-12-03
-15.62,-3.27,0.0,0.3175329842011878,2022-12-04
-25.77,-14.41,0.0,0.1549670955188624,2022-12-05
-34.11,-22.01,0.0,0.1,2022-12-06
-34.57,-10.2,0.0,0.2129405859605653,2022-12-07
-16.5,-6.56,0.0,0.2367050829142541,2022-12-08
-12.74,-2.86,0.0,0.288244456866941,2022-12-09
-18.39,-7.44,0.0,0.2351244178364906,2022-12-10
-10.58,-4.75,1.87,0.1846339818187182,2022-12-11
-12.42,-6.9,2.3,0.1526042725714505,2022-12-12
-16.01,-11.62,0.0,0.1016830981662055,2022-12-13
-17.63,-8.29,0.0,0.2063731949114662,2022-12-14
-17.11,-10.11,0.0,0.1556415823417399,2022-12-15
-21.15,-14.18,0.0,0.120553475462876,2022-12-16
-21.02,-14.69,0.0,0.1094689315552719,2022-12-17
-26.13,-20.43,0.0,0.1,2022-12-18
-29.79,-23.94,1.66,0.1,2022-12-19
-35.19,-27.37,0.0,0.1,2022-12-20
-33.51,-26.67,0.75,0.1,2022-12-21
-31.78,-24.58,0.0,0.1,2022-12-22
-35.45,-21.69,0.0,0.1,2022-12-23
-24.25,-13.55,7.19,0.1530859162370879,2022-12-24
-16.6,-10.87,1.64,0.130531390008082,2022-12-25
-15.13,-3.27,0.0,0.307447839982655,2022-12-26
-12.89,-5.79,8.35,0.1945232369963662,2022-12-27
-16.74,-11.24,1.43,0.1239764408784835,2022-12-28
-15.66,-10.71,0.0,0.1186831248164233,2022-12-29
-17.72,-9.83,0.0,0.1726196122793791,2022-12-30
-20.32,-12.36,0.0,0.1490947577121976,2022-12-31
-20.68,-7.64,0.0,0.2467663011678206,2023-01-01
-16.3,-6.4,0.0,0.2368590447942404,2023-01-02
-15.65,-6.09,0.0,0.2366962981310549,2023-01-03
-19.39,-9.59,0.0,0.1960115786131404,2023-01-04
-19.86,-10.77,0.0,0.1758298537590791,2023-01-05
-17.61,-8.05,0.0,0.2129242935316565,2023-01-06
-15.07,-5.21,0.0,0.2545257873660091,2023-01-07
-15.57,-5.51,0.0,0.253709761477809,2023-01-08
-15.45,-6.02,0.0,0.2389674635547685,2023-01-09
-17.23,-10.06,0.0,0.1617681140943924,2023-01-10
-14.61,-9.3,0.0,0.137455787212129,2023-01-11
-15.09,-8.55,0.0,0.1668233156821363,2023-01-12
-14.74,-6.29,0.0,0.2238118713862061,2023-01-13
-12.94,-6.81,0.0,0.1766469941736424,2023-01-14
-9.31,-7.17,0.0,0.1,2023-01-15
-9.77,-6.92,0.0,0.1,2023-01-16
-11.2,-8.29,0.0,0.1,2023-01-17
-8.58,-4.08,0.39,0.1662881304135023,2023-01-18
-9.46,-3.86,0.0,0.2005518826468994,2023-01-19
-14.6,-5.08,0.0,0.266909024109996,2023-01-20
-13.42,-2.06,0.0,0.3497339377949947,2023-01-21
-7.92,1.42,0.67,0.4025119325567574,2023-01-22
-12.91,-1.24,0.41,0.3882823023363656,2023-01-23
-11.85,-3.83,0.0,0.2634956331429505,2023-01-24
-8.3,-1.18,2.65,0.26418906855901,2023-01-25
-8.04,3.81,1.09,0.5790223400597327,2023-01-26
-20.5,-5.25,0.0,0.3307032123418497,2023-01-27
-24.99,-18.23,0.0,0.1011285699651367,2023-01-28
-26.81,-19.33,0.0,0.1,2023-01-29
-27.18,-18.49,0.0,0.1150046640845967,2023-01-30
-24.9,-14.92,0.26,0.1577873414395308,2023-01-31
-25.16,-13.52,0.26,0.1840278540238659,2023-02-01
-30.87,-18.64,0.0,0.1303053530803956,2023-02-02
-19.97,-4.56,0.0,0.3807777896543435,2023-02-03
-8.77,-1.55,0.47,0.3379634351053639,2023-02-04
-10.6,0.76,0.0,0.5467608348792076,2023-02-05
-5.34,1.49,0.0,0.4253963986983999,2023-02-06
-6.13,2.51,0.0,0.5663074096034626,2023-02-07
-10.16,-0.56,0.0,0.4930157591013772,2023-02-08
-14.72,-3.45,0.0,0.4287629551021951,2023-02-09
-10.5,4.29,0.0,0.7700271078241384,2023-02-10
-6.84,0.98,0.0,0.5017278196571309,2023-02-11
-7.95,0.93,0.0,0.5545769818707641,2023-02-12
-4.97,2.96,0.0,0.6047641712541315,2023-02-13
-17.86,-4.53,0.0,0.4343968181770531,2023-02-14
-18.43,-11.56,0.0,0.1735610959798395,2023-02-15
-21.57,-3.24,0.0,0.480344341583803,2023-02-16
-9.72,-1.0,0.0,0.4956424827400977,2023-02-17
-13.36,-5.08,0.0,0.3500559335339486,2023-02-18
-14.09,-9.01,1.9,0.165061449836796,2023-02-19
-22.96,-12.48,0.0,0.2213581477492549,2023-02-20
-28.68,-19.53,0.0,0.1225426166456246,2023-02-21
-32.71,-26.03,0.0,0.1,2023-02-22
-31.21,-21.63,0.0,0.1086286962639107,2023-02-23
-31.59,-19.94,0.0,0.1319137449223825,2023-02-24
-29.43,-13.15,0.0,0.2428171619607207,2023-02-25
-19.4,-6.38,0.0,0.4367838311614505,2023-02-26
-16.52,-7.68,0.0,0.3474025814961293,2023-02-27
-22.47,-11.74,0.0,0.2699672527798752,2023-02-28
-22.27,-7.46,0.0,0.4143191303932303,2023-03-01
-13.67,-0.49,0.0,0.7082357073494274,2023-03-02
-11.18,-1.23,0.0,0.6445311171168483,2023-03-03
-15.9,-6.55,0.0,0.4232383619000538,2023-03-04
-22.35,-11.89,0.0,0.2845062381527186,2023-03-05
-26.28,-14.53,0.0,0.2337982661393931,2023-03-06
-19.32,-12.89,0.0,0.1866073765101388,2023-03-07
-20.08,-14.12,0.0,0.1535962709175569,2023-03-08
-20.8,-11.29,0.0,0.3063477276871527,2023-03-09
-15.4,-7.03,1.27,0.4257924238308943,2023-03-10
-13.75,-6.68,0.64,0.4028249266194414,2023-03-11
-20.48,-8.67,0.0,0.4312656870836104,2023-03-12
-18.04,-4.47,0.0,0.6086017409753022,2023-03-13
-12.15,-0.75,1.44,0.7998899005927655,2023-03-14
-16.8,-4.61,0.0,0.6128754161379346,2023-03-15
-17.23,-7.2,0.0,0.4908493301285277,2023-03-16
-22.12,-8.64,0.0,0.4548620412977856,2023-03-17
-19.76,-1.67,0.0,0.7305243891122924,2023-03-18
-15.25,-3.71,0.0,0.6777751893313627,2023-03-19
-12.39,-5.78,0.0,0.462858567406763,2023-03-20
-15.36,-6.98,0.0,0.4888235365292087,2023-03-21
-17.13,-6.94,0.0,0.5334556094978004,2023-03-22
-15.43,1.34,0.0,0.9272749529250272,2023-03-23
-14.87,-4.13,0.0,0.6753469198060091,2023-03-24
-19.95,-4.19,0.0,0.6691582018909669,2023-03-25
-15.61,-6.94,0.0,0.5164829944121251,2023-03-26
-20.69,-9.82,0.0,0.4444816842829034,2023-03-27
-22.5,-7.24,0.0,0.5500141527315487,2023-03-28
-18.47,-1.82,0.0,0.7952135844740389,2023-03-29
-11.49,-1.54,0.0,0.8412656335691935,2023-03-30
-14.53,-0.2,0.0,0.9111500519926125,2023-03-31
-10.64,1.46,0.0,1.0191646911476588,2023-04-01
-9.05,-3.69,1.85,0.5374553218468013,2023-04-02
-14.24,-8.21,0.0,0.4106881261290334,2023-04-03
-19.56,-6.79,0.0,0.6171291767691626,2023-04-04
-22.31,-5.25,0.0,0.6571734344359814,2023-04-05
-20.25,-4.02,0.0,0.7251500318374171,2023-04-06
-14.02,1.32,0.0,0.9999323131353072,2023-04-07
-5.66,5.47,0.0,1.2587930426497984,2023-04-08
-1.1,7.07,0.0,1.319704666377532,2023-04-09
2.23,8.52,0.0,1.351043425518574,2023-04-10
0.62,8.78,0.0,1.4226112714105337,2023-04-11
-0.48,8.93,0.0,1.461835250837887,2023-04-12
-2.9,8.66,0.0,1.472717945816778,2023-04-13
-0.71,10.16,0.0,1.5183562601497338,2023-04-14
-2.6,13.02,0.0,1.6941597482856814,2023-04-15
-1.16,15.33,0.0,1.8413200488930108,2023-04-16
2.84,16.62,0.0,1.9439953719197445,2023-04-17
-0.45,6.57,5.4,1.067954710753357,2023-04-18
-3.88,0.33,6.12,0.454400585388015,2023-04-19
-4.2,-1.03,0.51,0.3360948853962882,2023-04-20
-4.92,2.88,0.0,1.0374326432888814,2023-04-21
-3.89,7.58,0.0,1.4139332236797135,2023-04-22
-5.16,9.94,0.0,1.5486159816904124,2023-04-23
-1.53,11.06,0.0,1.6386332704715088,2023-04-24
2.26,16.41,1.2,1.9868035214403916,2023-04-25
1.23,14.93,0.0,1.893473895105943,2023-04-26
1.18,11.14,0.0,1.6308704344568803,2023-04-27
-0.73,18.73,0.0,2.1143021358026033,2023-04-28
-1.29,15.95,0.0,1.954165676282491,2023-04-29
-2.15,16.04,0.0,1.9515286448196236,2023-04-30
-0.16,20.21,0.0,2.21518722589996,2023-05-01
3.64,26.53,0.0,2.623491431862818,2023-05-02
6.2,26.63,0.0,2.6620015654417473,2023-05-03
5.83,27.07,0.0,2.687119533211709,2023-05-04
4.45,19.55,0.0,2.206242225339171,2023-05-05
4.47,17.76,0.0,2.0808547126065178,2023-05-06
7.36,18.93,0.0,2.130575753204179,2023-05-07
7.36,19.77,0.0,2.204399815631459,2023-05-08
3.62,20.86,0.0,2.315178242992437,2023-05-09
6.6,21.86,0.0,2.373242072039554,2023-05-10
5.32,22.28,0.0,2.4087818566787993,2023-05-11
8.53,19.41,0.0,2.129606184937305,2023-05-12
4.71,24.72,0.0,2.573016875912472,2023-05-13
6.37,26.82,0.0,2.714128515896442,2023-05-14
10.19,28.14,0.0,2.7989370835672314,2023-05-15
9.94,30.77,0.0,2.9798844220239977,2023-05-16
5.97,16.25,0.0,1.9192839191214612,2023-05-17
3.55,16.66,0.0,2.0078527232096706,2023-05-18
1.14,26.33,0.0,2.6353626968158173,2023-05-19
10.3,25.57,0.0,2.5874500401555336,2023-05-20
6.77,24.24,0.0,2.531211125891844,2023-05-21
11.75,30.73,2.43,2.7109441897553936,2023-05-22
11.54,23.47,0.81,2.3649441910691644,2023-05-23
9.49,20.97,13.58,2.049551831860728,2023-05-24
12.13,16.23,1.52,0.8897515836994835,2023-05-25
10.59,19.86,0.0,2.0596231466537183,2023-05-26
8.21,18.56,3.42,1.7157853274107533,2023-05-27
12.82,21.79,0.0,2.0987764002452587,2023-05-28
10.04,26.87,0.0,2.7392675593846483,2023-05-29
10.72,28.79,0.0,2.880368025538853,2023-05-30
11.64,31.18,0.0,3.0483680767914487,2023-05-31
14.36,27.87,0.0,2.732973900092781,2023-06-01
13.06,23.29,0.0,2.3534971739562,2023-06-02
16.37,26.53,15.12,2.200404449759442,2023-06-03
15.36,30.76,0.0,2.987386730850064,2023-06-04
17.28,33.19,0.0,3.134099150725684,2023-06-05
15.77,27.39,0.0,2.595223763098165,2023-06-06
12.27,28.94,0.0,2.911065128232063,2023-06-07
13.36,29.84,0.0,2.964230831570041,2023-06-08
11.04,25.29,0.0,2.6389936217092695,2023-06-09
9.79,24.69,0.0,2.6210018558353023,2023-06-10
10.83,28.59,0.0,2.9105001399810857,2023-06-11
12.64,30.73,0.0,3.051164442135361,2023-06-12
12.96,30.69,0.0,3.0468164949658787,2023-06-13
13.22,29.91,0.0,2.983713899612642,2023-06-14
10.14,19.37,0.0,1.9043901571363304,2023-06-15
7.07,25.14,0.0,2.699384385729883,2023-06-16
12.37,22.25,0.0,2.1643677757713258,2023-06-17
8.03,24.9,20.21,2.3992473088840636,2023-06-18
10.18,22.8,0.0,2.228206936394959,2023-06-19
8.68,22.45,0.0,2.299799856700373,2023-06-20
8.48,20.04,0.0,1.983686345319204,2023-06-21
6.65,23.87,0.0,2.5543193793693315,2023-06-22
8.27,26.63,0.0,2.778658282774545,2023-06-23
9.38,27.35,0.0,2.8020790327796505,2023-06-24
11.51,29.9,7.08,2.484743901376529,2023-06-25
12.06,26.3,0.0,2.4346505533803993,2023-06-26
11.63,27.83,0.0,2.6468812070807077,2023-06-27
11.81,24.67,0.0,2.206363592381127,2023-06-28
11.24,27.73,0.0,2.66310077966318,2023-06-29
13.35,29.76,0.0,2.7912659795254244,2023-06-30
14.32,32.06,0.0,2.994015904832505,2023-07-01
12.13,22.56,0.0,1.822439317708848,2023-07-02
10.26,20.37,3.6,1.3006870810862008,2023-07-03
7.82,18.96,0.0,1.684811275441617,2023-07-04
5.17,23.79,0.0,2.431718548752144,2023-07-05
8.44,25.82,0.0,2.5293133734572733,2023-07-06
8.25,24.45,0.0,2.3813134852820874,2023-07-07
8.53,27.73,0.0,2.709045649738381,2023-07-08
11.53,29.97,0.0,2.825233838193727,2023-07-09
8.93,22.98,0.0,2.1320008605292045,2023-07-10
9.01,21.91,0.0,1.9803480469160055,2023-07-11
9.14,24.69,0.0,2.3442561928897483,2023-07-12
11.34,25.65,0.0,2.3213589678495192,2023-07-13
11.02,21.1,0.0,1.641416052579323,2023-07-14
8.57,23.73,0.0,2.249609171313165,2023-07-15
7.66,22.9,0.0,2.2002844943263673,2023-07-16
8.0,26.63,3.3,2.138276292520847,2023-07-17
12.92,19.62,7.04,0.7292442320118397,2023-07-18
12.98,24.1,0.0,1.9059418294346369,2023-07-19
10.84,26.65,0.0,2.466012504722391,2023-07-20
11.28,28.53,0.0,2.641079485718252,2023-07-21
11.59,28.66,3.85,2.1707217821630547,2023-07-22
13.55,30.03,0.0,2.636351173423511,2023-07-23
15.63,33.76,0.0,2.9274847936580906,2023-07-24
18.05,33.33,0.0,2.7132451308132444,2023-07-25
12.1,26.09,0.0,2.228708148991494,2023-07-26
9.51,20.41,0.0,1.6288755781969146,2023-07-27
8.4,21.45,0.0,1.8840838816913268,2023-07-28
5.91,23.67,0.0,2.263786464907279,2023-07-29
7.69,29.54,0.0,2.732318756948195,2023-07-30
15.27,32.79,0.0,2.784814946939179,2023-07-31
11.88,31.55,0.0,2.7858723743373415,2023-08-01
12.25,30.49,0.0,2.645965486809807,2023-08-02
13.21,36.47,0.0,3.126559986051002,2023-08-03
13.51,27.42,0.0,2.1498151153124936,2023-08-04
9.22,26.87,0.0,2.359778634937955,2023-08-05
9.18,27.5,0.0,2.4122059149884536,2023-08-06
9.57,27.72,0.0,2.408692671193741,2023-08-07
8.83,23.95,0.0,2.022938803850491,2023-08-08
11.0,19.94,7.51,0.9098559363631148,2023-08-09
12.13,23.88,6.74,1.2965761080720002,2023-08-10
12.17,21.16,0.0,1.138190254313217,2023-08-11
9.41,24.2,3.81,1.5205216230347711,2023-08-12
9.72,26.03,0.0,2.019481699346,2023-08-13
12.14,33.46,0.0,2.6154840664884085,2023-08-14
14.36,29.82,6.17,1.701261926425658,2023-08-15
11.48,22.92,0.0,1.3917001370038804,2023-08-16
8.28,30.87,0.0,2.427202797888671,2023-08-17
14.24,24.59,0.0,1.2596303001075086,2023-08-18
8.22,20.35,0.0,1.3193421414490285,2023-08-19
3.62,22.38,2.15,1.5093411942771395,2023-08-20
12.64,19.12,12.74,0.6310058545362145,2023-08-21
13.24,16.68,6.55,0.3487549157232523,2023-08-22
13.41,22.45,0.0,1.0036826855678689,2023-08-23
10.35,22.54,0.0,1.3903796699376516,2023-08-24
10.21,21.36,0.0,1.2359728181388074,2023-08-25
9.15,29.17,0.0,2.165856050590559,2023-08-26
11.0,27.59,0.0,1.9076415529700963,2023-08-27
10.27,30.71,0.0,2.221137971402986,2023-08-28
12.1,31.95,0.0,2.2383054350825886,2023-08-29
14.81,28.49,0.0,1.6690892132201196,2023-08-30
12.91,21.09,6.49,0.7816417768792863,2023-08-31
12.9,27.08,0.0,1.623529046287969,2023-09-01
12.76,28.11,0.0,1.8490590038748187,2023-09-02
8.06,29.53,0.0,2.171605721785841,2023-09-03
8.86,20.51,0.0,1.2239015602417866,2023-09-04
1.74,17.34,0.0,1.337626608551555,2023-09-05
8.49,23.43,0.07,1.574448029604773,2023-09-06
7.27,20.59,2.02,1.079154071725653,2023-09-07
3.14,22.45,0.0,1.6653741966549254,2023-09-08
7.08,24.3,0.0,1.662135072183503,2023-09-09
7.11,24.48,0.0,1.6542618004358232,2023-09-10
6.83,21.79,0.0,1.397308235472924,2023-09-11
8.17,27.91,0.0,1.8716659056777043,2023-09-12
10.85,23.13,0.0,1.2191779322599614,2023-09-13
7.23,19.18,0.0,1.057246900286751,2023-09-14
5.07,22.13,0.0,1.468068303979752,2023-09-15
6.31,29.36,0.0,1.973563128284292,2023-09-16
7.29,31.1,0.0,2.1708551842493025,2023-09-17
9.37,27.07,0.0,1.7693200855855085,2023-09-18
5.76,18.67,0.0,1.1352162365495764,2023-09-19
4.6,20.26,0.0,1.3384776554090771,2023-09-20
2.65,21.85,0.0,1.5195445968095962,2023-09-21
4.0,23.16,0.0,1.5601444818789874,2023-09-22
9.07,21.66,0.0,1.1165070577383909,2023-09-23
10.6,23.83,0.0,1.2744410353578846,2023-09-24
6.81,26.31,0.0,1.7168050615079586,2023-09-25
12.88,29.37,0.0,1.670348251292877,2023-09-26
10.34,23.93,0.0,1.2671984330217942,2023-09-27
6.0,19.86,0.0,1.1375065105895166,2023-09-28
2.26,18.51,0.0,1.193024129904408,2023-09-29
1.69,11.28,14.59,0.5877674137731008,2023-09-30
7.12,9.6,5.71,0.1838072466727437,2023-10-01
6.4,13.24,1.7,0.520170046320962,2023-10-02
4.65,16.45,0.0,0.8518810337322523,2023-10-03
2.49,13.82,1.69,0.7641918387335164,2023-10-04
-0.36,8.6,0.0,0.5472349441609432,2023-10-05
-4.6,11.45,0.0,0.8407664994225521,2023-10-06
3.74,21.62,0.0,1.203935994712488,2023-10-07
3.21,22.58,0.0,1.2723768909888034,2023-10-08
3.72,21.78,0.0,1.2010862422690043,2023-10-09
3.46,20.44,0.0,1.12143612867157,2023-10-10
4.24,16.63,0.0,0.8449980332698234,2023-10-11
2.95,10.11,0.0,0.4704681735901377,2023-10-12
-0.86,12.52,0.0,0.7732681654219186,2023-10-13
0.25,12.36,0.0,0.7227503601667978,2023-10-14
-0.63,15.26,0.0,0.9130634331822348,2023-10-15
1.14,17.87,0.0,1.00890433883209,2023-10-16
7.59,19.13,0.0,0.8430967732671009,2023-10-17
2.26,15.64,0.0,0.8383245017405292,2023-10-18
3.22,21.56,0.0,1.1497976175099918,2023-10-19
4.13,15.64,0.0,0.7565349629925626,2023-10-20
-2.91,10.84,0.0,0.7148589746630412,2023-10-21
0.62,10.97,0.0,0.6073327241835382,2023-10-22
-3.94,2.09,1.76,0.293880542613844,2023-10-23
-11.26,-3.79,2.1,0.250416190051535,2023-10-24
-15.5,-4.72,0.0,0.3163224046700766,2023-10-25
-12.36,-3.31,0.0,0.3096221286790822,2023-10-26
-7.61,-2.44,0.54,0.2171001234713759,2023-10-27
-11.9,-2.94,0.45,0.3120122838366377,2023-10-28
-9.38,-0.4,0.0,0.3529844755029326,2023-10-29
-13.41,-3.73,0.0,0.3102361167138488,2023-10-30
-13.01,1.75,0.0,0.4906727149510286,2023-10-31
-8.43,-0.12,0.0,0.332581743410378,2023-11-01
-6.57,3.85,0.0,0.4549591228265618,2023-11-02
-4.37,1.59,0.0,0.2800300247900213,2023-11-03
-4.93,3.17,2.73,0.3522987221627447,2023-11-04
0.03,1.97,0.72,0.1071328112175988,2023-11-05
0.46,2.88,0.0,0.1340913686496568,2023-11-06
0.16,2.8,2.22,0.1376156115510293,2023-11-07
-0.76,4.03,0.8,0.2547659980979515,2023-11-08
-5.17,0.12,0.0,0.2347206005827519,2023-11-09
-7.3,2.56,0.0,0.4024761323786336,2023-11-10
-3.02,7.72,0.0,0.5199628394238476,2023-11-11
-2.8,8.85,0.0,0.5657280868228028,2023-11-12
-4.21,8.44,0.0,0.5785746635442349,2023-11-13
-2.53,7.73,0.0,0.5003857757492669,2023-11-14
-5.83,6.39,0.0,0.5212849634627362,2023-11-15
-9.64,3.88,0.0,0.486732089203147,2023-11-16
-3.91,11.45,0.0,0.6967194506497603,2023-11-17
-2.98,13.2,0.0,0.7555996669861889,2023-11-18
-1.72,11.32,0.0,0.6395386647903639,2023-11-19
-4.05,5.83,0.0,0.4441083092521641,2023-11-20
-9.67,5.2,0.0,0.5265417967855728,2023-11-21
-10.95,-1.79,0.0,0.2990301981925982,2023-11-22
-18.06,-7.02,0.0,0.247039573371555,2023-11-23
-12.43,1.73,0.0,0.4350201846535921,2023-11-24
-9.0,1.1,0.0,0.3594448243728787,2023-11-25
-15.17,-5.05,0.0,0.2620574173241301,2023-11-26
-8.43,1.1,0.0,0.3446541016275272,2023-11-27
-5.13,6.12,0.0,0.4698548897911649,2023-11-28
-6.08,3.17,0.0,0.369177085155364,2023-11-29
-9.38,-0.74,0.0,0.2957642550236455,2023-11-30
-14.71,-0.84,0.0,0.3721866808573539,2023-12-01
-13.05,-1.76,0.0,0.3247238876848816,2023-12-02
-14.73,-0.44,0.0,0.3824647260701824,2023-12-03
-10.37,0.6,0.0,0.3577660722879315,2023-12-04
-9.57,5.78,0.0,0.5269202861695778,2023-12-05
-4.4,6.05,0.33,0.4390145732138055,2023-12-06
-0.51,3.48,1.64,0.1910921406131901,2023-12-07
-6.47,0.11,0.0,0.2481837740686199,2023-12-08
-9.83,-1.24,0.0,0.279751821183425,2023-12-09
-8.49,0.62,0.0,0.3171620852358196,2023-12-10
-12.31,-1.89,0.0,0.3031405081622521,2023-12-11
-14.22,-0.02,0.0,0.384319648797607,2023-12-12
-7.17,7.29,0.0,0.5432571903536911,2023-12-13
-4.51,6.45,0.0,0.4538492598369374,2023-12-14
-5.18,4.28,0.0,0.3790797078772191,2023-12-15
-4.48,4.24,0.0,0.3589899176733488,2023-12-16
-10.85,1.2,0.0,0.3792164080671861,2023-12-17
-11.46,0.87,0.0,0.3774211009609299,2023-12-18
-5.06,-1.52,0.0,0.1391181786283347,2023-12-19
-6.37,3.37,0.0,0.3725151631972344,2023-12-20
-7.88,2.51,0.0,0.3730767866267124,2023-12-21
-6.96,7.91,0.0,0.5633858238404226,2023-12-22
-5.44,2.99,0.0,0.3341547538543816,2023-12-23
-12.41,-0.35,0.0,0.3525282016164912,2023-12-24
-11.48,2.58,0.0,0.4347636731760363,2023-12-25
-9.78,6.13,0.0,0.5364116032996988,2023-12-26
-8.69,5.33,0.0,0.4925094555234443,2023-12-27
-8.22,7.77,0.0,0.5775911203699888,2023-12-28
-9.02,1.77,0.0,0.3690183228736948,2023-12-29
-13.61,-0.08,0.0,0.3761121394832529,2023-12-30
-9.65,2.67,0.0,0.4128528782600108,2023-12-31
